[13531.808756] MESSAGE_B= 0 0 0 16 8 1 192 64 248 179 0 1441 2086 1466 2083 1783 2003 1711 1923 300 263 286 262 403 461 379 435 0 1 251 237 233 244 43 10 27 1 0 0 2 2 2 2 2 2 
[13531.944229] 
[13531.945743] MESSAGE_B= 0 0 0 16 11 1 192 64 248 179 0 1453 2078 1467 2079 1767 1988 1711 1918 305 269 287 265 403 461 376 434 0 1 251 238 223 246 31 13 24 3 0 0 2 2 2 2 2 2 
[13532.082234] 
[13532.083753] MESSAGE_B= 0 0 0 16 16 1 192 64 248 179 0 1441 2087 1467 2088 1716 1890 1704 1870 300 270 285 267 428 442 401 439 0 1 252 242 229 249 40 38 25 14 0 0 2 2 2 2 2 2 
[13532.220229] 
[13532.221743] MESSAGE_B= 0 0 0 16 9 1 192 64 248 179 0 1389 2099 1412 2100 1653 1842 1664 1823 305 279 286 264 487 445 427 418 0 1 250 237 241 237 45 41 36 22 0 0 2 2 2 2 2 2 
[13532.358235] 
[13532.359751] MESSAGE_B= 0 0 0 16 8 1 192 64 248 179 0 1360 2120 1388 2110 1597 1732 1614 1724 303 275 282 264 478 478 421 462 0 1 250 237 242 236 29 63 35 29 0 0 2 2 2 2 2 2 
[13532.496235] 
[13532.497748] MESSAGE_B= 0 0 0 16 8 1 192 64 248 179 0 1341 2116 1373 2107 1605 1776 1614 1778 293 281 274 271 465 468 393 443 0 1 251 239 239 233 20 56 31 2 0 0 2 2 2 2 2 2 
[13532.633252] 
[13532.634816] MESSAGE_B= 0 0 0 16 8 1 192 64 248 179 0 1324 2106 1360 2096 1568 1847 1574 1844 295 278 275 258 444 487 367 450 0 1 253 237 240 235 5 18 33 0 0 0 2 2 2 2 2 2 
[13532.771234] 
[13532.772749] MESSAGE_B= 0 4 0 16 8 1 192 64 248 179 0 1306 2119 1342 2111 1454 1826 1510 1817 290 270 278 250 381 454 320 434 0 1 253 229 228 242 7 37 56 14 0 0 0 2 2 2 2 2 
[13532.909239] 
[13532.910753] MESSAGE_B= 0 4 0 16 9 1 192 64 248 179 0 1283 2095 1316 2105 1495 1809 1500 1794 286 265 277 253 472 464 316 427 0 1 251 232 222 229 73 19 19 2 0 0 0 2 2 2 0 2 
[13533.046263] 
[13533.047778] MESSAGE_B= 0 4 0 16 8 1 192 64 248 179 0 1249 2097 1279 2113 1452 1847 1476 1847 288 253 269 246 454 433 323 406 0 1 252 232 220 231 63 45 8 1 0 0 0 2 2 2 0 2 
[13533.183230] 
[13533.184745] MESSAGE_B= 0 4 0 16 11 1 192 64 248 179 0 1207 2092 1242 2108 1391 1859 1410 1827 280 253 261 251 382 455 302 437 0 1 253 233 216 247 35 30 11 38 0 0 0 2 2 2 0 2 
[13533.321236] 
[13533.322752] MESSAGE_B= 0 4 4 16 8 1 192 64 248 179 0 1171 2079 1204 2092 1397 1876 1403 1890 272 256 261 245 390 483 310 465 0 1 253 236 224 244 27 1 45 11 0 0 0 2 2 2 0 2 
[13533.459232] 
[13533.460747] MESSAGE_B= 0 4 4 16 10 1 192 64 248 179 0 1130 2094 1174 2089 1348 1979 1377 1931 273 243 257 235 354 451 306 408 0 1 253 236 232 242 24 37 18 39 0 0 0 2 2 2 0 2 
[13533.597234] 
[13533.598755] MESSAGE_B= 0 4 4 16 9 1 192 64 248 179 0 1096 2112 1145 2095 1304 1956 1366 1926 272 235 257 246 340 400 293 377 0 1 254 237 236 242 27 42 16 34 0 0 0 2 2 2 0 2 
[13533.735234] 
[13533.736751] MESSAGE_B= 0 4 4 16 7 1 192 64 248 179 0 1060 2119 1101 2107 1255 1942 1333 1911 267 226 254 240 313 348 274 331 0 1 254 234 239 242 41 25 12 27 0 0 0 2 0 2 0 2 
[13533.873233] 
[13533.874753] MESSAGE_B= 0 4 4 16 12 1 192 64 248 179 0 1096 2144 1143 2106 1465 1947 1479 1901 294 231 270 217 277 259 272 257 0 31 254 242 255 255 62 40 54 44 0 0 0 0 0 0 0 0 
[13534.011236] 
[13534.012752] MESSAGE_B= 0 4 4 16 10 2 192 64 248 179 0 1037 2105 1098 2060 1399 1941 1417 1894 288 215 266 211 269 262 263 252 0 31 254 239 255 255 29 33 17 25 0 0 0 0 0 0 0 0 
[13534.149234] 
[13534.150753] MESSAGE_B= 0 4 4 16 12 2 192 64 248 179 0 1000 2045 1065 2002 1325 1933 1350 1887 274 209 256 205 270 259 265 246 0 31 254 240 255 255 12 19 19 4 0 0 0 0 0 0 0 0 
[13534.287234] 
[13534.288751] MESSAGE_B= 0 4 4 16 12 2 192 64 248 179 0 958 1942 1037 1905 1230 1925 1261 1883 257 209 246 195 280 257 278 251 0 31 255 242 255 255 45 6 56 10 0 0 0 0 0 0 0 0 
[13534.425234] 
[13534.426749] MESSAGE_B= 0 4 4 16 11 2 192 64 248 179 0 950 1846 1022 1822 1156 1917 1192 1878 256 212 243 202 292 256 283 249 0 31 255 240 255 254 64 30 63 33 0 0 0 0 0 0 0 0 
[13534.563229] 
[13534.564743] MESSAGE_B= 0 4 4 16 10 3 192 64 248 179 0 937 1740 1016 1705 1079 1912 1118 1873 248 207 234 193 294 259 287 256 0 31 254 240 255 254 64 51 64 44 0 0 0 0 0 0 0 0 
[13534.701235] 
[13534.702751] MESSAGE_B= 0 4 4 16 10 3 192 64 248 179 0 927 1586 1003 1560 991 1880 1038 1839 247 217 235 194 279 258 272 249 0 31 254 245 255 255 69 75 63 72 0 0 0 0 0 0 0 0 
[13534.839230] 
[13534.840744] MESSAGE_B= 0 4 4 16 10 2 192 64 248 179 0 917 1460 990 1444 930 1833 987 1791 250 223 240 203 273 263 267 255 0 31 255 247 255 255 62 105 55 82 0 0 0 0 0 0 0 0 
[13534.977231] 
[13534.978776] MESSAGE_B= 0 4 4 16 10 2 192 64 248 179 0 913 1323 986 1309 904 1722 965 1684 249 235 239 220 277 251 270 241 0 31 255 249 255 255 55 105 50 88 0 0 0 0 0 0 0 0 
[13535.114230] 
[13535.115751] MESSAGE_B= 0 4 4 16 14 2 192 64 248 179 0 931 1271 995 1194 1358 1771 1314 1822 261 415 241 291 874 259 769 249 0 2 253 244 249 232 47 127 33 71 0 0 2 0 2 0 2 0 
[13535.252236] 
[13535.253750] MESSAGE_B= 0 4 4 16 15 2 192 64 248 179 0 897 1168 966 1107 1344 1735 1284 1748 261 432 248 276 875 267 733 263 0 2 254 240 249 228 53 139 24 85 0 0 2 0 2 0 2 0 
[13535.390235] 
[13535.391756] MESSAGE_B= 0 4 4 16 16 2 192 64 248 179 0 877 1122 947 1077 1326 1690 1258 1650 268 393 252 245 867 280 710 260 0 2 254 238 250 232 66 149 23 115 0 0 2 0 2 0 2 0 
[13535.528230] 
[13535.529744] MESSAGE_B= 0 4 4 16 14 1 192 64 248 179 0 863 1097 939 1058 1312 1652 1226 1567 264 363 247 216 853 300 655 271 0 2 253 237 253 237 76 151 15 119 0 0 2 0 2 0 2 0 
[13535.666233] 
[13535.667748] MESSAGE_B= 0 4 4 16 16 1 192 64 248 179 0 852 1081 938 1046 856 1600 874 1559 270 341 254 198 230 311 181 301 0 2 253 237 222 235 62 161 12 126 0 0 2 0 2 0 2 2 
[13535.804235] 
[13535.805749] MESSAGE_B= 0 4 4 16 16 1 192 64 248 179 0 850 1082 931 1037 854 1586 863 1520 269 344 249 191 258 342 191 318 0 2 254 235 212 225 56 182 6 128 0 0 2 0 2 0 2 2 
[13535.941235] 
[13535.942802] MESSAGE_B= 0 4 4 16 19 1 192 64 248 179 0 848 1068 929 1036 847 1543 853 1472 263 329 243 177 248 357 187 358 0 2 254 234 217 213 65 185 3 106 0 0 2 0 2 0 0 2 
[13536.078231] 
[13536.079745] MESSAGE_B= 0 4 4 16 14 1 192 64 248 179 0 868 1100 942 1045 842 1546 859 1435 257 326 239 171 236 390 185 361 0 2 253 229 219 213 43 180 12 89 0 0 2 0 2 0 0 2 
[13536.215234] 
[13536.216754] MESSAGE_B= 0 4 4 16 15 1 192 64 248 179 0 894 1134 966 1068 881 1614 875 1495 249 320 235 170 199 413 173 364 0 2 254 225 231 229 34 181 24 83 0 0 2 0 2 0 0 2 
[13536.352230] 
[13536.353746] MESSAGE_B= 0 4 4 16 15 1 192 64 248 179 0 941 1197 1005 1127 925 1711 911 1577 243 336 225 192 184 442 166 386 0 2 254 234 236 237 18 181 13 95 0 0 2 0 2 0 0 2 
[13536.489233] 
[13536.490790] MESSAGE_B= 0 4 4 16 14 1 192 64 248 179 0 982 1251 1046 1185 948 1765 955 1638 238 350 224 205 175 471 165 420 0 2 254 234 236 245 3 169 16 107 0 0 2 0 2 0 0 0 
[13536.627233] 
[13536.628747] MESSAGE_B= 0 4 4 16 12 2 192 64 248 179 0 1016 1297 1083 1240 961 1809 970 1651 229 363 213 228 163 505 158 445 0 2 254 243 242 246 15 175 31 122 0 0 2 0 2 0 0 2 
[13536.765334] 
[13536.766856] MESSAGE_B= 0 4 4 16 13 2 192 64 248 179 0 1060 1359 1124 1286 986 1888 1014 1728 217 373 208 216 161 539 155 465 0 2 254 239 244 241 30 176 48 112 0 0 0 0 2 0 0 2 
[13536.903229] 
[13536.904747] MESSAGE_B= 0 4 4 16 12 1 192 64 248 179 0 1106 1406 1170 1345 1022 1945 1052 1787 212 370 204 232 168 551 162 504 0 2 253 238 244 245 36 172 49 98 0 0 0 0 2 2 0 2 
[13537.041240] 
[13537.042756] MESSAGE_B= 0 4 4 16 12 2 192 64 248 179 0 1155 1482 1218 1427 1070 2034 1104 1847 204 386 199 251 180 562 168 504 0 2 254 240 243 238 56 182 48 107 0 0 0 0 2 0 0 2 
[13537.179231] 
[13537.180749] MESSAGE_B= 0 4 4 16 13 1 192 64 248 179 0 1206 1452 1277 1474 1063 1549 1133 1560 200 233 195 212 161 300 163 286 0 31 254 249 255 254 48 109 43 92 0 0 0 0 0 0 0 0 
[13537.317234] 
[13537.318749] MESSAGE_B= 0 4 4 16 13 1 192 64 248 179 0 1263 1534 1333 1550 1129 1643 1195 1648 200 248 187 226 169 313 174 301 0 31 255 248 255 255 35 129 28 106 0 0 0 0 0 0 0 0 
[13537.455233] 
[13537.456749] MESSAGE_B= 0 4 4 16 3 0 192 64 248 179 0 1867 1883 1761 1768 2356 2408 2274 2257 507 371 498 377 598 706 553 639 0 2 254 253 250 246 121 168 145 179 0 0 0 2 2 2 2 2 
[13537.593233] 
[13537.594750] MESSAGE_B= 0 4 4 16 3 0 192 64 248 179 0 1893 1861 1784 1745 2324 2452 2235 2282 511 370 507 376 568 696 524 646 0 2 254 252 245 246 102 169 133 157 0 0 0 0 2 2 2 2 
[13537.731228] 
[13537.732752] MESSAGE_B= 0 4 4 16 4 0 192 64 248 179 0 1871 1848 1768 1729 2246 2433 2211 2290 520 368 512 371 671 611 597 531 0 2 254 252 245 238 101 123 142 152 0 0 0 0 2 2 2 2 
[13537.869237] 
[13537.870752] MESSAGE_B= 0 4 4 16 3 0 192 64 248 179 0 1867 1832 1754 1704 2389 2443 2275 2316 497 328 489 327 655 564 585 507 0 2 254 252 249 246 128 127 154 162 0 0 0 0 2 2 2 2 
[13538.007236] 
[13538.008755] MESSAGE_B= 0 4 4 16 4 0 192 64 248 179 0 1869 1869 1759 1747 2459 2400 2272 2289 476 366 467 366 582 570 496 503 0 2 254 252 242 242 127 107 147 123 0 0 0 0 2 2 2 2 
[13538.145235] 
[13538.146748] MESSAGE_B= 0 4 4 16 3 0 192 64 248 179 0 1873 1918 1764 1807 2441 2420 2284 2304 454 363 448 364 587 592 530 543 0 2 254 252 251 245 129 120 137 131 0 0 0 0 2 2 2 2 
[13538.283237] 
[13538.284753] MESSAGE_B= 0 4 4 16 3 0 192 64 248 179 0 1913 1981 1805 1872 2446 2439 2288 2338 487 383 475 387 626 611 561 567 0 2 255 252 250 250 169 105 146 125 0 0 0 0 2 2 2 2 
[13538.421232] 
[13538.422774] MESSAGE_B= 0 4 4 16 3 1 192 64 248 179 0 1905 2021 1799 1915 2486 2406 2337 2306 488 393 459 388 655 586 591 550 0 2 255 252 245 249 165 111 155 119 0 0 0 0 2 2 2 2 
[13538.559230] 
[13538.560745] MESSAGE_B= 0 4 4 16 3 1 192 64 248 179 0 1911 2032 1814 1934 2581 2415 2382 2315 448 440 422 432 674 600 614 567 0 2 254 253 247 248 144 114 136 123 0 0 0 0 2 2 2 2 
[13538.697233] 
[13538.698755] MESSAGE_B= 0 4 4 16 3 1 192 64 248 179 0 1885 1984 1809 1887 2497 2466 2323 2355 456 444 432 425 674 679 611 658 0 2 254 252 249 252 166 128 153 127 0 0 0 0 2 2 2 2 
[13538.835230] 
[13538.836744] MESSAGE_B= 0 4 4 16 4 1 192 64 248 179 0 1848 1934 1770 1836 2567 2581 2393 2473 443 451 427 435 670 720 621 687 0 2 254 253 244 251 172 154 168 160 0 0 0 0 2 2 2 2 
[13538.973230] 
[13538.974750] MESSAGE_B= 0 4 4 16 5 1 192 64 248 179 0 1876 1863 1789 1770 2623 2613 2441 2470 497 432 480 418 750 826 691 783 0 2 254 253 244 249 150 136 130 134 0 0 2 0 2 2 2 2 
[13539.111230] 
[13539.112744] MESSAGE_B= 0 4 4 16 4 1 192 64 248 179 0 1800 1785 1722 1690 2393 2455 2231 2322 430 314 399 300 624 658 541 608 0 2 254 251 238 250 156 163 135 162 0 0 2 0 2 2 2 2 
[13539.249241] 
[13539.250758] MESSAGE_B= 0 4 4 16 5 1 192 64 248 179 0 1685 1675 1597 1587 1985 2074 1871 1973 208 142 210 139 536 578 463 536 0 2 248 233 243 251 141 112 99 83 0 0 2 0 2 2 2 2 
[13539.387233] 
[13539.388748] MESSAGE_B= 0 4 4 16 3 0 192 64 248 179 0 1656 1610 1583 1520 2040 2086 1948 1995 181 137 186 146 379 401 361 372 0 31 247 240 254 253 102 20 89 27 0 0 0 0 0 0 0 0 
[13539.525230] 
[13539.526745] MESSAGE_B= 0 4 4 16 5 1 192 64 248 179 0 1645 1587 1548 1483 2036 2074 1945 1990 184 135 185 140 388 418 370 385 0 31 247 239 255 251 80 58 95 34 0 0 0 0 0 0 0 0 
[13539.663235] 
[13539.664750] MESSAGE_B= 0 4 4 16 4 2 192 64 248 179 0 1666 1596 1568 1488 2095 2077 1999 1985 181 155 188 147 345 420 330 390 0 31 247 245 254 250 32 100 31 85 0 0 0 0 0 0 0 0 
[13539.801234] 
[13539.802750] MESSAGE_B= 0 4 4 16 4 4 192 64 248 179 0 1663 1626 1563 1508 2070 2071 1977 1985 216 142 212 139 376 434 361 404 0 31 250 242 254 251 10 121 12 120 0 0 0 0 0 0 0 0 
[13539.939233] 
[13539.940748] MESSAGE_B= 0 4 4 16 3 2 192 64 248 179 0 1671 1577 1569 1469 2045 2070 1953 1982 208 120 209 108 367 448 356 411 0 31 250 242 254 251 21 132 26 124 0 0 0 0 0 0 0 0 
[13540.077234] 
[13540.078749] MESSAGE_B= 0 4 4 16 4 1 192 64 248 179 0 1664 1571 1566 1466 2022 2057 1937 1967 201 124 206 115 373 453 350 424 0 31 249 241 255 250 48 102 46 116 0 0 0 0 0 0 0 0 
[13540.215234] 
[13540.216754] MESSAGE_B= 0 4 4 16 4 1 192 64 248 179 0 1625 1588 1530 1471 2021 2019 1937 1936 201 133 207 133 383 463 367 433 0 31 251 245 254 249 16 89 9 108 0 0 0 0 0 0 0 0 
[13540.353232] 
[13540.354771] MESSAGE_B= 0 4 4 16 4 1 192 64 248 179 0 1632 1585 1541 1466 1997 2003 1902 1921 188 131 189 139 370 464 358 437 0 31 252 247 254 248 60 71 60 87 0 0 0 0 0 0 0 0 
[13540.491295] 
[13540.492811] MESSAGE_B= 0 4 4 16 4 1 192 64 248 179 0 1629 1572 1545 1465 1977 1990 1895 1906 196 129 197 123 378 471 365 444 0 31 250 240 253 248 63 28 49 44 0 0 0 0 0 0 0 0 
[13540.629233] 
[13540.630774] MESSAGE_B= 0 4 4 16 5 1 192 64 248 179 0 1597 1576 1512 1466 1961 1972 1881 1894 200 121 193 125 414 476 398 444 0 31 252 241 253 246 47 53 45 47 0 0 0 0 0 0 0 0 
[13540.767234] 
[13540.768749] MESSAGE_B= 0 4 4 16 4 0 192 64 248 179 0 1582 1587 1489 1482 1964 1958 1873 1877 198 125 211 128 398 479 385 451 0 31 253 245 252 247 50 41 40 54 0 0 0 0 0 0 0 0 
[13540.905233] 
[13540.906747] MESSAGE_B= 0 4 4 16 5 1 192 64 248 179 0 1618 1610 1518 1494 1939 1947 1854 1870 197 118 206 124 424 488 405 457 0 31 250 241 254 248 43 66 42 69 0 0 0 0 0 0 0 0 
[13541.043229] 
[13541.044744] MESSAGE_B= 0 4 4 16 4 0 192 64 248 179 0 1598 1618 1499 1503 1916 1956 1833 1873 212 119 216 125 408 482 388 453 0 31 252 241 254 247 11 62 1 65 0 0 0 0 0 0 0 0 
[13541.181233] 
[13541.182756] MESSAGE_B= 0 4 4 16 5 1 192 64 248 179 0 1569 1630 1468 1505 1930 1956 1845 1875 240 119 236 126 396 484 378 456 0 31 252 242 254 248 79 61 76 70 0 0 0 0 0 0 0 0 
[13541.319237] 
[13541.320751] MESSAGE_B= 0 4 4 16 5 1 192 64 248 179 0 1579 1613 1488 1491 1894 1941 1808 1856 262 114 268 123 420 473 399 449 0 31 252 233 255 250 60 54 53 70 0 0 0 0 0 0 0 0 
[13541.457234] 
[13541.458754] MESSAGE_B= 0 4 4 16 5 1 192 64 248 179 0 1541 1621 1452 1503 1870 1949 1794 1870 276 129 272 134 432 481 407 451 0 31 252 242 254 249 76 67 66 73 0 0 0 0 0 0 0 0 
[13541.595230] 
[13541.596745] MESSAGE_B= 0 4 4 16 5 1 192 64 248 179 0 1553 1631 1457 1507 1882 1956 1807 1884 288 130 285 140 432 466 412 441 0 31 253 242 254 247 75 109 64 104 0 0 0 0 0 0 0 0 
[13541.733233] 
[13541.734748] MESSAGE_B= 0 4 4 16 4 0 192 64 248 179 0 1528 1603 1433 1476 1873 1933 1797 1862 271 142 267 148 446 482 428 454 0 31 252 241 253 247 56 100 39 98 0 0 0 0 0 0 0 0 
[13541.871233] 
[13541.872749] MESSAGE_B= 0 4 4 16 5 1 192 64 248 179 0 1591 1617 1484 1501 1857 1916 1781 1841 249 128 245 128 448 494 433 459 0 31 252 234 254 246 47 69 30 113 0 0 0 0 0 0 0 0 
[13542.009234] 
[13542.010752] MESSAGE_B= 0 4 4 16 3 1 192 64 248 179 0 1679 1623 1572 1519 1892 1915 1808 1848 253 142 260 131 421 540 404 504 0 31 253 239 254 247 56 9 49 28 0 0 0 0 0 0 0 0 
[13542.147233] 
[13542.148753] MESSAGE_B= 0 4 4 16 3 1 192 64 248 179 0 1678 1639 1578 1559 1921 1894 1829 1830 231 173 245 169 413 538 404 505 0 31 251 247 253 244 47 27 37 5 0 0 0 0 0 0 0 0 
[13542.285232] 
[13542.286746] MESSAGE_B= 0 4 4 16 6 1 192 64 248 179 0 1234 1482 1308 1548 1325 1518 1395 1545 239 162 225 152 189 209 193 208 0 31 254 248 255 255 22 2 17 7 0 0 0 0 0 0 0 0 
[13542.423235] 
[13542.424756] MESSAGE_B= 0 4 4 16 5 1 192 64 248 179 0 1248 1500 1326 1561 1337 1527 1404 1552 246 158 230 153 189 205 195 213 0 31 255 249 255 255 33 0 23 18 0 0 0 0 0 0 0 0 
[13542.561234] 
[13542.562750] MESSAGE_B= 0 4 4 16 6 1 192 64 248 179 0 1266 1518 1351 1577 1351 1540 1418 1564 247 158 234 161 193 206 195 214 0 31 254 248 255 255 41 3 34 27 0 0 0 0 0 0 0 0 
[13542.699231] 
[13542.700749] MESSAGE_B= 0 4 4 16 4 1 192 64 248 179 0 1287 1531 1366 1587 1364 1552 1429 1574 244 164 238 160 189 214 196 210 0 31 253 248 255 255 37 19 36 22 0 0 0 0 0 0 0 0 
[13542.837230] 
[13542.838745] MESSAGE_B= 0 4 4 16 5 1 192 64 248 179 0 1306 1535 1374 1587 1371 1559 1434 1582 236 164 233 157 189 212 197 210 0 31 254 248 255 255 47 16 42 15 0 0 0 0 0 0 0 0 
[13542.975234] 
[13542.976748] MESSAGE_B= 0 4 4 16 4 1 192 64 248 179 0 1325 1546 1391 1598 1377 1572 1442 1593 229 163 225 158 190 210 198 216 0 31 253 248 255 255 40 11 47 26 0 0 0 0 0 0 0 0 
[13543.113229] 
[13543.114748] MESSAGE_B= 0 4 4 16 5 1 192 64 248 179 0 1333 1540 1403 1596 1381 1615 1456 1631 228 169 222 158 192 292 204 279 0 2 254 250 255 249 37 22 45 31 0 0 0 2 0 2 0 2 
[13543.251230] 
[13543.252744] MESSAGE_B= 0 4 4 16 6 1 192 64 248 179 0 1337 1542 1412 1599 1393 1636 1466 1628 229 161 216 159 195 284 203 274 0 2 254 245 254 247 37 28 45 11 0 0 0 2 2 2 0 2 
[13543.389231] 
[13543.390750] MESSAGE_B= 0 4 4 16 9 1 192 64 248 179 0 1334 1544 1404 1592 1402 1630 1471 1636 233 153 221 148 193 223 198 217 0 31 253 246 255 255 35 1 35 4 0 0 0 0 0 0 0 0 
[13543.526238] 
[13543.527797] MESSAGE_B= 0 4 4 16 9 1 192 64 248 179 0 1330 1543 1404 1594 1403 1632 1471 1638 238 151 218 154 191 221 198 220 0 31 255 244 255 255 37 1 33 19 0 0 0 0 0 0 0 0 
[13543.664235] 
[13543.665758] MESSAGE_B= 0 4 4 16 8 1 192 64 248 179 0 1338 1545 1406 1598 1402 1629 1470 1636 234 158 215 149 188 219 200 215 0 31 254 245 255 255 25 11 31 10 0 0 0 0 0 0 0 0 
[13543.802237] 
[13543.803752] MESSAGE_B= 0 4 4 16 8 1 192 64 248 179 0 1336 1549 1408 1599 1401 1614 1466 1625 232 149 221 156 185 215 200 215 0 31 254 244 255 255 34 0 42 17 0 0 0 0 0 0 0 0 
[13543.940233] 
[13543.941753] MESSAGE_B= 0 4 4 16 7 1 192 64 248 179 0 1322 1545 1399 1599 1398 1604 1464 1618 239 153 225 153 185 215 197 212 0 31 254 243 255 255 37 8 37 13 0 0 0 0 0 0 0 0 
[13544.078239] 
[13544.079754] MESSAGE_B= 0 4 4 16 7 1 192 64 248 179 0 1318 1541 1385 1590 1386 1591 1453 1608 237 149 230 156 189 214 193 213 0 2 255 246 255 255 32 2 32 13 0 0 0 0 0 0 0 0 
[13544.216234] 
[13544.217749] MESSAGE_B= 0 4 4 16 6 1 192 64 248 179 0 1317 1541 1388 1596 1388 1595 1455 1610 235 150 233 151 189 214 197 218 0 31 253 244 255 255 25 1 28 20 0 0 0 0 0 0 0 0 
[13544.354232] 
[13544.355746] MESSAGE_B= 0 4 4 16 7 1 192 64 248 179 0 1322 1546 1397 1599 1386 1593 1455 1611 232 156 225 153 188 217 201 215 0 31 254 249 255 255 20 0 28 1 0 0 0 0 0 0 0 0 
[13544.492234] 
[13544.493749] MESSAGE_B= 0 4 4 16 7 1 192 64 248 179 0 1328 1555 1399 1604 1383 1590 1451 1610 234 157 224 154 188 219 197 217 0 31 253 249 255 255 17 5 22 7 0 0 0 0 0 0 0 0 
[13544.629230] 
[13544.630768] MESSAGE_B= 0 4 4 16 7 1 192 64 248 179 0 1325 1549 1401 1598 1380 1588 1448 1609 227 160 217 157 193 218 202 215 0 2 253 248 255 255 20 1 22 4 0 0 0 0 0 0 0 0 
[13544.766231] 
[13544.767747] MESSAGE_B= 0 4 4 16 7 1 192 64 248 179 0 1329 1545 1402 1600 1389 1618 1456 1609 231 163 218 157 192 302 198 286 0 2 254 249 255 250 14 16 16 25 0 0 0 2 0 2 0 2 
[13544.904231] 
[13544.905746] MESSAGE_B= 0 4 4 16 8 1 192 64 248 179 0 1331 1553 1406 1603 1378 1584 1447 1606 228 156 210 152 193 215 195 219 0 2 253 249 255 255 24 15 18 4 0 0 0 0 0 0 0 0 
[13545.042238] 
[13545.043758] MESSAGE_B= 0 4 4 16 8 1 192 64 248 179 0 1329 1546 1406 1606 1383 1610 1452 1601 219 164 208 152 194 300 199 285 0 2 253 248 255 251 13 13 10 17 0 0 0 0 0 2 0 2 
[13545.180233] 
[13545.181754] MESSAGE_B= 0 4 4 16 7 1 192 64 248 179 0 1335 1556 1401 1611 1375 1624 1445 1603 216 158 199 157 193 320 201 284 0 31 253 247 255 248 15 40 11 23 0 0 0 0 0 2 0 2 
[13545.318236] 
[13545.319751] MESSAGE_B= 0 4 4 16 8 1 192 64 248 179 0 1313 1549 1387 1603 1355 1581 1426 1600 212 155 198 146 192 217 203 215 0 31 254 248 255 255 5 4 10 5 0 0 0 0 0 0 0 0 
[13545.455231] 
[13545.456746] MESSAGE_B= 0 4 4 16 8 1 192 64 248 179 0 1314 1554 1391 1605 1353 1592 1426 1608 218 155 205 150 191 219 200 216 0 31 253 250 255 255 6 15 9 15 0 0 0 0 0 0 0 0 
[13545.593231] 
[13545.594746] MESSAGE_B= 0 4 4 16 8 1 192 64 248 179 0 1317 1555 1392 1606 1352 1598 1424 1613 225 146 209 150 189 225 204 222 0 31 253 247 255 255 5 5 21 24 0 0 0 0 0 0 0 0 
[13545.731235] 
[13545.732757] MESSAGE_B= 0 4 4 16 9 1 192 64 248 179 0 1320 1555 1394 1603 1351 1604 1423 1617 224 154 211 145 194 222 202 220 0 31 253 249 255 255 5 13 12 15 0 0 0 0 0 0 0 0 
[13545.869236] 
[13545.870749] MESSAGE_B= 0 4 4 16 9 1 192 64 248 179 0 1320 1558 1397 1608 1351 1609 1423 1623 221 152 209 142 191 222 200 226 0 31 253 251 255 255 3 7 7 18 0 0 0 0 0 0 0 0 
[13546.006234] 
[13546.007753] MESSAGE_B= 0 4 4 16 8 1 192 64 248 179 0 1318 1558 1394 1607 1350 1611 1422 1625 219 148 208 141 191 226 202 221 0 31 252 247 255 255 7 0 7 0 0 0 0 0 0 0 0 0 
[13546.143230] 
[13546.144787] MESSAGE_B= 0 4 4 16 9 1 192 64 248 179 0 1323 1559 1396 1608 1351 1613 1422 1628 221 149 204 145 191 225 204 221 0 31 252 247 255 255 3 1 5 1 0 0 0 0 0 0 0 0 
[13546.280240] 
[13546.280262] MESSAGE_B= 0 4 4 16 9 1 192 64 248 179 0 1321 1563 1396 1612 1353 1616 1425 1630 220 149 202 145 193 224 201 227 0 31 253 248 255 255 3 3 1 10 0 0 0 0 0 0 0 0 
[13546.401233] 
[13546.402749] MESSAGE_B= 0 4 4 16 9 2 192 64 248 179 0 1321 1561 1394 1612 1354 1617 1425 1631 222 153 205 142 189 228 200 223 0 31 254 250 255 255 4 7 1 0 0 0 0 0 0 0 0 0 
[13546.538231] 
[13546.539788] MESSAGE_B= 0 4 4 16 9 1 192 64 248 179 0 1315 1556 1387 1601 1345 1613 1418 1626 225 150 207 148 189 229 198 221 0 31 253 249 255 254 2 3 5 7 0 0 0 0 0 0 0 0 
[13546.675236] 
[13546.676798] MESSAGE_B= 0 4 4 16 10 1 192 64 248 179 0 1312 1557 1388 1605 1350 1620 1422 1631 227 154 210 140 190 229 199 226 0 31 254 248 255 255 4 2 2 1 0 0 0 0 0 0 0 0 
[13546.812231] 
[13546.813789] MESSAGE_B= 0 4 4 16 9 2 192 64 248 179 0 1311 1556 1387 1603 1351 1623 1423 1636 227 147 212 143 190 233 198 228 0 31 254 250 255 254 6 4 0 3 0 0 0 0 0 0 0 0 
[13546.949233] 
[13546.950795] MESSAGE_B= 0 4 4 16 8 1 192 64 248 179 0 1315 1565 1392 1608 1354 1627 1425 1641 228 154 209 140 188 231 201 226 0 31 254 251 255 255 6 0 0 4 0 0 0 0 0 0 0 0 
[13547.086286] 
[13547.087849] MESSAGE_B= 0 4 4 16 8 1 192 64 248 179 0 1324 1569 1403 1615 1354 1634 1426 1646 225 155 210 141 191 233 201 226 0 31 254 250 255 255 5 4 3 0 0 0 0 0 0 0 0 0 
[13547.223231] 
[13547.224796] MESSAGE_B= 0 4 4 16 9 1 192 64 248 179 0 1327 1566 1398 1612 1355 1637 1426 1649 222 149 208 146 190 236 203 233 0 31 253 248 255 255 10 4 1 10 0 0 0 0 0 0 0 0 
[13547.361240] 
[13547.362758] MESSAGE_B= 0 4 4 16 9 1 192 64 248 179 0 1330 1573 1401 1617 1354 1642 1427 1654 226 149 212 150 193 241 202 230 0 31 253 247 255 255 2 5 1 14 0 0 0 0 0 0 0 0 
[13547.498234] 
[13547.499754] MESSAGE_B= 0 4 4 16 10 1 192 64 248 179 0 1323 1570 1402 1617 1354 1647 1427 1659 228 149 210 151 197 236 201 232 0 31 254 246 255 255 0 11 3 14 0 0 0 0 0 0 0 0 
[13547.636233] 
[13547.637749] MESSAGE_B= 0 4 4 16 10 1 192 64 248 179 0 1314 1556 1386 1608 1348 1638 1417 1652 228 156 210 138 194 238 205 232 0 31 255 250 255 255 0 0 10 1 0 0 0 0 0 0 0 0 
[13547.774241] 
[13547.775757] MESSAGE_B= 0 4 4 16 10 1 192 64 248 179 0 1313 1561 1388 1611 1348 1644 1418 1655 231 149 209 147 193 239 201 234 0 31 254 249 255 255 0 8 0 12 0 0 0 0 0 0 0 0 
[13547.912233] 
[13547.913749] MESSAGE_B= 0 4 4 16 10 1 192 64 248 179 0 1315 1565 1389 1611 1350 1645 1420 1658 229 148 210 147 194 243 201 236 0 31 253 248 255 255 3 3 1 18 0 0 0 0 0 0 0 0 
[13548.050239] 
[13548.051756] MESSAGE_B= 0 4 4 16 9 1 192 64 248 179 0 1323 1572 1396 1619 1352 1654 1423 1663 232 148 218 147 193 241 199 239 0 31 253 245 255 255 1 2 4 27 0 0 0 0 0 0 0 0 
[13548.187230] 
[13548.188746] MESSAGE_B= 0 4 4 16 10 1 192 64 248 179 0 1322 1575 1399 1624 1353 1662 1423 1671 236 150 218 139 191 243 204 237 0 31 254 246 255 255 1 6 10 15 0 0 0 0 0 0 0 0 
[13548.325235] 
[13548.326752] MESSAGE_B= 0 4 4 16 9 1 192 64 248 179 0 1324 1574 1397 1623 1354 1670 1426 1679 231 152 221 143 195 251 200 240 0 31 254 247 255 255 3 9 2 14 0 0 0 0 0 0 0 0 
[13548.462232] 
[13548.463792] MESSAGE_B= 0 4 4 16 10 1 192 64 248 179 0 1326 1577 1402 1626 1357 1681 1429 1689 230 155 218 148 194 250 201 243 0 31 254 245 255 255 6 8 3 25 0 0 0 0 0 0 0 0 
[13548.600239] 
[13548.601755] MESSAGE_B= 0 4 4 16 12 1 192 64 248 179 0 1335 1579 1411 1630 1356 1686 1428 1695 227 151 216 151 197 252 207 246 0 31 254 247 255 255 6 6 5 31 0 0 0 0 0 0 0 0 
[13548.738237] 
[13548.739751] MESSAGE_B= 0 4 4 16 10 1 192 64 248 179 0 1332 1581 1407 1628 1355 1692 1428 1702 231 150 219 143 193 259 206 250 0 31 254 248 255 255 2 15 5 26 0 0 0 0 0 0 0 0 
[13548.876232] 
[13548.877748] MESSAGE_B= 0 4 4 16 12 1 192 64 248 179 0 1328 1570 1398 1618 1346 1688 1422 1698 236 159 214 142 191 254 198 250 0 31 255 250 255 255 1 12 5 24 0 0 0 0 0 0 0 0 
[13549.014244] 
[13549.015770] MESSAGE_B= 0 4 4 16 10 1 192 64 248 179 0 1324 1570 1395 1622 1350 1693 1425 1703 236 155 214 149 194 253 198 249 0 31 255 246 255 255 2 6 7 30 0 0 0 0 0 0 0 0 
[13549.152230] 
[13549.153746] MESSAGE_B= 0 4 4 16 10 1 192 64 248 179 0 1327 1577 1400 1625 1352 1690 1425 1699 231 158 214 145 190 259 204 251 0 31 254 248 255 255 2 21 3 32 0 0 0 0 0 0 0 0 
[13549.290237] 
[13549.291758] MESSAGE_B= 0 4 4 16 10 1 192 64 248 179 0 1326 1574 1399 1624 1353 1690 1426 1699 234 154 216 143 195 252 204 251 0 31 255 245 255 255 1 6 2 27 0 0 0 0 0 0 0 0 
[13549.428238] 
[13549.429753] MESSAGE_B= 0 4 4 16 11 1 192 64 248 179 0 1326 1573 1398 1622 1352 1688 1426 1698 228 154 210 148 195 257 202 247 0 31 255 248 255 255 4 16 4 28 0 0 0 0 0 0 0 0 
[13549.566237] 
[13549.567753] MESSAGE_B= 0 4 4 16 11 1 192 64 248 179 0 1330 1578 1405 1628 1355 1695 1428 1704 228 148 213 147 195 260 206 250 0 31 255 246 255 255 6 9 2 28 0 0 0 0 0 0 0 0 
[13549.704238] 
[13549.705754] MESSAGE_B= 0 4 4 16 10 1 192 64 248 179 0 1332 1578 1405 1629 1356 1704 1429 1714 224 158 214 153 192 260 201 251 0 31 254 247 255 255 9 13 2 31 0 0 0 0 0 0 0 0 
[13549.842236] 
[13549.843752] MESSAGE_B= 0 4 4 16 9 1 192 64 248 179 0 1333 1579 1406 1629 1357 1713 1430 1722 228 151 214 145 190 262 200 254 0 31 255 247 255 255 8 3 3 20 0 0 0 0 0 0 0 0 
[13549.979235] 
[13549.980797] MESSAGE_B= 0 4 4 16 9 1 192 64 248 179 0 1337 1585 1412 1630 1358 1719 1430 1728 227 155 213 144 194 267 200 261 0 31 255 249 255 255 0 10 2 26 0 0 0 0 0 0 0 0 
[13550.117233] 
[13550.118752] MESSAGE_B= 0 4 4 16 8 1 192 64 248 179 0 1327 1577 1403 1621 1350 1723 1423 1730 225 156 216 148 191 267 206 260 0 31 254 247 255 255 6 3 2 23 0 0 0 0 0 0 0 0 
[13550.254234] 
[13550.255752] MESSAGE_B= 0 4 4 16 10 2 192 64 248 179 0 1329 1577 1406 1624 1353 1732 1427 1740 227 153 216 154 192 274 203 264 0 31 254 246 255 255 4 0 1 28 0 0 0 0 0 0 0 0 
[13550.391236] 
[13550.392752] MESSAGE_B= 0 4 4 16 10 2 192 64 248 179 0 1334 1580 1412 1628 1356 1741 1430 1748 225 159 216 145 194 276 202 266 0 31 255 247 255 255 0 2 1 15 0 0 0 0 0 0 0 0 
[13550.529235] 
[13550.530751] MESSAGE_B= 0 4 4 16 9 2 192 64 248 179 0 1338 1587 1412 1633 1355 1752 1431 1760 224 150 217 150 198 280 204 267 0 31 255 245 255 255 2 10 5 13 0 0 0 0 0 0 0 0 
[13550.666232] 
[13550.667748] MESSAGE_B= 0 4 4 16 9 2 192 64 248 179 0 1344 1588 1420 1639 1359 1769 1432 1775 223 155 215 149 195 284 204 277 0 31 254 245 255 255 1 18 7 18 0 0 0 0 0 0 0 0 
[13550.803265] 
[13550.804781] MESSAGE_B= 0 4 4 16 9 2 192 64 248 179 0 1353 1595 1427 1645 1361 1780 1435 1788 225 154 215 149 194 287 207 275 0 31 255 244 255 255 2 18 14 10 0 0 0 0 0 0 0 0 
[13550.941235] 
[13550.942753] MESSAGE_B= 0 4 4 16 9 2 192 64 248 179 0 1347 1594 1424 1642 1361 1780 1435 1786 222 152 214 143 200 288 203 275 0 31 253 241 255 255 4 10 7 7 0 0 0 0 0 0 0 0 
[13551.078237] 
[13551.079758] MESSAGE_B= 0 4 4 16 9 2 192 64 248 179 0 1347 1594 1422 1643 1362 1783 1436 1788 228 158 211 150 197 288 209 276 0 31 254 244 255 255 5 12 11 12 0 0 0 0 0 0 0 0 
[13551.216239] 
[13551.217754] MESSAGE_B= 0 4 4 16 10 2 192 64 248 179 0 1345 1593 1419 1644 1362 1783 1436 1790 225 164 215 146 201 287 204 278 0 31 253 244 255 255 7 15 10 4 0 0 0 0 0 0 0 0 
[13551.354240] 
[13551.355757] MESSAGE_B= 0 4 4 16 10 1 192 64 248 179 0 1340 1585 1413 1634 1355 1776 1428 1782 223 162 214 143 193 288 210 276 0 31 254 249 255 255 1 21 15 4 0 0 0 0 0 0 0 0 
[13551.492235] 
[13551.493755] MESSAGE_B= 0 4 4 16 10 2 192 64 248 179 0 1351 1595 1425 1643 1357 1780 1431 1788 225 161 214 145 196 291 204 276 0 31 254 247 255 255 12 9 16 6 0 0 0 0 0 0 0 0 
[13551.630233] 
[13551.631797] MESSAGE_B= 0 4 4 16 9 2 192 64 248 179 0 1347 1593 1421 1642 1355 1779 1429 1786 223 152 213 140 198 287 208 279 0 31 255 244 255 255 9 18 17 8 0 0 0 0 0 0 0 0 
[13551.768239] 
[13551.769754] MESSAGE_B= 0 4 4 16 10 2 192 64 248 179 0 1358 1599 1431 1647 1357 1781 1431 1788 223 155 210 139 198 286 205 278 0 31 255 246 255 255 13 19 13 4 0 0 0 0 0 0 0 0 
[13551.906237] 
[13551.907760] MESSAGE_B= 0 4 4 16 10 2 192 64 248 179 0 1360 1602 1433 1649 1360 1786 1434 1794 222 159 213 151 199 289 208 278 0 31 254 244 255 255 13 14 19 11 0 0 0 0 0 0 0 0 
[13552.044233] 
[13552.045751] MESSAGE_B= 0 4 4 16 10 2 192 64 248 179 0 1354 1600 1427 1645 1361 1800 1435 1806 218 153 205 145 200 292 211 286 0 31 255 246 255 255 5 34 11 0 0 0 0 0 0 0 0 0 
[13552.182233] 
[13552.183749] MESSAGE_B= 0 4 4 16 12 2 192 64 248 179 0 1364 1609 1434 1650 1362 1809 1435 1815 217 152 209 144 202 297 210 287 0 31 254 247 255 255 9 31 17 7 0 0 0 0 0 0 0 0 
[13552.320239] 
[13552.321756] MESSAGE_B= 0 4 4 16 3 3 192 64 248 179 0 1627 1657 1536 1538 1868 1998 1775 1886 266 312 256 288 367 337 348 316 0 31 253 255 255 255 82 35 98 29 0 0 0 0 0 0 0 0 
[13552.458240] 
[13552.459757] MESSAGE_B= 0 4 4 16 4 2 192 64 248 179 0 1636 1646 1541 1521 1868 1985 1774 1875 266 302 257 284 374 330 354 307 0 31 254 255 255 255 87 22 103 15 0 0 0 0 0 0 0 0 
[13552.596237] 
[13552.597760] MESSAGE_B= 0 4 4 16 4 1 192 64 248 179 0 1658 1650 1562 1528 1871 1987 1779 1879 276 293 272 273 395 332 376 304 0 31 253 255 255 255 91 17 111 16 0 0 0 0 0 0 0 0 
[13552.734237] 
[13552.735753] MESSAGE_B= 0 4 4 16 4 2 192 64 248 179 0 1660 1657 1563 1539 1850 1985 1757 1875 280 284 275 262 379 331 357 307 0 31 253 255 255 255 96 30 109 26 0 0 0 0 0 0 0 0 
[13552.872238] 
[13552.873761] MESSAGE_B= 0 4 4 16 4 3 192 64 248 179 0 1673 1663 1576 1536 1837 1977 1745 1869 281 269 274 251 377 339 358 315 0 31 254 254 255 255 80 43 88 44 0 0 0 0 0 0 0 0 
[13553.010240] 
[13553.011756] MESSAGE_B= 0 4 4 16 4 4 192 64 248 179 0 1660 1646 1558 1517 1861 1978 1765 1866 280 261 276 241 388 344 366 319 0 31 255 254 255 255 84 37 82 43 0 0 0 0 0 0 0 0 
[13553.148236] 
[13553.149757] MESSAGE_B= 0 4 4 16 4 3 192 64 248 179 0 1644 1629 1541 1504 1857 1980 1761 1867 281 250 275 228 385 343 363 322 0 31 253 253 255 255 82 43 88 44 0 0 0 0 0 0 0 0 
[13553.286232] 
[13553.287748] MESSAGE_B= 0 4 4 16 4 3 192 64 248 179 0 1647 1624 1548 1494 1848 1982 1749 1871 283 253 272 234 381 342 361 324 0 31 253 252 255 255 94 50 98 50 0 0 0 0 0 0 0 0 
[13553.424236] 
[13553.425751] MESSAGE_B= 0 4 4 16 3 2 192 64 248 179 0 1650 1629 1555 1502 1839 1985 1743 1873 282 260 278 241 383 340 362 326 0 31 254 252 255 255 106 49 105 47 0 0 0 0 0 0 0 0 
[13553.562231] 
[13553.563747] MESSAGE_B= 0 4 4 16 3 2 192 64 248 179 0 1665 1642 1569 1520 1857 1987 1764 1877 283 276 283 251 393 346 370 322 0 31 253 250 255 255 110 49 110 48 0 0 0 0 0 0 0 0 
[13553.700230] 
[13553.701745] MESSAGE_B= 0 4 4 16 4 2 192 64 248 179 0 1669 1652 1567 1534 1844 1983 1752 1871 276 284 286 261 394 350 369 329 0 31 252 247 255 255 122 53 122 54 0 0 0 0 0 0 0 0 
[13553.838230] 
[13553.839765] MESSAGE_B= 0 4 4 16 4 1 192 64 248 179 0 1647 1655 1539 1528 1833 1978 1742 1863 281 288 289 273 401 356 373 334 0 31 248 245 255 254 124 52 131 49 0 0 0 0 0 0 0 0 
[13553.976234] 
[13553.977749] MESSAGE_B= 0 4 4 16 5 1 192 64 248 179 0 1663 1663 1553 1532 1832 1971 1737 1861 282 295 287 274 406 358 379 336 0 31 246 245 255 255 102 59 120 52 0 0 0 0 0 0 0 0 
[13554.114236] 
[13554.115755] MESSAGE_B= 0 4 4 16 4 1 192 64 248 179 0 1656 1661 1546 1534 1827 1952 1734 1845 293 303 293 280 391 360 361 337 0 31 247 246 255 254 84 60 97 57 0 0 0 0 0 0 0 0 
[13554.252230] 
[13554.253745] MESSAGE_B= 0 4 4 16 4 1 192 64 248 179 0 1670 1672 1565 1543 1829 1951 1733 1839 281 310 284 284 389 367 360 344 0 31 248 247 255 254 90 62 99 57 0 0 0 0 0 0 0 0 
[13554.390235] 
[13554.391751] MESSAGE_B= 0 4 4 16 5 1 192 64 248 179 0 1653 1693 1542 1563 1831 1946 1734 1838 305 328 311 302 398 369 366 344 0 31 249 246 255 254 106 71 112 64 0 0 0 0 0 0 0 0 
[13554.528234] 
[13554.529749] MESSAGE_B= 0 4 4 16 13 3 192 64 248 179 0 1430 1710 1497 1744 1364 2069 1442 2069 218 226 213 201 203 361 211 350 0 31 254 252 255 255 6 136 5 126 0 0 0 0 0 0 0 0 
[13554.666235] 
[13554.667751] MESSAGE_B= 0 4 4 16 17 2 192 64 248 179 0 1476 1788 1537 1815 1381 2212 1455 2211 221 295 211 259 208 385 213 372 0 31 254 254 255 255 12 157 11 158 0 0 0 0 0 0 0 0 
[13554.804234] 
[13554.805747] MESSAGE_B= 0 4 4 16 17 3 192 64 248 179 0 1517 1871 1575 1894 1388 2359 1462 2354 205 367 194 337 212 397 215 385 0 31 255 254 255 254 34 171 25 163 0 0 0 0 0 0 0 0 
[13554.942234] 
[13554.943749] MESSAGE_B= 0 4 4 16 17 3 192 64 248 179 0 1547 1922 1606 1947 1389 2456 1464 2451 209 413 195 381 209 401 212 394 0 31 255 255 255 255 31 175 20 167 0 0 0 0 0 0 0 0 
[13555.080234] 
[13555.081760] MESSAGE_B= 0 4 4 16 18 2 192 64 248 179 0 1569 1999 1632 2011 1389 2537 1464 2529 197 444 192 416 210 411 213 406 0 31 255 254 255 255 42 171 31 165 0 0 0 0 0 0 0 0 
[13555.218234] 
[13555.219749] MESSAGE_B= 0 4 4 16 15 1 192 64 248 179 0 1581 2055 1648 2063 1396 2587 1471 2578 198 476 196 450 211 427 215 414 0 31 254 254 255 255 38 168 36 166 0 0 0 0 0 0 0 0 
[13555.356235] 
[13555.357755] MESSAGE_B= 0 4 4 16 15 2 192 64 248 179 0 1595 2086 1660 2098 1400 2603 1475 2596 202 489 195 459 213 433 214 420 0 31 255 254 255 255 45 168 35 167 0 0 0 0 0 0 0 0 
[13555.494232] 
[13555.495750] MESSAGE_B= 0 4 4 16 16 2 192 64 248 179 0 1599 2107 1666 2120 1403 2611 1476 2602 213 497 203 470 211 436 216 431 0 31 255 254 255 255 41 173 35 162 0 0 0 0 0 0 0 0 
[13555.632234] 
[13555.633749] MESSAGE_B= 0 4 4 16 15 2 192 64 248 179 0 1599 2117 1665 2128 1405 2614 1479 2605 217 507 207 478 208 440 218 434 0 31 254 254 255 255 37 172 40 166 0 0 0 0 0 0 0 0 
[13555.770233] 
[13555.771748] MESSAGE_B= 0 4 4 16 14 2 192 64 248 179 0 1602 2125 1668 2137 1405 2615 1479 2606 215 509 208 478 209 442 212 433 0 31 254 255 255 255 35 172 35 171 0 0 0 0 0 0 0 0 
[13555.908234] 
[13555.909749] MESSAGE_B= 0 4 4 16 13 2 192 64 248 179 0 1601 2126 1669 2139 1408 2614 1482 2607 217 508 207 478 205 445 214 431 0 31 254 254 255 255 29 171 33 173 0 0 0 0 0 0 0 0 
[13556.046232] 
[13556.047751] MESSAGE_B= 0 4 4 16 13 1 192 64 248 179 0 1603 2131 1670 2145 1408 2613 1481 2605 218 511 211 480 212 442 218 431 0 31 254 254 255 255 39 172 44 171 0 0 0 0 0 0 0 0 
[13556.184231] 
[13556.185748] MESSAGE_B= 0 4 4 16 13 2 192 64 248 179 0 1603 2126 1671 2140 1405 2597 1482 2590 221 506 208 477 206 439 214 433 0 31 254 255 255 255 25 168 34 166 0 0 0 0 0 0 0 0 
[13556.322234] 
[13556.323753] MESSAGE_B= 0 4 4 16 14 2 192 64 248 179 0 1575 2087 1643 2098 1387 2545 1465 2540 219 501 196 473 212 431 215 424 0 31 255 255 255 255 30 172 22 166 0 0 0 0 0 0 0 0 
[13556.460231] 
[13556.461782] MESSAGE_B= 0 4 4 16 13 2 192 64 248 179 0 1571 2064 1634 2081 1386 2521 1463 2518 207 497 198 469 213 427 218 416 0 31 255 254 255 255 25 171 24 165 0 0 0 0 0 0 0 0 
[13556.598230] 
[13556.599750] MESSAGE_B= 0 4 4 16 14 2 192 64 248 179 0 1559 2052 1634 2069 1384 2498 1462 2495 209 484 198 453 213 426 219 413 0 31 255 255 255 255 29 169 32 168 0 0 0 0 0 0 0 0 
[13556.736235] 
[13556.737750] MESSAGE_B= 0 4 4 16 11 2 192 64 248 179 0 1560 2025 1627 2043 1384 2478 1462 2475 201 483 204 450 209 422 219 409 0 31 254 255 255 255 25 168 34 167 0 0 0 0 0 0 0 0 
[13556.874232] 
[13556.875746] MESSAGE_B= 0 4 4 16 12 3 192 64 248 179 0 1559 2013 1632 2032 1383 2454 1462 2449 206 469 198 436 211 420 217 413 0 31 255 254 255 254 29 173 32 166 0 0 0 0 0 0 0 0 
[13557.012236] 
[13557.013751] MESSAGE_B= 0 4 4 16 14 2 192 64 248 179 0 1553 1998 1628 2016 1383 2440 1461 2436 212 463 196 431 210 420 214 409 0 31 254 254 255 255 33 174 27 168 0 0 0 0 0 0 0 0 
[13557.150231] 
[13557.151747] MESSAGE_B= 0 4 4 16 13 2 192 64 248 179 0 1554 1986 1625 2008 1384 2424 1463 2421 209 466 196 427 205 416 214 408 0 31 255 254 255 254 27 175 26 171 0 0 0 0 0 0 0 0 
[13557.288231] 
[13557.289748] MESSAGE_B= 0 4 4 16 13 2 192 64 248 179 0 1552 1976 1622 2001 1385 2416 1465 2411 209 462 196 422 208 414 217 407 0 31 255 254 255 254 34 173 28 170 0 0 0 0 0 0 0 0 
[13557.426233] 
[13557.427747] MESSAGE_B= 0 4 4 16 14 2 192 64 248 179 0 1542 1967 1615 1992 1383 2402 1463 2398 201 458 195 421 208 418 218 406 0 31 254 254 255 254 25 176 28 170 0 0 0 0 0 0 0 0 
[13557.564230] 
[13557.565749] MESSAGE_B= 0 4 4 16 16 2 192 64 248 179 0 1527 1950 1598 1972 1376 2374 1451 2370 207 444 191 412 205 418 214 409 0 31 254 254 255 255 24 173 23 169 0 0 0 0 0 0 0 0 
[13557.702232] 
[13557.703750] MESSAGE_B= 0 4 4 16 15 2 192 64 248 179 0 1523 1936 1591 1959 1376 2349 1454 2347 202 435 190 404 209 418 212 408 0 31 254 253 255 254 33 172 27 165 0 0 0 0 0 0 0 0 
[13557.840230] 
[13557.841744] MESSAGE_B= 0 4 4 16 12 2 192 64 248 179 0 1515 1918 1583 1948 1373 2305 1451 2303 192 415 181 378 210 411 215 401 0 31 253 253 255 255 32 174 29 169 0 0 0 0 0 0 0 0 
[13557.978234] 
[13557.979750] MESSAGE_B= 0 4 4 16 12 2 192 64 248 179 0 1504 1901 1575 1924 1371 2256 1448 2256 194 385 184 355 208 409 217 399 0 31 252 251 255 254 33 168 34 157 0 0 0 0 0 0 0 0 
[13558.116234] 
[13558.117749] MESSAGE_B= 0 4 4 16 13 2 192 64 248 179 0 1489 1868 1565 1891 1369 2206 1448 2206 194 366 178 331 209 403 215 394 0 31 254 252 255 254 30 165 27 155 0 0 0 0 0 0 0 0 
[13558.254230] 
[13558.255745] MESSAGE_B= 0 4 4 16 11 2 192 64 248 179 0 1487 1847 1563 1872 1368 2164 1445 2164 194 346 173 310 207 394 216 388 0 31 253 251 255 253 38 159 36 152 0 0 0 0 0 0 0 0 
[13558.392232] 
[13558.393748] MESSAGE_B= 0 4 4 16 11 2 192 64 248 179 0 1481 1822 1554 1842 1366 2118 1444 2118 191 315 176 289 207 388 215 377 0 31 251 251 255 254 37 161 35 148 0 0 0 0 0 0 0 0 
[13558.530234] 
[13558.531758] MESSAGE_B= 0 4 4 16 11 2 192 64 248 179 0 1468 1792 1542 1822 1364 2072 1443 2073 191 300 177 267 210 384 216 371 0 31 253 250 255 253 41 150 34 136 0 0 0 0 0 0 0 0 
[13558.668234] 
[13558.669749] MESSAGE_B= 0 4 4 16 10 2 192 64 248 179 0 1464 1773 1530 1800 1362 2026 1441 2028 190 278 181 248 207 375 211 363 0 31 251 250 255 254 36 132 30 116 0 0 0 0 0 0 0 0 
[13558.806234] 
[13558.807754] MESSAGE_B= 0 4 4 16 10 2 192 64 248 179 0 1448 1747 1516 1770 1355 1986 1433 1989 199 258 180 232 202 363 212 354 0 31 253 249 255 254 38 132 32 116 0 0 0 0 0 0 0 0 
[13558.944234] 
[13558.945749] MESSAGE_B= 0 4 4 16 9 2 192 64 248 179 0 1438 1730 1509 1754 1354 1956 1431 1960 200 250 184 224 199 362 209 350 0 31 252 248 255 254 32 114 28 98 0 0 0 0 0 0 0 0 
[13559.082235] 
[13559.083750] MESSAGE_B= 0 4 4 16 10 2 192 64 248 179 0 1443 1730 1513 1751 1356 1947 1433 1948 193 240 193 216 202 358 214 347 0 31 251 246 255 254 31 118 38 96 0 0 0 0 0 0 0 0 
[13559.220234] 
[13559.221750] MESSAGE_B= 0 4 4 16 9 2 192 64 248 179 0 1434 1726 1508 1753 1359 1948 1435 1950 194 249 185 222 206 361 210 345 0 31 252 249 255 255 39 119 28 101 0 0 0 0 0 0 0 0 
[13559.358235] 
[13559.359750] MESSAGE_B= 0 4 4 16 11 2 192 64 248 179 0 1444 1744 1519 1771 1361 1968 1439 1968 188 257 179 226 206 365 211 355 0 31 253 249 255 255 40 130 33 107 0 0 0 0 0 0 0 0 
[13559.496234] 
[13559.497756] MESSAGE_B= 0 4 4 16 9 2 192 64 248 179 0 1452 1757 1525 1784 1363 1988 1439 1989 184 270 176 238 201 371 212 356 0 31 252 250 255 254 30 129 27 116 0 0 0 0 0 0 0 0 
[13559.634233] 
[13559.635748] MESSAGE_B= 0 4 4 16 10 2 192 64 248 179 0 1457 1765 1525 1791 1365 2006 1440 2007 189 276 181 247 202 373 210 361 0 31 252 250 255 255 35 132 30 118 0 0 0 0 0 0 0 0 
[13559.772234] 
[13559.773755] MESSAGE_B= 0 4 4 16 10 2 192 64 248 179 0 1454 1763 1522 1793 1367 2013 1442 2011 186 275 179 247 206 370 213 358 0 31 250 248 255 255 36 142 32 124 0 0 0 0 0 0 0 0 
[13559.910234] 
[13559.911747] MESSAGE_B= 0 4 4 16 11 2 192 64 248 179 0 1437 1752 1505 1779 1363 1998 1436 1999 190 274 182 246 202 372 209 357 0 31 251 249 255 255 39 141 31 126 0 0 0 0 0 0 0 0 
[13560.048235] 
[13560.049750] MESSAGE_B= 0 4 4 16 11 2 192 64 248 179 0 1433 1750 1505 1777 1363 2004 1438 2004 187 274 182 248 205 373 212 359 0 31 250 249 255 255 35 141 28 126 0 0 0 0 0 0 0 0 
[13560.186230] 
[13560.187744] MESSAGE_B= 0 4 4 16 11 2 192 64 248 179 0 1432 1746 1506 1772 1369 2015 1442 2012 194 277 181 243 204 374 215 366 0 31 251 250 255 255 34 146 25 124 0 0 0 0 0 0 0 0 
[13560.324236] 
[13560.325752] MESSAGE_B= 0 4 4 16 12 2 192 64 248 179 0 1435 1743 1508 1770 1372 2018 1446 2019 192 274 182 246 209 376 215 361 0 31 252 249 255 255 29 145 25 123 0 0 0 0 0 0 0 0 
[13560.462233] 
[13560.463754] MESSAGE_B= 0 4 4 16 13 1 192 64 248 179 0 1436 1738 1508 1768 1377 2025 1452 2025 203 269 188 241 207 375 214 360 0 31 254 249 255 255 29 140 20 119 0 0 0 0 0 0 0 0 
[13560.600230] 
[13560.601746] MESSAGE_B= 0 4 4 16 13 1 192 64 248 179 0 1442 1737 1514 1768 1380 2035 1455 2033 206 260 192 231 208 372 212 358 0 31 254 249 255 255 26 141 17 117 0 0 0 0 0 0 0 0 
[13560.738228] 
[13560.739748] MESSAGE_B= 0 4 4 16 14 1 192 64 248 179 0 1439 1729 1510 1762 1383 2040 1457 2038 206 258 198 227 206 368 213 354 0 31 253 248 255 255 16 138 11 120 0 0 0 0 0 0 0 0 
[13560.876229] 
[13560.877744] MESSAGE_B= 0 4 4 16 13 1 192 64 248 179 0 1438 1725 1512 1760 1385 2045 1462 2042 213 257 200 224 209 367 214 353 0 31 252 249 255 255 23 130 11 115 0 0 0 0 0 0 0 0 
[13561.014234] 
[13561.015756] MESSAGE_B= 0 4 4 16 13 1 192 64 248 179 0 1435 1721 1508 1753 1388 2050 1462 2047 214 248 205 220 204 364 213 349 0 31 254 248 255 255 13 134 11 114 0 0 0 0 0 0 0 0 
[13561.152232] 
[13561.153748] MESSAGE_B= 0 4 4 16 12 2 192 64 248 179 0 1418 1700 1488 1729 1380 2042 1458 2038 221 242 208 222 206 362 216 350 0 31 253 247 255 255 11 136 10 107 0 0 0 0 0 0 0 0 
[13561.290238] 
[13561.291757] MESSAGE_B= 0 4 4 16 12 2 192 64 248 179 0 1427 1704 1497 1732 1385 2048 1461 2044 218 242 214 217 205 362 216 353 0 31 253 248 255 255 11 128 16 106 0 0 0 0 0 0 0 0 
[13561.428232] 
[13561.429747] MESSAGE_B= 0 4 4 16 10 2 192 64 248 179 0 1421 1695 1491 1728 1385 2046 1461 2042 219 249 210 214 204 358 214 348 0 31 253 247 255 255 5 131 11 111 0 0 0 0 0 0 0 0 
[13561.566230] 
[13561.567745] MESSAGE_B= 0 4 4 16 10 3 192 64 248 179 0 1430 1703 1495 1730 1385 2043 1464 2039 227 235 211 211 207 355 213 349 0 31 252 248 255 255 17 124 12 101 0 0 0 0 0 0 0 0 
[13561.704230] 
[13561.705744] MESSAGE_B= 0 4 4 16 11 4 192 64 248 179 0 1423 1695 1498 1725 1388 2043 1465 2038 226 232 209 206 204 358 212 344 0 31 252 246 255 255 6 118 5 108 0 0 0 0 0 0 0 0 
[13561.842230] 
[13561.843761] MESSAGE_B= 0 4 4 16 10 4 192 64 248 179 0 1422 1695 1495 1726 1390 2040 1467 2036 229 240 213 209 203 356 211 348 0 31 252 248 255 255 6 114 10 101 0 0 0 0 0 0 0 0 
[13561.980231] 
[13561.981755] MESSAGE_B= 0 4 4 16 11 2 192 64 248 179 0 1410 1684 1481 1717 1389 2041 1466 2037 222 241 211 213 204 358 215 342 0 31 254 248 255 255 0 117 4 105 0 0 0 0 0 0 0 0 
[13562.118235] 
[13562.119751] MESSAGE_B= 0 4 4 16 8 0 192 64 248 179 0 1722 1721 1596 1535 2032 2112 1897 1957 324 263 332 228 403 345 387 323 0 31 253 248 255 253 7 6 5 29 0 0 0 0 0 0 0 0 
[13562.255235] 
[13562.256799] MESSAGE_B= 0 4 4 16 9 0 192 64 248 179 0 1729 1742 1591 1555 2029 2123 1898 1967 283 269 287 241 422 347 400 324 0 31 250 248 255 253 18 4 15 30 0 0 0 0 0 0 0 0 
[13562.393236] 
[13562.394775] MESSAGE_B= 0 4 4 16 9 0 192 64 248 179 0 1689 1751 1549 1560 2032 2132 1896 1982 229 274 235 254 422 347 393 327 0 31 247 247 254 253 52 24 37 40 0 0 0 0 0 0 0 0 
[13562.531239] 
[13562.532760] MESSAGE_B= 0 4 4 16 9 1 192 64 248 179 0 1659 1748 1520 1559 2049 2120 1911 1973 219 266 230 249 409 349 380 329 0 31 247 245 254 252 48 19 31 41 0 0 0 0 0 0 0 0 
[13562.669230] 
[13562.670744] MESSAGE_B= 0 4 4 16 9 1 192 64 248 179 0 1645 1777 1496 1596 2059 2122 1921 1972 251 298 241 287 370 359 351 343 0 31 250 247 254 252 47 23 43 12 0 0 0 0 0 0 0 0 
[13562.807234] 
[13562.808749] MESSAGE_B= 0 4 4 16 8 1 192 64 248 179 0 1614 1800 1468 1622 2050 2134 1911 1986 223 341 224 339 361 353 337 334 0 31 247 250 253 253 67 15 58 0 0 0 0 0 0 0 0 0 
[13562.945230] 
[13562.946743] MESSAGE_B= 0 4 4 16 6 1 192 64 248 179 0 1598 1840 1459 1659 2056 2111 1919 1966 213 392 222 387 351 365 330 337 0 31 246 250 254 254 69 6 51 20 0 0 0 0 0 0 0 0 
[13563.083234] 
[13563.084749] MESSAGE_B= 0 4 4 16 10 1 192 64 248 179 0 1601 2067 1471 1926 2072 2021 1932 1908 212 300 222 305 360 325 334 324 0 31 241 247 254 254 59 63 26 96 0 0 0 0 0 0 0 0 
[13563.221229] 
[13563.222764] MESSAGE_B= 0 4 4 16 6 1 192 64 248 179 0 1623 2581 1507 2450 2083 2171 1970 2079 229 181 223 183 366 578 327 573 0 31 247 233 253 255 36 125 40 139 0 0 0 0 0 0 0 0 
[13563.359234] 
[13563.360798] MESSAGE_B= 0 4 4 16 6 0 192 64 248 179 0 2352 2032 2234 1892 2040 2102 1952 1970 252 363 245 342 384 325 382 308 0 31 250 246 253 252 71 60 65 79 0 0 0 0 0 0 0 0 
[13563.497234] 
[13563.498753] MESSAGE_B= 0 4 4 16 5 1 192 64 248 179 0 2340 1842 2253 1676 2080 2098 2027 1960 182 418 189 385 552 351 573 331 0 31 234 250 254 253 94 10 56 29 0 0 0 0 0 0 0 0 
[13563.635234] 
[13563.636749] MESSAGE_B= 0 4 4 16 7 1 192 64 248 179 0 1672 1839 1560 1669 2128 2128 1997 1984 233 384 224 360 333 362 319 338 0 31 248 251 250 254 93 10 104 24 0 0 0 0 0 0 0 0 
[13563.773229] 
[13563.774744] MESSAGE_B= 0 4 4 16 5 1 192 64 248 179 0 1687 1827 1552 1656 2114 2134 1978 1989 236 378 232 354 329 348 302 322 0 31 249 251 254 253 73 27 87 39 0 0 0 0 0 0 0 0 
[13563.911233] 
[13563.912748] MESSAGE_B= 0 4 4 16 5 1 192 64 248 179 0 1684 1815 1540 1649 2081 2117 1940 1972 233 375 232 353 323 349 298 326 0 31 246 251 254 253 41 40 41 43 0 0 0 0 0 0 0 0 
[13564.049236] 
[13564.050751] MESSAGE_B= 0 4 4 16 5 1 192 64 248 179 0 1705 1808 1556 1644 2084 2117 1949 1971 226 363 226 341 311 356 286 334 0 31 250 252 253 254 62 27 53 29 0 0 0 0 0 0 0 0 
[13564.187239] 
[13564.188758] MESSAGE_B= 0 4 4 16 5 1 192 64 248 179 0 1716 1782 1561 1616 2105 2125 1973 1982 240 330 241 308 314 363 286 339 0 31 249 251 254 253 52 12 51 21 0 0 0 0 0 0 0 0 
[13564.325237] 
[13564.326753] MESSAGE_B= 0 4 4 16 6 1 192 64 248 179 0 1746 1746 1606 1566 2101 2128 1966 1984 262 272 265 250 337 361 305 338 0 31 249 250 254 254 36 21 41 37 0 0 0 0 0 0 0 0 
[13564.463237] 
[13564.464761] MESSAGE_B= 0 4 4 16 12 1 192 64 248 179 0 1784 1719 1657 1558 2072 2120 1943 1975 258 218 245 210 412 353 383 332 0 31 249 249 255 252 49 18 56 22 0 0 0 0 0 0 0 0 
[13564.601234] 
[13564.602749] MESSAGE_B= 0 4 4 16 4 1 192 64 248 179 0 1792 1738 1658 1584 2038 2110 1908 1967 216 236 215 223 434 368 403 346 0 31 250 249 254 253 55 2 51 7 0 0 0 0 0 0 0 0 
[13564.738230] 
[13564.739791] MESSAGE_B= 0 4 4 16 4 1 192 64 248 179 0 1775 1748 1647 1594 2034 2126 1902 1984 228 267 210 253 444 385 416 363 0 31 247 251 255 253 0 0 6 2 0 0 0 0 0 0 0 0 
[13564.875229] 
[13564.876786] MESSAGE_B= 0 4 4 16 3 1 192 64 248 179 0 1787 1777 1646 1619 2037 2134 1910 1997 227 292 211 280 434 381 401 358 0 31 248 252 255 254 7 3 3 7 0 0 0 0 0 0 0 0 
[13565.012231] 
[13565.013793] MESSAGE_B= 0 4 4 16 4 1 192 64 248 179 0 1791 1756 1649 1596 2043 2122 1925 1987 204 284 206 270 429 384 390 349 0 31 248 253 255 254 11 18 16 6 0 0 0 0 0 0 0 0 
[13565.150234] 
[13565.151749] MESSAGE_B= 0 4 4 16 6 1 192 64 248 179 0 1722 1677 1596 1507 2062 2105 1942 1973 206 219 203 200 410 395 369 358 0 31 248 248 255 253 44 44 60 29 0 0 0 0 0 0 0 0 
[13565.288233] 
[13565.288255] MESSAGE_B= 0 4 4 16 5 1 192 64 248 179 0 1700 1660 1564 1504 2053 2108 1933 1974 202 194 205 176 413 388 378 354 0 31 247 248 255 252 69 51 75 37 0 0 0 0 0 0 0 0 
[13565.409235] 
[13565.410750] MESSAGE_B= 0 4 4 16 4 2 192 64 248 179 0 1699 1672 1544 1520 2066 2103 1945 1973 198 176 199 176 410 393 374 355 0 31 245 246 255 252 75 47 106 42 0 0 0 0 0 0 0 0 
[13565.547234] 
[13565.548753] MESSAGE_B= 0 4 4 16 7 2 192 64 248 179 0 1681 1672 1523 1528 2073 2107 1953 1966 190 164 194 178 413 379 377 347 0 31 246 246 254 252 61 39 81 48 0 0 0 0 0 0 0 0 
[13565.685234] 
[13565.686749] MESSAGE_B= 0 4 4 16 4 2 192 64 248 179 0 1674 1686 1515 1555 2053 2116 1934 1971 188 175 190 190 422 373 373 354 0 31 244 246 253 251 5 28 42 50 0 0 0 0 0 0 0 0 
[13565.823234] 
[13565.824749] MESSAGE_B= 0 4 4 16 4 3 192 64 248 179 0 1662 1703 1505 1570 2062 2125 1940 1978 198 197 205 212 404 372 370 346 0 31 244 246 254 251 5 2 20 12 0 0 0 0 0 0 0 0 
[13565.961236] 
[13565.962754] MESSAGE_B= 0 4 4 16 6 2 192 64 248 179 0 1659 1746 1511 1604 2079 2096 1949 1962 199 251 210 251 394 359 361 334 0 31 247 250 254 252 5 3 0 5 0 0 0 0 0 0 0 0 
[13566.098232] 
[13566.099746] MESSAGE_B= 0 4 4 16 5 2 192 64 248 179 0 1656 1832 1513 1687 2105 2063 1964 1933 193 338 213 333 384 361 353 338 0 31 246 252 253 253 45 18 38 10 0 0 0 0 0 0 0 0 
[13566.236229] 
[13566.237743] MESSAGE_B= 0 4 4 16 4 3 192 64 248 179 0 1653 1883 1522 1740 2098 2072 1958 1941 188 393 205 392 388 336 354 310 0 31 244 254 253 252 59 4 47 3 0 0 0 0 0 0 0 0 
[13566.374233] 
[13566.375776] MESSAGE_B= 0 4 4 16 4 3 192 64 248 179 0 1669 1921 1532 1775 2125 2116 1974 1989 176 414 202 403 406 314 370 292 0 31 247 253 253 251 56 11 52 27 0 0 0 0 0 0 0 0 
[13566.512231] 
[13566.513751] MESSAGE_B= 0 4 4 16 3 3 192 64 248 179 0 1657 1904 1521 1767 2131 2151 1984 2014 173 417 182 391 401 321 367 294 0 31 245 253 253 251 44 25 51 37 0 0 0 0 0 0 0 0 
[13566.650231] 
[13566.651746] MESSAGE_B= 0 4 4 16 4 3 192 64 248 179 0 1646 1899 1522 1743 2115 2133 1977 1990 171 398 180 379 397 311 363 290 0 31 241 253 253 249 24 15 40 20 0 0 0 0 0 0 0 0 
[13566.788236] 
[13566.789758] MESSAGE_B= 0 4 4 16 3 3 192 64 248 179 0 1658 1889 1534 1743 2107 2123 1978 1983 180 398 182 388 402 316 368 293 0 31 243 253 251 250 10 6 20 15 0 0 0 0 0 0 0 0 
[13566.926234] 
[13566.927751] MESSAGE_B= 0 4 4 16 3 3 192 64 248 179 0 1682 1915 1543 1769 2117 2104 1980 1976 192 425 193 422 398 317 368 289 0 31 242 254 252 247 0 7 13 21 0 0 0 0 0 0 0 0 
[13567.064236] 
[13567.065757] MESSAGE_B= 0 4 4 16 3 3 192 64 248 179 0 1688 1872 1556 1732 2136 2091 1993 1960 183 377 191 372 386 320 362 295 0 31 242 252 251 247 0 10 13 1 0 0 0 0 0 0 0 0 
[13567.202230] 
[13567.203745] MESSAGE_B= 0 4 4 16 4 3 192 64 248 179 0 1695 1953 1547 1815 2082 2134 1953 1995 185 448 184 455 378 343 345 316 0 31 244 254 251 249 1 22 0 27 0 0 0 0 0 0 0 0 
[13567.340237] 
[13567.341752] MESSAGE_B= 0 4 4 16 4 2 192 64 248 179 0 1760 1887 1609 1757 2040 2170 1916 2027 256 368 231 379 389 336 358 308 0 31 250 253 252 248 28 44 17 53 0 0 0 0 0 0 0 0 
[13567.478230] 
[13567.479747] MESSAGE_B= 0 4 4 16 3 3 192 64 248 179 0 1772 1900 1636 1756 2002 2209 1881 2069 280 367 278 365 383 352 355 325 0 31 252 253 251 248 46 54 45 70 0 0 0 0 0 0 0 0 
[13567.616234] 
[13567.617750] MESSAGE_B= 0 4 4 16 2 2 192 64 248 179 0 1814 1915 1674 1786 2059 2182 1928 2057 301 371 285 374 370 361 347 328 0 31 251 253 251 247 41 43 40 58 0 0 0 0 0 0 0 0 
[13567.754231] 
[13567.755744] MESSAGE_B= 0 4 4 16 5 2 192 64 248 179 0 1843 1952 1716 1818 2063 2167 1934 2044 311 373 299 380 378 369 353 334 0 31 252 253 252 247 39 33 35 45 0 0 0 0 0 0 0 0 
[13567.892233] 
[13567.893772] MESSAGE_B= 0 4 4 16 2 3 192 64 248 179 0 1835 1964 1703 1842 2051 2178 1914 2046 292 370 286 374 388 365 364 334 0 31 251 254 252 248 31 26 34 39 0 0 0 0 0 0 0 0 
[13568.030232] 
[13568.031752] MESSAGE_B= 0 4 4 16 3 3 192 64 248 179 0 1835 1990 1695 1874 2028 2223 1890 2094 272 357 260 377 373 356 354 326 0 31 251 253 253 248 33 30 27 51 0 0 0 0 0 0 0 0 
[13568.168240] 
[13568.169759] MESSAGE_B= 0 4 4 16 3 3 192 64 248 179 0 1876 1988 1752 1876 1773 2335 1708 2146 288 324 289 345 407 697 423 516 0 2 251 252 209 233 54 101 29 76 0 0 0 0 2 2 2 2 
[13568.306235] 
[13568.307753] MESSAGE_B= 0 4 4 16 5 2 192 64 248 179 0 1825 1955 1695 1840 2040 2363 1884 2151 257 279 256 296 478 750 444 572 0 2 251 252 249 242 67 87 41 67 0 0 0 0 2 2 2 2 
[13568.444234] 
[13568.445749] MESSAGE_B= 0 4 4 16 3 3 192 64 248 179 0 1871 1928 1726 1806 2059 2282 1938 2059 280 256 263 270 444 750 427 565 0 2 252 249 249 243 64 93 43 49 0 0 0 0 2 2 2 2 
[13568.582231] 
[13568.583747] MESSAGE_B= 0 4 4 16 4 2 192 64 248 179 0 1896 1916 1763 1800 2141 2092 2027 1919 296 228 292 249 446 699 422 555 0 2 250 250 249 242 62 61 22 46 0 0 0 0 2 2 2 2 
[13568.720237] 
[13568.721754] MESSAGE_B= 0 4 4 16 3 3 192 64 248 179 0 1918 1906 1777 1780 2236 2211 2082 2030 320 209 302 227 493 636 455 532 0 2 252 248 249 247 54 79 17 72 0 0 0 0 2 2 2 2 
[13568.858235] 
[13568.859750] MESSAGE_B= 0 4 4 16 4 2 192 64 248 179 0 1944 1938 1827 1805 2321 2075 2180 1959 331 159 317 178 496 589 462 507 0 2 251 242 246 245 36 39 12 40 0 0 0 0 2 2 2 2 
[13568.996238] 
[13568.997763] MESSAGE_B= 0 4 4 16 3 2 192 64 248 179 0 1972 1948 1830 1823 2239 2290 2125 2090 340 152 318 163 458 713 435 549 0 2 253 231 246 243 53 2 1 4 0 0 0 0 2 2 2 2 
[13569.134238] 
[13569.135754] MESSAGE_B= 0 4 4 16 3 2 192 64 248 179 0 2030 1939 1899 1814 2247 2267 2054 2077 369 163 353 150 449 742 417 588 0 2 253 239 245 238 78 68 19 62 0 0 0 0 2 2 2 2 
[13569.272236] 
[13569.273758] MESSAGE_B= 0 4 4 16 5 2 192 64 248 179 0 2078 1998 1961 1868 2490 2443 2367 2222 377 181 365 164 508 651 492 570 0 2 252 238 244 243 71 19 39 6 0 0 0 0 2 2 2 2 
[13569.410237] 
[13569.411781] MESSAGE_B= 0 4 4 16 6 1 192 64 248 179 0 2068 2039 1942 1923 2399 2445 2271 2298 329 202 335 192 445 507 454 480 0 31 253 244 252 250 44 11 47 3 0 0 0 0 0 0 0 0 
[13569.548232] 
[13569.549747] MESSAGE_B= 0 4 4 16 7 1 192 64 248 179 0 2026 2101 1916 1977 2391 2420 2264 2281 304 205 306 197 436 481 457 458 0 31 254 246 250 250 28 11 32 15 0 0 0 0 0 0 0 0 
[13569.686234] 
[13569.687750] MESSAGE_B= 0 4 4 16 8 1 192 64 248 179 0 1996 2214 1880 2085 2384 2398 2261 2250 305 216 295 205 430 460 435 434 0 31 253 246 252 252 24 37 27 6 0 0 0 0 0 0 0 0 
[13569.824236] 
[13569.825752] MESSAGE_B= 0 4 4 16 7 1 192 64 248 179 0 1957 2265 1842 2144 2389 2359 2264 2224 284 251 287 246 453 427 461 408 0 31 254 253 252 250 14 18 15 3 0 0 0 0 0 0 0 0 
[13569.962239] 
[13569.963765] MESSAGE_B= 0 4 4 16 5 1 192 64 248 179 0 1938 2297 1820 2182 2405 2323 2274 2191 263 248 274 236 474 411 488 392 0 31 252 251 251 250 1 19 8 3 0 0 0 0 0 0 0 0 
[13570.100237] 
[13570.101754] MESSAGE_B= 0 4 4 16 3 1 192 64 248 179 0 1932 2363 1811 2243 2416 2351 2285 2213 230 239 249 233 473 408 480 385 0 31 254 249 252 251 4 15 1 2 0 0 0 0 0 0 0 0 
[13570.237236] 
[13570.238752] MESSAGE_B= 0 4 4 16 5 1 192 64 248 179 0 1926 2436 1805 2303 2408 2320 2270 2196 212 243 223 242 476 384 478 375 0 31 249 249 251 251 16 3 9 21 0 0 0 0 0 0 0 0 
[13570.375242] 
[13570.376760] MESSAGE_B= 0 4 4 16 3 1 192 64 248 179 0 1945 2419 1824 2316 2406 2359 2265 2230 187 236 202 230 486 391 484 385 0 31 244 246 250 250 22 54 19 51 0 0 0 0 0 0 0 0 
[13570.513236] 
[13570.514758] MESSAGE_B= 0 4 4 16 3 1 192 64 248 179 0 1975 2440 1851 2339 2399 2386 2258 2250 187 225 186 231 479 375 475 362 0 31 244 247 248 250 36 85 31 82 0 0 0 0 0 0 0 0 
[13570.651236] 
[13570.652752] MESSAGE_B= 0 4 4 16 4 1 192 64 248 179 0 1960 2420 1841 2312 2377 2394 2245 2258 210 258 200 257 464 370 463 352 0 31 247 250 249 250 81 71 72 82 0 0 0 0 0 0 0 0 
[13570.789235] 
[13570.790750] MESSAGE_B= 0 4 4 16 4 1 192 64 248 179 0 2013 2378 1854 2280 2395 2386 2243 2249 238 246 224 264 465 369 463 352 0 31 246 252 251 250 67 97 87 90 0 0 0 0 0 0 0 0 
[13570.927233] 
[13570.928751] MESSAGE_B= 0 4 4 16 4 1 192 64 248 179 0 2029 2352 1876 2250 2430 2399 2271 2259 248 281 242 284 502 371 500 351 0 31 249 252 251 250 76 94 103 100 0 0 0 0 0 0 0 0 
[13571.065239] 
[13571.066756] MESSAGE_B= 0 4 4 16 4 1 192 64 248 179 0 2025 2321 1857 2217 2425 2410 2258 2273 231 326 233 318 505 369 485 355 0 31 245 252 251 252 87 67 105 65 0 0 0 0 0 0 0 0 
[13571.203240] 
[13571.204757] MESSAGE_B= 0 4 4 16 3 1 192 64 248 179 0 2046 2280 1890 2169 2420 2393 2264 2252 226 318 234 319 493 363 470 335 0 31 247 252 251 249 79 49 90 46 0 0 0 0 0 0 0 0 
[13571.341240] 
[13571.342757] MESSAGE_B= 0 4 4 16 3 1 192 64 248 179 0 2101 2245 1940 2139 2376 2426 2240 2275 231 304 232 300 436 376 429 350 0 31 249 250 251 250 39 46 58 36 0 0 0 0 0 0 0 0 
[13571.479294] 
[13571.480822] MESSAGE_B= 0 4 4 16 4 1 192 64 248 179 0 2181 2219 2015 2122 2342 2426 2205 2282 228 333 234 326 394 369 388 353 0 31 247 253 251 250 16 53 1 52 0 0 0 0 0 0 0 0 
[13571.617238] 
[13571.618753] MESSAGE_B= 0 4 4 16 3 1 192 64 248 179 0 2207 2206 2059 2101 2350 2427 2207 2282 186 345 206 335 435 361 427 343 0 31 248 253 251 251 54 41 62 47 0 0 0 0 0 0 0 0 
[13571.755234] 
[13571.756758] MESSAGE_B= 0 4 4 16 3 1 192 64 248 179 0 2249 2190 2119 2072 2352 2433 2216 2285 183 329 192 321 435 366 424 342 0 31 245 253 251 249 46 37 54 36 0 0 0 0 0 0 0 0 
[13571.893232] 
[13571.894778] MESSAGE_B= 0 4 4 16 4 1 192 64 248 179 0 2289 2181 2169 2066 2332 2462 2196 2316 199 310 199 316 405 384 400 359 0 31 250 251 252 249 14 47 16 41 0 0 0 0 0 0 0 0 
[13572.031242] 
[13572.032759] MESSAGE_B= 0 4 4 16 17 2 192 64 248 179 0 1529 1784 1598 1794 1442 2590 1521 2331 191 285 178 211 238 632 242 558 0 2 253 241 244 231 22 154 33 87 0 0 0 0 2 0 0 0 
[13572.169234] 
[13572.170750] MESSAGE_B= 0 4 4 16 15 2 192 64 248 179 0 1530 1786 1602 1800 1446 2581 1521 2342 196 283 181 216 236 615 236 553 0 2 254 240 247 235 18 155 22 83 0 0 0 0 2 0 0 0 
[13572.307238] 
[13572.308755] MESSAGE_B= 0 4 4 16 14 2 192 64 248 179 0 1538 1795 1608 1807 1450 2589 1527 2365 194 284 178 215 227 615 234 566 0 2 253 239 249 238 23 155 32 84 0 0 0 0 0 0 0 0 
[13572.445232] 
[13572.446752] MESSAGE_B= 0 4 4 16 15 2 192 64 248 179 0 1542 1798 1610 1807 1457 2594 1532 2367 191 288 179 208 231 613 235 570 0 2 254 241 250 236 35 157 38 89 0 0 0 0 0 0 0 0 
[13572.583237] 
[13572.584756] MESSAGE_B= 0 4 4 16 14 2 192 64 248 179 0 1551 1799 1618 1810 1456 2597 1534 2379 198 277 184 205 226 616 231 571 0 2 253 240 253 241 41 157 39 93 0 0 0 0 0 0 0 0 
[13572.721233] 
[13572.722753] MESSAGE_B= 0 4 4 16 15 2 192 64 248 179 0 1551 1810 1619 1813 1460 2571 1538 2386 195 273 185 206 236 608 234 581 0 2 252 240 251 244 41 156 47 94 0 0 0 0 0 0 0 0 
[13572.859235] 
[13572.860751] MESSAGE_B= 0 4 4 16 15 2 192 64 248 179 0 1555 1810 1618 1813 1455 2587 1539 2395 198 272 184 205 227 620 239 577 0 2 252 240 251 246 36 157 36 97 0 0 0 0 0 0 0 0 
[13572.997236] 
[13572.998760] MESSAGE_B= 0 4 4 16 14 2 192 64 248 179 0 1564 1810 1625 1818 1457 2598 1540 2411 196 260 190 206 235 625 234 585 0 2 252 241 249 247 44 153 40 86 0 0 0 0 0 0 0 0 
[13573.135237] 
[13573.136752] MESSAGE_B= 0 4 4 16 12 3 192 64 248 179 0 1560 1805 1621 1816 1462 2616 1539 2428 192 263 191 211 233 631 239 600 0 2 253 245 250 248 37 146 48 91 0 0 0 0 0 0 0 0 
[13573.273231] 
[13573.274745] MESSAGE_B= 0 4 4 16 14 2 192 64 248 179 0 1564 1801 1626 1814 1462 2647 1539 2440 190 261 188 214 227 648 238 606 0 2 253 243 251 248 41 138 50 80 0 0 0 0 0 0 0 0 
[13573.411238] 
[13573.412755] MESSAGE_B= 0 4 4 16 13 2 192 64 248 179 0 1569 1801 1628 1814 1463 2659 1544 2437 192 263 187 206 229 647 236 602 0 2 253 243 249 249 36 146 44 85 0 0 0 0 0 0 0 0 
[13573.549243] 
[13573.550762] MESSAGE_B= 0 4 4 16 13 2 192 64 248 179 0 1565 1803 1627 1814 1464 2656 1546 2445 190 263 185 204 227 647 236 605 0 2 253 244 252 249 37 148 49 87 0 0 0 0 0 0 0 0 
[13573.687233] 
[13573.688748] MESSAGE_B= 0 4 4 16 12 2 192 64 248 179 0 1563 1802 1627 1811 1466 2663 1548 2434 193 262 179 204 231 649 231 604 0 2 254 242 248 248 36 141 35 89 0 0 0 0 0 0 0 0 
[13573.825233] 
[13573.826748] MESSAGE_B= 0 4 4 16 13 2 192 64 248 179 0 1549 1775 1611 1794 1451 2686 1538 2398 196 252 175 211 222 640 234 582 0 2 254 246 251 235 29 140 38 90 0 0 0 0 0 0 0 0 
[13573.963241] 
[13573.964765] MESSAGE_B= 0 4 4 16 12 2 192 64 248 179 0 1547 1782 1610 1800 1457 2672 1543 2433 197 254 182 207 224 643 233 605 0 2 254 244 251 239 29 139 39 78 0 0 0 0 0 0 0 0 
[13574.101232] 
[13574.102747] MESSAGE_B= 0 4 4 16 11 2 192 64 248 179 0 1550 1788 1615 1807 1457 2669 1545 2427 198 264 183 210 226 643 234 606 0 2 252 242 251 242 40 141 39 81 0 0 0 0 0 0 0 0 
[13574.239238] 
[13574.240754] MESSAGE_B= 0 4 4 16 11 2 192 64 248 179 0 1553 1791 1617 1806 1456 2666 1546 2444 193 263 179 210 227 649 229 612 0 2 251 242 251 243 38 148 29 86 0 0 0 0 0 0 0 0 
[13574.377237] 
[13574.378753] MESSAGE_B= 0 4 4 16 11 2 192 64 248 179 0 1556 1791 1619 1806 1460 2669 1548 2447 191 259 185 206 227 652 229 611 0 2 251 241 251 243 45 144 40 89 0 0 0 0 0 0 0 0 
[13574.515234] 
[13574.516750] MESSAGE_B= 0 4 4 16 12 3 192 64 248 179 0 1560 1795 1626 1810 1465 2684 1550 2467 196 262 185 202 225 656 232 617 0 2 250 242 251 245 44 146 47 92 0 0 0 0 0 0 0 0 
[13574.653231] 
[13574.654772] MESSAGE_B= 0 4 4 16 12 3 192 64 248 179 0 1558 1793 1626 1809 1464 2678 1553 2461 199 255 184 199 223 659 232 610 0 2 252 242 252 247 44 149 44 90 0 0 0 0 0 0 0 0 
[13574.791235] 
[13574.792752] MESSAGE_B= 0 4 4 16 13 3 192 64 248 179 0 1560 1790 1627 1809 1469 2675 1554 2455 202 252 187 203 224 660 231 612 0 2 252 239 252 245 52 145 48 82 0 0 0 0 0 0 0 0 
[13574.929235] 
[13574.930760] MESSAGE_B= 0 4 4 16 13 3 192 64 248 179 0 1560 1791 1629 1808 1472 2680 1558 2455 198 257 189 197 225 664 233 617 0 2 251 240 252 246 53 143 50 92 0 0 0 0 0 0 0 0 
[13575.067235] 
[13575.068750] MESSAGE_B= 0 4 4 16 14 2 192 64 248 179 0 1548 1777 1616 1790 1459 2682 1544 2400 201 254 183 193 225 644 229 598 0 2 252 240 249 240 56 141 45 93 0 0 0 0 0 0 0 0 
[13575.205234] 
[13575.206756] MESSAGE_B= 0 4 4 16 14 2 192 64 248 179 0 1556 1781 1620 1796 1460 2690 1552 2403 199 242 187 201 226 644 235 579 0 2 253 239 249 244 59 147 52 80 0 0 0 0 0 0 0 0 
[13575.343237] 
[13575.344753] MESSAGE_B= 0 4 4 16 13 2 192 64 248 179 0 1555 1781 1618 1792 1462 2688 1550 2399 200 248 187 200 224 644 239 582 0 2 252 238 250 243 61 149 57 78 0 0 0 0 0 0 0 0 
[13575.481236] 
[13575.482751] MESSAGE_B= 0 4 4 16 13 2 192 64 248 179 0 1556 1782 1623 1798 1467 2683 1550 2402 190 263 181 196 222 643 236 591 0 2 252 239 251 241 53 142 52 86 0 0 0 0 0 0 0 0 
[13575.619231] 
[13575.620746] MESSAGE_B= 0 4 4 16 13 2 192 64 248 179 0 1556 1783 1627 1796 1472 2677 1552 2410 196 253 184 189 227 636 237 590 0 2 253 236 252 241 56 148 54 81 0 0 0 0 0 0 0 0 
[13575.757230] 
[13575.758746] MESSAGE_B= 0 4 4 16 13 2 192 64 248 179 0 1557 1789 1629 1799 1467 2677 1554 2415 197 263 183 194 225 633 230 591 0 2 253 233 252 242 56 150 46 77 0 0 0 0 0 0 0 0 
[13575.895234] 
[13575.896755] MESSAGE_B= 0 4 4 16 13 2 192 64 248 179 0 1566 1787 1635 1801 1464 2681 1555 2426 198 260 182 193 223 636 238 599 0 2 252 237 253 242 53 140 55 78 0 0 0 0 0 0 0 0 
[13576.033233] 
[13576.034748] MESSAGE_B= 0 4 4 16 14 2 192 64 248 179 0 1563 1790 1629 1800 1467 2675 1558 2431 196 265 184 193 231 633 241 602 0 2 251 238 252 241 59 141 54 75 0 0 0 0 0 0 0 0 
[13576.171236] 
[13576.172756] MESSAGE_B= 0 4 4 16 14 2 192 64 248 179 0 1562 1790 1627 1797 1460 2680 1558 2460 193 257 183 196 230 625 240 607 0 2 252 237 251 244 56 146 53 77 0 0 0 0 0 0 0 0 
[13576.309237] 
[13576.310752] MESSAGE_B= 0 4 4 16 14 2 192 64 248 179 0 1556 1794 1621 1792 1452 2721 1547 2471 197 281 187 203 230 630 236 602 0 2 252 236 248 246 62 148 55 82 0 0 0 0 2 0 0 0 
[13576.447234] 
[13576.448749] MESSAGE_B= 0 4 4 16 14 2 192 64 248 179 0 1553 1795 1620 1788 1453 2732 1549 2481 194 275 185 192 225 628 237 596 0 2 252 235 246 243 50 146 48 83 0 0 0 0 2 0 0 0 
[13576.585230] 
[13576.586744] MESSAGE_B= 0 4 4 16 13 2 192 64 248 179 0 1559 1791 1627 1792 1452 2743 1550 2501 195 271 188 192 224 616 233 592 0 2 251 237 248 242 54 131 57 79 0 0 0 0 2 0 0 0 
[13576.723234] 
[13576.724748] MESSAGE_B= 0 4 4 16 13 2 192 64 248 179 0 1561 1790 1629 1792 1456 2735 1548 2504 200 261 184 188 218 624 235 601 0 2 253 237 250 244 60 132 56 83 0 0 0 0 2 0 0 0 
[13576.861234] 
[13576.862750] MESSAGE_B= 0 4 4 16 13 2 192 64 248 179 0 1561 1792 1632 1795 1458 2736 1551 2505 201 259 186 190 221 624 231 600 0 2 254 240 250 244 58 138 53 83 0 0 0 0 2 0 0 0 
[13576.999235] 
[13577.000754] MESSAGE_B= 0 4 4 16 12 2 192 64 248 179 0 1563 1788 1633 1793 1468 2727 1562 2496 198 256 184 182 220 639 233 610 0 2 252 237 251 244 52 140 57 74 0 0 0 0 2 0 0 0 
[13577.137233] 
[13577.138747] MESSAGE_B= 0 4 4 16 11 2 192 64 248 179 0 1561 1790 1632 1794 1475 2733 1567 2496 196 251 185 181 221 634 238 607 0 2 252 239 252 243 44 135 63 74 0 0 0 0 2 0 0 0 
[13577.275232] 
[13577.276746] MESSAGE_B= 0 4 4 16 11 2 192 64 248 179 0 1562 1789 1632 1797 1474 2721 1572 2490 197 247 184 189 227 633 236 615 0 2 252 240 251 243 50 143 54 83 0 0 0 0 0 0 0 0 
[13577.413232] 
[13577.414752] MESSAGE_B= 0 4 4 16 12 2 192 64 248 179 0 1552 1773 1620 1783 1459 2663 1548 2463 195 250 184 187 219 594 235 568 0 2 250 241 251 243 49 136 49 92 0 0 0 0 0 0 0 0 
[13577.551234] 
[13577.552750] MESSAGE_B= 0 4 4 16 13 2 192 64 248 179 0 1552 1774 1621 1785 1458 2672 1551 2476 194 251 182 186 223 605 235 590 0 2 251 241 251 247 46 133 50 81 0 0 0 0 2 0 0 0 
[13577.689230] 
[13577.690768] MESSAGE_B= 0 4 4 16 13 2 192 64 248 179 0 1551 1775 1623 1788 1455 2676 1548 2477 199 243 183 188 219 613 238 596 0 2 252 237 251 247 43 129 52 73 0 0 0 0 2 0 0 0 
[13577.827232] 
[13577.828746] MESSAGE_B= 0 4 4 16 12 2 192 64 248 179 0 1551 1773 1624 1790 1459 2671 1549 2478 197 238 187 184 223 610 232 598 0 2 251 241 250 245 47 121 47 79 0 0 0 0 2 0 0 0 
[13577.965237] 
[13577.966753] MESSAGE_B= 0 4 4 16 11 2 192 64 248 179 0 1555 1776 1628 1786 1464 2684 1551 2476 196 238 184 188 222 614 231 595 0 2 252 238 251 247 47 131 50 72 0 0 0 0 0 0 0 0 
[13578.103236] 
[13578.104751] MESSAGE_B= 0 4 4 16 5 1 192 64 248 179 0 1823 1810 1682 1656 2289 2211 2104 2114 395 350 391 343 528 507 454 473 0 2 254 251 250 250 8 1 21 21 0 0 0 0 2 2 2 2 
[13578.240275] 
[13578.241834] MESSAGE_B= 0 4 4 16 4 1 192 64 248 179 0 1804 1831 1661 1678 2346 2162 2154 2076 380 371 378 362 582 489 506 438 0 2 254 252 250 247 0 25 33 2 0 0 0 0 2 2 2 2 
[13578.378234] 
[13578.379755] MESSAGE_B= 0 4 4 16 4 1 192 64 248 179 0 1785 1854 1648 1695 2376 2152 2145 2085 381 379 370 367 610 498 504 447 0 2 253 252 248 245 11 13 47 9 0 0 0 0 2 2 2 2 
[13578.516236] 
[13578.517751] MESSAGE_B= 0 4 4 16 3 1 192 64 248 179 0 1784 1845 1649 1684 2347 2124 2122 2068 381 373 366 357 619 475 506 426 0 2 253 252 247 244 7 52 37 12 0 0 0 0 2 2 2 2 
[13578.654230] 
[13578.655772] MESSAGE_B= 0 4 4 16 3 1 192 64 248 179 0 1794 1844 1658 1683 2349 2116 2114 2066 381 367 365 349 632 460 502 413 0 2 253 252 247 238 1 40 32 1 0 0 0 0 2 2 2 2 
[13578.791229] 
[13578.792787] MESSAGE_B= 0 4 4 16 3 1 192 64 248 179 0 1803 1858 1672 1695 2330 2141 2102 2086 383 368 366 357 595 459 482 417 0 2 252 253 247 246 5 29 37 8 0 0 0 0 2 2 2 2 
[13578.928229] 
[13578.929749] MESSAGE_B= 0 4 4 16 4 1 192 64 248 179 0 1811 1866 1669 1692 2333 2164 2113 2089 378 370 368 356 581 476 473 432 0 2 253 252 248 249 6 19 32 8 0 0 0 0 2 2 2 2 
[13579.065279] 
[13579.066796] MESSAGE_B= 0 4 4 16 5 1 192 64 248 179 0 1815 1877 1681 1703 2198 2258 2065 2108 375 369 363 349 374 355 358 334 0 31 253 253 255 254 52 11 57 19 0 0 0 0 0 0 0 0 
[13579.203235] 
[13579.204751] MESSAGE_B= 0 4 4 16 4 1 192 64 248 179 0 1821 1877 1689 1700 2198 2258 2065 2110 375 367 363 350 376 362 357 344 0 31 253 252 255 254 50 11 55 20 0 0 0 0 0 0 0 0 
[13579.341237] 
[13579.342754] MESSAGE_B= 0 4 4 16 4 1 192 64 248 179 0 1818 1869 1692 1704 2197 2257 2061 2107 366 374 357 351 385 361 363 347 0 31 253 252 255 253 58 17 59 16 0 0 0 0 0 0 0 0 
[13579.479229] 
[13579.480752] MESSAGE_B= 0 4 4 16 4 1 192 64 248 179 0 1826 1879 1696 1703 2198 2251 2069 2108 365 366 356 353 385 368 367 346 0 31 252 252 255 254 52 17 64 24 0 0 0 0 0 0 0 0 
[13579.617236] 
[13579.618751] MESSAGE_B= 0 4 4 16 4 1 192 64 248 179 0 1806 1869 1677 1710 2197 2257 2067 2103 368 366 356 350 393 352 370 335 0 31 253 252 255 253 53 19 58 20 0 0 0 0 0 0 0 0 
[13579.755229] 
[13579.756748] MESSAGE_B= 0 4 4 16 4 1 192 64 248 179 0 1795 1868 1665 1704 2192 2256 2060 2105 370 360 358 346 393 350 372 336 0 31 252 252 255 252 49 24 55 24 0 0 0 0 0 0 0 0 
[13579.893234] 
[13579.894754] MESSAGE_B= 0 4 4 16 4 1 192 64 248 179 0 1791 1866 1651 1690 2187 2257 2063 2107 373 365 366 352 395 358 373 343 0 31 252 252 255 254 47 24 61 27 0 0 0 0 0 0 0 0 
[13580.031236] 
[13580.032752] MESSAGE_B= 0 4 4 16 4 1 192 64 248 179 0 1750 1822 1614 1645 2270 2200 2100 2129 377 371 368 362 598 484 501 452 0 2 253 251 248 247 8 0 36 48 0 0 0 0 2 2 2 2 
[13580.169236] 
[13580.170752] MESSAGE_B= 0 4 4 16 4 1 192 64 248 179 0 1764 1834 1630 1656 2273 2219 2096 2132 377 363 366 352 601 482 507 453 0 2 253 251 248 250 4 3 39 45 0 0 0 0 2 2 2 2 
[13580.306237] 
[13580.307753] MESSAGE_B= 0 4 4 16 4 1 192 64 248 179 0 1775 1837 1631 1662 2276 2206 2087 2127 373 370 361 353 601 480 513 453 0 2 253 252 248 249 4 4 35 44 0 0 0 0 2 2 2 2 
[13580.443275] 
[13580.444792] MESSAGE_B= 0 4 4 16 4 1 192 64 248 179 0 1778 1847 1640 1670 2268 2237 2070 2132 367 367 363 356 620 474 508 447 0 2 254 253 248 251 4 19 32 47 0 0 0 0 2 2 2 2 
[13580.581232] 
[13580.582748] MESSAGE_B= 0 4 4 16 4 1 192 64 248 179 0 1790 1856 1658 1690 2276 2202 2082 2123 362 366 352 349 639 475 517 444 0 2 252 250 246 248 12 2 42 45 0 0 0 0 2 2 2 2 
[13580.719237] 
[13580.720796] MESSAGE_B= 0 4 4 16 4 1 192 64 248 179 0 1800 1865 1656 1690 2289 2196 2079 2118 360 360 351 342 644 474 521 445 0 2 251 248 246 244 9 4 43 49 0 0 0 0 2 2 2 2 
[13580.856235] 
[13580.857749] MESSAGE_B= 0 4 4 16 4 1 192 64 248 179 0 1786 1865 1648 1691 2295 2186 2080 2108 357 364 351 342 647 468 512 436 0 2 252 249 246 245 5 1 38 44 0 0 0 0 2 2 2 2 
[13580.993276] 
[13580.994792] MESSAGE_B= 0 4 4 16 4 1 192 64 248 179 0 1786 1869 1650 1693 2312 2191 2099 2110 359 362 350 346 657 469 518 437 0 2 253 250 245 247 4 6 38 49 0 0 0 0 2 2 2 2 
[13581.130235] 
[13581.131751] MESSAGE_B= 0 4 4 16 4 1 192 64 248 179 0 1769 1849 1634 1675 2170 2244 2039 2096 354 367 345 343 404 365 389 341 0 31 252 249 254 252 46 28 63 41 0 0 0 0 0 0 0 0 
[13581.268235] 
[13581.269750] MESSAGE_B= 0 4 4 16 4 1 192 64 248 179 0 1774 1853 1642 1677 2180 2244 2048 2096 351 364 343 339 398 365 378 342 0 31 253 250 255 252 56 31 59 43 0 0 0 0 0 0 0 0 
[13581.406236] 
[13581.407751] MESSAGE_B= 0 4 4 16 4 1 192 64 248 179 0 1777 1859 1646 1683 2189 2241 2058 2094 345 359 342 335 383 363 364 339 0 31 253 250 255 252 65 37 69 47 0 0 0 0 0 0 0 0 
[13581.544235] 
[13581.545749] MESSAGE_B= 0 4 4 16 4 1 192 64 248 179 0 1774 1862 1647 1685 2201 2239 2073 2089 338 356 334 334 380 362 364 342 0 31 252 251 254 252 63 40 74 44 0 0 0 0 0 0 0 0 
[13581.682236] 
[13581.683751] MESSAGE_B= 0 4 4 16 4 1 192 64 248 179 0 1787 1875 1659 1700 2208 2249 2075 2101 331 356 324 336 380 367 365 343 0 31 252 252 254 253 56 33 59 44 0 0 0 0 0 0 0 0 
[13581.820230] 
[13581.821743] MESSAGE_B= 0 4 4 16 4 1 192 64 248 179 0 1789 1864 1661 1688 2207 2251 2076 2103 327 351 320 331 383 365 364 342 0 31 252 252 255 254 51 41 51 49 0 0 0 0 0 0 0 0 
[13581.958231] 
[13581.959745] MESSAGE_B= 0 4 4 16 4 1 192 64 248 179 0 1794 1853 1663 1680 2201 2243 2072 2093 325 352 323 332 391 365 371 342 0 31 252 252 254 253 54 47 54 52 0 0 0 0 0 0 0 0 
[13582.096233] 
[13582.097755] MESSAGE_B= 0 4 4 16 4 1 192 64 248 179 0 1801 1860 1669 1687 2203 2243 2076 2089 319 356 324 333 395 371 377 345 0 31 253 252 254 253 48 45 53 52 0 0 0 0 0 0 0 0 
[13582.234233] 
[13582.235751] MESSAGE_B= 0 4 4 16 4 1 192 64 248 179 0 1807 1859 1674 1681 2203 2248 2073 2098 323 364 320 337 402 375 383 352 0 31 253 252 254 254 49 49 58 52 0 0 0 0 0 0 0 0 
[13582.372231] 
[13582.373747] MESSAGE_B= 0 4 4 16 3 0 192 64 248 179 0 1795 1838 1658 1667 2194 2228 2064 2081 316 369 318 341 414 370 392 354 0 31 253 251 255 253 61 46 70 48 0 0 0 0 0 0 0 0 
[13582.510234] 
[13582.511750] MESSAGE_B= 0 4 4 16 4 1 192 64 248 179 0 1796 1840 1660 1671 2195 2236 2069 2086 320 375 315 341 410 377 397 359 0 31 253 251 254 253 47 45 64 52 0 0 0 0 0 0 0 0 
[13582.648233] 
[13582.649749] MESSAGE_B= 0 4 4 16 4 0 192 64 248 179 0 1783 1823 1647 1653 2188 2232 2066 2085 328 369 318 343 427 376 411 356 0 31 254 251 255 253 49 57 60 59 0 0 0 0 0 0 0 0 
[13582.786231] 
[13582.787745] MESSAGE_B= 0 4 4 16 4 1 192 64 248 179 0 1795 1837 1660 1667 2187 2246 2065 2100 328 371 319 344 424 378 400 363 0 31 253 251 255 254 45 50 52 53 0 0 0 0 0 0 0 0 
[13582.924235] 
[13582.925753] MESSAGE_B= 0 4 4 16 4 1 192 64 248 179 0 1796 1840 1657 1668 2187 2250 2063 2105 324 374 314 347 425 377 407 360 0 31 253 251 255 253 45 53 58 51 0 0 0 0 0 0 0 0 
[13583.062236] 
[13583.063761] MESSAGE_B= 0 4 4 16 4 1 192 64 248 179 0 1801 1843 1662 1677 2191 2249 2067 2101 315 372 303 345 424 380 413 361 0 31 253 251 254 253 43 62 58 63 0 0 0 0 0 0 0 0 
[13583.200235] 
[13583.201749] MESSAGE_B= 0 4 4 16 4 1 192 64 248 179 0 1800 1850 1667 1679 2184 2242 2061 2096 302 375 293 344 432 382 414 363 0 31 253 251 255 254 43 56 57 64 0 0 0 0 0 0 0 0 
[13583.338237] 
[13583.339759] MESSAGE_B= 0 4 4 16 4 1 192 64 248 179 0 1800 1849 1670 1679 2177 2242 2053 2094 301 374 296 344 432 379 413 364 0 31 253 250 255 254 39 60 52 65 0 0 0 0 0 0 0 0 
[13583.476235] 
[13583.477750] MESSAGE_B= 0 4 4 16 4 1 192 64 248 179 0 1796 1854 1668 1676 2181 2244 2053 2091 315 376 304 347 437 370 420 355 0 31 253 250 255 254 42 56 48 62 0 0 0 0 0 0 0 0 
[13583.614230] 
[13583.615744] MESSAGE_B= 0 4 4 16 4 1 192 64 248 179 0 1763 1826 1629 1647 2168 2229 2032 2079 319 383 308 350 439 355 417 343 0 31 252 250 255 254 44 56 44 60 0 0 0 0 0 0 0 0 
[13583.752229] 
[13583.753744] MESSAGE_B= 0 4 4 16 4 1 192 64 248 179 0 1765 1833 1633 1652 2168 2228 2033 2080 316 384 306 350 438 358 409 342 0 31 252 249 255 253 44 56 38 62 0 0 0 0 0 0 0 0 
[13583.890234] 
[13583.891748] MESSAGE_B= 0 4 4 16 4 1 192 64 248 179 0 1765 1835 1633 1660 2179 2232 2046 2087 317 381 312 347 434 368 417 356 0 31 252 248 255 253 43 55 46 66 0 0 0 0 0 0 0 0 
[13584.028231] 
[13584.029752] MESSAGE_B= 0 4 4 16 4 1 192 64 248 179 0 1773 1835 1642 1663 2173 2236 2053 2088 315 380 308 350 432 369 414 350 0 31 253 250 254 254 43 60 57 69 0 0 0 0 0 0 0 0 
[13584.166230] 
[13584.167745] MESSAGE_B= 0 4 4 16 3 1 192 64 248 179 0 1803 1853 1666 1679 2185 2237 2052 2091 307 385 298 355 442 360 415 341 0 31 253 251 255 253 46 58 49 65 0 0 0 0 0 0 0 0 
[13584.304233] 
[13584.304256] MESSAGE_B= 0 4 4 16 4 1 192 64 248 179 0 1812 1878 1676 1699 2190 2239 2063 2094 312 406 305 381 438 371 414 359 0 31 253 251 255 253 43 63 45 63 0 0 0 0 0 0 0 0 
[13584.425231] 
[13584.426766] MESSAGE_B= 0 4 4 16 4 1 192 64 248 179 0 1823 1888 1685 1710 2192 2234 2068 2090 317 404 310 376 428 377 410 360 0 31 253 252 254 253 38 69 51 67 0 0 0 0 0 0 0 0 
[13584.563230] 
[13584.564792] MESSAGE_B= 0 4 4 16 5 1 192 64 248 179 0 1827 1867 1688 1693 2193 2247 2061 2100 337 385 325 347 420 364 394 347 0 31 253 252 255 253 36 64 36 67 0 0 0 0 0 0 0 0 
[13584.701229] 
[13584.702743] MESSAGE_B= 0 4 4 16 4 0 192 64 248 179 0 1820 1834 1686 1661 2178 2234 2051 2084 346 370 338 336 412 390 390 372 0 31 253 250 254 253 31 76 32 74 0 0 0 0 0 0 0 0 
[13584.839230] 
[13584.840745] MESSAGE_B= 0 4 4 16 4 1 192 64 248 179 0 1819 1831 1686 1657 2184 2241 2057 2093 346 374 336 333 411 400 387 376 0 31 252 250 255 253 33 72 36 76 0 0 0 0 0 0 0 0 
[13584.977235] 
[13584.978751] MESSAGE_B= 0 4 4 16 4 1 192 64 248 179 0 1825 1838 1689 1664 2193 2248 2067 2099 343 371 333 340 406 400 392 379 0 31 253 251 255 253 38 76 44 78 0 0 0 0 0 0 0 0 
[13585.115230] 
[13585.116746] MESSAGE_B= 0 4 4 16 4 1 192 64 248 179 0 1830 1839 1693 1665 2200 2254 2077 2104 339 371 331 339 415 398 396 382 0 31 253 250 254 253 43 79 51 77 0 0 0 0 0 0 0 0 
[13585.253229] 
[13585.254744] MESSAGE_B= 0 4 4 16 4 1 192 64 248 179 0 1829 1841 1690 1667 2197 2253 2083 2103 339 370 329 336 421 399 407 375 0 31 253 249 254 253 42 76 57 81 0 0 0 0 0 0 0 0 
[13585.391234] 
[13585.392748] MESSAGE_B= 0 4 4 16 4 1 192 64 248 179 0 1817 1833 1687 1661 2200 2254 2079 2105 340 369 326 339 423 396 405 371 0 31 254 249 255 253 46 79 56 82 0 0 0 0 0 0 0 0 
[13585.529229] 
[13585.530748] MESSAGE_B= 0 4 4 16 4 1 192 64 248 179 0 1813 1836 1684 1663 2190 2257 2076 2108 335 371 325 337 426 397 417 371 0 31 253 249 254 253 43 75 63 77 0 0 0 0 0 0 0 0 
[13585.667230] 
[13585.668745] MESSAGE_B= 0 4 4 16 4 1 192 64 248 179 0 1803 1837 1677 1662 2188 2257 2068 2106 330 369 319 340 433 397 411 372 0 31 253 249 254 253 45 73 54 76 0 0 0 0 0 0 0 0 
[13585.805231] 
[13585.806745] MESSAGE_B= 0 4 4 16 4 1 192 64 248 179 0 1819 1849 1689 1672 2201 2264 2077 2115 327 367 316 339 426 396 409 377 0 31 253 250 255 254 48 74 60 72 0 0 0 0 0 0 0 0 
[13585.943234] 
[13585.944749] MESSAGE_B= 0 4 4 16 4 1 192 64 248 179 0 1815 1840 1679 1673 2183 2253 2055 2107 329 368 319 337 424 394 407 376 0 31 252 250 255 254 46 72 57 78 0 0 0 0 0 0 0 0 
[13586.081231] 
[13586.082745] MESSAGE_B= 0 4 4 16 4 1 192 64 248 179 0 1811 1838 1681 1670 2189 2257 2074 2116 329 363 320 334 425 399 413 374 0 31 253 248 254 253 50 76 64 78 0 0 0 0 0 0 0 0 
[13586.219238] 
[13586.220758] MESSAGE_B= 0 4 4 16 4 1 192 64 248 179 0 1816 1854 1691 1683 2195 2271 2078 2129 329 364 326 332 434 398 406 383 0 31 253 250 255 253 53 74 53 75 0 0 0 0 0 0 0 0 
[13586.357235] 
[13586.358751] MESSAGE_B= 0 4 4 16 4 1 192 64 248 179 0 1817 1854 1692 1682 2206 2280 2088 2142 342 363 336 328 433 398 415 387 0 31 251 251 255 255 54 75 58 80 0 0 0 0 0 0 0 0 
[13586.495239] 
[13586.496764] MESSAGE_B= 0 4 4 16 4 1 192 64 248 179 0 1825 1864 1699 1692 2213 2292 2098 2152 344 367 333 330 441 402 415 386 0 31 252 250 254 254 58 68 55 76 0 0 0 0 0 0 0 0 
[13586.633234] 
[13586.634749] MESSAGE_B= 0 4 4 16 4 1 192 64 248 179 0 1844 1872 1712 1696 2226 2303 2113 2161 342 362 336 335 434 400 416 372 0 31 253 249 255 254 52 67 58 74 0 0 0 0 0 0 0 0 
[13586.771237] 
[13586.772757] MESSAGE_B= 0 4 4 16 4 1 192 64 248 179 0 1846 1873 1714 1697 2232 2306 2114 2164 348 360 341 338 441 395 414 369 0 31 253 248 255 254 50 64 52 69 0 0 0 0 0 0 0 0 
[13586.909229] 
[13586.910742] MESSAGE_B= 0 4 4 16 4 1 192 64 248 179 0 1850 1881 1720 1705 2234 2312 2124 2170 348 360 339 334 440 392 421 368 0 31 253 249 255 253 52 66 54 68 0 0 0 0 0 0 0 0 
[13587.047233] 
[13587.048748] MESSAGE_B= 0 4 4 16 4 1 192 64 248 179 0 1850 1882 1724 1708 2241 2313 2119 2173 345 362 343 335 439 391 416 375 0 31 252 249 255 253 49 62 48 62 0 0 0 0 0 0 0 0 
[13587.185230] 
[13587.186742] MESSAGE_B= 0 4 4 16 4 1 192 64 248 179 0 1841 1882 1718 1710 2259 2331 2139 2185 350 371 352 336 446 395 420 373 0 31 251 248 255 253 43 60 50 62 0 0 0 0 0 0 0 0 
[13587.323231] 
[13587.324746] MESSAGE_B= 0 4 4 16 4 1 192 64 248 179 0 1860 1889 1733 1719 2274 2340 2158 2191 350 370 351 338 442 398 428 376 0 31 253 248 255 254 42 64 55 65 0 0 0 0 0 0 0 0 
[13587.461235] 
[13587.462758] MESSAGE_B= 0 4 4 16 4 1 192 64 248 179 0 1869 1890 1739 1719 2281 2341 2164 2190 350 368 349 336 447 405 426 371 0 31 253 248 254 253 45 64 52 72 0 0 0 0 0 0 0 0 
[13587.599229] 
[13587.600743] MESSAGE_B= 0 4 4 16 4 1 192 64 248 179 0 1877 1895 1737 1722 2281 2342 2160 2193 350 370 343 337 431 400 417 376 0 31 253 248 255 253 48 59 59 66 0 0 0 0 0 0 0 0 
[13587.737234] 
[13587.738754] MESSAGE_B= 0 4 4 16 4 1 192 64 248 179 0 1880 1893 1741 1722 2282 2344 2165 2194 342 368 342 336 435 399 424 377 0 31 252 248 254 253 46 62 63 65 0 0 0 0 0 0 0 0 
[13587.875231] 
[13587.876745] MESSAGE_B= 0 4 4 16 3 1 192 64 248 179 0 1875 1896 1739 1724 2285 2346 2165 2195 348 366 339 340 438 398 417 378 0 31 252 248 255 253 50 70 58 67 0 0 0 0 0 0 0 0 
[13588.013238] 
[13588.014753] MESSAGE_B= 0 4 4 16 3 1 192 64 248 179 0 1885 1908 1747 1736 2287 2349 2165 2198 349 368 343 335 436 398 417 378 0 31 252 248 255 253 48 65 56 69 0 0 0 0 0 0 0 0 
[13588.151237] 
[13588.152751] MESSAGE_B= 0 4 4 16 3 1 192 64 248 179 0 1880 1906 1742 1733 2283 2350 2162 2200 351 366 343 338 435 398 416 375 0 31 251 249 255 252 46 65 54 70 0 0 0 0 0 0 0 0 
[13588.289234] 
[13588.290750] MESSAGE_B= 0 4 4 16 4 1 192 64 248 179 0 1881 1907 1745 1735 2276 2347 2156 2198 342 369 334 342 436 399 415 376 0 31 252 248 255 253 48 64 53 68 0 0 0 0 0 0 0 0 
[13588.427232] 
[13588.428747] MESSAGE_B= 0 4 4 16 3 1 192 64 248 179 0 1872 1904 1742 1731 2272 2346 2152 2196 341 374 336 342 438 397 416 370 0 31 252 249 254 252 47 66 53 71 0 0 0 0 0 0 0 0 
[13588.565229] 
[13588.566743] MESSAGE_B= 0 4 4 16 3 1 192 64 248 179 0 1874 1908 1741 1734 2278 2348 2154 2203 336 379 335 342 438 394 414 370 0 31 252 248 255 252 50 65 56 70 0 0 0 0 0 0 0 0 
[13588.703236] 
[13588.704750] MESSAGE_B= 0 4 4 16 3 1 192 64 248 179 0 1884 1913 1753 1739 2281 2353 2158 2208 337 372 334 340 433 398 412 376 0 31 253 249 254 252 46 64 54 57 0 0 0 0 0 0 0 0 
[13588.841230] 
[13588.842748] MESSAGE_B= 0 4 4 16 3 1 192 64 248 179 0 1892 1917 1760 1744 2286 2358 2164 2211 337 369 337 341 440 400 418 375 0 31 253 249 255 253 48 64 57 62 0 0 0 0 0 0 0 0 
[13588.979233] 
[13588.980754] MESSAGE_B= 0 4 4 16 4 1 192 64 248 179 0 1896 1926 1765 1750 2289 2363 2162 2211 341 371 337 343 441 404 424 377 0 31 254 249 255 253 49 63 54 68 0 0 0 0 0 0 0 0 
[13589.117232] 
[13589.118747] MESSAGE_B= 0 4 4 16 3 1 192 64 248 179 0 1897 1931 1771 1757 2285 2362 2166 2210 340 376 336 346 445 402 425 374 0 31 253 250 254 253 53 61 56 66 0 0 0 0 0 0 0 0 
[13589.255231] 
[13589.256746] MESSAGE_B= 0 4 4 16 4 1 192 64 248 179 0 1896 1925 1764 1754 2288 2362 2166 2211 341 372 337 343 448 403 430 379 0 31 253 250 255 253 50 60 58 66 0 0 0 0 0 0 0 0 
[13589.393231] 
[13589.394746] MESSAGE_B= 0 4 4 16 3 1 192 64 248 179 0 1912 1933 1777 1764 2295 2372 2175 2227 339 380 327 346 452 406 434 389 0 31 254 250 255 253 57 56 66 61 0 0 0 0 0 0 0 0 
[13589.531229] 
[13589.532746] MESSAGE_B= 0 4 4 16 3 1 192 64 248 179 0 1917 1917 1786 1764 2299 2371 2180 2228 332 382 313 348 450 421 441 404 0 31 253 251 255 253 55 40 65 47 0 0 0 0 0 0 0 0 
[13589.669230] 
[13589.670743] MESSAGE_B= 0 4 4 16 3 1 192 64 248 179 0 1918 1910 1798 1756 2298 2383 2178 2239 335 380 325 353 460 429 448 415 0 31 254 252 255 254 59 33 62 36 0 0 0 0 0 0 0 0 
[13589.807229] 
[13589.808769] MESSAGE_B= 0 4 4 16 3 1 192 64 248 179 0 1922 1912 1806 1763 2290 2393 2172 2251 329 379 337 351 456 439 436 425 0 31 253 253 255 254 51 26 59 31 0 0 0 0 0 0 0 0 
[13589.945235] 
[13589.946760] MESSAGE_B= 0 4 4 16 4 1 192 64 248 179 0 1929 1913 1809 1756 2289 2399 2171 2247 331 377 341 347 448 442 431 421 0 31 254 254 255 255 46 27 54 29 0 0 0 0 0 0 0 0 
[13590.083233] 
[13590.084748] MESSAGE_B= 0 4 4 16 3 1 192 64 248 179 0 1926 1910 1813 1760 2287 2393 2176 2246 343 370 349 345 446 447 434 428 0 31 254 255 255 255 43 24 54 26 0 0 0 0 0 0 0 0 
[13590.221232] 
[13590.222752] MESSAGE_B= 0 4 4 16 3 1 192 64 248 179 0 1919 1909 1799 1763 2284 2399 2174 2251 347 367 353 347 441 456 430 433 0 31 255 255 255 255 37 24 49 21 0 0 0 0 0 0 0 0 
[13590.359233] 
[13590.360749] MESSAGE_B= 0 4 4 16 3 1 192 64 248 179 0 1898 1907 1785 1760 2286 2398 2171 2248 346 374 348 348 444 461 430 428 0 31 255 255 255 255 35 16 42 15 0 0 0 0 0 0 0 0 
[13590.497236] 
[13590.498753] MESSAGE_B= 0 4 4 16 3 1 192 64 248 179 0 1902 1911 1774 1764 2288 2400 2176 2253 347 367 347 346 452 454 438 431 0 31 254 254 255 255 35 17 47 18 0 0 0 0 0 0 0 0 
[13590.635236] 
[13590.636752] MESSAGE_B= 0 4 4 16 3 1 192 64 248 179 0 1895 1905 1767 1763 2294 2396 2181 2247 343 374 334 347 453 453 438 421 0 31 254 250 255 254 37 19 54 33 0 0 0 0 0 0 0 0 
[13590.773237] 
[13590.774772] MESSAGE_B= 0 4 4 16 3 1 192 64 248 179 0 1863 1863 1727 1706 2276 2374 2161 2227 349 373 343 344 437 456 435 428 0 31 253 251 255 254 34 24 52 33 0 0 0 0 0 0 0 0 
[13590.911237] 
[13590.912759] MESSAGE_B= 0 4 4 16 3 1 192 64 248 179 0 1866 1872 1730 1714 2290 2378 2171 2230 344 373 338 342 432 458 430 433 0 31 253 251 254 254 37 28 54 32 0 0 0 0 0 0 0 0 
[13591.049240] 
[13591.050756] MESSAGE_B= 0 4 4 16 3 1 192 64 248 179 0 1871 1873 1736 1715 2298 2380 2185 2230 339 368 333 343 437 459 434 427 0 31 253 252 254 254 43 29 61 35 0 0 0 0 0 0 0 0 
[13591.187234] 
[13591.188781] MESSAGE_B= 0 4 4 16 3 1 192 64 248 179 0 1873 1880 1741 1722 2301 2382 2188 2236 328 373 328 347 436 460 433 435 0 31 253 251 255 254 44 27 63 32 0 0 0 0 0 0 0 0 
[13591.325235] 
[13591.326752] MESSAGE_B= 0 4 4 16 3 1 192 64 248 179 0 1881 1898 1748 1731 2302 2390 2190 2242 331 373 328 350 446 464 444 434 0 31 252 252 254 253 54 28 69 30 0 0 0 0 0 0 0 0 
[13591.463235] 
[13591.464751] MESSAGE_B= 0 4 4 16 3 1 192 64 248 179 0 1885 1898 1750 1732 2303 2392 2177 2242 346 371 334 350 435 456 430 427 0 31 252 251 254 254 52 34 63 36 0 0 0 0 0 0 0 0 
[13591.601238] 
[13591.602756] MESSAGE_B= 0 4 4 16 3 1 192 64 248 179 0 1896 1914 1764 1752 2307 2397 2188 2247 338 376 332 350 438 455 424 427 0 31 253 252 255 254 58 31 67 38 0 0 0 0 0 0 0 0
