[ 2106.815663] MESSAGE_B= 0 0 0 16 4 10 192 64 248 179 0 1743 0 2823 0 2453 0 2857 0 1158 0 277 0 1150 0 341 0 0 12 207 0 192 0 0 10 43 0 2 2 2 2 2 2 0 2 
[ 2106.950142] 
[ 2106.951658] MESSAGE_B= 0 0 0 16 3 8 192 64 248 179 0 2276 0 2704 0 2824 0 2504 0 1206 0 177 0 1256 0 380 0 0 12 211 0 224 0 0 239 83 0 2 2 2 2 2 2 0 2 
[ 2107.086145] 
[ 2107.087667] MESSAGE_B= 0 0 0 16 2 8 192 64 248 179 0 2243 0 2590 0 2731 0 2198 0 1242 0 242 0 1211 0 400 0 0 12 153 0 79 0 0 216 53 0 2 2 2 2 2 2 0 2 
[ 2107.222142] 
[ 2107.223657] MESSAGE_B= 0 0 0 16 1 3 192 64 248 179 0 1961 0 1932 0 2332 2616 1460 1353 1093 0 695 0 1025 547 847 538 0 12 74 0 182 193 0 213 152 198 2 2 2 2 2 2 2 2 
[ 2107.359143] 
[ 2107.360658] MESSAGE_B= 0 0 0 16 0 2 192 64 248 179 0 1479 696 1808 640 1247 1279 1319 1742 676 8 749 16 512 566 470 685 0 12 127 255 227 120 0 84 205 98 2 2 2 0 2 2 2 0 
[ 2107.496139] 
[ 2107.497655] MESSAGE_B= 0 0 0 16 0 2 192 64 248 179 0 0 0 0 0 0 1564 0 1464 0 0 0 0 0 823 0 567 0 12 0 0 0 212 0 0 172 160 2 2 2 2 0 2 2 0 
[ 2107.631146] 
[ 2107.631170] MESSAGE_B= 0 0 0 16 0 5 192 64 248 179 0 0 0 0 0 0 1898 0 1463 0 0 0 0 0 839 0 594 0 12 0 0 0 251 0 0 93 5 2 2 2 2 0 2 2 0 
[ 2107.752141] 
[ 2107.753655] MESSAGE_B= 0 0 0 16 0 7 192 64 248 179 0 0 0 0 0 0 2080 0 1243 0 0 0 0 0 336 0 439 0 12 0 0 0 206 0 0 230 78 2 2 2 2 0 2 2 0 
[ 2107.886143] 
[ 2107.887664] MESSAGE_B= 0 0 0 16 0 4 192 64 248 179 0 0 2983 0 1621 0 2398 0 999 0 91 0 418 0 544 0 291 0 12 0 191 0 233 0 0 0 0 2 2 0 2 0 2 2 2 
[ 2108.021146] 
[ 2108.022701] MESSAGE_B= 0 0 0 16 0 17 192 64 248 179 0 0 3480 0 1752 0 3312 0 908 0 290 0 561 0 670 0 191 0 12 0 131 0 40 0 0 0 0 2 0 0 0 0 2 2 2 
[ 2108.156138] 
[ 2108.157693] MESSAGE_B= 0 0 0 16 0 15 192 64 248 179 0 0 3774 0 1666 0 3440 0 1554 0 75 0 605 0 549 0 598 0 12 0 9 0 154 0 147 0 0 2 0 0 0 0 2 2 2 
[ 2108.291147] 
[ 2108.292704] MESSAGE_B= 0 0 0 16 0 14 192 64 248 179 0 0 3635 0 1523 0 3346 0 1323 0 40 0 779 0 566 0 542 0 12 0 11 0 142 0 204 0 0 2 2 0 0 0 2 2 2 
[ 2108.426138] 
[ 2108.427694] MESSAGE_B= 0 0 0 16 0 13 192 64 248 179 0 1505 2837 2833 1019 0 3074 0 728 127 92 255 434 0 218 0 116 0 12 24 17 0 252 0 86 0 0 2 2 0 0 0 2 2 0 
[ 2108.562189] 
[ 2108.563708] MESSAGE_B= 0 0 0 16 0 4 192 64 248 179 0 1575 0 2962 0 1248 0 3408 0 192 0 191 0 0 0 0 0 0 12 96 0 0 0 0 65 0 0 0 2 0 0 2 2 2 0 
[ 2108.697145] 
[ 2108.698662] MESSAGE_B= 0 0 0 16 0 4 192 64 248 179 0 1412 0 3090 0 1316 0 3260 0 103 0 248 0 28 0 109 0 0 12 112 0 138 0 0 0 0 0 2 2 0 2 0 2 2 0 
[ 2108.832189] 
[ 2108.833703] MESSAGE_B= 0 0 0 16 0 3 192 64 248 179 0 0 91 0 1619 0 115 0 206 0 0 0 0 0 0 0 0 1 12 0 0 39 0 0 0 0 0 0 0 0 0 0 0 0 1 
[ 2108.966141] 
[ 2108.967657] MESSAGE_B= 0 0 0 16 0 3 192 64 248 179 0 0 0 0 0 0 0 0 0 0 0 0 0 0 0 0 0 1 12 0 0 0 0 0 4 0 0 0 0 0 0 1 0 0 1 
[ 2109.099185] 
[ 2109.100700] MESSAGE_B= 0 0 0 16 0 3 192 64 248 179 0 0 0 0 0 0 0 0 0 0 0 0 0 0 0 0 0 0 12 0 0 0 0 0 208 0 0 2 2 0 2 0 2 2 0 
[ 2109.232139] 
[ 2109.233694] MESSAGE_B= 0 0 0 16 0 3 192 64 248 179 0 0 0 0 0 0 0 0 0 0 0 0 0 0 0 0 0 1 12 0 0 0 0 0 12 1 0 0 0 0 0 1 0 0 1 
[ 2109.365137] 
[ 2109.366691] MESSAGE_B= 0 0 0 16 0 3 192 64 248 179 0 0 0 0 0 0 0 0 0 0 0 0 0 0 0 0 0 1 12 0 0 0 0 0 11 1 0 0 0 0 0 1 0 0 1 
[ 2109.498137] 
[ 2109.499692] MESSAGE_B= 0 0 0 16 0 3 192 64 248 179 0 0 0 0 0 0 0 0 0 0 0 0 0 0 0 0 0 1 12 0 0 0 0 0 1 1 0 0 0 0 0 1 0 0 1 
[ 2109.631139] 
[ 2109.631158] MESSAGE_B= 0 0 0 16 0 3 192 64 248 179 0 0 0 0 0 0 0 0 0 0 0 0 0 0 0 0 0 1 12 0 0 0 0 0 0 0 0 0 0 0 0 1 0 0 1 
[ 2109.752137] 
[ 2109.753650] MESSAGE_B= 0 0 0 16 0 3 192 64 248 179 0 0 0 0 0 0 0 0 0 0 0 0 0 0 0 0 0 1 12 0 0 0 0 0 0 0 0 0 0 0 0 1 0 0 1 
[ 2109.885143] 
[ 2109.886655] MESSAGE_B= 0 0 0 16 0 4 192 64 248 179 0 0 0 0 0 0 0 0 0 0 0 0 0 0 0 0 0 1 12 0 0 0 0 0 0 0 0 0 0 0 0 1 0 0 1 
[ 2110.018139] 
[ 2110.019651] MESSAGE_B= 0 0 0 16 0 4 192 64 248 179 0 0 0 0 0 0 0 0 0 0 0 0 0 0 0 0 0 1 12 0 0 0 0 0 0 0 0 0 0 0 0 1 0 0 1 
[ 2110.151142] 
[ 2110.152656] MESSAGE_B= 0 0 0 16 0 4 192 64 248 179 0 0 0 0 0 0 0 0 0 0 0 0 0 0 0 0 0 1 12 0 0 0 0 0 0 0 0 0 0 0 0 1 0 0 1 
[ 2110.284135] 
[ 2110.285651] MESSAGE_B= 0 0 0 16 0 4 192 64 248 179 0 0 0 0 0 0 0 0 0 0 0 0 0 0 0 0 0 1 12 0 0 0 0 0 0 0 0 0 0 0 0 1 0 0 1 
[ 2110.417139] 
[ 2110.418652] MESSAGE_B= 0 0 0 16 1 3 192 64 248 179 0 0 0 0 0 0 0 0 0 0 0 0 0 0 0 0 0 1 12 0 0 0 0 0 0 0 0 0 0 0 0 1 0 0 1 
[ 2110.550137] 
[ 2110.551649] MESSAGE_B= 0 0 0 16 25 3 192 64 248 179 0 0 0 0 0 0 0 0 0 0 0 0 0 0 0 0 0 1 12 0 0 0 0 0 0 0 0 0 0 1 0 1 0 0 1 
[ 2110.683144] 
[ 2110.684662] MESSAGE_B= 0 0 0 16 2 4 192 64 248 179 0 0 0 0 0 0 0 0 0 0 0 0 0 0 0 0 0 1 12 0 0 0 0 0 0 0 0 0 0 0 0 1 0 0 1 
[ 2110.816136] 
[ 2110.817648] MESSAGE_B= 0 0 0 16 18 3 192 64 248 179 0 0 0 0 0 0 0 0 0 0 0 0 0 0 0 0 0 1 12 0 0 0 0 0 0 0 0 0 0 1 0 1 0 0 1 
[ 2110.949140] 
[ 2110.950657] MESSAGE_B= 0 0 0 16 1 3 192 64 248 179 0 0 0 0 0 0 0 0 0 0 0 0 0 0 0 0 0 1 12 0 0 0 0 0 0 0 0 0 0 0 0 1 0 0 1 
[ 2111.082139] 
[ 2111.083653] MESSAGE_B= 0 0 0 16 0 4 192 64 248 179 0 0 0 0 0 0 0 0 0 0 0 0 0 0 0 0 0 1 12 0 0 0 0 0 0 0 0 0 0 0 0 1 0 0 1 
[ 2111.215142] 
[ 2111.216655] MESSAGE_B= 0 0 0 16 0 4 192 64 248 179 0 0 0 0 0 0 0 0 0 0 0 0 0 0 0 0 0 1 12 0 0 0 0 0 0 0 0 0 0 0 0 1 0 0 1 
[ 2111.348136] 
[ 2111.349649] MESSAGE_B= 0 0 0 16 0 4 192 64 248 179 0 0 0 0 0 0 0 0 0 0 0 0 0 0 0 0 0 1 12 0 0 0 0 0 0 0 0 0 0 0 0 1 0 0 1 
[ 2111.481136] 
[ 2111.482649] MESSAGE_B= 0 0 0 16 0 4 192 64 248 179 0 0 0 0 0 0 0 0 0 0 0 0 0 0 0 0 0 1 12 0 0 0 0 0 0 0 0 0 0 0 0 1 0 0 1 
[ 2111.614137] 
[ 2111.615650] MESSAGE_B= 0 0 0 16 0 4 192 64 248 179 0 0 0 0 0 0 0 0 0 0 0 0 0 0 0 0 0 1 12 0 0 0 0 0 0 0 0 0 0 0 0 1 0 0 1 
[ 2111.747143] 
[ 2111.748658] MESSAGE_B= 0 0 0 16 0 4 192 64 248 179 0 0 0 0 0 0 0 0 0 0 0 0 0 0 0 0 0 1 12 0 0 0 0 0 0 0 0 0 0 0 0 1 0 0 1 
[ 2111.880142] 
[ 2111.881656] MESSAGE_B= 0 0 0 16 0 4 192 64 248 179 0 0 0 0 0 0 0 0 0 0 0 0 0 0 0 0 0 1 12 0 0 0 0 0 0 0 0 0 0 0 0 1 0 0 1 
[ 2112.014145] 
[ 2112.015663] MESSAGE_B= 0 0 0 16 0 4 192 64 248 179 0 0 0 0 0 0 0 0 0 0 0 0 0 0 0 0 0 1 12 0 0 0 0 0 0 0 0 0 0 0 0 1 0 0 1 
[ 2112.147181] 
[ 2112.148695] MESSAGE_B= 0 0 0 16 0 4 192 64 248 179 0 0 0 0 0 0 0 0 0 0 0 0 0 0 0 0 0 1 12 0 0 0 0 0 0 0 0 0 0 0 0 1 0 0 1 
[ 2112.280137] 
[ 2112.281690] MESSAGE_B= 0 0 0 16 0 4 192 64 248 179 0 0 0 0 0 0 0 0 0 0 0 0 0 0 0 0 0 1 12 0 0 0 0 0 0 0 0 0 0 0 0 1 0 0 1 
[ 2112.413143] 
[ 2112.414698] MESSAGE_B= 0 0 0 16 0 4 192 64 248 179 0 0 0 0 0 0 0 0 0 0 0 0 0 0 0 0 0 1 12 0 0 0 0 0 0 0 0 0 0 0 0 1 0 0 1 
[ 2112.546137] 
[ 2112.547693] MESSAGE_B= 0 0 0 16 0 4 192 64 248 179 0 0 0 0 0 0 0 0 0 0 0 0 0 0 0 0 0 1 12 0 0 0 0 0 0 0 0 0 0 0 0 1 0 0 1 
[ 2112.679140] 
[ 2112.680707] MESSAGE_B= 0 0 0 16 0 4 192 64 248 179 0 0 0 0 0 0 0 0 0 0 0 0 0 0 0 0 0 1 12 0 0 0 0 0 0 0 0 0 0 0 0 1 0 0 1 
[ 2112.812139] 
[ 2112.813696] MESSAGE_B= 0 0 0 16 0 4 192 64 248 179 0 0 0 0 0 0 0 0 0 0 0 0 0 0 0 0 0 1 12 0 0 0 0 0 0 0 0 0 0 0 0 1 0 0 1 
[ 2112.945141] 
[ 2112.946705] MESSAGE_B= 0 0 0 16 0 4 192 64 248 179 0 0 0 0 0 0 0 0 0 0 0 0 0 0 0 0 0 1 12 0 0 0 0 0 0 0 0 0 0 0 0 1 0 0 1 
[ 2113.078139] 
[ 2113.079713] MESSAGE_B= 0 0 0 16 0 4 192 64 248 179 0 0 0 0 0 0 0 0 0 0 0 0 0 0 0 0 0 1 12 0 0 0 0 0 0 0 0 0 0 0 0 1 0 0 1 
[ 2113.211136] 
[ 2113.212654] MESSAGE_B= 0 0 0 16 0 4 192 64 248 179 0 0 0 0 0 0 0 0 0 0 0 0 0 0 0 0 0 1 12 0 0 0 0 0 0 0 0 0 0 0 0 1 0 0 1 
[ 2113.344138] 
[ 2113.345661] MESSAGE_B= 0 0 0 16 0 4 192 64 248 179 0 0 0 0 0 0 0 0 0 0 0 0 0 0 0 0 0 1 12 0 0 0 0 0 0 0 0 0 0 0 0 1 0 0 1 
[ 2113.477135] 
[ 2113.478657] MESSAGE_B= 0 0 0 16 0 4 192 64 248 179 0 0 0 0 0 0 0 0 0 0 0 0 0 0 0 0 0 1 12 0 0 0 0 0 1 0 0 0 0 0 0 1 0 0 1 
[ 2113.610137] 
[ 2113.611657] MESSAGE_B= 0 0 0 16 0 4 192 64 248 179 0 0 0 0 0 0 0 0 0 0 0 0 0 0 0 0 0 1 12 0 0 0 0 0 1 0 0 0 0 0 0 1 0 0 1 
[ 2113.743142] 
[ 2113.744664] MESSAGE_B= 0 0 0 16 0 4 192 64 248 179 0 0 0 0 0 0 0 0 0 0 0 0 0 0 0 0 0 1 12 0 0 0 0 0 1 0 0 0 0 0 0 1 0 0 1 
[ 2113.876137] 
[ 2113.877660] MESSAGE_B= 0 7 0 16 0 4 192 64 248 179 0 0 0 0 0 0 0 0 0 0 0 0 0 0 0 0 0 1 12 0 0 0 0 0 0 0 0 1 1 1 1 1 1 1 1 
[ 2114.009142] 
[ 2114.010657] MESSAGE_B= 0 7 0 16 0 4 192 64 248 179 0 0 0 0 0 0 0 0 0 0 0 0 0 0 0 0 0 1 12 0 0 0 0 0 0 0 0 1 1 1 1 1 1 1 1 
[ 2114.142137] 
[ 2114.143651] MESSAGE_B= 0 7 0 16 1 4 192 64 248 179 0 0 0 0 0 0 0 0 0 0 0 0 0 0 0 0 0 1 12 0 0 0 0 0 0 0 0 1 1 1 1 1 1 1 1 
[ 2114.275137] 
[ 2114.276650] MESSAGE_B= 0 7 0 16 1 4 192 64 248 179 0 0 0 0 0 0 0 0 0 0 0 0 0 0 0 0 0 1 12 0 0 0 0 0 0 0 0 1 1 1 1 1 1 1 1 
[ 2114.408137] 
[ 2114.409655] MESSAGE_B= 0 7 0 16 1 11 192 64 248 179 0 0 0 0 0 0 0 0 0 0 0 0 0 0 0 0 0 1 12 0 0 0 0 0 0 0 0 1 1 1 1 1 1 1 1 
[ 2114.541136] 
[ 2114.542785] MESSAGE_B= 0 7 0 16 1 12 192 64 248 179 0 0 0 0 0 0 0 0 0 0 0 0 0 0 0 0 0 1 12 0 0 0 0 0 0 0 0 1 1 1 1 1 1 1 1 
[ 2114.674140] 
[ 2114.675682] MESSAGE_B= 0 7 0 16 1 12 192 64 248 179 0 0 0 0 0 0 0 0 0 0 0 0 0 0 0 0 0 1 12 0 0 0 0 0 0 0 0 1 1 1 1 1 1 1 1 
[ 2114.807137] 
[ 2114.808651] MESSAGE_B= 0 7 0 16 2 3 192 64 248 179 0 0 0 0 0 0 0 0 0 0 0 0 0 0 0 0 0 1 12 0 0 0 0 0 0 0 0 1 1 1 1 1 1 1 1 
[ 2114.940142] 
[ 2114.941657] MESSAGE_B= 0 7 0 16 1 2 192 64 248 179 0 0 0 0 0 0 0 0 0 0 0 0 0 0 0 0 0 1 12 0 0 0 0 0 0 0 0 1 1 1 1 1 1 1 1 
[ 2115.073142] 
[ 2115.074659] MESSAGE_B= 0 7 0 16 2 2 192 64 248 179 0 0 0 0 0 0 0 0 0 0 0 0 0 0 0 0 0 1 12 0 0 0 0 0 0 0 0 1 1 1 1 1 1 1 1 
[ 2115.206139] 
[ 2115.207655] MESSAGE_B= 0 7 0 16 2 2 192 64 248 179 0 0 0 0 0 0 0 0 0 0 0 0 0 0 0 0 0 1 12 0 0 0 0 0 0 0 0 1 1 1 1 1 1 1 1 
[ 2115.339141] 
[ 2115.340655] MESSAGE_B= 0 7 0 16 1 3 192 64 248 179 0 0 0 0 0 0 0 0 0 0 0 0 0 0 0 0 0 1 12 0 0 0 0 0 0 0 0 1 1 1 1 1 1 1 1 
[ 2115.472143] 
[ 2115.473657] MESSAGE_B= 0 7 0 16 2 2 192 64 248 179 0 0 0 0 0 0 0 0 0 0 0 0 0 0 0 0 0 1 12 0 0 0 0 0 0 0 0 1 1 1 1 1 1 1 1 
[ 2115.605140] 
[ 2115.606655] MESSAGE_B= 0 7 0 16 1 2 192 64 248 179 0 0 0 0 0 0 0 0 0 0 0 0 0 0 0 0 0 1 12 0 0 0 0 0 0 0 0 1 1 1 1 1 1 1 1 
[ 2115.738147] 
[ 2115.739664] MESSAGE_B= 0 7 0 16 1 2 192 64 248 179 0 0 0 0 0 0 0 0 0 0 0 0 0 0 0 0 0 1 12 0 0 0 0 0 0 0 0 1 1 1 1 1 1 1 1 
[ 2115.871143] 
[ 2115.872657] MESSAGE_B= 0 7 0 16 1 2 192 64 248 179 0 0 0 0 0 0 0 0 0 0 0 0 0 0 0 0 0 1 12 0 0 0 0 0 0 0 0 1 1 1 1 1 1 1 1 
[ 2116.004190] 
[ 2116.005706] MESSAGE_B= 0 7 0 16 1 2 192 64 248 179 0 0 0 0 0 0 0 0 0 0 0 0 0 0 0 0 0 1 12 0 0 0 0 0 0 0 0 1 1 1 1 1 1 1 1 
[ 2116.137141] 
[ 2116.138722] MESSAGE_B= 0 7 0 16 2 2 192 64 248 179 0 0 0 0 0 0 0 0 0 0 0 0 0 0 0 0 0 1 12 0 0 0 0 0 0 0 0 1 1 1 1 1 1 1 1 
[ 2116.270144] 
[ 2116.271660] MESSAGE_B= 0 7 0 16 2 2 192 64 248 179 0 0 0 0 0 0 0 0 0 0 0 0 0 0 0 0 0 1 12 0 0 0 0 0 0 0 0 1 1 1 1 1 1 1 1 
[ 2116.403143] 
[ 2116.404663] MESSAGE_B= 0 7 0 16 1 2 192 64 248 179 0 0 0 0 0 0 0 0 0 0 0 0 0 0 0 0 0 1 12 0 0 0 0 0 0 0 0 1 1 1 1 1 1 1 1 
[ 2116.536140] 
[ 2116.537660] MESSAGE_B= 0 7 0 16 1 2 192 64 248 179 0 0 0 0 0 0 0 0 0 0 0 0 0 0 0 0 0 1 12 0 0 0 0 0 0 0 0 1 1 1 1 1 1 1 1 
[ 2116.669149] 
[ 2116.670724] MESSAGE_B= 0 7 0 16 1 2 192 64 248 179 0 0 0 0 0 0 0 0 0 0 0 0 0 0 0 0 0 1 12 0 0 0 0 0 0 0 0 1 1 1 1 1 1 1 1 
[ 2116.802144] 
[ 2116.803664] MESSAGE_B= 0 7 0 16 1 3 192 64 248 179 0 0 0 0 0 0 0 0 0 0 0 0 0 0 0 0 0 1 12 0 0 0 0 0 0 0 0 1 1 1 1 1 1 1 1 
[ 2116.935187] 
[ 2116.936708] MESSAGE_B= 0 7 0 16 1 2 192 64 248 179 0 0 0 0 0 0 0 0 0 0 0 0 0 0 0 0 0 1 12 0 0 0 0 0 0 0 0 1 1 1 1 1 1 1 1 
[ 2117.069152] 
[ 2117.070731] MESSAGE_B= 0 7 0 16 1 2 192 64 248 179 0 0 0 0 0 0 0 0 0 0 0 0 0 0 0 0 0 1 12 0 0 0 0 0 0 0 0 1 1 1 1 1 1 1 1 
[ 2117.202140] 
[ 2117.203662] MESSAGE_B= 0 7 0 16 2 2 192 64 248 179 0 0 0 0 0 0 0 0 0 0 0 0 0 0 0 0 0 1 12 0 0 0 0 0 0 0 0 1 1 1 1 1 1 1 1 
[ 2117.335144] 
[ 2117.336658] MESSAGE_B= 0 7 0 16 1 3 192 64 248 179 0 0 0 0 0 0 0 0 0 0 0 0 0 0 0 0 0 1 12 0 0 0 0 0 0 0 0 1 1 1 1 1 1 1 1 
[ 2117.468140] 
[ 2117.469654] MESSAGE_B= 0 7 0 16 1 2 192 64 248 179 0 0 0 0 0 0 0 0 0 0 0 0 0 0 0 0 0 1 12 0 0 0 0 0 0 0 0 1 1 1 1 1 1 1 1 
[ 2117.601151] 
[ 2117.602671] MESSAGE_B= 0 0 0 16 1 3 192 64 248 179 0 1420 1067 792 767 1444 1262 1085 980 113 92 97 61 89 52 123 86 0 31 127 158 239 112 81 115 177 154 0 0 0 0 0 0 0 0 
[ 2117.738142] 
[ 2117.739659] MESSAGE_B= 0 0 0 16 2 3 192 64 248 179 0 1912 0 1388 0 2155 2208 1988 2032 170 0 87 0 314 0 160 0 0 6 148 0 195 0 95 69 24 0 2 0 2 2 2 2 0 0 
[ 2117.874141] 
[ 2117.875659] MESSAGE_B= 0 0 0 16 2 1 192 64 248 179 0 3144 3392 2759 3178 2879 3514 3210 3325 382 166 268 205 279 209 151 322 0 6 138 72 31 185 61 195 34 228 2 2 2 2 2 2 2 0 
[ 2118.012153] 
[ 2118.013672] MESSAGE_B= 0 0 0 16 2 1 192 64 248 179 0 3576 2921 2097 2474 3479 3434 2820 2597 160 497 163 245 177 174 365 365 0 6 23 109 215 158 10 104 71 127 0 0 0 0 0 0 0 0 
[ 2118.150141] 
[ 2118.151657] MESSAGE_B= 0 0 0 16 1 2 192 64 248 179 0 614 599 577 580 732 753 743 718 28 49 26 34 114 67 86 105 0 12 41 83 254 207 109 185 229 19 2 2 0 0 2 2 2 0 
[ 2118.287143] 
[ 2118.288665] MESSAGE_B= 0 0 0 16 1 2 192 64 248 179 0 603 619 589 596 732 777 759 748 35 55 38 36 121 68 103 111 0 12 202 29 252 227 113 201 215 85 2 2 0 0 2 2 2 0 
[ 2118.424143] 
[ 2118.425660] MESSAGE_B= 0 0 0 16 1 2 192 64 248 179 0 601 626 585 598 733 824 775 792 30 68 36 38 117 77 107 132 0 12 199 41 249 229 113 189 221 158 2 2 0 0 0 2 2 0 
[ 2118.561144] 
[ 2118.562667] MESSAGE_B= 0 7 0 16 1 2 192 64 248 179 0 543 513 451 534 723 869 806 844 47 120 92 40 111 63 117 157 0 31 149 118 233 236 125 238 239 104 0 0 0 0 0 0 0 0 
[ 2118.698144] 
[ 2118.699660] MESSAGE_B= 0 0 0 16 1 2 192 64 248 179 0 642 539 471 670 833 895 843 917 58 113 86 142 89 57 136 153 0 31 136 79 245 193 121 182 231 114 0 0 0 0 0 0 0 0 
[ 2118.835152] 
[ 2118.836675] MESSAGE_B= 0 0 0 16 1 2 192 64 248 179 0 659 533 455 645 784 912 859 934 110 120 82 136 70 75 169 156 0 6 35 15 209 185 63 147 198 18 0 0 0 0 0 0 0 0 
[ 2118.972157] 
[ 2118.973679] MESSAGE_B= 0 0 0 16 1 2 192 64 248 179 0 766 548 473 792 824 998 901 950 142 111 80 246 67 100 165 144 0 6 55 82 196 234 128 196 151 165 0 0 0 0 0 0 0 0 
[ 2119.109148] 
[ 2119.110670] MESSAGE_B= 0 0 0 16 1 2 192 64 248 179 0 861 533 504 858 843 973 848 903 190 99 72 413 55 129 147 171 0 6 123 64 157 222 109 101 21 198 0 2 0 0 0 0 0 0 
[ 2119.246142] 
[ 2119.247659] MESSAGE_B= 0 0 0 16 1 2 192 64 248 179 0 919 576 520 868 859 909 784 836 223 211 156 477 50 132 150 152 0 6 144 69 6 218 21 125 144 208 0 2 0 0 0 0 0 0 
[ 2119.383152] 
[ 2119.384668] MESSAGE_B= 0 4 0 16 1 2 192 64 248 179 0 960 713 508 1018 847 864 703 781 236 364 109 549 51 137 145 115 0 6 216 219 116 227 137 164 175 190 0 2 0 0 0 0 0 0 
[ 2119.520140] 
[ 2119.521657] MESSAGE_B= 0 0 0 16 1 2 192 64 248 179 0 978 768 530 1128 821 780 623 709 242 469 171 626 65 133 117 111 0 6 185 229 23 220 158 198 201 160 0 2 0 0 2 0 0 0 
[ 2119.657151] 
[ 2119.658670] MESSAGE_B= 0 4 0 16 1 2 192 64 248 179 0 1422 1311 1244 1911 826 720 576 719 498 726 805 646 63 103 74 58 0 6 226 210 12 204 120 193 224 156 0 0 0 0 0 0 0 0 
[ 2119.794140] 
[ 2119.795661] MESSAGE_B= 0 0 0 16 1 2 192 64 248 179 0 1135 960 743 1494 759 611 486 703 250 552 303 544 67 88 43 121 0 6 208 236 61 134 97 186 126 159 2 2 0 0 2 0 2 2 
[ 2119.931149] 
[ 2119.932665] MESSAGE_B= 0 0 0 16 1 2 192 64 248 179 0 1214 1133 898 1611 751 539 450 741 263 535 326 528 84 64 32 156 0 6 217 215 92 13 163 135 8 138 2 2 0 0 2 0 2 2 
[ 2120.068145] 
[ 2120.069662] MESSAGE_B= 0 0 0 16 1 2 192 64 248 179 0 1355 1327 1147 1710 790 539 463 859 222 439 300 530 89 50 35 198 0 6 159 200 109 40 174 136 36 44 2 2 0 0 2 2 2 2 
[ 2120.205143] 
[ 2120.206659] MESSAGE_B= 0 0 0 16 1 2 192 64 248 179 0 2080 3578 3448 1863 2063 1511 2000 2104 958 253 440 464 243 287 515 205 0 6 157 33 176 108 34 54 131 126 2 2 2 2 2 2 2 2 
[ 2120.343144] 
[ 2120.344714] MESSAGE_B= 0 0 0 16 1 3 192 64 248 179 0 1480 1482 1356 1747 845 574 490 964 174 266 136 589 243 268 188 262 0 6 80 208 185 141 89 104 181 139 2 2 0 0 2 0 0 2 
[ 2120.480141] 
[ 2120.481701] MESSAGE_B= 0 0 0 16 1 3 192 64 248 179 0 1515 1481 1343 1763 877 620 524 1015 149 276 149 629 313 333 277 220 0 6 97 129 213 187 40 122 209 151 2 2 0 0 2 0 0 2 
[ 2120.618147] 
[ 2120.619665] MESSAGE_B= 0 0 0 16 1 3 192 64 248 179 0 1483 1712 1526 1780 1033 746 619 1103 107 414 180 695 403 422 349 167 0 6 34 51 222 186 10 73 173 162 2 2 0 0 2 2 0 2 
[ 2120.756155] 
[ 2120.757673] MESSAGE_B= 0 0 0 16 1 4 192 64 248 179 0 1378 1441 1454 1772 941 693 559 1066 123 317 351 742 405 415 328 151 0 6 71 59 195 182 86 114 25 140 2 2 0 0 2 2 0 2 
[ 2120.893139] 
[ 2120.894708] MESSAGE_B= 0 0 0 16 1 2 192 64 248 179 0 1418 1415 1466 1775 988 756 599 1093 94 292 369 753 418 452 352 149 0 6 0 60 183 149 44 108 20 86 2 2 0 0 2 2 0 2 
[ 2121.030148] 
[ 2121.031666] MESSAGE_B= 0 0 0 16 1 1 192 64 248 179 0 1393 1359 1457 1818 1032 790 638 1174 108 290 362 793 438 458 380 183 0 6 21 85 159 47 17 93 71 26 2 2 0 0 2 0 0 2 
[ 2121.167140] 
[ 2121.168656] MESSAGE_B= 0 0 0 16 1 1 192 64 248 179 0 1355 1348 1439 1811 1070 853 696 1345 117 275 332 791 429 450 390 284 0 6 43 85 129 41 0 82 63 89 2 2 0 0 2 0 0 2 
[ 2121.304143] 
[ 2121.305661] MESSAGE_B= 0 0 0 16 1 1 192 64 248 179 0 1353 1290 1363 1858 1123 898 739 1463 101 281 278 828 425 444 380 375 0 6 5 119 130 53 27 69 90 135 2 2 2 0 2 0 0 2 
[ 2121.441139] 
[ 2121.442653] MESSAGE_B= 0 0 0 16 0 1 192 64 248 179 0 1319 1329 1392 1892 1177 956 790 1586 135 269 267 818 392 435 379 480 0 6 30 116 134 67 11 34 115 129 2 2 0 0 2 0 0 2 
[ 2121.578140] 
[ 2121.579655] MESSAGE_B= 0 0 0 16 3 1 192 64 248 179 0 1100 870 694 696 960 1227 822 836 336 532 375 303 362 150 470 301 0 31 32 99 31 79 106 137 213 56 0 0 0 0 0 0 0 0 
[ 2121.715142] 
[ 2121.716658] MESSAGE_B= 0 0 0 16 2 1 192 64 248 179 0 1096 856 680 682 973 1243 838 832 347 501 370 293 361 151 456 292 0 31 49 100 33 139 108 115 210 50 0 0 0 0 0 0 0 0 
[ 2121.852146] 
[ 2121.853713] MESSAGE_B= 0 0 0 16 2 1 192 64 248 179 0 1103 846 662 665 976 1244 842 814 339 479 364 287 361 158 449 285 0 31 58 98 31 153 113 99 208 42 0 0 0 0 0 0 0 0 
[ 2121.989166] 
[ 2121.990683] MESSAGE_B= 0 0 0 16 2 1 192 64 248 179 0 1130 872 673 670 995 1298 874 811 331 481 364 282 363 173 441 278 0 31 68 101 33 162 107 66 209 37 0 0 0 0 0 0 0 0 
[ 2122.127146] 
[ 2122.128670] MESSAGE_B= 0 0 0 16 2 1 192 64 248 179 0 1137 865 667 659 1007 1340 890 798 342 472 362 275 362 187 432 267 0 31 73 99 36 191 108 50 211 34 0 0 0 0 0 0 0 0 
[ 2122.264185] 
[ 2122.265702] MESSAGE_B= 0 0 0 16 2 1 192 64 248 179 0 1146 856 674 658 1021 1374 916 792 357 462 366 277 368 215 424 264 0 31 60 97 41 206 109 32 210 35 0 0 0 0 0 0 0 0 
[ 2122.401141] 
[ 2122.402699] MESSAGE_B= 0 0 0 16 2 1 192 64 248 179 0 1170 871 683 657 1035 1407 934 787 360 464 369 279 366 231 423 260 0 31 60 93 42 221 108 22 211 36 0 0 0 0 0 0 0 0 
[ 2122.538138] 
[ 2122.539653] MESSAGE_B= 0 0 0 16 2 1 192 64 248 179 0 1167 871 682 650 1047 1443 955 775 361 462 371 275 365 249 432 253 0 31 64 98 39 215 105 7 214 30 0 0 0 0 0 0 0 0 
[ 2122.675143] 
[ 2122.676660] MESSAGE_B= 0 0 0 16 2 1 192 64 248 179 0 1181 859 678 638 1074 1446 975 767 361 447 367 270 367 259 446 241 0 31 63 102 31 218 107 15 214 18 0 0 0 0 0 0 0 0 
[ 2122.812139] 
[ 2122.813654] MESSAGE_B= 0 0 0 16 2 1 192 64 248 179 0 1187 833 666 614 1101 1403 986 749 372 419 355 262 371 255 468 223 0 31 55 108 21 214 113 51 219 1 0 0 0 0 0 0 0 0 
[ 2122.949141] 
[ 2122.950655] MESSAGE_B= 0 0 0 16 2 1 192 64 248 179 0 1201 820 656 596 1124 1380 1007 734 373 406 348 256 374 252 494 211 0 31 44 111 17 200 116 76 221 15 0 0 0 0 0 0 0 0 
[ 2123.086145] 
[ 2123.087667] MESSAGE_B= 0 0 0 16 2 1 192 64 248 179 0 1209 813 665 570 1148 1384 1049 725 385 392 351 257 377 260 520 192 0 31 40 113 14 185 115 95 227 39 0 0 0 0 0 0 0 0 
[ 2123.223139] 
[ 2123.224655] MESSAGE_B= 0 0 0 16 2 1 192 64 248 179 0 1206 796 662 544 1170 1376 1075 707 398 383 351 253 379 268 535 181 0 31 43 112 6 169 119 106 231 70 0 0 0 0 0 0 0 0 
[ 2123.360142] 
[ 2123.361694] MESSAGE_B= 0 0 0 16 2 1 192 64 248 179 0 1186 772 663 527 1183 1373 1107 700 427 375 351 249 381 284 542 166 0 31 45 110 0 174 117 120 235 93 0 0 0 0 0 0 0 0 
[ 2123.497144] 
[ 2123.498658] MESSAGE_B= 0 0 0 16 2 1 192 64 248 179 0 1193 769 660 508 1200 1383 1131 689 436 376 347 251 382 287 544 147 0 31 37 105 6 167 119 122 235 111 0 0 0 0 0 0 0 0 
[ 2123.634143] 
[ 2123.635700] MESSAGE_B= 0 0 0 16 3 1 192 64 248 179 0 1209 764 654 485 1223 1344 1136 664 448 377 343 254 386 265 547 131 0 31 24 96 8 130 117 124 237 121 0 0 0 0 0 0 0 0 
[ 2123.771142] 
[ 2123.772658] MESSAGE_B= 0 0 0 16 5 1 192 64 248 179 0 1218 758 639 465 1240 1271 1138 645 455 361 334 257 386 253 546 111 0 31 17 90 14 118 115 128 235 120 0 0 0 0 0 0 0 0 
[ 2123.908142] 
[ 2123.909657] MESSAGE_B= 0 0 0 16 6 1 192 64 248 179 0 1219 760 636 461 1243 1239 1139 646 452 358 330 261 386 248 544 112 0 31 14 88 15 103 114 127 233 118 0 0 0 0 0 0 0 0 
[ 2124.045145] 
[ 2124.046663] MESSAGE_B= 0 0 0 16 1 3 192 64 248 179 0 1297 1306 1863 1786 994 780 399 244 148 223 378 425 339 114 117 98 0 31 2 198 42 61 53 42 102 74 0 0 0 0 0 0 0 0 
[ 2124.182139] 
[ 2124.183654] MESSAGE_B= 0 0 0 16 2 3 192 64 248 179 0 1326 1323 1806 1860 1060 775 474 268 151 223 313 325 334 105 149 147 0 31 71 160 29 38 75 110 30 16 0 0 0 0 0 0 0 0 
[ 2124.319136] 
[ 2124.320656] MESSAGE_B= 0 0 0 16 2 2 192 64 248 179 0 1338 1343 1608 1955 1186 805 608 312 150 206 322 518 319 131 190 165 0 31 46 29 105 106 101 130 34 161 0 0 0 0 0 0 0 0 
[ 2124.456141] 
[ 2124.457656] MESSAGE_B= 0 0 0 16 2 2 192 64 248 179 0 1356 1363 1546 1885 1213 941 751 477 149 156 349 722 318 138 149 332 0 31 50 135 53 171 101 102 33 130 0 0 0 0 0 0 0 0 
[ 2124.593138] 
[ 2124.594662] MESSAGE_B= 0 0 0 16 2 2 192 64 248 179 0 1364 1399 1426 1811 1221 1062 803 638 147 147 421 681 314 134 134 435 0 31 79 170 106 94 113 88 59 121 0 0 0 0 0 0 0 0 
[ 2124.730139] 
[ 2124.731658] MESSAGE_B= 0 0 0 16 2 1 192 64 248 179 0 1369 1423 1397 1733 1227 1105 793 718 148 138 445 645 315 138 134 452 0 31 82 174 96 59 115 72 85 129 0 0 0 0 0 0 0 0 
[ 2124.868144] 
[ 2124.869666] MESSAGE_B= 0 0 0 16 2 1 192 64 248 179 0 1379 1450 1399 1705 1235 1130 791 747 149 132 460 633 315 142 136 456 0 31 87 170 80 48 114 68 95 133 0 0 0 0 0 0 0 0 
[ 2125.006139] 
[ 2125.007654] MESSAGE_B= 0 0 0 16 2 1 192 64 248 179 0 1383 1458 1404 1683 1237 1133 798 761 151 128 465 631 319 143 134 457 0 31 90 166 81 48 102 62 85 140 0 0 0 0 0 0 0 0 
[ 2125.143143] 
[ 2125.144670] MESSAGE_B= 0 0 0 16 2 1 192 64 248 179 0 1382 1456 1404 1676 1237 1123 804 761 152 134 460 640 316 141 131 456 0 31 89 157 76 53 106 68 69 143 0 0 0 0 0 0 0 0 
[ 2125.280137] 
[ 2125.281653] MESSAGE_B= 0 0 0 16 2 1 192 64 248 179 0 3237 3476 3193 2873 2912 3412 3016 1943 309 217 308 642 224 201 356 959 0 25 44 116 59 36 74 49 174 157 2 2 0 0 2 0 2 2 
[ 2125.418137] 
[ 2125.419661] MESSAGE_B= 0 0 0 16 2 1 192 64 248 179 0 1876 2687 3750 2796 1910 2034 1922 1012 326 395 276 1013 358 342 741 987 0 7 102 80 112 15 143 10 15 92 2 2 2 2 2 2 2 2 
[ 2125.556136] 
[ 2125.557650] MESSAGE_B= 0 0 0 16 2 2 192 64 248 179 0 1396 1463 1413 1682 1248 1009 910 778 159 135 494 673 319 144 141 467 0 31 107 147 66 97 97 71 12 155 0 0 0 0 0 0 0 0 
[ 2125.693139] 
[ 2125.694668] MESSAGE_B= 0 0 0 16 2 1 192 64 248 179 0 1383 1463 1425 1464 1235 914 1025 864 150 126 413 626 320 187 125 451 0 31 104 89 63 133 115 38 32 203 0 0 0 0 0 0 0 0 
[ 2125.831144] 
[ 2125.832659] MESSAGE_B= 0 0 0 16 2 2 192 64 248 179 0 1373 1457 1416 1419 1215 929 1031 920 147 125 385 567 321 202 124 424 0 31 83 92 58 139 114 33 24 219 0 0 0 0 0 0 0 0 
[ 2125.968138] 
[ 2125.969658] MESSAGE_B= 0 0 0 16 4 2 192 64 248 179 0 1280 1194 654 848 953 752 489 276 106 103 220 496 388 112 111 46 0 31 164 126 34 70 67 127 113 11 0 0 0 0 0 0 0 0 
[ 2126.105141] 
[ 2126.106658] MESSAGE_B= 0 0 0 16 3 2 192 64 248 179 0 1328 1218 650 848 972 772 481 277 98 112 205 498 388 109 113 49 0 31 156 106 75 48 55 88 75 15 0 0 0 0 0 0 0 0 
[ 2126.242138] 
[ 2126.243659] MESSAGE_B= 0 0 0 16 3 2 192 64 248 179 0 1232 1143 569 788 974 730 488 264 114 134 232 569 461 134 108 49 0 31 175 44 82 77 42 62 48 42 2 0 0 0 0 0 0 0 
[ 2126.379147] 
[ 2126.380665] MESSAGE_B= 0 0 0 16 3 2 192 64 248 179 0 0 1217 0 1467 3138 2407 927 916 0 220 0 349 293 122 51 56 0 6 0 100 44 116 0 7 26 7 2 2 2 2 2 2 2 2 
[ 2126.515141] 
[ 2126.516657] MESSAGE_B= 0 0 0 16 6 1 192 64 248 179 0 1373 1329 992 1262 1029 889 1087 871 120 100 169 341 381 193 97 133 0 12 67 45 47 110 14 43 50 180 2 2 0 2 0 2 2 2 
[ 2126.652191] 
[ 2126.653714] MESSAGE_B= 0 0 0 16 3 1 192 64 248 179 0 1350 1326 1085 1192 1042 892 1403 745 99 114 217 436 370 181 192 92 0 12 71 100 100 44 54 4 204 120 2 2 0 2 0 2 2 2 
[ 2126.789137] 
[ 2126.790652] MESSAGE_B= 0 0 0 16 3 1 192 64 248 179 0 1359 1311 1104 1096 1053 894 1445 678 108 191 235 402 361 177 259 95 0 12 64 174 109 140 70 10 201 83 2 2 0 2 0 2 2 2 
[ 2126.926141] 
[ 2126.927663] MESSAGE_B= 0 0 0 16 1 1 192 64 248 179 0 1114 632 699 1353 579 1025 1242 734 536 208 201 680 497 301 327 77 0 6 40 1 62 73 117 48 92 20 2 2 0 0 2 2 2 2 
[ 2127.063148] 
[ 2127.064666] MESSAGE_B= 0 0 0 16 1 1 192 64 248 179 0 908 775 887 996 688 949 1175 822 513 277 310 487 457 362 472 123 0 31 57 16 145 147 144 212 226 35 0 0 0 0 0 0 0 0 
[ 2127.200148] 
[ 2127.201663] MESSAGE_B= 0 0 0 16 1 1 192 64 248 179 0 1111 817 935 1304 698 932 1161 1158 800 290 326 777 457 376 502 216 0 31 87 10 150 184 131 225 225 50 0 0 0 0 0 0 0 0 
[ 2127.337140] 
[ 2127.338656] MESSAGE_B= 0 0 0 16 1 1 192 64 248 179 0 752 833 945 999 656 915 1133 937 549 303 322 594 475 388 516 223 0 31 101 28 162 209 144 231 230 101 0 0 0 0 0 0 0 0 
[ 2127.474138] 
[ 2127.475654] MESSAGE_B= 0 0 0 16 1 1 192 64 248 179 0 755 853 951 908 661 926 1125 817 540 316 318 514 476 405 517 122 0 31 90 49 161 140 136 230 234 50 0 0 0 0 0 0 0 0 
[ 2127.611143] 
[ 2127.612658] MESSAGE_B= 0 0 0 16 1 1 192 64 248 179 0 756 883 954 904 656 948 1100 809 523 332 314 516 479 426 514 123 0 31 77 53 159 160 110 236 235 53 0 0 0 0 0 0 0 0 
[ 2127.748141] 
[ 2127.749657] MESSAGE_B= 0 0 0 16 1 1 192 64 248 179 0 729 905 957 920 654 964 1088 820 523 351 310 518 481 441 513 128 0 31 74 51 159 167 100 238 240 49 0 0 0 0 0 0 0 0 
[ 2127.885145] 
[ 2127.886670] MESSAGE_B= 0 0 0 16 1 1 192 64 248 179 0 717 919 948 929 658 980 1064 844 507 372 304 514 480 459 507 128 0 31 59 56 159 146 92 233 235 53 0 0 0 0 0 0 0 0 
[ 2128.022148] 
[ 2128.023663] MESSAGE_B= 0 0 0 16 1 1 192 64 248 179 0 716 929 944 928 662 981 1047 863 493 377 299 515 483 469 503 124 0 31 41 61 163 139 67 235 238 42 0 0 0 0 0 0 0 0 
[ 2128.159141] 
[ 2128.160663] MESSAGE_B= 0 0 0 16 1 1 192 64 248 179 0 710 954 953 891 666 978 1028 878 487 382 300 527 481 482 504 115 0 31 22 74 164 120 38 237 237 61 0 0 0 0 0 0 0 0 
[ 2128.296137] 
[ 2128.297652] MESSAGE_B= 0 0 0 16 1 1 192 64 248 179 0 937 961 787 1588 1072 835 353 1179 283 511 483 453 450 252 157 296 0 6 215 84 149 233 75 22 161 63 2 0 2 0 2 0 2 2 
[ 2128.433140] 
[ 2128.434655] MESSAGE_B= 0 0 0 16 2 1 192 64 248 179 0 927 978 782 1588 1056 851 325 1166 266 502 465 468 447 230 137 364 0 6 227 80 150 234 100 50 131 63 2 2 2 2 2 0 2 2 
[ 2128.570140] 
[ 2128.571656] MESSAGE_B= 0 0 0 16 3 1 192 64 248 179 0 932 837 705 1654 1057 934 298 1095 269 381 272 481 429 194 47 346 0 6 55 153 112 160 77 39 170 42 2 2 0 0 2 2 0 2 
[ 2128.707140] 
[ 2128.708655] MESSAGE_B= 0 0 0 16 2 1 192 64 248 179 0 1489 1334 679 1494 1335 1050 358 1075 203 198 204 260 308 244 97 425 0 31 138 131 76 223 32 165 91 111 0 0 0 0 0 0 0 0 
[ 2128.845141] 
[ 2128.846659] MESSAGE_B= 0 0 0 16 1 1 192 64 248 179 0 1487 1378 514 1510 1357 1093 415 817 199 277 112 274 303 291 161 220 0 31 3 108 20 138 28 226 158 129 0 0 0 0 0 0 0 0 
[ 2128.982143] 
[ 2128.983662] MESSAGE_B= 0 0 0 16 3 1 192 64 248 179 0 1497 1469 461 1363 1342 1132 451 863 200 321 89 356 304 285 145 217 0 31 108 9 27 123 29 235 83 62 0 0 0 0 0 0 0 0 
[ 2129.119141] 
[ 2129.120706] MESSAGE_B= 0 0 0 16 3 1 192 64 248 179 0 1499 1540 471 1312 1338 1159 487 767 199 292 98 384 303 260 131 192 0 31 116 52 17 137 29 219 38 6 0 0 0 0 0 0 0 0 
[ 2129.256139] 
[ 2129.257693] MESSAGE_B= 0 0 0 16 4 1 192 64 248 179 0 1510 1585 502 1242 1340 1174 528 748 203 258 136 363 303 269 147 170 0 31 96 33 1 151 18 199 194 25 0 0 0 0 0 0 0 0 
[ 2129.393160] 
[ 2129.394687] MESSAGE_B= 0 0 0 16 2 1 192 64 248 179 0 1521 1614 596 1190 1344 1182 622 768 203 231 180 367 298 267 185 163 0 31 167 20 0 172 15 188 179 30 0 0 0 0 0 0 0 0 
[ 2129.530138] 
[ 2129.531653] MESSAGE_B= 0 0 0 16 2 1 192 64 248 179 0 1528 1628 712 1124 1345 1203 692 836 196 216 220 354 298 264 205 172 0 31 233 27 22 170 10 214 131 68 0 0 0 0 0 0 0 0 
[ 2129.668146] 
[ 2129.669669] MESSAGE_B= 0 0 0 16 2 1 192 64 248 179 0 1550 1648 815 1044 1354 1165 703 923 198 219 226 312 293 252 190 207 0 31 226 9 35 128 4 201 39 102 0 0 0 0 0 0 0 0 
