[ 2434.678655] MESSAGE_B= 0 0 0 16 1 2 192 64 248 179 0 1856 0 2784 0 1331 1194 1924 1517 35 0 17 0 275 47 434 67 0 5 175 0 252 252 255 223 243 0 0 0 2 2 2 2 2 0 
[ 2434.813143] 
[ 2434.814659] MESSAGE_B= 0 0 0 16 1 2 192 64 248 179 0 0 0 0 0 1388 1202 1897 1523 0 0 0 0 364 33 404 43 0 5 0 0 219 247 0 238 242 0 2 0 2 2 2 2 2 0 
[ 2434.948144] 
[ 2434.949660] MESSAGE_B= 0 0 0 16 0 1 192 64 248 179 0 0 0 0 0 1301 1197 1817 1522 0 0 0 0 316 44 389 72 0 5 0 0 92 255 0 249 202 0 0 0 2 2 2 2 2 0 
[ 2435.083139] 
[ 2435.084697] MESSAGE_B= 0 0 0 16 1 1 192 64 248 179 0 0 0 0 0 1174 1365 1691 2460 0 0 0 0 175 173 454 939 0 5 0 0 72 247 0 0 255 0 0 0 2 2 2 2 2 0 
[ 2435.218137] 
[ 2435.219656] MESSAGE_B= 0 0 0 16 1 1 192 64 248 179 0 2768 0 3216 0 1136 1202 1735 1525 0 0 0 0 143 58 353 63 0 5 0 0 202 253 11 132 227 0 0 0 2 2 2 2 2 0 
[ 2435.354139] 
[ 2435.355654] MESSAGE_B= 0 0 0 16 1 1 192 64 248 179 0 1311 0 1732 0 1162 1214 1793 1545 292 0 108 0 162 42 361 58 0 5 149 0 61 249 22 6 52 0 2 2 2 2 2 2 2 0 
[ 2435.490146] 
[ 2435.491663] MESSAGE_B= 0 0 0 16 0 1 192 64 248 179 0 1051 0 1260 0 1039 1210 1370 1540 264 0 145 0 411 48 416 63 0 5 3 0 2 249 12 12 25 0 0 2 2 2 0 0 0 0 
[ 2435.626145] 
[ 2435.627666] MESSAGE_B= 0 0 0 16 0 1 192 64 248 179 0 983 0 996 0 1014 1197 1160 1527 267 0 111 0 435 30 513 38 0 5 75 0 43 234 23 21 39 0 0 2 2 2 0 0 0 0 
[ 2435.762143] 
[ 2435.763658] MESSAGE_B= 0 0 0 16 0 1 192 64 248 179 0 952 0 934 0 1005 1205 1137 1527 269 0 116 0 450 65 540 58 0 5 74 0 47 254 20 25 45 0 0 2 2 2 0 0 0 0 
[ 2435.898143] 
[ 2435.899658] MESSAGE_B= 0 0 0 16 0 1 192 64 248 179 0 950 0 939 0 1010 1217 1143 1545 268 0 119 0 458 51 541 57 0 5 66 0 42 228 21 24 43 0 0 2 0 2 0 0 0 0 
[ 2436.034149] 
[ 2436.035671] MESSAGE_B= 0 0 0 16 0 1 192 64 248 179 0 949 0 942 0 1019 1213 1143 1544 269 0 123 0 469 51 540 24 0 5 69 0 36 255 21 24 43 0 0 2 0 2 0 0 0 0 
[ 2436.170142] 
[ 2436.171657] MESSAGE_B= 0 0 0 16 0 1 192 64 248 179 0 946 0 942 0 1021 1207 1138 1543 267 0 130 0 460 59 542 47 0 5 60 0 35 243 20 23 39 0 0 2 0 2 0 0 0 0 
[ 2436.306141] 
[ 2436.307657] MESSAGE_B= 0 0 0 16 0 1 192 64 248 179 0 948 0 944 0 1022 1218 1142 1554 265 0 130 0 446 59 537 46 0 5 65 0 36 224 20 20 48 0 0 2 0 2 0 0 0 0 
[ 2436.442145] 
[ 2436.443673] MESSAGE_B= 0 0 0 16 0 1 192 64 248 179 0 947 0 946 0 1020 1200 1139 1540 263 0 131 0 437 53 537 30 0 5 57 0 39 237 24 23 46 0 0 2 2 2 0 0 0 0 
[ 2436.578139] 
[ 2436.579653] MESSAGE_B= 0 0 0 16 0 1 192 64 248 179 0 943 0 946 0 1016 1193 1136 1542 263 0 132 0 426 60 535 54 0 5 55 0 41 211 25 24 47 0 0 2 0 2 0 0 0 0 
[ 2436.714138] 
[ 2436.715654] MESSAGE_B= 0 0 0 16 0 1 192 64 248 179 0 942 0 948 0 1021 1200 1136 1546 262 0 135 0 427 47 534 30 0 5 54 0 39 191 25 21 49 0 0 2 2 2 0 0 0 0 
[ 2436.850144] 
[ 2436.851659] MESSAGE_B= 0 0 0 16 0 1 192 64 248 179 0 952 0 955 0 1025 1195 1141 1548 268 0 144 0 426 46 529 53 0 5 59 0 38 201 15 19 48 0 0 2 2 2 0 0 0 0 
[ 2436.986142] 
[ 2436.987659] MESSAGE_B= 0 0 0 16 0 1 192 64 248 179 0 969 0 958 0 1026 1198 1137 1547 288 0 147 0 422 57 528 47 0 5 61 0 35 215 4 20 54 0 0 2 2 2 0 0 0 0 
[ 2437.122136] 
[ 2437.123651] MESSAGE_B= 0 0 0 16 0 1 192 64 248 179 0 989 0 962 0 1029 1196 1136 1550 314 0 149 0 419 58 525 38 0 5 61 0 33 255 21 19 62 0 0 2 2 2 0 0 0 0 
[ 2437.258143] 
[ 2437.259665] MESSAGE_B= 0 0 0 16 0 1 192 64 248 179 0 1007 1090 994 3343 1030 1116 1352 2720 344 296 139 216 408 539 536 572 0 31 8 37 54 140 33 18 32 206 0 0 0 0 0 0 0 0 
[ 2437.395140] 
[ 2437.396696] MESSAGE_B= 0 0 0 16 0 1 192 64 248 179 0 1026 1093 994 3321 1032 1119 1342 2724 382 296 138 229 408 534 542 569 0 31 6 39 52 140 46 19 45 207 0 0 0 0 0 0 0 0 
[ 2437.532140] 
[ 2437.533657] MESSAGE_B= 0 0 0 16 0 1 192 64 248 179 0 1035 1097 1000 3298 1038 1123 1333 2725 398 296 144 236 404 530 548 569 0 31 21 36 49 139 52 18 51 213 0 0 0 0 0 0 0 0 
[ 2437.670142] 
[ 2437.671658] MESSAGE_B= 0 0 0 16 0 1 192 64 248 179 0 1031 1100 997 3269 1041 1123 1315 2723 398 291 150 244 402 529 559 568 0 31 36 51 47 137 53 19 54 222 0 0 0 0 0 0 0 0 
[ 2437.807139] 
[ 2437.808654] MESSAGE_B= 0 0 0 16 0 1 192 64 248 179 0 1033 1104 1003 3247 1047 1129 1307 2723 399 290 154 253 401 524 563 566 0 31 49 50 46 137 56 18 58 224 0 0 0 0 0 0 0 0 
[ 2437.944140] 
[ 2437.945657] MESSAGE_B= 0 0 0 16 0 1 192 64 248 179 0 1030 1104 1003 3223 1049 1130 1292 2722 400 292 158 266 400 522 573 564 0 31 61 45 44 136 58 16 65 220 0 0 0 0 0 0 0 0 
[ 2438.082147] 
[ 2438.083665] MESSAGE_B= 0 0 0 16 0 1 192 64 248 179 0 1027 1106 1003 3200 1052 1131 1279 2721 400 289 166 274 399 518 581 563 0 31 69 58 43 137 58 19 71 220 0 0 0 0 0 0 0 0 
[ 2438.219138] 
[ 2438.220654] MESSAGE_B= 0 0 0 16 0 1 192 64 248 179 0 1029 1111 1014 3175 1060 1136 1271 2721 403 287 175 272 394 515 587 565 0 31 72 62 40 133 59 17 69 224 0 0 0 0 0 0 0 0 
[ 2438.356142] 
[ 2438.357657] MESSAGE_B= 0 0 0 16 0 1 192 64 248 179 0 1024 1111 1017 3145 1061 1134 1258 2717 404 288 175 281 394 514 595 554 0 31 73 54 35 133 60 16 72 218 0 0 0 0 0 0 0 0 
[ 2438.494147] 
[ 2438.495690] MESSAGE_B= 0 0 0 16 0 1 192 64 248 179 0 1025 1115 1027 3120 1067 1139 1254 2710 404 284 178 273 391 511 597 548 0 31 64 61 30 130 61 17 64 218 0 0 0 0 0 0 0 0 
[ 2438.632145] 
[ 2438.633662] MESSAGE_B= 0 0 0 16 0 1 192 64 248 179 0 1023 1115 1032 3096 1072 1144 1249 2703 406 286 186 265 388 506 601 536 0 31 60 57 25 130 63 18 58 226 0 0 0 0 0 0 0 0 
[ 2438.770143] 
[ 2438.771659] MESSAGE_B= 0 0 0 16 0 1 192 64 248 179 0 1020 1115 1028 3062 1073 1142 1241 2690 404 281 191 277 386 505 605 523 0 31 61 56 17 125 64 19 71 215 0 0 0 0 0 0 0 0 
[ 2438.908149] 
[ 2438.909672] MESSAGE_B= 0 0 0 16 0 1 192 64 248 179 0 1024 1119 1036 3039 1079 1148 1239 2684 404 279 199 278 383 501 607 514 0 31 73 56 11 120 67 18 72 223 0 0 0 0 0 0 0 0 
[ 2439.046143] 
[ 2439.047700] MESSAGE_B= 0 0 0 16 0 2 192 64 248 179 0 1024 1119 1044 3005 1083 1148 1232 2679 402 276 201 281 380 500 611 505 0 31 73 56 8 117 69 18 74 218 0 0 0 0 0 0 0 0 
[ 2439.183139] 
[ 2439.184655] MESSAGE_B= 0 0 0 16 0 3 192 64 248 179 0 1024 1120 1051 2958 1084 1150 1227 2829 401 275 205 261 378 498 613 573 0 31 70 44 7 65 70 18 72 232 0 0 0 0 0 0 0 0 
[ 2439.320143] 
[ 2439.321658] MESSAGE_B= 0 0 0 16 0 1 192 64 248 179 0 1024 1122 1064 2925 1089 1154 1230 2787 402 271 213 265 378 495 610 588 0 31 71 48 4 98 73 20 67 220 0 0 0 0 0 0 0 0 
[ 2439.457161] 
[ 2439.458679] MESSAGE_B= 0 0 0 16 0 2 192 64 248 179 0 1028 1122 1077 2918 1094 1157 1309 2759 400 273 214 300 372 492 545 529 0 31 65 75 18 115 76 18 59 230 0 0 0 0 0 0 0 0 
[ 2439.595143] 
[ 2439.596659] MESSAGE_B= 0 0 0 16 0 2 192 64 248 179 0 1032 1123 1113 2870 1095 1157 1416 2709 395 267 204 287 373 491 513 495 0 31 19 73 44 133 78 20 28 205 0 0 0 0 0 0 0 0 
[ 2439.733144] 
[ 2439.734661] MESSAGE_B= 0 0 0 16 0 1 192 64 248 179 0 1039 1126 1106 2832 1100 1160 1588 2734 388 266 214 270 370 490 537 407 0 31 56 69 82 146 79 17 23 221 0 0 0 0 0 0 0 0 
[ 2439.871146] 
[ 2439.872663] MESSAGE_B= 0 0 0 16 0 1 192 64 248 179 0 1039 1122 1100 2785 1106 1161 1674 2637 388 264 229 278 365 486 555 432 0 31 82 70 16 69 80 19 17 227 0 0 0 0 0 0 0 0 
[ 2440.009148] 
[ 2440.010670] MESSAGE_B= 0 0 0 16 0 1 192 64 248 179 0 1039 1123 1113 2751 1111 1165 1554 2604 391 261 234 274 363 484 526 396 0 31 82 72 79 91 83 20 57 198 0 0 0 0 0 0 0 0 
[ 2440.147145] 
[ 2440.148662] MESSAGE_B= 0 0 0 16 0 1 192 64 248 179 0 1035 1122 1121 2716 1116 1168 1459 2629 393 258 238 271 358 482 506 324 0 31 78 78 83 106 84 21 59 166 0 0 0 0 0 0 0 0 
[ 2440.285146] 
[ 2440.286662] MESSAGE_B= 0 0 0 16 0 1 192 64 248 179 0 1031 1121 1129 2681 1118 1167 1420 2742 396 255 242 263 357 480 471 232 0 31 78 84 76 70 86 21 67 179 0 0 0 0 0 0 0 0 
[ 2440.422141] 
[ 2440.423656] MESSAGE_B= 0 0 0 16 0 1 192 64 248 179 0 1033 1125 1144 2648 1125 1173 1415 2911 398 254 245 268 354 477 491 183 0 31 76 79 56 11 88 21 69 40 0 0 0 0 0 0 0 0 
[ 2440.559147] 
[ 2440.560670] MESSAGE_B= 0 0 0 16 0 1 192 64 248 179 0 1028 1121 1149 2614 1130 1174 1570 2779 399 250 250 259 349 476 559 135 0 31 74 93 57 66 89 21 73 11 0 0 0 0 0 0 0 0 
[ 2440.696140] 
[ 2440.697656] MESSAGE_B= 0 0 0 16 1 1 192 64 248 179 0 1028 1122 1158 2581 1135 1175 1614 2795 402 246 254 260 344 475 604 362 0 31 72 93 59 1 91 22 76 177 0 0 0 0 0 0 0 0 
[ 2440.833145] 
[ 2440.834662] MESSAGE_B= 0 0 0 16 0 1 192 64 248 179 0 1023 1121 1169 2548 1140 1178 1656 2565 403 246 254 256 342 471 632 364 0 31 69 90 68 38 94 22 60 197 0 0 0 0 0 0 0 0 
[ 2440.970197] 
[ 2440.972024] MESSAGE_B= 0 0 0 16 0 1 192 64 248 179 0 1017 1116 1173 2507 1147 1178 1514 2632 405 244 263 255 336 472 604 279 0 31 67 89 31 63 95 21 43 172 0 0 0 0 0 0 0 0 
[ 2441.108146] 
[ 2441.109669] MESSAGE_B= 0 0 0 16 0 1 192 64 248 179 0 1017 1119 1185 2476 1151 1179 1498 3007 407 237 263 242 333 466 553 339 0 31 63 109 18 93 98 27 64 151 0 0 0 0 0 0 0 0 
[ 2441.246144] 
[ 2441.247660] MESSAGE_B= 0 0 0 16 0 3 192 64 248 179 0 1014 1117 1192 2439 1155 1181 1589 3350 409 237 268 236 329 464 678 361 0 31 62 96 23 175 102 25 67 172 0 0 0 0 0 0 0 0 
[ 2441.384148] 
[ 2441.385672] MESSAGE_B= 0 0 0 16 0 2 192 64 248 179 0 1012 1114 1197 2405 1160 1182 1767 3021 409 234 273 235 327 465 736 318 0 31 60 106 22 86 104 25 49 128 0 0 0 0 0 0 0 0 
[ 2441.522143] 
[ 2441.523689] MESSAGE_B= 0 0 0 16 0 1 192 64 248 179 0 1009 1114 1208 2378 1166 1184 1853 2786 410 232 276 228 322 460 695 354 0 31 57 114 95 32 107 24 46 217 0 0 0 0 0 0 0 0 
[ 2441.660145] 
[ 2441.661664] MESSAGE_B= 0 0 0 16 0 1 192 64 248 179 0 1005 1109 1213 2344 1172 1185 1869 2436 413 230 279 225 318 459 624 312 0 31 55 121 146 87 111 27 50 191 0 0 0 0 0 0 0 0 
[ 2441.798145] 
[ 2441.799661] MESSAGE_B= 0 0 0 16 0 1 192 64 248 179 0 999 1108 1217 2306 1174 1183 1687 2328 416 228 280 222 315 457 512 253 0 31 53 128 126 40 114 29 57 163 0 0 0 0 0 0 0 0 
[ 2441.936145] 
[ 2441.937662] MESSAGE_B= 0 0 0 16 0 2 192 64 248 179 0 997 1106 1224 2266 1183 1186 1554 2306 418 226 285 223 310 458 509 249 0 31 51 120 1 27 119 25 82 134 0 0 0 0 0 0 0 0 
[ 2442.073149] 
[ 2442.074666] MESSAGE_B= 0 0 0 16 0 2 192 64 248 179 0 993 1103 1226 2229 1187 1186 1453 2288 419 225 287 216 305 455 546 242 0 31 47 127 35 24 122 27 31 133 0 0 0 0 0 0 0 0 
[ 2442.211140] 
[ 2442.212657] MESSAGE_B= 0 0 0 16 0 2 192 64 248 179 0 993 1103 1232 2199 1194 1189 1361 2271 420 224 291 217 297 453 557 239 0 31 44 120 58 16 127 26 35 111 0 0 0 0 0 0 0 0 
[ 2442.349149] 
[ 2442.350667] MESSAGE_B= 0 0 0 16 0 2 192 64 248 179 0 989 1100 1235 2167 1199 1190 1307 2251 419 220 294 214 295 452 571 236 0 31 40 125 73 15 129 28 37 96 0 0 0 0 0 0 0 0 
[ 2442.486286] 
[ 2442.487853] MESSAGE_B= 0 0 0 16 0 3 192 64 248 179 0 985 1097 1238 2137 1202 1188 1284 2232 418 221 295 203 290 454 577 240 0 31 37 131 81 3 132 26 34 81 0 0 0 0 0 0 0 0 
[ 2442.624141] 
[ 2442.625694] MESSAGE_B= 0 0 0 16 0 3 192 64 248 179 0 982 1095 1240 2112 1209 1191 1275 2216 420 219 298 199 288 452 579 242 0 31 34 134 88 2 137 27 31 60 0 0 0 0 0 0 0 0 
[ 2442.761154] 
[ 2442.762671] MESSAGE_B= 0 0 0 16 0 3 192 64 248 179 0 976 1091 1239 2082 1212 1190 1273 2196 417 218 302 195 284 450 581 241 0 31 29 137 92 3 138 28 27 47 0 0 0 0 0 0 0 0 
[ 2442.898141] 
[ 2442.899658] MESSAGE_B= 0 0 0 16 0 3 192 64 248 179 0 972 1088 1239 2058 1218 1192 1277 2180 418 220 304 190 280 449 579 245 0 31 28 131 96 7 142 28 25 29 0 0 0 0 0 0 0 0 
[ 2443.035145] 
[ 2443.036664] MESSAGE_B= 0 0 0 16 0 3 192 64 248 179 0 971 1087 1239 2029 1225 1196 1281 2162 415 214 303 183 276 450 580 241 0 31 18 143 98 16 145 29 22 25 0 0 0 0 0 0 0 0 
[ 2443.173148] 
[ 2443.174665] MESSAGE_B= 0 0 0 16 0 3 192 64 248 179 0 968 1085 1236 2005 1231 1198 1282 2143 415 214 306 170 274 449 580 248 0 31 15 151 100 25 148 28 18 17 0 0 0 0 0 0 0 0 
[ 2443.311139] 
[ 2443.312656] MESSAGE_B= 0 0 0 16 0 3 192 64 248 179 0 966 1084 1234 1985 1237 1202 1284 2128 413 211 309 171 271 448 580 245 0 31 9 150 102 26 150 32 13 6 0 0 0 0 0 0 0 0 
[ 2443.448144] 
[ 2443.449663] MESSAGE_B= 0 0 0 16 0 3 192 64 248 179 0 964 1081 1230 1964 1241 1204 1286 2114 411 213 311 156 269 448 579 251 0 31 4 150 106 32 153 29 11 2 0 0 0 0 0 0 0 0 
[ 2443.585152] 
[ 2443.586672] MESSAGE_B= 0 0 0 16 0 3 192 64 248 179 0 957 1078 1226 1944 1244 1203 1284 2095 408 212 311 145 264 449 579 256 0 31 1 162 111 38 156 28 9 4 0 0 0 0 0 0 0 0 
[ 2443.722146] 
[ 2443.723663] MESSAGE_B= 0 0 0 16 0 3 192 64 248 179 0 957 1076 1222 1930 1249 1207 1285 2083 407 213 316 141 262 447 579 260 0 31 6 163 112 36 158 31 3 15 0 0 0 0 0 0 0 0 
[ 2443.859139] 
[ 2443.860660] MESSAGE_B= 0 0 0 16 4 0 192 64 248 179 0 0 0 0 0 1323 0 2705 0 0 0 0 0 72 0 209 0 0 12 0 0 1 0 188 0 0 18 2 2 2 2 2 0 0 2 
[ 2443.993148] 
[ 2443.994746] MESSAGE_B= 0 0 0 16 4 0 192 64 248 179 0 3048 0 1192 0 1394 0 2589 0 94 0 8 0 41 0 88 0 0 12 87 0 50 0 198 0 51 17 2 2 2 2 2 0 0 2 
[ 2444.128141] 
[ 2444.129656] MESSAGE_B= 0 0 0 16 4 0 192 64 248 179 0 3328 0 1183 0 0 0 0 0 195 0 27 0 0 0 0 0 0 12 86 0 0 0 113 0 0 61 2 2 2 2 2 0 2 2 
[ 2444.262140] 
[ 2444.263656] MESSAGE_B= 0 0 0 16 4 0 192 64 248 179 0 3150 0 1162 0 1120 0 2598 0 452 0 19 0 27 0 371 0 0 12 8 0 225 0 162 0 0 50 2 2 2 2 2 2 2 2 
[ 2444.397142] 
[ 2444.398659] MESSAGE_B= 0 0 0 16 4 0 192 64 248 179 0 3145 0 1149 0 1030 0 2861 0 449 0 48 0 59 0 134 0 0 12 22 0 54 0 69 0 0 30 2 2 2 2 2 2 2 2 
[ 2444.532153] 
[ 2444.533672] MESSAGE_B= 0 0 0 16 5 0 192 64 248 179 0 2834 0 1129 0 1079 0 2866 0 398 0 16 0 42 0 214 0 0 12 18 0 1 0 97 0 97 0 2 2 2 2 2 2 2 2 
[ 2444.667145] 
[ 2444.668667] MESSAGE_B= 0 0 0 16 5 1 192 64 248 179 0 2511 0 1223 0 1117 0 2821 0 259 0 205 0 74 0 163 0 0 12 200 0 31 0 68 0 62 0 2 2 2 2 2 2 2 2 
[ 2444.802142] 
[ 2444.803658] MESSAGE_B= 0 0 0 16 5 1 192 64 248 179 0 2029 0 1230 0 1146 0 2924 0 117 0 203 0 89 0 128 0 0 12 49 0 167 0 101 0 31 0 2 2 2 2 2 2 2 2 
[ 2444.937149] 
[ 2444.938666] MESSAGE_B= 0 0 0 16 5 0 192 64 248 179 0 1894 0 1284 0 996 0 2452 0 33 0 228 0 10 0 250 0 0 12 16 0 109 0 227 0 201 0 2 2 2 2 2 2 2 2 
[ 2445.072143] 
[ 2445.073701] MESSAGE_B= 0 0 0 16 4 1 192 64 248 179 0 387 546 992 3247 613 479 585 2937 47 23 78 72 75 32 188 585 0 5 95 208 79 174 72 237 59 0 2 2 2 2 2 0 0 2 
[ 2445.208142] 
[ 2445.209706] MESSAGE_B= 0 0 0 16 5 1 192 64 248 179 0 389 605 994 3288 616 500 609 3224 43 32 71 34 84 35 208 516 0 5 75 255 104 128 10 233 110 0 2 2 2 2 2 0 0 2 
[ 2445.345151] 
[ 2445.346689] MESSAGE_B= 0 0 0 16 5 1 192 64 248 179 0 390 651 960 3366 625 531 632 3496 42 34 68 76 81 51 231 157 0 5 177 255 119 67 108 196 92 0 2 2 2 2 2 0 0 2 
[ 2445.482142] 
[ 2445.483659] MESSAGE_B= 0 0 0 16 3 0 192 64 248 179 0 390 713 928 3405 624 541 646 3493 37 32 59 98 83 45 252 117 0 5 246 200 86 63 189 190 118 0 2 2 2 2 2 0 0 2 
[ 2445.619152] 
[ 2445.620670] MESSAGE_B= 0 0 0 16 4 0 192 64 248 179 0 395 782 934 3555 630 597 685 3522 37 41 74 73 87 20 278 118 0 5 232 222 46 233 114 159 48 0 2 2 2 2 2 2 0 2 
[ 2445.756150] 
[ 2445.757667] MESSAGE_B= 0 0 0 16 4 0 192 64 248 179 0 395 866 942 3582 630 673 726 3530 29 34 73 111 89 19 300 151 0 5 198 90 26 207 177 150 86 0 2 2 2 2 2 2 0 0 
[ 2445.893144] 
[ 2445.894661] MESSAGE_B= 0 0 0 16 5 0 192 64 248 179 0 393 926 934 3619 636 743 766 3540 32 38 63 91 87 31 308 129 0 5 178 167 23 221 3 129 213 0 2 2 2 2 2 2 2 0 
[ 2446.029144] 
[ 2446.030661] MESSAGE_B= 0 0 0 16 1 1 192 64 248 179 0 637 1107 1079 1158 0 1040 0 1132 100 66 77 137 0 223 0 85 0 5 117 176 0 0 0 96 73 165 2 2 2 0 2 2 0 2 
[ 2446.165148] 
[ 2446.166664] MESSAGE_B= 0 0 0 16 1 1 192 64 248 179 0 629 1116 1072 1228 0 1042 0 1129 101 69 84 217 0 216 0 91 0 5 111 142 0 1 0 75 57 123 2 2 2 2 2 2 2 2 
[ 2446.301140] 
[ 2446.302660] MESSAGE_B= 0 0 0 16 1 2 192 64 248 179 0 624 1116 1056 1204 0 1035 0 1134 101 71 128 196 0 229 0 83 0 5 81 151 0 8 0 35 54 137 2 2 2 2 2 2 2 2 
[ 2446.437143] 
[ 2446.438659] MESSAGE_B= 0 0 0 16 1 2 192 64 248 179 0 619 1121 1098 1216 0 1003 0 1143 106 64 253 170 0 230 0 89 0 5 12 165 0 4 0 32 67 167 2 2 2 2 2 2 2 2 
[ 2446.573150] 
[ 2446.574669] MESSAGE_B= 0 0 0 16 1 2 192 64 248 179 0 600 1130 1157 1338 0 980 0 1144 106 60 351 307 0 225 0 101 0 5 53 189 0 17 0 19 154 169 2 2 2 2 2 2 2 2 
[ 2446.709139] 
[ 2446.710660] MESSAGE_B= 0 0 0 16 1 2 192 64 248 179 0 594 1130 1176 1336 0 955 0 1141 103 51 414 260 0 210 0 105 0 5 74 218 0 9 0 4 153 185 2 2 2 2 2 2 2 2 
[ 2446.845142] 
[ 2446.846658] MESSAGE_B= 0 0 0 16 1 2 192 64 248 179 0 587 1125 1227 1377 0 928 0 1143 101 52 497 305 0 198 0 107 0 5 80 222 0 45 0 42 171 198 2 2 2 2 2 2 2 2 
[ 2446.981154] 
[ 2446.982672] MESSAGE_B= 0 0 0 16 1 2 192 64 248 179 0 566 1129 1243 1509 0 879 0 1131 99 60 455 402 0 180 0 103 0 5 11 224 0 139 0 134 162 195 2 2 2 2 2 2 2 2 
[ 2447.117140] 
[ 2447.118661] MESSAGE_B= 0 0 0 16 1 2 192 64 248 179 0 560 1105 1271 1391 0 882 0 1112 95 56 481 256 0 185 0 119 0 5 18 191 0 150 0 176 169 208 2 2 2 2 2 2 2 2 
[ 2447.253144] 
[ 2447.254659] MESSAGE_B= 0 0 0 16 1 2 192 64 248 179 0 554 1092 1374 1431 0 879 0 1106 95 46 609 264 0 183 0 109 0 5 59 207 0 147 0 160 155 228 2 2 2 2 2 2 2 2 
[ 2447.389147] 
[ 2447.390686] MESSAGE_B= 0 0 0 16 1 2 192 64 248 179 0 538 1086 1250 1561 0 879 0 1089 94 60 463 333 0 189 0 110 0 5 57 189 0 144 0 147 138 234 2 2 2 2 2 2 2 2 
[ 2447.525137] 
[ 2447.526702] MESSAGE_B= 0 0 0 16 1 2 192 64 248 179 0 525 1074 1146 1527 0 886 0 1067 82 39 220 315 0 192 0 114 0 5 74 203 0 159 0 185 58 231 2 2 2 2 2 2 2 2 
[ 2447.662141] 
[ 2447.663658] MESSAGE_B= 0 0 0 16 1 2 192 64 248 179 0 500 1064 1116 1568 0 881 0 1072 73 47 159 315 0 202 0 115 0 5 0 161 0 147 0 202 26 225 2 2 2 2 2 2 2 2 
[ 2447.798146] 
[ 2447.799661] MESSAGE_B= 0 0 0 16 1 2 192 64 248 179 0 479 1047 1100 1520 0 867 0 1076 62 30 138 249 0 211 0 115 0 5 66 214 0 146 0 199 26 227 2 2 2 2 2 2 2 2 
[ 2447.934141] 
[ 2447.935662] MESSAGE_B= 0 0 0 16 0 0 192 64 248 179 0 377 663 931 1286 590 984 1512 2168 314 376 331 238 420 478 697 735 0 31 159 215 217 177 192 241 146 68 0 0 0 0 0 0 0 0 
[ 2448.072142] 
[ 2448.073658] MESSAGE_B= 0 0 0 16 0 1 192 64 248 179 0 376 630 942 1126 622 985 1555 2133 320 374 323 252 434 504 685 802 0 31 154 221 220 185 203 241 131 84 0 0 0 0 0 0 0 0 
[ 2448.210144] 
[ 2448.211659] MESSAGE_B= 0 0 0 16 0 1 192 64 248 179 0 379 596 952 1008 665 993 1597 2118 327 372 313 262 455 533 675 855 0 31 150 227 218 194 217 243 118 97 0 0 0 0 0 0 0 0 
[ 2448.347143] 
[ 2448.348658] MESSAGE_B= 0 0 0 16 0 1 192 64 248 179 0 380 568 951 959 715 1008 1630 2124 331 373 305 275 483 560 667 878 0 31 146 227 212 201 226 244 107 98 0 0 0 0 0 0 0 0 
[ 2448.485142] 
[ 2448.486659] MESSAGE_B= 0 0 0 16 0 1 192 64 248 179 0 384 541 941 979 762 1025 1662 2147 334 374 305 296 510 581 660 871 0 31 143 216 210 206 225 241 100 80 0 0 0 0 0 0 0 0 
[ 2448.623149] 
[ 2448.624665] MESSAGE_B= 0 0 0 16 0 1 192 64 248 179 0 390 529 935 1057 806 1049 1695 2181 334 375 310 336 533 591 650 842 0 31 139 197 210 207 223 237 95 53 0 0 0 0 0 0 0 0 
[ 2448.761145] 
[ 2448.762660] MESSAGE_B= 0 0 0 16 1 1 192 64 248 179 0 392 521 925 1139 840 1065 1719 2213 334 374 309 376 553 599 646 812 0 31 140 180 209 209 221 233 96 34 0 0 0 0 0 0 0 0 
[ 2448.899150] 
[ 2448.900667] MESSAGE_B= 0 0 0 16 0 1 192 64 248 179 0 389 516 918 1174 851 1069 1737 2225 336 373 310 396 562 602 654 801 0 31 138 172 207 207 221 231 96 23 0 0 0 0 0 0 0 0 
[ 2449.037147] 
[ 2449.038663] MESSAGE_B= 0 0 0 16 0 1 192 64 248 179 0 390 514 917 1199 857 1076 1757 2237 336 375 309 389 561 604 661 792 0 31 139 172 205 206 222 228 96 21 0 0 0 0 0 0 0 0 
[ 2449.175139] 
[ 2449.176664] MESSAGE_B= 0 0 0 16 0 1 192 64 248 179 0 389 511 912 1208 859 1078 1769 2239 336 374 310 387 560 605 671 786 0 31 140 169 206 205 223 228 95 19 0 0 0 0 0 0 0 0 
[ 2449.313142] 
[ 2449.314657] MESSAGE_B= 0 0 0 16 0 1 192 64 248 179 0 391 512 912 1214 862 1082 1784 2232 336 375 310 385 560 608 680 777 0 31 140 168 206 203 223 226 93 17 0 0 0 0 0 0 0 0 
[ 2449.451142] 
[ 2449.452662] MESSAGE_B= 0 0 0 16 0 1 192 64 248 179 0 391 512 910 1219 862 1085 1796 2233 337 373 310 384 561 609 690 775 0 31 143 166 204 202 222 229 94 17 0 0 0 0 0 0 0 0 
[ 2449.589143] 
[ 2449.590660] MESSAGE_B= 0 0 0 16 0 1 192 64 248 179 0 390 510 907 1223 863 1087 1806 2231 337 373 309 383 560 611 695 768 0 31 141 164 205 203 222 228 95 17 0 0 0 0 0 0 0 0 
[ 2449.727142] 
[ 2449.728659] MESSAGE_B= 0 0 0 16 0 1 192 64 248 179 0 391 510 907 1231 865 1092 1816 2232 336 374 308 380 562 614 697 765 0 31 142 164 207 201 222 226 97 16 0 0 0 0 0 0 0 0 
[ 2449.865145] 
[ 2449.866661] MESSAGE_B= 0 0 0 16 0 1 192 64 248 179 0 392 511 906 1236 865 1095 1820 2235 337 374 307 380 561 616 700 763 0 31 143 162 209 201 222 228 97 16 0 0 0 0 0 0 0 0 
[ 2450.003146] 
[ 2450.004662] MESSAGE_B= 0 0 0 16 0 1 192 64 248 179 0 392 510 903 1243 869 1102 1829 2235 337 375 310 380 558 617 705 762 0 31 143 163 209 201 224 228 97 16 0 0 0 0 0 0 0 0 
[ 2450.140136] 
[ 2450.141683] MESSAGE_B= 0 0 0 16 0 1 192 64 248 179 0 391 507 899 1248 869 1104 1835 2239 337 375 308 378 558 621 709 757 0 31 145 163 209 202 224 225 100 18 0 0 0 0 0 0 0 0 
[ 2450.278144] 
[ 2450.279658] MESSAGE_B= 0 0 0 16 0 1 192 64 248 179 0 389 505 893 1250 868 1105 1841 2237 338 373 312 379 558 624 716 759 0 31 145 161 209 202 223 225 96 16 0 0 0 0 0 0 0 0 
[ 2450.416143] 
[ 2450.417686] MESSAGE_B= 0 0 0 16 0 1 192 64 248 179 0 393 509 898 1261 873 1112 1853 2244 337 374 309 376 556 626 719 758 0 31 146 161 208 202 225 226 99 18 0 0 0 0 0 0 0 0 
[ 2450.554143] 
[ 2450.555708] MESSAGE_B= 0 0 0 16 0 1 192 64 248 179 0 393 507 896 1267 873 1113 1859 2249 337 373 309 373 558 627 727 755 0 31 147 159 207 202 225 226 98 18 0 0 0 0 0 0 0 0 
[ 2450.692144] 
[ 2450.693692] MESSAGE_B= 0 0 0 16 0 1 192 64 248 179 0 391 504 887 1269 872 1113 1865 2248 337 372 311 372 559 628 733 755 0 31 145 160 206 202 225 226 94 20 0 0 0 0 0 0 0 0 
[ 2450.830141] 
[ 2450.831660] MESSAGE_B= 0 0 0 16 0 1 192 64 248 179 0 393 507 891 1278 875 1119 1874 2251 337 373 311 370 559 629 737 750 0 31 148 160 206 201 225 226 94 19 0 0 0 0 0 0 0 0 
[ 2450.968145] 
[ 2450.969660] MESSAGE_B= 0 0 0 16 0 1 192 64 248 179 0 391 503 884 1281 876 1118 1887 2251 336 373 311 368 557 631 752 747 0 31 146 161 204 202 227 224 91 20 0 0 0 0 0 0 0 0 
[ 2451.106141] 
[ 2451.107660] MESSAGE_B= 0 0 0 16 0 1 192 64 248 179 0 391 503 882 1285 877 1121 1893 2253 337 372 311 366 559 632 755 744 0 31 148 161 205 202 225 224 91 21 0 0 0 0 0 0 0 0 
[ 2451.243139] 
[ 2451.244656] MESSAGE_B= 0 0 0 16 0 1 192 64 248 179 0 395 506 887 1294 881 1125 1896 2256 338 375 310 361 557 631 755 739 0 31 149 161 205 201 225 223 89 19 0 0 0 0 0 0 0 0 
[ 2451.381144] 
[ 2451.382660] MESSAGE_B= 0 0 0 16 0 1 192 64 248 179 0 394 504 882 1295 880 1127 1899 2256 337 374 311 359 558 632 760 734 0 31 149 161 205 201 226 224 88 20 0 0 0 0 0 0 0 0 
[ 2451.519142] 
[ 2451.520677] MESSAGE_B= 0 0 0 16 0 1 192 64 248 179 0 395 504 882 1302 882 1129 1908 2260 337 373 308 356 558 635 764 732 0 31 150 162 202 201 227 223 90 20 0 0 0 0 0 0 0 0 
[ 2451.657140] 
[ 2451.658662] MESSAGE_B= 0 0 0 16 0 1 192 64 248 179 0 395 505 880 1307 882 1132 1912 2260 338 373 309 353 559 634 765 724 0 31 152 161 201 201 225 225 90 20 0 0 0 0 0 0 0 0 
[ 2451.795139] 
[ 2451.796654] MESSAGE_B= 0 0 0 16 0 1 192 64 248 179 0 394 504 876 1309 882 1136 1906 2255 337 373 308 353 558 636 760 716 0 31 152 161 203 202 226 222 90 18 0 0 0 0 0 0 0 0 
[ 2451.933140] 
[ 2451.934660] MESSAGE_B= 0 0 0 16 0 1 192 64 248 179 0 396 504 877 1318 884 1142 1905 2254 337 373 310 350 560 637 758 709 0 31 151 161 205 203 226 222 88 17 0 0 0 0 0 0 0 0 
[ 2452.071142] 
[ 2452.072659] MESSAGE_B= 0 0 0 16 0 1 192 64 248 179 0 395 502 873 1324 886 1145 1903 2245 337 374 309 346 559 637 760 699 0 31 152 164 204 202 227 221 88 17 0 0 0 0 0 0 0 0 
[ 2452.209142] 
[ 2452.210661] MESSAGE_B= 0 0 0 16 0 1 192 64 248 179 0 397 504 873 1334 889 1150 1910 2242 337 374 310 341 558 639 765 688 0 31 152 162 203 201 228 222 87 18 0 0 0 0 0 0 0 0 
[ 2452.347140] 
[ 2452.348655] MESSAGE_B= 0 0 0 16 0 1 192 64 248 179 0 398 503 872 1341 891 1152 1914 2240 338 374 308 338 559 641 769 682 0 31 153 164 202 201 228 221 88 16 0 0 0 0 0 0 0 0 
[ 2452.485147] 
[ 2452.486664] MESSAGE_B= 0 0 0 16 0 1 192 64 248 179 0 394 500 863 1344 889 1153 1918 2235 338 371 309 337 560 645 778 677 0 31 154 162 201 201 228 221 86 14 0 0 0 0 0 0 0 0 
[ 2452.623139] 
[ 2452.624655] MESSAGE_B= 0 0 0 16 0 1 192 64 248 179 0 397 502 866 1355 894 1159 1929 2231 338 372 310 333 561 647 782 670 0 31 154 163 199 199 229 222 86 13 0 0 0 0 0 0 0 0 
[ 2452.761145] 
[ 2452.762662] MESSAGE_B= 0 0 0 16 0 1 192 64 248 179 0 398 503 865 1362 895 1160 1936 2231 338 373 311 333 560 649 788 660 0 31 156 162 199 198 228 221 86 11 0 0 0 0 0 0 0 0 
[ 2452.899148] 
[ 2452.900665] MESSAGE_B= 0 0 0 16 0 1 192 64 248 179 0 394 499 857 1364 894 1161 1937 2223 338 372 312 332 559 652 794 655 0 31 156 163 199 197 229 221 85 10 0 0 0 0 0 0 0 0 
[ 2453.037150] 
[ 2453.038668] MESSAGE_B= 0 0 0 16 0 1 192 64 248 179 0 397 502 861 1378 897 1166 1943 2219 339 374 309 326 558 654 791 646 0 31 158 162 200 195 228 221 89 10 0 0 0 0 0 0 0 0 
[ 2453.175147] 
[ 2453.176669] MESSAGE_B= 0 0 0 16 0 1 192 64 248 179 0 395 498 853 1379 895 1167 1941 2207 338 371 310 323 558 658 793 642 0 31 157 162 202 194 229 221 89 7 0 0 0 0 0 0 0 0 
[ 2453.312199] 
[ 2453.313718] MESSAGE_B= 0 0 0 16 0 1 192 64 248 179 0 398 501 858 1389 898 1175 1949 2201 338 374 308 321 555 662 793 634 0 31 159 163 202 193 229 220 93 3 0 0 0 0 0 0 0 0 
[ 2453.449138] 
[ 2453.450681] MESSAGE_B= 0 0 0 16 0 1 192 64 248 179 0 397 499 853 1394 898 1178 1953 2196 339 374 310 320 556 665 797 629 0 31 160 162 202 193 229 219 92 2 0 0 0 0 0 0 0 0 
