[10066.155745] MESSAGE_B= 0 4 0 16 13 1 192 64 248 179 0 2265 2122 2286 2103 2329 1746 2348 1735 217 332 221 335 515 142 522 146 0 31 255 255 255 255 130 155 129 153 0 0 0 0 0 0 0 0 
[10066.292236] 
[10066.293752] MESSAGE_B= 0 4 0 16 8 0 192 64 248 179 0 2384 2104 2405 2086 2332 1728 2353 1715 247 277 256 280 510 191 513 185 0 31 255 255 255 255 89 159 92 167 0 0 0 0 0 0 0 0 
[10066.430231] 
[10066.431746] MESSAGE_B= 0 4 4 16 8 0 192 64 248 179 0 2481 2177 2503 2161 2396 1946 2417 1932 134 275 127 269 483 244 489 238 0 31 255 255 255 255 80 81 90 99 0 0 0 0 0 0 0 0 
[10066.568230] 
[10066.569745] MESSAGE_B= 0 4 4 16 12 1 192 64 248 179 0 2404 2122 2431 2099 2355 2104 2376 2093 230 304 225 309 508 191 508 192 0 31 255 255 255 255 64 12 64 15 0 0 0 0 0 0 0 0 
[10066.706234] 
[10066.707771] MESSAGE_B= 0 4 4 16 8 1 192 64 248 179 0 2277 2206 2302 2188 2214 1996 2234 1983 233 309 233 308 424 288 429 289 0 31 255 255 255 255 194 85 198 86 0 0 0 0 0 0 0 0 
[10066.844232] 
[10066.845773] MESSAGE_B= 0 4 4 16 9 1 192 64 248 179 0 2324 2225 2346 2205 2269 2023 2290 2009 169 284 165 286 446 295 451 296 0 31 255 255 255 255 139 55 151 55 0 0 0 0 0 0 0 0 
[10066.982232] 
[10066.983747] MESSAGE_B= 0 4 4 16 8 1 192 64 248 179 0 2324 2189 2348 2170 2260 2011 2281 1997 176 310 164 313 543 307 547 313 0 31 255 255 255 255 166 91 182 85 0 0 0 0 0 0 0 0 
[10067.120234] 
[10067.121754] MESSAGE_B= 0 4 4 16 11 1 192 64 248 179 0 2330 2235 2355 2212 2310 1984 2332 1969 249 275 255 275 529 284 534 289 0 31 255 255 255 255 94 87 89 89 0 0 0 0 0 0 0 0 
[10067.258230] 
[10067.259745] MESSAGE_B= 0 4 4 16 13 0 192 64 248 179 0 2315 2159 2343 2138 2315 1979 2335 1962 220 296 218 297 539 311 545 305 0 31 255 255 255 255 136 129 138 134 0 0 0 0 0 0 0 0 
[10067.396234] 
[10067.397749] MESSAGE_B= 0 4 4 16 14 1 192 64 248 179 0 2353 2133 2361 2113 2301 1885 2321 1867 225 292 217 297 543 365 551 365 0 31 254 255 255 255 153 128 144 121 0 0 0 0 0 0 0 0 
[10067.534230] 
[10067.535745] MESSAGE_B= 0 4 4 16 9 1 192 64 248 179 0 2325 2205 2347 2186 2340 1883 2355 1867 187 228 198 221 506 391 517 386 0 31 255 255 255 255 145 51 143 58 0 0 0 0 0 0 0 0 
[10067.672236] 
[10067.673750] MESSAGE_B= 0 4 4 16 14 1 192 64 248 179 0 2368 2210 2407 2178 2288 1796 2298 1781 185 223 176 228 491 259 497 256 0 31 255 255 255 255 152 85 156 78 0 0 0 0 0 0 0 0 
[10067.810234] 
[10067.811757] MESSAGE_B= 0 4 4 16 19 1 192 64 248 179 0 2399 2236 2425 2206 2272 1828 2280 1814 184 242 182 240 525 267 523 268 0 31 254 254 255 255 108 52 93 64 0 0 0 0 0 0 0 0 
[10067.948231] 
[10067.949744] MESSAGE_B= 0 4 4 16 16 1 192 64 248 179 0 2435 2269 2472 2251 2228 1890 2254 1874 195 199 185 201 505 343 511 337 0 31 253 255 255 255 89 53 63 65 0 0 0 0 0 0 0 0 
[10068.086238] 
[10068.087759] MESSAGE_B= 0 4 4 16 12 1 192 64 248 179 0 2435 2228 2458 2223 2129 1968 2155 1950 272 286 278 292 443 320 448 314 0 31 255 254 255 255 74 174 66 183 0 0 0 0 0 0 0 0 
[10068.224230] 
[10068.225745] MESSAGE_B= 0 4 4 16 15 0 192 64 248 179 0 2339 2207 2366 2179 2167 2012 2181 1997 224 264 235 259 511 279 519 281 0 31 254 254 255 255 150 191 140 184 0 0 0 0 0 0 0 0 
[10068.362250] 
[10068.363771] MESSAGE_B= 0 4 4 16 13 1 192 64 248 179 0 2368 2191 2398 2163 2159 2252 2177 2222 219 316 216 321 513 265 518 246 0 31 255 255 255 255 146 81 147 92 0 0 0 0 0 0 0 0 
[10068.500234] 
[10068.501750] MESSAGE_B= 0 4 4 16 13 0 192 64 248 179 0 2395 2231 2412 2209 2154 2060 2174 2041 222 341 228 338 504 267 510 266 0 31 255 255 255 255 147 189 140 186 0 0 0 0 0 0 0 0 
[10068.638230] 
[10068.639745] MESSAGE_B= 0 4 4 16 14 1 192 64 248 179 0 2384 2228 2406 2209 2167 2016 2181 1997 249 301 228 303 481 355 492 347 0 31 254 255 255 255 128 168 145 174 0 0 0 0 0 0 0 0 
[10068.776230] 
[10068.777747] MESSAGE_B= 0 4 4 16 12 0 192 64 248 179 0 2441 2221 2460 2210 2184 1973 2224 1950 165 258 175 249 453 324 462 318 0 31 255 255 255 255 98 190 116 182 0 0 0 0 0 0 0 0 
[10068.914234] 
[10068.915750] MESSAGE_B= 0 4 4 16 13 1 192 64 248 179 0 2395 2202 2421 2184 2234 2047 2273 2039 244 245 242 247 420 373 417 373 0 31 255 255 255 255 129 33 135 30 0 0 0 0 0 0 0 0 
[10069.052233] 
[10069.053748] MESSAGE_B= 0 4 4 16 12 1 192 64 248 179 0 2359 2230 2385 2214 2205 2066 2235 2051 233 266 231 260 473 234 473 251 0 31 255 255 255 252 135 45 137 57 0 0 0 0 0 0 0 0 
[10069.190230] 
[10069.191745] MESSAGE_B= 0 4 4 16 14 1 192 64 248 179 0 2431 2234 2461 2213 2241 1996 2258 1988 167 265 166 261 477 320 485 310 0 31 254 255 255 254 50 39 40 32 0 0 0 0 0 0 0 0 
[10069.328233] 
[10069.329753] MESSAGE_B= 0 4 4 16 17 1 192 64 248 179 0 2459 2261 2458 2239 2246 1922 2234 1930 217 226 220 229 491 311 522 296 0 31 253 253 255 255 19 27 56 27 0 0 0 0 0 0 0 0 
[10069.466230] 
[10069.467745] MESSAGE_B= 0 4 4 16 16 1 192 64 248 179 0 2346 2371 2436 2260 2263 2129 2370 1961 191 227 144 284 500 266 428 339 0 31 242 217 250 219 151 16 76 80 0 0 0 0 0 0 0 0 
[10069.604230] 
[10069.605745] MESSAGE_B= 0 4 4 16 15 0 192 64 248 179 0 2332 2140 2331 2196 2261 1933 2232 1913 240 306 255 267 491 343 540 339 0 31 246 244 255 254 181 151 204 91 0 0 0 0 0 0 0 0 
[10069.742234] 
[10069.743750] MESSAGE_B= 0 4 4 16 9 1 192 64 248 179 0 2291 2034 2231 2092 2239 1966 2232 1962 220 268 275 275 518 337 546 325 0 31 243 239 255 254 196 149 228 93 0 0 0 0 0 0 0 0 
[10069.880234] 
[10069.881751] MESSAGE_B= 0 4 4 16 9 0 192 64 248 179 0 2300 2160 2278 2160 2188 1899 2130 1947 235 255 292 273 513 403 551 348 0 31 253 248 255 254 228 128 224 85 0 0 0 0 0 0 0 0 
[10070.018237] 
[10070.019755] MESSAGE_B= 0 4 4 16 9 1 192 64 248 179 0 2244 2088 2205 2150 2174 1957 2150 1936 272 265 333 243 555 386 568 324 0 31 253 220 254 251 233 116 241 16 0 0 0 0 0 0 0 0 
[10070.156234] 
[10070.157748] MESSAGE_B= 0 4 4 16 8 1 192 64 248 179 0 2391 2166 2385 2157 2126 2013 2097 2047 202 230 213 215 515 478 527 390 0 31 251 242 254 254 114 113 141 82 0 0 0 0 0 0 0 0 
[10070.294235] 
[10070.295762] MESSAGE_B= 0 4 4 16 11 1 192 64 248 179 0 2435 2157 2452 2126 2279 2049 2317 2029 208 231 205 235 457 328 452 347 0 31 254 250 255 255 73 40 55 33 0 0 0 0 0 0 0 0 
[10070.432230] 
[10070.433746] MESSAGE_B= 0 4 4 16 10 2 192 64 248 179 0 1932 2177 1956 2179 1383 1619 1403 1614 300 299 318 279 166 122 170 136 0 31 255 254 255 253 5 155 1 172 0 0 0 0 0 0 0 0 
[10070.570230] 
[10070.571751] MESSAGE_B= 0 4 4 16 12 2 192 64 248 179 0 1926 2179 1952 2162 1399 1605 1413 1589 301 295 321 284 168 117 177 117 0 31 255 255 255 255 13 127 18 135 0 0 0 0 0 0 0 0 
[10070.708229] 
[10070.709746] MESSAGE_B= 0 4 4 16 12 2 192 64 248 179 0 1912 2199 1943 2183 1427 1667 1449 1649 309 268 323 264 160 109 157 125 0 31 255 255 255 255 6 128 6 139 0 0 0 0 0 0 0 0 
[10070.846233] 
[10070.847748] MESSAGE_B= 0 4 4 16 12 3 192 64 248 179 0 1914 2162 1947 2142 1496 1647 1521 1623 308 298 318 289 126 115 127 110 0 31 255 255 255 255 1 115 3 126 0 0 0 0 0 0 0 0 
[10070.984237] 
[10070.985779] MESSAGE_B= 0 4 4 16 11 3 192 64 248 179 0 1905 2091 1928 2077 1508 1601 1533 1572 251 281 255 273 129 90 128 114 0 31 253 253 255 255 92 196 124 176 0 0 0 0 0 0 0 0 
[10071.122235] 
[10071.123751] MESSAGE_B= 0 4 4 16 12 3 192 64 248 179 0 1911 2084 1931 2072 1479 1571 1499 1557 246 297 253 285 187 139 203 135 0 31 253 254 255 253 87 150 91 150 0 0 0 0 0 0 0 0 
[10071.260235] 
[10071.261755] MESSAGE_B= 0 4 4 16 12 3 192 64 248 179 0 1923 2103 1953 2083 1485 1596 1510 1572 277 299 271 295 126 97 138 106 0 31 254 254 255 251 71 121 92 137 0 0 0 0 0 0 0 0 
[10071.398235] 
[10071.399750] MESSAGE_B= 0 4 4 16 12 3 192 64 248 179 0 1910 2104 1935 2092 1363 1474 1373 1467 266 286 264 279 226 170 230 168 0 31 253 253 255 255 51 141 47 146 0 0 0 0 0 0 0 0 
[10071.536235] 
[10071.537756] MESSAGE_B= 0 4 4 16 12 2 192 64 248 179 0 1922 2122 1948 2107 1419 1534 1437 1519 293 297 295 289 213 128 226 119 0 31 253 254 255 254 79 137 82 150 0 0 0 0 0 0 0 0 
[10071.674229] 
[10071.675744] MESSAGE_B= 0 4 4 16 23 1 192 64 248 179 0 2154 2502 2182 2486 1434 1548 1448 1536 500 540 500 537 261 186 272 186 0 31 255 255 255 255 127 6 123 7 0 0 0 0 0 0 0 0 
[10071.812238] 
[10071.813754] MESSAGE_B= 0 4 4 16 13 1 192 64 248 179 0 2171 2528 2195 2515 1698 1976 1719 1967 412 462 422 461 273 342 279 335 0 31 255 255 255 255 223 198 226 196 0 0 0 0 0 0 0 0 
[10071.950234] 
[10071.951750] MESSAGE_B= 0 4 4 16 22 1 192 64 248 179 0 2190 2274 2217 2266 1992 2283 2013 2276 379 492 381 490 390 517 392 511 0 31 255 255 255 255 207 163 207 159 0 0 0 0 0 0 0 0 
[10072.088238] 
[10072.089753] MESSAGE_B= 0 4 4 16 10 1 192 64 248 179 0 2135 2206 2163 2190 2138 2382 2161 2369 391 521 398 523 481 521 486 514 0 31 255 255 255 255 223 169 223 163 0 0 0 0 0 0 0 0 
[10072.226233] 
[10072.227748] MESSAGE_B= 0 4 4 16 10 1 192 64 248 179 0 2130 2197 2158 2182 2134 2378 2158 2366 396 532 400 529 485 533 493 523 0 31 255 255 255 255 221 165 220 166 0 0 0 0 0 0 0 0 
[10072.364234] 
[10072.365750] MESSAGE_B= 0 4 4 16 9 1 192 64 248 179 0 2125 2194 2153 2178 2135 2380 2159 2367 399 535 404 533 482 531 489 526 0 31 255 255 255 255 228 168 227 164 0 0 0 0 0 0 0 0 
[10072.502229] 
[10072.503742] MESSAGE_B= 0 4 4 16 9 1 192 64 248 179 0 2121 2191 2149 2175 2135 2381 2159 2369 404 537 409 536 481 528 489 520 0 31 255 255 255 255 227 168 224 167 0 0 0 0 0 0 0 0 
[10072.640235] 
[10072.641750] MESSAGE_B= 0 4 4 16 8 1 192 64 248 179 0 2121 2192 2151 2176 2135 2385 2160 2371 408 543 409 541 487 529 492 523 0 31 255 255 255 255 222 166 226 163 0 0 0 0 0 0 0 0 
[10072.778230] 
[10072.779752] MESSAGE_B= 0 4 4 16 9 1 192 64 248 179 0 2121 2193 2151 2176 2134 2383 2159 2371 410 538 407 539 485 529 492 521 0 31 255 255 255 255 223 169 227 165 0 0 0 0 0 0 0 0 
[10072.916236] 
[10072.917752] MESSAGE_B= 0 4 4 16 86 1 192 64 248 179 0 1467 2245 1453 2235 1999 1732 2025 1737 136 243 131 243 532 248 545 221 0 31 255 255 255 255 110 162 109 163 0 0 0 0 0 0 0 0 
[10073.054230] 
[10073.055745] MESSAGE_B= 0 4 4 16 81 1 192 64 248 179 0 1464 2248 1448 2240 1997 1735 2023 1741 133 240 126 252 523 245 540 218 0 31 255 255 255 255 120 178 123 159 0 0 0 0 0 0 0 0 
[10073.192236] 
[10073.193751] MESSAGE_B= 0 4 4 16 82 1 192 64 248 179 0 1464 2248 1448 2243 1991 1739 2017 1743 136 242 131 248 516 244 529 222 0 31 255 255 255 255 112 178 115 161 0 0 0 0 0 0 0 0 
[10073.330233] 
[10073.331749] MESSAGE_B= 0 4 4 16 80 1 192 64 248 179 0 1477 2245 1463 2239 1999 1737 2024 1743 115 239 110 242 518 243 528 220 0 31 255 255 255 255 105 181 109 170 0 0 0 0 0 0 0 0 
[10073.468234] 
[10073.469749] MESSAGE_B= 0 4 4 16 76 1 192 64 248 179 0 1458 2245 1442 2238 1998 1738 2023 1745 102 237 99 245 506 248 517 223 0 31 255 255 255 255 160 176 166 159 0 0 0 0 0 0 0 0 
[10073.606235] 
[10073.607750] MESSAGE_B= 0 4 4 16 69 1 192 64 248 179 0 1441 2253 1426 2249 1994 1746 2018 1752 113 253 116 257 501 247 516 229 0 31 255 255 255 255 172 178 157 162 0 0 0 0 0 0 0 0 
[10073.744235] 
[10073.745761] MESSAGE_B= 0 4 4 16 79 1 192 64 248 179 0 1425 2260 1408 2256 1993 1758 2018 1763 124 267 130 274 499 266 515 245 0 31 255 255 255 255 196 166 174 160 0 0 0 0 0 0 0 0 
[10073.882232] 
[10073.883790] MESSAGE_B= 0 4 4 16 75 1 192 64 248 179 0 1418 2254 1403 2249 2025 1765 2050 1769 136 262 128 266 484 275 497 251 0 31 255 255 255 255 175 164 189 167 0 0 0 0 0 0 0 0 
[10074.020237] 
[10074.021800] MESSAGE_B= 0 4 4 16 72 1 192 64 248 179 0 1473 2263 1459 2256 1988 1769 2014 1772 138 261 132 275 513 270 525 249 0 31 255 255 255 255 122 172 127 155 0 0 0 0 0 0 0 0 
[10074.158230] 
[10074.159745] MESSAGE_B= 0 4 4 16 69 1 192 64 248 179 0 1435 2267 1420 2263 2004 1772 2030 1777 105 265 101 270 519 271 528 245 0 31 255 255 255 255 204 164 214 169 0 0 0 0 0 0 0 0 
[10074.296241] 
[10074.297776] MESSAGE_B= 0 4 4 16 62 1 192 64 248 179 0 1483 2267 1469 2263 2003 1768 2029 1773 102 271 93 274 530 271 543 247 0 31 255 255 255 255 112 160 113 167 0 0 0 0 0 0 0 0 
[10074.434235] 
[10074.435751] MESSAGE_B= 0 4 4 16 18 1 192 64 248 179 0 2874 3401 2851 3431 2465 1747 2444 1695 333 413 346 416 743 1022 747 1020 0 22 250 254 252 255 18 243 52 242 0 0 0 0 2 2 2 2 
[10074.572235] 
[10074.573751] MESSAGE_B= 0 4 4 16 18 1 192 64 248 179 0 2923 3606 2893 3664 2355 1693 2316 1635 383 199 396 138 877 953 852 948 0 22 250 247 253 255 46 122 48 113 0 0 0 0 2 2 2 2 
[10074.710235] 
[10074.711759] MESSAGE_B= 0 4 4 16 19 1 192 64 248 179 0 2964 3618 2948 3684 2306 1689 2270 1624 403 186 441 123 876 918 860 909 0 22 245 227 250 255 102 104 151 136 0 0 0 0 0 2 0 2 
[10074.848238] 
[10074.849797] MESSAGE_B= 0 4 4 16 18 2 192 64 248 179 0 3019 3618 2981 3700 2318 1743 2300 1671 384 185 430 117 872 925 890 913 0 22 247 213 248 255 122 127 154 87 0 0 0 0 0 2 0 2 
[10074.986237] 
[10074.987761] MESSAGE_B= 0 4 4 16 17 1 192 64 248 179 0 3030 3617 2987 3692 2238 1745 2286 1674 380 182 433 132 867 930 932 915 0 22 248 222 247 255 135 116 149 130 0 0 0 0 0 2 0 2 
[10075.124238] 
[10075.125753] MESSAGE_B= 0 4 4 16 14 1 192 64 248 179 0 3035 3620 2995 3695 2228 1754 2286 1683 379 172 422 141 867 931 933 913 0 22 247 214 246 255 139 119 153 92 0 0 0 0 0 2 0 2 
[10075.262230] 
[10075.263745] MESSAGE_B= 0 4 4 16 13 1 192 64 248 179 0 3023 3615 2991 3693 2187 1761 2249 1687 383 183 429 135 843 931 923 913 0 22 248 220 244 254 134 119 148 112 0 0 0 0 0 2 0 2 
[10075.400235] 
[10075.401750] MESSAGE_B= 0 4 4 16 12 1 192 64 248 179 0 3026 3615 2991 3691 2191 1752 2264 1676 384 184 422 127 846 933 926 918 0 22 248 226 246 255 131 109 150 96 0 0 0 0 0 2 0 2 
[10075.538234] 
[10075.539749] MESSAGE_B= 0 4 4 16 5 1 192 64 248 179 0 3050 3617 3017 3692 2200 1761 2275 1683 368 178 417 121 838 933 848 917 0 22 247 222 253 254 132 123 162 113 0 0 0 0 0 2 0 2 
[10075.676238] 
[10075.677759] MESSAGE_B= 0 4 4 16 8 1 192 64 248 179 0 3068 3614 3004 3690 1766 1742 1864 1675 364 188 407 134 758 912 787 902 0 22 249 220 252 255 75 117 84 128 0 0 0 0 2 2 2 2 
[10075.814233] 
[10075.815749] MESSAGE_B= 0 4 4 16 19 3 192 64 248 179 0 3154 3492 3109 3530 3005 1552 2799 1551 359 316 361 280 259 609 362 617 0 22 250 254 247 255 111 122 176 106 0 0 0 0 2 2 2 2 
[10075.952239] 
[10075.953762] MESSAGE_B= 0 4 4 16 41 1 192 64 248 179 0 2695 2594 2673 2590 3262 2988 3271 2993 280 306 301 305 165 223 160 216 0 20 254 255 255 255 57 205 35 234 0 0 0 0 2 2 2 2 
[10076.090234] 
[10076.091750] MESSAGE_B= 0 4 4 16 75 1 192 64 248 179 0 2405 1326 2391 1320 2580 2606 2587 2609 503 313 530 301 492 441 508 438 0 20 254 255 255 255 198 236 176 238 0 0 0 0 2 2 2 2 
[10076.228237] 
[10076.229761] MESSAGE_B= 0 4 4 16 53 3 192 64 248 179 0 2177 1452 2198 1446 2067 2353 2056 2355 257 287 271 295 423 357 414 365 0 31 255 255 255 255 99 105 122 113 0 0 0 0 0 0 0 0 
[10076.366231] 
[10076.367746] MESSAGE_B= 0 4 4 16 35 2 192 64 248 179 0 2188 1426 2208 1419 2089 2383 2082 2379 307 285 320 290 402 381 391 386 0 31 255 255 255 255 131 102 156 107 0 0 0 0 0 0 0 0 
[10076.504238] 
[10076.505755] MESSAGE_B= 0 4 4 16 28 2 192 64 248 179 0 2203 1371 2219 1364 2125 2397 2120 2389 340 283 358 279 369 373 356 383 0 31 255 255 255 255 168 98 181 110 0 0 0 0 0 0 0 0 
[10076.642237] 
[10076.643755] MESSAGE_B= 0 4 4 16 27 3 192 64 248 179 0 2213 1341 2229 1339 2154 2358 2149 2350 343 258 353 241 345 360 329 363 0 31 254 255 255 255 168 73 203 84 0 0 0 0 0 0 0 0 
[10076.780239] 
[10076.781756] MESSAGE_B= 0 4 4 16 30 3 192 64 248 179 0 2239 1326 2256 1318 2157 2361 2152 2354 326 266 348 252 333 344 316 352 0 31 254 255 255 255 177 73 199 86 0 0 0 0 0 0 0 0 
[10076.918238] 
[10076.919754] MESSAGE_B= 0 4 4 16 28 3 192 64 248 179 0 2296 1354 2305 1347 2152 2358 2146 2351 364 266 383 254 336 346 319 354 0 31 255 255 255 255 205 114 216 118 0 0 0 0 0 0 0 0 
[10077.056242] 
[10077.057759] MESSAGE_B= 0 4 4 16 27 3 192 64 248 179 0 2278 1372 2290 1366 2151 2359 2144 2352 377 272 393 255 343 340 321 352 0 31 255 255 255 255 193 112 210 118 0 0 0 0 0 0 0 0 
[10077.194242] 
[10077.195764] MESSAGE_B= 0 4 4 16 29 3 192 64 248 179 0 2269 1369 2282 1362 2153 2360 2144 2353 370 275 391 260 339 335 325 350 0 31 255 255 255 255 198 106 205 110 0 0 0 0 0 0 0 0 
[10077.332238] 
[10077.333755] MESSAGE_B= 0 4 4 16 29 2 192 64 248 179 0 2260 1369 2276 1363 2149 2355 2140 2348 372 264 384 247 339 339 324 347 0 31 255 255 255 255 190 84 208 95 0 0 0 0 0 0 0 0 
[10077.470236] 
[10077.471753] MESSAGE_B= 0 4 4 16 28 2 192 64 248 179 0 2257 1367 2272 1361 2148 2353 2139 2347 368 260 383 245 337 342 324 349 0 31 255 255 255 255 196 81 210 86 0 0 0 0 0 0 0 0 
[10077.608237] 
[10077.609753] MESSAGE_B= 0 4 4 16 22 3 192 64 248 179 0 2016 2553 2036 2530 1694 1931 1705 1916 192 202 190 209 461 511 493 499 0 31 254 255 255 255 70 36 75 28 0 0 0 0 0 0 0 0 
[10077.746235] 
[10077.747751] MESSAGE_B= 0 4 4 16 46 0 192 64 248 179 0 2092 2564 2149 2542 1764 1945 1755 1934 255 226 259 230 516 505 527 493 0 31 254 255 255 255 126 83 110 81 0 0 0 0 0 0 0 0 
[10077.884243] 
[10077.885761] MESSAGE_B= 0 4 4 16 9 0 192 64 248 179 0 2240 2404 2258 2378 1807 2050 1828 2032 294 413 309 401 493 476 489 468 0 31 255 255 255 255 207 238 198 237 0 0 0 0 0 0 0 0 
[10078.022242] 
[10078.023759] MESSAGE_B= 0 4 4 16 5 1 192 64 248 179 0 2174 2291 2187 2259 1826 2052 1856 2012 336 408 339 406 457 444 444 433 0 31 255 255 255 255 187 229 186 205 0 0 0 0 0 0 0 0 
[10078.160239] 
[10078.161761] MESSAGE_B= 0 4 4 16 5 1 192 64 248 179 0 2161 2302 2177 2268 1844 2074 1849 2054 307 380 309 375 535 472 547 464 0 31 255 254 255 255 215 212 220 196 0 0 0 0 0 0 0 0 
[10078.298232] 
[10078.299748] MESSAGE_B= 0 4 4 16 5 1 192 64 248 179 0 2143 2289 2159 2254 1820 2066 1829 2047 301 382 306 381 557 478 571 465 0 31 255 254 255 255 214 215 215 197 0 0 0 0 0 0 0 0 
[10078.436240] 
[10078.437762] MESSAGE_B= 0 4 4 16 6 1 192 64 248 179 0 2151 2297 2166 2263 1819 2057 1827 2040 305 386 305 383 552 480 568 466 0 31 255 254 255 255 218 213 220 206 0 0 0 0 0 0 0 0 
[10078.574233] 
[10078.575750] MESSAGE_B= 0 4 4 16 5 1 192 64 248 179 0 2164 2299 2179 2265 1810 2048 1816 2031 308 389 311 385 548 475 561 462 0 31 255 255 255 255 219 216 219 207 0 0 0 0 0 0 0 0 
[10078.712239] 
[10078.713756] MESSAGE_B= 0 4 4 16 6 1 192 64 248 179 0 2183 2311 2198 2273 1792 2030 1799 2020 302 392 308 387 486 474 501 460 0 31 255 254 255 255 223 214 218 203 0 0 0 0 0 0 0 0 
[10078.850238] 
[10078.851755] MESSAGE_B= 0 4 4 16 6 1 192 64 248 179 0 2172 2303 2187 2264 1742 2012 1746 1999 293 373 299 368 544 475 558 463 0 31 255 255 255 255 229 213 230 202 0 0 0 0 0 0 0 0 
[10078.988242] 
[10078.989758] MESSAGE_B= 0 4 4 16 5 1 192 64 248 179 0 2195 2288 2212 2249 1746 2004 1748 1990 289 380 289 388 523 472 538 458 0 31 255 254 255 255 218 187 227 170 0 0 0 0 0 0 0 0 
[10079.126232] 
[10079.127753] MESSAGE_B= 0 4 4 16 5 1 192 64 248 179 0 2226 2319 2244 2277 1726 1988 1726 1973 267 360 279 369 487 444 502 433 0 31 255 255 255 255 227 195 225 177 0 0 0 0 0 0 0 0 
[10079.264239] 
[10079.265755] MESSAGE_B= 0 4 4 16 5 0 192 64 248 179 0 2256 2374 2276 2330 1651 1917 1650 1908 240 354 248 361 427 374 439 362 0 31 255 254 255 255 209 176 207 161 0 0 0 0 0 0 0 0 
[10079.402236] 
[10079.403756] MESSAGE_B= 0 4 4 16 5 0 192 64 248 179 0 2247 2375 2264 2331 1634 1891 1632 1882 243 353 244 360 413 367 425 357 0 31 255 255 255 255 186 172 191 157 0 0 0 0 0 0 0 0 
[10079.540238] 
[10079.541754] MESSAGE_B= 0 4 4 16 5 0 192 64 248 179 0 2268 2433 2285 2388 1649 1896 1647 1888 222 335 234 344 393 348 403 341 0 31 255 255 255 255 205 204 209 177 0 0 0 0 0 0 0 0 
[10079.678233] 
[10079.679753] MESSAGE_B= 0 4 4 16 6 0 192 64 248 179 0 2258 2451 2274 2406 1645 1890 1641 1882 210 339 216 344 377 337 386 329 0 31 255 254 255 255 177 184 188 171 0 0 0 0 0 0 0 0 
[10079.816235] 
[10079.817752] MESSAGE_B= 0 4 4 16 6 1 192 64 248 179 0 2252 2448 2268 2403 1628 1877 1624 1869 207 340 220 352 364 319 371 310 0 31 255 255 255 255 176 185 180 165 0 0 0 0 0 0 0 0 
[10079.954238] 
[10079.955755] MESSAGE_B= 0 4 4 16 5 3 192 64 248 179 0 2264 2472 2282 2427 1622 1868 1617 1861 208 336 206 349 349 306 355 299 0 31 255 254 255 255 170 187 186 165 0 0 0 0 0 0 0 0 
[10080.092234] 
[10080.093750] MESSAGE_B= 0 4 4 16 5 1 192 64 248 179 0 2265 2492 2288 2451 1616 1837 1613 1829 202 331 212 345 335 302 345 294 0 31 255 254 255 255 182 188 170 163 0 0 0 0 0 0 0 0 
[10080.230237] 
[10080.231757] MESSAGE_B= 0 4 4 16 5 0 192 64 248 179 0 2267 2399 2291 2361 1604 1864 1598 1859 200 225 199 253 322 275 332 262 0 31 255 253 255 255 171 87 171 48 0 0 0 0 0 0 0 0 
[10080.368233] 
[10080.369751] MESSAGE_B= 0 4 4 16 5 0 192 64 248 179 0 2274 2428 2295 2383 1589 1856 1582 1849 179 214 170 227 313 270 323 253 0 31 255 249 255 255 147 56 152 63 0 0 0 0 0 0 0 0 
[10080.506233] 
[10080.507748] MESSAGE_B= 0 4 4 16 6 1 192 64 248 179 0 2290 2425 2304 2397 1592 1796 1588 1787 208 284 204 314 305 248 310 233 0 31 255 255 255 255 157 130 163 137 0 0 0 0 0 0 0 0 
[10080.644232] 
[10080.645751] MESSAGE_B= 0 4 4 16 6 1 192 64 248 179 0 2332 2485 2348 2473 1619 1768 1613 1754 222 252 213 240 301 234 307 224 0 31 255 255 255 255 168 105 173 120 0 0 0 0 0 0 0 0 
[10080.782237] 
[10080.783753] MESSAGE_B= 0 4 4 16 5 1 192 64 248 179 0 2340 2298 2356 2285 1611 1773 1607 1749 192 208 199 194 299 327 305 323 0 31 255 255 255 255 162 26 148 27 0 0 0 0 0 0 0 0 
[10080.920238] 
[10080.921758] MESSAGE_B= 0 4 4 16 4 1 192 64 248 179 0 2341 2288 2356 2271 1608 1730 1605 1706 195 223 197 213 295 357 300 346 0 31 255 255 255 255 156 75 153 67 0 0 0 0 0 0 0 0 
[10081.058241] 
[10081.059758] MESSAGE_B= 0 4 4 16 5 1 192 64 248 179 0 2345 2272 2359 2258 1618 1738 1613 1721 202 234 198 220 290 380 296 369 0 31 255 254 255 255 160 41 156 58 0 0 0 0 0 0 0 0 
[10081.196236] 
[10081.197752] MESSAGE_B= 0 4 4 16 5 1 192 64 248 179 0 2336 2322 2355 2309 1611 1745 1604 1737 192 206 201 204 288 306 300 300 0 31 255 255 255 255 175 113 152 105 0 0 0 0 0 0 0 0 
[10081.334239] 
[10081.335753] MESSAGE_B= 0 4 4 16 8 0 192 64 248 179 0 2288 2606 2309 2580 1670 1884 1669 1863 255 260 253 257 370 287 379 293 0 31 255 255 255 255 216 160 228 152 0 0 0 0 0 0 0 0 
[10081.472238] 
[10081.473753] MESSAGE_B= 0 4 4 16 7 0 192 64 248 179 0 2200 2461 2216 2430 1793 2026 1796 2002 317 407 329 422 495 351 505 357 0 31 255 255 255 255 235 222 233 220 0 0 0 0 0 0 0 0 
[10081.610232] 
[10081.611757] MESSAGE_B= 0 4 4 16 6 1 192 64 248 179 0 2131 2296 2140 2270 1919 2043 1923 2026 363 404 378 392 576 352 589 355 0 31 255 255 255 255 245 193 243 194 0 0 0 0 0 0 0 0 
[10081.748233] 
[10081.749748] MESSAGE_B= 0 4 4 16 5 1 192 64 248 179 0 2110 2288 2118 2253 1932 2039 1938 2021 370 424 384 413 592 376 603 375 0 31 255 255 255 255 245 206 244 204 0 0 0 0 0 0 0 0 
[10081.886236] 
[10081.887758] MESSAGE_B= 0 4 4 16 4 2 192 64 248 179 0 2120 2297 2128 2257 1933 2040 1940 2020 361 443 375 426 607 387 618 394 0 31 255 255 255 255 240 216 240 216 0 0 0 0 0 0 0 0 
[10082.024236] 
[10082.025752] MESSAGE_B= 0 4 4 16 4 2 192 64 248 179 0 2092 2304 2103 2263 1963 2054 1967 2039 384 432 390 419 598 372 612 372 0 31 255 255 255 255 242 219 246 214 0 0 0 0 0 0 0 0 
[10082.162237] 
[10082.163754] MESSAGE_B= 0 4 4 16 4 2 192 64 248 179 0 2100 2297 2110 2256 1940 2059 1945 2046 382 437 391 429 636 373 649 368 0 31 255 255 255 255 243 215 246 213 0 0 0 0 0 0 0 0 
[10082.300235] 
[10082.301752] MESSAGE_B= 0 4 4 16 4 2 192 64 248 179 0 2099 2271 2109 2233 1938 2061 1944 2045 375 448 381 444 624 380 634 381 0 31 255 255 255 255 242 213 248 203 0 0 0 0 0 0 0 0 
[10082.438237] 
[10082.439753] MESSAGE_B= 0 4 4 16 4 1 192 64 248 179 0 2093 2276 2104 2237 1935 2059 1940 2042 384 445 393 433 622 378 634 384 0 31 255 255 255 255 240 210 240 211 0 0 0 0 0 0 0 0 
[10082.576236] 
[10082.577758] MESSAGE_B= 0 4 4 16 4 2 192 64 248 179 0 2080 2269 2092 2232 1940 2060 1945 2048 399 441 408 434 614 380 626 384 0 31 255 255 255 255 240 218 239 208 0 0 0 0 0 0 0 0 
[10082.714235] 
[10082.715750] MESSAGE_B= 0 4 4 16 4 2 192 64 248 179 0 2099 2294 2111 2257 1932 2047 1939 2037 379 441 386 434 611 394 624 388 0 31 255 255 255 255 237 220 239 217 0 0 0 0 0 0 0 0 
[10082.852232] 
[10082.853751] MESSAGE_B= 0 4 4 16 4 2 192 64 248 179 0 2108 2305 2119 2267 1937 2042 1943 2032 371 448 380 434 611 398 622 394 0 31 255 255 255 255 241 220 244 223 0 0 0 0 0 0 0 0 
[10082.990235] 
[10082.991750] MESSAGE_B= 0 4 4 16 4 2 192 64 248 179 0 2104 2306 2115 2267 1938 2039 1944 2030 370 452 379 437 609 400 620 393 0 31 255 255 255 255 246 219 247 224 0 0 0 0 0 0 0 0 
[10083.128230] 
[10083.129744] MESSAGE_B= 0 4 4 16 4 2 192 64 248 179 0 2104 2303 2116 2263 1932 2038 1939 2027 371 443 378 434 610 402 621 397 0 31 255 255 255 255 243 225 246 224 0 0 0 0 0 0 0 0 
[10083.266235] 
[10083.267751] MESSAGE_B= 0 4 4 16 5 2 192 64 248 179 0 2104 2293 2114 2256 1929 2046 1937 2032 370 443 379 434 610 394 620 397 0 31 255 255 255 255 236 220 241 214 0 0 0 0 0 0 0 0 
[10083.404230] 
[10083.405744] MESSAGE_B= 0 4 4 16 4 2 192 64 248 179 0 2100 2284 2109 2245 1930 2046 1937 2032 366 442 376 434 610 399 622 402 0 31 255 255 255 255 238 223 240 216 0 0 0 0 0 0 0 0 
[10083.542235] 
[10083.543750] MESSAGE_B= 0 4 4 16 4 2 192 64 248 179 0 2102 2283 2112 2245 1932 2040 1938 2028 366 444 376 433 611 405 623 403 0 31 255 255 255 255 236 225 239 225 0 0 0 0 0 0 0 0 
[10083.680232] 
[10083.681747] MESSAGE_B= 0 4 4 16 4 2 192 64 248 179 0 2102 2288 2113 2249 1933 2054 1937 2041 366 437 377 435 612 396 627 399 0 31 255 255 255 255 243 224 238 213 0 0 0 0 0 0 0 0 
[10083.818235] 
[10083.819752] MESSAGE_B= 0 4 4 16 4 2 192 64 248 179 0 2102 2294 2111 2258 1931 2050 1937 2039 366 430 376 421 611 396 623 394 0 31 255 255 255 255 242 221 244 217 0 0 0 0 0 0 0 0 
[10083.956231] 
[10083.957745] MESSAGE_B= 0 4 4 16 4 2 192 64 248 179 0 2097 2289 2107 2249 1924 2028 1932 2021 369 438 382 434 618 419 629 410 0 31 255 255 255 255 243 227 241 218 0 0 0 0 0 0 0 0 
[10084.094230] 
[10084.095750] MESSAGE_B= 0 4 4 16 4 2 192 64 248 179 0 2092 2275 2103 2236 1935 2040 1941 2032 373 458 381 446 608 398 622 395 0 31 255 255 255 255 240 222 241 220 0 0 0 0 0 0 0 0 
[10084.232236] 
[10084.233752] MESSAGE_B= 0 4 4 16 4 2 192 64 248 179 0 2089 2292 2101 2250 1939 2041 1945 2029 372 435 379 430 606 372 618 371 0 31 255 255 255 255 240 215 243 207 0 0 0 0 0 0 0 0 
[10084.370236] 
[10084.371752] MESSAGE_B= 0 4 4 16 8 1 192 64 248 179 0 2121 2473 2117 2463 1518 1639 1525 1635 360 499 362 494 220 210 219 210 0 31 255 255 255 255 87 71 75 73 0 0 0 0 0 0 0 0 
[10084.508236] 
[10084.509751] MESSAGE_B= 0 4 4 16 8 1 192 64 248 179 0 2120 2458 2108 2458 1526 1738 1537 1725 371 500 362 498 209 169 201 184 0 31 255 255 255 255 69 4 67 8 0 0 0 0 0 0 0 0 
[10084.646236] 
[10084.647751] MESSAGE_B= 0 4 4 16 8 1 192 64 248 179 0 2135 2478 2130 2479 1472 1695 1470 1692 359 491 344 488 196 213 194 216 0 31 255 255 254 255 115 6 121 9 0 0 0 0 0 0 0 0 
[10084.784236] 
[10084.785751] MESSAGE_B= 0 4 4 16 8 1 192 64 248 179 0 2161 2504 2158 2502 1556 1733 1574 1717 346 474 341 481 199 217 192 231 0 31 255 255 255 255 189 11 188 16 0 0 0 0 0 0 0 0 
[10084.922229] 
[10084.923744] MESSAGE_B= 0 4 4 16 8 1 192 64 248 179 0 2136 2518 2128 2524 1582 1657 1596 1655 352 468 350 471 179 243 169 252 0 31 255 255 255 255 120 92 121 92 0 0 0 0 0 0 0 0 
[10085.060238] 
[10085.061763] MESSAGE_B= 0 4 4 16 8 1 192 64 248 179 0 2087 2459 2070 2450 1556 1667 1567 1662 373 473 369 485 216 227 209 232 0 31 255 255 255 255 49 46 48 46 0 0 0 0 0 0 0 0 
[10085.198230] 
[10085.199745] MESSAGE_B= 0 4 4 16 8 1 192 64 248 179 0 2123 2451 2116 2448 1576 1685 1589 1671 324 503 322 493 209 209 197 211 0 31 255 255 255 255 4 26 5 35 0 0 0 0 0 0 0 0 
[10085.336235] 
[10085.337755] MESSAGE_B= 0 4 4 16 8 1 192 64 248 179 0 2123 2449 2111 2448 1517 1730 1523 1726 330 503 332 494 209 153 208 155 0 31 255 255 255 254 174 92 172 79 0 0 0 0 0 0 0 0 
[10085.474235] 
[10085.475751] MESSAGE_B= 0 4 4 16 8 1 192 64 248 179 0 2107 2437 2096 2437 1566 1721 1575 1712 348 514 344 496 218 199 210 195 0 31 255 255 255 255 59 10 60 24 0 0 0 0 0 0 0 0 
[10085.612235] 
[10085.613751] MESSAGE_B= 0 4 4 16 8 1 192 64 248 179 0 2093 2429 2088 2425 1562 1702 1572 1688 352 523 347 510 233 201 230 206 0 31 255 255 255 254 35 12 24 23 0 0 0 0 0 0 0 0 
[10085.750233] 
[10085.751748] MESSAGE_B= 0 4 4 16 9 1 192 64 248 179 0 2119 2444 2110 2441 1549 1703 1559 1690 328 510 323 502 239 205 234 210 0 31 254 255 255 255 21 25 13 37 0 0 0 0 0 0 0 0 
[10085.888237] 
[10085.889753] MESSAGE_B= 0 4 4 16 8 1 192 64 248 179 0 2116 2443 2105 2441 1546 1701 1555 1688 325 509 323 502 238 199 235 204 0 31 254 255 255 255 26 25 8 37 0 0 0 0 0 0 0 0 
[10086.026234] 
[10086.027755] MESSAGE_B= 0 4 4 16 46 1 192 64 248 179 0 1082 2228 1086 2222 2234 1805 2231 1817 163 287 151 280 469 378 462 393 0 31 255 255 255 255 138 128 122 133 0 0 0 0 0 0 0 0 
[10086.164235] 
[10086.165750] MESSAGE_B= 0 4 4 16 47 1 192 64 248 179 0 1096 2231 1100 2225 2221 1808 2216 1820 173 283 165 277 496 379 488 392 0 31 255 255 255 255 114 129 95 137 0 0 0 0 0 0 0 0 
[10086.302232] 
[10086.303750] MESSAGE_B= 0 4 4 16 48 1 192 64 248 179 0 1105 2228 1109 2223 2212 1805 2208 1816 207 285 201 276 478 378 468 396 0 31 255 255 255 255 90 130 72 135 0 0 0 0 0 0 0 0 
[10086.440237] 
[10086.441752] MESSAGE_B= 0 4 4 16 45 1 192 64 248 179 0 1095 2228 1100 2222 2239 1805 2234 1817 208 287 199 281 449 379 442 396 0 31 255 255 255 255 97 131 82 131 0 0 0 0 0 0 0 0 
[10086.578234] 
[10086.579752] MESSAGE_B= 0 4 4 16 43 0 192 64 248 179 0 1096 2222 1098 2219 2265 1802 2262 1815 178 293 174 282 430 383 421 396 0 31 255 255 255 255 113 124 97 135 0 0 0 0 0 0 0 0 
[10086.716262] 
[10086.717778] MESSAGE_B= 0 4 4 16 45 1 192 64 248 179 0 1104 2210 1108 2205 2246 1802 2243 1813 206 292 203 282 474 385 465 399 0 31 255 255 255 255 88 128 75 133 0 0 0 0 0 0 0 0 
[10086.854236] 
[10086.855753] MESSAGE_B= 0 4 4 16 43 1 192 64 248 179 0 1094 2205 1096 2200 2231 1804 2228 1815 207 293 206 285 463 382 455 397 0 31 255 255 255 255 98 130 78 130 0 0 0 0 0 0 0 0 
[10086.992236] 
[10086.993757] MESSAGE_B= 0 4 4 16 40 1 192 64 248 179 0 1047 2201 1051 2194 2224 1802 2220 1816 156 303 144 293 435 384 430 398 0 31 255 255 255 255 169 130 161 131 0 0 0 0 0 0 0 0 
[10087.130230] 
[10087.131744] MESSAGE_B= 0 4 4 16 9 2 192 64 248 179 0 2112 2475 2109 2470 1540 1690 1545 1692 368 490 364 486 210 210 204 211 0 31 255 255 255 255 137 96 147 89 0 0 0 0 0 0 0 0 
[10087.268235] 
[10087.269756] MESSAGE_B= 0 4 4 16 8 1 192 64 248 179 0 2113 2476 2109 2471 1541 1696 1544 1699 371 489 368 486 212 204 209 206 0 31 255 255 255 255 138 103 138 94 0 0 0 0 0 0 0 0 
[10087.406230] 
[10087.407743] MESSAGE_B= 0 4 4 16 8 1 192 64 248 179 0 2107 2465 2103 2458 1532 1684 1536 1686 363 490 361 492 214 205 205 209 0 31 255 255 255 255 146 108 155 92 0 0 0 0 0 0 0 0 
[10087.544235] 
[10087.545756] MESSAGE_B= 0 4 4 16 8 1 192 64 248 179 0 2137 2478 2137 2468 1540 1665 1547 1665 345 501 335 493 206 205 204 206 0 31 255 255 255 255 149 98 155 91 0 0 0 0 0 0 0 0 
[10087.682233] 
[10087.683748] MESSAGE_B= 0 4 4 16 8 1 192 64 248 179 0 2132 2483 2131 2472 1548 1674 1556 1672 346 506 342 495 196 202 199 208 0 31 255 255 255 255 161 107 156 88 0 0 0 0 0 0 0 0 
[10087.820232] 
[10087.821748] MESSAGE_B= 0 4 4 16 8 1 192 64 248 179 0 2115 2467 2111 2462 1552 1672 1561 1671 348 508 349 496 205 199 200 208 0 31 255 255 255 255 151 115 168 87 0 0 0 0 0 0 0 0 
[10087.958235] 
[10087.959749] MESSAGE_B= 0 4 4 16 8 1 192 64 248 179 0 2112 2462 2107 2459 1560 1673 1569 1672 344 509 353 494 200 207 197 207 0 31 255 255 254 255 162 99 168 87 0 0 0 0 0 0 0 0 
[10088.096234] 
[10088.097750] MESSAGE_B= 0 4 4 16 8 1 192 64 248 179 0 2113 2463 2110 2457 1561 1673 1571 1671 344 508 350 496 202 209 193 204 0 31 255 255 255 255 154 92 167 87 0 0 0 0 0 0 0 0 
[10088.234228] 
[10088.235746] MESSAGE_B= 0 4 4 16 8 1 192 64 248 179 0 2113 2465 2112 2459 1563 1675 1571 1672 342 507 344 495 195 203 198 208 0 31 255 255 255 255 164 99 159 82 0 0 0 0 0 0 0 0 
[10088.372234] 
[10088.373750] MESSAGE_B= 0 4 4 16 8 1 192 64 248 179 0 2111 2464 2110 2458 1563 1675 1572 1673 341 509 340 496 194 204 194 205 0 31 255 255 255 255 163 97 170 84 0 0 0 0 0 0 0 0 
[10088.510229] 
[10088.511754] MESSAGE_B= 0 4 4 16 8 1 192 64 248 179 0 2110 2464 2108 2456 1561 1673 1572 1671 336 504 338 495 195 205 195 211 0 31 255 255 255 255 165 99 165 78 0 0 0 0 0 0 0 0 
[10088.648231] 
[10088.649746] MESSAGE_B= 0 4 4 16 8 1 192 64 248 179 0 2109 2465 2106 2459 1563 1675 1574 1673 337 510 339 498 195 211 194 210 0 31 255 255 255 254 164 91 167 78 0 0 0 0 0 0 0 0 
[10088.786275] 
[10088.787793] MESSAGE_B= 0 4 4 16 8 1 192 64 248 179 0 2103 2464 2097 2458 1562 1672 1572 1670 341 514 347 502 197 214 200 210 0 31 255 255 255 255 160 89 152 80 0 0 0 0 0 0 0 0 
[10088.924232] 
[10088.925750] MESSAGE_B= 0 4 4 16 8 1 192 64 248 179 0 2098 2466 2096 2460 1559 1668 1569 1666 346 514 348 503 194 206 193 208 0 31 255 255 255 255 161 93 162 80 0 0 0 0 0 0 0 0 
[10089.062237] 
[10089.063753] MESSAGE_B= 0 4 4 16 8 1 192 64 248 179 0 2106 2466 2107 2456 1572 1679 1587 1673 331 502 334 495 179 196 169 199 0 31 255 255 255 255 133 88 131 78 0 0 0 0 0 0 0 0 
[10089.200232] 
[10089.201747] MESSAGE_B= 0 4 4 16 8 1 192 64 248 179 0 2092 2456 2089 2449 1553 1680 1565 1675 327 482 325 483 185 193 182 202 0 31 255 255 255 255 152 100 154 82 0 0 0 0 0 0 0 0 
[10089.338234] 
[10089.339750] MESSAGE_B= 0 4 4 16 8 1 192 64 248 179 0 2092 2451 2086 2447 1530 1673 1539 1669 335 488 330 485 197 201 199 206 0 31 255 255 255 255 178 97 174 90 0 0 0 0 0 0 0 0 
[10089.476231] 
[10089.477751] MESSAGE_B= 0 4 4 16 52 1 192 64 248 179 0 1025 2213 1026 2209 2155 1816 2150 1828 134 294 120 286 518 378 515 391 0 31 255 255 255 255 227 151 218 155 0 0 0 0 0 0 0 0 
[10089.614229] 
[10089.615743] MESSAGE_B= 0 4 4 16 47 1 192 64 248 179 0 1025 2213 1026 2209 2167 1817 2163 1829 139 298 127 288 489 379 481 393 0 31 255 255 255 255 216 144 200 150 0 0 0 0 0 0 0 0 
[10089.752231] 
[10089.753750] MESSAGE_B= 0 4 4 16 47 1 192 64 248 179 0 1026 2213 1028 2210 2179 1817 2177 1830 135 293 121 282 491 379 481 388 0 31 255 255 255 255 218 150 218 163 0 0 0 0 0 0 0 0 
[10089.890239] 
[10089.891799] MESSAGE_B= 0 4 4 16 45 1 192 64 248 179 0 1057 2212 1060 2209 2200 1816 2197 1828 146 296 137 281 489 375 479 389 0 31 255 255 255 255 174 152 160 162 0 0 0 0 0 0 0 0 
[10090.028232] 
[10090.029748] MESSAGE_B= 0 4 4 16 42 1 192 64 248 179 0 1072 2212 1075 2209 2207 1818 2203 1829 156 296 146 286 500 374 492 389 0 31 255 255 255 255 148 152 133 154 0 0 0 0 0 0 0 0 
[10090.166237] 
[10090.167752] MESSAGE_B= 0 4 4 16 42 1 192 64 248 179 0 1083 2216 1086 2213 2211 1818 2206 1830 198 295 188 287 498 376 494 391 0 31 255 255 255 255 107 148 94 150 0 0 0 0 0 0 0 0 
[10090.304231] 
[10090.305745] MESSAGE_B= 0 4 4 16 43 1 192 64 248 179 0 1068 2217 1070 2212 2225 1814 2221 1826 178 294 170 288 463 376 457 389 0 31 255 255 255 255 129 142 114 144 0 0 0 0 0 0 0 0 
[10090.442230] 
[10090.443749] MESSAGE_B= 0 4 4 16 41 1 192 64 248 179 0 1074 2217 1077 2213 2220 1814 2217 1825 188 295 178 283 491 377 483 389 0 31 255 255 255 255 112 138 104 149 0 0 0 0 0 0 0 0 
[10090.580231] 
[10090.581745] MESSAGE_B= 0 4 4 16 39 1 192 64 248 179 0 1117 2216 1119 2212 2240 1812 2237 1824 240 294 243 281 476 377 471 391 0 31 255 255 255 255 67 141 48 149 0 0 0 0 0 0 0 0 
[10090.718229] 
[10090.719748] MESSAGE_B= 0 4 4 16 44 0 192 64 248 179 0 1122 2216 1125 2213 2229 1812 2227 1824 213 298 217 284 505 376 498 390 0 31 255 255 255 255 77 139 55 148 0 0 0 0 0 0 0 0 
[10090.856236] 
[10090.857752] MESSAGE_B= 0 4 4 16 43 0 192 64 248 179 0 1118 2216 1120 2211 2229 1812 2225 1824 218 294 215 288 499 374 493 390 0 31 255 255 255 255 76 145 60 143 0 0 0 0 0 0 0 0 
[10090.994235] 
[10090.995756] MESSAGE_B= 0 4 4 16 40 1 192 64 248 179 0 1094 2215 1096 2212 2218 1811 2215 1823 205 298 199 283 504 378 498 391 0 31 255 255 255 255 101 137 87 147 0 0 0 0 0 0 0 0 
[10091.132235] 
[10091.133750] MESSAGE_B= 0 4 4 16 40 1 192 64 248 179 0 1098 2217 1100 2214 2233 1812 2229 1824 207 298 203 288 499 376 496 389 0 31 255 255 255 255 102 139 84 146 0 0 0 0 0 0 0 0 
[10091.270233] 
[10091.271749] MESSAGE_B= 0 4 4 16 43 1 192 64 248 179 0 1095 2218 1097 2214 2226 1814 2223 1825 197 292 196 286 506 377 499 389 0 31 255 255 255 255 107 139 85 143 0 0 0 0 0 0 0 0 
[10091.408237] 
[10091.409754] MESSAGE_B= 0 4 4 16 41 1 192 64 248 179 0 1087 2221 1088 2217 2211 1812 2207 1824 190 292 183 281 523 379 517 392 0 31 255 255 255 255 110 130 93 137 0 0 0 0 0 0 0 0 
[10091.546232] 
[10091.547751] MESSAGE_B= 0 4 4 16 39 1 192 64 248 179 0 1075 2224 1078 2219 2204 1816 2200 1828 177 288 166 279 519 377 510 389 0 31 255 255 255 255 128 121 120 127 0 0 0 0 0 0 0 0 
[10091.684231] 
[10091.685744] MESSAGE_B= 0 4 4 16 42 1 192 64 248 179 0 1066 2220 1067 2216 2194 1820 2191 1832 157 286 150 270 517 378 509 394 0 31 255 255 255 255 156 108 138 115 0 0 0 0 0 0 0 0 
[10091.822235] 
[10091.823750] MESSAGE_B= 0 4 4 16 43 1 192 64 248 179 0 1072 2213 1074 2204 2187 1819 2184 1830 169 289 164 276 516 375 506 392 0 31 255 255 255 255 135 110 118 109 0 0 0 0 0 0 0 0 
[10091.960229] 
[10091.961755] MESSAGE_B= 0 4 4 16 41 1 192 64 248 179 0 1085 2195 1086 2187 2211 1820 2208 1831 175 298 168 288 476 375 467 389 0 31 255 255 255 255 120 134 108 132 0 0 0 0 0 0 0 0 
[10092.098233] 
[10092.099749] MESSAGE_B= 0 4 4 16 39 1 192 64 248 179 0 1088 2201 1090 2194 2222 1823 2219 1834 165 302 162 290 480 375 472 392 0 31 255 255 255 255 119 145 98 142 0 0 0 0 0 0 0 0 
[10092.236230] 
[10092.237748] MESSAGE_B= 0 4 4 16 43 1 192 64 248 179 0 1083 2204 1084 2199 2213 1824 2210 1835 175 301 172 287 489 379 481 392 0 31 255 255 255 255 119 152 95 158 0 0 0 0 0 0 0 0 
[10092.374234] 
[10092.375750] MESSAGE_B= 0 4 4 16 41 1 192 64 248 179 0 1073 2202 1074 2195 2213 1821 2210 1832 173 302 166 292 473 375 464 392 0 31 255 255 255 255 122 145 106 138 0 0 0 0 0 0 0 0 
[10092.512257] 
[10092.513773] MESSAGE_B= 0 4 4 16 40 1 192 64 248 179 0 1063 2202 1064 2196 2213 1820 2211 1833 160 306 153 297 462 378 452 391 0 31 255 255 255 255 148 147 131 147 0 0 0 0 0 0 0 0 
[10092.650263] 
[10092.651779] MESSAGE_B= 0 4 4 16 40 1 192 64 248 179 0 1057 2219 1059 2213 2217 1821 2215 1834 156 299 144 290 460 378 446 387 0 31 255 255 255 255 149 126 142 130 0 0 0 0 0 0 0 0 
[10092.788281] 
[10092.789799] MESSAGE_B= 0 4 4 16 43 1 192 64 248 179 0 1051 2202 1053 2192 2216 1813 2214 1825 148 282 141 277 454 377 444 389 0 31 255 255 255 255 171 121 147 120 0 0 0 0 0 0 0 0 
[10092.926231] 
[10092.927754] MESSAGE_B= 0 4 4 16 41 1 192 64 248 179 0 1045 2207 1046 2199 2215 1815 2212 1826 146 291 134 281 452 375 443 389 0 31 255 255 255 255 175 125 168 125 0 0 0 0 0 0 0 0 
[10093.064231] 
[10093.065746] MESSAGE_B= 0 4 4 16 39 1 192 64 248 179 0 1063 2207 1064 2199 2219 1812 2215 1824 155 300 148 289 463 378 454 390 0 31 255 255 255 255 149 128 131 131 0 0 0 0 0 0 0 0 
[10093.202235] 
[10093.203760] MESSAGE_B= 0 4 4 16 43 1 192 64 248 179 0 1092 2208 1093 2200 2215 1814 2212 1825 164 297 153 290 510 377 501 391 0 31 255 255 255 255 121 126 113 121 0 0 0 0 0 0 0 0 
[10093.340229] 
[10093.341743] MESSAGE_B= 0 4 4 16 43 1 192 64 248 179 0 1093 2206 1093 2198 2216 1815 2212 1827 170 298 166 288 513 377 506 389 0 31 255 255 255 255 121 136 100 137 0 0 0 0 0 0 0 0 
[10093.478236] 
[10093.479751] MESSAGE_B= 0 4 4 16 41 1 192 64 248 179 0 1093 2199 1096 2190 2211 1810 2207 1821 184 298 176 289 512 379 503 395 0 31 255 255 255 255 107 145 95 142 0 0 0 0 0 0 0 0 
[10093.616231] 
[10093.617745] MESSAGE_B= 0 4 4 16 40 1 192 64 248 179 0 1095 2195 1096 2186 2210 1807 2206 1819 186 295 184 290 507 381 502 398 0 31 255 255 255 255 109 150 84 142 0 0 0 0 0 0 0 0 
[10093.754232] 
[10093.755747] MESSAGE_B= 0 4 4 16 43 1 192 64 248 179 0 1092 2193 1095 2185 2212 1806 2209 1818 188 300 184 289 498 383 490 395 0 31 255 255 255 255 104 146 89 151 0 0 0 0 0 0 0 0 
[10093.892237] 
[10093.893759] MESSAGE_B= 0 4 4 16 41 1 192 64 248 179 0 1086 2190 1089 2182 2212 1793 2208 1805 187 300 182 287 493 388 488 404 0 31 255 255 255 255 110 148 92 150 0 0 0 0 0 0 0 0 
[10094.030237] 
[10094.031752] MESSAGE_B= 0 4 4 16 39 1 192 64 248 179 0 1085 2224 1088 2217 2209 1736 2204 1749 187 273 183 262 491 403 485 416 0 31 255 255 255 255 110 129 90 131 0 0 0 0 0 0 0 0 
[10094.168238] 
[10094.169759] MESSAGE_B= 0 4 4 16 41 1 192 64 248 179 0 1087 2223 1089 2209 2214 1728 2210 1738 184 243 179 229 493 398 483 410 0 31 255 255 255 255 113 97 99 103 0 0 0 0 0 0 0 0 
[10094.306234] 
[10094.307749] MESSAGE_B= 0 4 4 16 43 1 192 64 248 179 0 1086 2224 1088 2217 2211 1845 2206 1858 190 283 183 269 493 367 488 381 0 31 255 255 255 255 107 105 95 106 0 0 0 0 0 0 0 0 
[10094.444240] 
[10094.445799] MESSAGE_B= 0 4 4 16 41 1 192 64 248 179 0 1086 2217 1089 2209 2211 1851 2206 1862 188 300 182 292 495 359 490 378 0 31 255 255 255 255 110 112 95 107 0 0 0 0 0 0 0 0 
[10094.582236] 
[10094.583751] MESSAGE_B= 0 4 4 16 39 1 192 64 248 179 0 1085 2205 1088 2196 2211 1845 2206 1855 188 304 180 292 494 362 489 381 0 31 255 255 255 255 110 133 97 137 0 0 0 0 0 0 0 0 
[10094.720235] 
[10094.721750] MESSAGE_B= 0 4 4 16 44 1 192 64 248 179 0 1086 2179 1089 2168 2212 1840 2206 1851 187 313 177 302 494 355 490 375 0 31 255 255 255 255 112 165 101 168 0 0 0 0 0 0 0 0 
[10094.858230] 
[10094.859748] MESSAGE_B= 0 4 4 16 42 1 192 64 248 179 0 1087 2158 1089 2146 2212 1843 2206 1854 184 324 183 315 497 359 491 376 0 31 255 255 255 255 112 167 91 173 0 0 0 0 0 0 0 0 
[10094.996234] 
[10094.997750] MESSAGE_B= 0 4 4 16 40 1 192 64 248 179 0 1088 2177 1091 2160 2210 1823 2206 1832 186 292 180 289 496 387 491 405 0 31 255 255 255 255 109 122 95 121 0 0 0 0 0 0 0 0 
[10095.134230] 
[10095.135743] MESSAGE_B= 0 4 4 16 40 1 192 64 248 179 0 1090 2170 1092 2147 2209 1962 2202 1971 188 261 182 257 496 254 492 265 0 31 255 255 255 255 108 94 90 98 0 0 0 0 0 0 0 0 
[10095.272234] 
[10095.273750] MESSAGE_B= 0 4 4 16 43 1 192 64 248 179 0 1172 2220 1175 2197 2213 1999 2208 2010 138 225 144 211 495 239 489 244 0 31 255 255 255 255 11 85 21 107 0 0 0 0 0 0 0 0 
[10095.410235] 
[10095.411757] MESSAGE_B= 0 4 4 16 42 1 192 64 248 179 0 1162 2217 1164 2195 2206 1926 2201 1939 150 236 156 234 503 238 500 247 0 31 255 255 255 255 34 163 2 179 0 0 0 0 0 0 0 0 
[10095.548235] 
[10095.549752] MESSAGE_B= 0 4 4 16 40 1 192 64 248 179 0 1145 2205 1149 2191 2203 1929 2198 1943 161 298 164 300 523 236 518 244 0 31 255 255 255 255 67 179 36 187 0 0 0 0 0 0 0 0 
[10095.686233] 
[10095.687748] MESSAGE_B= 0 4 4 16 43 0 192 64 248 179 0 1149 2212 1153 2202 2215 1929 2209 1941 194 299 193 300 518 237 512 254 0 31 255 255 255 255 57 182 38 169 0 0 0 0 0 0 0 0 
[10095.824234] 
[10095.825750] MESSAGE_B= 0 4 4 16 43 1 192 64 248 179 0 1063 2229 1064 2224 2258 1951 2251 1962 152 297 145 284 404 256 401 270 0 31 255 255 255 255 165 126 145 124 0 0 0 0 0 0 0 0 
[10095.962256] 
[10095.963775] MESSAGE_B= 0 4 4 16 41 1 192 64 248 179 0 1042 2237 1043 2229 2212 1845 2205 1855 130 282 118 267 407 244 399 258 0 31 255 255 255 255 217 113 206 110 0 0 0 0 0 0 0 0 
[10096.100278] 
[10096.101795] MESSAGE_B= 0 4 4 16 39 1 192 64 248 179 0 1273 2236 1276 2229 2176 1796 2169 1802 153 267 163 251 504 222 499 232 0 31 255 255 255 255 128 62 146 60 0 0 0 0 0 0 0 0 
[10096.238233] 
[10096.239748] MESSAGE_B= 0 4 4 16 44 1 192 64 248 179 0 1343 2238 1345 2230 2164 1792 2155 1797 210 261 218 252 512 223 510 232 0 31 255 255 255 255 148 60 161 52 0 0 0 0 0 0 0 0 
[10096.376233] 
[10096.377759] MESSAGE_B= 0 4 4 16 42 1 192 64 248 179 0 1274 2237 1276 2229 2246 1785 2240 1791 282 259 283 252 432 224 426 232 0 31 255 255 255 255 39 64 46 53 0 0 0 0 0 0 0 0 
[10096.514236] 
[10096.515776] MESSAGE_B= 0 4 4 16 39 1 192 64 248 179 0 1102 2236 1104 2228 2285 1784 2282 1791 210 260 209 251 426 221 425 233 0 31 255 255 255 255 100 66 81 54 0 0 0 0 0 0 0 0 
[10096.652233] 
[10096.653754] MESSAGE_B= 0 4 4 16 40 1 192 64 248 179 0 1038 2240 1039 2232 2271 1792 2268 1799 130 254 121 250 436 227 432 230 0 31 255 255 255 255 220 59 203 56 0 0 0 0 0 0 0 0 
[10096.790239] 
[10096.791755] MESSAGE_B= 0 4 4 16 43 1 192 64 248 179 0 1036 2235 1038 2229 2225 1794 2220 1800 131 261 113 243 474 221 468 225 0 31 255 255 255 255 215 59 222 68 0 0 0 0 0 0 0 0 
[10096.928234] 
[10096.929750] MESSAGE_B= 0 4 4 16 41 1 192 64 248 179 0 1031 2238 1032 2231 2189 1795 2183 1801 133 259 120 242 479 220 474 229 0 31 255 255 255 255 222 67 217 67 0 0 0 0 0 0 0 0 
[10097.066231] 
[10097.067746] MESSAGE_B= 0 4 4 16 39 1 192 64 248 179 0 1024 2236 1024 2228 2164 1793 2160 1798 133 269 125 260 518 222 515 229 0 31 255 255 255 255 227 63 202 58 0 0 0 0 0 0 0 0 
[10097.204229] 
[10097.205743] MESSAGE_B= 0 4 4 16 43 1 192 64 248 179 0 1025 2226 1025 2220 2175 1786 2171 1791 131 281 123 264 509 219 502 230 0 31 255 255 255 255 228 70 208 69 0 0 0 0 0 0 0 0 
[10097.342230] 
[10097.343748] MESSAGE_B= 0 4 4 16 43 1 192 64 248 179 0 1029 2219 1030 2212 2153 1783 2147 1790 135 284 117 270 530 221 523 228 0 31 255 255 255 255 208 69 214 69 0 0 0 0 0 0 0 0 
[10097.480238] 
[10097.481756] MESSAGE_B= 0 4 4 16 41 1 192 64 248 179 0 1026 2217 1027 2211 2138 1793 2130 1798 133 284 121 271 542 220 537 229 0 31 255 255 255 255 213 68 203 64 0 0 0 0 0 0 0 0 
[10097.618237] 
[10097.619757] MESSAGE_B= 0 4 4 16 9 1 192 64 248 179 0 2243 2212 2245 2213 1702 1946 1702 1945 276 340 264 340 252 305 255 309 0 31 255 255 255 255 70 227 53 230 0 0 0 0 0 0 0 0 
[10097.756236] 
[10097.757752] MESSAGE_B= 0 4 4 16 9 1 192 64 248 179 0 2244 2221 2244 2220 1703 1931 1703 1931 269 331 264 335 251 299 255 304 0 31 255 255 255 255 73 231 50 230 0 0 0 0 0 0 0 0 
[10097.894236] 
[10097.895753] MESSAGE_B= 0 4 4 16 9 1 192 64 248 179 0 2254 2222 2254 2223 1681 1941 1682 1940 253 340 245 342 251 313 251 317 0 31 255 255 255 255 104 232 85 235 0 0 0 0 0 0 0 0 
[10098.032238] 
[10098.033755] MESSAGE_B= 0 4 4 16 9 1 192 64 248 179 0 2263 2214 2262 2214 1660 1942 1659 1942 245 343 239 342 242 307 237 312 0 31 255 255 255 255 116 219 100 221 0 0 0 0 0 0 0 0 
[10098.170232] 
[10098.171751] MESSAGE_B= 0 4 4 16 9 1 192 64 248 179 0 2265 2228 2264 2228 1660 1940 1659 1940 242 334 228 328 245 313 238 316 0 31 255 255 255 255 113 227 109 238 0 0 0 0 0 0 0 0 
[10098.308237] 
[10098.309761] MESSAGE_B= 0 4 4 16 9 1 192 64 248 179 0 2262 2239 2261 2236 1660 1875 1659 1874 241 309 237 315 242 301 236 304 0 31 255 255 255 255 118 231 103 225 0 0 0 0 0 0 0 0 
[10098.446236] 
[10098.447753] MESSAGE_B= 0 4 4 16 9 1 192 64 248 179 0 2265 2264 2264 2263 1703 1888 1705 1889 237 298 233 292 236 256 236 258 0 31 255 255 255 255 105 221 87 218 0 0 0 0 0 0 0 0 
[10098.584237] 
[10098.585759] MESSAGE_B= 0 4 4 16 9 1 192 64 248 179 0 2259 2234 2257 2234 1704 1900 1710 1895 249 321 245 316 272 298 267 304 0 31 255 255 255 255 44 222 31 229 0 0 0 0 0 0 0 0 
[10098.722235] 
[10098.723750] MESSAGE_B= 0 4 4 16 9 1 192 64 248 179 0 2260 2220 2258 2217 1711 1902 1713 1898 248 326 246 331 272 323 271 329 0 31 255 255 255 255 40 235 19 231 0 0 0 0 0 0 0 0 
[10098.860236] 
[10098.861759] MESSAGE_B= 0 4 4 16 9 1 192 64 248 179 0 2258 2225 2257 2223 1722 1882 1720 1881 241 324 233 322 275 343 275 345 0 31 255 255 255 255 46 224 30 231 0 0 0 0 0 0 0 0 
[10098.998242] 
[10098.999763] MESSAGE_B= 0 4 4 16 10 1 192 64 248 179 0 2244 2218 2244 2220 1709 1888 1709 1888 247 322 239 321 278 329 272 333 0 31 255 255 255 255 32 230 24 231 0 0 0 0 0 0 0 0 
[10099.136238] 
[10099.137757] MESSAGE_B= 0 4 4 16 10 1 192 64 248 179 0 2248 2216 2247 2216 1710 1886 1710 1885 243 329 238 327 275 338 271 348 0 31 255 255 255 255 32 232 19 226 0 0 0 0 0 0 0 0 
[10099.274233] 
[10099.275749] MESSAGE_B= 0 4 4 16 11 1 192 64 248 179 0 2242 2213 2243 2211 1724 1901 1723 1902 254 327 241 320 277 318 271 321 0 31 255 255 255 255 4 220 7 234 0 0 0 0 0 0 0 0 
[10099.412234] 
[10099.413750] MESSAGE_B= 0 4 4 16 12 1 192 64 248 179 0 2239 2220 2239 2217 1727 1905 1727 1903 257 315 252 311 273 319 274 325 0 31 255 255 255 255 15 218 30 222 0 0 0 0 0 0 0 0 
[10099.550235] 
[10099.551751] MESSAGE_B= 0 4 4 16 13 1 192 64 248 179 0 2241 2212 2242 2212 1738 1892 1737 1891 255 323 252 323 269 330 268 338 0 31 255 255 255 255 24 238 37 234 0 0 0 0 0 0 0 0 
[10099.688237] 
[10099.689753] MESSAGE_B= 0 4 4 16 14 1 192 64 248 179 0 2220 2200 2222 2198 1739 1854 1737 1854 270 331 259 321 266 342 262 350 0 31 255 255 255 255 27 227 37 231 0 0 0 0 0 0 0 0 
[10099.826237] 
[10099.827795] MESSAGE_B= 0 4 4 16 14 1 192 64 248 179 0 2200 2222 2201 2218 1738 1854 1736 1854 281 312 274 309 278 280 277 283 0 31 255 255 255 255 24 205 34 205 0 0 0 0 0 0 0 0 
[10099.964237] 
[10099.965753] MESSAGE_B= 0 4 4 16 15 1 192 64 248 179 0 2205 2232 2206 2225 1740 1868 1738 1868 279 309 272 305 294 258 289 255 0 31 255 255 255 255 23 178 28 185 0 0 0 0 0 0 0 0 
[10100.102238] 
[10100.103761] MESSAGE_B= 0 4 4 16 16 1 192 64 248 179 0 2206 2227 2210 2223 1759 1869 1763 1865 284 311 274 306 292 253 293 257 0 31 255 255 255 255 70 173 82 179 0 0 0 0 0 0 0 0 
[10100.240232] 
[10100.241768] MESSAGE_B= 0 4 4 16 19 1 192 64 248 179 0 2225 2228 2229 2224 1736 1905 1734 1906 295 314 290 302 293 257 290 253 0 31 255 255 255 255 52 170 31 183 0 0 0 0 0 0 0 0 
[10100.378235] 
[10100.379751] MESSAGE_B= 0 4 4 16 19 1 192 64 248 179 0 2241 2216 2246 2212 1740 1940 1739 1942 301 333 292 318 330 244 317 240 0 31 255 255 255 255 59 160 48 190 0 0 0 0 0 0 0 0 
[10100.516236] 
[10100.517754] MESSAGE_B= 0 4 4 16 17 1 192 64 248 179 0 2293 2225 2294 2219 1844 1913 1847 1914 302 331 294 317 240 344 241 351 0 31 255 255 255 255 149 213 148 218 0 0 0 0 0 0 0 0 
[10100.654232] 
[10100.655747] MESSAGE_B= 0 4 4 16 16 1 192 64 248 179 0 2296 2214 2296 2211 1827 1902 1827 1902 235 346 233 335 292 355 295 361 0 31 255 255 255 255 48 224 42 234 0 0 0 0 0 0 0 0 
[10100.792240] 
[10100.793765] MESSAGE_B= 0 4 4 16 15 1 192 64 248 179 0 2236 2235 2245 2228 1844 1992 1846 1992 262 338 258 329 310 270 302 274 0 31 255 255 255 255 117 204 107 205 0 0 0 0 0 0 0 0 
[10100.930238] 
[10100.931785] MESSAGE_B= 0 4 4 16 19 1 192 64 248 179 0 1097 2019 1121 2032 2251 1970 2274 1952 112 41 120 61 666 125 673 107 0 31 255 255 255 254 220 62 206 16 0 0 0 0 0 0 0 0 
[10101.068240] 
[10101.069761] MESSAGE_B= 0 4 4 16 29 1 192 64 248 179 0 1094 2093 1119 2107 2138 2021 2163 2005 117 64 114 46 796 117 805 88 0 31 255 255 255 255 206 136 214 97 0 0 0 0 0 0 0 0 
[10101.206237] 
[10101.207753] MESSAGE_B= 0 4 4 16 18 1 192 64 248 179 0 1097 2155 1120 2168 2215 2055 2240 2042 110 33 111 65 646 77 653 88 0 31 255 255 255 248 211 55 213 178 0 0 0 0 0 0 0 0 
[10101.344233] 
[10101.345748] MESSAGE_B= 0 4 4 16 23 1 192 64 248 179 0 1130 2174 1154 2189 2388 2057 2414 2042 118 49 109 70 467 81 467 64 0 31 255 255 255 250 94 123 116 138 0 0 0 0 0 0 0 0 
[10101.482232] 
[10101.483750] MESSAGE_B= 0 4 4 16 22 1 192 64 248 179 0 1087 2206 1113 2220 2311 2056 2334 2042 110 63 102 37 529 87 521 79 0 31 255 255 255 253 201 154 219 117 0 0 0 0 0 0 0 0 
[10101.620238] 
[10101.621755] MESSAGE_B= 0 4 4 16 20 1 192 64 248 179 0 1086 2200 1107 2222 2336 2039 2357 2024 112 64 110 65 506 84 506 83 0 31 255 251 255 251 177 150 183 101 0 0 0 0 0 0 0 0 
[10101.758235] 
[10101.759757] MESSAGE_B= 0 4 4 16 17 1 192 64 248 179 0 1101 2255 1123 2269 2382 2045 2404 2027 114 96 115 85 480 96 476 113 0 31 255 255 255 255 113 138 102 137 0 0 0 0 0 0 0 0 
[10101.896235] 
[10101.897752] MESSAGE_B= 0 4 4 16 19 1 192 64 248 179 0 1179 2373 1208 2381 2418 2065 2440 2042 188 108 189 82 461 124 451 125 0 31 255 255 255 255 76 42 89 52 0 0 0 0 0 0 0 0 
[10102.034242] 
[10102.035766] MESSAGE_B= 0 4 4 16 21 1 192 64 248 179 0 1203 2457 1246 2446 2433 2083 2456 2060 206 114 213 96 431 156 421 154 0 31 255 253 255 255 113 3 134 27 0 0 0 0 0 0 0 0 
[10102.172238] 
[10102.173757] MESSAGE_B= 0 4 4 16 17 1 192 64 248 179 0 1238 2538 1295 2511 2446 2114 2470 2095 232 113 233 101 411 180 397 182 0 31 255 255 255 255 145 90 152 77 0 0 0 0 0 0 0 0 
[10102.310236] 
[10102.311758] MESSAGE_B= 0 4 4 16 17 1 192 64 248 179 0 1281 2623 1348 2587 2443 2165 2467 2145 255 108 254 117 388 235 380 227 0 31 255 255 255 255 169 175 171 168 0 0 0 0 0 0 0 0 
[10102.448236] 
[10102.449796] MESSAGE_B= 0 4 4 16 16 1 192 64 248 179 0 1419 2695 1496 2657 2477 2231 2501 2208 305 124 311 140 384 279 369 285 0 31 255 255 255 255 200 230 202 180 0 0 0 0 0 0 0 0 
[10102.586278] 
[10102.587795] MESSAGE_B= 0 4 4 16 21 1 192 64 248 179 0 1542 2718 1621 2679 2443 2251 2468 2228 346 140 353 138 413 313 396 307 0 31 255 254 255 255 201 200 202 203 0 0 0 0 0 0 0 0 
[10102.724232] 
[10102.725790] MESSAGE_B= 0 4 4 16 16 1 192 64 248 179 0 1668 2719 1756 2666 2389 2258 2420 2235 316 144 324 144 428 327 406 324 0 31 255 255 255 255 199 205 200 178 0 0 0 0 0 0 0 0 
[10102.862233] 
[10102.863749] MESSAGE_B= 0 4 4 16 15 1 192 64 248 179 0 1769 2716 1860 2660 2403 2249 2439 2223 290 120 302 114 382 320 353 306 0 31 255 254 255 255 193 199 194 219 0 0 0 0 0 0 0 0 
[10103.000236] 
[10103.001753] MESSAGE_B= 0 4 4 16 17 1 192 64 248 179 0 1872 2692 1962 2633 2417 2215 2450 2192 264 97 265 92 310 306 287 293 0 31 255 252 255 255 165 171 161 187 0 0 0 0 0 0 0 0 
[10103.138237] 
[10103.139753] MESSAGE_B= 0 4 4 16 17 1 192 64 248 179 0 1430 2343 1492 2234 2337 2040 2368 1977 333 92 356 91 359 195 341 150 0 4 254 192 255 244 133 16 120 7 0 0 0 0 0 2 0 0 
[10103.276237] 
[10103.277758] MESSAGE_B= 0 4 4 16 20 1 192 64 248 179 0 1362 2316 1427 2219 2309 2057 2349 1998 320 87 352 87 380 212 361 179 0 4 255 208 255 247 117 52 110 10 0 0 0 0 0 0 0 0 
[10103.414239] 
[10103.415755] MESSAGE_B= 0 4 4 16 14 1 192 64 248 179 0 1254 2339 1348 2244 2294 2148 2341 2081 234 108 268 93 441 279 426 243 0 4 252 210 255 250 89 63 88 44 0 0 0 0 0 0 0 0 
[10103.552233] 
[10103.553750] MESSAGE_B= 0 4 4 16 20 1 192 64 248 179 0 1142 2383 1252 2274 2297 2376 2376 2271 166 134 203 118 453 426 410 373 0 4 240 220 254 250 49 97 27 60 0 0 0 0 0 0 0 0 
[10103.690236] 
[10103.691752] MESSAGE_B= 0 4 4 16 21 1 192 64 248 179 0 1152 2458 1264 2343 2333 2496 2445 2372 219 193 278 182 422 486 362 404 0 4 243 236 253 254 50 141 47 144 0 0 0 0 0 0 0 0 
[10103.828234] 
[10103.829751] MESSAGE_B= 0 4 4 16 24 1 192 64 248 179 0 1164 2640 1260 2456 2381 2704 2526 2552 293 268 354 247 384 574 314 493 0 4 249 239 253 253 57 166 46 173 0 0 0 0 0 0 0 0 
[10103.966233] 
[10103.967749] MESSAGE_B= 0 4 4 16 32 1 192 64 248 179 0 1132 3031 1250 2775 2422 2952 2578 2801 205 332 300 289 373 650 325 596 0 4 228 223 249 253 40 209 48 191 0 2 0 0 0 2 0 0 
[10104.104236] 
[10104.105754] MESSAGE_B= 0 4 4 16 44 1 192 64 248 179 0 2806 2645 2896 2578 2700 2655 2850 2591 75 92 70 78 110 251 148 233 0 4 249 250 235 255 113 95 106 134 0 0 0 0 2 0 2 0 
[10104.242237] 
[10104.243762] MESSAGE_B= 0 4 4 16 57 1 192 64 248 179 0 2903 2811 2997 2721 2814 2805 2963 2738 75 89 58 74 105 231 128 214 0 4 255 242 249 255 90 22 57 104 0 0 0 0 2 0 2 0 
[10104.379231] 
[10104.380787] MESSAGE_B= 0 4 4 16 47 1 192 64 248 179 0 1689 1954 1785 1900 2110 1957 2143 1893 158 132 117 112 257 123 253 99 0 4 247 207 255 181 205 39 205 24 0 0 0 0 0 0 0 0 
[10104.517232] 
[10104.518779] MESSAGE_B= 0 4 4 16 27 1 192 64 248 179 0 1013 1698 1064 1682 2022 1878 2067 1852 53 83 69 72 469 124 443 126 0 5 177 251 255 255 111 44 25 43 0 0 0 0 0 0 0 0 
[10104.654230] 
[10104.655786] MESSAGE_B= 0 4 4 16 24 1 192 64 248 179 0 1691 2079 1760 2042 2156 2152 2180 2064 156 98 130 95 343 127 345 117 0 6 252 207 255 198 224 95 213 107 0 0 0 0 0 2 0 2 
[10104.792231] 
[10104.792253] MESSAGE_B= 0 4 4 16 39 2 192 64 248 179 0 1614 1946 1673 1927 2202 2028 2236 1958 152 81 107 95 355 126 347 118 0 6 255 218 255 228 224 29 206 9 0 0 0 0 0 2 0 2 
[10104.913247] 
[10104.914792] MESSAGE_B= 0 4 4 16 11 1 192 64 248 179 0 1640 1862 1673 1855 2343 1845 2385 1836 218 110 213 113 457 124 418 107 0 31 253 255 255 255 107 140 124 167 0 0 0 0 0 0 0 0 
[10105.051242] 
[10105.052764] MESSAGE_B= 0 4 4 16 37 1 192 64 248 179 0 1679 1748 1697 1749 2362 2219 2387 2204 367 251 360 237 216 402 220 362 0 31 255 255 255 255 188 243 190 242 0 0 0 0 0 0 0 0 
[10105.189230] 
[10105.190745] MESSAGE_B= 0 4 4 16 56 1 192 64 248 179 0 1913 1463 1952 1412 2546 2457 2578 2433 330 174 326 151 390 658 398 634 0 31 255 255 255 255 231 160 228 145 0 0 0 0 0 0 0 0 
[10105.327239] 
[10105.328754] MESSAGE_B= 0 4 4 16 11 1 192 64 248 179 0 1676 1280 1712 1241 2583 2567 2613 2553 228 223 226 225 482 739 488 737 0 31 255 255 255 255 163 213 152 204 0 0 0 0 0 0 0 0 
[10105.465235] 
[10105.466750] MESSAGE_B= 0 4 4 16 10 1 192 64 248 179 0 1823 1386 1855 1350 2566 2586 2595 2573 177 157 177 151 401 700 408 701 0 31 255 255 255 255 75 200 102 190 0 0 0 0 0 0 0 0 
[10105.603240] 
[10105.604755] MESSAGE_B= 0 4 4 16 9 1 192 64 248 179 0 1828 1516 1865 1478 2514 2600 2542 2589 318 303 323 288 444 648 452 652 0 31 255 255 255 255 51 206 68 211 0 0 0 0 0 0 0 0 
[10105.741230] 
[10105.742775] MESSAGE_B= 0 4 4 16 9 1 192 64 248 179 0 1747 1488 1782 1452 2531 2616 2560 2603 279 281 278 276 457 646 462 649 0 31 255 255 255 255 8 204 9 206 0 0 0 0 0 0 0 0 
[10105.879240] 
[10105.880756] MESSAGE_B= 0 4 4 16 8 1 192 64 248 179 0 1786 1461 1825 1422 2524 2616 2554 2603 269 267 271 264 471 637 475 641 0 31 255 255 255 255 14 203 30 205 0 0 0 0 0 0 0 0 
[10106.017233] 
[10106.018754] MESSAGE_B= 0 4 4 16 8 1 192 64 248 179 0 1770 1472 1806 1434 2526 2615 2556 2602 264 274 271 275 468 645 470 647 0 31 255 255 255 255 23 208 40 204 0 0 0 0 0 0 0 0 
