[ 1068.062749] MESSAGE_B= 7 4 0 254 0 0 192 64 248 179 0 3968 3983 3983 3964 3972 3987 3988 3957 482 489 491 485 465 471 464 462 0 12 255 255 255 255 10 10 5 14 0 0 0 0 0 0 0 0 
[ 1068.320234] 
[ 1068.321790] MESSAGE_B= 7 4 0 254 0 0 192 64 248 179 0 3968 3983 3984 3956 3972 3988 3988 3957 484 490 484 482 464 464 465 461 0 12 255 255 255 255 11 10 7 2 0 0 0 0 0 0 0 0 
[ 1068.579232] 
[ 1068.580775] MESSAGE_B= 7 4 0 254 0 0 192 64 248 179 0 3968 3983 3983 3956 3972 3987 3988 3957 483 490 491 482 464 472 464 461 0 12 255 255 255 255 8 10 7 2 0 0 0 0 0 0 0 0 
[ 1068.838232] 
[ 1068.839745] MESSAGE_B= 7 7 0 254 0 0 192 64 248 179 0 0 1856 0 2560 2560 1856 1872 2560 0 0 0 0 0 0 0 0 1 12 0 0 0 0 0 0 0 0 1 1 1 1 1 1 1 1 
[ 1068.973235] 
[ 1068.974748] MESSAGE_B= 7 7 4 254 0 0 192 64 248 179 0 0 1856 0 2560 2560 1856 1872 2560 0 0 0 0 0 0 0 0 1 12 0 0 0 0 0 0 0 0 1 1 1 1 1 1 1 1 
[ 1069.229235] 
[ 1069.230748] MESSAGE_B= 7 7 4 254 0 0 192 64 248 179 0 0 1856 0 2560 2560 1856 1872 2560 0 0 0 0 0 0 0 0 1 12 0 0 0 0 0 0 0 0 1 1 1 1 1 1 1 1 
[ 1069.485227] 
[ 1069.486740] MESSAGE_B= 7 7 4 254 0 0 192 64 248 179 0 0 1856 0 2560 2560 1856 1872 2560 0 0 0 0 0 0 0 0 1 12 0 0 0 0 0 0 0 0 1 1 1 1 1 1 1 1 
[ 1069.741226] 
[ 1069.742741] MESSAGE_B= 7 7 4 254 0 0 192 64 248 179 0 0 1856 0 2560 2560 1856 1872 2560 0 0 0 0 0 0 0 0 1 12 0 0 0 0 0 0 0 0 1 1 1 1 1 1 1 1 
[ 1069.997233] 
[ 1069.998747] MESSAGE_B= 7 4 4 254 0 0 192 64 248 179 0 3968 3983 3984 3956 3972 3987 3988 3957 483 490 484 482 464 472 464 461 0 12 255 255 255 255 8 10 7 2 0 0 0 0 0 0 0 0 
[ 1070.255229] 
[ 1070.256744] MESSAGE_B= 7 4 4 254 0 0 192 64 248 179 0 3968 3983 3983 3956 3972 3987 3988 3957 483 490 490 485 464 472 464 461 0 12 255 255 255 255 8 10 5 3 0 0 0 0 0 0 0 0 
[ 1070.513235] 
[ 1070.514750] MESSAGE_B= 7 4 4 254 0 0 192 64 248 179 0 3968 3983 3984 3956 3972 3987 3988 3957 483 490 484 482 464 472 464 461 0 12 255 255 255 255 8 10 7 2 0 0 0 0 0 0 0 0 
[ 1070.772232] 
[ 1070.773745] MESSAGE_B= 7 0 4 254 0 0 192 64 248 179 0 1304 1296 1304 1312 1288 1280 1280 1280 40 0 24 48 456 448 448 448 1 12 255 0 255 255 0 0 0 0 0 0 0 0 0 0 0 0 
[ 1071.030228] 
[ 1071.031740] MESSAGE_B= 7 7 4 253 0 0 192 64 248 179 0 0 1856 0 2560 2560 1856 1872 2560 0 0 0 0 0 0 0 0 1 12 0 0 0 0 0 0 0 0 1 1 1 1 1 1 1 1 
[ 1071.286227] 
[ 1071.287738] MESSAGE_B= 7 7 4 254 0 0 192 64 248 179 0 0 1856 0 2560 2560 1856 1872 2560 0 0 0 0 0 0 0 0 1 12 0 0 0 0 0 0 0 0 1 1 1 1 1 1 1 1 
[ 1071.542229] 
[ 1071.543786] MESSAGE_B= 7 7 4 254 0 0 192 64 248 179 0 0 1856 0 2560 2560 1856 1872 2560 0 0 0 0 0 0 0 0 1 12 0 0 0 0 0 0 0 0 1 1 1 1 1 1 1 1 
[ 1071.798237] 
[ 1071.799751] MESSAGE_B= 7 4 4 254 0 0 192 64 248 179 0 3919 3935 3936 3892 3904 3919 3918 3887 594 596 594 583 646 651 654 648 0 12 255 255 255 255 249 249 249 249 0 0 0 0 2 2 2 2 
[ 1072.057235] 
[ 1072.058750] MESSAGE_B= 7 4 4 255 0 0 192 64 248 179 0 3919 3935 3936 3892 3903 3918 3917 3883 594 596 594 583 650 656 659 647 0 12 255 255 255 255 249 249 249 249 0 0 0 0 2 2 2 2 
[ 1072.195229] 
[ 1072.196742] MESSAGE_B= 7 4 4 255 0 0 192 64 248 179 0 3919 3935 3936 3892 3903 3918 3917 3883 594 596 594 583 650 656 659 647 0 12 255 255 255 255 249 249 249 249 0 0 0 0 2 2 2 2 
[ 1072.454229] 
[ 1072.455769] MESSAGE_B= 7 4 4 255 0 0 192 64 248 179 0 3919 3935 3936 3892 3903 3918 3917 3883 594 596 595 583 650 656 659 647 0 12 255 255 255 255 249 249 249 249 0 0 0 0 2 2 2 2 
[ 1072.713231] 
[ 1072.714747] MESSAGE_B= 7 4 4 255 0 0 192 64 248 179 0 3919 3935 3936 3893 3903 3918 3917 3887 594 598 594 579 652 656 658 650 0 12 255 255 255 255 249 249 249 249 0 0 0 0 2 2 2 2 
[ 1072.972231] 
[ 1072.973743] MESSAGE_B= 7 7 4 255 0 0 192 64 248 179 0 0 1856 0 2560 2560 1856 1872 2560 0 0 0 0 0 0 0 0 1 12 0 0 0 0 0 0 0 0 1 1 1 1 1 1 1 1 
[ 1073.228233] 
[ 1073.229746] MESSAGE_B= 7 7 4 255 0 0 192 64 248 179 0 0 1856 0 2560 2560 1856 1872 2560 0 0 0 0 0 0 0 0 1 12 0 0 0 0 0 0 0 0 1 1 1 1 1 1 1 1 
[ 1073.484227] 
[ 1073.485739] MESSAGE_B= 7 7 4 255 0 0 192 64 248 179 0 0 1856 0 2560 2560 1856 1872 2560 0 0 0 0 0 0 0 0 1 12 0 0 0 0 0 0 0 0 1 1 1 1 1 1 1 1 
[ 1073.740231] 
[ 1073.741744] MESSAGE_B= 7 7 4 255 0 0 192 64 248 179 0 0 1856 0 2560 2560 1856 1872 2560 0 0 0 0 0 0 0 0 1 12 0 0 0 0 0 0 0 0 1 1 1 1 1 1 1 1 
[ 1073.996240] 
[ 1073.997756] MESSAGE_B= 7 4 4 255 0 0 192 64 248 179 0 3919 3935 3936 3892 3903 3918 3917 3883 594 596 594 583 650 656 659 647 0 12 255 255 255 255 249 249 249 249 0 0 0 0 2 2 2 2 
[ 1074.255235] 
[ 1074.256750] MESSAGE_B= 7 4 4 255 0 0 192 64 248 179 0 3919 3935 3936 3892 3903 3918 3917 3883 594 596 594 581 649 656 659 647 0 12 255 255 255 255 249 249 249 249 0 0 0 0 2 2 2 2 
[ 1074.514239] 
[ 1074.515754] MESSAGE_B= 7 4 4 255 0 0 192 64 248 179 0 3919 3935 3936 3892 3903 3918 3917 3883 594 596 594 583 650 656 659 647 0 12 255 255 255 255 249 249 249 249 0 0 0 0 2 2 2 2 
[ 1074.773234] 
[ 1074.774748] MESSAGE_B= 7 0 4 255 0 0 192 64 248 179 0 1304 1296 1304 1312 1288 1280 1280 1280 40 0 24 48 456 448 448 448 1 12 255 0 255 255 0 0 0 0 0 0 0 0 0 0 0 0 
[ 1075.031240] 
[ 1075.032754] MESSAGE_B= 7 7 4 255 0 0 192 64 248 179 0 0 1856 0 2560 2560 1856 1872 2560 0 0 0 0 0 0 0 0 1 12 0 0 0 0 0 0 0 0 1 1 1 1 1 1 1 1 
[ 1075.287230] 
[ 1075.288744] MESSAGE_B= 7 7 4 255 0 0 192 64 248 179 0 0 1856 0 2560 2560 1856 1872 2560 0 0 0 0 0 0 0 0 1 12 0 0 0 0 0 0 0 0 1 1 1 1 1 1 1 1 
[ 1075.422235] 
[ 1075.423747] MESSAGE_B= 7 7 4 255 0 0 192 64 248 179 0 0 1856 0 2560 2560 1856 1872 2560 0 0 0 0 0 0 0 0 1 12 0 0 0 0 0 0 0 0 1 1 1 1 1 1 1 1 
[ 1075.678237] 
[ 1075.679751] MESSAGE_B= 7 7 4 255 0 0 192 64 248 179 0 0 1856 0 2560 2560 1856 1872 2560 0 0 0 0 0 0 0 0 1 12 0 0 0 0 0 0 0 0 1 1 1 1 1 1 1 1 
[ 1075.934235] 
[ 1075.935750] MESSAGE_B= 7 7 4 255 0 0 192 64 248 179 0 0 1856 0 2560 2560 1840 1864 2560 0 0 0 0 0 0 0 0 1 12 0 0 0 0 0 0 0 0 1 1 1 1 1 1 1 1 
[ 1076.190238] 
[ 1076.191753] MESSAGE_B= 7 7 4 255 0 0 192 64 248 179 0 0 0 0 0 0 0 0 0 0 0 0 0 0 0 0 0 1 12 0 0 0 0 0 0 0 0 1 1 1 1 1 1 1 1 
[ 1076.444237] 
[ 1076.445776] MESSAGE_B= 7 7 4 255 13 0 192 64 248 179 0 0 0 0 0 0 0 0 0 0 0 0 0 0 0 0 0 1 12 0 0 0 0 0 0 0 0 1 1 1 1 1 1 1 1 
[ 1076.698232] 
[ 1076.699774] MESSAGE_B= 7 7 4 255 13 1 192 64 248 179 0 0 0 0 0 0 0 0 0 0 0 0 0 0 0 0 0 1 12 0 0 0 0 0 0 0 0 1 1 1 1 1 1 1 1 
[ 1076.952235] 
[ 1076.953749] MESSAGE_B= 7 7 4 255 4 1 192 64 248 179 0 0 0 0 0 0 0 0 0 0 0 0 0 0 0 0 0 1 12 0 0 0 0 0 0 0 0 1 1 1 1 1 1 1 1 
[ 1077.206241] 
[ 1077.207758] MESSAGE_B= 7 0 4 255 0 0 192 64 248 179 0 105 145 148 112 98 133 133 101 342 503 516 361 280 399 401 284 0 25 255 255 255 255 0 0 0 0 2 2 2 2 0 2 2 0 
[ 1077.464237] 
[ 1077.465751] MESSAGE_B= 7 0 4 255 0 0 192 64 248 179 0 108 152 157 120 81 107 107 84 359 538 563 406 269 377 376 271 0 25 255 255 255 255 0 0 0 1 2 2 2 2 0 2 2 0 
[ 1077.722239] 
[ 1077.723754] MESSAGE_B= 7 0 4 255 0 0 192 64 248 179 0 109 152 157 120 81 107 107 84 360 538 564 406 269 377 376 271 0 25 255 255 255 255 0 0 0 1 2 2 2 2 0 2 2 0 
[ 1077.980237] 
[ 1077.981751] MESSAGE_B= 7 0 4 255 0 0 192 64 248 179 0 109 152 157 120 81 107 107 84 360 538 564 406 269 377 376 271 0 25 255 255 255 255 0 0 0 1 2 2 2 2 0 2 2 0 
[ 1078.238235] 
[ 1078.239750] MESSAGE_B= 7 0 0 255 0 0 192 64 248 179 0 109 152 157 120 81 107 107 84 360 538 564 406 269 377 376 271 0 25 255 255 255 255 0 0 0 1 2 2 2 2 0 2 2 0 
[ 1078.496232] 
[ 1078.497747] MESSAGE_B= 7 7 0 255 0 0 192 64 248 179 0 0 1824 0 2560 2560 1840 1840 2560 0 0 0 0 0 0 0 0 1 12 0 0 0 0 0 0 0 0 1 1 1 1 1 1 1 1 
[ 1078.752230] 
[ 1078.753743] MESSAGE_B= 7 7 0 255 0 0 192 64 248 179 0 0 1824 0 2560 2560 1840 1840 2560 0 0 0 0 0 0 0 0 1 12 0 0 0 0 0 0 0 0 1 1 1 1 1 1 1 1 
[ 1079.008231] 
[ 1079.009744] MESSAGE_B= 7 7 0 255 0 0 192 64 248 179 0 0 1824 0 2560 2560 1840 1840 2560 0 0 0 0 0 0 0 0 1 12 0 0 0 0 0 0 0 0 1 1 1 1 1 1 1 1 
[ 1079.143238] 
[ 1079.144754] MESSAGE_B= 7 7 0 255 0 0 192 64 248 179 0 0 1824 0 2560 2560 1840 1840 2560 0 0 0 0 0 0 0 0 1 12 0 0 0 0 0 0 0 0 1 1 1 1 1 1 1 1 
[ 1079.399237] 
[ 1079.400752] MESSAGE_B= 4 0 0 255 0 0 192 64 248 179 0 109 152 157 120 81 107 107 84 360 538 564 406 269 377 376 271 0 25 255 255 255 255 0 0 0 1 2 2 2 2 0 2 2 0 
[ 1079.656233] 
[ 1079.657746] MESSAGE_B= 0 0 0 255 0 0 192 64 248 179 0 109 152 157 120 81 107 107 84 360 538 564 406 269 377 376 271 0 25 255 255 255 255 0 0 0 1 2 2 2 2 0 2 2 0 
[ 1079.914238] 
[ 1079.915752] MESSAGE_B= 7 0 0 255 0 0 192 64 248 179 0 109 152 157 120 81 107 107 84 360 538 564 406 269 377 376 271 0 25 255 255 255 255 0 0 0 1 2 2 2 2 0 2 2 0 
[ 1080.172237] 
[ 1080.173751] MESSAGE_B= 7 0 0 255 0 0 192 64 248 179 0 109 152 157 120 81 107 107 84 360 538 564 406 269 377 376 271 0 25 255 255 255 255 0 0 0 1 2 2 2 2 0 2 2 0 
[ 1080.430228] 
[ 1080.431740] MESSAGE_B= 7 7 0 255 0 0 192 64 248 179 0 0 1824 0 2560 2560 1840 1840 2560 0 0 0 0 0 0 0 0 1 12 0 0 0 0 0 0 0 0 1 1 1 1 1 1 1 1 
[ 1080.686233] 
[ 1080.687746] MESSAGE_B= 7 7 0 255 0 0 192 64 248 179 0 0 1824 0 2560 2560 1840 1840 2560 0 0 0 0 0 0 0 0 1 12 0 0 0 0 0 0 0 0 1 1 1 1 1 1 1 1 
[ 1080.942229] 
[ 1080.943741] MESSAGE_B= 7 7 0 255 0 0 192 64 248 179 0 0 1824 0 2560 2560 1840 1840 2560 0 0 0 0 0 0 0 0 1 12 0 0 0 0 0 0 0 0 1 1 1 1 1 1 1 1 
[ 1081.198233] 
[ 1081.199746] MESSAGE_B= 7 7 0 255 0 0 192 64 248 179 0 0 1824 0 2560 2560 1840 1840 2560 0 0 0 0 0 0 0 0 1 12 0 0 0 0 0 0 0 0 1 1 1 1 1 1 1 1 
[ 1081.454231] 
[ 1081.455742] MESSAGE_B= 7 7 0 255 0 0 192 64 248 179 0 0 1832 0 2560 2560 1816 1840 2560 0 0 0 0 0 0 0 0 1 12 0 0 0 0 0 0 0 0 1 1 1 1 1 1 1 1 
[ 1081.710235] 
[ 1081.711748] MESSAGE_B= 7 7 0 255 2 0 192 64 248 179 0 0 0 0 0 0 0 0 0 0 0 0 0 0 0 0 0 1 12 0 0 0 0 0 0 0 0 1 1 1 1 1 1 1 1 
[ 1081.964228] 
[ 1081.965741] MESSAGE_B= 7 7 0 255 2 0 192 64 248 179 0 0 0 0 0 0 0 0 0 0 0 0 0 0 0 0 0 1 12 0 0 0 0 0 0 0 0 1 1 1 1 1 1 1 1 
[ 1082.218228] 
[ 1082.219739] MESSAGE_B= 7 7 0 255 1 0 192 64 248 179 0 0 0 0 0 0 0 0 0 0 0 0 0 0 0 0 0 1 12 0 0 0 0 0 0 0 0 1 1 1 1 1 1 1 1 
[ 1082.472232] 
[ 1082.473744] MESSAGE_B= 7 0 0 255 102 38 192 64 248 179 0 0 178 0 159 131 96 164 79 0 0 0 0 0 0 0 0 1 12 128 149 85 28 91 0 0 38 0 0 0 0 0 1 0 0 
[ 1082.728231] 
[ 1082.729743] MESSAGE_B= 7 0 0 255 106 38 192 64 248 179 0 0 178 0 159 129 95 164 76 0 0 0 0 0 0 0 0 1 12 170 149 93 0 96 0 0 25 0 0 0 0 0 1 0 0 
[ 1082.863232] 
[ 1082.864743] MESSAGE_B= 7 0 0 255 79 27 192 64 248 179 0 0 152 0 133 103 140 140 120 0 0 0 0 0 0 0 0 1 12 115 98 80 59 72 0 0 19 0 0 0 0 0 0 0 0 
[ 1083.119228] 
[ 1083.120739] MESSAGE_B= 7 0 0 255 80 27 192 64 248 179 0 0 152 0 133 102 140 140 119 0 0 0 0 0 0 0 0 1 12 115 106 80 78 72 0 0 10 0 0 0 0 0 0 0 0 
[ 1083.375232] 
[ 1083.376745] MESSAGE_B= 7 0 0 255 80 27 192 64 248 179 0 0 152 0 133 102 140 140 119 0 0 0 0 0 0 0 0 1 12 121 106 80 78 66 0 0 10 0 0 0 0 0 0 0 0 
[ 1083.631235] 
[ 1083.632812] MESSAGE_B= 7 0 0 255 80 27 192 64 248 179 0 0 152 0 133 102 140 140 119 0 0 0 0 0 0 0 0 1 12 115 106 80 78 72 0 0 10 0 0 0 0 0 0 0 0 
[ 1083.887230] 
[ 1083.888750] MESSAGE_B= 7 0 0 255 80 27 192 64 248 179 0 0 152 0 133 102 140 140 119 0 0 0 0 0 0 0 0 1 12 121 106 80 78 66 0 0 10 0 0 0 0 0 0 0 0 
[ 1084.143234] 
[ 1084.144749] MESSAGE_B= 7 0 0 255 80 27 192 64 248 179 0 0 152 0 133 102 140 140 119 0 0 0 0 0 0 0 0 1 12 115 106 80 78 72 0 0 10 0 0 0 0 0 0 0 0 
[ 1084.399230] 
[ 1084.400768] MESSAGE_B= 7 0 0 255 80 27 192 64 248 179 0 0 152 0 133 103 140 140 119 0 0 0 0 0 0 0 0 1 12 121 106 80 78 66 0 0 10 0 0 0 0 0 0 0 0 
[ 1084.655236] 
[ 1084.656770] MESSAGE_B= 7 0 0 255 79 26 192 64 248 179 0 0 152 0 133 103 140 140 120 0 0 0 0 0 0 0 0 1 12 115 106 60 78 80 0 0 10 0 0 0 0 0 0 0 0 
[ 1084.911229] 
[ 1084.912745] MESSAGE_B= 7 0 0 255 80 27 192 64 248 179 0 0 152 0 133 103 140 140 119 0 0 0 0 0 0 0 0 1 12 121 106 80 78 66 0 0 10 0 0 0 0 0 0 0 0 
[ 1085.167231] 
[ 1085.168747] MESSAGE_B= 7 0 0 255 80 26 192 64 248 179 0 0 152 0 134 103 141 140 120 0 0 0 0 0 0 0 0 1 12 115 98 56 78 80 0 0 9 0 0 0 0 0 0 0 0 
[ 1085.423229] 
[ 1085.424744] MESSAGE_B= 7 0 0 255 80 27 192 64 248 179 0 0 152 0 133 103 140 140 119 0 0 0 0 0 0 0 0 1 12 121 106 80 78 66 0 0 10 0 0 0 0 0 0 0 0 
[ 1085.679229] 
[ 1085.680749] MESSAGE_B= 7 0 0 255 80 26 192 64 248 179 0 0 152 0 134 103 140 140 120 0 0 0 0 0 0 0 0 1 12 121 98 60 78 66 0 0 29 0 0 0 0 0 0 0 0 
[ 1085.935229] 
[ 1085.936744] MESSAGE_B= 7 0 0 255 80 27 192 64 248 179 0 0 152 0 133 103 140 140 119 0 0 0 0 0 0 0 0 1 12 121 106 80 78 66 0 0 10 0 0 0 0 0 0 0 0 
[ 1086.191232] 
[ 1086.192747] MESSAGE_B= 7 0 0 255 78 26 192 64 248 179 0 0 152 0 134 103 140 140 120 0 0 0 0 0 0 0 0 1 12 121 98 60 78 66 0 0 29 0 0 0 0 0 0 0 0 
[ 1086.447229] 
[ 1086.448744] MESSAGE_B= 7 0 0 255 80 27 192 64 248 179 0 0 152 0 133 103 140 140 119 0 0 0 0 0 0 0 0 1 12 121 106 80 78 66 0 0 10 0 0 0 0 0 0 0 0 
[ 1086.703230] 
[ 1086.704752] MESSAGE_B= 7 0 0 255 80 27 192 64 248 179 0 0 152 0 133 102 140 140 119 0 0 0 0 0 0 0 0 1 12 121 106 80 78 66 0 0 10 0 0 0 0 0 0 0 0 
[ 1086.959231] 
[ 1086.960746] MESSAGE_B= 7 0 0 255 80 27 192 64 248 179 0 0 152 0 133 103 140 140 119 0 0 0 0 0 0 0 0 1 12 121 106 80 78 66 0 0 10 0 0 0 0 0 0 0 0 
[ 1087.215235] 
[ 1087.216750] MESSAGE_B= 7 0 0 255 80 26 192 64 248 179 0 0 152 0 133 102 140 140 119 0 0 0 0 0 0 0 0 1 12 121 106 80 78 66 0 0 10 0 0 0 0 0 0 0 0 
[ 1087.471229] 
[ 1087.472748] MESSAGE_B= 7 0 0 255 80 27 192 64 248 179 0 0 152 0 133 102 140 140 119 0 0 0 0 0 0 0 0 1 12 121 106 80 78 66 0 0 10 0 0 0 0 0 0 0 0 
[ 1087.727229] 
[ 1087.728745] MESSAGE_B= 7 0 0 255 40 13 192 64 248 179 0 0 270 0 235 221 258 256 223 0 0 0 0 0 0 0 0 1 12 167 100 169 100 196 68 207 193 0 0 0 0 0 0 0 0 
[ 1087.984235] 
[ 1087.985754] MESSAGE_B= 7 0 0 255 40 13 192 64 248 179 0 0 270 0 235 221 259 256 223 0 0 0 0 0 0 0 0 1 12 167 100 165 104 196 69 207 194 0 0 0 0 0 0 0 0 
[ 1088.241237] 
[ 1088.242754] MESSAGE_B= 7 0 0 255 40 13 192 64 248 179 0 0 270 0 235 221 258 256 223 0 0 0 0 0 0 0 0 1 12 167 100 169 100 196 68 207 193 0 0 0 0 0 0 0 0 
[ 1088.498233] 
[ 1088.499749] MESSAGE_B= 7 0 0 255 40 13 192 64 248 179 0 0 270 0 235 221 259 256 223 0 0 0 0 0 0 0 0 1 12 167 100 169 102 196 71 207 194 0 0 0 0 0 0 0 0 
[ 1088.755232] 
[ 1088.756748] MESSAGE_B= 7 0 0 255 40 13 192 64 248 179 0 0 270 0 236 221 259 256 223 0 0 0 0 0 0 0 0 1 12 169 100 168 101 196 70 207 197 0 0 0 0 0 0 0 0 
[ 1089.012235] 
[ 1089.013778] MESSAGE_B= 7 0 0 255 40 13 192 64 248 179 0 0 270 0 235 221 259 256 223 0 0 0 0 0 0 0 0 1 12 167 100 169 102 196 71 207 194 0 0 0 0 0 0 0 0 
[ 1089.269237] 
[ 1089.270760] MESSAGE_B= 7 0 0 255 40 13 192 64 248 179 0 0 270 0 236 221 259 255 223 0 0 0 0 0 0 0 0 1 12 170 100 168 102 196 70 207 197 0 0 0 0 0 0 0 0 
[ 1089.526234] 
[ 1089.527750] MESSAGE_B= 7 0 0 255 40 13 192 64 248 179 0 0 270 0 235 221 259 256 223 0 0 0 0 0 0 0 0 1 12 167 100 169 102 196 71 207 194 0 0 0 0 0 0 0 0 
[ 1089.783230] 
[ 1089.784745] MESSAGE_B= 7 0 0 255 40 13 192 64 248 179 0 0 270 0 235 221 259 256 223 0 0 0 0 0 0 0 0 1 12 169 99 168 101 196 67 207 194 0 0 0 0 0 0 0 0 
[ 1090.040229] 
[ 1090.041745] MESSAGE_B= 7 0 0 255 40 13 192 64 248 179 0 0 270 0 235 221 259 256 223 0 0 0 0 0 0 0 0 1 12 167 100 169 102 196 71 207 194 0 0 0 0 0 0 0 0 
[ 1090.297232] 
[ 1090.298750] MESSAGE_B= 7 0 0 255 40 13 192 64 248 179 0 0 270 0 235 221 259 256 223 0 0 0 0 0 0 0 0 1 12 169 102 169 98 196 70 207 194 0 0 0 0 0 0 0 0 
[ 1090.554232] 
[ 1090.555781] MESSAGE_B= 7 0 0 255 40 13 192 64 248 179 0 0 270 0 235 221 259 256 223 0 0 0 0 0 0 0 0 1 12 167 100 162 105 196 72 207 194 0 0 0 0 0 0 0 0 
[ 1090.811230] 
[ 1090.812745] MESSAGE_B= 7 0 0 255 40 13 192 64 248 179 0 0 270 0 235 221 259 256 223 0 0 0 0 0 0 0 0 1 12 169 102 169 98 196 70 207 194 0 0 0 0 0 0 0 0 
[ 1091.068230] 
[ 1091.069745] MESSAGE_B= 7 0 0 255 40 13 192 64 248 179 0 0 270 0 235 221 259 256 223 0 0 0 0 0 0 0 0 1 12 167 100 162 105 196 72 207 194 0 0 0 0 0 0 0 0 
[ 1091.325239] 
[ 1091.326754] MESSAGE_B= 7 0 0 255 40 13 192 64 248 179 0 0 270 0 235 221 259 256 223 0 0 0 0 0 0 0 0 1 12 169 102 169 98 196 70 207 194 0 0 0 0 0 0 0 0 
[ 1091.582230] 
[ 1091.583745] MESSAGE_B= 7 0 0 255 40 13 192 64 248 179 0 0 270 0 235 221 259 255 223 0 0 0 0 0 0 0 0 1 12 167 100 165 102 196 70 207 197 0 0 0 0 0 0 0 0 
[ 1091.839231] 
[ 1091.840746] MESSAGE_B= 7 0 0 255 40 13 192 64 248 179 0 0 270 0 235 221 259 256 223 0 0 0 0 0 0 0 0 1 12 169 102 169 98 196 70 207 194 0 0 0 0 0 0 0 0 
[ 1092.096230] 
[ 1092.097745] MESSAGE_B= 7 0 0 255 40 13 192 64 248 179 0 0 270 0 236 221 259 255 223 0 0 0 0 0 0 0 0 1 12 170 100 168 102 196 70 207 197 0 0 0 0 0 0 0 0 
[ 1092.353236] 
[ 1092.354788] MESSAGE_B= 7 0 0 255 40 13 192 64 248 179 0 0 270 0 235 221 258 256 223 0 0 0 0 0 0 0 0 1 12 167 102 169 100 196 67 207 194 0 0 0 0 0 0 0 0 
[ 1092.610240] 
[ 1092.610262] MESSAGE_B= 7 0 0 255 40 13 192 64 248 179 0 0 270 0 236 221 259 255 223 0 0 0 0 0 0 0 0 1 12 170 100 168 102 196 70 207 197 0 0 0 0 0 0 0 0 
[ 1092.852229] 
[ 1092.853750] MESSAGE_B= 7 0 0 255 59 0 192 64 248 179 0 0 160 0 126 109 311 146 280 0 0 0 0 0 0 0 0 1 12 177 102 187 106 211 93 192 209 0 0 0 0 0 0 0 0 
[ 1093.109239] 
[ 1093.110753] MESSAGE_B= 7 7 0 255 60 2 192 64 248 179 0 0 0 0 0 0 0 0 0 0 0 0 0 0 0 0 0 1 12 0 0 0 0 0 0 0 0 1 1 1 1 1 1 1 1 
[ 1093.363233] 
[ 1093.364748] MESSAGE_B= 7 7 0 255 94 4 192 64 248 179 0 0 0 0 0 0 0 0 0 0 0 0 0 0 0 0 0 1 12 0 0 0 0 0 0 0 0 1 1 1 1 1 1 1 1 
[ 1093.617238] 
[ 1093.618779] MESSAGE_B= 7 7 0 255 102 5 192 64 248 179 0 0 0 0 0 0 0 0 0 0 0 0 0 0 0 0 0 1 12 0 0 0 0 0 0 0 0 1 1 1 1 1 1 1 1 
[ 1093.871231] 
[ 1093.872749] MESSAGE_B= 4 4 0 255 9 0 192 64 248 179 0 0 144 0 144 144 148 144 170 0 0 0 0 0 0 0 0 1 12 255 255 238 238 146 132 136 146 0 0 0 0 0 0 0 0 
[ 1094.128231] 
[ 1094.129777] MESSAGE_B= 5 4 0 227 4 0 192 64 248 179 0 0 143 0 143 143 147 143 168 0 0 0 0 0 0 0 0 1 12 255 255 238 238 153 147 150 159 0 0 0 0 0 0 0 0 
[ 1094.385235] 
[ 1094.386758] MESSAGE_B= 7 4 0 221 0 19 192 64 248 179 0 0 270 0 270 270 261 268 282 0 0 0 0 0 0 0 0 1 12 255 254 238 240 98 91 95 100 0 0 0 0 0 0 0 0 
[ 1094.642230] 
[ 1094.643745] MESSAGE_B= 7 4 0 223 0 19 192 64 248 179 0 0 262 0 261 262 258 262 278 0 0 0 0 0 0 0 0 1 12 255 255 240 240 83 75 79 85 0 0 0 0 0 0 0 0 
[ 1094.898230] 
[ 1094.899744] MESSAGE_B= 7 4 4 224 0 19 192 64 248 179 0 0 262 0 262 262 258 261 278 0 0 0 0 0 0 0 0 1 12 255 255 240 240 95 85 89 95 0 0 0 0 0 0 0 0 
[ 1095.154230] 
[ 1095.155746] MESSAGE_B= 7 4 4 224 0 19 192 64 248 179 0 0 266 0 266 266 261 266 282 0 0 0 0 0 0 0 0 1 12 255 255 240 240 108 96 100 108 0 0 0 0 0 0 0 0 
[ 1095.411231] 
[ 1095.412751] MESSAGE_B= 7 4 4 224 0 19 192 64 248 179 0 0 262 0 262 262 258 262 278 0 0 0 0 0 0 0 0 1 12 255 255 240 240 95 85 89 95 0 0 0 0 0 0 0 0 
[ 1095.667239] 
[ 1095.668755] MESSAGE_B= 7 4 4 224 0 19 192 64 248 179 0 0 263 0 263 263 259 263 279 0 0 0 0 0 0 0 0 1 12 255 255 240 240 95 85 89 95 0 0 0 0 0 0 0 0 
[ 1095.923232] 
[ 1095.924749] MESSAGE_B= 7 4 4 224 0 19 192 64 248 179 0 0 267 0 267 267 261 267 282 0 0 0 0 0 0 0 0 1 12 255 255 240 240 108 96 100 108 0 0 0 0 0 0 0 0 
[ 1096.180234] 
[ 1096.181751] MESSAGE_B= 7 4 4 223 0 19 192 64 248 179 0 0 267 0 267 267 262 267 283 0 0 0 0 0 0 0 0 1 12 255 255 240 240 100 89 93 100 0 0 0 0 0 0 0 0 
[ 1096.437232] 
[ 1096.438754] MESSAGE_B= 7 4 4 224 0 19 192 64 248 179 0 0 262 0 262 262 258 262 278 0 0 0 0 0 0 0 0 1 12 255 255 240 240 95 85 89 95 0 0 0 0 0 0 0 0 
[ 1096.693241] 
[ 1096.694758] MESSAGE_B= 7 4 4 223 0 19 192 64 248 179 0 0 267 0 267 267 262 267 283 0 0 0 0 0 0 0 0 1 12 255 255 240 240 100 89 93 100 0 0 0 0 0 0 0 0 
[ 1096.950236] 
[ 1096.951752] MESSAGE_B= 7 4 4 224 0 19 192 64 248 179 0 0 267 0 267 267 261 267 282 0 0 0 0 0 0 0 0 1 12 255 255 240 240 108 96 100 108 0 0 0 0 0 0 0 0 
[ 1097.207236] 
[ 1097.208753] MESSAGE_B= 7 4 4 223 0 19 192 64 248 179 0 0 261 0 261 261 257 261 278 0 0 0 0 0 0 0 0 1 12 255 255 240 240 95 85 89 95 0 0 0 0 0 0 0 0 
[ 1097.463234] 
[ 1097.464751] MESSAGE_B= 7 4 4 224 0 19 192 64 248 179 0 0 262 0 262 262 258 262 278 0 0 0 0 0 0 0 0 1 12 255 255 240 240 95 85 89 95 0 0 0 0 0 0 0 0 
[ 1097.719237] 
[ 1097.720765] MESSAGE_B= 7 4 4 223 0 19 192 64 248 179 0 0 267 0 267 267 261 267 282 0 0 0 0 0 0 0 0 1 12 255 255 240 240 108 96 100 108 0 0 0 0 0 0 0 0 
[ 1097.976237] 
[ 1097.977755] MESSAGE_B= 7 4 4 224 0 19 192 64 248 179 0 0 262 0 262 262 258 262 278 0 0 0 0 0 0 0 0 1 12 255 255 240 240 95 85 89 95 0 0 0 0 0 0 0 0 
[ 1098.232237] 
[ 1098.233758] MESSAGE_B= 7 4 4 224 0 19 192 64 248 179 0 0 262 0 262 262 258 262 278 0 0 0 0 0 0 0 0 1 12 255 255 240 240 95 85 89 95 0 0 0 0 0 0 0 0 
[ 1098.488235] 
[ 1098.489752] MESSAGE_B= 7 4 4 224 0 19 192 64 248 179 0 0 267 0 267 267 261 267 282 0 0 0 0 0 0 0 0 1 12 255 255 240 240 108 96 100 108 0 0 0 0 0 0 0 0 
[ 1098.745232] 
[ 1098.746755] MESSAGE_B= 7 4 4 224 0 19 192 64 248 179 0 0 267 0 267 267 261 267 282 0 0 0 0 0 0 0 0 1 12 255 255 240 240 108 96 100 108 0 0 0 0 0 0 0 0 
[ 1099.002237] 
[ 1099.003760] MESSAGE_B= 7 4 4 224 0 19 192 64 248 179 0 0 263 0 263 263 259 263 279 0 0 0 0 0 0 0 0 1 12 255 255 240 240 95 85 89 95 0 0 0 0 0 0 0 0 
[ 1099.258237] 
[ 1099.259754] MESSAGE_B= 7 4 4 224 0 19 192 64 248 179 0 0 267 0 267 267 261 267 282 0 0 0 0 0 0 0 0 1 12 255 255 240 240 108 96 100 108 0 0 0 0 0 0 0 0 
[ 1099.515239] 
[ 1099.516755] MESSAGE_B= 7 4 4 224 0 19 192 64 248 179 0 0 267 0 267 267 262 267 283 0 0 0 0 0 0 0 0 1 12 255 255 240 240 100 89 93 100 0 0 0 0 0 0 0 0 
[ 1099.772234] 
[ 1099.773751] MESSAGE_B= 7 4 4 224 0 19 192 64 248 179 0 0 261 0 261 261 257 261 278 0 0 0 0 0 0 0 0 1 12 255 255 240 240 95 85 89 95 0 0 0 0 0 0 0 0 
[ 1100.028242] 
[ 1100.029767] MESSAGE_B= 7 4 4 224 0 19 192 64 248 179 0 0 261 0 261 261 257 261 277 0 0 0 0 0 0 0 0 1 12 255 255 240 240 92 82 86 92 0 0 0 0 0 0 0 0 
[ 1100.285236] 
[ 1100.286759] MESSAGE_B= 7 4 4 224 0 19 192 64 248 179 0 0 266 0 266 266 261 266 282 0 0 0 0 0 0 0 0 1 12 255 255 240 240 108 96 100 108 0 0 0 0 0 0 0 0 
[ 1100.542230] 
[ 1100.543745] MESSAGE_B= 7 4 4 224 0 19 192 64 248 179 0 0 261 0 261 261 257 261 277 0 0 0 0 0 0 0 0 1 12 255 255 240 240 92 82 86 92 0 0 0 0 0 0 0 0 
[ 1100.798232] 
[ 1100.799748] MESSAGE_B= 7 4 4 224 0 19 192 64 248 179 0 0 262 0 262 262 258 262 278 0 0 0 0 0 0 0 0 1 12 255 255 240 240 95 85 89 95 0 0 0 0 0 0 0 0 
[ 1101.054240] 
[ 1101.055758] MESSAGE_B= 7 4 4 224 0 19 192 64 248 179 0 0 268 0 267 267 262 268 283 0 0 0 0 0 0 0 0 1 12 255 255 240 240 100 91 93 100 0 0 0 0 0 0 0 0 
[ 1101.311234] 
[ 1101.312757] MESSAGE_B= 7 4 4 224 0 19 192 64 248 179 0 0 262 0 262 262 258 262 278 0 0 0 0 0 0 0 0 1 12 255 255 240 240 95 85 89 95 0 0 0 0 0 0 0 0 
[ 1101.567237] 
[ 1101.568754] MESSAGE_B= 7 4 4 224 0 19 192 64 248 179 0 0 260 0 260 260 257 260 277 0 0 0 0 0 0 0 0 1 12 255 255 240 240 82 73 78 82 0 0 0 0 0 0 0 0 
[ 1101.823234] 
[ 1101.824752] MESSAGE_B= 7 4 4 224 0 19 192 64 248 179 0 0 267 0 267 267 261 267 282 0 0 0 0 0 0 0 0 1 12 255 255 240 240 108 96 100 108 0 0 0 0 0 0 0 0 
[ 1102.080242] 
[ 1102.081759] MESSAGE_B= 7 4 4 224 0 19 192 64 248 179 0 0 265 0 265 265 261 266 282 0 0 0 0 0 0 0 0 1 12 255 255 240 240 95 88 92 95 0 0 0 0 0 0 0 0 
[ 1102.336237] 
[ 1102.337758] MESSAGE_B= 7 4 4 224 0 19 192 64 248 179 0 0 262 0 262 262 258 262 278 0 0 0 0 0 0 0 0 1 12 255 255 240 240 95 85 89 95 0 0 0 0 0 0 0 0 
[ 1102.592239] 
[ 1102.593756] MESSAGE_B= 7 4 4 224 0 19 192 64 248 179 0 0 265 0 265 265 261 266 282 0 0 0 0 0 0 0 0 1 12 255 255 240 240 95 88 92 95 0 0 0 0 0 0 0 0 
[ 1102.849229] 
[ 1102.850745] MESSAGE_B= 7 4 4 224 0 19 192 64 248 179 0 0 267 0 267 267 261 267 282 0 0 0 0 0 0 0 0 1 12 255 255 240 240 108 96 100 108 0 0 0 0 0 0 0 0 
[ 1103.106234] 
[ 1103.107749] MESSAGE_B= 7 4 4 224 0 19 192 64 248 179 0 0 260 0 259 259 256 259 276 0 0 0 0 0 0 0 0 1 12 255 255 240 240 95 85 89 95 0 0 0 0 0 0 0 0 
[ 1103.362234] 
[ 1103.363753] MESSAGE_B= 7 4 4 224 0 19 192 64 248 179 0 0 262 0 262 262 258 262 278 0 0 0 0 0 0 0 0 1 12 255 255 240 240 95 85 89 95 0 0 0 0 0 0 0 0 
[ 1103.618235] 
[ 1103.618256] MESSAGE_B= 7 4 4 224 0 19 192 64 248 179 0 0 266 0 266 266 261 266 282 0 0 0 0 0 0 0 0 1 12 255 255 240 240 108 96 100 108 0 0 0 0 0 0 0 0 
[ 1103.860235] 
[ 1103.861751] MESSAGE_B= 7 4 4 224 0 19 192 64 248 179 0 0 267 0 267 267 261 267 282 0 0 0 0 0 0 0 0 1 12 255 255 240 240 108 96 100 108 0 0 0 0 0 0 0 0 
[ 1104.117234] 
[ 1104.118749] MESSAGE_B= 7 4 4 224 0 20 192 64 248 179 0 0 271 0 271 271 260 271 279 0 0 0 0 0 0 0 0 1 12 255 255 240 240 192 182 182 192 0 0 0 0 0 0 0 0 
[ 1104.374232] 
[ 1104.375748] MESSAGE_B= 7 4 4 224 0 20 192 64 248 179 0 0 266 0 266 266 256 266 275 0 0 0 0 0 0 0 0 1 12 255 255 241 240 186 173 173 184 0 0 0 0 0 0 0 0 
[ 1104.631234] 
[ 1104.632750] MESSAGE_B= 7 4 4 224 0 20 192 64 248 179 0 0 266 0 267 267 257 267 276 0 0 0 0 0 0 0 0 1 12 255 255 243 240 192 182 183 194 0 0 0 0 0 0 0 0 
[ 1104.888237] 
[ 1104.889753] MESSAGE_B= 7 7 4 224 0 19 192 64 248 179 0 0 272 0 272 272 262 272 281 0 0 0 0 0 0 0 0 1 12 255 255 240 240 201 189 189 200 0 0 0 0 0 0 0 0 
[ 1105.145233] 
[ 1105.146754] MESSAGE_B= 7 7 4 224 0 20 192 64 248 179 0 0 273 0 273 273 261 273 280 0 0 0 0 0 0 0 0 1 12 255 255 241 240 199 187 187 199 0 0 0 0 0 0 0 0 
[ 1105.402232] 
[ 1105.403757] MESSAGE_B= 7 4 4 225 0 20 192 64 248 179 0 0 266 0 266 266 256 266 275 0 0 0 0 0 0 0 0 1 12 255 255 243 240 192 180 180 192 0 0 0 0 0 0 0 0 
[ 1105.659233] 
[ 1105.660749] MESSAGE_B= 7 7 4 224 0 20 192 64 248 179 0 0 273 0 273 273 261 273 280 0 0 0 0 0 0 0 0 1 12 255 255 241 240 199 187 187 199 0 0 0 0 0 0 0 0 
[ 1105.916235] 
[ 1105.917750] MESSAGE_B= 7 7 4 224 0 20 192 64 248 179 0 0 273 0 273 273 262 273 280 0 0 0 0 0 0 0 0 1 12 255 255 241 240 199 187 187 199 0 0 0 0 0 0 0 0 
[ 1106.173235] 
[ 1106.174778] MESSAGE_B= 7 4 4 225 0 20 192 64 248 179 0 0 266 0 266 266 256 266 275 0 0 0 0 0 0 0 0 1 12 255 255 240 240 192 180 180 192 0 0 0 0 0 0 0 0 
[ 1106.430230] 
[ 1106.431744] MESSAGE_B= 7 4 4 226 0 20 192 64 248 179 0 0 266 0 266 266 256 266 275 0 0 0 0 0 0 0 0 1 12 255 255 243 240 192 180 180 192 0 0 0 0 0 0 0 0 
[ 1106.687230] 
[ 1106.688745] MESSAGE_B= 7 7 4 224 0 20 192 64 248 179 0 0 272 0 272 272 260 272 279 0 0 0 0 0 0 0 0 1 12 255 255 241 240 199 187 187 199 0 0 0 0 0 0 0 0 
[ 1106.944234] 
[ 1106.945755] MESSAGE_B= 7 4 4 225 0 20 192 64 248 179 0 0 266 0 266 266 256 266 275 0 0 0 0 0 0 0 0 1 12 255 255 243 240 192 180 180 192 0 0 0 0 0 0 0 0 
[ 1107.201230] 
[ 1107.202751] MESSAGE_B= 7 4 4 225 0 20 192 64 248 179 0 0 264 0 264 264 255 264 274 0 0 0 0 0 0 0 0 1 12 255 255 241 240 192 180 180 192 0 0 0 0 0 0 0 0 
[ 1107.458229] 
[ 1107.459745] MESSAGE_B= 7 7 4 225 0 20 192 64 248 179 0 0 273 0 273 273 262 273 280 0 0 0 0 0 0 0 0 1 12 255 255 241 240 199 187 187 199 0 0 0 0 0 0 0 0 
[ 1107.715231] 
[ 1107.716747] MESSAGE_B= 7 7 4 224 0 20 192 64 248 179 0 0 271 0 271 271 260 271 279 0 0 0 0 0 0 0 0 1 12 255 255 243 240 199 187 187 199 0 0 0 0 0 0 0 0 
[ 1107.972233] 
[ 1107.973772] MESSAGE_B= 7 4 4 226 0 20 192 64 248 179 0 0 266 0 266 266 256 266 275 0 0 0 0 0 0 0 0 1 12 255 255 243 240 192 180 180 192 0 0 0 0 0 0 0 0 
[ 1108.229229] 
[ 1108.230748] MESSAGE_B= 7 4 4 225 0 20 192 64 248 179 0 0 266 0 266 266 256 266 275 0 0 0 0 0 0 0 0 1 12 255 255 243 240 192 180 180 192 0 0 0 0 0 0 0 0 
[ 1108.486230] 
[ 1108.487751] MESSAGE_B= 7 7 4 225 0 20 192 64 248 179 0 0 273 0 273 273 262 273 280 0 0 0 0 0 0 0 0 1 12 255 255 243 240 199 187 187 199 0 0 0 0 0 0 0 0 
[ 1108.743231] 
[ 1108.744766] MESSAGE_B= 7 4 4 224 0 20 192 64 248 179 0 0 266 0 266 266 256 266 275 0 0 0 0 0 0 0 0 1 12 255 255 243 240 192 180 180 192 0 0 0 0 0 0 0 0 
[ 1109.000231] 
[ 1109.001747] MESSAGE_B= 7 4 4 226 0 20 192 64 248 179 0 0 266 0 266 266 256 266 275 0 0 0 0 0 0 0 0 1 12 255 255 241 240 192 180 180 192 0 0 0 0 0 0 0 0 
[ 1109.257229] 
[ 1109.258745] MESSAGE_B= 7 7 4 224 0 20 192 64 248 179 0 0 271 0 271 271 260 271 279 0 0 0 0 0 0 0 0 1 12 255 255 243 240 199 187 187 199 0 0 0 0 0 0 0 0 
[ 1109.514229] 
[ 1109.515784] MESSAGE_B= 7 7 4 224 0 20 192 64 248 179 0 0 272 0 272 272 260 272 279 0 0 0 0 0 0 0 0 1 12 255 255 241 240 199 187 187 199 0 0 0 0 0 0 0 0 
[ 1109.771230] 
[ 1109.772746] MESSAGE_B= 7 4 4 225 0 20 192 64 248 179 0 0 267 0 267 267 257 267 275 0 0 0 0 0 0 0 0 1 12 255 255 241 240 192 180 180 192 0 0 0 0 0 0 0 0 
[ 1110.028232] 
[ 1110.029752] MESSAGE_B= 7 4 4 226 0 20 192 64 248 179 0 0 265 0 265 265 257 265 276 0 0 0 0 0 0 0 0 1 12 255 255 241 240 192 180 180 192 0 0 0 0 0 0 0 0 
[ 1110.285229] 
[ 1110.286756] MESSAGE_B= 7 7 4 224 0 20 192 64 248 179 0 0 272 0 272 272 261 272 279 0 0 0 0 0 0 0 0 1 12 255 255 243 240 199 187 187 199 0 0 0 0 0 0 0 0 
[ 1110.542227] 
[ 1110.543746] MESSAGE_B= 7 4 4 226 0 20 192 64 248 179 0 0 265 0 265 265 257 265 276 0 0 0 0 0 0 0 0 1 12 255 255 241 240 192 180 180 192 0 0 0 0 0 0 0 0 
[ 1110.799228] 
[ 1110.800744] MESSAGE_B= 7 4 4 225 0 20 192 64 248 179 0 0 266 0 266 266 256 266 275 0 0 0 0 0 0 0 0 1 12 255 255 243 240 192 180 180 192 0 0 0 0 0 0 0 0 
[ 1111.056237] 
[ 1111.057752] MESSAGE_B= 7 7 4 225 0 20 192 64 248 179 0 0 272 0 272 272 262 271 280 0 0 0 0 0 0 0 0 1 12 255 255 241 240 203 192 192 201 0 0 0 0 0 0 0 0 
[ 1111.313231] 
[ 1111.314745] MESSAGE_B= 7 7 4 224 0 20 192 64 248 179 0 0 274 0 274 274 262 274 281 0 0 0 0 0 0 0 0 1 12 255 255 241 240 199 189 187 199 0 0 0 0 0 0 0 0 
[ 1111.570228] 
[ 1111.571743] MESSAGE_B= 7 4 4 226 0 20 192 64 248 179 0 0 266 0 266 266 257 266 275 0 0 0 0 0 0 0 0 1 12 255 255 241 240 192 182 182 192 0 0 0 0 0 0 0 0 
[ 1111.827229] 
[ 1111.828749] MESSAGE_B= 7 7 4 225 0 20 192 64 248 179 0 0 274 0 274 274 262 274 281 0 0 0 0 0 0 0 0 1 12 255 255 241 240 199 189 187 199 0 0 0 0 0 0 0 0 
[ 1112.084236] 
[ 1112.085758] MESSAGE_B= 7 4 4 224 0 20 192 64 248 179 0 0 272 0 272 272 262 272 280 0 0 0 0 0 0 0 0 1 12 255 255 240 240 197 186 186 197 0 0 0 0 0 0 0 0 
[ 1112.341230] 
[ 1112.342744] MESSAGE_B= 7 4 4 225 0 20 192 64 248 179 0 0 266 0 266 266 256 266 275 0 0 0 0 0 0 0 0 1 12 255 255 243 240 192 180 180 192 0 0 0 0 0 0 0 0 
[ 1112.598227] 
[ 1112.599741] MESSAGE_B= 7 4 4 226 0 20 192 64 248 179 0 0 264 0 264 264 254 264 273 0 0 0 0 0 0 0 0 1 12 255 255 240 240 192 180 180 192 0 0 0 0 0 0 0 0 
[ 1112.855232] 
[ 1112.856751] MESSAGE_B= 7 7 4 224 0 20 192 64 248 179 0 0 274 0 274 274 262 274 281 0 0 0 0 0 0 0 0 1 12 255 255 241 240 199 189 187 199 0 0 0 0 0 0 0 0 
[ 1113.112236] 
[ 1113.113751] MESSAGE_B= 7 7 4 224 0 20 192 64 248 179 0 0 273 0 273 273 261 273 280 0 0 0 0 0 0 0 0 1 12 255 255 241 240 199 187 187 199 0 0 0 0 0 0 0 0 
[ 1113.369233] 
[ 1113.370752] MESSAGE_B= 7 4 4 225 0 20 192 64 248 179 0 0 266 0 266 266 256 266 275 0 0 0 0 0 0 0 0 1 12 255 255 243 240 192 180 180 192 0 0 0 0 0 0 0 0 
[ 1113.626229] 
[ 1113.626251] MESSAGE_B= 7 7 4 225 0 20 192 64 248 179 0 0 273 0 273 273 261 273 280 0 0 0 0 0 0 0 0 1 12 255 255 241 240 199 187 187 199 0 0 0 0 0 0 0 0 
[ 1113.868232] 
[ 1113.869753] MESSAGE_B= 7 4 4 224 0 20 192 64 248 179 0 0 266 0 266 266 256 266 275 0 0 0 0 0 0 0 0 1 12 255 255 243 240 192 180 180 192 0 0 0 0 0 0 0 0 
[ 1114.125231] 
[ 1114.126749] MESSAGE_B= 7 7 4 225 0 18 192 64 248 179 0 0 268 0 268 268 258 267 275 0 0 0 0 0 0 0 0 1 12 255 255 244 240 204 192 192 204 0 0 0 0 0 0 0 0 
[ 1114.382230] 
[ 1114.383744] MESSAGE_B= 7 7 4 223 0 18 192 64 248 179 0 0 267 0 267 267 259 267 275 0 0 0 0 0 0 0 0 1 12 255 255 244 240 204 192 192 204 0 0 0 0 0 0 0 0 
[ 1114.639234] 
[ 1114.640751] MESSAGE_B= 7 4 4 225 0 18 192 64 248 179 0 0 261 0 261 261 251 261 268 0 0 0 0 0 0 0 0 1 12 255 255 244 240 189 182 182 192 0 0 0 0 0 0 0 0 
[ 1114.896235] 
[ 1114.897750] MESSAGE_B= 7 4 4 226 0 18 192 64 248 179 0 0 262 0 262 262 253 262 270 0 0 0 0 0 0 0 0 1 12 255 255 244 240 183 174 174 183 0 0 0 0 0 0 0 0 
[ 1115.153231] 
[ 1115.154747] MESSAGE_B= 7 7 4 224 0 18 192 64 248 179 0 0 269 0 269 269 260 269 277 0 0 0 0 0 0 0 0 1 12 255 255 244 240 204 192 192 204 0 0 0 0 0 0 0 0 
[ 1115.410230] 
[ 1115.411753] MESSAGE_B= 7 4 4 224 0 18 192 64 248 179 0 0 262 0 262 262 253 262 271 0 0 0 0 0 0 0 0 1 12 255 255 244 240 187 177 177 187 0 0 0 0 0 0 0 0 
[ 1115.667233] 
[ 1115.668798] MESSAGE_B= 7 4 4 226 0 18 192 64 248 179 0 0 261 0 261 261 253 261 271 0 0 0 0 0 0 0 0 1 12 255 255 244 240 187 177 177 187 0 0 0 0 0 0 0 0 
[ 1115.924229] 
[ 1115.925747] MESSAGE_B= 7 7 4 225 0 18 192 64 248 179 0 0 272 0 272 272 262 272 279 0 0 0 0 0 0 0 0 1 12 255 255 244 240 204 192 192 204 0 0 0 0 0 0 0 0 
[ 1116.181232] 
[ 1116.182748] MESSAGE_B= 7 7 4 224 0 18 192 64 248 179 0 0 270 0 270 270 261 270 278 0 0 0 0 0 0 0 0 1 12 255 255 244 240 204 192 192 204 0 0 0 0 0 0 0 0 
[ 1116.438230] 
[ 1116.439745] MESSAGE_B= 7 4 4 226 0 18 192 64 248 179 0 0 262 0 262 262 253 262 271 0 0 0 0 0 0 0 0 1 12 255 255 244 240 187 177 177 187 0 0 0 0 0 0 0 0 
[ 1116.695230] 
[ 1116.696748] MESSAGE_B= 7 4 4 225 0 18 192 64 248 179 0 0 260 0 260 260 252 260 270 0 0 0 0 0 0 0 0 1 12 255 255 244 240 187 177 177 187 0 0 0 0 0 0 0 0 
[ 1116.952233] 
[ 1116.954013] MESSAGE_B= 7 7 4 225 0 18 192 64 248 179 0 0 272 0 272 272 262 272 279 0 0 0 0 0 0 0 0 1 12 255 255 244 240 204 192 192 204 0 0 0 0 0 0 0 0 
[ 1117.209231] 
[ 1117.210747] MESSAGE_B= 7 4 4 224 0 18 192 64 248 179 0 0 260 0 260 260 252 260 270 0 0 0 0 0 0 0 0 1 12 255 255 244 240 187 177 177 187 0 0 0 0 0 0 0 0 
[ 1117.466231] 
[ 1117.467746] MESSAGE_B= 7 4 4 226 0 18 192 64 248 179 0 0 262 0 262 262 253 262 271 0 0 0 0 0 0 0 0 1 12 255 255 244 240 187 177 177 187 0 0 0 0 0 0 0 0 
[ 1117.723236] 
[ 1117.724753] MESSAGE_B= 7 7 4 224 0 18 192 64 248 179 0 0 271 0 271 271 261 271 278 0 0 0 0 0 0 0 0 1 12 255 255 244 240 204 192 192 204 0 0 0 0 0 0 0 0 
[ 1117.980240] 
[ 1117.981756] MESSAGE_B= 7 7 4 225 0 18 192 64 248 179 0 0 272 0 272 272 262 272 279 0 0 0 0 0 0 0 0 1 12 255 255 244 240 204 192 192 204 0 0 0 0 0 0 0 0 
[ 1118.237233] 
[ 1118.238754] MESSAGE_B= 7 4 4 225 0 18 192 64 248 179 0 0 261 0 261 261 253 261 270 0 0 0 0 0 0 0 0 1 12 255 255 244 240 187 177 177 187 0 0 0 0 0 0 0 0 
[ 1118.494237] 
[ 1118.495762] MESSAGE_B= 7 4 4 226 0 18 192 64 248 179 0 0 261 0 261 261 253 261 271 0 0 0 0 0 0 0 0 1 12 255 255 244 240 187 177 177 187 0 0 0 0 0 0 0 0 
[ 1118.751236] 
[ 1118.752762] MESSAGE_B= 7 7 4 224 0 18 192 64 248 179 0 0 271 0 271 271 261 271 278 0 0 0 0 0 0 0 0 1 12 255 255 244 240 204 192 192 204 0 0 0 0 0 0 0 0 
[ 1119.008241] 
[ 1119.009756] MESSAGE_B= 7 4 4 226 0 18 192 64 248 179 0 0 261 0 261 261 253 261 271 0 0 0 0 0 0 0 0 1 12 255 255 244 240 187 177 177 187 0 0 0 0 0 0 0 0 
[ 1119.265232] 
[ 1119.266750] MESSAGE_B= 7 4 4 226 0 18 192 64 248 179 0 0 262 0 262 262 253 262 271 0 0 0 0 0 0 0 0 1 12 255 255 244 240 187 177 177 187 0 0 0 0 0 0 0 0 
[ 1119.522233] 
[ 1119.523749] MESSAGE_B= 7 7 4 225 0 18 192 64 248 179 0 0 270 0 270 270 261 270 278 0 0 0 0 0 0 0 0 1 12 255 255 244 240 204 192 192 204 0 0 0 0 0 0 0 0 
[ 1119.779234] 
[ 1119.780750] MESSAGE_B= 7 7 4 224 0 18 192 64 248 179 0 0 269 0 269 269 260 269 277 0 0 0 0 0 0 0 0 1 12 255 255 244 240 204 192 192 204 0 0 0 0 0 0 0 0 
[ 1120.036239] 
[ 1120.037756] MESSAGE_B= 7 4 4 226 0 18 192 64 248 179 0 0 260 0 260 260 252 260 269 0 0 0 0 0 0 0 0 1 12 255 255 244 240 190 180 180 190 0 0 0 0 0 0 0 0 
[ 1120.293237] 
[ 1120.294759] MESSAGE_B= 7 7 4 226 0 18 192 64 248 179 0 0 269 0 269 269 260 269 277 0 0 0 0 0 0 0 0 1 12 255 255 244 240 204 192 192 204 0 0 0 0 0 0 0 0 
[ 1120.550233] 
[ 1120.551752] MESSAGE_B= 7 7 4 225 0 18 192 64 248 179 0 0 272 0 272 272 261 272 278 0 0 0 0 0 0 0 0 1 12 255 255 244 240 204 193 193 204 0 0 0 0 0 0 0 0 
[ 1120.807233] 
[ 1120.808751] MESSAGE_B= 7 4 4 226 0 18 192 64 248 179 0 0 262 0 262 262 253 262 271 0 0 0 0 0 0 0 0 1 12 255 255 244 240 187 177 177 187 0 0 0 0 0 0 0 0 
[ 1121.064241] 
[ 1121.065758] MESSAGE_B= 7 4 4 226 0 18 192 64 248 179 0 0 260 0 260 260 252 260 269 0 0 0 0 0 0 0 0 1 12 255 255 244 240 187 177 177 187 0 0 0 0 0 0 0 0 
[ 1121.321237] 
[ 1121.322754] MESSAGE_B= 7 7 4 224 0 18 192 64 248 179 0 0 272 0 272 272 262 272 279 0 0 0 0 0 0 0 0 1 12 255 255 244 240 204 192 192 204 0 0 0 0 0 0 0 0 
[ 1121.578240] 
[ 1121.579756] MESSAGE_B= 7 7 4 225 0 18 192 64 248 179 0 0 266 0 266 266 257 266 274 0 0 0 0 0 0 0 0 1 12 255 255 244 240 201 190 190 201 0 0 0 0 0 0 0 0 
[ 1121.835231] 
[ 1121.836754] MESSAGE_B= 7 4 4 225 0 18 192 64 248 179 0 0 262 0 262 262 253 262 271 0 0 0 0 0 0 0 0 1 12 255 255 244 240 187 177 177 187 0 0 0 0 0 0 0 0 
[ 1122.092240] 
[ 1122.093867] MESSAGE_B= 7 7 4 226 0 18 192 64 248 179 0 0 266 0 266 266 257 266 274 0 0 0 0 0 0 0 0 1 12 255 255 244 240 201 190 190 201 0 0 0 0 0 0 0 0 
[ 1122.349246] 
[ 1122.350763] MESSAGE_B= 7 7 4 224 0 18 192 64 248 179 0 0 272 0 272 272 262 272 279 0 0 0 0 0 0 0 0 1 12 255 255 244 240 204 192 192 204 0 0 0 0 0 0 0 0 
[ 1122.606235] 
[ 1122.607753] MESSAGE_B= 7 4 4 226 0 18 192 64 248 179 0 0 261 0 261 261 254 261 271 0 0 0 0 0 0 0 0 1 12 255 255 244 240 180 170 170 180 0 0 0 0 0 0 0 0 
[ 1122.863233] 
[ 1122.864757] MESSAGE_B= 7 4 4 226 0 18 192 64 248 179 0 0 262 0 262 262 253 262 271 0 0 0 0 0 0 0 0 1 12 255 255 244 240 187 177 177 187 0 0 0 0 0 0 0 0 
[ 1123.120244] 
[ 1123.121761] MESSAGE_B= 7 7 4 224 0 18 192 64 248 179 0 0 269 0 269 269 260 269 277 0 0 0 0 0 0 0 0 1 12 255 255 244 240 204 192 192 204 0 0 0 0 0 0 0 0 
[ 1123.377237] 
[ 1123.378760] MESSAGE_B= 7 7 4 225 0 18 192 64 248 179 0 0 270 0 270 270 261 270 278 0 0 0 0 0 0 0 0 1 12 255 255 244 240 204 192 192 204 0 0 0 0 0 0 0 0 
[ 1123.634235] 
[ 1123.634257] MESSAGE_B= 7 4 4 226 0 18 192 64 248 179 0 0 262 0 262 262 254 262 271 0 0 0 0 0 0 0 0 1 12 255 255 244 240 187 177 177 187 0 0 0 0 0 0 0 0 
[ 1123.876235] 
[ 1123.877756] MESSAGE_B= 7 4 4 225 0 18 192 64 248 179 0 0 262 0 262 262 253 262 271 0 0 0 0 0 0 0 0 1 12 255 255 244 240 187 177 177 187 0 0 0 0 0 0 0 0 
[ 1124.133235] 
[ 1124.134776] MESSAGE_B= 7 4 4 225 0 18 192 64 248 179 0 0 260 0 259 260 257 260 274 0 0 0 0 0 0 0 0 1 12 255 255 240 240 91 82 88 93 0 0 0 0 0 0 0 0 
[ 1124.389235] 
[ 1124.390751] MESSAGE_B= 7 4 4 223 0 18 192 64 248 179 0 0 266 0 266 266 260 265 278 0 0 0 0 0 0 0 0 1 12 255 255 238 238 99 88 89 98 0 0 0 0 0 0 0 0 
[ 1124.645237] 
[ 1124.646775] MESSAGE_B= 7 4 4 224 0 18 192 64 248 179 0 0 266 0 267 266 260 267 278 0 0 0 0 0 0 0 0 1 12 255 255 240 240 102 91 95 102 0 0 0 0 0 0 0 0 
[ 1124.902230] 
[ 1124.903751] MESSAGE_B= 7 4 4 225 0 18 192 64 248 179 0 0 262 0 262 262 257 263 275 0 0 0 0 0 0 0 0 1 12 255 255 241 240 98 86 91 96 0 0 0 0 0 0 0 0 
[ 1125.158234] 
[ 1125.159751] MESSAGE_B= 7 4 4 224 0 18 192 64 248 179 0 0 267 0 267 267 261 267 279 0 0 0 0 0 0 0 0 1 12 255 255 240 240 108 95 100 108 0 0 0 0 0 0 0 0 
[ 1125.415227] 
[ 1125.416742] MESSAGE_B= 7 4 4 225 0 18 192 64 248 179 0 0 268 0 268 268 262 268 280 0 0 0 0 0 0 0 0 1 12 255 255 240 240 108 96 100 108 0 0 0 0 0 0 0 0 
[ 1125.672232] 
[ 1125.673746] MESSAGE_B= 7 4 4 225 0 18 192 64 248 179 0 0 262 0 262 262 258 263 276 0 0 0 0 0 0 0 0 1 12 255 255 241 240 100 89 93 100 0 0 0 0 0 0 0 0 
[ 1125.929229] 
[ 1125.930744] MESSAGE_B= 7 4 4 225 0 18 192 64 248 179 0 0 261 0 262 262 257 262 276 0 0 0 0 0 0 0 0 1 12 255 255 241 240 106 95 99 106 0 0 0 0 0 0 0 0 
[ 1126.186231] 
[ 1126.187746] MESSAGE_B= 7 4 4 224 0 18 192 64 248 179 0 0 266 0 266 266 261 266 279 0 0 0 0 0 0 0 0 1 12 255 255 240 240 100 89 93 100 0 0 0 0 0 0 0 0 
[ 1126.443228] 
[ 1126.444752] MESSAGE_B= 7 4 4 225 0 18 192 64 248 179 0 0 261 0 262 262 257 262 276 0 0 0 0 0 0 0 0 1 12 255 255 241 240 106 95 99 106 0 0 0 0 0 0 0 0 
[ 1126.700232] 
[ 1126.701753] MESSAGE_B= 7 4 4 224 0 18 192 64 248 179 0 0 262 0 262 262 258 262 275 0 0 0 0 0 0 0 0 1 12 255 255 241 240 100 89 93 100 0 0 0 0 0 0 0 0 
[ 1126.957232] 
[ 1126.958748] MESSAGE_B= 7 4 4 225 0 18 192 64 248 179 0 0 268 0 268 268 262 268 280 0 0 0 0 0 0 0 0 1 12 255 255 240 240 108 96 100 108 0 0 0 0 0 0 0 0 
[ 1127.214231] 
[ 1127.215747] MESSAGE_B= 7 4 4 224 0 18 192 64 248 179 0 0 268 0 268 268 262 268 280 0 0 0 0 0 0 0 0 1 12 255 255 240 240 108 96 100 108 0 0 0 0 0 0 0 0 
[ 1127.471229] 
[ 1127.472747] MESSAGE_B= 7 4 4 225 0 18 192 64 248 179 0 0 261 0 262 262 257 262 276 0 0 0 0 0 0 0 0 1 12 255 255 241 240 106 95 99 106 0 0 0 0 0 0 0 0 
[ 1127.729232] 
[ 1127.730748] MESSAGE_B= 7 4 4 224 0 18 192 64 248 179 0 0 262 0 262 262 258 262 276 0 0 0 0 0 0 0 0 1 12 255 255 241 240 100 89 93 100 0 0 0 0 0 0 0 0 
[ 1127.986233] 
[ 1127.987774] MESSAGE_B= 7 4 4 225 0 18 192 64 248 179 0 0 268 0 268 268 262 268 280 0 0 0 0 0 0 0 0 1 12 255 255 240 240 108 96 100 108 0 0 0 0 0 0 0 0 
[ 1128.243230] 
[ 1128.244752] MESSAGE_B= 7 4 4 224 0 18 192 64 248 179 0 0 262 0 262 262 258 262 276 0 0 0 0 0 0 0 0 1 12 255 255 241 240 100 89 93 100 0 0 0 0 0 0 0 0 
[ 1128.500229] 
[ 1128.501750] MESSAGE_B= 7 4 4 225 0 18 192 64 248 179 0 0 263 0 263 263 258 263 276 0 0 0 0 0 0 0 0 1 12 255 255 241 240 100 89 93 100 0 0 0 0 0 0 0 0 
[ 1128.636235] 
[ 1128.637754] MESSAGE_B= 7 4 4 225 0 18 192 64 248 179 0 0 262 0 262 262 258 262 276 0 0 0 0 0 0 0 0 1 12 255 255 241 240 100 89 93 100 0 0 0 0 0 0 0 0 
[ 1128.772228] 
[ 1128.773743] MESSAGE_B= 7 4 4 224 0 18 192 64 248 179 0 0 262 0 262 262 258 263 276 0 0 0 0 0 0 0 0 1 12 255 255 241 240 100 89 93 100 0 0 0 0 0 0 0 0 
[ 1128.908229] 
[ 1128.909743] MESSAGE_B= 7 4 4 225 0 18 192 64 248 179 0 0 261 0 262 262 257 262 276 0 0 0 0 0 0 0 0 1 12 255 255 241 240 106 95 99 106 0 0 0 0 0 0 0 0 
[ 1129.044231] 
[ 1129.045746] MESSAGE_B= 7 4 4 225 0 18 192 64 248 179 0 0 267 0 267 267 262 267 279 0 0 0 0 0 0 0 0 1 12 255 255 240 240 92 82 86 92 0 0 0 0 0 0 0 0 
[ 1129.542230] 
[ 1129.543745] MESSAGE_B= 7 4 4 225 0 18 192 64 248 179 0 0 262 0 261 261 257 261 274 0 0 0 0 0 0 0 0 1 12 255 255 240 240 100 89 93 100 0 0 0 0 0 0 0 0 
[ 1129.799230] 
[ 1129.800746] MESSAGE_B= 7 4 4 225 0 18 192 64 248 179 0 0 261 0 262 262 257 262 276 0 0 0 0 0 0 0 0 1 12 255 255 241 240 100 89 93 100 0 0 0 0 0 0 0 0 
[ 1130.056232] 
[ 1130.057748] MESSAGE_B= 7 4 4 225 0 17 192 64 248 179 0 0 262 0 261 261 257 261 274 0 0 0 0 0 0 0 0 1 12 255 255 240 240 100 89 93 100 0 0 0 0 0 0 0 0 
[ 1130.313232] 
[ 1130.314747] MESSAGE_B= 7 4 4 225 0 18 192 64 248 179 0 0 261 0 262 262 257 262 276 0 0 0 0 0 0 0 0 1 12 255 255 241 240 100 89 93 100 0 0 0 0 0 0 0 0 
[ 1130.570232] 
[ 1130.571748] MESSAGE_B= 7 4 4 225 0 18 192 64 248 179 0 0 267 0 267 267 262 267 279 0 0 0 0 0 0 0 0 1 12 255 255 240 240 92 82 86 92 0 0 0 0 0 0 0 0 
[ 1130.826230] 
[ 1130.827753] MESSAGE_B= 7 4 4 225 0 18 192 64 248 179 0 0 261 0 262 262 257 262 276 0 0 0 0 0 0 0 0 1 12 255 255 241 240 100 89 93 100 0 0 0 0 0 0 0 0 
[ 1131.083228] 
[ 1131.084773] MESSAGE_B= 7 4 4 225 0 18 192 64 248 179 0 0 260 0 260 260 256 260 274 0 0 0 0 0 0 0 0 1 12 255 255 240 240 89 81 85 89 0 0 0 0 0 0 0 0 
[ 1131.339235] 
[ 1131.340753] MESSAGE_B= 7 4 4 225 0 18 192 64 248 179 0 0 268 0 268 268 262 268 280 0 0 0 0 0 0 0 0 1 12 255 255 240 240 108 96 100 108 0 0 0 0 0 0 0 0 
[ 1131.596229] 
[ 1131.597745] MESSAGE_B= 7 4 4 225 0 18 192 64 248 179 0 0 268 0 268 268 263 268 280 0 0 0 0 0 0 0 0 1 12 255 255 240 240 82 73 78 82 0 0 0 0 0 0 0 0 
[ 1131.852230] 
[ 1131.853746] MESSAGE_B= 7 4 4 225 0 18 192 64 248 179 0 0 262 0 262 262 258 262 276 0 0 0 0 0 0 0 0 1 12 255 255 241 240 100 89 93 100 0 0 0 0 0 0 0 0 
[ 1132.109235] 
[ 1132.110755] MESSAGE_B= 7 4 4 225 0 18 192 64 248 179 0 0 268 0 268 268 263 268 280 0 0 0 0 0 0 0 0 1 12 255 255 240 240 82 73 78 82 0 0 0 0 0 0 0 0 
[ 1132.366229] 
[ 1132.367745] MESSAGE_B= 7 4 4 225 0 18 192 64 248 179 0 0 268 0 268 268 262 268 280 0 0 0 0 0 0 0 0 1 12 255 255 240 240 108 96 100 108 0 0 0 0 0 0 0 0 
[ 1132.623234] 
[ 1132.624750] MESSAGE_B= 7 4 4 225 0 18 192 64 248 179 0 0 259 0 259 259 256 259 274 0 0 0 0 0 0 0 0 1 12 255 255 241 240 95 83 88 95 0 0 0 0 0 0 0 0 
[ 1132.879229] 
[ 1132.880744] MESSAGE_B= 7 4 4 225 0 18 192 64 248 179 0 0 262 0 262 262 258 262 276 0 0 0 0 0 0 0 0 1 12 255 255 241 240 100 89 93 100 0 0 0 0 0 0 0 0 
[ 1133.136231] 
[ 1133.137747] MESSAGE_B= 7 4 4 225 0 18 192 64 248 179 0 0 266 0 266 266 261 266 279 0 0 0 0 0 0 0 0 1 12 255 255 240 240 108 95 100 108 0 0 0 0 0 0 0 0 
[ 1133.393232] 
[ 1133.394775] MESSAGE_B= 7 4 4 225 0 18 192 64 248 179 0 0 267 0 267 267 262 267 279 0 0 0 0 0 0 0 0 1 12 255 255 240 240 108 96 100 108 0 0 0 0 0 0 0 0 
[ 1133.650228] 
[ 1133.651748] MESSAGE_B= 7 4 4 225 0 18 192 64 248 179 0 0 262 0 262 262 258 262 276 0 0 0 0 0 0 0 0 1 12 255 255 241 240 100 89 93 100 0 0 0 0 0 0 0 0 
[ 1133.907231] 
[ 1133.908747] MESSAGE_B= 7 4 4 225 0 18 192 64 248 179 0 0 267 0 267 267 262 267 279 0 0 0 0 0 0 0 0 1 12 255 255 240 240 108 96 100 108 0 0 0 0 0 0 0 0 
[ 1134.164229] 
[ 1134.165744] MESSAGE_B= 7 7 4 223 0 19 192 64 248 179 0 0 266 0 265 265 257 265 278 0 0 0 0 0 0 0 0 1 12 255 255 244 240 204 192 193 204 0 0 0 0 0 0 0 0 
[ 1134.421231] 
[ 1134.422747] MESSAGE_B= 7 4 4 223 0 18 192 64 248 179 0 0 258 0 259 259 252 259 273 0 0 0 0 0 0 0 0 1 12 255 255 244 240 197 184 184 197 0 0 0 0 0 0 0 0 
[ 1134.678231] 
[ 1134.679745] MESSAGE_B= 7 4 4 224 0 18 192 64 248 179 0 0 258 0 259 259 253 258 274 0 0 0 0 0 0 0 0 1 12 255 255 238 240 189 180 182 189 0 0 0 0 0 0 0 0 
[ 1134.935229] 
[ 1134.936749] MESSAGE_B= 7 7 4 224 0 18 192 64 248 179 0 0 270 0 270 270 260 269 281 0 0 0 0 0 0 0 0 1 12 255 255 243 240 203 190 190 203 0 0 0 0 0 0 0 0 
[ 1135.192230] 
[ 1135.193750] MESSAGE_B= 7 4 4 224 0 18 192 64 248 179 0 0 261 0 261 261 253 261 274 0 0 0 0 0 0 0 0 1 12 255 255 244 240 193 182 182 193 0 0 0 0 0 0 0 0 
[ 1135.449234] 
[ 1135.450749] MESSAGE_B= 7 4 4 225 0 18 192 64 248 179 0 0 261 0 261 261 253 261 274 0 0 0 0 0 0 0 0 1 12 255 255 244 240 193 182 182 193 0 0 0 0 0 0 0 0 
[ 1135.706231] 
[ 1135.707746] MESSAGE_B= 7 7 4 224 0 18 192 64 248 179 0 0 272 0 272 272 262 272 283 0 0 0 0 0 0 0 0 1 12 255 255 244 240 204 193 192 204 0 0 0 0 0 0 0 0 
[ 1135.963231] 
[ 1135.964747] MESSAGE_B= 7 7 4 224 0 18 192 64 248 179 0 0 270 0 270 270 261 270 282 0 0 0 0 0 0 0 0 1 12 255 255 244 240 204 192 192 204 0 0 0 0 0 0 0 0 
[ 1136.220228] 
[ 1136.221745] MESSAGE_B= 7 4 4 225 0 18 192 64 248 179 0 0 260 0 260 260 252 260 273 0 0 0 0 0 0 0 0 1 12 255 255 244 240 193 182 182 193 0 0 0 0 0 0 0 0 
[ 1136.477233] 
[ 1136.478748] MESSAGE_B= 7 4 4 226 0 18 192 64 248 179 0 0 261 0 261 261 253 261 274 0 0 0 0 0 0 0 0 1 12 255 255 244 240 193 182 182 193 0 0 0 0 0 0 0 0 
[ 1136.734234] 
[ 1136.735756] MESSAGE_B= 7 7 4 224 0 18 192 64 248 179 0 0 271 0 271 271 261 271 282 0 0 0 0 0 0 0 0 1 12 255 255 244 240 204 192 192 204 0 0 0 0 0 0 0 0 
[ 1136.991235] 
[ 1136.992752] MESSAGE_B= 7 4 4 224 0 18 192 64 248 179 0 0 261 0 261 261 253 261 274 0 0 0 0 0 0 0 0 1 12 255 255 244 240 193 182 182 193 0 0 0 0 0 0 0 0 
[ 1137.248228] 
[ 1137.249745] MESSAGE_B= 7 4 4 225 0 18 192 64 248 179 0 0 259 0 259 259 252 259 273 0 0 0 0 0 0 0 0 1 12 255 255 244 240 193 182 182 193 0 0 0 0 0 0 0 0 
[ 1137.505236] 
[ 1137.506752] MESSAGE_B= 7 7 4 224 0 18 192 64 248 179 0 0 270 0 270 270 261 270 282 0 0 0 0 0 0 0 0 1 12 255 255 244 240 204 192 192 204 0 0 0 0 0 0 0 0 
[ 1137.762230] 
[ 1137.763746] MESSAGE_B= 7 7 4 224 0 18 192 64 248 179 0 0 271 0 271 271 261 271 282 0 0 0 0 0 0 0 0 1 12 255 255 244 240 204 192 192 204 0 0 0 0 0 0 0 0 
[ 1138.019232] 
[ 1138.020749] MESSAGE_B= 7 4 4 226 0 18 192 64 248 179 0 0 261 0 261 261 253 261 274 0 0 0 0 0 0 0 0 1 12 255 255 244 240 193 182 182 193 0 0 0 0 0 0 0 0 
[ 1138.276230] 
[ 1138.277754] MESSAGE_B= 7 4 4 225 0 18 192 64 248 179 0 0 260 0 260 260 252 260 273 0 0 0 0 0 0 0 0 1 12 255 255 244 240 193 182 182 193 0 0 0 0 0 0 0 0 
[ 1138.533236] 
[ 1138.534757] MESSAGE_B= 7 7 4 224 0 18 192 64 248 179 0 0 272 0 272 272 262 272 283 0 0 0 0 0 0 0 0 1 12 255 255 244 240 204 193 192 204 0 0 0 0 0 0 0 0 
[ 1138.790232] 
[ 1138.791747] MESSAGE_B= 7 4 4 225 0 18 192 64 248 179 0 0 260 0 260 260 252 260 273 0 0 0 0 0 0 0 0 1 12 255 255 244 240 193 182 182 193 0 0 0 0 0 0 0 0 
[ 1139.047231] 
[ 1139.048746] MESSAGE_B= 7 4 4 225 0 18 192 64 248 179 0 0 261 0 260 261 252 261 273 0 0 0 0 0 0 0 0 1 12 255 255 244 240 196 183 184 197 0 0 0 0 0 0 0 0 
[ 1139.304233] 
[ 1139.305751] MESSAGE_B= 7 7 4 224 0 18 192 64 248 179 0 0 271 0 271 271 261 271 282 0 0 0 0 0 0 0 0 1 12 255 255 244 240 204 192 192 204 0 0 0 0 0 0 0 0 
[ 1139.561239] 
[ 1139.562756] MESSAGE_B= 7 7 4 224 0 18 192 64 248 179 0 0 271 0 271 271 261 271 282 0 0 0 0 0 0 0 0 1 12 255 255 244 240 204 193 192 204 0 0 0 0 0 0 0 0 
[ 1139.818232] 
[ 1139.819755] MESSAGE_B= 7 4 4 225 0 18 192 64 248 179 0 0 261 0 261 261 253 261 274 0 0 0 0 0 0 0 0 1 12 255 255 244 240 193 182 182 193 0 0 0 0 0 0 0 0 
[ 1140.075234] 
[ 1140.076811] MESSAGE_B= 7 7 4 225 0 18 192 64 248 179 0 0 271 0 271 271 261 271 282 0 0 0 0 0 0 0 0 1 12 255 255 244 240 204 193 192 204 0 0 0 0 0 0 0 0 
[ 1140.332232] 
[ 1140.333749] MESSAGE_B= 7 7 4 224 0 18 192 64 248 179 0 0 271 0 271 271 261 271 282 0 0 0 0 0 0 0 0 1 12 255 255 244 240 204 192 192 204 0 0 0 0 0 0 0 0 
[ 1140.589233] 
[ 1140.590754] MESSAGE_B= 7 7 4 225 0 18 192 64 248 179 0 0 259 0 259 259 251 260 272 0 0 0 0 0 0 0 0 1 12 255 255 244 240 199 186 186 199 0 0 0 0 0 0 0 0 
[ 1140.846235] 
[ 1140.847750] MESSAGE_B= 7 4 4 225 0 18 192 64 248 179 0 0 261 0 261 261 253 261 274 0 0 0 0 0 0 0 0 1 12 255 255 244 240 193 182 182 193 0 0 0 0 0 0 0 0 
[ 1141.103236] 
[ 1141.104751] MESSAGE_B= 7 7 4 224 0 18 192 64 248 179 0 0 264 0 264 264 256 264 277 0 0 0 0 0 0 0 0 1 12 255 255 244 240 204 192 192 204 0 0 0 0 0 0 0 0 
[ 1141.360233] 
[ 1141.361752] MESSAGE_B= 7 7 4 224 0 18 192 64 248 179 0 0 271 0 271 271 261 271 282 0 0 0 0 0 0 0 0 1 12 255 255 244 240 204 192 192 204 0 0 0 0 0 0 0 0 
[ 1141.617234] 
[ 1141.618760] MESSAGE_B= 7 4 4 225 0 18 192 64 248 179 0 0 260 0 260 260 252 260 273 0 0 0 0 0 0 0 0 1 12 255 255 244 240 180 170 170 180 0 0 0 0 0 0 0 0 
[ 1141.874234] 
[ 1141.875751] MESSAGE_B= 7 7 4 225 0 18 192 64 248 179 0 0 271 0 271 271 261 271 282 0 0 0 0 0 0 0 0 1 12 255 255 244 240 204 192 192 204 0 0 0 0 0 0 0 0 
[ 1142.131233] 
[ 1142.132749] MESSAGE_B= 7 7 4 224 0 18 192 64 248 179 0 0 271 0 270 270 261 270 282 0 0 0 0 0 0 0 0 1 12 255 255 243 240 204 192 192 204 0 0 0 0 0 0 0 0 
[ 1142.388235] 
[ 1142.389753] MESSAGE_B= 7 4 4 225 0 18 192 64 248 179 0 0 261 0 261 261 253 261 274 0 0 0 0 0 0 0 0 1 12 255 255 244 240 193 182 182 193 0 0 0 0 0 0 0 0 
[ 1142.645240] 
[ 1142.646756] MESSAGE_B= 7 4 4 225 0 18 192 64 248 179 0 0 261 0 261 261 253 261 274 0 0 0 0 0 0 0 0 1 12 255 255 244 240 193 182 182 193 0 0 0 0 0 0 0 0 
[ 1142.902240] 
[ 1142.903759] MESSAGE_B= 7 7 4 224 0 18 192 64 248 179 0 0 270 0 270 270 260 270 282 0 0 0 0 0 0 0 0 1 12 255 255 244 240 204 192 192 204 0 0 0 0 0 0 0 0 
[ 1143.159238] 
[ 1143.160765] MESSAGE_B= 7 7 4 224 0 18 192 64 248 179 0 0 271 0 271 271 261 271 282 0 0 0 0 0 0 0 0 1 12 255 255 243 240 204 192 192 204 0 0 0 0 0 0 0 0 
[ 1143.416235] 
[ 1143.417758] MESSAGE_B= 7 4 4 225 0 18 192 64 248 179 0 0 261 0 261 261 253 261 274 0 0 0 0 0 0 0 0 1 12 255 255 244 240 193 182 182 193 0 0 0 0 0 0 0 0 
[ 1143.673240] 
[ 1143.674757] MESSAGE_B= 7 7 4 224 0 18 192 64 248 179 0 0 271 0 271 271 261 271 282 0 0 0 0 0 0 0 0 1 12 255 255 243 240 204 192 192 204 0 0 0 0 0 0 0 0 
[ 1143.930237] 
[ 1143.931754] MESSAGE_B= 7 7 4 224 0 18 192 64 248 179 0 0 270 0 270 270 261 270 282 0 0 0 0 0 0 0 0 1 12 255 255 244 240 204 192 192 204 0 0 0 0 0 0 0 0 
[ 1144.187248] 
[ 1144.188770] MESSAGE_B= 7 4 4 227 0 22 192 64 248 179 0 1354 1354 1354 1354 1377 1401 1397 1377 527 527 527 527 550 555 554 550 0 12 255 255 253 252 0 211 225 0 0 0 0 0 2 2 2 2 
[ 1144.446237] 
[ 1144.447753] MESSAGE_B= 7 7 4 227 8 15 192 64 248 179 0 0 0 0 0 0 0 0 0 0 0 0 0 0 0 0 0 1 12 0 0 0 0 0 0 0 0 1 1 1 1 1 1 1 1 
[ 1144.700239] 
[ 1144.701767] MESSAGE_B= 7 7 4 244 11 17 192 64 248 179 0 0 0 0 0 0 0 0 0 0 0 0 0 0 0 0 0 1 12 0 0 0 0 0 0 0 0 1 1 1 1 1 1 1 1 
[ 1144.954247] 
[ 1144.955766] MESSAGE_B= 7 7 4 245 11 17 192 64 248 179 0 0 0 0 0 0 0 0 0 0 0 0 0 0 0 0 0 1 12 0 0 0 0 0 0 0 0 1 1 1 1 1 1 1 1 
[ 1145.208238] 
[ 1145.209760] MESSAGE_B= 7 7 4 245 11 17 192 64 248 179 0 0 0 0 0 0 0 0 0 0 0 0 0 0 0 0 0 1 12 0 0 0 0 0 0 0 0 1 1 1 1 1 1 1 1 
[ 1145.462244] 
[ 1145.463762] MESSAGE_B= 7 4 4 221 0 8 192 64 248 179 0 1114 1114 1114 1112 1122 1163 1163 1123 205 206 204 208 213 279 280 210 0 12 255 255 201 200 46 1 7 21 0 0 0 0 2 2 2 2 
[ 1145.721237] 
[ 1145.722757] MESSAGE_B= 7 4 4 227 0 20 192 64 248 179 0 1194 1193 1194 1194 1206 1234 1231 1209 324 320 325 322 341 372 370 345 0 12 255 255 243 245 31 44 37 22 0 0 0 0 2 2 2 2 
[ 1145.980233] 
[ 1145.981750] MESSAGE_B= 7 4 4 222 0 22 192 64 248 179 0 1192 1192 1192 1192 1189 1217 1212 1190 326 325 326 326 323 349 350 322 0 12 255 255 243 242 50 40 33 42 0 0 0 0 2 2 2 2 
[ 1146.239231] 
[ 1146.240748] MESSAGE_B= 7 4 4 221 0 23 192 64 248 179 0 1189 1188 1188 1189 1196 1214 1214 1197 387 389 388 388 404 417 417 400 0 12 255 255 248 248 26 115 127 26 0 0 0 0 2 2 2 2 
[ 1146.498234] 
[ 1146.499750] MESSAGE_B= 7 4 4 221 0 23 192 64 248 179 0 1189 1189 1189 1189 1199 1219 1218 1199 393 394 394 393 410 426 426 409 0 12 255 255 248 248 26 119 128 100 0 0 0 0 2 2 2 2 
[ 1146.757236] 
[ 1146.758754] MESSAGE_B= 7 4 4 221 0 23 192 64 248 179 0 1197 1197 1197 1197 1197 1221 1220 1197 331 331 331 331 332 358 360 332 0 12 255 255 243 243 60 48 43 60 0 0 0 0 2 2 2 2 
[ 1147.016232] 
[ 1147.017757] MESSAGE_B= 7 4 4 223 0 23 192 64 248 179 0 1194 1194 1195 1195 1197 1222 1221 1197 332 332 330 330 334 360 362 335 0 12 255 255 243 243 22 36 32 49 0 0 0 0 2 2 2 2 
[ 1147.275232] 
[ 1147.276754] MESSAGE_B= 7 4 4 222 0 23 192 64 248 179 0 1197 1197 1197 1195 1206 1226 1225 1205 392 392 392 394 410 425 425 408 0 12 255 255 248 248 28 89 107 28 0 0 0 0 2 2 2 2 
[ 1147.534239] 
[ 1147.535761] MESSAGE_B= 7 4 4 222 0 24 192 64 248 179 0 1188 1188 1188 1189 1195 1218 1212 1195 387 387 387 385 398 416 415 400 0 12 255 255 249 247 1 128 134 1 0 0 0 0 2 2 2 2 
[ 1147.793235] 
[ 1147.794752] MESSAGE_B= 7 4 4 222 0 23 192 64 248 179 0 1197 1197 1197 1195 1206 1226 1225 1205 392 392 392 394 410 425 425 408 0 12 255 255 248 248 28 89 107 28 0 0 0 0 2 2 2 2 
[ 1148.052233] 
[ 1148.053751] MESSAGE_B= 7 4 4 224 0 24 192 64 248 179 0 1190 1190 1189 1190 1188 1216 1211 1189 321 320 323 322 325 350 351 323 0 12 255 255 243 242 46 40 35 48 0 0 0 0 2 2 2 2 
[ 1148.311236] 
[ 1148.312753] MESSAGE_B= 7 4 4 223 0 23 192 64 248 179 0 1196 1196 1196 1196 1195 1220 1219 1195 330 332 332 332 333 360 361 335 0 12 255 255 243 243 105 69 61 109 0 0 0 0 2 2 2 2 
[ 1148.570233] 
[ 1148.571750] MESSAGE_B= 7 4 4 222 0 24 192 64 248 179 0 1199 1198 1199 1197 1209 1229 1229 1208 406 408 406 408 421 438 437 420 0 12 255 255 248 248 26 123 129 100 0 0 0 0 2 2 2 2 
[ 1148.829230] 
[ 1148.830747] MESSAGE_B= 7 4 4 222 0 23 192 64 248 179 0 1196 1196 1196 1194 1205 1224 1223 1204 392 392 392 395 409 428 427 409 0 12 255 255 248 248 28 89 107 28 0 0 0 0 2 2 2 2 
[ 1149.088235] 
[ 1149.089755] MESSAGE_B= 7 4 4 224 0 23 192 64 248 179 0 1194 1194 1194 1194 1193 1220 1215 1192 327 325 325 325 331 355 356 329 0 12 255 255 243 242 17 35 27 28 0 0 0 0 2 2 2 2 
[ 1149.347233] 
[ 1149.348771] MESSAGE_B= 7 4 4 223 0 23 192 64 248 179 0 1197 1197 1197 1197 1196 1221 1220 1196 329 330 330 330 332 358 359 333 0 12 255 255 243 243 104 75 65 109 0 0 0 0 2 2 2 2 
[ 1149.606241] 
[ 1149.607757] MESSAGE_B= 7 4 4 222 0 23 192 64 248 179 0 1198 1198 1198 1197 1209 1229 1229 1208 407 407 407 407 419 437 436 418 0 12 255 255 248 248 26 123 129 100 0 0 0 0 2 2 2 2 
[ 1149.865229] 
[ 1149.866746] MESSAGE_B= 7 4 4 222 0 23 192 64 248 179 0 1198 1198 1198 1198 1209 1229 1228 1209 399 399 399 400 417 437 435 419 0 12 255 255 249 248 28 86 107 28 0 0 0 0 2 2 2 2 
[ 1150.124235] 
[ 1150.125752] MESSAGE_B= 7 4 4 222 0 24 192 64 248 179 0 1192 1192 1192 1193 1191 1219 1214 1191 329 328 328 327 329 356 357 329 0 12 255 255 242 243 44 35 29 30 0 0 0 0 2 2 2 2 
[ 1150.383232] 
[ 1150.384758] MESSAGE_B= 7 4 4 223 0 23 192 64 248 179 0 1200 1200 1200 1200 1200 1225 1224 1200 328 328 328 328 334 359 361 335 0 12 255 255 243 243 104 82 73 105 0 0 0 0 2 2 2 2 
[ 1150.642241] 
[ 1150.642263] MESSAGE_B= 7 4 4 223 0 23 192 64 248 179 0 1195 1195 1195 1195 1195 1220 1219 1195 331 331 331 331 334 358 361 333 0 12 255 255 243 244 65 45 39 62 0 0 0 0 2 2 2 2 
[ 1150.884236] 
[ 1150.885759] MESSAGE_B= 7 4 4 222 0 23 192 64 248 179 0 1200 1200 1200 1200 1200 1225 1224 1200 328 328 328 328 334 359 361 335 0 12 255 255 243 243 104 82 73 105 0 0 0 0 2 2 2 2 
[ 1151.143239] 
[ 1151.144756] MESSAGE_B= 7 4 4 223 0 24 192 64 248 179 0 1195 1195 1195 1195 1195 1220 1219 1195 331 331 331 331 334 358 361 333 0 12 255 255 243 244 65 45 39 62 0 0 0 0 2 2 2 2 
[ 1151.402232] 
[ 1151.403751] MESSAGE_B= 7 4 4 222 0 23 192 64 248 179 0 1198 1198 1198 1198 1209 1229 1228 1209 399 399 399 400 417 437 435 419 0 12 255 255 249 248 28 86 107 28 0 0 0 0 2 2 2 2 
[ 1151.661236] 
[ 1151.662751] MESSAGE_B= 7 4 4 222 0 24 192 64 248 179 0 1193 1193 1193 1193 1201 1220 1219 1201 389 389 389 389 403 419 418 403 0 12 255 255 249 248 28 94 115 28 0 0 0 0 2 2 2 2 
[ 1151.920235] 
[ 1151.921751] MESSAGE_B= 7 4 4 223 0 23 192 64 248 179 0 1199 1199 1199 1199 1199 1224 1223 1199 329 329 329 329 335 360 362 335 0 12 255 255 243 243 105 78 70 105 0 0 0 0 2 2 2 2 
[ 1152.179232] 
[ 1152.180750] MESSAGE_B= 7 4 4 223 0 24 192 64 248 179 0 1198 1198 1198 1198 1199 1224 1223 1199 330 330 330 330 333 359 362 333 0 12 255 255 242 243 104 71 62 104 0 0 0 0 2 2 2 2 
[ 1152.438232] 
[ 1152.439747] MESSAGE_B= 7 4 4 222 0 23 192 64 248 179 0 1194 1194 1194 1195 1204 1224 1222 1204 395 395 395 393 409 426 427 410 0 12 255 255 248 248 28 86 107 28 0 0 0 0 2 2 2 2 
[ 1152.697231] 
[ 1152.698747] MESSAGE_B= 7 4 4 222 0 24 192 64 248 179 0 1193 1193 1193 1193 1201 1220 1219 1201 389 389 389 389 403 419 418 403 0 12 255 255 249 248 28 94 115 28 0 0 0 0 2 2 2 2 
[ 1152.956239] 
[ 1152.957758] MESSAGE_B= 7 4 4 223 0 23 192 64 248 179 0 1192 1192 1192 1192 1191 1214 1214 1192 324 325 325 325 328 354 352 326 0 12 255 255 243 244 73 65 56 73 0 0 0 0 2 2 2 2 
[ 1153.215234] 
[ 1153.216758] MESSAGE_B= 7 4 4 223 0 23 192 64 248 179 0 1197 1197 1197 1197 1199 1224 1224 1199 332 332 332 332 336 362 362 336 0 12 255 255 243 244 55 58 52 55 0 0 0 0 2 2 2 2 
[ 1153.474234] 
[ 1153.475753] MESSAGE_B= 7 4 4 222 0 23 192 64 248 179 0 1189 1189 1189 1189 1200 1220 1219 1200 394 394 394 394 410 425 426 409 0 12 255 255 248 248 26 112 128 100 0 0 0 0 2 2 2 2 
[ 1153.733241] 
[ 1153.734762] MESSAGE_B= 7 4 4 222 0 24 192 64 248 179 0 1192 1192 1192 1190 1200 1219 1218 1199 388 388 388 391 402 417 417 402 0 12 255 255 248 248 21 107 118 21 0 0 0 0 2 2 2 2 
[ 1153.992240] 
[ 1153.993763] MESSAGE_B= 7 4 4 222 0 23 192 64 248 179 0 1189 1189 1189 1189 1200 1219 1218 1199 394 394 394 394 408 427 426 408 0 12 255 255 248 248 26 119 128 100 0 0 0 0 2 2 2 2 
[ 1154.251230] 
[ 1154.252747] MESSAGE_B= 7 4 4 224 0 23 192 64 248 179 0 1197 1197 1197 1197 1197 1221 1220 1197 331 331 331 331 332 358 360 332 0 12 255 255 243 243 60 48 43 60 0 0 0 0 2 2 2 2 
[ 1154.510232] 
[ 1154.511748] MESSAGE_B= 7 4 4 224 0 23 192 64 248 179 0 1194 1194 1195 1195 1197 1222 1221 1197 332 332 330 331 334 360 362 335 0 12 255 255 243 243 22 36 32 47 0 0 0 0 2 2 2 2 
[ 1154.769231] 
[ 1154.770747] MESSAGE_B= 7 4 4 222 0 23 192 64 248 179 0 1197 1197 1197 1195 1206 1226 1225 1205 392 392 392 394 410 425 425 408 0 12 255 255 248 248 28 89 107 28 0 0 0 0 2 2 2 2 
[ 1155.028236] 
[ 1155.029752] MESSAGE_B= 7 4 4 222 0 24 192 64 248 179 0 1188 1188 1188 1189 1195 1218 1212 1195 387 387 387 385 398 416 415 400 0 12 255 255 249 247 1 128 134 1 0 0 0 0 2 2 2 2 
[ 1155.287229] 
[ 1155.288746] MESSAGE_B= 7 4 4 223 0 23 192 64 248 179 0 1196 1196 1196 1196 1196 1220 1220 1196 332 332 332 332 332 359 358 331 0 12 255 255 243 244 105 73 63 109 0 0 0 0 2 2 2 2 
[ 1155.546232] 
[ 1155.547751] MESSAGE_B= 7 4 4 224 0 24 192 64 248 179 0 1256 1256 1256 1255 1269 1308 1311 1269 377 377 376 378 409 436 441 410 0 12 255 255 240 243 0 31 86 0 0 0 0 0 2 2 2 2 
[ 1155.805232] 
[ 1155.806778] MESSAGE_B= 7 4 4 223 0 24 192 64 248 179 0 1248 1248 1248 1248 1277 1323 1331 1280 446 444 445 443 497 517 521 493 0 12 255 255 238 241 0 207 254 0 0 0 0 0 2 2 2 2 
[ 1156.064235] 
[ 1156.065755] MESSAGE_B= 7 4 4 223 0 24 192 64 248 179 0 1245 1245 1246 1245 1273 1317 1321 1271 436 439 437 437 486 506 511 486 0 12 255 255 238 242 0 198 253 0 0 0 0 0 2 2 2 2 
[ 1156.323232] 
[ 1156.324750] MESSAGE_B= 7 4 4 225 0 24 192 64 248 179 0 1263 1263 1263 1262 1275 1314 1317 1277 377 378 377 379 411 437 440 410 0 12 255 255 241 243 0 14 77 0 0 0 0 0 2 2 2 2 
[ 1156.582235] 
[ 1156.583756] MESSAGE_B= 7 4 4 224 0 24 192 64 248 179 0 1257 1258 1258 1258 1264 1303 1306 1265 383 381 381 381 417 444 445 416 0 12 255 255 241 243 0 36 92 0 0 0 0 0 2 2 2 2 
[ 1156.841233] 
[ 1156.842754] MESSAGE_B= 7 4 4 225 0 24 192 64 248 179 0 1250 1250 1250 1247 1272 1317 1321 1269 438 438 438 439 485 505 510 485 0 12 255 255 239 242 0 194 251 0 0 0 0 0 2 2 2 2 
[ 1157.100234] 
[ 1157.101758] MESSAGE_B= 7 4 4 224 0 24 192 64 248 179 0 1232 1232 1232 1230 1248 1289 1294 1245 435 435 435 434 476 500 504 479 0 12 255 255 239 242 0 190 250 0 0 0 0 0 2 2 2 2 
[ 1157.359231] 
[ 1157.360748] MESSAGE_B= 7 4 4 224 0 24 192 64 248 179 0 1247 1247 1247 1247 1268 1313 1317 1269 438 438 438 439 486 507 511 485 0 12 255 255 239 242 0 212 251 0 0 0 0 0 2 2 2 2 
[ 1157.618231] 
[ 1157.619750] MESSAGE_B= 7 4 4 225 0 24 192 64 248 179 0 1257 1257 1257 1257 1265 1303 1305 1265 381 381 381 381 415 444 446 415 0 12 255 255 241 243 0 31 90 0 0 0 0 0 2 2 2 2 
[ 1157.877233] 
[ 1157.878749] MESSAGE_B= 7 4 4 225 0 24 192 64 248 179 0 1259 1259 1259 1259 1269 1307 1309 1269 380 380 380 380 412 442 445 412 0 12 255 255 241 242 0 31 90 0 0 0 0 0 2 2 2 2 
[ 1158.136237] 
[ 1158.137754] MESSAGE_B= 7 4 4 223 0 24 192 64 248 179 0 1248 1248 1248 1246 1268 1315 1320 1266 451 451 451 453 497 516 521 498 0 12 255 255 239 242 0 208 251 0 0 0 0 0 2 2 2 2 
[ 1158.395232] 
[ 1158.396749] MESSAGE_B= 7 4 4 224 0 24 192 64 248 179 0 1247 1247 1247 1247 1268 1313 1317 1269 438 438 438 439 486 507 511 485 0 12 255 255 239 242 0 212 251 0 0 0 0 0 2 2 2 2 
[ 1158.654232] 
[ 1158.655749] MESSAGE_B= 7 4 4 224 0 24 192 64 248 179 0 1254 1254 1254 1254 1265 1302 1305 1264 380 380 380 378 411 442 443 411 0 12 255 255 241 243 0 41 100 0 0 0 0 0 2 2 2 2 
[ 1158.913231] 
[ 1158.914748] MESSAGE_B= 7 4 4 225 0 24 192 64 248 179 0 1259 1259 1259 1259 1269 1307 1309 1269 380 380 380 380 412 442 445 412 0 12 255 255 241 242 0 31 90 0 0 0 0 0 2 2 2 2 
[ 1159.172238] 
[ 1159.173757] MESSAGE_B= 7 4 4 223 0 24 192 64 248 179 0 1232 1232 1232 1232 1248 1290 1294 1248 435 435 435 435 479 500 505 479 0 12 255 255 239 242 0 213 252 0 0 0 0 0 2 2 2 2 
[ 1159.431232] 
[ 1159.432751] MESSAGE_B= 7 4 4 224 0 24 192 64 248 179 0 1247 1247 1247 1247 1268 1312 1317 1269 438 438 438 439 486 508 511 485 0 12 255 255 239 242 0 212 251 0 0 0 0 0 2 2 2 2 
[ 1159.690235] 
[ 1159.691756] MESSAGE_B= 7 4 4 223 0 24 192 64 248 179 0 1260 1260 1260 1260 1270 1308 1310 1270 378 378 378 378 412 443 445 412 0 12 255 255 241 242 0 36 92 0 0 0 0 0 2 2 2 2 
[ 1159.949231] 
[ 1159.950761] MESSAGE_B= 7 4 4 225 0 24 192 64 248 179 0 1261 1261 1261 1261 1270 1308 1310 1270 383 383 383 383 415 443 447 415 0 12 255 255 241 243 0 36 87 0 0 0 0 0 2 2 2 2 
[ 1160.208234] 
[ 1160.209756] MESSAGE_B= 7 4 4 225 0 24 192 64 248 179 0 1260 1260 1260 1260 1271 1309 1312 1271 380 380 380 380 411 440 442 411 0 12 255 255 240 242 0 36 92 0 0 0 0 0 2 2 2 2 
[ 1160.467232] 
[ 1160.468802] MESSAGE_B= 7 4 4 224 0 24 192 64 248 179 0 1248 1248 1248 1246 1268 1315 1320 1266 451 451 451 453 497 516 523 498 0 12 255 255 238 242 0 208 251 0 0 0 0 0 2 2 2 2 
[ 1160.726241] 
[ 1160.727760] MESSAGE_B= 7 4 4 224 0 24 192 64 248 179 0 1233 1233 1233 1231 1248 1289 1293 1245 434 434 434 433 477 501 506 479 0 12 255 255 239 242 0 194 251 0 0 0 0 0 2 2 2 2 
[ 1160.985238] 
[ 1160.986786] MESSAGE_B= 7 4 4 225 0 24 192 64 248 179 0 1254 1254 1254 1253 1262 1300 1303 1261 377 377 377 377 412 441 442 410 0 12 255 255 241 243 0 35 98 0 0 0 0 0 2 2 2 2 
[ 1161.244242] 
[ 1161.245759] MESSAGE_B= 7 4 4 225 0 24 192 64 248 179 0 1256 1256 1256 1256 1265 1304 1306 1265 378 378 378 378 413 440 444 413 0 12 255 255 240 242 0 50 112 0 0 0 0 0 2 2 2 2 
[ 1161.503234] 
[ 1161.504751] MESSAGE_B= 7 4 4 224 0 24 192 64 248 179 0 1248 1248 1247 1246 1267 1305 1321 1257 449 449 451 453 496 507 520 487 0 12 255 255 238 241 0 208 250 0 0 0 0 0 2 2 2 2 
[ 1161.762239] 
[ 1161.763757] MESSAGE_B= 7 4 4 224 0 24 192 64 248 179 0 1250 1250 1250 1247 1271 1316 1320 1269 437 437 437 439 486 506 510 485 0 12 255 255 239 242 0 194 251 0 0 0 0 0 2 2 2 2 
[ 1162.021239] 
[ 1162.022757] MESSAGE_B= 7 4 4 225 0 24 192 64 248 179 0 1257 1257 1257 1258 1267 1304 1306 1266 376 376 376 375 408 437 441 408 0 12 255 255 240 243 0 23 79 0 0 0 0 0 2 2 2 2 
[ 1162.280239] 
[ 1162.281756] MESSAGE_B= 7 4 4 225 0 24 192 64 248 179 0 1260 1260 1260 1260 1269 1308 1310 1269 379 379 379 379 414 441 445 414 0 12 255 255 241 243 0 36 92 0 0 0 0 0 2 2 2 2 
[ 1162.539234] 
[ 1162.540753] MESSAGE_B= 7 4 4 224 0 24 192 64 248 179 0 1236 1237 1237 1237 1257 1304 1308 1258 438 436 436 436 486 508 512 485 0 12 255 255 238 241 0 206 245 0 0 0 0 0 2 2 2 2 
[ 1162.798234] 
[ 1162.799758] MESSAGE_B= 7 4 4 223 0 24 192 64 248 179 0 1250 1250 1250 1247 1271 1316 1320 1269 437 437 437 439 486 506 510 485 0 12 255 255 239 242 0 194 251 0 0 0 0 0 2 2 2 2 
[ 1163.057240] 
[ 1163.058764] MESSAGE_B= 7 4 4 224 0 24 192 64 248 179 0 1253 1253 1253 1253 1262 1301 1303 1262 379 379 379 379 414 442 445 414 0 12 255 255 240 242 0 25 78 0 0 0 0 0 2 2 2 2 
[ 1163.316238] 
[ 1163.317760] MESSAGE_B= 7 4 4 225 0 24 192 64 248 179 0 1260 1260 1260 1260 1269 1308 1310 1269 379 379 379 379 414 441 445 414 0 12 255 255 241 243 0 36 92 0 0 0 0 0 2 2 2 2 
[ 1163.575237] 
[ 1163.576759] MESSAGE_B= 7 4 4 225 0 24 192 64 248 179 0 1257 1258 1258 1258 1264 1303 1306 1265 383 381 381 381 417 444 445 416 0 12 255 255 241 243 0 36 92 0 0 0 0 0 2 2 2 2 
[ 1163.834245] 
[ 1163.835764] MESSAGE_B= 7 4 4 224 0 24 192 64 248 179 0 1250 1250 1250 1247 1272 1317 1321 1269 438 438 438 439 485 505 510 485 0 12 255 255 239 242 0 194 251 0 0 0 0 0 2 2 2 2 
[ 1164.093238] 
[ 1164.094756] MESSAGE_B= 7 4 4 224 0 24 192 64 248 179 0 1232 1232 1232 1230 1248 1289 1294 1245 435 435 435 434 476 500 504 479 0 12 255 255 239 242 0 190 250 0 0 0 0 0 2 2 2 2 
[ 1164.352240] 
[ 1164.353802] MESSAGE_B= 7 4 4 225 0 24 192 64 248 179 0 1256 1256 1256 1256 1266 1304 1306 1266 379 379 379 379 413 443 447 413 0 12 255 255 240 243 0 46 111 0 0 0 0 0 2 2 2 2 
[ 1164.611239] 
[ 1164.612758] MESSAGE_B= 7 4 4 225 0 24 192 64 248 179 0 1257 1257 1257 1257 1265 1303 1305 1265 381 381 381 381 415 444 446 415 0 12 255 255 241 243 0 31 90 0 0 0 0 0 2 2 2 2 
[ 1164.870241] 
[ 1164.871758] MESSAGE_B= 7 4 4 224 0 24 192 64 248 179 0 1247 1247 1247 1247 1268 1313 1317 1269 438 438 438 439 486 507 511 485 0 12 255 255 239 242 0 212 251 0 0 0 0 0 2 2 2 2 
[ 1165.129237] 
[ 1165.130754] MESSAGE_B= 7 4 4 223 0 24 192 64 248 179 0 1248 1248 1248 1246 1268 1315 1320 1266 451 451 451 453 497 516 521 498 0 12 255 255 239 242 0 208 251 0 0 0 0 0 2 2 2 2 
[ 1165.388238] 
[ 1165.389797] MESSAGE_B= 7 4 4 225 0 24 192 64 248 179 0 1259 1259 1259 1259 1269 1307 1309 1269 380 380 380 380 412 442 445 412 0 12 255 255 241 242 0 31 90 0 0 0 0 0 2 2 2 2 
[ 1165.647242] 
[ 1165.647265] MESSAGE_B= 4 4 4 222 0 28 192 64 248 179 0 1254 1253 1253 1255 1264 1302 1306 1265 401 403 402 403 431 460 465 434 0 12 255 255 242 245 0 87 99 0 0 0 0 0 2 2 2 2 
[ 1165.889239] 
[ 1165.890757] MESSAGE_B= 4 4 4 223 0 29 192 64 248 179 0 1263 1265 1265 1266 1270 1310 1317 1274 402 396 403 398 432 456 459 429 0 12 255 255 241 245 0 78 88 0 0 0 0 0 2 2 2 2 
[ 1166.148238] 
[ 1166.149762] MESSAGE_B= 7 4 4 222 0 28 192 64 248 179 0 1250 1250 1250 1252 1253 1294 1294 1254 400 398 399 397 425 456 458 425 0 12 255 255 243 244 0 92 96 0 0 0 0 0 2 2 2 2 
[ 1166.407240] 
[ 1166.408792] MESSAGE_B= 7 4 4 223 0 28 192 64 248 179 0 1246 1246 1247 1247 1278 1309 1312 1279 484 485 484 484 534 551 555 533 0 12 255 255 247 249 0 232 252 0 0 0 0 0 2 2 2 2 
[ 1166.666234] 
[ 1166.667762] MESSAGE_B= 7 4 4 222 0 29 192 64 248 179 0 1247 1247 1247 1247 1272 1303 1304 1272 484 484 484 484 528 544 547 528 0 12 255 255 248 249 0 225 247 0 0 0 0 0 2 2 2 2 
[ 1166.925238] 
[ 1166.926756] MESSAGE_B= 7 4 4 222 0 29 192 64 248 179 0 1248 1248 1248 1248 1273 1304 1305 1273 484 484 484 484 528 543 546 528 0 12 255 255 248 248 0 225 247 0 0 0 0 0 2 2 2 2 
[ 1167.184238] 
[ 1167.185757] MESSAGE_B= 7 4 4 223 0 29 192 64 248 179 0 1249 1249 1249 1251 1262 1301 1304 1264 402 402 402 400 432 459 463 430 0 12 255 255 242 245 0 67 81 0 0 0 0 0 2 2 2 2 
[ 1167.443230] 
[ 1167.444789] MESSAGE_B= 7 4 4 224 0 29 192 64 248 179 0 1254 1253 1253 1253 1266 1304 1308 1265 403 402 402 402 433 460 463 432 0 12 255 255 242 244 0 67 81 0 0 0 0 0 2 2 2 2 
[ 1167.702232] 
[ 1167.703774] MESSAGE_B= 7 4 4 222 0 29 192 64 248 179 0 1247 1247 1247 1247 1272 1303 1304 1272 484 484 484 484 528 544 547 528 0 12 255 255 248 249 0 225 247 0 0 0 0 0 2 2 2 2 
[ 1167.961235] 
[ 1167.962750] MESSAGE_B= 7 4 4 222 0 29 192 64 248 179 0 1237 1237 1237 1237 1263 1294 1296 1263 484 484 484 484 525 543 544 525 0 12 255 255 247 248 0 222 246 0 0 0 0 0 2 2 2 2 
[ 1168.220236] 
[ 1168.221753] MESSAGE_B= 7 4 4 223 0 29 192 64 248 179 0 1256 1256 1256 1255 1269 1308 1311 1267 400 400 400 399 429 456 461 430 0 12 255 255 242 244 0 67 81 0 0 0 0 0 2 2 2 2 
[ 1168.479231] 
[ 1168.480748] MESSAGE_B= 7 4 4 224 0 29 192 64 248 179 0 1255 1255 1255 1255 1270 1310 1314 1270 398 398 399 399 431 457 460 431 0 12 255 255 242 244 0 76 89 0 0 0 0 0 2 2 2 2 
[ 1168.738234] 
[ 1168.739750] MESSAGE_B= 7 4 4 222 0 29 192 64 248 179 0 1247 1245 1245 1247 1272 1302 1304 1272 483 486 486 483 528 545 544 528 0 12 255 255 248 248 0 225 246 0 0 0 0 0 2 2 2 2 
[ 1168.997235] 
[ 1168.998781] MESSAGE_B= 7 4 4 222 0 29 192 64 248 179 0 1238 1239 1239 1239 1265 1296 1298 1266 484 482 483 484 525 541 544 526 0 12 255 255 247 248 0 224 245 0 0 0 0 0 2 2 2 2 
[ 1169.256238] 
[ 1169.257754] MESSAGE_B= 7 4 4 222 0 29 192 64 248 179 0 1251 1251 1251 1253 1264 1303 1306 1265 401 401 401 399 429 457 459 431 0 12 255 255 242 244 0 67 81 0 0 0 0 0 2 2 2 2 
[ 1169.515230] 
[ 1169.516757] MESSAGE_B= 7 4 4 224 0 29 192 64 248 179 0 1259 1260 1260 1258 1270 1309 1314 1269 399 397 397 399 432 457 462 431 0 12 255 255 241 244 0 76 86 0 0 0 0 0 2 2 2 2 
[ 1169.774231] 
[ 1169.775752] MESSAGE_B= 7 4 4 224 0 29 192 64 248 179 0 1247 1247 1247 1247 1272 1303 1305 1272 484 484 484 484 528 544 545 528 0 12 255 255 248 249 0 225 247 0 0 0 0 0 2 2 2 2 
[ 1170.033236] 
[ 1170.034757] MESSAGE_B= 7 4 4 222 0 29 192 64 248 179 0 1235 1235 1235 1235 1260 1288 1290 1260 463 463 463 463 508 528 529 508 0 12 255 255 248 248 0 220 241 0 0 0 0 0 2 2 2 2 
[ 1170.292237] 
[ 1170.293779] MESSAGE_B= 7 4 4 222 0 29 192 64 248 179 0 1247 1247 1247 1247 1272 1303 1305 1272 484 484 484 484 528 544 545 528 0 12 255 255 248 249 0 225 247 0 0 0 0 0 2 2 2 2 
[ 1170.551230] 
[ 1170.552788] MESSAGE_B= 7 4 4 224 0 29 192 64 248 179 0 1249 1249 1249 1248 1263 1301 1305 1261 400 400 400 399 428 458 462 429 0 12 255 255 243 244 0 87 96 0 0 0 0 0 2 2 2 2 
[ 1170.810234] 
[ 1170.811751] MESSAGE_B= 7 4 4 224 0 29 192 64 248 179 0 1255 1255 1255 1255 1266 1305 1308 1266 400 400 400 400 432 457 461 432 0 12 255 255 242 244 0 67 81 0 0 0 0 0 2 2 2 2 
[ 1171.069232] 
[ 1171.070748] MESSAGE_B= 7 4 4 222 0 29 192 64 248 179 0 1246 1245 1245 1245 1272 1301 1304 1271 480 480 480 480 520 538 540 521 0 12 255 255 247 248 0 221 241 0 0 0 0 0 2 2 2 2 
[ 1171.328235] 
[ 1171.329772] MESSAGE_B= 7 4 4 222 0 29 192 64 248 179 0 1247 1247 1247 1248 1272 1303 1305 1273 484 484 484 484 528 544 545 528 0 12 255 255 248 249 0 225 247 0 0 0 0 0 2 2 2 2 
[ 1171.587228] 
[ 1171.588771] MESSAGE_B= 7 4 4 224 0 29 192 64 248 179 0 1260 1260 1260 1258 1272 1310 1314 1270 398 398 398 400 430 458 461 431 0 12 255 255 243 245 0 40 55 0 0 0 0 0 2 2 2 2 
[ 1171.846229] 
[ 1171.847746] MESSAGE_B= 7 4 4 224 0 29 192 64 248 179 0 1255 1255 1255 1255 1266 1305 1308 1266 400 400 400 400 432 457 460 432 0 12 255 255 242 244 0 67 81 0 0 0 0 0 2 2 2 2 
[ 1172.105231] 
[ 1172.106746] MESSAGE_B= 7 4 4 222 0 30 192 64 248 179 0 1246 1245 1245 1245 1272 1301 1304 1271 480 480 480 480 520 538 540 521 0 12 255 255 247 248 0 221 241 0 0 0 0 0 2 2 2 2 
[ 1172.364235] 
[ 1172.365757] MESSAGE_B= 7 4 4 222 0 29 192 64 248 179 0 1248 1248 1248 1247 1273 1304 1305 1272 484 484 484 484 528 543 546 528 0 12 255 255 248 248 0 225 247 0 0 0 0 0 2 2 2 2 
[ 1172.623234] 
[ 1172.624750] MESSAGE_B= 7 4 4 222 0 29 192 64 248 179 0 1252 1252 1252 1252 1265 1304 1308 1265 401 401 401 401 430 458 462 430 0 12 255 255 242 244 0 35 49 0 0 0 0 0 2 2 2 2 
[ 1172.882230] 
[ 1172.883780] MESSAGE_B= 7 4 4 224 0 29 192 64 248 179 0 1253 1253 1253 1253 1265 1304 1307 1265 402 402 402 402 432 458 460 432 0 12 255 255 243 244 0 67 81 0 0 0 0 0 2 2 2 2 
[ 1173.141231] 
[ 1173.142794] MESSAGE_B= 7 4 4 224 0 29 192 64 248 179 0 1255 1255 1255 1255 1268 1306 1310 1268 399 399 399 399 428 457 464 428 0 12 255 255 242 245 0 76 89 0 0 0 0 0 2 2 2 2 
[ 1173.400238] 
[ 1173.401755] MESSAGE_B= 7 4 4 222 0 29 192 64 248 179 0 1248 1248 1248 1247 1273 1304 1305 1272 484 484 484 484 528 543 546 528 0 12 255 255 248 248 0 225 247 0 0 0 0 0 2 2 2 2 
[ 1173.659235] 
[ 1173.660753] MESSAGE_B= 7 4 4 222 0 29 192 64 248 179 0 1247 1247 1247 1247 1272 1303 1304 1272 484 484 484 484 528 544 547 528 0 12 255 255 248 249 0 225 247 0 0 0 0 0 2 2 2 2 
[ 1173.918231] 
[ 1173.919747] MESSAGE_B= 7 4 4 224 0 29 192 64 248 179 0 1253 1253 1253 1253 1265 1304 1307 1265 402 402 402 402 432 459 461 432 0 12 255 255 243 244 0 67 81 0 0 0 0 0 2 2 2 2 
[ 1174.177232] 
[ 1174.178775] MESSAGE_B= 7 4 4 223 0 29 192 64 248 179 0 1249 1249 1249 1251 1262 1301 1304 1264 402 402 402 400 432 459 463 430 0 12 255 255 242 245 0 67 81 0 0 0 0 0 2 2 2 2 
[ 1174.436234] 
[ 1174.437751] MESSAGE_B= 7 4 4 222 0 29 192 64 248 179 0 1248 1248 1248 1248 1273 1304 1305 1273 484 484 484 484 528 543 546 528 0 12 255 255 248 248 0 225 247 0 0 0 0 0 2 2 2 2 
[ 1174.695230] 
[ 1174.696747] MESSAGE_B= 7 4 4 222 0 29 192 64 248 179 0 1247 1247 1247 1247 1272 1303 1304 1272 484 484 484 484 528 544 547 528 0 12 255 255 248 249 0 225 247 0 0 0 0 0 2 2 2 2 
[ 1174.954230] 
[ 1174.955749] MESSAGE_B= 7 4 4 224 0 29 192 64 248 179 0 1254 1253 1253 1253 1266 1304 1308 1265 403 402 402 402 433 460 463 432 0 12 255 255 242 244 0 67 81 0 0 0 0 0 2 2 2 2 
[ 1175.213232] 
[ 1175.214748] MESSAGE_B= 7 4 4 223 0 29 192 64 248 179 0 1256 1256 1256 1255 1269 1308 1311 1267 400 400 400 399 429 456 461 430 0 12 255 255 242 244 0 67 81 0 0 0 0 0 2 2 2 2 
[ 1175.472238] 
[ 1175.473758] MESSAGE_B= 7 4 4 222 0 29 192 64 248 179 0 1234 1234 1234 1234 1259 1289 1292 1259 467 467 467 467 514 530 532 514 0 12 255 255 247 248 0 220 241 0 0 0 0 0 2 2 2 2 
[ 1175.731235] 
[ 1175.732757] MESSAGE_B= 7 4 4 219 0 23 192 64 248 179 0 1181 1181 1181 1182 1189 1211 1205 1189 384 384 384 384 396 413 415 397 0 12 255 255 248 247 54 123 128 101 0 0 0 0 2 2 2 2 
[ 1175.990235] 
[ 1175.991756] MESSAGE_B= 7 4 4 221 0 24 192 64 248 179 0 1201 1202 1202 1202 1202 1227 1228 1202 340 340 340 340 345 367 371 344 0 12 255 255 243 245 39 40 33 39 0 0 0 0 2 2 2 2 
[ 1176.249233] 
[ 1176.250754] MESSAGE_B= 7 4 4 223 0 24 192 64 248 179 0 1195 1195 1195 1195 1198 1225 1221 1198 322 323 323 322 330 356 356 330 0 12 255 255 244 243 17 36 31 43 0 0 0 0 2 2 2 2 
[ 1176.508237] 
[ 1176.509754] MESSAGE_B= 7 4 4 223 0 24 192 64 248 179 0 1191 1191 1191 1191 1197 1225 1221 1197 324 326 324 324 334 361 362 335 0 12 255 255 243 244 63 41 31 61 0 0 0 0 2 2 2 2 
[ 1176.767235] 
[ 1176.768753] MESSAGE_B= 7 4 4 221 0 24 192 64 248 179 0 1187 1187 1187 1187 1196 1219 1213 1196 382 382 382 382 400 416 418 400 0 12 255 255 248 247 14 98 104 14 0 0 0 0 2 2 2 2 
[ 1177.026234] 
[ 1177.027750] MESSAGE_B= 7 4 4 221 0 24 192 64 248 179 0 1184 1184 1184 1184 1192 1215 1210 1192 388 388 388 388 399 415 417 399 0 12 255 255 247 247 117 122 130 117 0 0 0 0 2 2 2 2 
[ 1177.285236] 
[ 1177.286753] MESSAGE_B= 7 4 4 223 0 23 192 64 248 179 0 1195 1195 1195 1195 1198 1226 1221 1198 326 326 326 326 332 357 359 332 0 12 255 255 243 242 17 44 36 17 0 0 0 0 2 2 2 2 
[ 1177.544239] 
[ 1177.545755] MESSAGE_B= 7 4 4 223 0 23 192 64 248 179 0 1198 1198 1198 1198 1195 1219 1220 1195 336 336 336 336 342 364 367 342 0 12 255 255 243 244 49 37 31 49 0 0 0 0 2 2 2 2 
[ 1177.803231] 
[ 1177.804749] MESSAGE_B= 7 4 4 221 0 23 192 64 248 179 0 1187 1187 1187 1187 1196 1219 1213 1196 382 382 382 382 400 416 418 400 0 12 255 255 248 247 14 98 104 14 0 0 0 0 2 2 2 2 
[ 1178.062231] 
[ 1178.063789] MESSAGE_B= 7 4 4 221 0 24 192 64 248 179 0 1194 1194 1194 1194 1204 1227 1223 1204 392 392 392 392 406 423 423 406 0 12 255 255 248 247 14 108 119 14 0 0 0 0 2 2 2 2 
[ 1178.321236] 
[ 1178.322753] MESSAGE_B= 7 4 4 223 0 23 192 64 248 179 0 1195 1195 1195 1195 1197 1225 1221 1197 324 324 324 324 334 359 358 334 0 12 255 255 243 243 17 43 35 17 0 0 0 0 2 2 2 2 
[ 1178.580238] 
[ 1178.581755] MESSAGE_B= 7 4 4 223 0 23 192 64 248 179 0 1198 1198 1198 1198 1200 1229 1225 1200 336 336 336 336 345 371 372 345 0 12 255 255 244 243 47 31 26 47 0 0 0 0 2 2 2 2 
[ 1178.839234] 
[ 1178.840779] MESSAGE_B= 7 4 4 223 0 23 192 64 248 179 0 1187 1187 1187 1187 1196 1218 1213 1196 382 382 382 382 399 417 418 399 0 12 255 255 248 248 14 98 104 14 0 0 0 0 2 2 2 2 
[ 1179.098231] 
[ 1179.099757] MESSAGE_B= 7 4 4 221 0 23 192 64 248 179 0 1193 1193 1193 1193 1203 1226 1222 1203 393 393 393 393 408 424 424 408 0 12 255 255 248 248 14 104 115 14 0 0 0 0 2 2 2 2 
[ 1179.357230] 
[ 1179.358750] MESSAGE_B= 7 4 4 222 0 23 192 64 248 179 0 1183 1183 1183 1183 1191 1213 1208 1191 379 379 379 379 393 409 409 393 0 12 255 255 248 248 14 98 104 14 0 0 0 0 2 2 2 2 
[ 1179.616239] 
[ 1179.617755] MESSAGE_B= 7 4 4 223 0 23 192 64 248 179 0 1197 1197 1197 1196 1198 1227 1223 1198 335 335 335 337 345 370 371 344 0 12 255 255 244 244 65 49 42 65 0 0 0 0 2 2 2 2 
[ 1179.875230] 
[ 1179.876748] MESSAGE_B= 7 4 4 223 0 23 192 64 248 179 0 1197 1197 1197 1197 1199 1228 1223 1199 327 327 327 327 337 362 363 337 0 12 255 255 244 243 22 36 32 22 0 0 0 0 2 2 2 2 
[ 1180.134235] 
[ 1180.135752] MESSAGE_B= 7 4 4 221 0 23 192 64 248 179 0 1179 1179 1179 1179 1188 1209 1205 1188 375 375 375 375 390 406 408 390 0 12 255 255 247 248 26 92 104 26 0 0 0 0 2 2 2 2 
[ 1180.393233] 
[ 1180.394748] MESSAGE_B= 7 4 4 221 0 23 192 64 248 179 0 1183 1183 1183 1183 1191 1213 1208 1191 379 379 379 379 393 409 409 393 0 12 255 255 248 248 14 98 104 14 0 0 0 0 2 2 2 2 
[ 1180.652240] 
[ 1180.652263] MESSAGE_B= 7 4 4 222 0 24 192 64 248 179 0 1191 1191 1191 1191 1195 1221 1219 1194 324 324 324 324 336 358 361 333 0 12 255 255 243 243 55 35 30 55 0 0 0 0 2 2 2 2 
[ 1180.894236] 
[ 1180.895753] MESSAGE_B= 7 4 4 223 0 23 192 64 248 179 0 1183 1183 1183 1183 1191 1213 1208 1191 379 379 379 379 393 409 409 393 0 12 255 255 248 248 14 98 104 14 0 0 0 0 2 2 2 2 
[ 1181.153232] 
[ 1181.154750] MESSAGE_B= 7 4 4 221 0 24 192 64 248 179 0 1191 1191 1191 1191 1195 1221 1219 1194 324 324 324 324 336 358 361 333 0 12 255 255 243 243 55 35 30 55 0 0 0 0 2 2 2 2 
[ 1181.412232] 
[ 1181.413748] MESSAGE_B= 7 4 4 221 0 23 192 64 248 179 0 1183 1183 1183 1183 1191 1213 1208 1191 379 379 379 379 393 409 409 393 0 12 255 255 248 248 14 98 104 14 0 0 0 0 2 2 2 2 
[ 1181.671235] 
[ 1181.672753] MESSAGE_B= 7 4 4 223 0 24 192 64 248 179 0 1191 1191 1191 1191 1195 1221 1219 1194 324 324 324 324 336 358 361 333 0 12 255 255 243 243 55 35 30 55 0 0 0 0 2 2 2 2 
[ 1181.930238] 
[ 1181.931763] MESSAGE_B= 7 4 4 223 0 23 192 64 248 179 0 1197 1197 1197 1197 1199 1228 1223 1199 327 327 327 327 337 362 363 337 0 12 255 255 244 243 22 36 32 22 0 0 0 0 2 2 2 2 
[ 1182.189236] 
[ 1182.190755] MESSAGE_B= 7 4 4 221 0 24 192 64 248 179 0 1186 1186 1186 1185 1193 1214 1209 1192 374 374 374 374 385 400 401 385 0 12 255 255 248 248 52 98 110 35 0 0 0 0 2 2 2 2 
[ 1182.448237] 
[ 1182.449763] MESSAGE_B= 7 4 4 222 0 23 192 64 248 179 0 1186 1186 1186 1186 1195 1218 1212 1195 383 383 383 383 400 416 418 400 0 12 255 255 248 248 14 98 104 14 0 0 0 0 2 2 2 2 
[ 1182.707234] 
[ 1182.708758] MESSAGE_B= 7 4 4 221 0 24 192 64 248 179 0 1186 1186 1186 1185 1193 1214 1209 1192 374 374 374 374 385 400 401 385 0 12 255 255 248 248 52 98 110 35 0 0 0 0 2 2 2 2 
[ 1182.966240] 
[ 1182.967757] MESSAGE_B= 7 4 4 223 0 23 192 64 248 179 0 1195 1195 1195 1195 1196 1225 1220 1196 332 332 332 332 340 364 366 340 0 12 255 255 244 243 33 50 45 33 0 0 0 0 2 2 2 2 
[ 1183.225238] 
[ 1183.226759] MESSAGE_B= 7 4 4 223 0 23 192 64 248 179 0 1195 1194 1194 1194 1199 1226 1222 1198 324 326 326 326 333 360 361 335 0 12 255 255 243 244 87 61 55 87 0 0 0 0 2 2 2 2 
[ 1183.484234] 
[ 1183.485752] MESSAGE_B= 7 4 4 222 0 23 192 64 248 179 0 1179 1179 1179 1179 1189 1209 1207 1188 375 375 375 375 393 406 408 390 0 12 255 255 248 248 26 92 104 26 0 0 0 0 2 2 2 2 
[ 1183.743241] 
[ 1183.744759] MESSAGE_B= 7 4 4 221 0 24 192 64 248 179 0 1184 1184 1184 1183 1192 1214 1209 1191 379 379 379 380 393 408 409 393 0 12 255 255 248 248 10 94 104 14 0 0 0 0 2 2 2 2 
[ 1184.002244] 
[ 1184.003762] MESSAGE_B= 7 4 4 223 0 23 192 64 248 179 0 1189 1189 1189 1189 1191 1217 1215 1191 325 325 325 325 338 360 364 333 0 12 255 255 244 244 53 47 38 53 0 0 0 0 2 2 2 2 
[ 1184.261241] 
[ 1184.262760] MESSAGE_B= 7 4 4 223 0 23 192 64 248 179 0 1194 1194 1194 1194 1197 1224 1220 1197 324 324 324 322 332 357 359 331 0 12 255 255 244 243 22 36 32 28 0 0 0 0 2 2 2 2 
[ 1184.520234] 
[ 1184.521752] MESSAGE_B= 7 4 4 222 0 24 192 64 248 179 0 1178 1178 1178 1179 1192 1214 1210 1192 378 378 378 377 395 412 411 394 0 12 255 255 248 248 10 117 129 27 0 0 0 0 2 2 2 2 
[ 1184.779235] 
[ 1184.780753] MESSAGE_B= 7 4 4 221 0 24 192 64 248 179 0 1187 1187 1187 1187 1196 1219 1213 1196 382 382 382 382 400 416 418 400 0 12 255 255 248 247 14 98 104 14 0 0 0 0 2 2 2 2 
[ 1185.038240] 
[ 1185.039758] MESSAGE_B= 7 4 4 223 0 24 192 64 248 179 0 1189 1189 1189 1189 1197 1226 1221 1197 321 322 322 322 334 359 363 336 0 12 255 255 243 243 87 40 34 86 0 0 0 0 2 2 2 2 
[ 1185.297232] 
[ 1185.298756] MESSAGE_B= 7 4 4 223 0 23 192 64 248 179 0 1195 1195 1195 1195 1198 1226 1221 1198 326 326 326 326 332 357 359 332 0 12 255 255 243 242 17 44 36 17 0 0 0 0 2 2 2 2 
[ 1185.556237] 
[ 1185.557761] MESSAGE_B= 4 4 4 223 0 24 192 64 248 179 0 1302 1303 1303 1303 1334 1365 1365 1335 507 506 506 506 535 550 550 535 0 12 255 255 248 248 0 219 230 0 0 0 0 0 2 2 2 2 
[ 1185.815235] 
[ 1185.816764] MESSAGE_B= 4 4 4 221 0 29 192 64 248 179 0 1247 1249 1248 1250 1275 1309 1310 1278 491 498 490 497 542 563 559 541 0 12 255 255 248 247 0 245 255 0 0 0 0 0 2 2 2 2 
[ 1186.074247] 
[ 1186.075765] MESSAGE_B= 7 4 4 222 0 29 192 64 248 179 0 1244 1242 1242 1243 1274 1304 1305 1270 477 478 479 478 533 545 552 525 0 12 255 255 247 247 0 241 255 0 0 0 0 0 2 2 2 2 
[ 1186.333236] 
[ 1186.334755] MESSAGE_B= 7 4 4 223 0 28 192 64 248 179 0 1255 1256 1257 1256 1271 1313 1313 1271 401 400 400 401 432 464 467 434 0 12 255 255 242 242 0 81 81 0 0 0 0 0 2 2 2 2 
[ 1186.592237] 
[ 1186.593755] MESSAGE_B= 7 4 4 224 0 30 192 64 248 179 0 1254 1253 1253 1254 1266 1308 1309 1266 401 402 402 401 432 463 463 432 0 12 255 255 241 242 0 72 85 0 0 0 0 0 2 2 2 2 
[ 1186.851236] 
[ 1186.852755] MESSAGE_B= 7 4 4 223 0 29 192 64 248 179 0 1248 1248 1248 1248 1274 1307 1306 1274 485 485 485 485 528 546 546 528 0 12 255 255 248 247 0 235 253 0 0 0 0 0 2 2 2 2 
[ 1187.110239] 
[ 1187.111757] MESSAGE_B= 7 4 4 223 0 29 192 64 248 179 0 1250 1250 1250 1250 1275 1307 1306 1275 478 478 478 478 520 540 539 520 0 12 255 255 248 248 0 235 252 0 0 0 0 0 2 2 2 2 
[ 1187.369238] 
[ 1187.370757] MESSAGE_B= 7 4 4 224 0 29 192 64 248 179 0 1257 1257 1257 1257 1270 1312 1312 1270 400 400 400 400 430 463 462 430 0 12 255 255 241 242 0 41 52 0 0 0 0 0 2 2 2 2 
[ 1187.628234] 
[ 1187.629752] MESSAGE_B= 7 4 4 224 0 29 192 64 248 179 0 1244 1244 1244 1246 1258 1300 1300 1259 403 403 403 401 433 462 465 434 0 12 255 255 242 243 0 72 81 0 0 0 0 0 2 2 2 2 
[ 1187.888237] 
[ 1187.889754] MESSAGE_B= 7 4 4 223 0 29 192 64 248 179 0 1250 1250 1250 1250 1276 1309 1308 1276 484 484 484 484 527 545 545 527 0 12 255 255 247 247 0 237 253 0 0 0 0 0 2 2 2 2 
[ 1188.147243] 
[ 1188.148758] MESSAGE_B= 7 4 4 224 0 29 192 64 248 179 0 1245 1245 1245 1245 1272 1305 1304 1272 481 481 481 481 521 540 541 521 0 12 255 255 248 247 0 234 253 0 0 0 0 0 2 2 2 2 
[ 1188.406238] 
[ 1188.407774] MESSAGE_B= 7 4 4 223 0 29 192 64 248 179 0 1257 1257 1257 1257 1270 1312 1312 1270 400 400 400 400 430 463 462 430 0 12 255 255 241 242 0 41 52 0 0 0 0 0 2 2 2 2 
[ 1188.665232] 
[ 1188.666801] MESSAGE_B= 7 4 4 224 0 29 192 64 248 179 0 1251 1251 1251 1251 1264 1308 1308 1264 403 403 403 403 434 462 462 434 0 12 255 255 242 242 0 39 52 0 0 0 0 0 2 2 2 2 
[ 1188.924235] 
[ 1188.925773] MESSAGE_B= 7 4 4 223 0 29 192 64 248 179 0 1257 1257 1257 1257 1270 1312 1312 1270 400 400 400 400 430 463 462 430 0 12 255 255 241 242 0 41 52 0 0 0 0 0 2 2 2 2 
[ 1189.183237] 
[ 1189.184751] MESSAGE_B= 7 4 4 224 0 29 192 64 248 179 0 1253 1253 1253 1253 1277 1310 1309 1277 482 482 482 482 527 545 545 527 0 12 255 255 248 247 0 236 253 0 0 0 0 0 2 2 2 2 
[ 1189.442231] 
[ 1189.443797] MESSAGE_B= 7 4 4 223 0 29 192 64 248 179 0 1250 1250 1250 1250 1276 1309 1308 1276 484 484 484 484 527 545 545 527 0 12 255 255 247 247 0 237 253 0 0 0 0 0 2 2 2 2 
[ 1189.580232] 
[ 1189.581744] MESSAGE_B= 7 4 4 224 0 29 192 64 248 179 0 1250 1250 1250 1250 1275 1307 1306 1275 478 478 478 478 520 540 539 520 0 12 255 255 248 248 0 235 252 0 0 0 0 0 2 2 2 2 
[ 1189.839234] 
[ 1189.840747] MESSAGE_B= 7 4 4 223 0 29 192 64 248 179 0 1255 1255 1255 1255 1268 1311 1311 1268 400 400 400 400 431 462 461 431 0 12 255 255 242 242 0 41 52 0 0 0 0 0 2 2 2 2 
[ 1190.098233] 
[ 1190.099747] MESSAGE_B= 7 4 4 223 0 29 192 64 248 179 0 1254 1253 1253 1254 1266 1308 1309 1266 401 402 402 401 432 463 463 432 0 12 255 255 241 242 0 72 83 0 0 0 0 0 2 2 2 2 
[ 1190.357231] 
[ 1190.358784] MESSAGE_B= 7 4 4 224 0 29 192 64 248 179 0 1257 1257 1257 1257 1270 1312 1312 1270 400 400 400 400 430 463 462 430 0 12 255 255 241 242 0 41 52 0 0 0 0 0 2 2 2 2 
[ 1190.616233] 
[ 1190.617794] MESSAGE_B= 7 4 4 223 0 29 192 64 248 179 0 1250 1250 1250 1250 1275 1307 1306 1275 478 478 478 478 520 540 539 520 0 12 255 255 248 248 0 235 252 0 0 0 0 0 2 2 2 2 
[ 1190.875230] 
[ 1190.876742] MESSAGE_B= 7 4 4 224 0 29 192 64 248 179 0 1250 1250 1250 1250 1276 1309 1308 1276 484 484 484 484 527 545 545 527 0 12 255 255 247 247 0 237 253 0 0 0 0 0 2 2 2 2 
[ 1191.134230] 
[ 1191.135745] MESSAGE_B= 7 4 4 223 0 29 192 64 248 179 0 1244 1244 1244 1246 1258 1300 1300 1259 403 403 403 401 433 462 465 434 0 12 255 255 242 243 0 72 81 0 0 0 0 0 2 2 2 2 
[ 1191.393230] 
[ 1191.394743] MESSAGE_B= 7 4 4 224 0 29 192 64 248 179 0 1257 1257 1257 1257 1270 1312 1312 1270 400 400 400 400 430 463 462 430 0 12 255 255 241 242 0 41 52 0 0 0 0 0 2 2 2 2 
[ 1191.652229] 
[ 1191.653742] MESSAGE_B= 7 4 4 223 0 29 192 64 248 179 0 1245 1245 1245 1245 1272 1305 1304 1272 481 481 481 481 521 540 541 521 0 12 255 255 248 247 0 234 253 0 0 0 0 0 2 2 2 2 
[ 1191.911229] 
[ 1191.912788] MESSAGE_B= 7 4 4 224 0 29 192 64 248 179 0 1250 1250 1250 1250 1276 1309 1308 1276 484 484 484 484 527 545 545 527 0 12 255 255 247 247 0 237 253 0 0 0 0 0 2 2 2 2 
[ 1192.170232] 
[ 1192.171745] MESSAGE_B= 7 4 4 223 0 29 192 64 248 179 0 1251 1251 1251 1251 1264 1308 1308 1264 403 403 403 403 434 462 462 434 0 12 255 255 242 242 0 39 52 0 0 0 0 0 2 2 2 2 
[ 1192.308231] 
[ 1192.309743] MESSAGE_B= 7 4 4 223 0 29 192 64 248 179 0 1248 1248 1248 1248 1274 1307 1306 1274 485 485 485 485 528 546 546 528 0 12 255 255 248 247 0 234 252 0 0 0 0 0 2 2 2 2 
[ 1192.567229] 
[ 1192.568787] MESSAGE_B= 7 4 4 224 0 29 192 64 248 179 0 1249 1249 1249 1249 1262 1302 1305 1262 401 401 401 401 430 461 462 430 0 12 255 255 242 243 0 88 98 0 0 0 0 0 2 2 2 2 
[ 1192.826232] 
[ 1192.827744] MESSAGE_B= 7 4 4 223 0 29 192 64 248 179 0 1255 1255 1255 1255 1268 1311 1311 1268 400 400 400 400 431 462 461 431 0 12 255 255 242 242 0 41 52 0 0 0 0 0 2 2 2 2 
[ 1193.085233] 
[ 1193.086749] MESSAGE_B= 7 4 4 224 0 29 192 64 248 179 0 1250 1250 1250 1250 1275 1307 1306 1275 478 478 478 478 520 540 539 520 0 12 255 255 248 248 0 235 252 0 0 0 0 0 2 2 2 2 
[ 1193.344231] 
[ 1193.345743] MESSAGE_B= 7 4 4 223 0 29 192 64 248 179 0 1248 1248 1248 1248 1274 1307 1306 1274 485 485 485 485 528 546 546 528 0 12 255 255 248 247 0 235 253 0 0 0 0 0 2 2 2 2 
[ 1193.603231] 
[ 1193.604744] MESSAGE_B= 7 4 4 224 0 29 192 64 248 179 0 1254 1253 1253 1254 1266 1308 1309 1266 401 402 402 401 432 463 463 432 0 12 255 255 241 242 0 72 83 0 0 0 0 0 2 2 2 2 
[ 1193.862228] 
[ 1193.863741] MESSAGE_B= 7 4 4 223 0 29 192 64 248 179 0 1257 1257 1257 1257 1270 1312 1312 1270 400 400 400 400 430 463 462 430 0 12 255 255 241 242 0 41 52 0 0 0 0 0 2 2 2 2 
[ 1194.121230] 
[ 1194.122743] MESSAGE_B= 7 4 4 224 0 29 192 64 248 179 0 1250 1250 1250 1250 1275 1307 1306 1275 478 478 478 478 520 540 539 520 0 12 255 255 248 248 0 235 252 0 0 0 0 0 2 2 2 2 
[ 1194.380236] 
[ 1194.381749] MESSAGE_B= 7 4 4 223 0 29 192 64 248 179 0 1250 1250 1250 1250 1276 1309 1308 1276 484 484 484 484 527 545 545 527 0 12 255 255 247 247 0 237 253 0 0 0 0 0 2 2 2 2 
[ 1194.639232] 
[ 1194.640746] MESSAGE_B= 7 4 4 224 0 29 192 64 248 179 0 1244 1244 1244 1246 1258 1300 1300 1259 403 403 403 401 433 462 465 434 0 12 255 255 242 243 0 72 81 0 0 0 0 0 2 2 2 2 
[ 1194.898228] 
[ 1194.899802] MESSAGE_B= 7 4 4 223 0 29 192 64 248 179 0 1257 1257 1257 1257 1270 1312 1312 1270 400 400 400 400 430 463 462 430 0 12 255 255 241 242 0 41 52 0 0 0 0 0 2 2 2 2 
[ 1195.157232] 
[ 1195.158745] MESSAGE_B= 7 4 4 224 0 29 192 64 248 179 0 1251 1251 1251 1251 1264 1308 1308 1264 403 403 403 403 434 462 462 434 0 12 255 255 242 242 0 39 52 0 0 0 0 0 2 2 2 2 
[ 1195.295230] 
[ 1195.296743] MESSAGE_B= 7 4 4 223 0 29 192 64 248 179 0 1258 1258 1258 1256 1271 1314 1314 1270 397 397 397 401 428 459 458 430 0 12 255 255 241 242 0 41 52 0 0 0 0 0 2 2 2 2 
[ 1195.554231] 
[ 1195.555743] MESSAGE_B= 7 4 4 224 0 24 192 64 248 179 0 1360 1360 1360 1360 1383 1417 1416 1383 531 531 531 531 555 571 571 555 0 12 255 255 249 249 0 226 226 0 0 0 0 0 2 2 2 2 
[ 1195.813228] 
[ 1195.814742] MESSAGE_B= 7 4 4 224 0 23 192 64 248 179 0 1360 1360 1360 1360 1383 1417 1416 1383 531 531 531 531 555 571 571 555 0 12 255 255 249 249 0 226 226 0 0 0 0 0 2 2 2 2 
