[  114.733749] MESSAGE_B= 7 4 0 255 20 0 192 64 248 179 0 2212 2275 2275 2227 2180 2221 2226 2185 27 53 53 52 208 216 214 214 0 25 255 255 246 245 0 0 0 0 0 0 0 0 2 2 2 2 
[  114.990233] 
[  114.991755] MESSAGE_B= 7 4 0 255 20 0 192 64 248 179 0 2212 2275 2275 2227 2180 2222 2227 2185 27 53 53 52 212 210 208 210 0 25 255 255 246 244 0 0 0 0 0 0 0 0 2 2 2 2 
[  115.248232] 
[  115.249749] MESSAGE_B= 7 4 4 255 19 0 192 64 248 179 0 2212 2275 2275 2227 2180 2222 2227 2185 27 53 53 52 211 205 212 207 0 25 255 255 248 245 0 0 0 0 0 0 0 0 2 2 2 2 
[  115.506231] 
[  115.507747] MESSAGE_B= 7 4 4 255 19 0 192 64 248 179 0 2211 2275 2275 2227 2180 2222 2227 2186 63 53 53 52 212 210 208 209 0 25 255 255 246 244 0 0 0 0 0 0 0 0 2 2 2 2 
[  115.764232] 
[  115.765747] MESSAGE_B= 7 4 4 255 20 0 192 64 248 179 0 2212 2275 2275 2227 2181 2222 2225 2185 43 53 53 52 208 210 215 207 0 25 255 255 245 245 0 0 0 0 0 0 0 0 2 2 2 2 
[  116.022232] 
[  116.023748] MESSAGE_B= 7 4 4 255 19 0 192 64 248 179 0 2211 2275 2275 2227 2180 2222 2227 2186 63 53 53 52 210 208 208 209 0 25 255 255 246 244 0 0 0 0 0 0 0 0 2 2 2 2 
[  116.280232] 
[  116.281748] MESSAGE_B= 7 4 4 255 19 0 192 64 248 179 0 2212 2275 2275 2227 2181 2222 2225 2185 43 53 53 52 208 210 215 207 0 25 255 255 245 245 0 0 0 0 0 0 0 0 2 2 2 2 
[  116.538233] 
[  116.539750] MESSAGE_B= 7 4 4 255 18 0 192 64 248 179 0 2211 2275 2275 2227 2180 2222 2227 2185 63 53 53 52 210 208 208 210 0 25 255 255 246 244 0 0 0 0 0 0 0 0 2 2 2 2 
[  116.796275] 
[  116.797792] MESSAGE_B= 7 4 4 255 20 0 192 64 248 179 0 2212 2275 2275 2227 2181 2222 2225 2185 43 53 53 52 208 210 215 207 0 25 255 255 245 245 0 0 0 0 0 0 0 0 2 2 2 2 
[  117.054238] 
[  117.055754] MESSAGE_B= 7 4 4 255 20 0 192 64 248 179 0 2211 2275 2275 2227 2180 2222 2227 2185 63 53 53 52 212 210 208 209 0 25 255 255 246 244 0 0 0 0 0 0 0 0 2 2 2 2 
[  117.312235] 
[  117.313754] MESSAGE_B= 7 4 4 255 19 0 192 64 248 179 0 2212 2275 2275 2227 2180 2222 2225 2185 43 53 53 52 213 208 213 214 0 25 255 255 246 245 0 0 0 0 0 0 0 0 2 2 2 2 
[  117.570236] 
[  117.571753] MESSAGE_B= 7 4 4 255 19 0 192 64 248 179 0 2211 2275 2275 2227 2180 2222 2227 2185 63 53 53 52 212 210 208 209 0 25 255 255 246 244 0 0 0 0 0 0 0 0 2 2 2 2 
[  117.828235] 
[  117.829755] MESSAGE_B= 7 4 4 255 20 0 192 64 248 179 0 2211 2275 2275 2227 2180 2222 2227 2186 63 53 53 52 212 206 205 210 0 25 255 255 247 243 0 0 0 0 0 0 0 0 2 2 2 2 
[  118.086233] 
[  118.087751] MESSAGE_B= 7 4 4 255 20 0 192 64 248 179 0 2211 2275 2275 2227 2180 2222 2227 2185 63 53 53 52 212 210 208 209 0 25 255 255 246 244 0 0 0 0 0 0 0 0 2 2 2 2 
[  118.344238] 
[  118.345755] MESSAGE_B= 7 4 4 255 19 0 192 64 248 179 0 2211 2275 2275 2227 2180 2222 2227 2186 63 53 53 52 211 208 205 209 0 25 255 255 247 244 0 0 0 0 0 0 0 0 2 2 2 2 
[  118.602238] 
[  118.603755] MESSAGE_B= 7 4 4 255 19 0 192 64 248 179 0 2211 2275 2275 2227 2180 2222 2227 2185 63 53 53 52 212 210 208 209 0 25 255 255 246 244 0 0 0 0 0 0 0 0 2 2 2 2 
[  118.860232] 
[  118.861747] MESSAGE_B= 7 4 4 255 20 0 192 64 248 179 0 2212 2275 2275 2227 2180 2222 2227 2185 27 53 53 52 212 214 208 211 0 25 255 255 246 244 0 0 0 0 0 0 0 0 2 2 2 2 
[  119.118233] 
[  119.119749] MESSAGE_B= 7 4 4 255 19 0 192 64 248 179 0 2211 2275 2275 2227 2180 2222 2227 2185 63 53 53 52 210 208 208 209 0 25 255 255 246 243 0 0 0 0 0 0 0 0 2 2 2 2 
[  119.376233] 
[  119.377777] MESSAGE_B= 7 4 4 255 15 0 192 64 248 179 0 1633 1681 1681 1644 778 803 798 797 812 836 836 820 650 662 653 683 0 25 255 255 255 255 213 218 217 219 0 0 0 0 2 2 2 2 
[  119.635238] 
[  119.636755] MESSAGE_B= 7 4 4 255 16 0 192 64 248 179 0 1633 1681 1681 1644 780 803 798 796 812 836 836 820 653 664 654 683 0 25 255 255 255 255 214 218 217 218 0 0 0 0 2 2 2 2 
[  119.894239] 
[  119.895798] MESSAGE_B= 7 4 4 255 17 0 192 64 248 179 0 1633 1681 1681 1644 780 802 796 797 812 836 836 820 654 662 650 683 0 25 255 255 255 255 213 217 216 219 0 0 0 0 2 2 2 2 
[  120.153243] 
[  120.154790] MESSAGE_B= 7 4 4 255 16 0 192 64 248 179 0 1633 1681 1681 1644 776 803 798 797 812 836 836 820 645 662 653 683 0 25 255 255 255 255 213 218 217 219 0 0 0 0 2 2 2 2 
[  120.412235] 
[  120.413753] MESSAGE_B= 7 4 4 255 17 0 192 64 248 179 0 1633 1681 1681 1644 775 803 797 797 812 836 836 820 646 662 652 683 0 25 255 255 255 255 212 218 217 219 0 0 0 0 2 2 2 2 
[  120.671237] 
[  120.672755] MESSAGE_B= 7 4 4 255 17 0 192 64 248 179 0 1633 1681 1681 1644 776 803 798 797 812 836 836 820 645 662 653 683 0 25 255 255 255 255 213 218 217 219 0 0 0 0 2 2 2 2 
[  120.930237] 
[  120.931754] MESSAGE_B= 7 4 4 255 16 0 192 64 248 179 0 1633 1681 1681 1644 777 803 797 797 812 836 836 820 648 663 652 683 0 25 255 255 255 255 213 218 217 219 0 0 0 0 2 2 2 2 
[  121.189236] 
[  121.190755] MESSAGE_B= 7 4 4 255 17 0 192 64 248 179 0 1633 1681 1681 1644 776 803 798 797 812 836 836 820 645 662 653 683 0 25 255 255 255 255 213 218 217 219 0 0 0 0 2 2 2 2 
[  121.448233] 
[  121.449776] MESSAGE_B= 7 4 4 255 17 0 192 64 248 179 0 1633 1681 1681 1644 776 803 797 797 812 836 836 820 646 663 652 683 0 25 255 255 255 255 213 218 217 219 0 0 0 0 2 2 2 2 
[  121.707234] 
[  121.708757] MESSAGE_B= 7 4 4 255 16 0 192 64 248 179 0 1633 1681 1681 1644 779 804 799 798 812 836 836 820 653 666 657 685 0 25 255 255 255 255 213 218 217 219 0 0 0 0 2 2 2 2 
[  121.966239] 
[  121.967762] MESSAGE_B= 7 4 4 255 17 0 192 64 248 179 0 1633 1681 1681 1644 776 803 796 797 812 836 836 820 646 663 651 683 0 25 255 255 255 255 213 218 216 219 0 0 0 0 2 2 2 2 
[  122.225235] 
[  122.226760] MESSAGE_B= 7 4 4 255 17 0 192 64 248 179 0 1633 1681 1681 1644 780 803 799 796 812 836 836 820 654 663 655 681 0 25 255 255 255 255 213 218 217 219 0 0 0 0 2 2 2 2 
[  122.484238] 
[  122.485756] MESSAGE_B= 7 4 4 255 17 0 192 64 248 179 0 1633 1681 1681 1644 776 803 796 797 812 836 836 820 646 663 651 683 0 25 255 255 255 255 213 218 216 219 0 0 0 0 2 2 2 2 
[  122.743234] 
[  122.744750] MESSAGE_B= 7 4 4 255 16 0 192 64 248 179 0 1633 1681 1681 1644 780 801 797 796 812 836 836 820 653 660 652 683 0 25 255 255 255 255 214 217 217 218 0 0 0 0 2 2 2 2 
[  123.002246] 
[  123.003765] MESSAGE_B= 7 4 4 255 17 0 192 64 248 179 0 1633 1681 1681 1644 776 803 796 797 812 836 836 820 646 663 651 683 0 25 255 255 255 255 213 218 216 219 0 0 0 0 2 2 2 2 
[  123.261242] 
[  123.262764] MESSAGE_B= 7 4 4 255 16 0 192 64 248 179 0 1633 1681 1681 1644 777 803 797 796 812 836 836 820 647 662 653 681 0 25 255 255 255 255 213 218 216 219 0 0 0 0 2 2 2 2 
[  123.520244] 
[  123.521762] MESSAGE_B= 7 4 4 255 16 0 192 64 248 179 0 1633 1681 1681 1644 776 803 796 797 812 836 836 820 646 663 651 683 0 25 255 255 255 254 213 218 216 219 0 0 0 0 2 2 2 2 
[  123.779240] 
[  123.780759] MESSAGE_B= 7 4 4 255 16 0 192 64 248 179 0 1633 1681 1681 1644 777 803 797 796 812 836 836 820 647 662 653 681 0 25 255 255 255 255 213 218 216 219 0 0 0 0 2 2 2 2 
[  124.038244] 
[  124.039762] MESSAGE_B= 7 4 4 255 16 0 192 64 248 179 0 1633 1681 1681 1644 776 803 796 797 812 836 836 820 646 663 651 683 0 25 255 255 255 254 213 218 216 219 0 0 0 0 2 2 2 2 
[  124.297235] 
[  124.298756] MESSAGE_B= 4 4 4 255 20 0 192 64 248 179 0 3724 3736 3736 3720 2747 2759 2759 2723 76 85 85 74 710 699 697 711 0 12 254 255 254 255 63 139 156 112 0 0 0 0 2 2 2 2 
[  124.556235] 
[  124.557752] MESSAGE_B= 4 4 4 255 25 0 192 64 248 179 0 3724 3736 3736 3720 2747 2759 2759 2723 61 85 85 74 710 699 697 711 0 12 255 255 253 255 84 187 156 112 0 0 0 0 2 2 2 2 
[  124.815236] 
[  124.816755] MESSAGE_B= 7 4 4 255 25 0 192 64 248 179 0 3724 3736 3736 3720 2747 2759 2759 2723 61 85 85 74 711 699 697 711 0 12 255 255 253 255 91 187 130 112 0 0 0 0 2 2 2 2 
[  125.074240] 
[  125.075768] MESSAGE_B= 7 4 4 255 25 0 192 64 248 179 0 3724 3736 3736 3720 2747 2759 2759 2723 61 85 85 74 711 699 697 711 0 12 255 255 253 255 59 187 192 112 0 0 0 0 2 2 2 2 
[  125.333239] 
[  125.334761] MESSAGE_B= 7 4 4 255 23 0 192 64 248 179 0 3724 3736 3736 3720 2747 2759 2759 2723 61 85 85 74 709 699 697 711 0 12 255 255 254 255 51 187 156 112 0 0 0 0 2 2 2 2 
[  125.592243] 
[  125.593788] MESSAGE_B= 7 4 4 255 24 0 192 64 248 179 0 3724 3736 3736 3720 2747 2759 2759 2723 61 85 85 74 710 699 697 711 0 12 255 255 253 255 71 187 156 112 0 0 0 0 2 2 2 2 
[  125.851241] 
[  125.852758] MESSAGE_B= 7 4 4 255 24 0 192 64 248 179 0 3724 3736 3736 3720 2747 2759 2759 2723 61 85 85 74 710 699 697 711 0 12 255 255 253 255 82 187 156 112 0 0 0 0 2 2 2 2 
[  126.110244] 
[  126.111765] MESSAGE_B= 7 4 4 255 23 0 192 64 248 179 0 3724 3736 3736 3720 2747 2759 2759 2723 61 85 85 74 710 699 697 711 0 12 255 255 253 255 70 187 156 112 0 0 0 0 2 2 2 2 
[  126.369233] 
[  126.370793] MESSAGE_B= 7 4 4 255 24 0 192 64 248 179 0 3724 3736 3736 3720 2747 2759 2759 2723 61 85 85 74 710 699 697 711 0 12 255 255 253 255 82 187 156 112 0 0 0 0 2 2 2 2 
[  126.628233] 
[  126.629750] MESSAGE_B= 7 4 4 255 23 0 192 64 248 179 0 3724 3736 3736 3720 2747 2759 2759 2723 61 85 85 74 709 699 697 711 0 12 255 255 254 255 51 187 156 112 0 0 0 0 2 2 2 2 
[  126.887232] 
[  126.888773] MESSAGE_B= 7 4 4 255 24 0 192 64 248 179 0 3724 3736 3736 3720 2747 2759 2759 2723 61 85 85 74 710 699 697 711 0 12 255 255 253 255 82 187 156 112 0 0 0 0 2 2 2 2 
[  127.146237] 
[  127.147815] MESSAGE_B= 7 4 4 255 23 0 192 64 248 179 0 3724 3736 3736 3720 2747 2759 2759 2723 61 85 85 74 709 699 697 711 0 12 255 255 254 255 65 187 156 112 0 0 0 0 2 2 2 2 
[  127.405235] 
[  127.406752] MESSAGE_B= 7 4 4 255 24 0 192 64 248 179 0 3724 3736 3736 3720 2747 2759 2759 2723 61 85 85 74 710 699 697 711 0 12 255 255 253 255 85 187 156 112 0 0 0 0 2 2 2 2 
[  127.664233] 
[  127.665750] MESSAGE_B= 7 4 4 255 23 0 192 64 248 179 0 3724 3736 3736 3720 2747 2759 2759 2723 61 85 85 74 710 699 697 711 0 12 255 255 253 255 109 187 156 112 0 0 0 0 2 2 2 2 
[  127.923235] 
[  127.924780] MESSAGE_B= 7 4 4 255 23 0 192 64 248 179 0 3724 3736 3736 3720 2747 2759 2759 2723 61 85 85 74 709 699 697 711 0 12 255 255 254 255 57 187 156 112 0 0 0 0 2 2 2 2 
[  128.182246] 
[  128.182270] MESSAGE_B= 7 4 4 255 24 0 192 64 248 179 0 3724 3736 3736 3720 2747 2759 2759 2723 61 85 85 74 710 699 697 711 0 12 255 255 253 255 109 187 156 112 0 0 0 0 2 2 2 2 
[  128.424230] 
[  128.425756] MESSAGE_B= 7 4 4 255 23 0 192 64 248 179 0 3724 3736 3736 3720 2747 2759 2759 2723 61 85 85 74 709 699 697 711 0 12 255 255 254 255 57 187 156 112 0 0 0 0 2 2 2 2 
[  128.683237] 
[  128.684758] MESSAGE_B= 7 4 4 255 25 0 192 64 248 179 0 3724 3736 3736 3720 2747 2759 2759 2723 61 85 85 74 710 699 697 711 0 12 255 255 253 255 109 187 156 112 0 0 0 0 2 2 2 2 
[  128.942239] 
[  128.943755] MESSAGE_B= 7 4 4 255 23 0 192 64 248 179 0 3724 3736 3736 3720 2747 2759 2759 2723 61 85 85 74 709 699 697 711 0 12 255 255 254 255 57 187 156 112 0 0 0 0 2 2 2 2 
[  129.201236] 
[  129.202752] MESSAGE_B= 7 0 4 255 11 0 192 64 248 179 0 0 0 0 0 2183 2135 2107 2126 0 0 0 0 302 254 286 310 0 25 0 0 240 238 0 0 0 0 0 0 0 0 0 0 0 0 
[  129.457232] 
[  129.458758] MESSAGE_B= 7 0 4 255 11 0 192 64 248 179 0 0 0 0 0 2182 2151 2107 2125 0 0 0 0 288 253 274 306 0 25 0 0 242 225 0 0 0 0 0 0 0 0 0 0 0 0 
[  129.713235] 
[  129.714752] MESSAGE_B= 7 0 4 255 9 0 192 64 248 179 0 0 0 0 0 2481 2446 2430 2432 0 0 0 0 405 410 420 406 0 25 0 0 243 245 0 0 0 0 0 0 0 0 0 0 0 0 
[  129.969236] 
[  129.970753] MESSAGE_B= 7 0 4 255 7 0 192 64 248 179 0 0 0 0 0 1943 1982 1965 2009 0 0 0 0 309 265 260 292 0 24 0 0 239 229 0 0 0 0 0 0 0 0 2 0 0 0 
[  130.225232] 
[  130.226750] MESSAGE_B= 7 0 0 255 10 0 192 64 248 179 0 0 0 0 0 2209 2183 2142 2141 0 0 0 0 216 219 237 257 0 24 0 0 236 231 0 0 0 0 0 0 0 0 2 0 0 0 
[  130.481234] 
[  130.482750] MESSAGE_B= 7 4 0 255 6 0 192 64 248 179 0 3730 3742 3742 3726 3419 3431 3428 3423 72 83 83 83 696 679 686 662 0 23 255 255 255 255 245 0 0 0 0 0 0 0 2 2 2 2 
[  130.739235] 
[  130.740750] MESSAGE_B= 7 4 0 255 6 0 192 64 248 179 0 3730 3742 3742 3726 3421 3451 3427 3435 58 71 71 71 691 659 688 662 0 22 255 255 255 255 248 0 0 0 0 0 0 0 2 2 2 2 
[  130.997229] 
[  130.998746] MESSAGE_B= 7 4 0 255 9 0 192 64 248 179 0 3729 3742 3742 3726 3422 3460 3422 3448 70 34 34 34 686 665 695 655 0 21 255 255 255 255 249 0 0 0 0 0 0 0 2 2 2 2 
[  131.255232] 
[  131.256749] MESSAGE_B= 7 4 0 255 8 0 192 64 248 179 0 3729 3741 3741 3725 3438 3485 3439 3468 33 53 69 53 676 635 682 639 0 20 255 255 255 255 253 0 0 0 0 0 0 0 2 2 2 2 
[  131.513235] 
[  131.514752] MESSAGE_B= 7 4 4 255 5 0 192 64 248 179 0 3728 3741 3741 3725 3503 3507 3507 3493 81 31 31 31 610 614 613 609 0 19 255 255 255 255 254 0 0 0 0 0 0 0 2 2 2 2 
[  131.771231] 
[  131.772746] MESSAGE_B= 7 4 4 255 5 0 192 64 248 179 0 3728 3740 3740 3724 3717 3722 3722 3706 70 68 68 68 180 177 177 177 0 18 253 255 254 255 0 0 0 0 0 0 0 0 2 2 2 2 
[  132.029233] 
[  132.030780] MESSAGE_B= 7 0 4 255 6 0 192 64 248 179 0 3727 3739 3739 3723 3739 3744 3744 3728 69 80 80 80 44 0 0 0 0 18 255 255 0 0 0 0 0 0 0 0 0 0 2 2 2 2 
[  132.286246] 
[  132.287764] MESSAGE_B= 7 4 4 255 6 0 192 64 248 179 0 3727 3739 3739 3723 3528 3596 3532 3582 55 53 53 53 547 470 550 461 0 17 252 255 255 255 253 0 0 0 0 0 0 0 2 2 2 2 
[  132.544230] 
[  132.545770] MESSAGE_B= 7 4 4 255 4 0 192 64 248 179 0 3726 3738 3738 3722 3474 3516 3481 3504 70 81 81 81 597 559 588 550 0 16 255 255 255 255 249 0 0 0 0 0 0 0 2 2 2 2 
[  132.802237] 
[  132.803754] MESSAGE_B= 7 4 4 255 4 0 192 64 248 179 0 3725 3738 3738 3722 3427 3473 3433 3458 94 55 55 54 655 611 651 608 0 15 255 255 255 255 191 0 0 0 0 0 0 0 2 2 2 2 
[  133.060238] 
[  133.061781] MESSAGE_B= 7 4 4 255 4 0 192 64 248 179 0 3725 3737 3737 3721 3418 3442 3427 3425 71 83 83 82 678 660 669 664 0 14 255 255 255 255 170 0 0 0 0 0 0 0 2 2 2 2 
[  133.318240] 
[  133.319756] MESSAGE_B= 7 4 4 255 4 0 192 64 248 179 0 3724 3737 3737 3721 3426 3440 3428 3431 95 57 57 57 671 671 672 659 0 12 255 255 255 255 172 0 0 0 0 0 0 0 2 2 2 2 
[  133.576236] 
[  133.577753] MESSAGE_B= 7 4 4 255 4 0 192 64 248 179 0 3724 3736 3736 3720 3427 3437 3425 3430 74 85 85 85 676 684 685 668 0 12 255 255 255 255 165 0 0 0 0 0 0 0 2 2 2 2 
[  133.834239] 
[  133.835755] MESSAGE_B= 7 4 4 255 4 0 192 64 248 179 0 3723 3735 3736 3719 3465 3482 3472 3471 88 97 61 97 611 600 601 594 0 12 255 255 255 255 169 0 0 0 0 0 0 0 2 2 2 2 
[  134.092236] 
[  134.093777] MESSAGE_B= 7 4 4 255 4 0 192 64 248 179 0 3723 3735 3735 3719 3474 3489 3483 3476 77 88 88 88 597 589 584 591 0 12 255 255 255 255 149 0 0 0 0 0 0 0 2 2 2 2 
[  134.350236] 
[  134.351752] MESSAGE_B= 7 4 4 255 4 0 192 64 248 179 0 3698 3710 3710 3695 3484 3480 3491 3472 266 267 267 254 555 570 548 557 0 12 255 255 254 255 133 0 0 0 0 0 0 0 2 2 2 2 
[  134.609233] 
[  134.610747] MESSAGE_B= 7 7 4 255 3 0 192 64 248 179 0 0 0 0 0 0 0 0 0 0 0 0 0 0 0 0 0 1 12 0 0 0 0 0 0 0 0 1 1 1 1 1 1 1 1 
[  134.863230] 
[  134.864769] MESSAGE_B= 7 7 4 255 2 1 192 64 248 179 0 0 0 0 0 0 0 0 0 0 0 0 0 0 0 0 0 1 12 0 0 0 0 0 0 0 0 1 1 1 1 1 1 1 1 
[  135.117234] 
[  135.118749] MESSAGE_B= 7 7 4 255 1 1 192 64 248 179 0 0 0 0 0 0 0 0 0 0 0 0 0 0 0 0 0 1 12 0 0 0 0 0 0 0 0 1 1 1 1 1 1 1 1 
[  135.371235] 
[  135.372750] MESSAGE_B= 7 7 4 255 3 1 192 64 248 179 0 0 0 0 0 0 0 0 0 0 0 0 0 0 0 0 0 1 12 0 0 0 0 0 0 0 0 1 1 1 1 1 1 1 1 
[  135.625233] 
[  135.626750] MESSAGE_B= 7 7 4 255 709 0 192 64 248 179 0 2048 2032 2048 2064 2052 2038 2055 2065 0 0 0 0 65 66 38 57 0 31 0 0 255 253 0 0 0 0 0 0 0 0 0 0 0 0 
[  135.882234] 
[  135.883754] MESSAGE_B= 7 7 4 255 563 0 192 64 248 179 0 2048 2032 2048 2064 2053 2038 2054 2065 0 0 0 0 23 66 67 50 0 31 0 0 255 255 0 0 0 0 0 0 0 0 0 0 0 0 
[  136.139233] 
[  136.140755] MESSAGE_B= 7 7 4 255 639 0 192 64 248 179 0 2048 2032 2048 2056 2053 2038 2054 2058 0 0 0 8 23 63 67 54 0 31 0 0 255 252 0 0 0 255 0 0 0 0 0 0 0 0 
[  136.396231] 
[  136.397746] MESSAGE_B= 7 7 4 255 591 0 192 64 248 179 0 2048 2032 2048 2064 2053 2038 2054 2065 0 0 0 0 23 66 67 50 0 31 0 0 255 255 0 0 0 0 0 0 0 0 0 0 0 0 
[  136.653234] 
[  136.654749] MESSAGE_B= 7 7 4 255 598 0 192 64 248 179 0 2048 2032 2048 2064 2053 2038 2054 2065 0 0 0 0 23 66 67 50 0 31 0 0 255 255 0 0 0 0 0 0 0 0 0 0 0 0 
[  136.910234] 
[  136.911750] MESSAGE_B= 7 7 4 255 590 0 192 64 248 179 0 2048 2032 2048 2064 2053 2038 2054 2065 0 0 0 0 23 66 67 50 0 31 0 0 255 255 0 0 0 0 0 0 0 0 0 0 0 0 
[  137.167232] 
[  137.168746] MESSAGE_B= 7 7 4 255 597 0 192 64 248 179 0 2048 2032 2048 2063 2053 2038 2054 2065 0 0 0 61 23 66 67 54 0 31 0 0 255 254 0 0 0 255 0 0 0 0 0 0 0 0 
[  137.424233] 
[  137.425754] MESSAGE_B= 7 7 4 255 591 0 192 64 248 179 0 2048 2032 2048 2064 2053 2038 2054 2065 0 0 0 0 23 66 67 50 0 31 0 0 255 255 0 0 0 0 0 0 0 0 0 0 0 0 
[  137.681230] 
[  137.682749] MESSAGE_B= 7 7 4 255 597 0 192 64 248 179 0 2048 2032 2048 2063 2053 2038 2054 2065 0 0 0 61 23 66 67 54 0 31 0 0 255 254 0 0 0 255 0 0 0 0 0 0 0 0 
[  137.938236] 
[  137.939751] MESSAGE_B= 7 7 4 255 590 0 192 64 248 179 0 2048 2032 2048 2061 2053 2038 2054 2063 0 0 0 62 23 63 67 62 0 31 0 0 255 250 0 0 0 255 0 0 0 0 0 0 0 0 
[  138.195238] 
[  138.196755] MESSAGE_B= 7 7 4 255 597 0 192 64 248 179 0 2048 2032 2048 2064 2053 2038 2054 2065 0 0 0 0 23 66 67 54 0 31 0 0 255 254 0 0 0 0 0 0 0 0 0 0 0 0 
[  138.452232] 
[  138.453750] MESSAGE_B= 7 7 4 255 591 0 192 64 248 179 0 2048 2032 2048 2055 2053 2038 2054 2058 0 0 0 61 23 63 67 54 0 31 0 0 255 252 0 0 0 252 0 0 0 0 0 0 0 0 
[  138.709233] 
[  138.710749] MESSAGE_B= 7 7 4 255 595 0 192 64 248 179 0 2048 2032 2048 2064 2053 2038 2054 2065 0 0 0 0 23 66 67 54 0 31 0 0 255 254 0 0 0 0 0 0 0 0 0 0 0 0 
[  138.966239] 
[  138.967761] MESSAGE_B= 7 7 4 255 590 0 192 64 248 179 0 2048 2032 2048 2060 2053 2038 2054 2062 0 0 0 6 23 63 67 18 0 31 0 0 255 255 0 0 0 187 0 0 0 0 0 0 0 0 
[  139.223237] 
[  139.224763] MESSAGE_B= 7 7 4 255 595 0 192 64 248 179 0 2048 2032 2048 2064 2053 2038 2054 2065 0 0 0 0 23 66 67 54 0 31 0 0 255 254 0 0 0 0 0 0 0 0 0 0 0 0 
[  139.480236] 
[  139.481753] MESSAGE_B= 7 7 4 255 590 0 192 64 248 179 0 2048 2032 2048 2060 2053 2038 2054 2062 0 0 0 6 23 63 67 18 0 31 0 0 255 255 0 0 0 187 0 0 0 0 0 0 0 0 
[  139.737237] 
[  139.738753] MESSAGE_B= 7 7 4 255 592 0 192 64 248 179 0 2048 2032 2048 2061 2053 2038 2054 2063 0 0 0 62 23 66 67 62 0 31 0 0 255 250 0 0 0 255 0 0 0 0 0 0 0 0 
[  139.995232] 
[  139.996748] MESSAGE_B= 7 7 4 255 592 0 192 64 248 179 0 2048 2032 2048 2064 2053 2038 2054 2065 0 0 0 0 23 63 67 50 0 31 0 0 255 255 0 0 0 0 0 0 0 0 0 0 0 0 
[  140.252236] 
[  140.253776] MESSAGE_B= 7 7 4 255 592 0 192 64 248 179 0 2048 2032 2048 2053 2053 2038 2054 2056 0 0 0 63 23 63 67 64 0 31 0 0 255 254 0 0 0 253 0 0 0 0 0 0 0 0 
[  140.510235] 
[  140.511750] MESSAGE_B= 7 7 4 255 590 0 192 64 248 179 0 2048 2032 2048 2064 2053 2038 2054 2065 0 0 0 0 23 63 67 50 0 31 0 0 255 255 0 0 0 0 0 0 0 0 0 0 0 0 
[  140.767231] 
[  140.768746] MESSAGE_B= 7 7 4 255 589 0 192 64 248 179 0 2048 2032 2048 2057 2053 2038 2054 2060 0 0 0 63 23 66 67 44 0 31 0 0 255 255 0 0 0 255 0 0 0 0 0 0 0 0 
[  141.025232] 
[  141.026750] MESSAGE_B= 7 7 4 255 593 0 192 64 248 179 0 2048 2032 2048 2064 2053 2038 2054 2065 0 0 0 0 23 63 67 50 0 31 0 0 255 255 0 0 0 0 0 0 0 0 0 0 0 0 
[  141.282237] 
[  141.283760] MESSAGE_B= 7 7 4 255 589 0 192 64 248 179 0 2048 2032 2048 2064 2053 2038 2054 2065 0 0 0 0 23 66 67 50 0 31 0 0 255 255 0 0 0 0 0 0 0 0 0 0 0 0 
[  141.539240] 
[  141.540764] MESSAGE_B= 7 7 4 255 590 0 192 64 248 179 0 2048 2032 2048 2061 2053 2038 2054 2063 0 0 0 62 23 63 67 62 0 31 0 0 255 250 0 0 0 255 0 0 0 0 0 0 0 0 
[  141.796236] 
[  141.797755] MESSAGE_B= 7 7 4 255 591 0 192 64 248 179 0 2048 2032 2048 2064 2053 2038 2054 2065 0 0 0 0 23 66 67 50 0 31 0 0 255 255 0 0 0 0 0 0 0 0 0 0 0 0 
[  142.053255] 
[  142.054775] MESSAGE_B= 7 7 4 255 593 0 192 64 248 179 0 2048 2032 2048 2055 2053 2038 2054 2058 0 0 0 61 23 63 67 54 0 31 0 0 255 252 0 0 0 252 0 0 0 0 0 0 0 0 
[  142.311239] 
[  142.312787] MESSAGE_B= 7 7 4 255 588 0 192 64 248 179 0 2048 2032 2048 2064 2053 2038 2054 2065 0 0 0 0 23 66 67 50 0 31 0 0 255 255 0 0 0 0 0 0 0 0 0 0 0 0 
[  142.568234] 
[  142.569776] MESSAGE_B= 7 7 4 255 591 0 192 64 248 179 0 2048 2032 2048 2052 2053 2038 2054 2055 0 0 0 6 23 66 67 16 0 31 0 0 255 255 0 0 0 82 0 0 0 0 0 0 0 0 
[  142.825233] 
[  142.826751] MESSAGE_B= 7 7 4 255 591 0 192 64 248 179 0 2048 2032 2048 2064 2053 2038 2054 2065 0 0 0 0 23 66 67 50 0 31 0 0 255 255 0 0 0 0 0 0 0 0 0 0 0 0 
[  143.082243] 
[  143.083769] MESSAGE_B= 7 7 4 255 591 0 192 64 248 179 0 2048 2032 2048 2048 2053 2038 2054 2051 0 0 0 19 23 66 67 53 0 31 0 0 255 255 0 0 0 255 0 0 0 0 0 0 0 0 
[  143.340232] 
[  143.341800] MESSAGE_B= 7 7 4 255 588 0 192 64 248 179 0 2048 2032 2048 2061 2053 2038 2054 2063 0 0 0 62 23 66 67 62 0 31 0 0 255 251 0 0 0 255 0 0 0 0 0 0 0 0 
[  143.598272] 
[  143.599795] MESSAGE_B= 7 7 4 255 595 0 192 64 248 179 0 2048 2032 2048 2048 2053 2038 2054 2051 0 0 0 19 23 66 67 53 0 31 0 0 255 255 0 0 0 255 0 0 0 0 0 0 0 0 
[  143.856233] 
[  143.857760] MESSAGE_B= 7 7 4 255 591 0 192 64 248 179 0 2048 2032 2048 2055 2053 2038 2054 2058 0 0 0 61 23 63 67 54 0 31 0 0 255 252 0 0 0 252 0 0 0 0 0 0 0 0 
[  144.113238] 
[  144.114759] MESSAGE_B= 7 7 4 255 592 0 192 64 248 179 0 2048 2032 2048 2048 2053 2038 2054 2051 0 0 0 19 23 66 67 53 0 31 0 0 255 255 0 0 0 255 0 0 0 0 0 0 0 0 
[  144.370240] 
[  144.371758] MESSAGE_B= 7 7 4 255 590 0 192 64 248 179 0 2048 2032 2048 2060 2053 2038 2054 2062 0 0 0 6 23 63 67 18 0 31 0 0 255 255 0 0 0 187 0 0 0 0 0 0 0 0 
[  144.627241] 
[  144.628757] MESSAGE_B= 7 7 4 255 597 0 192 64 248 179 0 2048 2032 2048 2048 2053 2038 2054 2051 0 0 0 19 23 66 67 53 0 31 0 0 255 255 0 0 0 255 0 0 0 0 0 0 0 0 
[  144.884235] 
[  144.885778] MESSAGE_B= 7 7 4 255 591 0 192 64 248 179 0 2048 2032 2048 2064 2053 2038 2054 2065 0 0 0 0 23 66 67 50 0 31 0 0 255 255 0 0 0 0 0 0 0 0 0 0 0 0 
[  145.141239] 
[  145.142802] MESSAGE_B= 7 7 4 255 597 0 192 64 248 179 0 2048 2032 2048 2056 2053 2038 2054 2058 0 0 0 8 23 63 67 54 0 31 0 0 255 252 0 0 0 255 0 0 0 0 0 0 0 0 
[  145.398245] 
[  145.399769] MESSAGE_B= 7 7 4 255 591 0 192 64 248 179 0 2048 2032 2048 2064 2053 2038 2054 2065 0 0 0 0 23 66 67 50 0 31 0 0 255 255 0 0 0 0 0 0 0 0 0 0 0 0 
[  145.655249] 
[  145.656774] MESSAGE_B= 7 7 4 255 703 0 192 64 248 179 0 2048 2032 2048 2064 2053 2039 2054 2065 0 0 0 0 23 31 67 54 0 31 0 0 255 255 0 0 0 0 0 0 0 0 0 0 0 0 
[  145.912234] 
[  145.913751] MESSAGE_B= 7 7 4 255 705 0 192 64 248 179 0 2048 2032 2048 2064 2053 2039 2054 2065 0 0 0 0 23 31 67 54 0 31 0 0 255 255 0 0 0 0 0 0 0 0 0 0 0 0 
