[ 1611.436664] MESSAGE_B= 0 0 0 16 2 4 192 64 248 179 0 0 0 0 0 0 816 0 1072 0 0 0 0 0 0 0 0 0 12 0 0 0 0 0 0 0 0 0 0 0 0 0 0 0 0 
[ 1611.569144] 
[ 1611.570704] MESSAGE_B= 0 0 0 16 1 5 192 64 248 179 0 16 16 16 16 16 194 16 265 0 0 0 0 0 416 0 579 0 6 0 0 0 255 255 252 254 0 2 2 0 0 2 2 2 2 
[ 1611.704142] 
[ 1611.705658] MESSAGE_B= 0 0 0 16 1 4 192 64 248 179 0 554 16 519 16 16 238 16 329 500 0 468 0 0 491 0 691 0 6 255 0 0 255 0 251 254 0 2 2 0 0 2 2 2 2 
[ 1611.840147] 
[ 1611.841667] MESSAGE_B= 0 0 0 16 1 5 192 64 248 179 0 572 35 536 36 16 238 16 329 494 138 464 140 0 492 0 691 0 6 255 255 0 255 0 251 254 245 2 2 0 0 2 2 2 2 
[ 1611.976142] 
[ 1611.977659] MESSAGE_B= 0 0 0 16 1 5 192 64 248 179 0 571 90 532 92 59 238 57 329 494 258 461 263 215 492 203 691 0 6 255 255 255 255 251 251 255 251 2 2 0 0 2 2 2 2 
[ 1612.113145] 
[ 1612.114662] MESSAGE_B= 0 0 0 16 1 5 192 64 248 179 0 585 72 547 74 16 253 16 351 490 227 459 232 0 502 0 705 0 6 255 255 0 255 0 251 255 247 2 2 0 0 2 2 2 2 
[ 1612.249140] 
[ 1612.250656] MESSAGE_B= 0 0 0 16 1 5 192 64 248 179 0 658 139 611 143 100 249 96 344 488 302 455 311 292 492 277 690 0 6 255 255 255 255 252 251 255 0 2 2 0 0 2 2 2 2 
[ 1612.386147] 
[ 1612.387665] MESSAGE_B= 0 0 0 16 1 5 192 64 248 179 0 625 154 583 156 100 253 96 346 489 319 457 325 290 501 277 694 0 6 255 255 255 255 252 252 255 234 2 2 0 0 2 2 2 2 
[ 1612.523137] 
[ 1612.524656] MESSAGE_B= 0 0 0 16 1 4 192 64 248 179 0 633 154 589 156 80 233 77 319 492 320 459 326 257 480 244 668 0 6 255 255 255 255 248 252 255 233 2 2 0 0 2 2 2 2 
[ 1612.660146] 
[ 1612.661663] MESSAGE_B= 0 0 0 16 1 4 192 64 248 179 0 659 229 611 235 101 240 96 319 492 382 456 394 296 496 277 669 0 6 255 255 255 255 252 251 254 251 2 2 0 0 2 2 2 2 
[ 1612.797138] 
[ 1612.798658] MESSAGE_B= 0 0 0 16 1 4 192 64 248 179 0 639 164 592 169 16 233 16 310 495 326 459 337 0 482 0 649 0 6 255 255 0 255 0 251 255 0 2 2 0 0 2 2 2 2 
[ 1612.933142] 
[ 1612.934657] MESSAGE_B= 0 0 0 16 1 4 192 64 248 179 0 630 138 582 137 16 156 16 200 496 299 460 296 0 400 0 521 0 6 255 255 0 255 0 252 255 0 2 2 0 0 2 2 2 2 
[ 1613.069137] 
[ 1613.070653] MESSAGE_B= 0 0 0 16 1 4 192 64 248 179 0 562 16 513 16 16 38 16 46 498 0 456 0 0 153 0 212 0 6 255 0 0 255 0 255 254 0 2 2 0 0 2 2 2 2 
[ 1613.204144] 
[ 1613.205685] MESSAGE_B= 0 0 0 16 1 3 192 64 248 179 0 503 16 454 16 16 16 16 16 499 0 449 0 0 0 0 0 0 6 255 0 0 0 0 254 254 0 2 2 0 0 2 2 2 2 
[ 1613.339139] 
[ 1613.340664] MESSAGE_B= 0 0 0 16 1 4 192 64 248 179 0 427 16 385 16 16 16 16 16 490 0 440 0 0 0 0 0 0 6 255 0 0 0 0 254 254 0 2 2 0 0 2 2 2 2 
[ 1613.475149] 
[ 1613.476666] MESSAGE_B= 0 0 0 16 1 3 192 64 248 179 0 140 16 129 16 16 16 16 16 325 0 298 0 0 0 0 0 0 6 255 0 0 0 0 0 255 0 2 2 0 0 2 2 2 2 
[ 1613.610139] 
[ 1613.611653] MESSAGE_B= 0 0 0 16 2 3 192 64 248 179 0 34 16 33 16 16 16 16 16 129 0 122 0 0 0 0 0 0 6 255 0 0 0 0 0 0 0 2 2 0 0 2 2 2 2 
[ 1613.744142] 
[ 1613.745680] MESSAGE_B= 0 0 0 16 2 3 192 64 248 179 0 16 16 16 16 16 16 16 16 0 0 0 0 0 0 0 0 0 6 0 0 0 0 0 0 0 0 2 2 0 0 2 2 2 2 
[ 1613.878144] 
[ 1613.879659] MESSAGE_B= 0 0 0 16 2 3 192 64 248 179 0 16 16 16 16 16 16 16 16 0 0 0 0 0 0 0 0 0 6 0 0 0 0 0 0 0 0 2 0 0 0 2 2 2 2 
[ 1614.012147] 
[ 1614.013689] MESSAGE_B= 0 0 0 16 2 3 192 64 248 179 0 16 16 16 16 16 44 16 42 0 0 0 0 0 196 0 185 0 6 0 0 0 255 0 0 0 0 0 0 0 0 2 2 2 2 
[ 1614.146145] 
[ 1614.147660] MESSAGE_B= 0 0 0 16 1 4 192 64 248 179 0 16 16 16 16 16 16 16 16 0 0 0 0 0 0 0 0 0 6 0 0 0 0 0 0 0 255 0 0 0 0 2 2 2 2 
[ 1614.280142] 
[ 1614.281656] MESSAGE_B= 0 0 0 16 1 4 192 64 248 179 0 16 16 16 16 16 16 16 16 0 0 0 0 0 0 0 0 0 6 0 0 0 0 0 0 0 254 2 2 0 0 2 2 2 2 
[ 1614.414142] 
[ 1614.415664] MESSAGE_B= 0 0 0 16 1 7 192 64 248 179 0 16 16 16 16 16 16 16 16 0 0 0 0 0 0 0 0 0 6 0 0 0 0 0 0 0 0 2 2 0 0 2 2 2 2 
[ 1614.548142] 
[ 1614.549662] MESSAGE_B= 0 0 0 16 1 4 192 64 248 179 0 353 16 352 16 16 16 16 16 478 0 477 0 0 0 0 0 0 6 255 0 0 0 0 0 0 0 0 2 0 0 2 2 2 2 
[ 1614.682141] 
[ 1614.683660] MESSAGE_B= 0 0 0 16 1 3 192 64 248 179 0 368 16 369 16 16 16 16 16 478 0 479 0 0 0 0 0 0 6 255 0 0 0 0 0 0 0 0 2 0 0 2 2 2 2 
[ 1614.816141] 
[ 1614.817677] MESSAGE_B= 0 0 0 16 1 3 192 64 248 179 0 55 16 55 16 16 16 16 16 194 0 194 0 0 0 0 0 0 6 255 0 0 0 0 0 0 0 0 2 0 0 2 2 2 2 
[ 1614.950137] 
[ 1614.951651] MESSAGE_B= 0 0 0 16 1 3 192 64 248 179 0 16 16 16 16 16 16 16 16 0 0 0 0 0 0 0 0 0 6 0 0 0 0 0 0 0 0 0 0 0 0 2 2 2 2 
[ 1615.084152] 
[ 1615.085668] MESSAGE_B= 0 0 0 16 1 3 192 64 248 179 0 16 16 16 16 16 16 16 16 0 0 0 0 0 0 0 0 0 6 0 0 0 0 0 0 0 0 0 0 0 0 2 2 2 2 
[ 1615.218140] 
[ 1615.219654] MESSAGE_B= 0 0 0 16 1 3 192 64 248 179 0 16 16 16 16 16 16 16 16 0 0 0 0 0 0 0 0 0 6 0 0 0 0 0 0 0 0 0 0 0 0 2 2 2 2 
[ 1615.352139] 
[ 1615.353654] MESSAGE_B= 0 0 0 16 1 4 192 64 248 179 0 16 16 16 16 16 16 16 16 0 0 0 0 0 0 0 0 0 6 0 0 0 0 0 0 0 0 0 0 0 0 2 2 2 2 
[ 1615.486145] 
[ 1615.487659] MESSAGE_B= 0 0 0 16 1 3 192 64 248 179 0 16 16 16 16 16 16 16 16 0 0 0 0 0 0 0 0 0 6 0 0 0 0 0 0 0 0 0 0 0 0 2 2 2 2 
[ 1615.620143] 
[ 1615.621657] MESSAGE_B= 0 0 0 16 1 3 192 64 248 179 0 16 16 16 16 16 16 16 16 0 0 0 0 0 0 0 0 0 6 0 0 0 0 0 0 0 0 0 0 0 0 2 2 2 2 
[ 1615.754135] 
[ 1615.755649] MESSAGE_B= 0 0 0 16 1 3 192 64 248 179 0 16 16 16 16 16 16 16 16 0 0 0 0 0 0 0 0 0 6 0 0 0 0 0 0 0 0 0 0 0 0 2 2 2 2 
[ 1615.888138] 
[ 1615.889658] MESSAGE_B= 0 0 0 16 1 2 192 64 248 179 0 16 16 16 16 16 16 16 16 0 0 0 0 0 0 0 0 0 6 0 0 0 0 0 0 0 0 0 0 0 0 2 2 2 2 
[ 1616.022138] 
[ 1616.023664] MESSAGE_B= 0 0 0 16 1 2 192 64 248 179 0 16 16 16 16 16 16 16 16 0 0 0 0 0 0 0 0 0 6 0 0 0 0 0 0 0 0 0 0 0 0 2 2 2 2 
[ 1616.156141] 
[ 1616.157661] MESSAGE_B= 0 0 0 16 1 4 192 64 248 179 0 16 16 16 16 16 16 16 16 0 0 0 0 0 0 0 0 0 6 0 0 0 0 0 0 0 0 0 0 0 0 2 2 2 2 
[ 1616.290147] 
[ 1616.291663] MESSAGE_B= 0 0 0 16 1 2 192 64 248 179 0 16 190 16 323 16 16 16 16 0 402 0 724 0 0 0 0 0 6 0 248 0 0 0 0 0 0 0 0 0 0 2 2 2 2 
[ 1616.424142] 
[ 1616.425658] MESSAGE_B= 0 0 0 16 1 3 192 64 248 179 0 16 221 16 369 16 131 16 130 0 449 0 789 0 207 0 204 0 6 0 251 0 255 0 0 83 194 0 2 0 0 2 2 2 2 
[ 1616.559140] 
[ 1616.560656] MESSAGE_B= 0 4 0 16 1 2 192 64 248 179 0 38 246 41 418 112 208 112 207 156 481 176 848 192 236 192 234 0 6 255 254 255 255 0 68 102 190 0 0 0 0 2 2 2 2 
[ 1616.696142] 
[ 1616.697659] MESSAGE_B= 0 4 0 16 1 3 192 64 248 179 0 16 281 16 463 148 256 165 253 0 510 0 873 210 240 239 238 0 6 0 252 254 255 0 0 135 49 0 0 0 0 2 2 2 2 
[ 1616.832141] 
[ 1616.833712] MESSAGE_B= 0 4 0 16 1 3 192 64 248 179 0 16 295 16 489 232 288 240 284 0 517 0 890 231 236 242 233 0 6 0 252 254 255 0 245 181 129 0 0 0 0 2 2 2 2 
[ 1616.968162] 
[ 1616.969678] MESSAGE_B= 0 4 0 16 1 3 192 64 248 179 0 16 246 16 418 259 305 260 302 0 482 0 848 228 230 229 228 0 6 0 254 255 255 0 20 129 114 0 0 0 0 2 2 2 2 
[ 1617.104142] 
[ 1617.105658] MESSAGE_B= 0 0 0 16 1 3 192 64 248 179 0 0 1270 0 2106 0 0 0 0 0 22 0 298 0 0 0 0 0 6 0 121 0 0 0 0 0 0 0 0 0 0 0 0 0 0 
[ 1617.238144] 
[ 1617.239667] MESSAGE_B= 0 0 4 16 1 2 192 64 248 179 0 0 1264 0 1980 0 0 0 0 0 29 0 370 0 0 0 0 0 6 0 254 0 0 0 0 0 0 0 0 0 0 0 0 0 0 
[ 1617.372140] 
[ 1617.373664] MESSAGE_B= 0 0 4 16 1 2 192 64 248 179 0 0 1200 0 1360 0 0 0 0 0 0 0 0 0 0 0 0 0 6 0 0 0 0 0 0 0 0 0 0 0 0 0 0 0 0 
[ 1617.506143] 
[ 1617.507665] MESSAGE_B= 0 0 4 16 1 2 192 64 248 179 0 0 1248 0 1376 0 0 0 0 0 0 0 0 0 0 0 0 0 6 0 0 0 0 0 0 0 0 0 0 0 0 0 0 0 0 
[ 1617.640144] 
[ 1617.641659] MESSAGE_B= 0 0 0 16 1 2 192 64 248 179 0 0 1216 0 1376 0 0 0 0 0 0 0 0 0 0 0 0 0 6 0 0 0 0 0 0 0 0 0 0 0 0 0 0 0 0 
[ 1617.774139] 
[ 1617.775654] MESSAGE_B= 0 0 0 16 1 2 192 64 248 179 0 0 1216 0 1360 0 0 0 0 0 0 0 0 0 0 0 0 0 6 0 0 0 0 0 0 0 0 0 0 0 0 0 0 0 0 
[ 1617.908140] 
[ 1617.909691] MESSAGE_B= 0 0 0 16 1 2 192 64 248 179 0 0 0 0 0 0 0 0 0 0 0 0 0 0 0 0 0 0 6 0 0 0 0 0 0 0 0 0 0 0 0 0 0 0 0 
[ 1618.041144] 
[ 1618.042660] MESSAGE_B= 0 0 0 16 1 2 192 64 248 179 0 0 0 0 0 0 0 0 0 0 0 0 0 0 0 0 0 0 6 0 0 0 0 0 0 0 0 0 0 0 0 0 0 0 0 
[ 1618.174163] 
[ 1618.175680] MESSAGE_B= 0 0 0 16 1 2 192 64 248 179 0 0 1200 0 1360 0 0 0 0 0 0 0 0 0 0 0 0 0 6 0 0 0 0 0 0 0 0 0 0 0 0 0 0 0 0 
[ 1618.308141] 
[ 1618.309680] MESSAGE_B= 0 0 0 16 1 2 192 64 248 179 0 0 0 0 0 0 0 0 0 0 0 0 0 0 0 0 0 0 6 0 0 0 0 0 0 0 0 0 0 0 0 0 0 0 0 
[ 1618.441148] 
[ 1618.442664] MESSAGE_B= 0 0 0 16 1 2 192 64 248 179 0 0 1216 0 1360 0 0 0 0 0 0 0 0 0 0 0 0 0 6 0 0 0 0 0 0 0 0 0 0 0 0 0 0 0 0 
[ 1618.575148] 
[ 1618.576663] MESSAGE_B= 0 0 0 16 1 2 192 64 248 179 0 0 0 0 0 0 0 0 0 0 0 0 0 0 0 0 0 0 6 0 0 0 0 0 0 0 0 0 0 0 0 0 0 0 0 
[ 1618.708146] 
[ 1618.709660] MESSAGE_B= 0 0 0 16 1 2 192 64 248 179 0 0 0 0 0 0 0 0 0 0 0 0 0 0 0 0 0 0 6 0 0 0 0 0 0 0 0 0 0 0 0 0 0 0 0 
[ 1618.841140] 
[ 1618.842654] MESSAGE_B= 0 0 0 16 2 2 192 64 248 179 0 0 0 0 0 0 0 0 0 0 0 0 0 0 0 0 0 0 6 0 0 0 0 0 0 0 0 0 0 0 0 0 0 0 0 
[ 1618.974150] 
[ 1618.975666] MESSAGE_B= 0 0 0 16 1 2 192 64 248 179 0 0 0 0 0 0 0 0 0 0 0 0 0 0 0 0 0 0 6 0 0 0 0 0 0 0 0 0 0 0 0 0 0 0 0 
[ 1619.107145] 
[ 1619.108662] MESSAGE_B= 0 0 0 16 1 2 192 64 248 179 0 0 0 0 0 0 0 0 0 0 0 0 0 0 0 0 0 0 6 0 0 0 0 0 0 0 0 0 0 0 0 0 0 0 0 
[ 1619.240143] 
[ 1619.241661] MESSAGE_B= 0 0 0 16 1 2 192 64 248 179 0 0 0 0 0 0 0 0 0 0 0 0 0 0 0 0 0 0 6 0 0 0 0 0 0 0 0 0 0 0 0 0 0 0 0 
[ 1619.373146] 
[ 1619.374666] MESSAGE_B= 0 0 0 16 2 2 192 64 248 179 0 0 1232 0 1312 0 0 0 0 0 0 0 0 0 0 0 0 0 6 0 0 0 0 0 0 0 0 0 0 0 0 0 0 0 0 
[ 1619.507151] 
[ 1619.508669] MESSAGE_B= 0 0 0 16 2 2 192 64 248 179 0 0 1232 0 1296 0 0 0 0 0 0 0 0 0 0 0 0 0 6 0 0 0 0 0 0 0 0 0 0 0 0 0 0 0 0 
[ 1619.641143] 
[ 1619.642657] MESSAGE_B= 0 0 0 16 2 2 192 64 248 179 0 0 0 0 0 0 0 0 0 0 0 0 0 0 0 0 0 0 6 0 0 0 0 0 0 0 0 0 0 0 0 0 0 0 0 
[ 1619.774148] 
[ 1619.775663] MESSAGE_B= 0 0 0 16 1 2 192 64 248 179 0 0 0 0 0 0 0 0 0 0 0 0 0 0 0 0 0 0 6 0 0 0 0 0 0 0 0 0 0 0 0 0 0 0 0 
[ 1619.907165] 
[ 1619.908681] MESSAGE_B= 0 0 0 16 1 2 192 64 248 179 0 0 1232 0 1280 0 0 0 0 0 0 0 0 0 0 0 0 0 6 0 0 0 0 0 0 0 0 0 0 0 0 0 0 0 0 
[ 1620.041144] 
[ 1620.042659] MESSAGE_B= 0 0 0 16 1 2 192 64 248 179 0 0 0 0 0 0 0 0 0 0 0 0 0 0 0 0 0 0 6 0 0 0 0 0 0 0 0 0 0 0 0 0 0 0 0 
[ 1620.174151] 
[ 1620.175668] MESSAGE_B= 0 0 0 16 1 2 192 64 248 179 0 0 1320 0 1792 0 0 0 0 0 88 0 480 0 0 0 0 0 6 0 255 0 0 0 0 0 0 0 0 0 0 0 0 0 0 
[ 1620.308142] 
[ 1620.309657] MESSAGE_B= 0 0 0 16 1 3 192 64 248 179 0 0 1339 0 1974 0 0 0 0 0 82 0 426 0 0 0 0 0 6 0 198 0 0 0 0 0 0 0 0 0 0 0 0 0 0 
[ 1620.442156] 
[ 1620.443674] MESSAGE_B= 0 0 0 16 1 2 192 64 248 179 0 0 1328 0 2154 0 0 0 0 0 67 0 322 0 0 0 0 0 6 0 116 0 0 0 0 0 0 0 0 0 0 0 0 0 0 
[ 1620.576145] 
[ 1620.577660] MESSAGE_B= 0 0 0 16 2 2 192 64 248 179 0 0 1325 0 2096 0 0 0 0 0 77 0 353 0 0 0 0 0 6 0 110 0 0 0 0 0 0 0 0 0 0 0 0 0 0 
[ 1620.710141] 
[ 1620.711658] MESSAGE_B= 0 0 0 16 3 2 192 64 248 179 0 0 1312 0 2166 0 0 0 0 0 66 0 263 0 0 0 0 0 6 0 99 0 0 0 0 0 0 0 0 2 0 0 0 2 2 
[ 1620.844142] 
[ 1620.845657] MESSAGE_B= 0 0 0 16 5 2 192 64 248 179 0 0 1336 0 2258 0 0 0 0 0 76 0 90 0 0 0 0 0 6 0 116 0 0 0 0 0 0 0 0 0 0 0 0 0 0 
[ 1620.978156] 
[ 1620.979675] MESSAGE_B= 0 0 0 16 5 3 192 64 248 179 0 0 1354 0 2257 0 0 0 0 0 72 0 71 0 0 0 0 0 6 0 43 0 0 0 0 0 0 0 0 0 0 0 0 0 2 
[ 1621.112143] 
[ 1621.113659] MESSAGE_B= 0 0 0 16 5 2 192 64 248 179 0 0 1341 0 2250 0 0 0 0 0 49 0 83 0 0 0 0 0 6 0 135 0 0 0 0 0 0 0 0 0 0 0 0 0 2 
[ 1621.246139] 
[ 1621.247656] MESSAGE_B= 0 0 0 16 5 2 192 64 248 179 0 0 1360 0 2240 0 0 0 0 0 58 0 77 0 0 0 0 0 6 0 69 0 0 0 0 0 0 0 0 0 0 0 0 0 2 
[ 1621.380149] 
[ 1621.381670] MESSAGE_B= 0 0 0 16 6 2 192 64 248 179 0 0 1388 0 2246 0 0 0 0 0 67 0 85 0 0 0 0 0 6 0 161 0 0 0 0 0 0 0 2 0 0 0 0 0 2 
[ 1621.514146] 
[ 1621.515671] MESSAGE_B= 0 0 0 16 5 2 192 64 248 179 0 0 1389 0 2219 0 0 0 0 0 59 0 104 0 0 0 0 0 6 0 163 0 0 0 0 0 0 0 2 0 0 0 0 0 2 
[ 1621.648144] 
[ 1621.649682] MESSAGE_B= 0 0 0 16 4 2 192 64 248 179 0 0 1416 0 2218 0 0 0 0 0 76 0 104 0 0 0 0 0 6 0 139 0 0 0 0 0 0 0 2 0 0 0 0 0 2 
[ 1621.782140] 
[ 1621.783656] MESSAGE_B= 0 0 0 16 4 2 192 64 248 179 0 0 1412 0 2186 0 0 0 0 0 75 0 134 0 0 0 0 0 6 0 201 0 0 0 0 0 0 0 2 0 0 0 0 0 2 
[ 1621.916143] 
[ 1621.917693] MESSAGE_B= 0 0 0 16 3 2 192 64 248 179 0 0 1409 0 2157 0 0 0 0 0 73 0 148 0 0 0 0 0 6 0 217 0 0 0 0 0 0 0 2 0 0 0 0 0 2 
[ 1622.050146] 
[ 1622.051662] MESSAGE_B= 0 0 0 16 3 2 192 64 248 179 0 0 1401 0 2058 0 0 0 0 0 80 0 254 0 0 0 0 0 6 0 211 0 0 0 0 0 0 0 2 0 0 0 0 0 2 
[ 1622.184150] 
[ 1622.185665] MESSAGE_B= 0 0 0 16 3 2 192 64 248 179 0 0 1381 0 1986 0 0 0 0 0 81 0 219 0 0 0 0 0 6 0 216 0 0 0 0 0 0 0 2 0 0 0 0 0 2 
[ 1622.318141] 
[ 1622.319657] MESSAGE_B= 0 0 0 16 3 3 192 64 248 179 0 0 1368 0 1994 0 0 0 0 0 90 0 118 0 0 0 0 0 6 0 247 0 0 0 0 0 0 0 2 0 0 0 0 0 2 
[ 1622.452182] 
[ 1622.453749] MESSAGE_B= 0 0 0 16 3 3 192 64 248 179 0 0 1342 0 1933 0 0 0 0 0 89 0 170 0 0 0 0 0 6 0 222 0 0 0 0 0 0 0 2 0 0 0 0 0 2 
[ 1622.586140] 
[ 1622.587652] MESSAGE_B= 0 0 0 16 4 3 192 64 248 179 0 0 1326 0 1933 0 0 0 0 0 85 0 122 0 0 0 0 0 6 0 250 0 0 0 0 0 0 0 2 0 0 0 0 0 2 
[ 1622.720140] 
[ 1622.721653] MESSAGE_B= 0 0 0 16 3 3 192 64 248 179 0 0 1314 0 1944 0 0 0 0 0 79 0 87 0 0 0 0 0 6 0 249 0 0 0 0 0 0 2 2 0 0 0 0 2 2 
[ 1622.854136] 
[ 1622.855649] MESSAGE_B= 0 0 0 16 3 2 192 64 248 179 0 0 1284 0 1981 1411 0 980 0 0 59 0 63 174 0 44 0 0 6 0 188 140 0 0 0 50 190 2 2 0 2 2 0 0 2 
[ 1622.989145] 
[ 1622.990683] MESSAGE_B= 0 0 0 16 3 1 192 64 248 179 0 1545 1262 1724 2016 0 0 0 0 546 64 428 66 0 0 0 0 0 6 246 185 0 0 0 0 21 107 2 2 2 2 0 0 2 2 
[ 1623.124140] 
[ 1623.125680] MESSAGE_B= 0 4 0 16 4 2 192 64 248 179 0 1260 825 981 1154 358 450 723 736 843 497 588 717 237 298 478 558 0 31 216 251 235 233 94 192 179 219 0 0 0 0 0 0 0 0 
[ 1623.261168] 
[ 1623.262725] MESSAGE_B= 0 7 0 16 3 2 192 64 248 179 0 1149 1177 1020 1162 517 528 754 746 699 713 618 737 410 382 523 544 0 31 250 233 229 247 213 191 190 220 0 0 0 0 0 0 0 0 
[ 1623.399141] 
[ 1623.400654] MESSAGE_B= 0 0 0 16 3 2 192 64 248 179 0 36 583 54 531 435 496 534 629 140 938 269 820 762 876 576 839 0 6 255 245 197 200 0 223 149 250 2 2 2 2 2 2 0 2 
[ 1623.536143] 
[ 1623.537658] MESSAGE_B= 0 7 0 16 2 2 192 64 248 179 0 855 978 1234 1215 545 680 943 1235 515 589 744 787 416 501 626 763 0 31 253 241 242 236 225 212 182 190 0 0 0 0 0 0 0 0 
[ 1623.674143] 
[ 1623.675656] MESSAGE_B= 0 4 0 16 2 2 192 64 248 179 0 836 898 1263 1301 529 658 986 1272 504 546 766 819 421 495 673 779 0 31 253 249 231 222 223 224 191 175 0 0 0 0 0 0 0 0 
[ 1623.812140] 
[ 1623.813653] MESSAGE_B= 0 4 0 16 2 2 192 64 248 179 0 832 868 1289 1260 515 633 972 1201 499 531 779 780 428 479 696 791 0 31 254 252 245 236 233 229 214 205 0 0 0 0 0 0 0 0 
[ 1623.950143] 
[ 1623.951653] MESSAGE_B= 0 4 0 16 2 2 192 64 248 179 0 799 815 1298 1233 501 585 952 1020 477 496 792 767 409 459 695 758 0 31 252 254 250 251 230 229 224 234 0 0 0 0 0 0 0 0 
[ 1624.088145] 
[ 1624.089811] MESSAGE_B= 0 4 0 16 3 2 192 64 248 179 0 764 797 1270 1201 510 553 897 935 459 482 771 757 409 418 682 710 0 31 253 252 252 254 232 229 225 239 0 0 0 0 0 0 0 0 
[ 1624.226148] 
[ 1624.227718] MESSAGE_B= 0 4 4 16 3 2 192 64 248 179 0 738 780 1254 1183 535 554 850 900 442 469 764 747 420 412 688 666 0 31 254 250 255 253 230 228 232 240 0 0 0 0 0 0 0 0 
[ 1624.364139] 
[ 1624.365660] MESSAGE_B= 0 4 4 16 4 2 192 64 248 179 0 706 751 1221 1147 552 551 813 874 427 447 747 720 428 406 683 659 0 31 252 247 254 253 228 215 239 236 0 0 0 0 0 0 0 0 
[ 1624.502146] 
[ 1624.503662] MESSAGE_B= 0 0 4 16 4 2 192 64 248 179 0 290 16 432 16 333 339 425 527 490 0 746 0 356 341 539 677 0 6 255 0 250 237 255 0 245 253 2 0 2 2 2 2 0 2 
[ 1624.638161] 
[ 1624.639692] MESSAGE_B= 0 0 4 16 4 3 192 64 248 179 0 304 16 426 16 354 355 464 583 500 0 712 0 385 343 507 735 0 6 255 0 254 231 255 0 239 254 2 0 2 2 2 2 0 2 
[ 1624.775142] 
[ 1624.776658] MESSAGE_B= 0 0 4 16 4 3 192 64 248 179 0 302 16 412 16 375 355 462 592 495 0 687 0 404 332 503 752 0 6 255 0 255 230 255 0 232 253 2 0 2 2 2 2 0 2 
[ 1624.911142] 
[ 1624.912658] MESSAGE_B= 0 0 4 16 4 2 192 64 248 179 0 277 16 424 16 380 338 462 591 485 0 757 0 422 321 544 760 0 6 255 0 254 224 255 0 237 250 2 0 2 2 2 2 0 2 
[ 1625.048145] 
[ 1625.049662] MESSAGE_B= 0 0 0 16 5 2 192 64 248 179 0 162 244 244 328 382 315 461 488 382 502 597 686 425 323 559 677 0 6 255 255 254 231 255 246 243 249 2 0 2 2 2 2 2 2 
[ 1625.185141] 
[ 1625.186658] MESSAGE_B= 0 0 0 16 3 2 192 64 248 179 0 124 203 171 267 391 400 478 590 334 461 482 616 428 444 576 744 0 6 255 255 253 212 254 196 243 251 2 0 2 2 2 2 2 2 
[ 1625.322139] 
[ 1625.323660] MESSAGE_B= 0 0 0 16 3 1 192 64 248 179 0 16 170 16 207 398 564 502 725 0 438 0 544 436 587 599 801 0 6 0 255 253 231 0 190 245 250 2 0 2 2 2 2 2 2 
[ 1625.458142] 
[ 1625.459690] MESSAGE_B= 0 0 0 16 3 1 192 64 248 179 0 16 121 16 148 402 560 513 660 0 366 0 460 432 584 596 765 0 6 0 255 253 242 0 237 243 255 2 0 2 2 2 2 2 2 
[ 1625.594142] 
[ 1625.595658] MESSAGE_B= 0 0 0 16 3 2 192 64 248 179 0 16 16 16 16 419 579 548 662 0 0 0 0 443 583 603 759 0 6 0 0 254 218 0 230 237 0 2 0 2 2 2 2 2 2 
[ 1625.730140] 
[ 1625.731662] MESSAGE_B= 0 0 0 16 4 2 192 64 248 179 0 16 16 16 16 434 580 566 653 0 0 0 0 453 598 599 755 0 6 0 0 254 200 0 229 228 0 2 0 2 2 2 2 2 2 
[ 1625.866145] 
[ 1625.867660] MESSAGE_B= 0 0 0 16 3 2 192 64 248 179 0 16 16 16 16 410 666 533 664 0 0 0 0 445 648 576 753 0 6 0 0 255 210 0 230 224 0 2 0 2 2 2 2 2 2 
[ 1626.002138] 
[ 1626.003654] MESSAGE_B= 0 0 0 16 4 1 192 64 248 179 0 16 16 16 16 382 695 487 588 0 0 0 0 435 684 541 726 0 6 0 0 253 228 0 226 214 0 2 0 2 2 2 2 2 2 
[ 1626.138140] 
[ 1626.139665] MESSAGE_B= 0 0 0 16 4 1 192 64 248 179 0 16 16 16 16 361 601 441 491 0 0 0 0 430 628 519 669 0 6 0 0 251 213 0 251 208 0 2 0 2 2 2 2 2 2 
[ 1626.274144] 
[ 1626.275660] MESSAGE_B= 0 0 0 16 4 1 192 64 248 179 0 16 16 16 16 396 559 500 434 0 0 0 0 446 594 539 631 0 6 0 0 229 202 0 251 191 0 2 0 2 2 2 2 2 2 
[ 1626.410143] 
[ 1626.411659] MESSAGE_B= 0 0 0 16 3 2 192 64 248 179 0 16 16 16 16 395 609 515 440 0 0 0 0 452 641 543 629 0 6 0 0 223 208 0 247 173 0 2 0 2 2 2 2 2 2 
[ 1626.546147] 
[ 1626.547666] MESSAGE_B= 0 0 0 16 3 2 192 64 248 179 0 16 16 16 16 345 587 506 415 0 0 0 0 418 632 533 613 0 6 0 0 212 203 0 243 149 0 2 0 2 2 2 2 2 2 
[ 1626.682139] 
[ 1626.683656] MESSAGE_B= 0 0 0 16 2 2 192 64 248 179 0 16 16 16 16 319 592 534 398 0 0 0 0 400 643 564 601 0 6 0 0 203 203 0 238 108 0 2 0 2 2 2 2 2 2 
[ 1626.818142] 
[ 1626.819661] MESSAGE_B= 0 0 0 16 2 2 192 64 248 179 0 16 16 16 16 320 599 560 405 0 0 0 0 399 645 574 603 0 6 0 0 204 209 0 245 97 0 2 0 2 2 2 2 2 2 
[ 1626.954142] 
[ 1626.955664] MESSAGE_B= 0 0 0 16 3 2 192 64 248 179 0 16 16 16 16 333 575 570 388 0 0 0 0 407 614 569 590 0 6 0 0 192 211 0 244 30 0 2 0 2 2 2 2 2 2 
[ 1627.089140] 
[ 1627.090797] MESSAGE_B= 0 0 0 16 2 1 192 64 248 179 0 16 16 16 16 325 517 537 352 0 0 0 0 408 575 583 561 0 6 0 0 169 213 0 249 34 0 2 0 2 2 2 2 2 2 
[ 1627.225138] 
[ 1627.226655] MESSAGE_B= 0 0 0 16 2 1 192 64 248 179 0 16 16 16 16 434 474 572 332 0 0 0 0 521 560 565 544 0 6 0 0 175 223 0 249 57 0 2 0 2 2 2 2 2 2 
[ 1627.360189] 
[ 1627.361706] MESSAGE_B= 0 0 0 16 2 1 192 64 248 179 0 16 16 16 16 477 428 593 300 0 0 0 0 576 521 557 515 0 6 0 0 191 224 0 245 52 0 2 0 2 2 2 2 2 2 
[ 1627.495149] 
[ 1627.496663] MESSAGE_B= 0 0 0 16 2 1 192 64 248 179 0 16 16 16 16 500 450 599 330 0 0 0 0 611 548 556 543 0 6 0 0 189 230 0 248 40 0 2 0 2 2 2 2 2 2 
[ 1627.631150] 
[ 1627.632666] MESSAGE_B= 0 0 0 16 2 1 192 64 248 179 0 16 16 16 16 544 404 604 295 0 0 0 0 671 488 572 517 0 6 0 0 179 227 0 245 8 0 2 0 2 2 2 2 2 2 
[ 1627.766144] 
[ 1627.767702] MESSAGE_B= 0 0 0 16 2 1 192 64 248 179 0 16 16 16 16 573 370 596 265 0 0 0 0 683 450 568 490 0 6 0 0 180 225 0 240 14 0 2 0 2 2 2 2 2 2 
[ 1627.901143] 
[ 1627.902657] MESSAGE_B= 0 0 0 16 2 1 192 64 248 179 0 16 16 16 16 561 355 538 260 0 0 0 0 690 437 538 485 0 6 0 0 192 227 0 237 38 0 2 0 2 2 2 2 2 2 
[ 1628.036137] 
[ 1628.037679] MESSAGE_B= 0 0 0 16 2 1 192 64 248 179 0 16 16 16 16 589 344 542 240 0 0 0 0 712 418 540 446 0 6 0 0 198 226 0 221 55 0 2 0 2 2 2 2 2 2 
[ 1628.171148] 
[ 1628.172669] MESSAGE_B= 0 0 0 16 2 1 192 64 248 179 0 16 16 16 16 657 348 565 249 0 0 0 0 725 422 548 442 0 6 0 0 204 230 0 203 73 0 2 0 2 2 2 2 2 2 
[ 1628.306139] 
[ 1628.307683] MESSAGE_B= 0 0 0 16 3 1 192 64 248 179 0 16 16 16 16 674 322 549 248 0 0 0 0 740 386 524 435 0 6 0 0 215 226 0 201 91 0 2 2 2 2 2 2 2 2 
[ 1628.441142] 
[ 1628.442658] MESSAGE_B= 0 0 0 16 3 1 192 64 248 179 0 16 16 16 16 698 314 545 248 0 0 0 0 740 371 512 432 0 6 0 0 219 226 0 200 103 0 2 2 2 2 2 2 2 2 
[ 1628.576141] 
[ 1628.577658] MESSAGE_B= 0 0 0 16 3 1 192 64 248 179 0 43 16 30 16 709 294 523 230 190 0 102 0 746 361 494 407 0 6 255 0 222 231 189 203 117 0 2 2 0 2 2 2 2 2 
[ 1628.712143] 
[ 1628.713658] MESSAGE_B= 0 0 0 16 3 1 192 64 248 179 0 43 16 26 16 729 269 503 216 192 0 74 0 749 339 468 384 0 6 255 0 226 233 186 205 136 8 2 2 0 2 2 2 2 2 
[ 1628.848143] 
[ 1628.849699] MESSAGE_B= 0 0 0 16 3 1 192 64 248 179 0 0 0 0 0 1664 1513 1621 1712 0 0 0 0 240 153 382 215 0 6 0 0 77 227 0 0 30 0 2 2 2 2 2 2 2 0 
[ 1628.983148] 
[ 1628.984664] MESSAGE_B= 0 0 0 16 3 1 192 64 248 179 0 0 0 0 0 1655 1501 1632 1688 0 0 0 0 206 207 392 178 0 6 0 0 93 244 0 0 66 0 2 2 2 2 2 2 2 0 
[ 1629.118139] 
[ 1629.119656] MESSAGE_B= 0 0 0 16 3 2 192 64 248 179 0 0 0 0 0 1641 1638 1628 1648 0 0 0 0 206 115 374 200 0 6 0 0 82 231 0 0 71 0 2 2 2 2 2 2 2 0 
[ 1629.253142] 
[ 1629.254657] MESSAGE_B= 0 0 0 16 3 1 192 64 248 179 0 0 0 0 0 1664 1632 1589 1828 0 0 0 0 215 112 302 432 0 6 0 0 72 254 0 0 0 0 2 2 0 2 2 2 2 0 
[ 1629.388141] 
[ 1629.389666] MESSAGE_B= 0 0 0 16 3 2 192 64 248 179 0 0 0 0 0 1649 1480 1518 1764 0 0 0 0 204 337 239 348 0 6 0 0 49 255 0 0 0 0 2 2 0 2 2 2 2 0 
[ 1629.523147] 
[ 1629.524687] MESSAGE_B= 0 0 0 16 3 1 192 64 248 179 0 0 0 0 0 1643 1445 1540 1696 0 0 0 0 201 311 238 158 0 6 0 0 72 252 0 255 0 0 2 2 0 2 2 2 2 0 
[ 1629.659144] 
[ 1629.660660] MESSAGE_B= 0 0 0 16 3 2 192 64 248 179 0 0 0 0 0 1659 1664 1525 1592 0 0 0 0 195 48 270 8 0 6 0 0 55 255 0 0 209 0 2 2 2 2 2 2 2 0 
[ 1629.794138] 
[ 1629.795677] MESSAGE_B= 0 0 0 16 2 2 192 64 248 179 0 0 0 0 0 1652 0 1528 0 0 0 0 0 203 0 255 0 0 6 0 0 61 0 0 150 34 0 2 2 2 2 2 2 2 0 
[ 1629.928136] 
[ 1629.929653] MESSAGE_B= 0 0 0 16 2 2 192 64 248 179 0 0 0 0 0 1657 0 1530 0 0 0 0 0 205 0 246 0 0 6 0 0 46 0 0 210 46 0 2 2 2 2 2 2 2 0 
[ 1630.062139] 
[ 1630.063658] MESSAGE_B= 0 0 0 16 2 2 192 64 248 179 0 0 0 0 0 1650 1248 1519 1312 0 0 0 0 194 0 265 0 0 6 0 0 27 0 0 148 58 0 2 2 2 2 2 2 2 0 
[ 1630.197138] 
[ 1630.198658] MESSAGE_B= 0 0 0 16 2 2 192 64 248 179 0 0 0 0 0 1661 1104 1578 1920 0 0 0 0 202 0 285 0 0 6 0 0 5 0 0 190 92 0 2 2 0 2 2 2 2 0 
[ 1630.332140] 
[ 1630.333659] MESSAGE_B= 0 0 0 16 2 2 192 64 248 179 0 0 0 0 0 1677 1664 1547 1168 0 0 0 0 202 0 294 0 0 6 0 0 8 0 0 164 68 0 2 2 0 2 2 2 2 0 
[ 1630.467140] 
[ 1630.468681] MESSAGE_B= 0 0 0 16 2 1 192 64 248 179 0 1584 0 1136 0 1669 0 1584 0 0 0 0 0 208 0 302 0 0 6 0 0 2 0 0 179 0 0 2 2 0 2 2 2 2 0 
[ 1630.602139] 
[ 1630.603659] MESSAGE_B= 0 0 0 16 3 1 192 64 248 179 0 1360 0 1456 0 1663 1072 1568 2384 0 0 0 0 196 0 311 0 0 6 0 0 12 0 0 135 0 0 2 2 0 2 2 2 2 0 
[ 1630.737138] 
[ 1630.738659] MESSAGE_B= 0 0 0 16 2 1 192 64 248 179 0 1504 0 1088 0 1670 1528 1543 1544 0 0 0 0 198 136 324 360 0 6 0 0 5 255 0 59 0 0 2 2 0 2 2 2 2 0 
[ 1630.873144] 
[ 1630.874662] MESSAGE_B= 0 0 0 16 2 2 192 64 248 179 0 1512 0 1512 0 1680 1424 1529 2752 152 0 152 0 194 0 366 0 0 6 255 0 30 0 0 255 0 0 2 2 0 2 2 2 2 0 
[ 1631.009142] 
[ 1631.010659] MESSAGE_B= 0 0 0 16 2 3 192 64 248 179 0 1376 0 1408 0 1670 1536 1523 2960 0 0 0 0 199 0 363 0 0 6 0 0 53 0 0 0 0 0 2 2 0 2 2 2 2 0 
[ 1631.144144] 
[ 1631.145663] MESSAGE_B= 0 0 0 16 2 3 192 64 248 179 0 1392 0 1440 0 1675 1608 1493 1528 0 0 80 0 208 88 363 216 0 6 0 0 53 255 0 0 255 0 2 2 0 2 2 2 2 0 
[ 1631.280142] 
[ 1631.281663] MESSAGE_B= 0 0 0 16 2 3 192 64 248 179 0 1736 0 1416 0 1672 1680 1488 2800 56 0 200 0 210 0 366 0 0 6 255 0 53 0 0 0 31 0 2 2 0 2 2 2 2 0 
[ 1631.416142] 
[ 1631.417657] MESSAGE_B= 0 0 0 16 2 3 192 64 248 179 0 1560 0 1512 0 1663 1664 1487 2864 209 0 221 0 204 0 383 0 0 6 230 0 54 0 0 0 20 0 2 2 0 2 2 2 2 0 
[ 1631.552142] 
[ 1631.553657] MESSAGE_B= 0 0 0 16 2 2 192 64 248 179 0 1625 0 1558 0 1661 1872 1550 2688 203 0 189 0 202 0 349 0 0 6 227 0 36 0 0 0 49 0 2 2 2 2 2 2 2 0 
[ 1631.688140] 
[ 1631.689668] MESSAGE_B= 0 0 0 16 2 2 192 64 248 179 0 1776 0 1612 0 1678 1760 1520 2016 19 0 88 0 238 0 329 0 0 6 235 0 42 0 0 0 8 0 2 2 2 2 2 2 2 0 
[ 1631.823138] 
[ 1631.824693] MESSAGE_B= 0 0 0 16 2 2 192 64 248 179 0 1728 0 1477 0 1677 1608 1600 1536 71 0 151 0 207 8 315 192 0 6 233 0 12 255 0 0 5 0 2 0 2 2 2 2 2 0 
[ 1631.959138] 
[ 1631.960652] MESSAGE_B= 0 0 0 16 2 2 192 64 248 179 0 1744 0 1426 0 1667 1600 1582 1632 24 0 168 0 228 16 298 384 0 6 217 0 7 255 0 0 36 0 2 0 2 2 2 2 2 0 
[ 1632.095142] 
[ 1632.095164] MESSAGE_B= 0 0 0 16 2 2 192 64 248 179 0 1682 0 1457 0 1658 1744 1590 2544 103 0 243 0 209 0 365 0 0 6 109 0 46 0 0 0 27 0 2 0 2 2 2 2 2 0 
[ 1632.216138] 
[ 1632.217653] MESSAGE_B= 0 0 0 16 2 2 192 64 248 179 0 1707 0 1486 0 1653 1600 1585 2048 86 0 137 0 235 0 338 0 0 6 34 0 50 0 0 0 60 0 2 0 2 2 2 2 2 0 
[ 1632.351138] 
[ 1632.352652] MESSAGE_B= 0 0 0 16 2 1 192 64 248 179 0 1705 0 1441 0 1672 1712 1552 2240 107 0 134 0 203 0 392 0 0 6 105 0 52 0 0 0 121 0 2 0 2 2 2 2 2 0 
[ 1632.487137] 
[ 1632.488658] MESSAGE_B= 0 0 0 16 2 1 192 64 248 179 0 1740 0 1493 0 1641 1744 1662 2640 80 0 172 0 200 0 360 0 0 6 8 0 0 0 0 0 63 0 0 0 2 2 2 2 2 0 
[ 1632.622141] 
[ 1632.623662] MESSAGE_B= 0 0 0 16 2 2 192 64 248 179 0 1704 0 1441 0 1644 1600 1607 1536 121 0 175 0 203 0 344 0 0 6 41 0 10 0 0 0 9 0 0 0 2 2 2 2 2 0 
[ 1632.758139] 
[ 1632.759654] MESSAGE_B= 0 0 0 16 2 1 192 64 248 179 0 1753 0 1424 0 1614 1744 1677 3136 97 0 164 0 198 0 314 0 0 6 84 0 23 0 0 0 0 0 0 0 2 2 2 2 2 0 
[ 1632.893138] 
[ 1632.894652] MESSAGE_B= 0 0 0 16 2 1 192 64 248 179 0 1678 0 1321 0 1554 1632 1656 1952 87 0 160 0 117 0 352 0 0 6 112 0 12 0 0 0 0 0 0 0 2 2 2 2 2 0 
[ 1633.029140] 
[ 1633.030658] MESSAGE_B= 0 0 0 16 2 1 192 64 248 179 0 1723 0 1364 0 1566 1648 1654 2192 100 0 118 0 140 0 328 0 0 6 20 0 15 0 0 0 0 0 0 0 2 2 2 2 2 0 
[ 1633.165142] 
[ 1633.166658] MESSAGE_B= 0 0 0 16 2 1 192 64 248 179 0 1726 0 1390 0 1583 1680 1707 2400 97 0 136 0 134 0 307 0 0 6 40 0 16 0 0 0 0 0 0 0 2 2 2 2 2 0 
[ 1633.300139] 
[ 1633.301654] MESSAGE_B= 0 0 0 16 2 1 192 64 248 179 0 1748 0 1449 0 1612 1712 1715 2608 70 0 179 0 157 0 332 0 0 6 54 0 14 0 0 0 0 0 0 0 2 2 2 2 2 0 
[ 1633.435139] 
[ 1633.436653] MESSAGE_B= 0 0 0 16 2 1 192 64 248 179 0 1753 0 1456 0 1632 1712 1699 2560 78 0 167 0 171 0 349 0 0 6 146 0 16 0 0 0 0 0 0 0 2 2 2 2 2 0 
[ 1633.571135] 
[ 1633.572690] MESSAGE_B= 0 0 0 16 2 1 192 64 248 179 0 1756 0 1465 0 1631 1712 1711 2624 95 0 159 0 172 0 346 0 0 6 135 0 7 0 0 0 0 0 0 0 2 2 2 2 2 0 
[ 1633.706142] 
[ 1633.707658] MESSAGE_B= 0 0 0 16 2 1 192 64 248 179 0 1760 0 1460 0 1623 1728 1724 2720 81 0 179 0 191 0 331 0 0 6 189 0 19 0 0 0 0 0 0 0 2 2 2 2 2 0 
[ 1633.842136] 
[ 1633.843650] MESSAGE_B= 0 0 0 16 2 2 192 64 248 179 0 1753 0 1464 0 1614 1680 1680 2704 95 0 171 0 173 0 371 0 0 6 184 0 43 0 0 0 0 0 0 0 2 2 2 2 2 0 
[ 1633.978142] 
[ 1633.979656] MESSAGE_B= 0 0 0 16 2 1 192 64 248 179 0 1760 0 1472 0 1618 1664 1681 2736 94 0 166 0 187 0 362 0 0 6 220 0 37 0 0 0 0 0 0 0 2 2 2 2 2 0 
[ 1634.114139] 
[ 1634.115657] MESSAGE_B= 0 0 0 16 2 2 192 64 248 179 0 1756 0 1465 0 1673 1600 1702 2752 118 0 161 0 207 0 357 0 0 6 163 0 5 0 0 0 0 0 0 0 2 2 2 2 2 0 
[ 1634.250144] 
[ 1634.251659] MESSAGE_B= 0 0 0 16 2 2 192 64 248 179 0 1715 0 1465 0 1662 1632 1729 2768 65 0 167 0 177 0 337 0 0 6 166 0 8 0 0 0 0 0 0 0 2 2 2 2 2 0 
[ 1634.385142] 
[ 1634.386658] MESSAGE_B= 0 0 0 16 2 2 192 64 248 179 0 1747 0 1464 0 1650 1728 1686 2768 113 0 165 0 223 0 371 0 0 6 209 0 23 0 0 0 0 0 0 0 2 2 2 2 2 0 
[ 1634.521140] 
[ 1634.522665] MESSAGE_B= 0 0 0 16 2 2 192 64 248 179 0 1742 0 1473 0 1593 1696 1661 2768 114 0 168 0 177 0 372 0 0 6 177 0 66 0 0 0 0 0 0 0 2 2 2 2 2 0 
[ 1634.657144] 
[ 1634.658664] MESSAGE_B= 0 0 0 16 2 2 192 64 248 179 0 1742 0 1468 0 1640 1552 1712 2768 114 0 170 0 198 0 348 0 0 6 164 0 8 0 0 0 0 0 0 0 2 2 2 2 2 0 
[ 1634.793137] 
[ 1634.794653] MESSAGE_B= 0 0 0 16 2 2 192 64 248 179 0 1737 0 1472 0 1620 1552 1684 2768 120 0 168 0 182 0 376 0 0 6 182 0 46 0 0 0 0 0 0 0 2 2 2 2 2 0 
[ 1634.929142] 
[ 1634.930661] MESSAGE_B= 0 0 0 16 2 2 192 64 248 179 0 1737 0 1452 0 1621 1520 1680 2624 120 0 166 0 207 0 367 0 0 6 165 0 37 0 0 0 0 0 0 0 2 2 2 2 2 0 
[ 1635.065142] 
[ 1635.066680] MESSAGE_B= 0 0 0 16 2 2 192 64 248 179 0 1737 0 1459 0 1598 1648 1660 2640 120 0 158 0 203 0 371 0 0 6 174 0 56 0 0 0 0 0 0 0 2 2 2 2 2 0 
[ 1635.201138] 
[ 1635.202652] MESSAGE_B= 0 0 0 16 2 2 192 64 248 179 0 1739 0 1456 0 1596 1680 1674 2688 112 0 152 0 201 0 369 0 0 6 200 0 41 0 0 0 0 0 0 0 2 2 2 2 2 0 
[ 1635.337142] 
[ 1635.338664] MESSAGE_B= 0 0 0 16 2 2 192 64 248 179 0 1731 0 1459 0 1612 1584 1703 2704 105 0 158 0 208 0 355 0 0 6 185 0 22 0 0 0 0 0 0 0 2 2 2 2 2 0 
[ 1635.473139] 
[ 1635.474653] MESSAGE_B= 0 0 0 16 2 2 192 64 248 179 0 1728 0 1473 0 1607 1616 1705 2688 106 0 164 0 212 0 355 0 0 6 188 0 25 0 0 0 0 0 0 0 2 2 2 2 2 0 
[ 1635.609140] 
[ 1635.611381] MESSAGE_B= 0 0 0 16 2 2 192 64 248 179 0 1732 0 1467 0 1611 1632 1709 2688 118 0 157 0 223 0 342 0 0 6 158 0 17 0 0 0 0 0 0 0 2 2 2 2 2 0 
[ 1635.746141] 
[ 1635.747692] MESSAGE_B= 0 0 0 16 2 2 192 64 248 179 0 1729 0 1475 0 1612 1632 1707 2704 117 0 167 0 222 0 346 0 0 6 181 0 26 0 0 0 0 0 0 0 2 2 2 2 2 0 
[ 1635.882140] 
[ 1635.883655] MESSAGE_B= 0 0 0 16 2 2 192 64 248 179 0 1731 0 1470 0 1616 1696 1709 2704 111 0 162 0 209 0 356 0 0 6 190 0 29 0 0 0 0 0 0 0 2 2 2 2 2 0 
[ 1636.018141] 
[ 1636.019655] MESSAGE_B= 0 0 0 16 2 2 192 64 248 179 0 1729 0 1481 0 1606 1712 1696 2688 119 0 159 0 207 0 343 0 0 6 154 0 29 0 0 0 0 0 0 0 2 2 2 2 2 0 
[ 1636.154139] 
[ 1636.155666] MESSAGE_B= 0 0 0 16 2 2 192 64 248 179 0 1732 0 1489 0 1613 1728 1721 2704 119 0 167 0 223 0 344 0 0 6 151 0 24 0 0 0 0 0 0 0 2 2 2 2 2 0 
[ 1636.290140] 
[ 1636.291655] MESSAGE_B= 0 0 0 16 2 2 192 64 248 179 0 1728 0 1476 0 1618 1744 1714 2688 103 0 163 0 218 0 344 0 0 6 170 0 12 0 0 0 0 0 0 0 2 2 2 2 2 0 
[ 1636.426142] 
[ 1636.427657] MESSAGE_B= 0 0 0 16 2 2 192 64 248 179 0 1731 0 1483 0 1616 1776 1712 2704 110 0 168 0 220 0 342 0 0 6 189 0 15 0 0 0 0 0 0 0 2 2 2 2 2 0 
[ 1636.562141] 
[ 1636.563683] MESSAGE_B= 0 0 0 16 2 2 192 64 248 179 0 1731 0 1484 0 1611 1792 1686 2624 112 0 156 0 220 0 371 0 0 6 174 0 43 0 0 0 0 0 0 0 2 2 2 2 2 0 
[ 1636.698141] 
[ 1636.699658] MESSAGE_B= 0 0 0 16 1 2 192 64 248 179 0 1729 0 1480 0 1609 1792 1711 2688 114 0 152 0 225 0 351 0 0 6 179 0 20 0 0 0 0 0 0 0 2 2 2 2 2 0 
[ 1636.834137] 
[ 1636.835651] MESSAGE_B= 0 0 0 16 1 2 192 64 248 179 0 1724 0 1491 0 1615 1808 1721 2624 119 0 159 0 223 0 338 0 0 6 164 0 17 0 0 0 0 0 0 0 2 2 2 2 2 0 
[ 1636.970139] 
[ 1636.971702] MESSAGE_B= 0 0 0 16 1 2 192 64 248 179 0 1732 0 1488 0 1616 1840 1684 2624 125 0 165 0 227 0 372 0 0 6 167 0 42 0 0 0 0 0 0 0 2 2 2 2 2 0 
[ 1637.106147] 
[ 1637.107664] MESSAGE_B= 0 0 0 16 1 2 192 64 248 179 0 1728 0 1473 0 1638 1872 1714 2688 107 0 161 0 226 0 342 0 0 6 186 0 12 0 0 0 0 0 0 0 2 2 2 2 2 0 
[ 1637.242145] 
[ 1637.243660] MESSAGE_B= 0 0 0 16 1 2 192 64 248 179 0 1732 0 1478 0 1640 1872 1750 2704 120 0 155 0 213 0 313 0 0 6 158 0 21 0 0 0 0 0 0 0 2 2 2 2 2 0 
[ 1637.378140] 
[ 1637.379656] MESSAGE_B= 0 0 0 16 1 2 192 64 248 179 0 1731 0 1475 0 1626 1872 1714 2688 113 0 156 0 227 0 340 0 0 6 187 0 16 0 0 0 0 0 0 0 2 2 2 2 2 0 
[ 1637.514145] 
[ 1637.515660] MESSAGE_B= 0 0 0 16 1 2 192 64 248 179 0 1723 0 1470 0 1606 1888 1686 2704 103 0 160 0 227 0 359 0 0 6 193 0 27 0 0 0 0 0 0 0 2 2 2 2 2 0 
[ 1637.650145] 
[ 1637.651661] MESSAGE_B= 0 0 0 16 1 2 192 64 248 179 0 1728 0 1475 0 1611 1888 1716 2624 105 0 156 0 211 0 346 0 0 6 203 0 24 0 0 0 0 0 0 0 2 2 2 2 2 0 
[ 1637.786145] 
[ 1637.787661] MESSAGE_B= 0 0 0 16 1 2 192 64 248 179 0 1726 0 1473 0 1626 1872 1723 2624 117 0 165 0 229 0 353 0 0 6 171 0 8 0 0 0 0 0 0 0 2 2 2 2 2 0 
[ 1637.922152] 
[ 1637.923668] MESSAGE_B= 0 0 0 16 1 2 192 64 248 179 0 1729 0 1478 0 1602 1920 1698 2624 120 0 159 0 228 0 358 0 0 6 164 0 21 0 0 0 0 0 0 0 2 2 2 2 2 0 
[ 1638.058147] 
[ 1638.059665] MESSAGE_B= 0 0 0 16 1 2 192 64 248 179 0 1726 0 1476 0 1621 1936 1691 2624 117 0 161 0 224 0 361 0 0 6 156 0 31 0 0 0 0 0 0 0 2 2 2 2 2 0 
[ 1638.194143] 
[ 1638.195659] MESSAGE_B= 0 0 0 16 1 2 192 64 248 179 0 1726 0 1476 0 1625 1936 1712 2624 117 0 164 0 230 0 341 0 0 6 154 0 10 0 0 0 0 0 0 0 2 2 2 2 2 0 
[ 1638.330144] 
[ 1638.331666] MESSAGE_B= 0 0 0 16 1 2 192 64 248 179 0 1729 0 1481 0 1626 1936 1711 2624 117 0 160 0 210 0 340 0 0 6 155 0 3 0 0 0 0 0 0 0 2 2 2 2 2 0 
[ 1638.466142] 
[ 1638.467658] MESSAGE_B= 0 0 0 16 1 2 192 64 248 179 0 1728 0 1483 0 1622 1920 1712 2624 103 0 158 0 225 0 346 0 0 6 206 0 20 0 0 0 0 0 0 0 2 2 2 2 2 0 
[ 1638.602145] 
[ 1638.603662] MESSAGE_B= 0 0 0 16 1 2 192 64 248 179 0 1724 0 1476 0 1629 1920 1715 2624 124 0 162 0 222 0 341 0 0 6 139 0 7 0 0 0 0 0 0 0 2 2 2 2 2 0 
[ 1638.738143] 
[ 1638.739665] MESSAGE_B= 0 0 0 16 1 2 192 64 248 179 0 1728 0 1480 0 1607 1968 1700 2624 105 0 151 0 222 0 352 0 0 6 205 0 52 0 0 0 0 0 0 0 2 2 2 2 2 0 
[ 1638.874143] 
[ 1638.875658] MESSAGE_B= 0 0 0 16 1 2 192 64 248 179 0 1729 0 1480 0 1620 1936 1718 2624 117 0 151 0 227 0 351 0 0 6 174 0 25 0 0 0 0 0 0 0 2 2 2 2 2 0 
[ 1639.010151] 
[ 1639.011668] MESSAGE_B= 0 0 0 16 1 2 192 64 248 179 0 1728 0 1478 0 1627 1936 1721 2624 109 0 156 0 217 0 349 0 0 6 186 0 23 0 0 0 0 0 0 0 2 2 2 2 2 0 
[ 1639.146143] 
[ 1639.147663] MESSAGE_B= 0 0 0 16 1 2 192 64 248 179 0 1731 0 1478 0 1626 1936 1719 2624 113 0 161 0 224 0 339 0 0 6 179 0 22 0 0 0 0 0 0 0 2 2 2 2 2 0 
[ 1639.282145] 
[ 1639.283665] MESSAGE_B= 0 0 0 16 1 2 192 64 248 179 0 1729 0 1480 0 1636 1936 1721 2624 120 0 154 0 226 0 336 0 0 6 176 0 13 0 0 0 0 0 0 0 2 2 2 2 2 0 
[ 1639.418144] 
[ 1639.419661] MESSAGE_B= 0 0 0 16 1 2 192 64 248 179 0 1732 0 1478 0 1620 1952 1716 2624 121 0 151 0 221 0 349 0 0 6 151 0 20 0 0 0 0 0 0 0 2 2 2 2 2 0 
[ 1639.554143] 
[ 1639.555667] MESSAGE_B= 0 0 0 16 1 2 192 64 248 179 0 1728 0 1476 0 1630 1920 1710 2624 109 0 161 0 228 0 353 0 0 6 174 0 21 0 0 0 0 0 0 0 2 2 2 2 2 0 
[ 1639.690148] 
[ 1639.691667] MESSAGE_B= 0 0 0 16 1 2 192 64 248 179 0 1732 0 1476 0 1617 1888 1716 2624 122 0 161 0 231 0 343 0 0 6 144 0 11 0 0 0 0 0 0 0 2 2 2 2 2 0 
[ 1639.826149] 
[ 1639.827666] MESSAGE_B= 0 0 0 16 1 2 192 64 248 179 0 1731 0 1475 0 1608 1920 1707 2624 115 0 157 0 228 0 345 0 0 6 189 0 5 0 0 0 0 0 0 0 2 2 2 2 2 0 
[ 1639.961141] 
[ 1639.962656] MESSAGE_B= 0 0 0 16 1 2 192 64 248 179 0 1731 0 1478 0 1620 1920 1714 2624 113 0 157 0 224 0 338 0 0 6 177 0 26 0 0 0 0 0 0 0 2 2 2 2 2 0 
[ 1640.097151] 
[ 1640.098669] MESSAGE_B= 0 0 0 16 1 2 192 64 248 179 0 1728 0 1473 0 1617 1952 1708 2624 112 0 163 0 216 0 340 0 0 6 176 0 34 0 0 0 0 0 0 0 2 2 2 2 2 0 
[ 1640.233149] 
[ 1640.234665] MESSAGE_B= 0 0 0 16 1 2 192 64 248 179 0 1742 0 1475 0 1614 1920 1716 2608 113 0 157 0 206 0 337 0 0 6 175 0 26 0 0 0 0 0 0 0 2 2 2 2 2 0 
[ 1640.369148] 
[ 1640.370666] MESSAGE_B= 0 0 0 16 1 2 192 64 248 179 0 713 891 709 581 813 1149 1046 742 140 140 112 32 106 94 88 168 0 12 252 154 0 23 0 205 233 0 2 2 2 2 2 2 2 2 
[ 1640.506147] 
[ 1640.507664] MESSAGE_B= 0 0 0 16 1 2 192 64 248 179 0 0 428 0 554 0 478 0 1146 0 0 0 0 0 0 0 0 1 12 80 0 14 7 0 0 0 0 0 0 0 0 0 0 0 0 
[ 1640.640147] 
[ 1640.641664] MESSAGE_B= 0 0 0 16 1 2 192 64 248 179 0 0 0 0 0 0 192 0 128 0 0 0 0 0 0 0 0 1 12 0 0 0 0 0 0 0 0 1 1 0 0 1 0 0 1 
[ 1640.773144] 
[ 1640.774663] MESSAGE_B= 0 7 0 16 1 2 192 64 248 179 0 0 0 0 0 0 16 0 16 0 0 0 0 0 0 0 0 1 12 0 0 0 0 0 0 0 0 1 1 1 1 1 1 1 1 
[ 1640.906148] 
[ 1640.907663] MESSAGE_B= 0 7 0 16 2 2 192 64 248 179 0 0 0 0 0 0 0 0 0 0 0 0 0 0 0 0 0 1 12 0 0 0 0 0 0 0 0 1 1 1 1 1 1 1 1 
[ 1641.039143] 
[ 1641.040710] MESSAGE_B= 0 7 0 16 2 2 192 64 248 179 0 0 0 0 0 0 0 0 0 0 0 0 0 0 0 0 0 1 12 0 0 0 0 0 0 0 0 1 1 1 1 1 1 1 1 
[ 1641.172141] 
[ 1641.173658] MESSAGE_B= 0 7 0 16 2 3 192 64 248 179 0 0 0 0 0 0 0 0 0 0 0 0 0 0 0 0 0 1 12 0 0 0 0 0 0 0 0 1 1 1 1 1 1 1 1 
[ 1641.305140] 
[ 1641.306658] MESSAGE_B= 0 7 0 16 2 16 192 64 248 179 0 0 0 0 0 0 0 0 0 0 0 0 0 0 0 0 0 1 12 0 0 0 0 0 0 0 0 1 1 1 1 1 1 1 1 
[ 1641.438140] 
[ 1641.439660] MESSAGE_B= 0 7 0 16 2 5 192 64 248 179 0 0 0 0 0 0 0 0 0 0 0 0 0 0 0 0 0 1 12 0 0 0 0 0 0 0 0 1 1 1 1 1 1 1 1 
[ 1641.571144] 
[ 1641.572666] MESSAGE_B= 0 7 0 16 2 5 192 64 248 179 0 0 0 0 0 0 0 0 0 0 0 0 0 0 0 0 0 1 12 0 0 0 0 0 0 0 0 1 1 1 1 1 1 1 1 
[ 1641.704141] 
[ 1641.705670] MESSAGE_B= 0 7 0 16 2 1 192 64 248 179 0 0 0 0 0 0 0 0 0 0 0 0 0 0 0 0 0 1 12 0 0 0 0 0 0 0 0 1 1 1 1 1 1 1 1 
[ 1641.837143] 
[ 1641.838669] MESSAGE_B= 0 7 0 16 2 1 192 64 248 179 0 0 0 0 0 0 0 0 0 0 0 0 0 0 0 0 0 1 12 0 0 0 0 0 0 0 0 1 1 1 1 1 1 1 1 
[ 1641.970141] 
[ 1641.971712] MESSAGE_B= 0 7 0 16 2 1 192 64 248 179 0 0 0 0 0 0 0 0 0 0 0 0 0 0 0 0 0 1 12 0 0 0 0 0 0 0 0 1 1 1 1 1 1 1 1 
[ 1642.103143] 
[ 1642.104710] MESSAGE_B= 0 7 0 16 2 1 192 64 248 179 0 0 0 0 0 0 0 0 0 0 0 0 0 0 0 0 0 1 12 0 0 0 0 0 0 0 0 1 1 1 1 1 1 1 1 
[ 1642.236140] 
[ 1642.237704] MESSAGE_B= 0 7 0 16 3 1 192 64 248 179 0 0 0 0 0 0 0 0 0 0 0 0 0 0 0 0 0 1 12 0 0 0 0 0 0 0 0 1 1 1 1 1 1 1 1 
[ 1642.369143] 
[ 1642.370704] MESSAGE_B= 0 0 0 16 0 5 192 64 248 179 0 696 1142 1449 1731 1057 1374 1533 1068 89 286 581 502 422 449 630 652 0 12 130 40 206 181 149 182 231 104 0 0 2 2 2 2 2 2 
[ 1642.507149] 
[ 1642.508665] MESSAGE_B= 0 0 0 16 0 5 192 64 248 179 0 685 1066 1317 1570 1034 1377 1559 892 119 275 527 486 426 460 650 443 0 12 103 69 197 149 86 216 233 42 2 0 2 2 2 2 2 2 
[ 1642.645144] 
[ 1642.646660] MESSAGE_B= 0 0 0 16 1 5 192 64 248 179 0 674 985 1238 1409 1114 1495 1526 1348 138 254 478 496 443 458 644 585 0 12 182 141 233 239 54 188 197 108 2 0 0 2 2 2 2 2 
[ 1642.783147] 
[ 1642.784665] MESSAGE_B= 0 0 0 16 0 5 192 64 248 179 0 791 975 1274 1296 1422 1390 1647 1388 223 234 407 480 656 507 604 694 0 12 222 159 236 243 97 156 183 237 2 0 2 2 2 2 2 2 
[ 1642.921145] 
[ 1642.922668] MESSAGE_B= 0 0 0 16 0 9 192 64 248 179 0 999 976 1363 1196 1456 1451 1886 1319 266 257 430 408 664 610 948 680 0 12 159 80 222 220 185 3 162 236 2 0 2 2 2 2 2 2 
[ 1643.059144] 
[ 1643.060662] MESSAGE_B= 0 0 0 16 1 6 192 64 248 179 0 1139 1038 1449 1118 1515 1447 1813 1322 263 358 594 309 701 651 942 724 0 12 126 18 219 220 32 79 5 223 2 0 2 2 2 2 2 2 
[ 1643.197151] 
[ 1643.198668] MESSAGE_B= 0 0 0 16 1 5 192 64 248 179 0 1253 1251 1770 1053 1488 1498 1720 1368 299 653 759 288 732 657 927 714 0 12 96 43 211 215 52 222 42 190 2 0 2 2 2 2 2 2 
[ 1643.335146] 
[ 1643.336662] MESSAGE_B= 0 0 0 16 1 4 192 64 248 179 0 1406 1241 1972 1116 1417 1458 1575 1324 397 723 631 299 726 605 847 714 0 12 125 31 219 228 133 164 93 112 0 0 2 0 2 2 2 2 
[ 1643.473142] 
[ 1643.474658] MESSAGE_B= 0 0 0 16 1 5 192 64 248 179 0 1264 992 1346 1068 1452 1515 1500 1367 376 433 383 226 689 598 611 730 0 12 97 101 246 230 225 112 189 25 0 0 2 2 2 2 2 2 
[ 1643.611141] 
[ 1643.612657] MESSAGE_B= 0 0 0 16 1 5 192 64 248 179 0 1191 1029 1505 1660 1416 1600 1576 1411 293 497 455 1036 622 605 520 732 0 12 210 73 244 242 64 90 232 169 0 2 2 2 2 2 2 2 
[ 1643.749146] 
[ 1643.750663] MESSAGE_B= 0 0 0 16 1 4 192 64 248 179 0 1218 1039 1188 1050 1285 1588 1414 1400 261 523 439 296 573 658 518 734 0 12 117 49 244 246 145 135 62 205 0 2 2 2 2 2 2 2 
[ 1643.887144] 
[ 1643.888672] MESSAGE_B= 0 0 0 16 2 4 192 64 248 179 0 1150 1079 1164 1090 1304 1517 1429 1340 266 529 471 335 606 696 510 687 0 12 66 24 240 249 81 129 129 129 0 2 0 0 2 2 2 2 
[ 1644.025141] 
[ 1644.026658] MESSAGE_B= 0 0 0 16 1 4 192 64 248 179 0 1076 1130 1418 1045 1485 1537 1481 1297 218 507 438 247 575 709 527 637 0 12 157 171 248 247 59 14 143 28 0 0 2 2 2 2 2 2 
[ 1644.163146] 
[ 1644.164672] MESSAGE_B= 0 0 0 16 1 3 192 64 248 179 0 1126 1250 1484 1155 1445 1665 1372 1375 240 461 384 233 657 720 543 631 0 12 134 141 245 245 36 57 141 136 0 0 2 2 2 2 2 2 
[ 1644.301141] 
[ 1644.302657] MESSAGE_B= 0 0 0 16 1 5 192 64 248 179 0 1150 1318 1502 1274 1313 1515 1346 1075 291 413 358 206 680 776 540 551 0 12 119 9 251 220 103 30 0 136 0 0 0 2 2 2 2 2 
[ 1644.439139] 
[ 1644.440656] MESSAGE_B= 0 0 0 16 1 4 192 64 248 179 0 1198 1280 1454 1376 1304 1577 1398 1282 334 437 347 317 680 758 548 664 0 12 138 42 243 243 103 80 85 82 0 0 0 0 2 2 2 2 
[ 1644.577138] 
[ 1644.578653] MESSAGE_B= 0 0 0 16 1 3 192 64 248 179 0 1225 1243 1465 1426 1615 1660 1578 1282 338 453 296 374 751 745 503 654 0 12 171 79 247 245 135 103 114 136 0 0 2 2 2 2 2 2 
[ 1644.715149] 
[ 1644.716666] MESSAGE_B= 0 4 0 16 1 3 192 64 248 179 0 1221 1309 1447 1523 1576 1730 1463 1282 370 446 329 384 817 704 550 623 0 12 221 84 248 241 94 3 122 91 0 0 0 0 2 2 2 2 
[ 1644.853141] 
[ 1644.854662] MESSAGE_B= 0 4 0 16 0 3 192 64 248 179 0 1190 1243 1340 1548 1594 1854 1407 1390 402 497 441 403 829 702 568 621 0 12 229 85 244 237 126 71 150 104 0 0 0 2 2 2 2 2 
[ 1644.991150] 
[ 1644.992668] MESSAGE_B= 0 4 0 16 0 4 192 64 248 179 0 1140 1192 1289 1555 1670 1945 1442 1409 385 519 517 385 897 674 584 591 0 12 222 104 250 230 171 122 134 1 0 0 0 2 2 2 2 2 
[ 1645.129148] 
[ 1645.130672] MESSAGE_B= 0 4 0 16 0 4 192 64 248 179 0 1072 1157 1239 1468 1695 1825 1487 1301 367 542 579 411 915 718 587 599 0 12 196 130 251 236 26 29 55 25 0 0 0 0 2 2 2 2 
[ 1645.267147] 
[ 1645.268665] MESSAGE_B= 0 0 0 16 0 3 192 64 248 179 0 1012 1171 1236 1346 1721 1852 1574 1388 395 558 594 425 829 738 589 578 0 12 143 187 252 235 186 5 7 28 0 0 2 2 2 2 2 2 
[ 1645.405150] 
[ 1645.406667] MESSAGE_B= 0 4 4 16 0 4 192 64 248 179 0 915 1163 1280 1263 1551 1659 1592 1271 361 554 547 471 753 709 613 561 0 12 159 222 247 240 116 81 54 19 0 0 0 0 2 2 2 2 
[ 1645.543138] 
[ 1645.544653] MESSAGE_B= 0 4 4 16 0 4 192 64 248 179 0 899 1216 1345 1251 1502 1664 1584 1282 302 526 466 463 684 719 618 592 0 12 165 230 250 231 61 25 19 39 0 0 0 0 2 2 2 2 
[ 1645.681151] 
[ 1645.682693] MESSAGE_B= 0 4 4 16 1 3 192 64 248 179 0 918 1313 1383 1444 1526 1695 1706 1339 293 480 425 351 637 697 621 608 0 12 166 205 245 231 9 51 8 16 0 0 0 0 2 2 2 2 
[ 1645.818140] 
[ 1645.819706] MESSAGE_B= 0 0 4 16 0 3 192 64 248 179 0 948 1452 1414 1527 1634 1733 1851 1493 320 427 434 442 613 749 705 593 0 12 154 178 243 226 40 124 33 175 0 0 2 0 2 2 2 2 
[ 1645.956143] 
[ 1645.957660] MESSAGE_B= 0 4 4 16 0 3 192 64 248 179 0 892 1449 1358 1501 1620 2143 1851 1698 362 468 469 514 639 699 819 642 0 12 198 195 246 216 86 0 255 136 0 0 0 2 2 2 2 2 
[ 1646.094196] 
[ 1646.094218] MESSAGE_B= 0 4 4 16 1 4 192 64 248 179 0 960 1384 1569 1297 1666 1807 1887 1373 470 655 577 543 668 834 845 794 0 12 225 201 247 231 164 3 52 64 2 0 0 0 2 2 2 2 
[ 1646.215144] 
[ 1646.216661] MESSAGE_B= 0 4 4 16 1 3 192 64 248 179 0 1294 1625 2020 1320 1726 1782 1927 1361 668 680 616 618 750 782 764 776 0 12 235 185 250 228 255 0 255 62 2 0 0 0 2 2 2 2 
[ 1646.353138] 
[ 1646.354708] MESSAGE_B= 0 4 4 16 1 3 192 64 248 179 0 1771 1516 2102 1705 1747 1902 1725 1560 648 525 438 729 832 740 803 832 0 12 236 207 248 223 255 255 255 7 2 0 0 0 2 2 2 2 
[ 1646.491142] 
[ 1646.492690] MESSAGE_B= 0 4 4 16 1 3 192 64 248 179 0 1743 1480 1998 1935 1878 1748 1826 1550 672 489 378 484 878 753 773 847 0 12 223 218 248 247 255 255 255 255 0 0 0 0 2 2 2 2 
[ 1646.629140] 
[ 1646.630661] MESSAGE_B= 0 4 4 16 1 4 192 64 248 179 0 1598 1110 1764 1581 1886 1752 1785 1632 674 497 457 621 907 771 785 862 0 12 226 216 253 248 32 0 0 0 0 0 0 0 2 2 2 2 
[ 1646.766201] 
[ 1646.767721] MESSAGE_B= 0 4 4 16 0 4 192 64 248 179 0 1384 968 1537 1556 1960 1733 1910 1576 585 438 452 393 837 776 657 799 0 12 244 141 252 252 0 0 0 0 0 0 0 0 2 2 2 2 
[ 1646.903139] 
[ 1646.904660] MESSAGE_B= 0 4 4 16 1 4 192 64 248 179 0 1420 903 1531 1391 1689 1624 1733 1409 681 477 488 278 888 800 699 818 0 12 235 161 247 246 0 0 0 0 0 0 0 0 2 2 2 2 
[ 1647.040143] 
[ 1647.041658] MESSAGE_B= 0 0 4 16 0 6 192 64 248 179 0 1472 946 1521 1285 1465 1614 1645 1537 707 512 451 325 869 817 743 851 0 12 212 167 218 253 0 0 0 0 0 0 2 2 2 2 2 2 
[ 1647.177145] 
[ 1647.178661] MESSAGE_B= 0 0 4 16 0 4 192 64 248 179 0 1768 1259 1650 1336 1471 1569 1653 1627 654 566 275 473 888 855 760 914 0 12 195 173 213 240 0 0 0 0 0 2 2 2 2 2 2 2 
[ 1647.314140] 
[ 1647.315657] MESSAGE_B= 0 0 4 16 0 5 192 64 248 179 0 1612 1845 1517 1482 1447 1898 1546 1899 654 738 390 370 887 828 776 860 0 12 199 37 229 241 0 0 0 0 2 2 2 2 2 2 2 2 
[ 1647.451138] 
[ 1647.452655] MESSAGE_B= 0 0 4 16 0 4 192 64 248 179 0 1441 1968 1414 1406 1535 1899 1516 1858 606 729 478 436 790 839 782 875 0 12 192 44 236 244 0 0 0 0 2 2 2 2 2 2 2 2 
[ 1647.588146] 
[ 1647.589667] MESSAGE_B= 0 0 0 16 0 4 192 64 248 179 0 1547 1800 1580 1234 1574 2085 1492 1981 626 685 430 302 836 747 766 818 0 12 166 13 253 240 0 0 0 0 2 2 2 2 2 2 2 2 
[ 1647.725140] 
[ 1647.726658] MESSAGE_B= 0 0 0 16 0 4 192 64 248 179 0 1480 1928 1646 1157 1662 1967 1538 1829 570 577 333 223 824 832 796 879 0 12 153 4 254 240 0 0 0 0 0 2 2 2 2 2 2 2 
[ 1647.863139] 
[ 1647.864662] MESSAGE_B= 0 0 0 16 1 5 192 64 248 179 0 1435 1529 1216 889 1754 2230 1760 2155 442 632 266 214 816 718 799 857 0 12 74 169 254 237 0 0 0 0 0 0 2 2 2 2 2 2 
[ 1648.000147] 
[ 1648.001662] MESSAGE_B= 0 0 0 16 1 5 192 64 248 179 0 0 88 0 626 658 160 65 1455 0 0 0 0 0 0 0 0 1 12 11 0 6 0 0 0 0 0 0 0 0 0 0 0 0 0 
[ 1648.134139] 
[ 1648.135654] MESSAGE_B= 0 0 0 16 1 4 192 64 248 179 0 0 77 0 730 874 112 61 1447 0 0 0 0 0 0 0 0 1 12 0 5 6 0 0 0 0 0 0 0 0 0 0 0 0 0 
[ 1648.268137] 
[ 1648.269676] MESSAGE_B= 0 0 0 16 1 3 192 64 248 179 0 0 69 0 797 784 108 45 1452 0 0 0 0 0 0 0 0 1 12 4 0 0 0 0 0 0 0 0 0 0 0 0 0 0 0 
[ 1648.402148] 
[ 1648.403664] MESSAGE_B= 0 0 0 16 0 4 192 64 248 179 0 0 0 0 0 0 0 0 0 0 0 0 0 0 0 0 0 0 12 0 0 0 0 0 0 0 0 2 2 2 2 0 2 2 0 
[ 1648.535142] 
[ 1648.536655] MESSAGE_B= 0 0 0 16 1 4 192 64 248 179 0 0 0 0 0 0 0 0 0 0 0 0 0 0 0 0 0 0 12 0 0 0 0 0 0 0 0 2 2 2 2 0 2 2 0 
[ 1648.668138] 
[ 1648.669650] MESSAGE_B= 0 0 0 16 1 3 192 64 248 179 0 0 0 0 0 0 0 0 0 0 0 0 0 0 0 0 0 0 12 0 0 0 0 0 0 0 0 2 2 2 2 0 2 2 0 
[ 1648.801141] 
[ 1648.802706] MESSAGE_B= 0 0 0 16 0 3 192 64 248 179 0 0 0 0 0 0 0 0 0 0 0 0 0 0 0 0 0 0 12 0 0 0 0 0 0 0 0 2 2 2 2 0 2 2 0 
[ 1648.934141] 
[ 1648.935676] MESSAGE_B= 0 0 0 16 0 3 192 64 248 179 0 0 70 0 791 805 108 47 1315 0 0 0 0 0 0 0 0 1 12 0 0 7 0 0 0 0 0 0 0 0 0 0 0 0 0 
[ 1649.068138] 
[ 1649.069654] MESSAGE_B= 0 0 0 16 1 3 192 64 248 179 0 0 64 0 785 799 107 47 1294 0 0 0 0 0 0 0 0 1 12 0 0 3 0 0 0 0 0 0 0 0 0 0 0 0 0 
[ 1649.202141] 
[ 1649.203704] MESSAGE_B= 0 0 0 16 1 3 192 64 248 179 0 0 63 0 775 724 107 46 1265 0 0 0 0 0 0 0 0 1 12 0 0 3 3 0 0 0 0 0 0 0 0 0 0 0 0 
[ 1649.336143] 
[ 1649.337705] MESSAGE_B= 0 0 0 16 1 3 192 64 248 179 0 0 65 0 800 714 107 53 1240 0 0 0 0 0 0 0 0 1 12 0 0 3 0 0 0 0 0 0 0 0 0 0 0 0 0 
[ 1649.470138] 
[ 1649.471703] MESSAGE_B= 0 0 0 16 1 3 192 64 248 179 0 0 60 0 724 636 101 42 1176 0 0 0 0 0 0 0 0 1 12 0 0 3 0 0 0 0 0 0 0 0 0 0 0 0 0 
[ 1649.604143] 
[ 1649.605664] MESSAGE_B= 0 0 0 16 1 3 192 64 248 179 0 0 59 0 640 714 99 54 1113 0 0 0 0 0 0 0 0 1 12 0 0 3 0 0 0 0 0 0 0 0 0 0 0 0 0 
[ 1649.738149] 
[ 1649.739667] MESSAGE_B= 0 0 0 16 1 3 192 64 248 179 0 0 59 0 527 593 97 42 964 0 0 0 0 0 0 0 0 1 12 0 0 0 0 0 0 0 0 0 0 0 0 0 0 0 0 
[ 1649.872138] 
[ 1649.873653] MESSAGE_B= 0 0 0 16 0 3 192 64 248 179 0 0 40 0 518 572 87 43 912 0 0 0 0 0 0 0 0 1 12 0 0 0 0 0 0 0 0 0 0 0 0 0 0 0 0 
[ 1650.006150] 
[ 1650.007665] MESSAGE_B= 0 0 0 16 0 3 192 64 248 179 0 0 46 0 459 600 88 38 926 0 0 0 0 0 0 0 0 1 12 0 0 0 0 0 0 0 0 0 0 0 0 0 0 0 0 
[ 1650.140142] 
[ 1650.141656] MESSAGE_B= 0 0 0 16 1 3 192 64 248 179 0 0 34 0 404 514 104 37 1094 0 0 0 0 0 0 0 0 1 12 0 0 0 0 0 0 0 0 0 0 0 0 0 0 0 0 
[ 1650.274154] 
[ 1650.275670] MESSAGE_B= 0 0 0 16 0 3 192 64 248 179 0 0 29 0 363 452 125 21 1248 0 0 0 0 0 0 0 0 1 12 0 0 0 0 0 0 0 0 0 0 0 0 0 0 0 0 
[ 1650.408167] 
[ 1650.409681] MESSAGE_B= 0 0 0 16 1 3 192 64 248 179 0 0 16 0 80 0 122 0 1371 0 0 0 0 0 0 0 0 1 12 0 0 0 0 0 0 0 0 0 0 0 0 0 0 0 0 
[ 1650.542145] 
[ 1650.543659] MESSAGE_B= 0 0 0 16 1 3 192 64 248 179 0 0 0 0 0 0 110 0 1183 0 0 0 0 0 0 0 0 1 12 0 0 0 0 0 0 0 0 0 0 0 0 0 0 0 0 
[ 1650.676141] 
[ 1650.677679] MESSAGE_B= 0 0 0 16 1 3 192 64 248 179 0 0 0 0 0 0 92 0 732 0 0 0 0 0 0 0 0 1 12 0 0 0 0 0 0 0 0 0 0 0 0 1 0 0 0 
[ 1650.810146] 
[ 1650.811691] MESSAGE_B= 0 0 0 16 1 3 192 64 248 179 0 0 0 0 0 0 0 0 0 0 0 0 0 0 0 0 0 1 12 0 0 0 85 0 0 0 0 1 1 0 0 1 1 0 1 
[ 1650.943140] 
[ 1650.944654] MESSAGE_B= 0 7 0 16 0 3 192 64 248 179 0 0 0 0 0 0 0 0 0 0 0 0 0 0 0 0 0 1 12 0 0 0 0 0 0 0 0 1 1 1 1 1 1 1 1 
[ 1651.076144] 
[ 1651.077658] MESSAGE_B= 0 7 0 16 0 2 192 64 248 179 0 0 0 0 0 0 0 0 0 0 0 0 0 0 0 0 0 1 12 0 0 0 0 0 0 0 0 1 1 1 1 1 1 1 1 
[ 1651.209140] 
[ 1651.210696] MESSAGE_B= 0 7 0 16 0 2 192 64 248 179 0 0 0 0 0 0 0 0 0 0 0 0 0 0 0 0 0 1 12 0 0 0 0 0 0 0 0 1 1 1 1 1 1 1 1 
[ 1651.342141] 
[ 1651.343682] MESSAGE_B= 0 7 0 16 0 1 192 64 248 179 0 0 0 0 0 0 0 0 0 0 0 0 0 0 0 0 0 1 12 0 0 0 0 0 0 0 0 1 1 1 1 1 1 1 1 
[ 1651.475142] 
[ 1651.476656] MESSAGE_B= 0 7 0 16 0 0 192 64 248 179 0 0 0 0 0 0 0 0 0 0 0 0 0 0 0 0 0 1 12 0 0 0 0 0 0 0 0 1 1 1 1 1 1 1 1 
[ 1651.608141] 
[ 1651.609653] MESSAGE_B= 0 7 0 16 0 0 192 64 248 179 0 0 0 0 0 0 0 0 0 0 0 0 0 0 0 0 0 1 12 0 0 0 0 0 0 0 0 1 1 1 1 1 1 1 1 
[ 1651.741137] 
[ 1651.742650] MESSAGE_B= 0 7 0 16 0 0 192 64 248 179 0 0 0 0 0 0 0 0 0 0 0 0 0 0 0 0 0 1 12 0 0 0 0 0 0 0 0 1 1 1 1 1 1 1 1 
[ 1651.874150] 
[ 1651.875666] MESSAGE_B= 0 7 0 16 0 0 192 64 248 179 0 0 0 0 0 0 0 0 0 0 0 0 0 0 0 0 0 1 12 0 0 0 0 0 0 0 0 1 1 1 1 1 1 1 1 
[ 1652.007141] 
[ 1652.008659] MESSAGE_B= 0 7 0 16 0 0 192 64 248 179 0 0 0 0 0 0 0 0 0 0 0 0 0 0 0 0 0 1 12 0 0 0 0 0 0 0 0 1 1 1 1 1 1 1 1 
[ 1652.140140] 
[ 1652.141653] MESSAGE_B= 0 7 0 16 0 0 192 64 248 179 0 0 0 0 0 0 0 0 0 0 0 0 0 0 0 0 0 1 12 0 0 0 0 0 0 0 0 1 1 1 1 1 1 1 1 
[ 1652.273140] 
[ 1652.274657] MESSAGE_B= 0 7 0 16 0 0 192 64 248 179 0 0 0 0 0 0 0 0 0 0 0 0 0 0 0 0 0 1 12 0 0 0 0 0 0 0 0 1 1 1 1 1 1 1 1 
[ 1652.406146] 
[ 1652.407661] MESSAGE_B= 0 7 0 16 0 0 192 64 248 179 0 0 0 0 0 0 0 0 0 0 0 0 0 0 0 0 0 1 12 0 0 0 0 0 0 0 0 1 1 1 1 1 1 1 1 
[ 1652.539138] 
[ 1652.540655] MESSAGE_B= 0 7 0 16 1 0 192 64 248 179 0 0 0 0 0 0 0 0 0 0 0 0 0 0 0 0 0 1 12 0 0 0 0 0 0 0 0 1 1 1 1 1 1 1 1 
[ 1652.672138] 
[ 1652.673670] MESSAGE_B= 0 7 0 16 2 1 192 64 248 179 0 0 0 0 0 0 0 0 0 0 0 0 0 0 0 0 0 1 12 0 0 0 0 0 0 0 0 1 1 1 1 1 1 1 1 
[ 1652.805143] 
[ 1652.806656] MESSAGE_B= 0 7 0 16 2 1 192 64 248 179 0 0 0 0 0 0 0 0 0 0 0 0 0 0 0 0 0 1 12 0 0 0 0 0 0 0 0 1 1 1 1 1 1 1 1 
[ 1652.938141] 
[ 1652.939656] MESSAGE_B= 0 7 0 16 2 1 192 64 248 179 0 0 0 0 0 0 0 0 0 0 0 0 0 0 0 0 0 1 12 0 0 0 0 0 0 0 0 1 1 1 1 1 1 1 1 
[ 1653.071137] 
[ 1653.072655] MESSAGE_B= 0 7 0 16 2 1 192 64 248 179 0 0 0 0 0 0 0 0 0 0 0 0 0 0 0 0 0 1 12 0 0 0 0 0 0 0 0 1 1 1 1 1 1 1 1 
[ 1653.204140] 
[ 1653.205660] MESSAGE_B= 0 7 0 16 2 1 192 64 248 179 0 0 0 0 0 0 0 0 0 0 0 0 0 0 0 0 0 1 12 0 0 0 0 0 0 0 0 1 1 1 1 1 1 1 1 
[ 1653.337141] 
[ 1653.338662] MESSAGE_B= 0 7 0 16 2 1 192 64 248 179 0 0 0 0 0 0 0 0 0 0 0 0 0 0 0 0 0 1 12 0 0 0 0 0 0 0 0 1 1 1 1 1 1 1 1 
[ 1653.470140] 
[ 1653.471664] MESSAGE_B= 0 7 0 16 2 1 192 64 248 179 0 0 0 0 0 0 0 0 0 0 0 0 0 0 0 0 0 1 12 0 0 0 0 0 0 0 0 1 1 1 1 1 1 1 1 
[ 1653.603137] 
[ 1653.604661] MESSAGE_B= 0 7 0 16 2 1 192 64 248 179 0 0 0 0 0 0 0 0 0 0 0 0 0 0 0 0 0 1 12 0 0 0 0 0 0 0 0 1 1 1 1 1 1 1 1 
[ 1653.736136] 
[ 1653.737703] MESSAGE_B= 0 7 0 16 2 1 192 64 248 179 0 0 0 0 0 0 0 0 0 0 0 0 0 0 0 0 0 1 12 0 0 0 0 0 0 0 0 1 1 1 1 1 1 1 1 
[ 1653.869139] 
[ 1653.870701] MESSAGE_B= 0 7 0 16 2 1 192 64 248 179 0 0 0 0 0 0 0 0 0 0 0 0 0 0 0 0 0 1 12 0 0 0 0 0 0 0 0 1 1 1 1 1 1 1 1 
[ 1654.002138] 
[ 1654.003699] MESSAGE_B= 0 7 0 16 2 1 192 64 248 179 0 0 0 0 0 0 0 0 0 0 0 0 0 0 0 0 0 1 12 0 0 0 0 0 0 0 0 1 1 1 1 1 1 1 1 
[ 1654.135138] 
[ 1654.136694] MESSAGE_B= 0 7 0 16 2 1 192 64 248 179 0 0 0 0 0 0 0 0 0 0 0 0 0 0 0 0 0 1 12 0 0 0 0 0 0 0 0 1 1 1 1 1 1 1 1 
[ 1654.268142] 
[ 1654.269683] MESSAGE_B= 0 7 0 16 2 1 192 64 248 179 0 0 0 0 0 0 0 0 0 0 0 0 0 0 0 0 0 1 12 0 0 0 0 0 0 0 0 1 1 1 1 1 1 1 1 
[ 1654.401138] 
[ 1654.402652] MESSAGE_B= 0 7 0 16 2 1 192 64 248 179 0 0 0 0 0 0 0 0 0 0 0 0 0 0 0 0 0 1 12 0 0 0 0 0 0 0 0 1 1 1 1 1 1 1 1 
[ 1654.534139] 
[ 1654.535652] MESSAGE_B= 0 7 0 16 2 1 192 64 248 179 0 0 0 0 0 0 0 0 0 0 0 0 0 0 0 0 0 1 12 0 0 0 0 0 0 0 0 1 1 1 1 1 1 1 1 
[ 1654.667137] 
[ 1654.668696] MESSAGE_B= 0 7 0 16 2 1 192 64 248 179 0 0 0 0 0 0 0 0 0 0 0 0 0 0 0 0 0 1 12 0 0 0 0 0 0 0 0 1 1 1 1 1 1 1 1 
[ 1654.800136] 
[ 1654.801650] MESSAGE_B= 0 7 0 16 2 1 192 64 248 179 0 0 0 0 0 0 0 0 0 0 0 0 0 0 0 0 0 1 12 0 0 0 0 0 0 0 0 1 1 1 1 1 1 1 1 
[ 1654.933139] 
[ 1654.934654] MESSAGE_B= 0 7 0 16 2 1 192 64 248 179 0 0 0 0 0 0 0 0 0 0 0 0 0 0 0 0 0 1 12 0 0 0 0 0 0 0 0 1 1 1 1 1 1 1 1 
[ 1655.066149] 
[ 1655.067664] MESSAGE_B= 0 7 0 16 2 1 192 64 248 179 0 0 0 0 0 0 0 0 0 0 0 0 0 0 0 0 0 1 12 0 0 0 0 0 0 0 0 1 1 1 1 1 1 1 1 
[ 1655.199147] 
[ 1655.200661] MESSAGE_B= 0 7 0 16 2 1 192 64 248 179 0 0 0 0 0 0 0 0 0 0 0 0 0 0 0 0 0 1 12 0 0 0 0 0 0 0 0 1 1 1 1 1 1 1 1 
[ 1655.332138] 
[ 1655.333652] MESSAGE_B= 0 7 0 16 2 1 192 64 248 179 0 0 0 0 0 0 0 0 0 0 0 0 0 0 0 0 0 1 12 0 0 0 0 0 0 0 0 1 1 1 1 1 1 1 1 
[ 1655.465137] 
[ 1655.466650] MESSAGE_B= 0 7 0 16 2 1 192 64 248 179 0 0 0 0 0 0 0 0 0 0 0 0 0 0 0 0 0 1 12 0 0 0 0 0 0 0 0 1 1 1 1 1 1 1 1 
[ 1655.598141] 
[ 1655.599704] MESSAGE_B= 0 7 0 16 2 1 192 64 248 179 0 0 0 0 0 0 0 0 0 0 0 0 0 0 0 0 0 1 12 0 0 0 0 0 0 0 0 1 1 1 1 1 1 1 1 
[ 1655.731137] 
[ 1655.732691] MESSAGE_B= 0 7 0 16 2 1 192 64 248 179 0 0 0 0 0 0 0 0 0 0 0 0 0 0 0 0 0 1 12 0 0 0 0 0 0 0 0 1 1 1 1 1 1 1 1 
[ 1655.864140] 
[ 1655.865697] MESSAGE_B= 0 7 0 16 2 1 192 64 248 179 0 0 0 0 0 0 0 0 0 0 0 0 0 0 0 0 0 1 12 0 0 0 0 0 0 0 0 1 1 1 1 1 1 1 1 
[ 1655.997139] 
[ 1655.998696] MESSAGE_B= 0 7 0 16 2 1 192 64 248 179 0 0 0 0 0 0 0 0 0 0 0 0 0 0 0 0 0 1 12 0 0 0 0 0 0 0 0 1 1 1 1 1 1 1 1 
[ 1656.130151] 
[ 1656.131668] MESSAGE_B= 0 0 0 16 1 1 192 64 248 179 0 606 654 626 608 16 64 16 151 1022 868 1056 806 0 100 0 216 0 5 255 255 0 202 0 231 255 0 2 2 2 2 2 2 2 2 
[ 1656.266137] 
[ 1656.267652] MESSAGE_B= 0 0 0 16 1 1 192 64 248 179 0 481 667 506 621 151 64 161 156 930 868 982 809 542 96 582 216 0 5 255 255 255 204 25 229 255 0 2 2 2 2 2 2 2 2 
[ 1656.403142] 
[ 1656.404672] MESSAGE_B= 0 0 0 16 1 1 192 64 248 179 0 353 690 364 635 16 63 16 158 826 867 853 801 0 94 0 220 0 5 255 255 0 205 0 227 255 0 2 2 2 2 2 2 2 2 
[ 1656.539144] 
[ 1656.540659] MESSAGE_B= 0 0 0 16 1 1 192 64 248 179 0 504 700 504 637 16 66 16 157 977 865 976 789 0 99 0 220 0 5 255 255 0 203 6 225 255 0 2 2 2 2 2 2 2 2 
[ 1656.675137] 
[ 1656.676676] MESSAGE_B= 0 0 0 16 1 1 192 64 248 179 0 363 696 363 659 16 69 16 151 852 862 852 815 0 102 0 216 0 5 255 255 0 212 0 222 255 0 2 2 2 2 2 2 2 2 
[ 1656.811165] 
[ 1656.812682] MESSAGE_B= 0 0 0 16 1 1 192 64 248 179 0 351 618 364 592 16 60 16 136 820 835 853 802 0 93 0 209 0 5 255 255 0 212 0 222 255 0 2 2 2 2 2 2 2 2 
[ 1656.947145] 
[ 1656.948663] MESSAGE_B= 0 0 0 16 1 1 192 64 248 179 0 621 573 627 580 624 67 638 142 1049 825 1058 837 1053 101 1077 212 0 5 255 255 255 221 253 219 255 0 2 2 2 2 2 2 2 2 
[ 1657.084142] 
[ 1657.085658] MESSAGE_B= 0 0 0 16 1 1 192 64 248 179 0 1170 589 1186 578 619 68 637 141 1206 829 1224 817 1046 103 1075 211 0 5 255 254 255 219 245 218 255 0 0 2 2 2 2 0 2 2 
[ 1657.222141] 
[ 1657.223657] MESSAGE_B= 0 0 0 16 1 1 192 64 248 179 0 1245 474 1283 462 353 68 371 143 1182 770 1219 754 827 104 869 214 0 5 255 254 255 220 30 218 255 0 0 2 2 2 2 0 2 2 
[ 1657.359144] 
[ 1657.360660] MESSAGE_B= 0 0 0 16 1 1 192 64 248 179 0 1179 361 1185 362 650 56 666 125 1216 691 1221 695 1065 86 1093 204 0 5 255 255 255 229 247 216 255 0 0 2 2 2 2 0 2 2 
[ 1657.496137] 
[ 1657.497653] MESSAGE_B= 0 0 0 16 1 1 192 64 248 179 0 995 545 999 513 567 42 578 107 1199 782 1203 738 1021 58 1041 190 0 5 255 255 255 250 234 216 255 0 2 2 2 2 2 0 2 2 
[ 1657.633138] 
[ 1657.634653] MESSAGE_B= 0 0 0 16 1 1 192 64 248 179 0 835 608 835 504 855 42 866 104 1159 839 1158 698 1162 57 1178 185 0 5 255 252 255 251 249 215 255 0 2 2 2 2 2 0 2 2 
[ 1657.770142] 
[ 1657.771663] MESSAGE_B= 0 0 0 16 1 1 192 64 248 179 0 827 789 836 543 1410 38 1456 85 1148 1007 1160 695 1191 58 1229 169 0 5 255 241 255 244 230 211 255 0 2 2 2 2 2 0 2 2 
[ 1657.907141] 
[ 1657.908659] MESSAGE_B= 0 0 0 16 1 1 192 64 248 179 0 1043 1076 1032 627 1435 20 1468 24 1221 1187 1207 688 1201 32 1229 61 0 5 255 249 255 255 198 195 255 0 2 2 2 2 2 0 2 2 
[ 1658.045147] 
[ 1658.046669] MESSAGE_B= 0 0 0 16 1 1 192 64 248 179 0 1528 1467 1501 661 1468 16 1492 16 1218 1376 1196 621 1211 0 1233 0 0 5 255 247 255 0 185 184 255 0 2 2 0 2 2 0 2 2 
[ 1658.182149] 
[ 1658.183666] MESSAGE_B= 0 0 0 16 1 1 192 64 248 179 0 1635 1481 1575 635 1498 23 1507 24 1224 1400 1178 601 1220 49 1227 56 0 5 255 246 255 255 180 189 255 0 2 2 0 2 2 0 2 2 
[ 1658.320139] 
[ 1658.321661] MESSAGE_B= 0 0 0 16 1 1 192 64 248 179 0 1681 1498 1626 602 1508 49 1516 62 1204 1404 1163 571 1219 105 1226 145 0 5 255 242 255 249 173 196 255 0 0 2 0 2 2 0 2 2 
[ 1658.458142] 
[ 1658.459657] MESSAGE_B= 0 0 0 16 2 1 192 64 248 179 0 1689 1447 1631 534 1532 82 1531 106 1208 1406 1167 547 1222 140 1220 190 0 5 255 231 255 255 167 195 255 252 0 2 0 2 2 0 2 2 
[ 1658.596144] 
[ 1658.597661] MESSAGE_B= 0 0 0 16 5 1 192 64 248 179 0 1602 1362 1546 513 1537 69 1540 79 1237 1409 1193 553 1218 133 1220 155 0 5 255 234 255 253 170 195 255 0 2 2 0 2 2 0 2 2 
[ 1658.734143] 
[ 1658.735659] MESSAGE_B= 0 0 0 16 3 1 192 64 248 179 0 1706 1483 1631 528 1554 85 1543 100 1221 1413 1167 530 1222 146 1215 175 0 5 255 231 255 254 168 195 255 140 0 2 0 2 2 0 2 2 
[ 1658.872141] 
[ 1658.873658] MESSAGE_B= 0 0 0 16 4 1 192 64 248 179 0 1659 1466 1575 517 1507 88 1481 102 1251 1423 1186 511 1236 152 1215 182 0 5 255 243 255 253 166 190 255 93 2 2 0 2 2 0 2 2 
[ 1659.010149] 
[ 1659.011667] MESSAGE_B= 0 0 0 16 2 1 192 64 248 179 0 1585 1429 1512 524 1492 90 1462 105 1264 1430 1205 535 1240 157 1216 188 0 5 255 243 255 255 162 187 255 92 2 2 0 2 2 0 2 2 
[ 1659.148141] 
[ 1659.149659] MESSAGE_B= 0 0 0 16 2 1 192 64 248 179 0 1593 1497 1513 553 1501 89 1464 99 1263 1453 1198 546 1239 163 1209 184 0 5 255 243 255 254 161 183 255 74 2 2 0 2 2 0 2 2 
[ 1659.286142] 
[ 1659.287671] MESSAGE_B= 0 0 0 16 3 1 192 64 248 179 0 1513 1520 1434 556 1512 83 1450 93 1278 1448 1210 539 1239 157 1189 179 0 5 255 243 255 254 160 184 255 129 2 2 0 2 2 0 2 2 
[ 1659.424145] 
[ 1659.425692] MESSAGE_B= 0 0 0 16 2 1 192 64 248 179 0 1406 1493 1317 539 1516 96 1443 108 1300 1463 1216 538 1242 170 1182 192 0 5 255 245 255 255 158 181 255 80 2 2 0 2 2 0 2 2 
[ 1659.562138] 
[ 1659.563659] MESSAGE_B= 0 0 0 16 2 1 192 64 248 179 0 1212 1517 1132 531 1524 78 1424 87 1294 1471 1208 525 1241 153 1159 174 0 5 255 246 255 255 155 181 255 37 2 2 0 2 2 0 0 2 
[ 1659.700144] 
[ 1659.701662] MESSAGE_B= 0 7 0 16 3 2 192 64 248 179 0 1689 1296 897 814 1881 1735 1243 1174 1026 820 609 492 1187 1108 946 871 0 31 236 240 181 151 143 108 193 0 0 0 0 0 0 0 0 0 
[ 1659.838148] 
[ 1659.839664] MESSAGE_B= 0 7 0 16 1 1 192 64 248 179 0 1909 1316 916 745 2200 1756 1270 1146 1145 827 628 445 1334 1084 826 863 0 31 231 233 226 188 101 5 177 15 0 0 0 0 0 0 0 0 
[ 1659.976150] 
[ 1659.977675] MESSAGE_B= 0 0 0 16 2 2 192 64 248 179 0 1917 1034 803 701 1832 1608 1126 1212 1155 633 496 427 1103 1051 718 924 0 31 251 237 243 234 140 43 168 1 0 0 0 0 0 0 0 0 
[ 1660.114154] 
[ 1660.115673] MESSAGE_B= 0 0 0 16 1 2 192 64 248 179 0 1622 831 636 682 1304 2009 1141 1298 990 517 381 413 796 1256 722 951 0 31 243 247 236 230 33 69 39 11 0 0 0 0 0 0 0 0 
[ 1660.252148] 
[ 1660.253671] MESSAGE_B= 0 0 0 16 2 2 192 64 248 179 0 1337 1018 563 673 1125 1895 1278 1249 885 781 349 405 747 1179 847 937 0 31 239 215 239 227 57 147 2 8 0 0 0 0 0 0 0 0 
[ 1660.390141] 
[ 1660.391658] MESSAGE_B= 0 7 0 16 1 2 192 64 248 179 0 1101 989 613 650 1154 1892 1459 1158 722 653 394 387 719 1169 919 919 0 31 221 237 246 222 12 125 75 20 0 0 0 0 0 0 0 0 
[ 1660.528140] 
[ 1660.529662] MESSAGE_B= 0 4 0 16 0 2 192 64 248 179 0 1926 2352 2106 1444 2357 2821 2626 1848 1170 1436 1290 874 1413 1692 1575 1131 0 31 255 255 255 251 112 122 129 91 0 0 0 0 0 0 0 0 
[ 1660.667147] 
[ 1660.668666] MESSAGE_B= 0 0 0 16 1 2 192 64 248 179 0 1513 1257 754 569 1771 2017 1270 999 914 861 483 338 1060 1263 798 776 0 31 238 210 244 221 98 16 136 4 0 0 0 0 0 0 0 0 
[ 1660.805147] 
[ 1660.806665] MESSAGE_B= 0 7 0 16 1 2 192 64 248 179 0 1838 1469 689 596 1842 2116 1173 1047 1103 992 479 358 1111 1400 711 811 0 31 215 202 252 226 110 96 194 8 0 0 0 0 0 0 0 0 
[ 1660.943150] 
[ 1660.944672] MESSAGE_B= 0 0 0 16 1 2 192 64 248 179 0 1874 1221 522 617 1468 1887 986 1024 1127 938 411 367 900 1314 603 811 0 31 200 173 243 229 129 135 186 7 0 0 0 0 0 0 0 0 
[ 1661.081155] 
[ 1661.082675] MESSAGE_B= 0 0 0 16 1 2 192 64 248 179 0 1645 1000 615 618 1043 1698 851 937 1027 889 431 370 847 1116 543 703 0 31 179 136 170 223 56 55 125 34 0 0 0 0 0 0 0 0 
[ 1661.219147] 
[ 1661.220672] MESSAGE_B= 0 0 0 16 1 2 192 64 248 179 0 2398 1905 1122 1336 1683 2555 1486 1674 150 623 159 55 547 480 501 470 0 12 101 140 67 206 192 190 139 132 0 0 0 0 2 2 2 2 
[ 1661.357152] 
[ 1661.358668] MESSAGE_B= 0 7 0 16 1 2 192 64 248 179 0 1355 1216 699 805 1188 2067 1043 1121 991 885 429 491 734 1274 648 822 0 31 179 177 237 232 70 87 97 1 0 0 0 0 0 0 0 0 
[ 1661.495146] 
[ 1661.496669] MESSAGE_B= 0 0 0 16 1 3 192 64 248 179 0 1436 1319 671 778 1133 2224 1173 1205 975 904 411 469 699 1355 726 895 0 31 196 200 237 223 8 101 74 11 0 0 0 0 0 0 0 0 
[ 1661.633149] 
[ 1661.634686] MESSAGE_B= 0 7 0 16 2 2 192 64 248 179 0 1596 1224 585 810 1268 1776 1392 1275 1000 799 421 487 783 1108 876 971 0 31 163 223 237 206 1 6 122 42 0 0 0 0 0 0 0 0 
[ 1661.771140] 
[ 1661.772656] MESSAGE_B= 0 0 0 16 2 2 192 64 248 179 0 1599 1205 761 782 1422 1914 1421 1266 999 752 492 467 871 1196 919 964 0 31 203 239 232 215 11 21 69 56 0 0 0 0 0 0 0 0 
[ 1661.909152] 
[ 1661.910671] MESSAGE_B= 0 0 0 16 1 2 192 64 248 179 0 1756 1161 828 708 1665 1939 1390 1160 1075 783 521 421 1033 1198 908 911 0 31 241 229 233 210 18 11 1 30 0 0 0 0 0 0 0 0 
[ 1662.047143] 
[ 1662.048660] MESSAGE_B= 0 0 0 16 1 2 192 64 248 179 0 1887 1408 933 604 1897 2044 1483 1021 1135 895 561 358 1143 1297 944 825 0 31 252 232 243 225 84 51 45 20 0 0 0 0 0 0 0 0 
[ 1662.185150] 
[ 1662.186674] MESSAGE_B= 0 0 0 16 1 3 192 64 248 179 0 1831 1740 1664 961 1573 1154 1337 1295 352 277 192 168 473 271 219 213 0 12 166 143 17 167 71 50 46 65 0 0 2 0 2 2 2 2 
[ 1662.323146] 
[ 1662.324664] MESSAGE_B= 0 0 0 16 1 3 192 64 248 179 0 1839 1746 1667 933 1623 1156 1342 1291 351 279 199 182 434 283 217 214 0 12 158 94 21 169 61 70 49 30 0 0 2 0 2 2 2 2 
[ 1662.460140] 
[ 1662.461657] MESSAGE_B= 0 0 0 16 1 3 192 64 248 179 0 1831 1772 1651 924 1691 1213 1297 1297 330 292 187 175 344 291 222 223 0 12 152 26 78 167 43 50 36 50 0 2 2 0 2 2 2 2 
[ 1662.597139] 
[ 1662.598655] MESSAGE_B= 0 0 0 16 1 3 192 64 248 179 0 1835 1813 1600 950 1595 1249 1324 1308 347 339 268 188 405 189 222 231 0 12 167 71 82 135 11 90 127 59 0 2 2 0 2 2 2 2 
[ 1662.735145] 
[ 1662.736698] MESSAGE_B= 0 0 0 16 1 3 192 64 248 179 0 1116 813 648 358 626 816 793 905 689 563 465 310 481 509 577 608 0 31 174 209 100 224 225 143 136 153 0 0 0 0 0 0 0 0 
[ 1662.872140] 
[ 1662.873660] MESSAGE_B= 0 0 0 16 1 3 192 64 248 179 0 1552 1888 1438 955 821 1384 1148 1326 427 261 229 177 144 136 193 245 0 12 144 27 42 55 0 132 150 28 0 2 2 0 2 2 2 2 
[ 1663.009149] 
[ 1663.010674] MESSAGE_B= 0 0 0 16 1 3 192 64 248 179 0 1621 1359 1347 954 1592 864 1060 1325 319 415 325 178 317 164 211 251 0 12 126 33 99 6 46 172 204 77 0 2 2 2 2 2 2 2 
[ 1663.146150] 
[ 1663.147669] MESSAGE_B= 0 0 0 16 1 3 192 64 248 179 0 1832 1750 1028 945 1729 1544 755 1152 354 414 351 198 303 375 108 143 0 12 225 122 87 13 130 172 178 49 2 2 0 2 2 2 2 2 
[ 1663.284140] 
[ 1663.285654] MESSAGE_B= 0 0 0 16 1 4 192 64 248 179 0 1785 1869 1377 883 1752 1431 813 1259 357 306 337 159 309 400 131 180 0 12 168 147 95 101 142 70 120 61 2 0 0 2 2 2 2 2 
[ 1663.422145] 
[ 1663.423662] MESSAGE_B= 0 0 0 16 1 4 192 64 248 179 0 1079 869 490 390 1098 500 428 930 742 549 333 271 792 421 267 579 0 31 146 232 211 129 218 212 21 121 0 0 0 0 0 0 0 0 
[ 1663.559142] 
[ 1663.560693] MESSAGE_B= 0 0 0 16 1 3 192 64 248 179 0 1045 921 501 363 815 480 440 955 672 577 340 256 632 412 271 581 0 31 165 222 200 144 211 206 26 145 0 0 0 0 0 0 0 0 
[ 1663.696144] 
[ 1663.697702] MESSAGE_B= 0 0 0 16 2 4 192 64 248 179 0 1574 1788 1286 897 989 1246 912 1325 250 220 389 187 237 438 161 131 0 12 65 71 39 49 59 77 160 138 0 0 0 2 2 2 2 2 
[ 1663.833143] 
[ 1663.834701] MESSAGE_B= 0 0 0 16 1 2 192 64 248 179 0 1650 1846 1216 893 1086 1168 909 1329 311 257 385 180 320 377 176 147 0 12 113 61 167 5 105 59 190 128 0 0 0 2 2 2 2 2 
[ 1663.971145] 
[ 1663.972667] MESSAGE_B= 0 0 0 16 1 2 192 64 248 179 0 1652 1857 1181 888 1026 1373 891 1314 291 219 388 191 259 407 153 152 0 12 111 56 167 27 27 58 112 197 0 0 0 2 2 2 2 2 
[ 1664.109148] 
[ 1664.110668] MESSAGE_B= 0 0 0 16 1 2 192 64 248 179 0 1576 970 887 583 1064 838 735 787 467 261 193 30 177 70 85 66 0 12 139 61 22 164 70 218 225 62 0 2 2 2 2 2 2 2 
[ 1664.246144] 
[ 1664.247661] MESSAGE_B= 0 0 0 16 1 1 192 64 248 179 0 1333 936 953 580 1034 920 744 918 298 148 189 31 205 61 85 244 0 12 45 20 118 80 11 185 200 149 0 2 2 2 2 2 2 2 
[ 1664.383143] 
[ 1664.384659] MESSAGE_B= 0 0 0 16 2 3 192 64 248 179 0 1095 951 907 669 752 933 608 984 306 145 199 228 0 64 0 300 0 12 134 44 0 117 172 31 238 216 2 2 2 2 2 2 2 2 
[ 1664.520139] 
[ 1664.521663] MESSAGE_B= 0 0 0 16 2 2 192 64 248 179 0 1254 974 752 748 0 905 0 973 420 166 12 310 0 68 0 273 0 12 54 59 0 51 0 52 229 228 2 2 2 2 0 2 2 2 
[ 1664.656140] 
[ 1664.657657] MESSAGE_B= 0 0 0 16 2 2 192 64 248 179 0 1029 965 768 825 0 918 0 977 135 174 33 347 0 81 0 264 0 12 192 79 0 57 0 0 255 156 2 0 2 2 0 2 2 2 
[ 1664.792141] 
[ 1664.793659] MESSAGE_B= 0 0 0 16 2 2 192 64 248 179 0 893 1032 765 909 736 909 784 1096 184 177 35 342 93 72 58 323 0 12 192 90 160 61 0 1 222 194 2 0 2 2 0 2 2 2 
[ 1664.929151] 
[ 1664.930672] MESSAGE_B= 0 0 0 16 2 2 192 64 248 179 0 1576 1059 744 915 1055 855 718 1174 24 178 24 330 124 67 84 251 0 12 255 78 59 64 255 12 219 146 2 0 2 0 2 2 2 2 
[ 1665.066145] 
[ 1665.067662] MESSAGE_B= 0 0 0 16 2 2 192 64 248 179 0 1029 1071 910 892 1088 841 700 1216 224 184 193 315 127 71 71 215 0 12 148 97 91 13 99 9 200 165 2 0 2 0 2 2 2 2 
[ 1665.203141] 
[ 1665.204664] MESSAGE_B= 0 0 0 16 2 1 192 64 248 179 0 1211 1121 948 803 1217 833 724 1277 227 222 208 227 184 74 71 108 0 12 115 103 141 2 178 4 177 162 2 0 2 0 2 2 2 2 
[ 1665.340142] 
[ 1665.341658] MESSAGE_B= 0 0 0 16 2 1 192 64 248 179 0 1338 1148 897 828 1220 827 752 1292 327 258 205 167 210 75 90 103 0 12 123 120 3 2 74 12 148 150 0 0 2 0 2 2 2 2 
[ 1665.477146] 
[ 1665.478662] MESSAGE_B= 0 0 0 16 2 2 192 64 248 179 0 1543 1153 845 859 1201 824 771 1321 445 277 204 119 195 85 119 103 0 12 148 164 38 22 141 19 53 111 0 0 2 0 2 2 2 2 
[ 1665.614144] 
[ 1665.615660] MESSAGE_B= 0 0 0 16 2 2 192 64 248 179 0 1621 1157 831 942 1192 821 872 1149 528 295 198 127 235 88 236 149 0 12 142 70 116 20 161 65 212 179 0 0 0 0 2 2 2 2 
[ 1665.751140] 
[ 1665.752701] MESSAGE_B= 0 0 0 16 2 2 192 64 248 179 0 1633 1168 841 968 1239 815 966 1107 539 307 193 111 247 90 234 189 0 12 133 11 140 26 167 121 107 168 0 0 0 0 2 2 2 2 
[ 1665.889149] 
[ 1665.890665] MESSAGE_B= 0 0 0 16 3 2 192 64 248 179 0 1624 1161 840 949 1216 796 1018 1034 514 319 167 115 267 98 199 234 0 12 137 87 46 59 169 158 147 116 0 0 0 0 2 2 2 2 
[ 1666.026146] 
[ 1666.027664] MESSAGE_B= 0 0 0 16 2 2 192 64 248 179 0 1617 1152 839 919 1226 778 1075 984 513 333 148 102 264 95 131 275 0 12 134 146 13 57 170 171 100 43 0 0 0 0 2 2 2 2 
[ 1666.163172] 
[ 1666.164690] MESSAGE_B= 0 0 0 16 2 2 192 64 248 179 0 1636 1154 907 853 1240 769 1095 950 517 343 166 137 284 97 137 296 0 12 170 213 2 81 177 160 24 133 0 0 0 0 2 2 2 2 
[ 1666.300137] 
[ 1666.301652] MESSAGE_B= 0 0 0 16 3 2 192 64 248 179 0 1646 1147 953 871 1254 776 1134 881 519 348 193 128 298 87 145 286 0 12 186 238 39 131 178 167 101 187 0 0 0 0 2 2 2 2 
[ 1666.438144] 
[ 1666.439661] MESSAGE_B= 0 0 0 16 3 2 192 64 248 179 0 1663 1137 997 927 1189 796 1098 805 506 354 163 116 244 121 124 279 0 12 171 188 30 190 186 172 14 212 0 0 0 2 2 2 2 2 

