[10771.833434] MESSAGE_B= 0 0 0 244 1 25 192 0 248 179 0 0 707 0 845 851 1193 838 1881 0 0 0 0 0 0 0 0 1 12 118 162 83 132 0 2 0 0 0 0 0 0 0 0 0 0 1 25 53138 192060 2073598 0 0 0 0 0 2073598 2073598 0 2073598 0 0 0 0 0 2073598 2073598 0 2073600 0 3 15 437585 990720 993600 109958 106782 113409 107436 15 15 15 15 60 4 4 4 4 1920 1080 
[10772.104435] MESSAGE_B= 0 0 0 244 1 11 192 0 248 179 0 0 806 0 855 732 1622 879 1811 0 0 0 0 0 0 0 0 1 12 173 107 209 73 0 2 2 0 0 0 0 0 0 0 0 0 1 11 26686 146438 2073598 0 0 0 0 0 2073598 2073598 0 2073598 0 0 0 0 0 2073598 2073598 0 2073600 0 1 15 438076 994560 993600 110464 106526 113819 107267 15 15 15 15 57 4 4 4 4 1920 1080 
[10772.254428] MESSAGE_B= 0 0 0 243 4 316 192 0 248 179 0 0 763 0 816 755 1722 872 1872 0 0 0 0 0 0 0 0 1 12 179 148 235 95 4 5 4 6 0 0 0 0 0 0 0 0 4 316 71518 189784 2073598 0 0 0 0 0 2073598 2073598 0 2073598 0 0 0 0 0 2073598 2073598 0 2073600 0 3 15 437813 990720 993600 110535 106760 113574 106944 15 15 15 15 57 4 4 4 4 1920 1080 
[10772.525433] MESSAGE_B= 0 0 0 244 1 17 192 0 248 179 0 0 827 0 848 712 1858 839 1473 0 0 0 0 0 0 0 0 1 12 159 118 133 93 4 4 6 4 0 0 0 0 0 0 0 0 1 17 39712 143614 2073598 0 0 0 0 0 2073598 2073598 0 2073598 0 0 0 0 0 2073598 2073598 0 2073600 0 1 15 437591 994560 993600 109272 107810 110835 109674 15 15 15 15 57 4 4 4 4 1920 1080 
[10772.796427] MESSAGE_B= 0 0 0 244 4 119 192 0 248 179 0 0 851 0 727 767 1876 842 895 0 0 0 0 0 0 0 0 1 12 114 155 77 190 6 4 2 6 0 0 0 0 0 0 0 0 4 119 15692 185668 2073598 0 0 0 0 0 2073598 2073598 0 2073598 0 0 0 0 0 2073598 2073598 0 2073600 0 1 15 437655 990720 993600 107489 109682 108011 112473 15 15 15 15 57 4 4 4 4 1920 1080 
[10773.067431] MESSAGE_B= 0 0 0 244 2 12 192 0 248 179 0 0 840 0 709 818 1868 868 1019 0 0 0 0 0 0 0 0 1 12 128 165 98 204 0 0 2 2 0 0 0 0 0 0 0 0 2 12 25224 142344 2073598 0 0 0 0 0 2073598 2073598 0 2073598 0 0 0 0 0 2073598 2073598 0 2073600 0 1 15 437596 994560 993600 106977 109768 107545 113306 15 15 15 15 57 4 4 4 4 1920 1080 
[10773.338432] MESSAGE_B= 0 0 0 242 2 102 192 0 248 179 0 0 860 0 784 861 1845 772 1475 0 0 0 0 0 0 0 0 1 12 164 136 166 93 0 2 0 2 0 0 0 0 0 0 0 0 2 102 60728 190412 2073598 0 0 0 0 0 2073598 2073598 0 2073598 0 0 0 0 0 2073598 2073598 0 2073600 0 3 15 437865 990720 993600 106635 110285 107193 113752 15 15 15 15 57 4 4 4 4 1920 1080 
[10773.609433] MESSAGE_B= 0 0 0 244 6 13 192 0 248 179 0 0 832 0 781 845 1801 753 1716 0 0 0 0 0 0 0 0 1 12 195 139 246 96 0 2 0 2 0 0 0 0 0 0 0 0 6 13 37628 140410 2073598 0 0 0 0 0 2073598 2073598 0 2073598 0 0 0 0 0 2073598 2073598 0 2073600 0 1 15 437872 994560 993600 106769 110147 107492 113464 15 15 15 15 59 4 4 4 4 1920 1080 
[10773.880430] MESSAGE_B= 0 0 0 244 1 14 192 0 248 179 0 0 824 0 813 866 1400 753 1765 0 0 0 0 0 0 0 0 1 12 163 126 123 89 2 0 2 2 0 0 0 0 0 0 0 0 1 14 76332 187546 2073598 0 0 0 0 0 2073598 2073598 0 2073598 0 0 0 0 0 2073598 2073598 0 2073600 0 3 15 437483 990720 993600 107703 109020 109857 110903 15 15 15 15 61 4 4 4 4 1920 1080 
[10774.151435] MESSAGE_B= 0 0 0 244 1 21 192 0 248 179 0 0 739 0 867 825 829 752 1950 0 0 0 0 0 0 0 0 1 12 116 151 74 193 2 6 2 4 0 0 0 0 0 0 0 0 1 21 22678 150682 2073598 0 0 0 0 0 2073598 2073598 0 2073598 0 0 0 0 0 2073598 2073598 0 2073600 0 1 15 437708 994560 993600 109886 107290 112877 107655 15 15 15 15 61 4 4 4 4 1920 1080 
[10774.301430] MESSAGE_B= 0 0 0 244 12 9376 192 0 248 179 0 0 737 0 859 837 930 804 1886 0 0 0 0 0 0 0 0 1 12 147 179 96 255 0 0 2 0 0 0 0 0 0 0 0 0 12 9376 35504 193010 2073598 0 0 0 0 0 2073598 2073598 0 2073598 0 0 0 0 0 2073598 2073598 0 2073600 0 1 15 437889 990720 993600 109809 107118 113122 107840 15 15 15 15 61 4 4 4 4 1920 1080 
[10774.573439] MESSAGE_B= 0 0 0 244 5 13 192 0 248 179 0 0 768 0 867 781 1347 838 1903 0 0 0 0 0 0 0 0 1 12 141 145 98 96 0 2 0 2 0 0 0 0 0 0 0 0 5 13 29710 141272 2073598 0 0 0 0 0 2073598 2073598 0 2073598 0 0 0 0 0 2073598 2073598 0 2073600 0 1 15 437919 994560 993600 110140 106804 113571 107404 15 15 15 15 60 4 4 4 4 1920 1080 
[10774.844430] MESSAGE_B= 0 0 0 244 0 44 192 0 248 179 0 0 786 0 844 785 1691 915 1818 0 0 0 0 0 0 0 0 1 12 179 119 246 76 0 2 2 0 0 0 0 0 0 0 0 0 0 44 67368 189342 2073598 0 0 0 0 0 2073598 2073598 0 2073598 0 0 0 0 0 2073598 2073598 0 2073600 0 3 15 437750 990720 993600 110480 106380 113937 106953 15 15 15 15 57 4 4 4 4 1920 1080 
[10775.115432] MESSAGE_B= 0 0 0 244 9 22 192 0 248 179 0 0 796 0 836 729 1787 853 1569 0 0 0 0 0 0 0 0 1 12 156 118 151 86 4 4 4 6 0 0 0 0 0 0 0 0 9 22 43010 146430 2073598 0 0 0 0 0 2073598 2073598 0 2073598 0 0 0 0 0 2073598 2073598 0 2073600 0 1 15 437830 994560 993600 109776 107535 111659 108860 15 15 15 15 57 4 4 4 4 1920 1080 
[10775.386433] MESSAGE_B= 0 0 0 244 3 119 192 0 248 179 0 0 889 0 781 735 1922 806 1068 0 0 0 0 0 0 0 0 1 12 115 169 83 181 4 4 2 6 0 0 0 0 0 0 0 0 3 119 37596 189856 2073598 0 0 0 0 0 2073598 2073598 0 2073598 0 0 0 0 0 2073598 2073598 0 2073600 0 1 15 437707 990720 993600 107714 109496 108482 112015 15 15 15 15 57 4 4 4 4 1920 1080 
[10775.658433] MESSAGE_B= 0 0 0 244 4 15 192 0 248 179 0 0 865 0 733 806 1864 826 908 0 0 0 0 0 0 0 0 1 12 133 168 96 238 6 4 4 4 0 0 0 0 0 0 0 0 4 15 10540 144334 2073598 0 0 0 0 0 2073598 2073598 0 2073598 0 0 0 0 0 2073598 2073598 0 2073600 0 2 15 437556 994560 993600 106966 110123 107305 113162 15 15 15 15 58 4 4 4 4 1920 1080 
[10775.929427] MESSAGE_B= 0 0 0 244 8 45 192 0 248 179 0 0 875 0 757 812 1864 779 1316 0 0 0 0 0 0 0 0 1 12 118 139 87 92 6 4 4 2 0 0 0 0 0 0 0 0 8 45 57102 188382 2073598 0 0 0 0 0 2073598 2073598 0 2073598 0 0 0 0 0 2073598 2073598 0 2073600 0 3 15 437719 990720 993600 106870 110287 107115 113447 15 15 15 15 58 4 4 4 4 1920 1080 
[10776.200430] MESSAGE_B= 0 0 0 244 2 29 192 0 248 179 0 0 880 0 834 870 1909 721 1754 0 0 0 0 0 0 0 0 1 12 196 128 225 82 2 2 0 2 0 0 0 0 0 0 0 0 2 29 33634 147878 2073598 0 0 0 0 0 2073598 2073598 0 2073598 0 0 0 0 0 2073598 2073598 0 2073600 0 1 15 437534 994560 993600 106330 110422 106912 113870 15 15 15 15 58 4 4 4 4 1920 1080 
[10776.350430] MESSAGE_B= 0 0 0 244 3 53 192 0 248 179 0 0 829 0 771 862 1697 762 1781 0 0 0 0 0 0 0 0 1 12 168 132 232 95 4 6 4 4 0 0 0 0 0 0 0 0 3 53 77144 189208 2073598 0 0 0 0 0 2073598 2073598 0 2073598 0 0 0 0 0 2073598 2073598 0 2073600 0 3 15 437915 990720 993600 107224 110091 108095 112505 15 15 15 15 59 4 4 4 4 1920 1080 
[10776.621435] MESSAGE_B= 0 0 0 244 4 16 192 0 248 179 0 0 811 0 843 831 1264 706 1866 0 0 0 0 0 0 0 0 1 12 140 109 92 92 2 6 4 4 0 0 0 0 0 0 0 0 4 16 32256 145270 2073598 0 0 0 0 0 2073598 2073598 0 2073598 0 0 0 0 0 2073598 2073598 0 2073600 0 1 15 437657 994560 993600 108435 108695 110650 109877 15 15 15 15 61 4 4 4 4 1920 1080 
[10776.892424] MESSAGE_B= 0 0 0 244 11 56 192 0 248 179 0 0 716 0 851 844 801 778 1898 0 0 0 0 0 0 0 0 1 12 130 171 83 196 5 6 4 6 0 0 0 0 0 0 0 0 11 56 11244 190774 2073598 0 0 0 0 0 2073598 2073598 0 2073598 0 0 0 0 0 2073598 2073598 0 2073600 0 2 15 437788 990720 993600 109920 107275 112915 107678 15 15 15 15 61 4 4 4 4 1920 1080 
[10777.163427] MESSAGE_B= 0 0 0 244 6 21 192 0 248 179 0 0 734 0 885 848 1191 806 1844 0 0 0 0 0 0 0 0 1 12 120 159 90 145 4 6 4 4 0 0 0 0 0 0 0 0 6 21 28554 147116 2073598 0 0 0 0 0 2073598 2073598 0 2073598 0 0 0 0 0 2073598 2073598 0 2073600 0 1 15 437789 994560 993600 109989 107209 112922 107669 15 15 15 15 60 4 4 4 4 1920 1080 
[10777.434429] MESSAGE_B= 0 0 0 244 1 32 192 0 248 179 0 0 795 0 848 731 1617 874 1812 0 0 0 0 0 0 0 0 1 12 153 113 198 73 0 2 4 2 0 0 0 0 0 0 0 0 1 32 64734 187262 2073598 0 0 0 0 0 2073598 2073598 0 2073598 0 0 0 0 0 2073598 2073598 0 2073600 0 3 15 438051 990720 993600 110458 106526 113845 107222 15 15 15 15 57 4 4 4 4 1920 1080 
[10777.705433] MESSAGE_B= 0 0 0 244 4 30 192 0 248 179 0 0 798 0 864 758 1772 870 1712 0 0 0 0 0 0 0 0 1 12 169 138 216 98 2 0 0 2 0 0 0 0 0 0 0 0 4 30 39876 141648 2073598 0 0 0 0 0 2073598 2073598 0 2073598 0 0 0 0 0 2073598 2073598 0 2073600 0 1 15 437306 994560 993600 109766 106874 112442 108224 15 15 15 15 57 4 4 4 4 1920 1080 
[10777.976423] MESSAGE_B= 0 0 0 244 1 24 192 0 248 179 0 0 856 0 813 728 1846 852 1211 0 0 0 0 0 0 0 0 1 12 137 120 90 117 2 0 2 0 0 0 0 0 0 0 0 0 1 24 62334 187402 2073598 0 0 0 0 0 2073598 2073598 0 2073598 0 0 0 0 0 2073598 2073598 0 2073600 0 3 15 437676 990720 993600 108414 108367 109767 111128 15 15 15 15 57 4 4 4 4 1920 1080 
[10778.247421] MESSAGE_B= 0 0 0 244 1 89 192 0 248 179 0 0 875 0 749 776 1922 836 840 0 0 0 0 0 0 0 0 1 12 129 184 90 212 2 0 0 0 0 0 0 0 0 0 0 0 1 89 12056 147382 2073598 0 0 0 0 0 2073598 2073598 0 2073598 0 0 0 0 0 2073598 2073598 0 2073600 0 2 15 437805 994560 993600 107139 109777 107769 113120 15 15 15 15 57 4 4 4 4 1920 1080 
[10778.397423] MESSAGE_B= 0 0 0 244 2 119 192 0 248 179 0 0 876 0 751 777 1851 843 1027 0 0 0 0 0 0 0 0 1 12 137 163 95 226 6 4 4 6 0 0 0 0 0 0 0 0 2 119 56552 187112 2073598 0 0 0 0 0 2073598 2073598 0 2073598 0 0 0 0 0 2073598 2073598 0 2073600 0 3 15 437832 990720 993600 107395 109855 107686 112896 15 15 15 15 57 4 4 4 4 1920 1080 
[10778.668435] MESSAGE_B= 0 0 0 244 2 10 192 0 248 179 0 0 858 0 773 856 1848 764 1478 0 0 0 0 0 0 0 0 1 12 155 126 154 90 0 2 0 2 0 0 0 0 0 0 0 0 2 10 29838 138844 2073598 0 0 0 0 0 2073598 2073598 0 2073598 0 0 0 0 0 2073598 2073598 0 2073600 0 1 15 437811 994560 993600 106590 110269 107217 113735 15 15 15 15 57 4 4 4 4 1920 1080 
[10778.939425] MESSAGE_B= 0 0 0 244 6 27 192 0 248 179 0 0 836 0 782 855 1800 753 1719 0 0 0 0 0 0 0 0 1 12 178 157 249 96 0 2 0 2 0 0 0 0 0 0 0 0 6 27 72122 188472 2073598 0 0 0 0 0 2073598 2073598 0 2073598 0 0 0 0 0 2073598 2073598 0 2073600 0 3 15 437835 990720 993600 106742 110150 107496 113447 15 15 15 15 59 4 4 4 4 1920 1080 
[10779.210425] MESSAGE_B= 0 0 0 244 1 24 192 0 248 179 0 0 822 0 822 885 1415 765 1793 0 0 0 0 0 0 0 0 1 12 148 114 126 86 2 0 2 2 0 0 0 0 0 0 0 0 1 24 40122 137718 2073598 0 0 0 0 0 2073598 2073598 0 2073598 0 0 0 0 0 2073598 2073598 0 2073600 0 1 15 437038 994560 993600 107580 108892 109737 110829 15 15 15 15 61 4 4 4 4 1920 1080 
[10779.481426] MESSAGE_B= 0 0 0 244 2 15 192 0 248 179 0 0 756 0 878 821 839 752 1950 0 0 0 0 0 0 0 0 1 12 117 169 77 199 2 4 6 4 0 0 0 0 0 0 0 0 2 15 20062 190630 2073598 0 0 0 0 0 2073598 2073598 0 2073598 0 0 0 0 0 2073598 2073598 0 2073600 0 1 15 437811 990720 993600 109887 107316 112911 107697 15 15 15 15 61 4 4 4 4 1920 1080 
[10779.752424] MESSAGE_B= 0 0 0 243 7 874 192 0 248 179 0 0 707 0 836 889 1013 832 1836 0 0 0 0 0 0 0 0 1 12 120 157 89 184 4 6 6 4 0 0 0 0 0 0 0 0 7 874 21690 147426 2073598 0 0 0 0 0 2073598 2073598 0 2073598 0 0 0 0 0 2073598 2073598 0 2073600 0 1 15 437871 994560 993600 110066 107170 113259 107376 15 15 15 15 61 4 4 4 4 1920 1080 
[10780.023427] MESSAGE_B= 0 0 0 244 0 44 192 0 248 179 0 0 740 0 836 763 1453 866 1786 0 0 0 0 0 0 0 0 1 12 147 110 160 86 0 2 4 4 0 0 0 0 0 0 0 0 0 44 58184 191132 2073598 0 0 0 0 0 2073598 2073598 0 2073598 0 0 0 0 0 2073598 2073598 0 2073600 0 3 15 437671 990720 993600 110494 106605 113561 107011 15 15 15 15 58 4 4 4 4 1920 1080 
[10780.294425] MESSAGE_B= 0 0 0 244 3 862 192 0 248 179 0 0 750 0 832 779 1719 863 1836 0 0 0 0 0 0 0 0 1 12 164 139 241 96 4 4 6 4 0 0 0 0 0 0 0 0 3 862 35952 141356 2073598 0 0 0 0 0 2073598 2073598 0 2073598 0 0 0 0 0 2073598 2073598 0 2073600 0 1 15 437760 994560 993600 110310 106942 113153 107355 15 15 15 15 57 4 4 4 4 1920 1080 
[10780.444425] MESSAGE_B= 0 0 0 244 1 24 192 0 248 179 0 0 808 0 836 726 1794 863 1539 0 0 0 0 0 0 0 0 1 12 174 145 147 84 2 2 2 2 0 0 0 0 0 0 0 0 1 24 79536 190066 2073598 0 0 0 0 0 2073598 2073598 0 2073598 0 0 0 0 0 2073598 2073598 0 2073600 0 3 15 437717 990720 993600 109609 107242 111850 109016 15 15 15 15 57 4 4 4 4 1920 1080 
[10780.715426] MESSAGE_B= 0 0 0 244 3 177 192 0 248 179 0 0 894 0 790 739 1952 817 1076 0 0 0 0 0 0 0 0 1 12 118 135 86 192 4 4 4 6 0 0 0 0 0 0 0 0 3 177 25796 145264 2073598 0 0 0 0 0 2073598 2073598 0 2073598 0 0 0 0 0 2073598 2073598 0 2073600 0 1 15 437373 994560 993600 107641 109401 108355 111976 15 15 15 15 57 4 4 4 4 1920 1080 
[10780.986430] MESSAGE_B= 0 0 0 244 4 53 192 0 248 179 0 0 884 0 752 806 1856 825 902 0 0 0 0 0 0 0 0 1 12 131 155 95 232 6 4 2 2 0 0 0 0 0 0 0 0 4 53 35104 189394 2073598 0 0 0 0 0 2073598 2073598 0 2073598 0 0 0 0 0 2073598 2073598 0 2073600 0 1 15 437591 990720 993600 106973 110146 107308 113164 15 15 15 15 58 4 4 4 4 1920 1080 
[10781.257422] MESSAGE_B= 0 0 0 244 8 311 192 0 248 179 0 0 868 0 749 804 1873 775 1315 0 0 0 0 0 0 0 0 1 12 120 139 93 92 4 4 4 4 0 0 0 0 0 0 0 0 8 311 30240 140460 2073598 0 0 0 0 0 2073598 2073598 0 2073598 0 0 0 0 0 2073598 2073598 0 2073600 0 1 15 437704 994560 993600 106884 110328 107046 113446 15 15 15 15 58 4 4 4 4 1920 1080 
[10781.528424] MESSAGE_B= 0 0 0 244 4 21 192 0 248 179 0 0 853 0 784 840 1883 720 1734 0 0 0 0 0 0 0 0 1 12 166 132 223 83 4 6 6 2 0 0 0 0 0 0 0 0 4 21 69288 186968 2073598 0 0 0 0 0 2073598 2073598 0 2073598 0 0 0 0 0 2073598 2073598 0 2073600 0 3 15 438136 990720 993600 106663 110719 106901 113853 15 15 15 15 58 4 4 4 4 1920 1080 
[10781.799426] MESSAGE_B= 0 0 0 244 2 191 192 0 248 179 0 0 848 0 806 847 1532 734 1755 0 0 0 0 0 0 0 0 1 12 162 145 138 97 0 2 2 0 0 0 0 0 0 0 0 0 2 191 41900 141748 2073598 0 0 0 0 0 2073598 2073598 0 2073598 0 0 0 0 0 2073598 2073598 0 2073600 0 1 15 437805 994560 993600 107432 109484 109255 111634 15 15 15 15 61 4 4 4 4 1920 1080 
[10782.070425] MESSAGE_B= 0 0 0 244 2 13 192 0 248 179 0 0 775 0 922 786 1015 753 1956 0 0 0 0 0 0 0 0 1 12 107 147 73 188 2 2 0 0 0 0 0 0 0 0 0 0 2 13 42126 191926 2073598 0 0 0 0 0 2073598 2073598 0 2073598 0 0 0 0 0 2073598 2073598 0 2073600 0 1 15 437577 990720 993600 109627 107124 112434 108392 15 15 15 15 61 4 4 4 4 1920 1080 
[10782.341424] MESSAGE_B= 0 0 0 244 8 103 192 0 248 179 0 0 748 0 880 811 950 796 1884 0 0 0 0 0 0 0 0 1 12 150 177 98 240 2 0 0 2 0 0 0 0 0 0 0 0 8 103 8236 142208 2073598 0 0 0 0 0 2073598 2073598 0 2073598 0 0 0 0 0 2073598 2073598 0 2073600 0 2 15 437915 994560 993600 110009 106946 113406 107554 15 15 15 15 61 4 4 4 4 1920 1080 
[10782.491428] MESSAGE_B= 0 0 0 244 6 22 192 0 248 179 0 0 720 0 857 839 1183 795 1830 0 0 0 0 0 0 0 0 1 12 122 159 93 139 2 6 4 4 0 0 0 0 0 0 0 0 6 22 60130 191830 2073598 0 0 0 0 0 2073598 2073598 0 2073598 0 0 0 0 0 2073598 2073598 0 2073600 0 3 15 437911 990720 993600 109992 107241 112985 107693 15 15 15 15 61 4 4 4 4 1920 1080 
[10782.762421] MESSAGE_B= 0 0 0 244 1 882 192 0 248 179 0 0 777 0 821 721 1581 862 1817 0 0 0 0 0 0 0 0 1 12 143 104 187 74 6 4 6 6 0 0 0 0 0 0 0 0 1 882 33730 141334 2073598 0 0 0 0 0 2073598 2073598 0 2073598 0 0 0 0 0 2073598 2073598 0 2073600 0 1 15 437777 994560 993600 110546 106705 113686 106840 15 15 15 15 57 4 4 4 4 1920 1080 
[10783.033423] MESSAGE_B= 0 0 0 244 4 19 192 0 248 179 0 0 778 0 845 752 1744 851 1686 0 0 0 0 0 0 0 0 1 12 180 139 222 98 0 0 0 0 0 0 0 0 0 0 0 0 4 19 77100 190370 2073598 0 0 0 0 0 2073598 2073598 0 2073598 0 0 0 0 0 2073598 2073598 0 2073600 0 3 15 437748 990720 993600 109880 107026 112484 108358 15 15 15 15 57 4 4 4 4 1920 1080 
[10783.304423] MESSAGE_B= 0 0 0 244 0 10018 192 0 248 179 0 0 854 0 816 735 1846 867 1208 0 0 0 0 0 0 0 0 1 12 133 116 93 107 2 0 2 0 0 0 0 0 0 0 0 0 0 10018 34548 139314 2073598 0 0 0 0 0 2073598 2073598 0 2073598 0 0 0 0 0 2073598 2073598 0 2073600 0 1 15 437714 994560 993600 108438 108357 109809 111110 15 15 15 15 57 4 4 4 4 1920 1080 
[10783.575424] MESSAGE_B= 0 0 0 244 1 13 192 0 248 179 0 0 890 0 765 780 1913 833 839 0 0 0 0 0 0 0 0 1 12 134 174 91 213 0 0 2 0 0 0 0 0 0 0 0 0 1 13 4288 185984 2073598 0 0 0 0 0 2073598 2073598 0 2073598 0 0 0 0 0 2073598 2073598 0 2073600 0 2 15 437844 990720 993600 107141 109785 107780 113138 15 15 15 15 58 4 4 4 4 1920 1080 
[10783.846425] MESSAGE_B= 0 0 0 243 3 18 192 0 248 179 0 0 844 0 707 838 1886 851 1194 0 0 0 0 0 0 0 0 1 12 124 173 77 129 0 0 0 2 0 0 0 0 0 0 0 0 3 18 28678 137832 2073598 0 0 0 0 0 2073598 2073598 0 2073598 0 0 0 0 0 2073598 2073598 0 2073600 0 1 15 437556 994560 993600 106780 109959 107413 113404 15 15 15 15 58 4 4 4 4 1920 1080 
[10783.996420] MESSAGE_B= 0 0 0 244 5 21 192 0 248 179 0 0 840 0 752 825 1842 779 1408 0 0 0 0 0 0 0 0 1 12 136 112 122 89 6 4 2 4 0 0 0 0 0 0 0 0 5 21 61112 187008 2073598 0 0 0 0 0 2073598 2073598 0 2073598 0 0 0 0 0 2073598 2073598 0 2073600 0 3 15 437895 990720 993600 106972 110320 106994 113609 15 15 15 15 58 4 4 4 4 1920 1080 
[10784.267421] MESSAGE_B= 0 0 0 244 7 735 192 0 248 179 0 0 835 0 780 860 1804 759 1718 0 0 0 0 0 0 0 0 1 12 189 151 243 96 0 2 0 2 0 0 0 0 0 0 0 0 7 735 40084 138556 2073598 0 0 0 0 0 2073598 2073598 0 2073598 0 0 0 0 0 2073598 2073598 0 2073600 0 1 15 437880 994560 993600 106742 110172 107497 113469 15 15 15 15 59 4 4 4 4 1920 1080 
[10784.538428] MESSAGE_B= 0 0 0 244 1 16 192 0 248 179 0 0 819 0 811 872 1397 754 1766 0 0 0 0 0 0 0 0 1 12 154 128 120 86 2 0 2 0 0 0 0 0 0 0 0 0 1 16 69198 188088 2073598 0 0 0 0 0 2073598 2073598 0 2073598 0 0 0 0 0 2073598 2073598 0 2073600 0 3 15 437488 990720 993600 107690 109025 109865 110908 15 15 15 15 61 4 4 4 4 1920 1080 
[10784.809422] MESSAGE_B= 0 0 0 244 2 250 192 0 248 179 0 0 795 0 920 833 881 756 1945 0 0 0 0 0 0 0 0 1 12 130 160 81 188 2 2 2 0 0 0 0 0 0 0 0 0 2 250 20006 140806 2073598 0 0 0 0 0 2073598 2073598 0 2073598 0 0 0 0 0 2073598 2073598 0 2073600 0 1 15 437926 994560 993600 109651 107346 112906 108023 15 15 15 15 61 4 4 4 4 1920 1080 
[10785.080426] MESSAGE_B= 4 0 0 244 23 12 192 0 248 179 0 0 716 0 849 869 1016 818 1869 0 0 0 0 0 0 0 0 1 12 144 165 98 204 2 2 0 0 0 0 0 0 0 0 0 0 23 12 41106 193114 2073598 0 0 0 0 0 2073598 2073598 0 2073598 0 0 0 0 0 2073598 2073598 0 2073600 0 4 15 437634 990720 993600 109776 106981 113321 107556 15 15 15 15 61 4 4 4 4 1920 1080 
[10785.230423] MESSAGE_B= 0 0 0 244 13 126 192 0 248 179 0 0 763 0 870 794 1307 812 1872 0 0 0 0 0 0 0 0 1 12 141 139 96 113 4 4 4 4 0 0 0 0 0 0 0 0 13 126 28538 145568 2073598 0 0 0 0 0 2073598 2073598 0 2073598 0 0 0 0 0 2073598 2073598 0 2073600 0 1 15 437417 994560 993600 110068 106960 113093 107296 15 15 15 15 60 4 4 4 4 1920 1080 
[10785.501430] MESSAGE_B= 0 0 0 244 0 18 192 0 248 179 0 0 776 0 846 774 1685 908 1817 0 0 0 0 0 0 0 0 1 12 166 126 243 75 0 0 0 2 0 0 0 0 0 0 0 0 0 18 70988 188668 2073598 0 0 0 0 0 2073598 2073598 0 2073598 0 0 0 0 0 2073598 2073598 0 2073600 0 3 15 437814 990720 993600 110524 106357 113962 106971 15 15 15 15 57 4 4 4 4 1920 1080 
[10785.772433] MESSAGE_B= 0 0 0 244 1 562 192 0 248 179 0 0 813 0 838 724 1803 866 1544 0 0 0 0 0 0 0 0 1 12 181 139 147 83 2 0 2 0 0 0 0 0 0 0 0 0 1 562 42316 144682 2073598 0 0 0 0 0 2073598 2073598 0 2073598 0 0 0 0 0 2073598 2073598 0 2073600 0 1 15 437665 994560 993600 109581 107239 111843 109002 15 15 15 15 57 4 4 4 4 1920 1080 
[10786.043421] MESSAGE_B= 0 0 0 244 2 15 192 0 248 179 0 0 907 0 797 722 1945 801 1087 0 0 0 0 0 0 0 0 1 12 115 148 90 172 2 0 2 0 0 0 0 0 0 0 0 0 2 15 42618 186214 2073598 0 0 0 0 0 2073598 2073598 0 2073598 0 0 0 0 0 2073598 2073598 0 2073600 0 1 15 437740 990720 993600 107692 109219 108701 112128 15 15 15 15 57 4 4 4 4 1920 1080 
[10786.314423] MESSAGE_B= 0 0 0 244 4 92 192 0 248 179 0 0 883 0 747 796 1860 821 900 0 0 0 0 0 0 0 0 1 12 128 169 95 235 6 4 4 6 0 0 0 0 0 0 0 0 4 92 8048 137382 2073598 0 0 0 0 0 2073598 2073598 0 2073598 0 0 0 0 0 2073598 2073598 0 2073600 0 2 15 437609 994560 993600 106985 110125 107336 113163 15 15 15 15 58 4 4 4 4 1920 1080 
[10786.464421] MESSAGE_B= 0 0 0 244 4 16 192 0 248 179 0 0 854 0 744 803 1864 848 1170 0 0 0 0 0 0 0 0 1 12 144 158 93 147 2 2 4 2 0 0 0 0 0 0 0 0 4 16 61694 190630 2073598 0 0 0 0 0 2073598 2073598 0 2073598 0 0 0 0 0 2073598 2073598 0 2073600 0 3 15 437985 990720 993600 107262 109737 107856 113130 15 15 15 15 58 4 4 4 4 1920 1080 
[10786.735424] MESSAGE_B= 0 0 0 244 3 146 192 0 248 179 0 0 798 0 771 926 1801 773 1546 0 0 0 0 0 0 0 0 1 12 165 109 188 72 0 2 2 2 0 0 0 0 0 0 0 0 3 146 31830 137580 2073598 0 0 0 0 0 2073598 2073598 0 2073598 0 0 0 0 0 2073598 2073598 0 2073600 0 1 15 437764 994560 993600 106541 110312 107067 113844 15 15 15 15 57 4 4 4 4 1920 1080 
[10787.006424] MESSAGE_B= 0 0 0 244 2 23 192 0 248 179 0 0 810 0 796 875 1697 754 1778 0 0 0 0 0 0 0 0 1 12 194 141 231 98 0 0 2 4 0 0 0 0 0 0 0 0 2 23 75890 189104 2073598 0 0 0 0 0 2073598 2073598 0 2073598 0 0 0 0 0 2073598 2073598 0 2073600 0 3 15 437599 990720 993600 107016 109757 108119 112707 15 15 15 15 59 4 4 4 4 1920 1080 
[10787.277425] MESSAGE_B= 0 0 0 244 2 702 192 0 248 179 0 0 804 0 845 865 1260 739 1859 0 0 0 0 0 0 0 0 1 12 141 110 96 114 2 0 2 0 0 0 0 0 0 0 0 0 2 702 36750 137544 2073598 0 0 0 0 0 2073598 2073598 0 2073598 0 0 0 0 0 2073598 2073598 0 2073600 0 1 15 437914 994560 993600 108347 108607 110864 110096 15 15 15 15 61 4 4 4 4 1920 1080 
[10787.548437] MESSAGE_B= 0 0 0 244 11 19 192 0 248 179 0 0 716 0 849 850 797 772 1899 0 0 0 0 0 0 0 0 1 12 126 151 86 199 5 4 6 4 0 0 0 0 0 0 0 0 11 19 9400 189880 2073598 0 0 0 0 0 2073598 2073598 0 2073598 0 0 0 0 0 2073598 2073598 0 2073600 0 2 15 437851 990720 993600 109939 107327 112923 107662 15 15 15 15 61 4 4 4 4 1920 1080 
[10787.819433] MESSAGE_B= 0 0 0 243 6 35 192 0 248 179 0 0 726 0 867 836 1185 795 1840 0 0 0 0 0 0 0 0 1 12 122 152 96 148 4 6 4 4 0 0 0 0 0 0 0 0 6 35 30104 144022 2073598 0 0 0 0 0 2073598 2073598 0 2073598 0 0 0 0 0 2073598 2073598 0 2073600 0 1 15 437875 994560 993600 110017 107242 112939 107677 15 15 15 15 60 4 4 4 4 1920 1080 
[10787.969425] MESSAGE_B= 0 0 0 244 2 23 192 0 248 179 0 0 733 0 853 813 1409 857 1860 0 0 0 0 0 0 0 0 1 12 120 133 117 90 0 2 0 2 0 0 0 0 0 0 0 0 2 23 66748 186796 2073598 0 0 0 0 0 2073598 2073598 0 2073598 0 0 0 0 0 2073598 2073598 0 2073600 0 3 15 437930 990720 993600 110183 106765 113561 107421 15 15 15 15 59 4 4 4 4 1920 1080 
[10788.240419] MESSAGE_B= 0 0 0 244 3 87 192 0 248 179 0 0 775 0 836 749 1674 876 1848 0 0 0 0 0 0 0 0 1 12 182 131 215 90 0 0 0 2 0 0 0 0 0 0 0 0 3 87 37770 139548 2073598 0 0 0 0 0 2073598 2073598 0 2073598 0 0 0 0 0 2073598 2073598 0 2073600 0 1 15 437837 994560 993600 110496 106405 113951 106985 15 15 15 15 57 4 4 4 4 1920 1080 
[10788.511427] MESSAGE_B= 0 0 0 244 3 17 192 0 248 179 0 0 833 0 850 712 1797 858 1456 0 0 0 0 0 0 0 0 1 12 156 122 132 80 2 0 2 0 0 0 0 0 0 0 0 0 3 17 78952 190212 2073598 0 0 0 0 0 2073598 2073598 0 2073598 0 0 0 0 0 2073598 2073598 0 2073600 0 3 15 437826 990720 993600 109356 107549 111316 109605 15 15 15 15 57 4 4 4 4 1920 1080 
[10788.782454] MESSAGE_B= 0 0 0 244 4 119 192 0 248 179 0 0 851 0 727 767 1876 842 895 0 0 0 0 0 0 0 0 1 12 114 155 77 190 6 4 2 6 0 0 0 0 0 0 0 0 4 119 24330 139542 2073598 0 0 0 0 0 2073598 2073598 0 2073598 0 0 0 0 0 2073598 2073598 0 2073600 0 1 15 437655 994560 993600 107489 109682 108011 112473 15 15 15 15 57 4 4 4 4 1920 1080 
[10789.053422] MESSAGE_B= 0 0 0 244 2 30 192 0 248 179 0 0 877 0 752 772 1849 829 1031 0 0 0 0 0 0 0 0 1 12 132 159 95 223 6 4 4 6 0 0 0 0 0 0 0 0 2 30 35104 189394 2073598 0 0 0 0 0 2073598 2073598 0 2073598 0 0 0 0 0 2073598 2073598 0 2073600 0 1 15 437819 990720 993600 107356 109878 107665 112920 15 15 15 15 57 4 4 4 4 1920 1080 
[10789.203426] MESSAGE_B= 0 0 0 244 4 23 192 0 248 179 0 0 885 0 765 822 1907 822 1296 0 0 0 0 0 0 0 0 1 12 114 148 86 126 0 2 2 2 0 0 0 0 0 0 0 0 4 23 31450 140464 2073598 0 0 0 0 0 2073598 2073598 0 2073598 0 0 0 0 0 2073598 2073598 0 2073600 0 1 15 437547 994560 993600 106957 109778 107588 113224 15 15 15 15 57 4 4 4 4 1920 1080 
[10789.474423] MESSAGE_B= 0 0 0 244 1 17 192 0 248 179 0 0 831 0 752 919 1842 796 1602 0 0 0 0 0 0 0 0 1 12 155 126 188 78 2 2 0 2 0 0 0 0 0 0 0 0 1 17 67314 188768 2073598 0 0 0 0 0 2073598 2073598 0 2073598 0 0 0 0 0 2073598 2073598 0 2073600 0 3 15 437890 990720 993600 106324 110610 106845 114111 15 15 15 15 57 4 4 4 4 1920 1080 
[10789.745422] MESSAGE_B= 0 0 0 244 2 143 192 0 248 179 0 0 871 0 822 843 1639 715 1789 0 0 0 0 0 0 0 0 1 12 166 152 198 98 2 0 2 0 0 0 0 0 0 0 0 0 2 143 42760 145968 2073598 0 0 0 0 0 2073598 2073598 0 2073598 0 0 0 0 0 2073598 2073598 0 2073600 0 1 15 437863 994560 993600 107080 109841 108588 112354 15 15 15 15 61 4 4 4 4 1920 1080 
[10790.016427] MESSAGE_B= 0 0 0 244 4 42 192 0 248 179 0 0 766 0 865 836 1108 740 1931 0 0 0 0 0 0 0 0 1 12 110 152 83 163 2 4 4 4 0 0 0 0 0 0 0 0 4 42 51048 188988 2073598 0 0 0 0 0 2073598 2073598 0 2073598 0 0 0 0 0 2073598 2073598 0 2073600 0 3 15 437868 990720 993600 109307 107934 111839 108788 15 15 15 15 61 4 4 4 4 1920 1080 
[10790.287428] MESSAGE_B= 0 0 0 244 4 1529 192 0 248 179 0 0 769 0 854 841 920 757 1843 0 0 0 0 0 0 0 0 1 12 139 164 96 241 4 6 4 4 0 0 0 0 0 0 0 0 4 1529 5770 148766 2073598 0 0 0 0 0 2073598 2073598 0 2073598 0 0 0 0 0 2073598 2073598 0 2073600 0 2 15 437791 994560 993600 109589 107660 112671 107871 15 15 15 15 61 4 4 4 4 1920 1080 
[10790.437431] MESSAGE_B= 0 0 0 244 4 24 192 0 248 179 0 0 722 0 862 837 1089 810 1884 0 0 0 0 0 0 0 0 1 12 147 177 84 144 2 2 2 2 0 0 0 0 0 0 0 0 4 24 54744 193934 2073598 0 0 0 0 0 2073598 2073598 0 2073598 0 0 0 0 0 2073598 2073598 0 2073600 0 3 15 438024 990720 993600 110096 106923 113527 107478 15 15 15 15 61 4 4 4 4 1920 1080 
[10790.708426] MESSAGE_B= 0 0 0 244 4 24 192 0 248 179 0 0 737 0 823 807 1480 924 1793 0 0 0 0 0 0 0 0 1 12 141 119 172 93 0 2 0 2 0 0 0 0 0 0 0 0 4 24 29780 140726 2073598 0 0 0 0 0 2073598 2073598 0 2073598 0 0 0 0 0 2073598 2073598 0 2073600 0 1 15 437307 994560 993600 110235 106354 113704 107014 15 15 15 15 58 4 4 4 4 1920 1080 
[10790.979425] MESSAGE_B= 0 0 0 244 1 22 192 0 248 179 0 0 806 0 834 740 1713 854 1774 0 0 0 0 0 0 0 0 1 12 173 144 252 97 0 0 0 0 0 0 0 0 0 0 0 0 1 22 73882 191044 2073598 0 0 0 0 0 2073598 2073598 0 2073598 0 0 0 0 0 2073598 2073598 0 2073600 0 3 15 437915 990720 993600 110060 106879 113247 107729 15 15 15 15 57 4 4 4 4 1920 1080 
[10791.250422] MESSAGE_B= 0 0 0 244 5 307 192 0 248 179 0 0 807 0 775 749 1833 864 1274 0 0 0 0 0 0 0 0 1 12 133 116 92 87 4 4 4 4 0 0 0 0 0 0 0 0 5 307 39096 138528 2073598 0 0 0 0 0 2073598 2073598 0 2073598 0 0 0 0 0 2073598 2073598 0 2073600 0 1 15 437827 994560 993600 108866 108397 110166 110398 15 15 15 15 57 4 4 4 4 1920 1080 
[10791.521435] MESSAGE_B= 0 0 0 244 2 20 192 0 248 179 0 0 842 0 720 785 1866 853 784 0 0 0 0 0 0 0 0 1 12 130 163 83 232 6 6 2 4 0 0 0 0 0 0 0 0 2 20 16618 187240 2073598 0 0 0 0 0 2073598 2073598 0 2073598 0 0 0 0 0 2073598 2073598 0 2073600 0 1 15 437730 990720 993600 107209 109962 107503 113056 15 15 15 15 57 4 4 4 4 1920 1080 
[10791.792424] MESSAGE_B= 0 0 0 243 5 122 192 0 248 179 0 0 860 0 741 795 1851 836 1117 0 0 0 0 0 0 0 0 1 12 120 146 86 157 6 4 2 6 0 0 0 0 0 0 0 0 5 122 23060 139932 2073598 0 0 0 0 0 2073598 2073598 0 2073598 0 0 0 0 0 2073598 2073598 0 2073600 0 1 15 437734 994560 993600 107229 109976 107496 113033 15 15 15 15 57 4 4 4 4 1920 1080 
[10791.942426] MESSAGE_B= 0 0 0 244 2 29 192 0 248 179 0 0 875 0 754 848 1849 804 1351 0 0 0 0 0 0 0 0 1 12 122 141 120 93 0 2 0 2 0 0 0 0 0 0 0 0 2 29 57836 188210 2073598 0 0 0 0 0 2073598 2073598 0 2073598 0 0 0 0 0 2073598 2073598 0 2073600 0 3 15 437721 990720 993600 106640 110134 107365 113582 15 15 15 15 57 4 4 4 4 1920 1080 
[10792.213423] MESSAGE_B= 0 0 0 244 2 29 192 0 248 179 0 0 880 0 834 870 1909 721 1754 0 0 0 0 0 0 0 0 1 12 196 128 225 82 2 2 0 2 0 0 0 0 0 0 0 0 2 29 34676 141712 2073598 0 0 0 0 0 2073598 2073598 0 2073598 0 0 0 0 0 2073598 2073598 0 2073600 0 1 15 437534 994560 993600 106330 110422 106912 113870 15 15 15 15 58 4 4 4 4 1920 1080 
[10792.484434] MESSAGE_B= 0 0 0 244 15 22 192 0 248 179 0 0 841 0 795 857 1521 719 1764 0 0 0 0 0 0 0 0 1 12 159 124 139 90 6 4 4 4 0 0 0 0 0 0 0 0 15 22 77890 187608 2073598 0 0 0 0 0 2073598 2073598 0 2073598 0 0 0 0 0 2073598 2073598 0 2073600 0 3 15 437861 990720 993600 107544 109697 109237 111383 15 15 15 15 61 4 4 4 4 1920 1080 
[10792.755440] MESSAGE_B= 0 0 0 244 4 867 192 0 248 179 0 0 714 0 854 821 967 776 1938 0 0 0 0 0 0 0 0 1 12 104 141 71 187 4 6 6 4 0 0 0 0 0 0 0 0 4 867 26894 142678 2073598 0 0 0 0 0 2073598 2073598 0 2073598 0 0 0 0 0 2073598 2073598 0 2073600 0 1 15 437544 994560 993600 109869 107200 112459 108016 15 15 15 15 62 4 4 4 4 1920 1080 
[10793.026424] MESSAGE_B= 0 0 0 244 5 40 192 0 248 179 0 0 755 0 865 827 983 777 1856 0 0 0 0 0 0 0 0 1 12 133 155 95 226 4 4 4 4 0 0 0 0 0 0 0 0 5 40 25178 195386 2073598 0 0 0 0 0 2073598 2073598 0 2073598 0 0 0 0 0 2073598 2073598 0 2073600 0 1 15 437727 990720 993600 109881 107272 113073 107501 15 15 15 15 62 4 4 4 4 1920 1080 
[10793.176424] MESSAGE_B= 0 0 0 244 1 10 192 0 248 179 0 0 715 0 855 853 1192 838 1884 0 0 0 0 0 0 0 0 1 12 112 160 77 132 0 2 0 2 0 0 0 0 0 0 0 0 1 10 30540 143172 2073598 0 0 0 0 0 2073598 2073598 0 2073598 0 0 0 0 0 2073598 2073598 0 2073600 0 1 15 437572 994560 993600 109961 106770 113417 107424 15 15 15 15 60 4 4 4 4 1920 1080 
[10793.447434] MESSAGE_B= 0 0 0 244 2 38 192 0 248 179 0 0 762 0 843 733 1640 853 1883 0 0 0 0 0 0 0 0 1 12 161 114 208 77 4 2 6 6 0 0 0 0 0 0 0 0 2 38 65922 189948 2073598 0 0 0 0 0 2073598 2073598 0 2073598 0 0 0 0 0 2073598 2073598 0 2073600 0 3 15 437595 990720 993600 110596 106510 113733 106756 15 15 15 15 57 4 4 4 4 1920 1080 
[10793.718438] MESSAGE_B= 0 0 0 244 6 144 192 0 248 179 0 0 772 0 846 751 1767 874 1705 0 0 0 0 0 0 0 0 1 12 154 140 229 95 4 4 6 6 0 0 0 0 0 0 0 0 6 144 44448 145830 2073598 0 0 0 0 0 2073598 2073598 0 2073598 0 0 0 0 0 2073598 2073598 0 2073600 0 1 15 437542 994560 993600 110108 107040 112301 108093 15 15 15 15 57 4 4 4 4 1920 1080 
[10793.989432] MESSAGE_B= 0 0 0 244 1 53 192 0 248 179 0 0 821 0 779 750 1882 840 1157 0 0 0 0 0 0 0 0 1 12 115 131 89 108 4 2 2 4 0 0 0 0 0 0 0 0 1 53 56296 187188 2073598 0 0 0 0 0 2073598 2073598 0 2073598 0 0 0 0 0 2073598 2073598 0 2073600 0 3 15 437794 990720 993600 108350 108896 109297 111251 15 15 15 15 57 4 4 4 4 1920 1080 
[10794.260422] MESSAGE_B= 0 0 0 244 1 306 192 0 248 179 0 0 872 0 755 764 1871 816 837 0 0 0 0 0 0 0 0 1 12 148 179 95 232 6 4 5 4 0 0 0 0 0 0 0 0 1 306 9634 144178 2073598 0 0 0 0 0 2073598 2073598 0 2073598 0 0 0 0 0 2073598 2073598 0 2073600 0 2 15 437822 994560 993600 107311 109981 107616 112914 15 15 15 15 57 4 4 4 4 1920 1080 
[10794.410423] MESSAGE_B= 0 0 0 244 2 79 192 0 248 179 0 0 848 0 717 818 1869 865 1015 0 0 0 0 0 0 0 0 1 12 144 166 98 201 0 2 0 0 0 0 0 0 0 0 0 0 2 79 56440 186578 2073598 0 0 0 0 0 2073598 2073598 0 2073598 0 0 0 0 0 2073598 2073598 0 2073600 0 3 15 437624 990720 993600 106983 109789 107525 113327 15 15 15 15 57 4 4 4 4 1920 1080 
[10794.681429] MESSAGE_B= 0 0 0 244 4 33 192 0 248 179 0 0 837 0 742 865 1787 771 1458 0 0 0 0 0 0 0 0 1 12 128 113 165 86 4 4 4 4 0 0 0 0 0 0 0 0 4 33 29838 138874 2073598 0 0 0 0 0 2073598 2073598 0 2073598 0 0 0 0 0 2073598 2073598 0 2073600 0 1 15 437608 994560 993600 106620 110455 107002 113531 15 15 15 15 57 4 4 4 4 1920 1080 
[10794.952432] MESSAGE_B= 0 0 0 244 3 48 192 0 248 179 0 0 851 0 769 856 1828 773 1719 0 0 0 0 0 0 0 0 1 12 176 137 235 96 4 4 4 4 0 0 0 0 0 0 0 0 3 48 72122 188442 2073598 0 0 0 0 0 2073598 2073598 0 2073598 0 0 0 0 0 2073598 2073598 0 2073600 0 3 15 437756 990720 993600 106924 110282 107385 113165 15 15 15 15 58 4 4 4 4 1920 1080 
[10795.223429] MESSAGE_B= 0 0 0 244 2 145 192 0 248 179 0 0 794 0 812 870 1374 763 1819 0 0 0 0 0 0 0 0 1 12 139 141 113 96 4 4 4 4 0 0 0 0 0 0 0 0 2 145 40178 137728 2073598 0 0 0 0 0 2073598 2073598 0 2073598 0 0 0 0 0 2073598 2073598 0 2073600 0 1 15 437374 994560 993600 108143 108882 109968 110381 15 15 15 15 61 4 4 4 4 1920 1080 
[10795.494450] MESSAGE_B= 0 0 0 244 1 22 192 0 248 179 0 0 756 0 878 821 839 752 1950 0 0 0 0 0 0 0 0 1 12 117 169 77 199 2 4 6 4 0 0 0 0 0 0 0 0 1 22 23456 190998 2073598 0 0 0 0 0 2073598 2073598 0 2073598 0 0 0 0 0 2073598 2073598 0 2073600 0 1 15 437811 990720 993600 109887 107316 112911 107697 15 15 15 15 61 4 4 4 4 1920 1080 
[10795.644429] MESSAGE_B= 0 0 0 244 12 12 192 0 248 179 0 0 739 0 858 837 937 809 1897 0 0 0 0 0 0 0 0 1 12 145 170 96 252 0 0 2 0 0 0 0 0 0 0 0 0 12 12 19380 143544 2073598 0 0 0 0 0 2073598 2073598 0 2073598 0 0 0 0 0 2073598 2073598 0 2073600 0 1 15 437789 994560 993600 109779 107075 113118 107817 15 15 15 15 61 4 4 4 4 1920 1080 
[10795.915428] MESSAGE_B= 0 0 0 244 0 65 192 0 248 179 0 0 751 0 873 779 1318 812 1875 0 0 0 0 0 0 0 0 1 12 122 135 78 92 4 2 6 4 0 0 0 0 0 0 0 0 0 65 58478 187380 2073598 0 0 0 0 0 2073598 2073598 0 2073598 0 0 0 0 0 2073598 2073598 0 2073600 0 3 15 437720 990720 993600 110313 106872 113449 107086 15 15 15 15 59 4 4 4 4 1920 1080 
[10796.186428] MESSAGE_B= 0 0 0 244 3 45 192 0 248 179 0 0 787 0 850 722 1741 847 1896 0 0 0 0 0 0 0 0 1 12 179 123 226 83 4 2 2 4 0 0 0 0 0 0 0 0 3 45 36472 140654 2073598 0 0 0 0 0 2073598 2073598 0 2073598 0 0 0 0 0 2073598 2073598 0 2073600 0 1 15 437992 994560 993600 110687 106626 113814 106865 15 15 15 15 57 4 4 4 4 1920 1080 
[10796.457427] MESSAGE_B= 0 0 0 244 8 29 192 0 248 179 0 0 795 0 837 736 1788 858 1570 0 0 0 0 0 0 0 0 1 12 165 110 148 90 4 4 6 6 0 0 0 0 0 0 0 0 8 29 75966 185660 2073598 0 0 0 0 0 2073598 2073598 0 2073598 0 0 0 0 0 2073598 2073598 0 2073600 0 3 15 437717 990720 993600 109748 107504 111600 108865 15 15 15 15 57 4 4 4 4 1920 1080 
[10796.728430] MESSAGE_B= 0 0 0 244 3 177 192 0 248 179 0 0 894 0 790 739 1952 817 1076 0 0 0 0 0 0 0 0 1 12 118 135 86 192 4 4 4 6 0 0 0 0 0 0 0 0 3 177 27952 139792 2073598 0 0 0 0 0 2073598 2073598 0 2073598 0 0 0 0 0 2073598 2073598 0 2073600 0 1 15 437373 994560 993600 107641 109401 108355 111976 15 15 15 15 57 4 4 4 4 1920 1080 
[10796.999464] MESSAGE_B= 0 0 0 244 4 25 192 0 248 179 0 0 873 0 754 796 1885 810 951 0 0 0 0 0 0 0 0 1 12 144 195 98 240 0 0 4 0 0 0 0 0 0 0 0 0 4 25 18100 188600 2073598 0 0 0 0 0 2073598 2073598 0 2073598 0 0 0 0 0 2073598 2073598 0 2073600 0 1 15 437884 990720 993600 106950 109995 107549 113390 15 15 15 15 57 4 4 4 4 1920 1080 
[10797.149428] MESSAGE_B= 0 0 0 244 4 25 192 0 248 179 0 0 884 0 731 806 1840 847 1190 0 0 0 0 0 0 0 0 1 12 124 163 90 148 4 4 4 6 0 0 0 0 0 0 0 0 4 25 28148 142192 2073598 0 0 0 0 0 2073598 2073598 0 2073598 0 0 0 0 0 2073598 2073598 0 2073600 0 1 15 437810 994560 993600 107202 110004 107677 112927 15 15 15 15 57 4 4 4 4 1920 1080 
[10797.420435] MESSAGE_B= 0 0 0 244 5 39 192 0 248 179 0 0 820 0 775 858 1809 712 1574 0 0 0 0 0 0 0 0 1 12 155 114 196 71 6 6 6 2 0 0 0 0 0 0 0 0 5 39 66228 189698 2073598 0 0 0 0 0 2073598 2073598 0 2073598 0 0 0 0 0 2073598 2073598 0 2073600 0 3 15 437858 990720 993600 106722 110561 106874 113701 15 15 15 15 57 4 4 4 4 1920 1080 
[10797.691427] MESSAGE_B= 0 0 0 244 3 34 192 0 248 179 0 0 830 0 777 879 1702 766 1781 0 0 0 0 0 0 0 0 1 12 158 129 232 95 6 6 4 4 0 0 0 0 0 0 0 0 3 34 40112 140116 2073598 0 0 0 0 0 2073598 2073598 0 2073598 0 0 0 0 0 2073598 2073598 0 2073600 0 1 15 437866 994560 993600 107183 110075 108104 112504 15 15 15 15 60 4 4 4 4 1920 1080 
[10797.962431] MESSAGE_B= 0 0 0 244 4 47 192 0 248 179 0 0 802 0 830 837 1261 710 1869 0 0 0 0 0 0 0 0 1 12 126 115 89 84 4 6 4 4 0 0 0 0 0 0 0 0 4 47 61438 186856 2073598 0 0 0 0 0 2073598 2073598 0 2073598 0 0 0 0 0 2073598 2073598 0 2073600 0 3 15 437613 990720 993600 108418 108688 110647 109860 15 15 15 15 62 4 4 4 4 1920 1080 
[10798.233424] MESSAGE_B= 0 0 0 244 2 99 192 0 248 179 0 0 749 0 874 836 841 777 1921 0 0 0 0 0 0 0 0 1 12 129 184 90 212 0 0 2 0 0 0 0 0 0 0 0 0 2 99 12212 148638 2073598 0 0 0 0 0 2073598 2073598 0 2073598 0 0 0 0 0 2073598 2073598 0 2073600 0 2 15 437797 994560 993600 109774 107137 113111 107775 15 15 15 15 62 4 4 4 4 1920 1080 
[10798.383431] MESSAGE_B= 0 0 0 244 3 113 192 0 248 179 0 0 750 0 874 846 1028 777 1852 0 0 0 0 0 0 0 0 1 12 133 160 95 229 2 6 6 4 0 0 0 0 0 0 0 0 3 113 53690 191546 2073598 0 0 0 0 0 2073598 2073598 0 2073598 0 0 0 0 0 2073598 2073598 0 2073600 0 3 15 437827 990720 993600 109842 107400 112896 107689 15 15 15 15 62 4 4 4 4 1920 1080 
[10798.654426] MESSAGE_B= 0 0 0 244 4 16 192 0 248 179 0 0 755 0 851 782 1417 828 1836 0 0 0 0 0 0 0 0 1 12 128 111 120 92 4 4 4 4 0 0 0 0 0 0 0 0 4 16 33592 146334 2073598 0 0 0 0 0 2073598 2073598 0 2073598 0 0 0 0 0 2073598 2073598 0 2073600 0 1 15 437878 994560 993600 110318 106948 113586 107026 15 15 15 15 59 4 4 4 4 1920 1080 
[10798.925427] MESSAGE_B= 0 0 0 244 4 56 192 0 248 179 0 0 767 0 817 734 1718 862 1864 0 0 0 0 0 0 0 0 1 12 179 140 223 92 4 5 6 4 0 0 0 0 0 0 0 0 4 56 70244 188940 2073598 0 0 0 0 0 2073598 2073598 0 2073598 0 0 0 0 0 2073598 2073598 0 2073600 0 3 15 437819 990720 993600 110523 106719 113602 106975 15 15 15 15 57 4 4 4 4 1920 1080 
[10799.196423] MESSAGE_B= 0 0 0 244 1 49 192 0 248 179 0 0 830 0 851 713 1866 835 1483 0 0 0 0 0 0 0 0 1 12 160 101 133 90 4 4 4 4 0 0 0 0 0 0 0 0 1 49 43464 141708 2073598 0 0 0 0 0 2073598 2073598 0 2073598 0 0 0 0 0 2073598 2073598 0 2073600 0 1 15 437491 994560 993600 109237 107795 110788 109671 15 15 15 15 57 4 4 4 4 1920 1080 
[10799.467422] MESSAGE_B= 0 0 0 244 2 17 192 0 248 179 0 0 908 0 787 753 1935 829 881 0 0 0 0 0 0 0 0 1 12 131 168 81 191 2 0 2 0 0 0 0 0 0 0 0 0 2 17 29976 189462 2073598 0 0 0 0 0 2073598 2073598 0 2073598 0 0 0 0 0 2073598 2073598 0 2073600 0 1 15 438035 990720 993600 107359 109653 108101 112922 15 15 15 15 57 4 4 4 4 1920 1080 
[10799.617429] MESSAGE_B= 0 0 0 244 4 17 192 0 248 179 0 0 877 0 786 760 1838 838 920 0 0 0 0 0 0 0 0 1 12 137 176 96 241 4 4 4 4 0 0 0 0 0 0 0 0 4 17 16486 140030 2073598 0 0 0 0 0 2073598 2073598 0 2073598 0 0 0 0 0 2073598 2073598 0 2073600 0 1 15 437755 994560 993600 107628 109576 107898 112653 15 15 15 15 57 4 4 4 4 1920 1080 
[10799.888427] MESSAGE_B= 0 0 0 244 4 40 192 0 248 179 0 0 863 0 751 798 1848 771 1284 0 0 0 0 0 0 0 0 1 12 129 143 93 116 4 4 4 4 0 0 0 0 0 0 0 0 4 40 59736 188496 2073598 0 0 0 0 0 2073598 2073598 0 2073598 0 0 0 0 0 2073598 2073598 0 2073600 0 3 15 437873 990720 993600 107044 110139 107448 113242 15 15 15 15 57 4 4 4 4 1920 1080 
[10800.159420] MESSAGE_B= 0 0 0 244 3 24 192 0 248 179 0 0 824 0 752 881 1881 753 1642 0 0 0 0 0 0 0 0 1 12 167 116 193 74 6 2 4 2 0 0 0 0 0 0 0 0 3 24 33492 141864 2073598 0 0 0 0 0 2073598 2073598 0 2073598 0 0 0 0 0 2073598 2073598 0 2073600 0 1 15 437873 994560 993600 106469 110811 106482 114111 15 15 15 15 57 4 4 4 4 1920 1080 
[10800.430425] MESSAGE_B= 0 0 0 244 3 22 192 0 248 179 0 0 836 0 810 862 1538 728 1800 0 0 0 0 0 0 0 0 1 12 173 145 147 84 2 2 2 4 0 0 0 0 0 0 0 0 3 22 75984 187536 2073598 0 0 0 0 0 2073598 2073598 0 2073598 0 0 0 0 0 2073598 2073598 0 2073600 0 3 15 437697 990720 993600 107233 109609 109018 111837 15 15 15 15 61 4 4 4 4 1920 1080 
[10800.701423] MESSAGE_B= 0 0 0 244 3 23 192 0 248 179 0 0 807 0 924 823 1116 737 1995 0 0 0 0 0 0 0 0 1 12 119 141 93 172 2 0 2 0 0 0 0 0 0 0 0 0 3 23 31866 143316 2073598 0 0 0 0 0 2073598 2073598 0 2073598 0 0 0 0 0 2073598 2073598 0 2073600 0 1 15 437310 994560 993600 109094 107546 112021 108649 15 15 15 15 61 4 4 4 4 1920 1080 
[10800.851429] MESSAGE_B= 0 0 0 244 4 24 192 0 248 179 0 0 721 0 841 847 784 787 1861 0 0 0 0 0 0 0 0 1 12 128 174 80 232 2 4 6 4 0 0 0 0 0 0 0 0 4 24 11244 193780 2073598 0 0 0 0 0 2073598 2073598 0 2073598 0 0 0 0 0 2073598 2073598 0 2073600 0 2 15 437724 990720 993600 109977 107193 113050 107504 15 15 15 15 61 4 4 4 4 1920 1080 
[10801.122422] MESSAGE_B= 0 0 0 244 1 24 192 0 248 179 0 0 728 0 855 837 1109 794 1852 0 0 0 0 0 0 0 0 1 12 110 157 83 163 4 4 6 4 0 0 0 0 0 0 0 0 1 24 28048 147070 2073598 0 0 0 0 0 2073598 2073598 0 2073598 0 0 0 0 0 2073598 2073598 0 2073600 0 1 15 437828 994560 993600 109992 107246 113075 107515 15 15 15 15 61 4 4 4 4 1920 1080 
[10801.393421] MESSAGE_B= 0 0 0 244 1 118 192 0 248 179 0 0 732 0 806 781 1506 888 1791 0 0 0 0 0 0 0 0 1 12 163 117 187 86 4 2 6 4 0 0 0 0 0 0 0 0 1 118 58726 190518 2073598 0 0 0 0 0 2073598 2073598 0 2073598 0 0 0 0 0 2073598 2073598 0 2073600 0 3 15 438004 990720 993600 110514 106822 113584 107084 15 15 15 15 57 4 4 4 4 1920 1080 
[10801.664427] MESSAGE_B= 0 0 0 244 2 13 192 0 248 179 0 0 800 0 818 748 1779 882 1701 0 0 0 0 0 0 0 0 1 12 189 142 237 98 2 0 0 0 0 0 0 0 0 0 0 0 2 13 39884 144508 2073598 0 0 0 0 0 2073598 2073598 0 2073598 0 0 0 0 0 2073598 2073598 0 2073600 0 1 15 437580 994560 993600 109767 106958 112733 108122 15 15 15 15 57 4 4 4 4 1920 1080 
[10801.935444] MESSAGE_B= 0 0 0 244 5 30 192 0 248 179 0 0 851 0 803 745 1863 863 1262 0 0 0 0 0 0 0 0 1 12 135 118 93 107 2 0 2 0 0 0 0 0 0 0 0 0 5 30 67542 187526 2073598 0 0 0 0 0 2073598 2073598 0 2073598 0 0 0 0 0 2073598 2073598 0 2073600 0 3 15 437869 990720 993600 108551 108378 110078 110862 15 15 15 15 57 4 4 4 4 1920 1080 
[10802.206423] MESSAGE_B= 0 0 0 244 1 26 192 0 248 179 0 0 870 0 721 834 1900 880 798 0 0 0 0 0 0 0 0 1 12 128 196 82 225 2 0 2 2 0 0 0 0 0 0 0 0 1 26 14156 154076 2073598 0 0 0 0 0 2073598 2073598 0 2073598 0 0 0 0 0 2073598 2073598 0 2073600 0 2 15 437658 994560 993600 106959 109826 107668 113205 15 15 15 15 58 4 4 4 4 1920 1080 
[10802.356427] MESSAGE_B= 0 0 0 244 3 87 192 0 248 179 0 0 863 0 762 770 1855 829 979 0 0 0 0 0 0 0 0 1 12 131 168 95 232 6 4 4 2 0 0 0 0 0 0 0 0 3 87 45294 185402 2073598 0 0 0 0 0 2073598 2073598 0 2073598 0 0 0 0 0 2073598 2073598 0 2073600 0 1 15 437740 990720 993600 107327 109860 107474 113079 15 15 15 15 58 4 4 4 4 1920 1080 
[10802.627429] MESSAGE_B= 0 0 0 244 5 16 192 0 248 179 0 0 833 0 705 842 1826 810 1320 0 0 0 0 0 0 0 0 1 12 104 138 86 92 6 4 4 2 0 0 0 0 0 0 0 0 5 16 28458 155132 2073598 0 0 0 0 0 2073598 2073598 0 2073598 0 0 0 0 0 2073598 2073598 0 2073600 0 1 15 437742 994560 993600 106827 110326 107138 113451 15 15 15 15 58 4 4 4 4 1920 1080 
[10802.898424] MESSAGE_B= 0 0 0 244 2 26 192 0 248 179 0 0 839 0 774 872 1839 749 1674 0 0 0 0 0 0 0 0 1 12 173 156 215 94 2 0 0 2 0 0 0 0 0 0 0 0 2 26 66330 188564 2073598 0 0 0 0 0 2073598 2073598 0 2073598 0 0 0 0 0 2073598 2073598 0 2073600 0 3 15 437806 990720 993600 106414 110496 106984 113912 15 15 15 15 58 4 4 4 4 1920 1080 
[10803.169421] MESSAGE_B= 0 0 0 244 4 11 192 0 248 179 0 0 860 0 855 858 1475 716 1820 0 0 0 0 0 0 0 0 1 12 149 109 129 83 2 0 2 0 0 0 0 0 0 0 0 0 4 11 44948 143152 2073598 0 0 0 0 0 2073598 2073598 0 2073598 0 0 0 0 0 2073598 2073598 0 2073600 0 1 15 437411 994560 993600 107449 109223 109480 111259 15 15 15 15 61 4 4 4 4 1920 1080 
[10803.440426] MESSAGE_B= 0 0 0 242 7 9769 192 0 248 179 0 0 859 0 849 824 1483 718 1868 0 0 0 0 0 0 0 0 1 12 170 126 133 87 2 2 4 2 0 0 0 0 0 0 0 0 7 9769 36234 192752 2073598 0 0 0 0 0 2073598 2073598 0 2073598 0 0 0 0 0 2073598 2073598 0 2073600 0 1 15 436780 990720 993600 107694 109061 109474 110551 15 15 15 15 61 4 4 4 4 1920 1080 

