[12155.379425] MESSAGE_B= 0 0 0 255 2 4 192 0 248 179 0 0 197 0 1287 960 1155 1179 835 0 0 0 0 0 0 0 0 1 12 0 58 55 0 1 13 12 0 0 0 0 0 0 0 0 0 2 4 156434 21842 2073598 0 0 0 0 0 2073598 2073598 0 2073598 0 0 0 0 0 2073598 2073598 0 2073600 0 3 12 459350 990720 993600 122592 105906 107435 123417 12 12 12 12 229 5 0 0 0 1920 1080 
[12155.529424] MESSAGE_B= 0 0 0 255 2 3 192 0 248 179 0 0 843 0 1219 843 1104 1187 742 0 0 0 0 0 0 0 0 1 12 12 106 108 9 4 12 5 7 0 0 0 0 0 0 0 0 2 3 175470 59984 2073598 0 0 0 0 0 2073598 2073598 0 2073598 0 0 0 0 0 2073598 2073598 0 2073600 0 3 12 451738 994560 993600 119348 105030 106700 120660 12 12 12 12 229 5 0 0 0 1920 1080 
[12155.800435] MESSAGE_B= 0 0 0 255 3 2 192 0 248 179 0 3136 3110 3151 3118 3004 3039 3024 3056 480 475 457 494 575 541 574 513 0 12 235 232 245 246 167 149 192 175 2 0 0 2 2 2 2 2 3 2 150248 54808 2073598 0 0 0 0 0 2073598 2073598 0 2073598 0 0 0 0 0 2073598 2073598 0 2073600 0 2 12 440153 990720 993600 114502 103809 105680 116162 12 12 12 12 228 0 0 0 0 1920 1080 
[12156.074440] MESSAGE_B= 0 0 0 255 2 4 192 0 248 179 0 3114 3066 3059 3059 3016 3050 3030 2999 570 521 514 490 538 517 568 502 0 12 237 238 239 237 164 162 180 199 2 0 0 2 2 2 2 2 2 4 109212 95606 2073598 0 0 0 0 0 2073598 2073598 0 2073598 0 0 0 0 0 2073598 2073598 0 2073600 0 3 12 431694 994560 993600 111351 103065 104720 112558 12 12 12 12 228 0 0 0 0 1920 1080 
[12156.348427] MESSAGE_B= 0 0 0 255 3 4 192 0 248 179 0 3069 3058 3059 3038 3026 3048 3018 3022 509 495 460 485 542 495 532 506 0 12 230 238 241 238 175 163 176 178 0 0 0 0 2 2 2 2 3 4 90372 54564 2073598 0 0 0 0 0 2073598 2073598 0 2073598 0 0 0 0 0 2073598 2073598 0 2073600 0 3 12 426688 990720 993600 108916 102981 104801 109990 12 12 12 12 228 4 4 4 4 1920 1080 
[12156.622435] MESSAGE_B= 0 0 0 255 3 3 192 0 248 179 0 3098 3078 3105 3044 3080 3014 3045 2958 513 554 525 484 528 599 528 560 0 12 241 235 246 244 167 173 168 194 0 0 0 0 2 2 2 2 3 3 59420 61230 2073598 0 0 0 0 0 2073598 2073598 0 2073598 0 0 0 0 0 2073598 2073598 0 2073600 0 1 12 423602 994560 993600 106552 103670 104832 108548 12 12 12 12 227 4 4 4 4 1920 1080 
[12156.896437] MESSAGE_B= 0 0 0 255 2 2 192 0 248 179 0 3119 3109 3097 3101 3044 3077 3031 3030 479 509 488 500 569 559 532 588 0 12 230 243 237 235 179 175 175 174 0 0 0 0 2 2 2 2 2 2 44684 9550 2073598 0 0 0 0 0 2073598 2073598 0 2073598 0 0 0 0 0 2073598 2073598 0 2073600 0 1 12 420875 990720 993600 106148 102878 104800 107049 12 12 12 12 227 4 4 4 4 1920 1080 
[12157.049428] MESSAGE_B= 0 0 0 255 1 3 192 0 248 179 0 3082 3066 3073 3056 3010 3055 2994 3065 476 500 485 483 522 500 524 507 0 12 236 243 244 242 178 182 165 169 0 0 0 0 2 2 2 2 1 3 31174 27456 2073598 0 0 0 0 0 2073598 2073598 0 2073598 0 0 0 0 0 2073598 2073598 0 2073600 0 3 12 419430 994560 993600 105368 103069 104649 106344 12 12 12 12 228 4 4 4 4 1920 1080 
[12157.323433] MESSAGE_B= 0 0 0 255 2 2 192 0 248 179 0 3104 3087 3102 3084 3060 3066 3062 3031 546 491 516 502 572 551 528 550 0 12 237 233 244 242 175 160 172 174 0 0 0 0 2 2 2 2 2 2 19056 21044 2073598 0 0 0 0 0 2073598 2073598 0 2073598 0 0 0 0 0 2073598 2073598 0 2073600 0 1 12 418323 990720 993600 104354 103243 104917 105809 12 12 12 12 228 4 4 4 4 1920 1080 
[12157.597427] MESSAGE_B= 0 0 0 255 1 2 192 0 248 179 0 3082 3113 3090 3095 3060 3056 3057 3034 511 485 524 506 547 560 545 529 0 12 242 238 243 242 177 170 179 186 0 0 0 0 2 2 2 2 1 2 11372 10282 2073598 0 0 0 0 0 2073598 2073598 0 2073598 0 0 0 0 0 2073598 2073598 0 2073600 0 3 12 416799 994560 993600 103237 103698 105061 104803 12 12 12 12 228 4 4 4 4 1920 1080 
[12157.871431] MESSAGE_B= 0 0 0 255 3 3 192 0 248 179 0 3080 3105 3063 3070 2996 3011 3010 3018 497 466 505 492 530 530 516 504 0 12 243 237 243 245 166 171 170 181 0 0 0 0 2 2 2 2 3 3 4752 42428 2073598 0 0 0 0 0 2073598 2073598 0 2073598 0 0 0 0 0 2073598 2073598 0 2073600 0 1 12 415541 990720 993600 103391 103384 104362 104404 12 12 12 12 228 4 4 4 4 1920 1080 
[12158.145431] MESSAGE_B= 0 0 0 255 4 3 192 0 248 179 0 3101 3069 3091 3039 3020 2986 3008 2988 489 454 513 483 530 538 513 504 0 12 236 238 246 242 168 181 178 172 0 0 0 0 2 2 2 2 4 3 7582 16530 2073598 0 0 0 0 0 2073598 2073598 0 2073598 0 0 0 0 0 2073598 2073598 0 2073600 0 2 12 415436 994560 993600 103146 103460 104376 104454 12 12 12 12 228 4 4 4 4 1920 1080 
[12158.298430] MESSAGE_B= 0 0 0 255 3 2 192 0 248 179 0 3116 3115 3102 3113 3053 3070 3044 3055 503 490 493 516 532 560 543 524 0 12 239 242 247 249 163 179 180 175 0 0 0 0 2 2 2 2 3 2 4556 35286 2073598 0 0 0 0 0 2073598 2073598 0 2073598 0 0 0 0 0 2073598 2073598 0 2073600 0 2 12 416083 990720 993600 103359 103192 104942 104590 12 12 12 12 228 4 4 4 4 1920 1080 
[12158.572432] MESSAGE_B= 0 0 0 255 2 3 192 0 248 179 0 3072 3101 3072 3104 3049 3026 2981 3021 451 476 498 464 526 512 552 493 0 12 240 242 240 245 175 175 168 181 0 0 0 0 2 2 2 2 2 3 4550 20888 2073598 0 0 0 0 0 2073598 2073598 0 2073598 0 0 0 0 0 2073598 2073598 0 2073600 0 3 12 415071 994560 993600 103440 102974 104731 103926 12 12 12 12 227 4 4 4 4 1920 1080 
[12158.846438] MESSAGE_B= 0 0 0 255 2 4 192 0 248 179 0 3082 3063 3040 3058 2988 3039 2992 2993 497 514 538 471 532 505 560 523 0 12 242 243 243 243 182 163 174 176 0 0 0 0 2 2 2 2 2 4 9540 36582 2073598 0 0 0 0 0 2073598 2073598 0 2073598 0 0 0 0 0 2073598 2073598 0 2073600 0 3 12 415401 990720 993600 103327 103339 104482 104253 12 12 12 12 228 4 4 4 4 1920 1080 
[12159.120442] MESSAGE_B= 0 0 0 255 5 2 192 0 248 179 0 3108 3102 3123 3097 3039 3051 3055 3016 489 524 489 494 576 530 528 563 0 12 246 239 242 240 176 179 174 171 0 0 0 0 2 2 2 2 5 2 11360 16556 2073598 0 0 0 0 0 2073598 2073598 0 2073598 0 0 0 0 0 2073598 2073598 0 2073600 0 2 12 416912 994560 993600 103920 103726 104250 105016 12 12 12 12 228 4 4 4 4 1920 1080 
[12159.394428] MESSAGE_B= 0 7 0 255 3 2 192 0 248 179 0 0 0 0 0 0 0 0 0 0 0 0 0 0 0 0 0 1 12 0 0 0 0 0 0 0 0 1 1 1 1 1 1 1 1 3 2 14642 37938 2073598 0 0 0 0 0 2073598 2073598 0 2073598 0 0 0 0 0 2073598 2073598 0 2073600 0 2 12 511660 990720 993600 128104 127716 127736 128104 12 12 12 12 227 4 4 4 4 1920 1080 
[12159.542431] MESSAGE_B= 0 0 0 255 2 3 192 0 248 179 0 0 0 0 0 0 0 0 0 0 0 0 0 0 0 0 0 1 12 0 0 0 0 0 0 0 0 1 0 0 1 0 1 1 0 2 3 11554 23232 2073598 0 0 0 0 0 2073598 2073598 0 2073598 0 0 0 0 0 2073598 2073598 0 2073600 0 3 12 503693 994560 993600 128104 123299 124186 128104 12 12 12 12 244 4 4 4 4 1920 1080 
[12159.811431] MESSAGE_B= 0 0 0 255 2 2 192 0 248 179 0 0 0 0 0 0 0 0 0 0 0 0 0 0 0 0 0 1 12 0 0 0 0 0 0 0 0 0 0 0 0 0 0 0 0 2 2 34374 1144 2073598 0 0 0 0 0 2073598 2073598 0 2073598 0 0 0 0 0 2073598 2073598 0 2073600 0 1 12 489873 990720 993600 128104 115999 117666 128104 12 12 12 12 244 4 4 4 4 1920 1080 
[12160.080433] MESSAGE_B= 0 0 0 255 1 3 192 0 248 179 0 0 0 0 0 313 1152 1281 219 0 0 0 0 0 0 0 0 1 12 0 0 0 0 0 1 1 0 0 0 0 0 0 0 0 0 1 3 107184 26804 2073598 0 0 0 0 0 2073598 2073598 0 2073598 0 0 0 0 0 2073598 2073598 0 2073600 0 3 12 475274 994560 993600 127314 109209 111192 127559 12 12 12 12 229 4 4 4 4 1920 1080 
[12160.350426] MESSAGE_B= 0 0 0 255 2 3 192 0 248 179 0 0 58 0 1323 902 1137 1181 781 0 0 0 0 0 0 0 0 1 12 0 54 48 0 0 15 10 0 0 0 0 0 0 0 0 0 2 3 159424 23380 2073598 0 0 0 0 0 2073598 2073598 0 2073598 0 0 0 0 0 2073598 2073598 0 2073600 0 3 12 461105 990720 993600 123274 106207 107715 123909 12 12 12 12 229 4 4 4 4 1920 1080 
[12160.620427] MESSAGE_B= 0 0 0 255 2 2 192 0 248 179 0 0 690 0 1204 992 1093 1208 874 0 0 0 0 0 0 0 0 1 12 53 113 105 48 2 26 4 4 0 0 0 0 0 0 0 0 2 2 177980 66114 2073598 0 0 0 0 0 2073598 2073598 0 2073598 0 0 0 0 0 2073598 2073598 0 2073600 0 1 12 446132 994560 993600 116797 104576 106351 118408 12 12 12 12 229 4 4 4 4 1920 1080 
[12160.770740] MESSAGE_B= 0 4 0 255 2 4 192 0 248 179 0 3188 3088 3168 3114 3074 3033 3062 3069 438 506 407 523 492 544 455 517 1 12 234 240 245 243 145 167 170 199 2 0 0 2 2 2 2 2 2 4 144506 54388 2073598 0 0 0 0 0 2073598 2073598 0 2073598 0 0 0 0 0 2073598 2073598 0 2073600 0 3 12 441446 990720 993600 115023 104291 105596 116536 12 12 12 12 228 4 4 4 4 1920 1080 
[12161.044443] MESSAGE_B= 0 0 0 255 1 3 192 0 248 179 0 3111 3110 3121 3114 3080 3045 3046 3060 512 509 501 523 500 516 512 488 0 12 225 240 236 235 136 152 192 188 2 0 0 2 2 2 2 2 1 3 112150 122198 2073598 0 0 0 0 0 2073598 2073598 0 2073598 0 0 0 0 0 2073598 2073598 0 2073600 0 3 12 433534 994560 993600 111859 103575 104786 113314 12 12 12 12 227 0 0 0 0 1920 1080 
[12161.318430] MESSAGE_B= 0 0 0 255 3 4 192 0 248 179 0 3129 3154 3124 3152 3108 3097 3080 3062 492 461 470 438 509 471 489 487 0 12 234 235 243 238 161 155 173 184 0 0 0 0 2 2 2 2 3 4 91222 54360 2073598 0 0 0 0 0 2073598 2073598 0 2073598 0 0 0 0 0 2073598 2073598 0 2073600 0 3 12 428863 990720 993600 109700 103560 104857 110746 12 12 12 12 227 4 4 4 4 1920 1080 
[12161.592429] MESSAGE_B= 0 0 0 255 3 2 192 0 248 179 0 3081 3039 3060 3048 3019 2982 3002 2980 495 535 465 511 553 582 541 576 0 12 240 235 247 244 177 171 184 188 0 0 0 0 2 2 2 2 3 2 63788 60288 2073598 0 0 0 0 0 2073598 2073598 0 2073598 0 0 0 0 0 2073598 2073598 0 2073600 0 2 12 423049 994560 993600 106367 103400 104713 108569 12 12 12 12 227 4 4 4 4 1920 1080 
[12161.866431] MESSAGE_B= 0 0 0 255 1 2 192 0 248 179 0 3067 3031 3061 3045 3008 2987 2995 2981 500 489 528 489 544 579 541 586 0 12 238 242 239 244 165 176 179 191 0 0 0 0 2 2 2 2 1 2 40192 12270 2073598 0 0 0 0 0 2073598 2073598 0 2073598 0 0 0 0 0 2073598 2073598 0 2073600 0 3 12 420453 990720 993600 106124 102692 104388 107249 12 12 12 12 227 4 4 4 4 1920 1080 
[12162.019433] MESSAGE_B= 0 0 0 255 3 4 192 0 248 179 0 3158 3152 3103 3115 3062 3098 3042 3076 492 477 476 493 533 524 520 509 0 12 235 244 240 242 170 174 145 175 0 0 0 0 2 2 2 2 3 4 34974 26668 2073598 0 0 0 0 0 2073598 2073598 0 2073598 0 0 0 0 0 2073598 2073598 0 2073600 0 3 12 420778 994560 993600 105889 103114 104988 106787 12 12 12 12 227 4 4 4 4 1920 1080 
[12162.382428] MESSAGE_B= 0 0 0 255 3 3 192 0 248 179 0 3123 3126 3110 3104 3062 3061 3072 3035 499 453 471 482 518 528 509 527 0 12 238 234 243 244 167 148 167 174 0 0 0 0 2 2 2 2 3 3 21076 34948 2073598 0 0 0 0 0 2073598 2073598 0 2073598 0 0 0 0 0 2073598 2073598 0 2073600 0 1 12 418377 990720 993600 104442 103517 104801 105617 12 12 12 12 227 4 4 4 4 1920 1080 
[12162.535432] MESSAGE_B= 0 0 0 255 2 2 192 0 248 179 0 3052 3071 3054 3049 3000 2997 3007 2993 493 529 490 523 549 547 528 536 0 12 237 238 247 245 185 166 170 188 0 0 0 0 2 2 2 2 2 2 10612 14504 2073598 0 0 0 0 0 2073598 2073598 0 2073598 0 0 0 0 0 2073598 2073598 0 2073600 0 1 12 415701 994560 993600 103204 103005 104636 104856 12 12 12 12 227 4 4 4 4 1920 1080 
[12162.809444] MESSAGE_B= 0 0 0 255 2 4 192 0 248 179 0 3126 3096 3114 3092 3062 3048 3081 3054 466 503 479 523 513 540 510 525 0 12 238 242 243 243 152 168 177 167 0 0 0 0 2 2 2 2 2 4 4188 38704 2073598 0 0 0 0 0 2073598 2073598 0 2073598 0 0 0 0 0 2073598 2073598 0 2073600 0 3 12 416494 990720 993600 103688 103568 104739 104499 12 12 12 12 228 4 4 4 4 1920 1080 
[12163.083432] MESSAGE_B= 0 0 0 255 3 4 192 0 248 179 0 3118 3139 3095 3130 3079 3060 3047 3054 504 446 502 460 514 536 515 505 0 12 241 237 246 242 162 180 162 167 0 0 0 0 2 2 2 2 3 4 7938 15330 2073598 0 0 0 0 0 2073598 2073598 0 2073598 0 0 0 0 0 2073598 2073598 0 2073600 0 3 12 416811 994560 993600 103591 103701 104728 104791 12 12 12 12 228 4 4 4 4 1920 1080 
[12163.357446] MESSAGE_B= 0 0 0 255 2 2 192 0 248 179 0 3063 3085 3051 3048 3021 2987 2998 2972 498 477 505 507 528 559 543 512 0 12 236 239 245 247 168 181 173 172 0 0 0 0 2 2 2 2 2 2 5454 41046 2073598 0 0 0 0 0 2073598 2073598 0 2073598 0 0 0 0 0 2073598 2073598 0 2073600 0 1 12 414627 990720 993600 103053 102703 104741 104130 12 12 12 12 226 4 4 4 4 1920 1080 
[12163.510433] MESSAGE_B= 0 0 0 255 3 4 192 0 248 179 0 3126 3105 3087 3107 3080 3060 3060 3054 502 507 512 533 492 528 532 500 0 12 240 242 238 245 154 162 175 165 0 0 0 0 2 2 2 2 3 4 5038 19862 2073598 0 0 0 0 0 2073598 2073598 0 2073598 0 0 0 0 0 2073598 2073598 0 2073600 0 3 12 416616 994560 993600 103604 103457 104845 104710 12 12 12 12 227 4 4 4 4 1920 1080 
[12163.784433] MESSAGE_B= 0 0 0 255 2 3 192 0 248 179 0 3115 3118 3100 3121 3063 3063 3033 3055 490 510 533 490 521 492 554 511 0 12 242 242 239 245 168 156 162 182 0 0 0 0 2 2 2 2 2 3 9398 43724 2073598 0 0 0 0 0 2073598 2073598 0 2073598 0 0 0 0 0 2073598 2073598 0 2073600 0 3 12 416500 990720 993600 103706 103415 105044 104335 12 12 12 12 227 4 4 4 4 1920 1080 
[12164.058445] MESSAGE_B= 0 0 0 255 2 2 192 0 248 179 0 3077 3045 3059 3061 3013 3025 3015 2962 484 537 514 463 560 531 552 551 0 12 245 232 243 245 185 165 183 174 0 0 0 0 2 2 2 2 2 2 11418 17848 2073598 0 0 0 0 0 2073598 2073598 0 2073598 0 0 0 0 0 2073598 2073598 0 2073600 0 1 12 415728 994560 993600 103143 103762 103904 104919 12 12 12 12 227 4 4 4 4 1920 1080 
[12164.332424] MESSAGE_B= 0 0 0 255 5 2 192 0 248 179 0 3074 3028 3058 3046 2999 3012 3013 2998 514 526 468 550 568 573 512 578 0 12 237 244 241 243 175 185 180 179 0 0 0 0 2 2 2 2 5 2 7300 37734 2073598 0 0 0 0 0 2073598 2073598 0 2073598 0 0 0 0 0 2073598 2073598 0 2073600 0 2 12 414864 990720 993600 102840 103049 104638 104337 12 12 12 12 228 4 4 4 4 1920 1080 
[12164.606428] MESSAGE_B= 0 0 0 255 2 2 192 0 248 179 0 0 0 0 0 0 0 0 0 0 0 0 0 0 0 0 0 1 12 0 0 0 0 0 0 0 0 1 0 0 1 0 1 1 0 2 2 9184 19674 2073598 0 0 0 0 0 2073598 2073598 0 2073598 0 0 0 0 0 2073598 2073598 0 2073600 0 1 12 501223 994560 993600 128104 121912 123103 128104 12 12 12 12 254 4 4 4 4 1920 1080 
[12164.754423] MESSAGE_B= 0 0 0 255 2 2 192 0 248 179 0 0 0 0 0 0 0 0 0 0 0 0 0 0 0 0 0 1 12 0 0 0 0 0 0 0 0 0 0 0 1 0 1 0 0 2 2 18312 45360 2073598 0 0 0 0 0 2073598 2073598 0 2073598 0 0 0 0 0 2073598 2073598 0 2073600 0 1 12 493265 990720 993600 128104 117732 119325 128104 12 12 12 12 254 4 4 4 4 1920 1080 
[12165.023431] MESSAGE_B= 0 0 0 255 2 1 192 0 248 179 0 0 0 0 0 0 0 0 0 0 0 0 0 0 0 0 0 1 12 0 0 0 0 0 0 0 0 0 0 0 0 0 0 0 0 2 1 95328 22734 2073598 0 0 0 0 0 2073598 2073598 0 2073598 0 0 0 0 0 2073598 2073598 0 2073600 0 1 12 478359 994560 993600 128104 109965 112186 128104 12 12 12 12 233 4 4 4 4 1920 1080 
[12165.292426] MESSAGE_B= 0 0 0 255 5 1 192 0 248 179 0 0 0 0 0 723 1191 1221 570 0 0 0 0 0 0 0 0 1 12 0 48 34 0 0 10 7 0 0 0 0 0 0 0 0 0 5 1 147016 20642 2073598 0 0 0 0 0 2073598 2073598 0 2073598 0 0 0 0 0 2073598 2073598 0 2073600 0 1 12 464104 990720 993600 124345 106586 107965 125208 12 12 12 12 229 4 4 4 4 1920 1080 
[12165.562420] MESSAGE_B= 0 0 0 255 4 2 192 0 248 179 0 0 884 0 1227 894 1135 1228 808 0 0 0 0 0 0 0 0 1 12 23 110 106 18 7 12 4 7 0 0 0 0 0 0 0 0 4 2 187342 63174 2073598 0 0 0 0 0 2073598 2073598 0 2073598 0 0 0 0 0 2073598 2073598 0 2073600 0 2 12 449826 994560 993600 118837 104509 106465 120015 12 12 12 12 229 4 4 4 4 1920 1080 
[12165.833427] MESSAGE_B= 0 0 0 255 5 1 192 0 248 179 0 3053 3050 3059 3044 3008 2967 2989 2957 495 532 477 524 571 556 572 517 0 12 236 234 245 247 169 155 208 169 2 0 0 2 2 2 2 2 5 1 162080 51330 2073598 0 0 0 0 0 2073598 2073598 0 2073598 0 0 0 0 0 2073598 2073598 0 2073600 0 2 12 438449 990720 993600 114215 103332 105218 115684 12 12 12 12 227 0 0 0 0 1920 1080 
[12166.107439] MESSAGE_B= 0 0 0 255 1 3 192 0 248 179 0 3148 3139 3170 3144 3075 3070 3045 3049 459 482 460 474 538 511 547 476 0 12 234 232 238 235 151 152 176 181 0 0 0 2 2 2 2 2 1 3 112064 97188 2073598 0 0 0 0 0 2073598 2073598 0 2073598 0 0 0 0 0 2073598 2073598 0 2073600 0 3 12 432278 994560 993600 111311 103464 104825 112678 12 12 12 12 227 4 4 4 4 1920 1080 
[12166.260424] MESSAGE_B= 0 0 0 255 3 1 192 0 248 179 0 3101 3061 3073 3044 3045 2998 3036 2980 459 520 465 498 558 584 545 590 0 12 225 240 243 245 161 176 167 185 0 0 0 0 2 2 2 2 3 1 90844 54106 2073598 0 0 0 0 0 2073598 2073598 0 2073598 0 0 0 0 0 2073598 2073598 0 2073600 0 2 12 427847 990720 993600 109560 102714 104455 111118 12 12 12 12 227 4 4 4 4 1920 1080 
[12166.534425] MESSAGE_B= 0 0 0 255 4 2 192 0 248 179 0 3064 3034 3040 3043 3035 2988 3009 2980 525 515 503 513 544 558 540 577 0 12 236 235 243 246 178 173 176 180 0 0 0 0 2 2 2 2 4 2 67354 66544 2073598 0 0 0 0 0 2073598 2073598 0 2073598 0 0 0 0 0 2073598 2073598 0 2073600 0 2 12 423399 994560 993600 106636 103183 104925 108655 12 12 12 12 228 4 4 4 4 1920 1080 
[12166.808433] MESSAGE_B= 0 0 0 255 2 3 192 0 248 179 0 3098 3117 3088 3081 3074 3091 3038 3065 507 519 523 523 535 492 503 499 0 12 242 244 239 239 157 165 163 183 0 0 0 0 2 2 2 2 2 3 46222 58890 2073598 0 0 0 0 0 2073598 2073598 0 2073598 0 0 0 0 0 2073598 2073598 0 2073600 0 1 12 422589 990720 993600 106932 103429 104409 107819 12 12 12 12 228 4 4 4 4 1920 1080 
[12167.082431] MESSAGE_B= 0 0 0 255 4 4 192 0 248 179 0 3157 3149 3108 3128 3054 3141 3039 3110 487 484 469 492 528 492 505 519 0 12 237 241 240 244 168 173 141 177 0 0 0 0 2 2 2 2 4 4 32338 28050 2073598 0 0 0 0 0 2073598 2073598 0 2073598 0 0 0 0 0 2073598 2073598 0 2073600 0 1 12 420544 994560 993600 105628 103284 105092 106540 12 12 12 12 228 4 4 4 4 1920 1080 
[12167.235422] MESSAGE_B= 0 0 0 255 2 2 192 0 248 179 0 3027 3072 3047 3064 2996 3026 3015 2996 529 512 514 484 546 538 534 524 0 12 243 240 243 241 175 171 176 177 0 0 0 0 2 2 2 2 2 2 23716 37274 2073598 0 0 0 0 0 2073598 2073598 0 2073598 0 0 0 0 0 2073598 2073598 0 2073600 0 1 12 417980 990720 993600 104358 103082 104398 106142 12 12 12 12 228 4 4 4 4 1920 1080 
[12167.509426] MESSAGE_B= 0 0 0 255 2 4 192 0 248 179 0 3138 3111 3107 3121 3073 3049 3050 3034 481 448 473 479 528 526 516 508 0 12 241 235 247 245 170 160 173 167 0 0 0 0 2 2 2 2 2 4 11986 14302 2073598 0 0 0 0 0 2073598 2073598 0 2073598 0 0 0 0 0 2073598 2073598 0 2073600 0 3 12 417232 994560 993600 103925 103532 104863 104912 12 12 12 12 227 4 4 4 4 1920 1080 
[12167.783427] MESSAGE_B= 0 0 0 255 5 4 192 0 248 179 0 3135 3097 3109 3097 3045 3055 3068 3046 460 493 481 504 516 526 503 531 0 12 239 243 244 241 158 175 172 159 0 0 0 0 2 2 2 2 5 4 6050 36170 2073598 0 0 0 0 0 2073598 2073598 0 2073598 0 0 0 0 0 2073598 2073598 0 2073600 0 2 12 416608 990720 993600 103688 103747 104476 104697 12 12 12 12 226 4 4 4 4 1920 1080 
[12168.057436] MESSAGE_B= 0 0 0 255 2 2 192 0 248 179 0 3078 3070 3071 3037 3003 3003 2995 2992 529 489 515 506 552 545 536 551 0 12 240 236 243 241 171 172 187 182 0 0 0 0 2 2 2 2 2 2 6210 19158 2073598 0 0 0 0 0 2073598 2073598 0 2073598 0 0 0 0 0 2073598 2073598 0 2073600 0 1 12 415439 994560 993600 103103 103169 104552 104615 12 12 12 12 227 4 4 4 4 1920 1080 
[12168.331423] MESSAGE_B= 0 0 0 255 3 2 192 0 248 179 0 3053 3076 3037 3040 3029 2998 2994 2968 535 481 539 508 527 556 539 511 0 12 239 242 247 247 170 188 177 186 0 0 0 0 2 2 2 2 3 2 5658 41616 2073598 0 0 0 0 0 2073598 2073598 0 2073598 0 0 0 0 0 2073598 2073598 0 2073600 0 2 12 414872 990720 993600 102971 102911 104675 104315 12 12 12 12 228 4 4 4 4 1920 1080 
[12168.484421] MESSAGE_B= 0 0 0 255 1 4 192 0 248 179 0 3125 3124 3102 3131 3081 3060 3048 3042 513 456 528 477 498 526 532 501 0 12 241 242 242 242 148 161 171 165 0 0 0 0 2 2 2 2 1 4 5114 15814 2073598 0 0 0 0 0 2073598 2073598 0 2073598 0 0 0 0 0 2073598 2073598 0 2073600 0 3 12 416521 994560 993600 103502 103671 104793 104555 12 12 12 12 228 4 4 4 4 1920 1080 
[12168.758425] MESSAGE_B= 0 0 0 255 3 2 192 0 248 179 0 3089 3087 3020 3074 3016 3037 2978 3007 476 500 522 473 552 534 583 535 0 12 238 243 241 245 186 182 178 188 0 0 0 0 2 2 2 2 3 2 8540 38932 2073598 0 0 0 0 0 2073598 2073598 0 2073598 0 0 0 0 0 2073598 2073598 0 2073600 0 2 12 414797 990720 993600 103556 102499 104886 103856 12 12 12 12 227 4 4 4 4 1920 1080 
[12169.033430] MESSAGE_B= 0 0 0 255 3 2 192 0 248 179 0 3071 3050 3068 3040 3011 3019 3006 2966 473 539 492 463 567 537 552 551 0 12 244 230 248 247 196 162 187 180 0 0 0 0 2 2 2 2 3 2 17144 12244 2073598 0 0 0 0 0 2073598 2073598 0 2073598 0 0 0 0 0 2073598 2073598 0 2073600 0 2 12 415580 994560 993600 103162 103510 103980 104928 12 12 12 12 227 4 4 4 4 1920 1080 
[12169.307433] MESSAGE_B= 0 0 0 255 1 4 192 0 248 179 0 3108 3124 3115 3113 3054 3045 3070 3018 523 502 493 522 543 514 487 543 0 12 241 244 238 239 156 172 162 157 0 0 0 0 2 2 2 2 1 4 7780 33820 2073598 0 0 0 0 0 2073598 2073598 0 2073598 0 0 0 0 0 2073598 2073598 0 2073600 0 3 12 416672 990720 993600 103916 103670 104588 104498 12 12 12 12 227 4 4 4 4 1920 1080 
[12169.581419] MESSAGE_B= 0 0 0 255 2 4 192 0 248 179 0 0 0 0 0 0 0 0 0 0 0 0 0 0 0 0 0 1 12 0 0 0 0 0 0 0 0 1 0 0 1 0 1 1 0 2 4 8936 17468 2073598 0 0 0 0 0 2073598 2073598 0 2073598 0 0 0 0 0 2073598 2073598 0 2073600 0 3 12 502888 994560 993600 128104 122852 123828 128104 12 12 12 12 242 4 4 4 4 1920 1080 
[12169.729420] MESSAGE_B= 0 0 0 255 2 2 192 0 248 179 0 0 0 0 0 0 0 0 0 0 0 0 0 0 0 0 0 1 12 0 0 0 0 0 0 0 0 1 0 0 1 0 1 1 0 2 2 12188 45060 2073598 0 0 0 0 0 2073598 2073598 0 2073598 0 0 0 0 0 2073598 2073598 0 2073600 0 1 12 495208 990720 993600 128104 118648 120352 128104 12 12 12 12 242 4 4 4 4 1920 1080 
[12169.998426] MESSAGE_B= 0 0 0 255 2 1 192 0 248 179 0 0 0 0 0 0 0 0 0 0 0 0 0 0 0 0 0 1 12 0 0 0 0 0 0 0 0 0 0 0 0 0 0 0 0 2 1 90336 18424 2073598 0 0 0 0 0 2073598 2073598 0 2073598 0 0 0 0 0 2073598 2073598 0 2073600 0 1 12 480436 994560 993600 128104 111035 113193 128104 12 12 12 12 242 4 4 4 4 1920 1080 
[12170.267428] MESSAGE_B= 0 0 0 255 1 1 192 0 248 179 0 0 0 0 0 599 1157 1235 487 0 0 0 0 0 0 0 0 1 12 0 35 20 0 0 2 3 0 0 0 0 0 0 0 0 0 1 1 135772 19180 2073598 0 0 0 0 0 2073598 2073598 0 2073598 0 0 0 0 0 2073598 2073598 0 2073600 0 1 12 466008 990720 993600 124997 106710 108678 125623 12 12 12 12 231 4 4 4 4 1920 1080 
[12170.537420] MESSAGE_B= 0 0 0 255 2 4 192 0 248 179 0 0 823 0 1207 835 1119 1178 740 0 0 0 0 0 0 0 0 1 12 15 106 103 12 5 11 6 7 0 0 0 0 0 0 0 0 2 4 186412 56368 2073598 0 0 0 0 0 2073598 2073598 0 2073598 0 0 0 0 0 2073598 2073598 0 2073600 0 3 12 452031 994560 993600 119464 105290 106527 120750 12 12 12 12 228 4 4 4 4 1920 1080 
[12170.808430] MESSAGE_B= 0 0 0 255 3 3 192 0 248 179 0 3131 3100 3147 3119 3083 3040 3058 3098 504 471 488 484 488 526 455 508 0 12 236 235 244 245 143 176 175 194 2 0 0 2 2 2 2 2 3 3 158250 49314 2073598 0 0 0 0 0 2073598 2073598 0 2073598 0 0 0 0 0 2073598 2073598 0 2073600 0 1 12 440636 990720 993600 114601 104140 105671 116224 12 12 12 12 228 0 0 0 0 1920 1080 
[12170.961426] MESSAGE_B= 0 0 0 255 3 1 192 0 248 179 0 3044 3063 3025 3041 2992 2977 2968 2963 529 511 517 519 567 593 582 534 0 12 235 239 245 249 186 173 194 179 2 0 0 2 2 2 2 2 3 1 115506 109864 2073598 0 0 0 0 0 2073598 2073598 0 2073598 0 0 0 0 0 2073598 2073598 0 2073600 0 2 12 433771 994560 993600 112429 102766 104881 113695 12 12 12 12 228 0 0 0 0 1920 1080 
[12171.235424] MESSAGE_B= 0 0 0 255 3 1 192 0 248 179 0 3060 3087 3061 3084 3055 2986 3010 2972 498 517 508 455 540 580 560 581 0 12 236 235 242 245 164 181 177 189 0 0 0 0 2 2 2 2 3 1 92784 49076 2073598 0 0 0 0 0 2073598 2073598 0 2073598 0 0 0 0 0 2073598 2073598 0 2073600 0 2 12 428499 990720 993600 109852 102900 104266 111481 12 12 12 12 228 4 4 4 4 1920 1080 
[12171.509429] MESSAGE_B= 0 0 0 255 4 4 192 0 248 179 0 3117 3099 3129 3083 3064 3076 3053 3033 537 509 515 486 522 504 516 479 0 12 240 237 242 241 152 167 167 163 0 0 0 0 2 2 2 2 4 4 77262 68676 2073598 0 0 0 0 0 2073598 2073598 0 2073598 0 0 0 0 0 2073598 2073598 0 2073600 0 1 12 425144 994560 993600 107314 103903 104961 108966 12 12 12 12 227 4 4 4 4 1920 1080 
[12171.783426] MESSAGE_B= 0 0 0 255 3 4 192 0 248 179 0 3076 3116 3080 3083 3091 3065 3048 3044 554 509 565 483 521 490 534 479 0 12 248 243 243 238 159 164 167 176 0 0 0 0 2 2 2 2 3 4 44814 16820 2073598 0 0 0 0 0 2073598 2073598 0 2073598 0 0 0 0 0 2073598 2073598 0 2073600 0 3 12 422826 990720 993600 106900 103475 104413 108038 12 12 12 12 227 4 4 4 4 1920 1080 
[12172.057433] MESSAGE_B= 0 0 0 255 1 2 192 0 248 179 0 3084 3076 3094 3064 3006 3053 3009 3045 484 490 489 491 558 535 542 553 0 12 230 239 242 243 160 186 186 168 0 0 0 0 2 2 2 2 1 2 33276 30916 2073598 0 0 0 0 0 2073598 2073598 0 2073598 0 0 0 0 0 2073598 2073598 0 2073600 0 3 12 419303 994560 993600 105231 102943 104756 106373 12 12 12 12 227 4 4 4 4 1920 1080 
[12172.210428] MESSAGE_B= 0 0 0 255 5 4 192 0 248 179 0 3135 3119 3095 3087 3069 3092 3052 3063 512 500 495 507 518 533 516 507 0 12 240 244 242 241 172 151 159 174 0 0 0 0 2 2 2 2 5 4 37558 14998 2073598 0 0 0 0 0 2073598 2073598 0 2073598 0 0 0 0 0 2073598 2073598 0 2073600 0 2 12 419726 990720 993600 104727 103715 104731 106553 12 12 12 12 228 4 4 4 4 1920 1080 
[12172.484426] MESSAGE_B= 0 0 0 255 2 4 192 0 248 179 0 3125 3132 3114 3098 3075 3061 3054 3048 489 460 458 485 531 518 507 515 0 12 236 235 244 245 169 155 170 175 0 0 0 0 2 2 2 2 2 4 10546 14568 2073598 0 0 0 0 0 2073598 2073598 0 2073598 0 0 0 0 0 2073598 2073598 0 2073600 0 3 12 417887 994560 993600 104136 103631 104822 105298 12 12 12 12 228 4 4 4 4 1920 1080 
[12172.758424] MESSAGE_B= 0 0 0 255 5 2 192 0 248 179 0 3058 3055 3061 3046 3002 3012 2984 2990 500 519 501 511 550 549 537 532 0 12 240 241 246 242 197 169 171 187 0 0 0 0 2 2 2 2 5 2 8914 34688 2073598 0 0 0 0 0 2073598 2073598 0 2073598 0 0 0 0 0 2073598 2073598 0 2073600 0 2 12 415004 990720 993600 102898 103222 104557 104327 12 12 12 12 227 4 4 4 4 1920 1080 
[12173.032429] MESSAGE_B= 0 0 0 255 4 2 192 0 248 179 0 3100 3056 3073 3044 3022 2993 2991 2994 512 492 482 520 548 551 536 546 0 12 241 236 243 241 160 185 188 179 0 0 0 0 2 2 2 2 4 2 6526 12440 2073598 0 0 0 0 0 2073598 2073598 0 2073598 0 0 0 0 0 2073598 2073598 0 2073600 0 2 12 415597 994560 993600 103305 103133 104642 104517 12 12 12 12 227 4 4 4 4 1920 1080 
[12173.185426] MESSAGE_B= 0 0 0 255 1 5 192 0 248 179 0 3103 3071 3091 3036 3023 2990 3009 2988 492 458 511 485 537 543 512 508 0 12 236 239 245 243 167 184 180 178 0 0 0 0 2 2 2 2 1 5 6240 36390 2073598 0 0 0 0 0 2073598 2073598 0 2073598 0 0 0 0 0 2073598 2073598 0 2073600 0 3 12 415472 990720 993600 103158 103447 104406 104461 12 12 12 12 227 4 4 4 4 1920 1080 
[12173.459424] MESSAGE_B= 0 0 0 255 2 2 192 0 248 179 0 3104 3116 3111 3089 3084 3044 3042 3058 497 504 515 532 526 557 544 527 0 12 235 240 242 244 167 182 170 178 0 0 0 0 2 2 2 2 2 2 3498 13888 2073598 0 0 0 0 0 2073598 2073598 0 2073598 0 0 0 0 0 2073598 2073598 0 2073600 0 1 12 416500 994560 993600 103464 103274 105184 104578 12 12 12 12 228 4 4 4 4 1920 1080 
[12173.733425] MESSAGE_B= 0 0 0 255 3 2 192 0 248 179 0 3122 3098 3101 3106 3054 3071 3031 3057 479 521 527 493 531 529 570 532 0 12 238 246 243 244 164 174 172 181 0 0 0 0 2 2 2 2 3 2 6262 41744 2073598 0 0 0 0 0 2073598 2073598 0 2073598 0 0 0 0 0 2073598 2073598 0 2073600 0 2 12 416138 990720 993600 103575 103164 105104 104295 12 12 12 12 228 4 4 4 4 1920 1080 
[12174.007434] MESSAGE_B= 0 0 0 255 2 3 192 0 248 179 0 3096 3070 3075 3042 3023 3031 3001 2974 453 545 457 468 544 516 535 535 0 12 242 239 245 247 187 166 179 176 0 0 0 0 2 2 2 2 2 3 9674 17338 2073598 0 0 0 0 0 2073598 2073598 0 2073598 0 0 0 0 0 2073598 2073598 0 2073600 0 3 12 415852 994560 993600 103488 103452 104202 104710 12 12 12 12 228 4 4 4 4 1920 1080 
[12174.281425] MESSAGE_B= 0 0 0 255 2 4 192 0 248 179 0 3088 3055 3084 3081 3017 3023 3033 2982 473 512 443 512 557 530 498 555 0 12 245 248 240 239 177 180 168 167 0 0 0 0 2 2 2 2 2 4 8762 39622 2073598 0 0 0 0 0 2073598 2073598 0 2073598 0 0 0 0 0 2073598 2073598 0 2073600 0 3 12 415387 990720 993600 103640 103234 104185 104328 12 12 12 12 228 4 4 4 4 1920 1080 
[12174.434420] MESSAGE_B= 0 7 0 255 3 2 192 0 248 179 0 0 0 0 0 0 0 0 0 0 0 0 0 0 0 0 0 1 12 0 0 0 0 0 0 0 0 1 1 1 1 1 1 1 1 3 2 9356 17882 2073598 0 0 0 0 0 2073598 2073598 0 2073598 0 0 0 0 0 2073598 2073598 0 2073600 0 2 12 511660 994560 993600 128104 127716 127736 128104 12 12 12 12 227 4 4 4 4 1920 1080 
[12174.703422] MESSAGE_B= 4 0 0 255 2 1 192 0 248 179 0 0 0 0 0 0 0 0 0 0 0 0 0 0 0 0 0 1 12 0 0 0 0 0 0 0 0 1 0 0 1 0 1 1 0 2 1 8 34864 2073598 0 0 0 0 0 2073598 2073598 0 2073598 0 0 0 0 0 2073598 2073598 0 2073600 0 4 12 497042 990720 993600 128104 119662 121172 128104 12 12 12 12 241 4 4 4 4 1920 1080 
[12174.972425] MESSAGE_B= 0 0 0 255 2 2 192 0 248 179 0 0 0 0 0 0 0 0 0 0 0 0 0 0 0 0 0 1 12 0 0 0 0 0 0 0 0 0 0 0 0 0 0 0 0 2 2 67822 14050 2073598 0 0 0 0 0 2073598 2073598 0 2073598 0 0 0 0 0 2073598 2073598 0 2073600 0 3 12 482794 994560 993600 128104 112310 114276 128104 12 12 12 12 241 4 4 4 4 1920 1080 
[12175.241424] MESSAGE_B= 0 0 0 255 10 3 192 0 248 179 0 0 0 0 0 471 1114 1225 396 0 0 0 0 0 0 0 0 1 12 0 13 17 0 0 0 1 0 0 0 0 0 0 0 0 0 10 3 123602 15912 2073598 0 0 0 0 0 2073598 2073598 0 2073598 0 0 0 0 0 2073598 2073598 0 2073600 0 1 12 468181 990720 993600 125653 107266 109201 126061 12 12 12 12 230 4 4 4 4 1920 1080 
[12175.511421] MESSAGE_B= 0 0 0 255 3 3 192 0 248 179 0 0 581 0 1161 762 1148 1228 736 0 0 0 0 0 0 0 0 1 12 0 99 85 0 11 8 10 14 0 0 0 0 0 0 0 0 3 3 187974 53286 2073598 0 0 0 0 0 2073598 2073598 0 2073598 0 0 0 0 0 2073598 2073598 0 2073600 0 1 12 453948 994560 993600 120628 105075 106497 121748 12 12 12 12 230 4 4 4 4 1920 1080 
[12175.782420] MESSAGE_B= 0 0 0 255 5 3 192 0 248 179 0 0 871 0 1194 1067 1116 1214 924 0 0 0 0 0 0 0 0 1 12 54 133 114 56 10 18 12 6 0 0 0 0 0 0 0 0 5 3 168774 44052 2073598 0 0 0 0 0 2073598 2073598 0 2073598 0 0 0 0 0 2073598 2073598 0 2073600 0 1 12 441370 990720 993600 115187 104174 105375 116634 12 12 12 12 228 4 4 4 4 1920 1080 
[12175.932424] MESSAGE_B= 0 0 0 255 2 2 192 0 248 179 0 3114 3106 3126 3078 3013 3047 3011 3019 469 505 457 534 572 548 566 513 0 12 227 233 244 249 173 157 200 162 2 0 0 2 2 2 2 2 2 2 119970 87612 2073598 0 0 0 0 0 2073598 2073598 0 2073598 0 0 0 0 0 2073598 2073598 0 2073600 0 1 12 436541 994560 993600 113335 103402 105089 114715 12 12 12 12 227 0 0 0 0 1920 1080 
[12176.206434] MESSAGE_B= 0 0 0 255 3 3 192 0 248 179 0 3086 3097 3069 3083 3038 3069 3022 3050 513 503 490 460 529 493 538 492 0 12 242 237 240 245 166 171 179 184 0 0 0 0 2 2 2 2 3 3 98962 57716 2073598 0 0 0 0 0 2073598 2073598 0 2073598 0 0 0 0 0 2073598 2073598 0 2073600 0 1 12 429665 990720 993600 110509 102977 104235 111944 12 12 12 12 228 4 4 4 4 1920 1080 
[12176.480425] MESSAGE_B= 0 0 0 255 3 3 192 0 248 179 0 3062 3069 3044 3066 3021 3045 3020 2997 531 460 494 462 522 503 527 516 0 12 241 232 241 243 166 163 170 165 0 0 0 0 2 2 2 2 3 3 77032 74406 2073598 0 0 0 0 0 2073598 2073598 0 2073598 0 0 0 0 0 2073598 2073598 0 2073600 0 1 12 424825 994560 993600 107605 103216 104733 109271 12 12 12 12 228 4 4 4 4 1920 1080 
[12176.754429] MESSAGE_B= 0 0 0 255 2 2 192 0 248 179 0 3093 3122 3109 3090 3090 3056 3029 2972 528 509 499 485 530 575 534 567 0 12 246 237 245 245 164 170 174 183 0 0 0 0 2 2 2 2 2 2 52954 23090 2073598 0 0 0 0 0 2073598 2073598 0 2073598 0 0 0 0 0 2073598 2073598 0 2073600 0 1 12 423071 990720 993600 106739 103508 104559 108265 12 12 12 12 228 4 4 4 4 1920 1080 
[12176.907434] MESSAGE_B= 0 0 0 255 7 3 192 0 248 179 0 3065 3063 3055 3066 3020 3016 3008 3037 488 493 516 496 517 529 507 573 0 12 228 246 242 234 158 170 157 177 0 0 0 0 2 2 2 2 7 3 31636 33080 2073598 0 0 0 0 0 2073598 2073598 0 2073598 0 0 0 0 0 2073598 2073598 0 2073600 0 2 12 420673 994560 993600 106117 103077 104449 107030 12 12 12 12 228 4 4 4 4 1920 1080 
[12177.181425] MESSAGE_B= 0 0 0 255 2 3 192 0 248 179 0 3052 3078 3048 3067 3018 3036 2998 3031 495 505 496 498 526 522 519 530 0 12 240 242 242 245 181 163 173 185 0 0 0 0 2 2 2 2 2 3 26944 13038 2073598 0 0 0 0 0 2073598 2073598 0 2073598 0 0 0 0 0 2073598 2073598 0 2073600 0 3 12 418819 990720 993600 104624 103387 104374 106434 12 12 12 12 228 4 4 4 4 1920 1080 
[12177.455426] MESSAGE_B= 0 0 0 255 4 2 192 0 248 179 0 3102 3093 3091 3078 3066 3040 3074 3033 507 512 498 533 541 550 540 541 0 12 226 233 245 245 167 167 181 170 0 0 0 0 2 2 2 2 4 2 16680 18292 2073598 0 0 0 0 0 2073598 2073598 0 2073598 0 0 0 0 0 2073598 2073598 0 2073600 0 2 12 417684 994560 993600 103789 103361 105053 105481 12 12 12 12 228 4 4 4 4 1920 1080 
[12177.729424] MESSAGE_B= 0 0 0 255 2 2 192 0 248 179 0 3091 3075 3092 3090 3064 3052 3047 3048 514 509 534 505 536 558 538 541 0 12 240 242 244 237 175 163 171 192 0 0 0 0 2 2 2 2 2 2 11848 31232 2073598 0 0 0 0 0 2073598 2073598 0 2073598 0 0 0 0 0 2073598 2073598 0 2073600 0 1 12 416399 990720 993600 103325 103325 105004 104745 12 12 12 12 228 4 4 4 4 1920 1080 
[12178.003428] MESSAGE_B= 0 0 0 255 1 3 192 0 248 179 0 3089 3078 3082 3051 2996 3019 2987 3000 485 489 478 525 530 534 519 513 0 12 241 239 245 242 180 171 167 181 0 0 0 0 2 2 2 2 1 3 9742 14926 2073598 0 0 0 0 0 2073598 2073598 0 2073598 0 0 0 0 0 2073598 2073598 0 2073600 0 3 12 415399 994560 993600 103494 103247 104436 104222 12 12 12 12 228 4 4 4 4 1920 1080 
[12178.156436] MESSAGE_B= 0 0 0 255 5 2 192 0 248 179 0 3086 3103 3085 3088 3044 3040 3056 3050 522 527 512 536 552 553 541 537 0 12 237 244 245 242 162 182 178 165 0 0 0 0 2 2 2 2 5 2 4008 38184 2073598 0 0 0 0 0 2073598 2073598 0 2073598 0 0 0 0 0 2073598 2073598 0 2073600 0 2 12 416313 990720 993600 103278 103450 104487 105098 12 12 12 12 228 4 4 4 4 1920 1080 
[12178.430425] MESSAGE_B= 0 0 0 255 2 2 192 0 248 179 0 3123 3114 3114 3104 3057 3051 3052 3065 497 496 502 510 534 560 556 524 0 12 235 240 241 245 169 184 172 181 0 0 0 0 2 2 2 2 2 2 6952 18528 2073598 0 0 0 0 0 2073598 2073598 0 2073598 0 0 0 0 0 2073598 2073598 0 2073600 0 1 12 416714 994560 993600 103548 103358 105222 104586 12 12 12 12 229 4 4 4 4 1920 1080 
[12178.704425] MESSAGE_B= 0 0 0 255 3 4 192 0 248 179 0 3087 3103 3053 3096 3039 3040 2964 3025 436 479 496 444 532 497 556 509 0 12 234 244 241 244 183 178 165 183 0 0 0 0 2 2 2 2 3 4 7638 43828 2073598 0 0 0 0 0 2073598 2073598 0 2073598 0 0 0 0 0 2073598 2073598 0 2073600 0 3 12 415140 990720 993600 103640 102798 104807 103895 12 12 12 12 229 4 4 4 4 1920 1080 
[12178.978437] MESSAGE_B= 0 0 0 255 5 3 192 0 248 179 0 3080 3062 3062 3047 3011 3052 2992 2971 493 533 495 471 547 515 533 533 0 12 241 239 245 244 181 162 174 173 0 0 0 0 2 2 2 2 5 3 13054 15670 2073598 0 0 0 0 0 2073598 2073598 0 2073598 0 0 0 0 0 2073598 2073598 0 2073600 0 2 12 415684 994560 993600 103323 103488 104316 104557 12 12 12 12 228 4 4 4 4 1920 1080 
[12179.252432] MESSAGE_B= 0 0 0 255 4 2 192 0 248 179 0 3115 3100 3105 3097 3051 3035 3062 3024 493 521 487 508 570 537 514 568 0 12 242 242 238 240 178 171 175 178 0 0 0 0 2 2 2 2 4 2 6420 33942 2073598 0 0 0 0 0 2073598 2073598 0 2073598 0 0 0 0 0 2073598 2073598 0 2073600 0 2 12 416204 990720 993600 103522 103376 104485 104821 12 12 12 12 228 4 4 4 4 1920 1080 
[12179.405430] MESSAGE_B= 0 0 0 255 2 3 192 0 248 179 0 3126 3129 3107 3111 3040 3065 3042 3029 507 482 451 490 537 532 487 545 0 12 238 241 244 241 161 176 166 160 0 0 0 0 2 2 2 2 2 3 9270 14344 2073598 0 0 0 0 0 2073598 2073598 0 2073598 0 0 0 0 0 2073598 2073598 0 2073600 0 3 12 416573 994560 993600 103807 103390 104903 104473 12 12 12 12 228 4 4 4 4 1920 1080 
[12179.679422] MESSAGE_B= 0 0 0 255 6 3 192 0 248 179 0 3126 3129 3107 3111 3040 3065 3042 3029 507 482 451 490 537 532 487 545 0 12 238 241 244 241 161 176 166 160 0 0 0 0 2 2 2 2 6 3 9568 31450 2073598 0 0 0 0 0 2073598 2073598 0 2073598 0 0 0 0 0 2073598 2073598 0 2073600 0 2 12 416573 990720 993600 103807 103390 104903 104473 12 12 12 12 228 4 4 4 4 1920 1080 
[12179.953433] MESSAGE_B= 0 0 0 255 6 2 192 0 248 179 0 3089 3109 3087 3085 3043 3045 3032 3037 561 516 498 531 561 551 517 563 0 12 236 233 241 242 163 175 179 171 0 0 0 0 2 2 2 2 6 2 7766 17778 2073598 0 0 0 0 0 2073598 2073598 0 2073598 0 0 0 0 0 2073598 2073598 0 2073600 0 2 12 416020 994560 993600 103374 103019 104971 104656 12 12 12 12 5 4 4 4 4 1920 1080 
[12180.226435] MESSAGE_B= 4 0 0 255 6 2 192 0 248 179 0 3089 3109 3087 3085 3043 3045 3032 3037 561 516 498 531 561 551 517 563 0 12 236 233 241 242 163 175 179 171 0 0 0 0 2 2 2 2 6 2 7258 48956 2073598 0 0 0 0 0 2073598 2073598 0 2073598 0 0 0 0 0 2073598 2073598 0 2073600 0 5 12 416020 990720 993600 103374 103019 104971 104656 12 12 12 12 4 4 4 4 4 1920 1080 
[12180.378431] MESSAGE_B= 0 0 0 255 6 3 192 0 248 179 0 3126 3129 3107 3111 3040 3065 3042 3029 507 482 451 490 537 532 487 545 0 12 238 241 244 241 161 176 166 160 0 0 0 0 2 2 2 2 6 3 7776 17906 2073598 0 0 0 0 0 2073598 2073598 0 2073598 0 0 0 0 0 2073598 2073598 0 2073600 0 2 12 416573 994560 993600 103807 103390 104903 104473 12 12 12 12 4 4 4 4 4 1920 1080 
[12180.651432] MESSAGE_B= 4 0 0 255 6 3 192 0 248 179 0 3126 3129 3107 3111 3040 3065 3042 3029 507 482 451 490 537 532 487 545 0 12 238 241 244 241 161 176 166 160 0 0 0 0 2 2 2 2 6 3 7258 48956 2073598 0 0 0 0 0 2073598 2073598 0 2073598 0 0 0 0 0 2073598 2073598 0 2073600 0 5 12 416573 990720 993600 103807 103390 104903 104473 12 12 12 12 4 4 4 4 4 1920 1080 
[12180.924437] MESSAGE_B= 0 0 0 255 6 2 192 0 248 179 0 3089 3109 3087 3085 3043 3045 3032 3037 561 516 498 531 561 551 517 563 0 12 236 233 241 242 163 175 179 171 0 0 0 0 2 2 2 2 6 2 7802 17702 2073598 0 0 0 0 0 2073598 2073598 0 2073598 0 0 0 0 0 2073598 2073598 0 2073600 0 2 12 416020 994560 993600 103374 103019 104971 104656 12 12 12 12 4 4 4 4 4 1920 1080 
[12181.197426] MESSAGE_B= 4 0 0 255 6 2 192 0 248 179 0 3089 3109 3087 3085 3043 3045 3032 3037 561 516 498 531 561 551 517 563 0 12 236 233 241 242 163 175 179 171 0 0 0 0 2 2 2 2 6 2 7594 48100 2073598 0 0 0 0 0 2073598 2073598 0 2073598 0 0 0 0 0 2073598 2073598 0 2073600 0 5 12 416020 990720 993600 103374 103019 104971 104656 12 12 12 12 4 4 4 4 4 1920 1080 
[12181.470439] MESSAGE_B= 0 0 0 255 6 3 192 0 248 179 0 3126 3129 3107 3111 3040 3065 3042 3029 507 482 451 490 537 532 487 545 0 12 238 241 244 241 161 176 166 160 0 0 0 0 2 2 2 2 6 3 7802 17906 2073598 0 0 0 0 0 2073598 2073598 0 2073598 0 0 0 0 0 2073598 2073598 0 2073600 0 2 12 416573 994560 993600 103807 103390 104903 104473 12 12 12 12 4 4 4 4 4 1920 1080 
[12181.622429] MESSAGE_B= 4 0 0 255 6 2 192 0 248 179 0 3089 3109 3087 3085 3043 3045 3032 3037 561 516 498 531 561 551 517 563 0 12 236 233 241 242 163 175 179 171 0 0 0 0 2 2 2 2 6 2 7594 48956 2073598 0 0 0 0 0 2073598 2073598 0 2073598 0 0 0 0 0 2073598 2073598 0 2073600 0 5 12 416020 990720 993600 103374 103019 104971 104656 12 12 12 12 4 4 4 4 4 1920 1080 
[12181.895433] MESSAGE_B= 0 0 0 255 6 2 192 0 248 179 0 3089 3109 3087 3085 3043 3045 3032 3037 561 516 498 531 561 551 517 563 0 12 236 233 241 242 163 175 179 171 0 0 0 0 2 2 2 2 6 2 7802 18466 2073598 0 0 0 0 0 2073598 2073598 0 2073598 0 0 0 0 0 2073598 2073598 0 2073600 0 2 12 416020 994560 993600 103374 103019 104971 104656 12 12 12 12 4 4 4 4 4 1920 1080 

