[10291.445429] MESSAGE_B= 0 0 0 237 9 1 192 0 248 179 0 1441 1546 1345 1625 1351 1416 996 899 496 616 589 502 777 830 630 685 0 15 140 80 168 104 54 101 42 130 0 0 0 0 2 2 2 2 9 1 85498 31492 2073598 0 0 0 0 0 2073598 2073598 0 2073598 0 0 0 0 0 2073598 2073598 0 2073600 0 1 15 402509 990720 993600 97450 102089 98273 104697 15 15 15 15 73 4 0 0 0 1920 1080 
[10291.718434] MESSAGE_B= 0 0 0 238 2 1 192 0 248 179 0 1484 1559 1436 1675 1139 1396 1151 1133 342 630 571 389 644 840 631 647 0 15 95 152 254 220 86 107 80 134 0 0 0 0 2 2 2 2 2 1 80702 110142 2073598 0 0 0 0 0 2073598 2073598 0 2073598 0 0 0 0 0 2073598 2073598 0 2073600 0 2 15 402396 994560 993600 95828 103612 98801 104155 15 15 15 15 72 4 0 0 0 1920 1080 
[10291.991446] MESSAGE_B= 0 0 0 237 1 1 192 0 248 179 0 1575 1492 1528 1380 990 1376 1338 1034 384 538 599 586 666 822 775 629 0 15 27 172 173 185 127 83 108 57 0 0 0 0 2 2 2 2 1 1 53590 28340 2073598 0 0 0 0 0 2073598 2073598 0 2073598 0 0 0 0 0 2073598 2073598 0 2073600 0 1 15 401705 990720 993600 99383 99695 101096 101531 15 15 15 15 75 4 0 0 0 1920 1080 
[10292.248465] MESSAGE_B= 0 0 0 238 1 1 192 0 248 179 0 1827 1365 1556 1395 854 1292 1419 1085 679 442 629 580 731 724 844 620 0 15 106 146 87 225 140 2 108 59 0 0 0 0 2 2 2 2 1 1 75246 117570 2073598 0 0 0 0 0 2073598 2073598 0 2073598 0 0 0 0 0 2073598 2073598 0 2073600 0 1 15 402277 994560 993600 104310 94940 104246 98781 15 15 15 15 75 4 0 0 0 1920 1080 
[10292.521441] MESSAGE_B= 0 4 0 238 1 1 192 0 248 179 0 1448 1523 1533 1469 1153 993 1386 1210 562 369 589 557 655 651 833 675 0 15 225 33 229 215 78 128 113 86 0 0 0 0 2 2 2 2 1 1 61620 29380 2073598 0 0 0 0 0 2073598 2073598 0 2073598 0 0 0 0 0 2073598 2073598 0 2073600 0 1 15 402069 990720 993600 103244 95975 106059 96791 15 15 15 15 75 4 4 4 4 1920 1080 
[10292.794442] MESSAGE_B= 0 0 0 238 2 1 192 0 248 179 0 1352 1646 1429 1555 992 872 1349 1404 606 505 488 626 641 682 793 842 0 15 134 85 169 102 57 131 59 111 0 0 0 0 2 2 2 2 2 1 117702 112534 2073598 0 0 0 0 0 2073598 2073598 0 2073598 0 0 0 0 0 2073598 2073598 0 2073600 0 2 15 401669 994560 993600 101724 97411 104205 98329 15 15 15 15 72 4 0 0 0 1920 1080 
[10292.946433] MESSAGE_B= 0 0 0 236 1 1 192 0 248 179 0 1383 1818 1338 1550 1121 857 1283 1392 555 690 430 626 616 745 688 831 0 15 144 102 231 86 28 145 45 103 0 0 0 0 2 2 2 2 1 1 83680 30940 2073598 0 0 0 0 0 2073598 2073598 0 2073598 0 0 0 0 0 2073598 2073598 0 2073600 0 1 15 402512 990720 993600 102378 97193 104557 98384 15 15 15 15 71 4 0 0 0 1920 1080 
[10293.219446] MESSAGE_B= 0 4 0 238 3 1 192 0 248 179 0 1485 1423 1537 1525 1236 1113 996 1398 568 563 369 576 694 623 661 826 0 15 18 213 206 213 91 69 128 130 0 0 0 0 2 2 2 2 3 1 87882 110650 2073598 0 0 0 0 0 2073598 2073598 0 2073598 0 0 0 0 0 2073598 2073598 0 2073600 0 2 15 401870 994560 993600 101389 97678 102150 100653 15 15 15 15 72 4 4 4 4 1920 1080 
[10293.492434] MESSAGE_B= 0 0 0 237 2 1 192 0 248 179 0 1555 1358 1653 1424 1409 987 869 1346 624 608 502 488 850 633 687 793 0 15 90 129 106 172 105 56 119 54 0 0 0 0 2 2 2 2 2 1 51904 29942 2073598 0 0 0 0 0 2073598 2073598 0 2073598 0 0 0 0 0 2073598 2073598 0 2073600 0 1 15 401937 990720 993600 96734 102515 99961 102727 15 15 15 15 72 4 0 0 0 1920 1080 
[10293.765435] MESSAGE_B= 0 4 0 239 3 1 192 0 248 179 0 1543 1433 1477 1521 1389 1183 1242 1102 615 533 569 316 815 629 684 631 0 15 241 83 244 244 102 35 93 90 0 0 0 0 2 2 2 2 3 1 90706 109318 2073598 0 0 0 0 0 2073598 2073598 0 2073598 0 0 0 0 0 2073598 2073598 0 2073600 0 2 15 402338 994560 993600 95505 104080 97584 105169 15 15 15 15 73 4 4 4 4 1920 1080 
[10294.038441] MESSAGE_B= 0 0 0 238 4 1 192 0 248 179 0 1465 1537 1354 1570 1356 1394 1004 949 510 616 593 442 782 813 629 672 0 15 154 60 168 129 78 107 40 134 0 0 0 0 2 2 2 2 4 1 64578 31230 2073598 0 0 0 0 0 2073598 2073598 0 2073598 0 0 0 0 0 2073598 2073598 0 2073600 0 1 15 402385 990720 993600 97232 102260 98617 104276 15 15 15 15 73 4 0 0 0 1920 1080 
[10294.190442] MESSAGE_B= 0 0 0 238 3 1 192 0 248 179 0 1404 1561 1356 1667 1340 1405 1003 878 475 629 603 526 783 855 630 703 0 15 128 90 181 106 40 105 62 132 0 0 0 0 2 2 2 2 3 1 88120 108998 2073598 0 0 0 0 0 2073598 2073598 0 2073598 0 0 0 0 0 2073598 2073598 0 2073600 0 2 15 402040 994560 993600 97694 101524 98143 104679 15 15 15 15 73 4 0 0 0 1920 1080 
[10294.463434] MESSAGE_B= 0 4 0 236 1 1 192 0 248 179 0 1532 1546 1460 1479 1076 1388 1184 1236 328 616 552 569 646 831 640 701 0 15 67 241 241 244 115 105 76 100 0 0 0 0 2 2 2 2 1 1 78580 28550 2073598 0 0 0 0 0 2073598 2073598 0 2073598 0 0 0 0 0 2073598 2073598 0 2073600 0 1 15 401754 990720 993600 95633 103365 99332 103424 15 15 15 15 72 4 4 4 4 1920 1080 
[10294.737436] MESSAGE_B= 0 0 0 238 3 1 192 0 248 179 0 1581 1449 1550 1345 915 1345 1418 1004 485 505 626 592 705 767 831 634 0 15 72 150 106 165 134 74 108 43 0 0 0 0 2 2 2 2 3 1 98862 98822 2073598 0 0 0 0 0 2073598 2073598 0 2073598 0 0 0 0 0 2073598 2073598 0 2073600 0 2 15 402242 994560 993600 100649 98815 101620 101158 15 15 15 15 76 4 0 0 0 1920 1080 
[10295.010431] MESSAGE_B= 0 0 0 237 1 1 192 0 248 179 0 1862 1308 1543 1414 1006 1215 1390 1143 547 399 620 559 641 650 826 628 0 15 33 137 163 250 138 84 101 22 0 0 0 0 2 2 2 2 1 1 54994 29618 2073598 0 0 0 0 0 2073598 2073598 0 2073598 0 0 0 0 0 2073598 2073598 0 2073600 0 1 15 402961 990720 993600 104839 94956 104714 98452 15 15 15 15 76 4 0 0 0 1920 1080 
[10295.283444] MESSAGE_B= 0 4 0 238 4 1 192 0 248 179 0 1398 1574 1496 1506 1056 998 1371 1294 582 378 547 578 633 659 818 737 0 15 183 16 195 184 62 128 87 107 0 0 0 0 2 2 2 2 4 1 136496 122400 2073598 0 0 0 0 0 2073598 2073598 0 2073598 0 0 0 0 0 2073598 2073598 0 2073600 0 2 15 401831 994560 993600 102715 96460 104895 97761 15 15 15 15 73 4 4 4 4 1920 1080 
[10295.557434] MESSAGE_B= 0 0 0 238 1 1 192 0 248 179 0 1377 1731 1369 1560 1049 877 1315 1409 592 584 450 629 622 732 748 847 0 15 129 99 205 99 70 138 12 106 0 0 0 0 2 2 2 2 1 1 89086 29238 2073598 0 0 0 0 0 2073598 2073598 0 2073598 0 0 0 0 0 2073598 2073598 0 2073600 0 1 15 402215 990720 993600 101589 97724 104229 98673 15 15 15 15 72 4 0 0 0 1920 1080 
[10295.830432] MESSAGE_B= 0 4 0 238 3 1 192 0 248 179 0 1453 1466 1540 1539 1176 1210 1017 1383 556 563 364 602 643 677 643 832 0 15 47 237 228 241 93 98 124 103 0 0 0 0 2 2 2 2 3 1 76878 110824 2073598 0 0 0 0 0 2073598 2073598 0 2073598 0 0 0 0 0 2073598 2073598 0 2073600 0 2 15 401838 994560 993600 102478 96666 102983 99711 15 15 15 15 71 4 4 4 4 1920 1080 
[10295.982430] MESSAGE_B= 0 0 0 238 4 1 192 0 248 179 0 1527 1377 1574 1492 1339 1034 990 1377 600 585 384 538 775 630 666 819 0 15 26 173 174 185 107 57 128 81 0 0 0 0 2 2 2 2 4 1 53582 28370 2073598 0 0 0 0 0 2073598 2073598 0 2073598 0 0 0 0 0 2073598 2073598 0 2073600 0 1 15 401643 990720 993600 99670 99355 101536 101082 15 15 15 15 71 4 0 0 0 1920 1080 
[10296.255443] MESSAGE_B= 0 0 0 238 2 1 192 0 248 179 0 1557 1397 1825 1364 1410 1086 850 1292 629 579 681 444 847 622 732 725 0 15 106 145 89 225 108 59 138 4 0 0 0 0 2 2 2 2 2 1 69248 113118 2073598 0 0 0 0 0 2073598 2073598 0 2073598 0 0 0 0 0 2073598 2073598 0 2073600 0 2 15 402319 994560 993600 94965 104304 98798 104252 15 15 15 15 71 4 0 0 0 1920 1080 
[10296.528443] MESSAGE_B= 0 4 0 236 2 1 192 0 248 179 0 1533 1470 1448 1526 1387 1211 1155 993 591 558 565 373 831 676 657 652 0 15 225 31 229 215 114 87 80 127 0 0 0 0 2 2 2 2 2 1 59494 27110 2073598 0 0 0 0 0 2073598 2073598 0 2073598 0 0 0 0 0 2073598 2073598 0 2073600 0 1 15 402055 990720 993600 96000 103229 96772 106054 15 15 15 15 73 4 4 4 4 1920 1080 
[10296.801449] MESSAGE_B= 0 0 0 238 3 1 192 0 248 179 0 1429 1541 1347 1646 1348 1402 1001 880 485 617 591 510 769 826 634 680 0 15 131 85 167 101 52 104 44 127 0 0 0 0 2 2 2 2 3 1 113480 117544 2073598 0 0 0 0 0 2073598 2073598 0 2073598 0 0 0 0 0 2073598 2073598 0 2073600 0 2 15 402298 994560 993600 97408 102106 98213 104571 15 15 15 15 73 4 0 0 0 1920 1080 
[10297.075435] MESSAGE_B= 0 4 0 238 1 1 192 0 248 179 0 1503 1549 1418 1585 1138 1385 1168 1196 309 624 542 451 639 811 629 656 0 15 94 218 251 234 79 102 33 117 0 0 0 0 2 2 2 2 1 1 78942 26894 2073598 0 0 0 0 0 2073598 2073598 0 2073598 0 0 0 0 0 2073598 2073598 0 2073600 0 1 15 403029 990720 993600 95820 104155 98554 104500 15 15 15 15 72 4 4 4 4 1920 1080 
[10297.349435] MESSAGE_B= 0 0 0 238 2 1 192 0 248 179 0 1576 1469 1531 1356 957 1360 1378 999 416 518 608 581 666 808 801 616 0 15 56 159 143 176 128 81 115 55 0 0 0 0 2 2 2 2 2 1 89222 107940 2073598 0 0 0 0 0 2073598 2073598 0 2073598 0 0 0 0 0 2073598 2073598 0 2073600 0 2 15 401653 994560 993600 100141 98872 101305 101335 15 15 15 15 74 4 0 0 0 1920 1080 
[10297.622437] MESSAGE_B= 0 0 0 238 1 1 192 0 248 179 0 1823 1329 1560 1410 865 1258 1403 1108 665 428 631 573 735 696 849 619 0 15 88 134 97 238 132 30 106 67 0 0 0 0 2 2 2 2 1 1 51764 27404 2073598 0 0 0 0 0 2073598 2073598 0 2073598 0 0 0 0 0 2073598 2073598 0 2073600 0 1 15 402139 990720 993600 104542 94693 104072 98832 15 15 15 15 75 4 0 0 0 1920 1080 
[10297.774438] MESSAGE_B= 0 4 0 238 2 1 192 0 248 179 0 1480 1521 1543 1433 1241 1101 1387 1182 567 317 616 534 683 631 814 628 0 15 241 84 244 245 94 92 101 36 0 0 0 0 2 2 2 2 2 1 115662 114836 2073598 0 0 0 0 0 2073598 2073598 0 2073598 0 0 0 0 0 2073598 2073598 0 2073600 0 2 15 402313 994560 993600 104076 95485 105191 97561 15 15 15 15 75 4 4 4 4 1920 1080 
[10298.047436] MESSAGE_B= 0 0 0 238 2 1 192 0 248 179 0 1355 1570 1465 1536 1002 949 1356 1395 592 443 513 617 630 670 783 813 0 15 153 60 168 129 44 135 75 108 0 0 0 0 2 2 2 2 2 1 83022 30788 2073598 0 0 0 0 0 2073598 2073598 0 2073598 0 0 0 0 0 2073598 2073598 0 2073600 0 1 15 402371 990720 993600 102234 97248 104285 98604 15 15 15 15 73 4 0 0 0 1920 1080 
[10298.199468] MESSAGE_B= 0 0 0 238 2 1 192 0 248 179 0 1353 1684 1383 1545 1029 890 1322 1410 576 553 458 621 613 708 745 830 0 15 133 92 192 102 47 143 16 99 0 0 0 0 2 2 2 2 2 1 83022 30788 2073598 0 0 0 0 0 2073598 2073598 0 2073598 0 0 0 0 0 2073598 2073598 0 2073600 0 1 15 402820 990720 993600 101659 98148 104692 98321 15 15 15 15 72 4 0 0 0 1920 1080 
[10298.352440] MESSAGE_B= 0 0 0 238 3 1 192 0 248 179 0 1428 1811 1362 1541 1124 1042 1173 1389 573 463 354 624 614 630 649 837 0 15 115 0 253 185 75 126 22 109 0 0 0 0 2 2 2 2 3 1 83022 30788 2073598 0 0 0 0 0 2073598 2073598 0 2073598 0 0 0 0 0 2073598 2073598 0 2073600 0 1 15 401837 990720 993600 102483 96660 104040 98654 15 15 15 15 71 4 0 0 0 1920 1080 
[10298.504433] MESSAGE_B= 0 4 0 238 3 1 192 0 248 179 0 1448 1456 1516 1521 1191 1193 1004 1381 545 558 365 590 653 661 641 811 0 15 50 229 221 234 45 88 121 93 0 0 0 0 2 2 2 2 3 1 77662 108160 2073598 0 0 0 0 0 2073598 2073598 0 2073598 0 0 0 0 0 2073598 2073598 0 2073600 0 2 15 402610 994560 993600 102284 97306 102600 100420 15 15 15 15 71 4 4 4 4 1920 1080 
[10298.657433] MESSAGE_B= 0 0 0 238 3 1 192 0 248 179 0 1528 1374 1577 1494 1338 1036 990 1375 598 581 385 538 775 630 666 819 0 15 27 174 174 185 106 55 125 77 0 0 0 0 2 2 2 2 3 1 77662 108160 2073598 0 0 0 0 0 2073598 2073598 0 2073598 0 0 0 0 0 2073598 2073598 0 2073600 0 2 15 401775 994560 993600 99712 99326 101590 101147 15 15 15 15 71 4 0 0 0 1920 1080 
[10299.172450] MESSAGE_B= 0 4 0 238 2 1 192 0 248 179 0 1523 1447 1451 1516 1385 1192 1194 1004 589 543 558 360 807 655 660 641 0 15 228 49 234 221 91 45 88 123 0 0 0 0 2 2 2 2 2 1 58852 29592 2073598 0 0 0 0 0 2073598 2073598 0 2073598 0 0 0 0 0 2073598 2073598 0 2073600 0 1 15 402591 990720 993600 96175 103507 96514 106395 15 15 15 15 73 4 4 4 4 1920 1080 
[10299.324426] MESSAGE_B= 0 0 0 238 4 1 192 0 248 179 0 1489 1521 1365 1577 1371 1334 1030 985 535 593 578 386 815 771 621 661 0 15 175 29 184 172 85 108 58 128 0 0 0 0 2 2 2 2 4 1 127508 110682 2073598 0 0 0 0 0 2073598 2073598 0 2073598 0 0 0 0 0 2073598 2073598 0 2073600 0 2 15 401800 994560 993600 97026 102092 98255 104427 15 15 15 15 73 4 0 0 0 1920 1080 
[10299.597432] MESSAGE_B= 0 0 0 237 2 1 192 0 248 179 0 1337 1550 1382 1819 1288 1394 1124 854 429 627 554 692 686 828 613 746 0 15 144 103 231 86 43 99 27 145 0 0 0 0 2 2 2 2 2 1 80094 29258 2073598 0 0 0 0 0 2073598 2073598 0 2073598 0 0 0 0 0 2073598 2073598 0 2073600 0 1 15 402063 990720 993600 96773 102317 98225 104748 15 15 15 15 73 4 0 0 0 1920 1080 
[10299.870439] MESSAGE_B= 0 0 0 238 1 1 192 0 248 179 0 1522 1518 1457 1434 994 1384 1215 1130 371 579 545 557 645 811 677 623 0 15 32 216 210 219 122 118 50 75 0 0 0 2 2 2 2 2 1 1 87600 105188 2073598 0 0 0 0 0 2073598 2073598 0 2073598 0 0 0 0 0 2073598 2073598 0 2073600 0 1 15 402444 994560 993600 97536 101991 100822 102095 15 15 15 15 72 4 0 0 0 1920 1080 
[10300.143429] MESSAGE_B= 0 0 0 239 3 1 192 0 248 179 0 1639 1427 1544 1346 899 1346 1414 999 507 486 620 595 691 772 826 636 0 15 81 133 105 168 137 58 105 45 0 0 0 0 2 2 2 2 3 1 51660 33782 2073598 0 0 0 0 0 2073598 2073598 0 2073598 0 0 0 0 0 2073598 2073598 0 2073600 0 1 15 402716 990720 993600 102520 97132 102770 100294 15 15 15 15 74 4 0 0 0 1920 1080 
[10300.416438] MESSAGE_B= 0 4 0 236 6 1 192 0 248 179 0 1488 1548 1551 1457 1233 1099 1395 1170 558 330 629 550 693 644 835 635 0 15 242 82 245 249 102 111 108 84 0 0 0 0 2 2 2 2 6 1 78370 119138 2073598 0 0 0 0 0 2073598 2073598 0 2073598 0 0 0 0 0 2073598 2073598 0 2073600 0 2 15 401988 994560 993600 103485 95708 104962 97833 15 15 15 15 74 4 4 4 4 1920 1080 
[10300.568431] MESSAGE_B= 0 4 0 238 8 1 192 0 248 179 0 1410 1541 1506 1473 1104 996 1390 1245 557 375 566 556 618 647 806 696 0 15 204 21 207 202 62 124 110 59 0 0 0 0 2 2 2 2 8 1 63748 33924 2073598 0 0 0 0 0 2073598 2073598 0 2073598 0 0 0 0 0 2073598 2073598 0 2073600 0 1 15 402474 990720 993600 103004 96592 105730 97148 15 15 15 15 74 4 4 4 4 1920 1080 
[10300.841429] MESSAGE_B= 0 0 0 238 1 1 192 0 248 179 0 1330 1664 1400 1532 995 887 1341 1405 581 518 481 615 620 680 765 825 0 15 121 92 166 102 45 131 34 102 0 0 0 0 2 2 2 2 1 1 96938 113626 2073598 0 0 0 0 0 2073598 2073598 0 2073598 0 0 0 0 0 2073598 2073598 0 2073600 0 1 15 402148 994560 993600 102139 97150 104702 98157 15 15 15 15 71 4 0 0 0 1920 1080 
[10301.114439] MESSAGE_B= 0 4 4 238 1 1 192 0 248 179 0 1461 1476 1534 1545 1181 1240 1077 1391 554 568 331 614 641 703 645 833 0 15 68 241 240 243 77 100 115 104 0 0 0 0 2 2 2 2 1 1 82978 31762 2073598 0 0 0 0 0 2073598 2073598 0 2073598 0 0 0 0 0 2073598 2073598 0 2073600 0 1 15 401903 990720 993600 103369 95711 103413 99410 15 15 15 15 71 4 4 4 4 1920 1080 
[10301.387431] MESSAGE_B= 0 0 4 238 6 1 192 0 248 179 0 1552 1364 1577 1460 1411 988 919 1353 631 601 460 507 845 641 688 798 0 15 77 149 116 169 114 54 130 77 0 0 0 0 2 2 2 2 6 1 88198 111702 2073598 0 0 0 0 0 2073598 2073598 0 2073598 0 0 0 0 0 2073598 2073598 0 2073600 0 2 15 401886 994560 993600 98557 100512 101126 101691 15 15 15 15 71 4 0 0 0 1920 1080 
[10301.660427] MESSAGE_B= 0 0 4 238 2 1 192 0 248 179 0 1557 1419 1859 1297 1399 1121 961 1218 629 578 582 427 843 622 685 669 0 15 59 125 141 247 108 70 139 53 0 0 0 0 2 2 2 2 2 1 52448 30426 2073598 0 0 0 0 0 2073598 2073598 0 2073598 0 0 0 0 0 2073598 2073598 0 2073600 0 1 15 402128 990720 993600 94650 104622 98537 104319 15 15 15 15 72 4 0 0 0 1920 1080 
[10301.812431] MESSAGE_B= 0 4 4 238 3 1 192 0 248 179 0 1532 1446 1472 1525 1379 1174 1244 1047 603 536 559 336 810 637 687 632 0 15 239 70 243 235 97 43 97 107 0 0 0 0 2 2 2 2 3 1 124104 112706 2073598 0 0 0 0 0 2073598 2073598 0 2073598 0 0 0 0 0 2073598 2073598 0 2073600 0 2 15 402495 994560 993600 95689 103885 96909 106012 15 15 15 15 72 4 4 4 4 1920 1080 
[10302.085433] MESSAGE_B= 0 0 0 238 2 1 192 0 248 179 0 1448 1558 1354 1601 1351 1404 992 869 502 628 606 484 798 852 637 688 0 15 147 80 170 101 71 111 55 117 0 0 0 0 2 2 2 2 2 1 87008 29842 2073598 0 0 0 0 0 2073598 2073598 0 2073598 0 0 0 0 0 2073598 2073598 0 2073600 0 1 15 402013 990720 993600 97120 102105 98222 104566 15 15 15 15 73 4 0 0 0 1920 1080 
[10302.358436] MESSAGE_B= 0 0 0 238 2 1 192 0 248 179 0 1362 1541 1428 1811 1173 1389 1123 1042 354 624 572 460 649 837 614 630 0 15 115 0 253 185 21 109 75 127 0 0 0 0 2 2 2 2 2 1 73994 102276 2073598 0 0 0 0 0 2073598 2073598 0 2073598 0 0 0 0 0 2073598 2073598 0 2073600 0 2 15 401856 994560 993600 96656 102480 98661 104059 15 15 15 15 73 4 0 0 0 1920 1080 
[10302.631426] MESSAGE_B= 0 0 0 238 2 1 192 0 248 179 0 1572 1494 1502 1384 999 1372 1305 1050 380 544 577 568 651 799 755 607 0 15 12 178 183 189 129 68 70 50 0 0 0 0 2 2 2 2 2 1 63582 28242 2073598 0 0 0 0 0 2073598 2073598 0 2073598 0 0 0 0 0 2073598 2073598 0 2073600 0 1 15 402335 990720 993600 99392 100072 101019 101852 15 15 15 15 75 4 0 0 0 1920 1080 
[10302.904433] MESSAGE_B= 0 0 0 237 4 1 192 0 248 179 0 1768 1362 1544 1381 878 1316 1404 1091 637 444 625 565 726 713 825 619 0 15 101 137 91 214 151 22 102 23 0 0 0 0 2 2 2 2 4 1 88056 101990 2073598 0 0 0 0 0 2073598 2073598 0 2073598 0 0 0 0 0 2073598 2073598 0 2073600 0 2 15 402341 994560 993600 104337 95067 104008 98929 15 15 15 15 75 4 0 0 0 1920 1080 
[10303.056424] MESSAGE_B= 0 0 0 238 2 1 192 0 248 179 0 1671 1487 1559 1438 1129 1138 1394 1152 386 344 631 572 643 643 840 632 0 15 152 95 220 254 132 88 108 80 0 0 0 0 2 2 2 2 2 1 61250 29476 2073598 0 0 0 0 0 2073598 2073598 0 2073598 0 0 0 0 0 2073598 2073598 0 2073600 0 1 15 402229 990720 993600 104045 95189 104511 98484 15 15 15 15 75 4 0 0 0 1920 1080 
[10303.329431] MESSAGE_B= 0 0 0 238 2 1 192 0 248 179 0 1365 1575 1488 1521 1031 985 1370 1334 579 384 537 594 620 661 815 771 0 15 176 29 184 172 58 129 85 109 0 0 0 0 2 2 2 2 2 1 129632 110844 2073598 0 0 0 0 0 2073598 2073598 0 2073598 0 0 0 0 0 2073598 2073598 0 2073600 0 2 15 401806 994560 993600 102103 97036 104423 98244 15 15 15 15 74 4 0 0 0 1920 1080 
[10303.602432] MESSAGE_B= 0 0 0 237 1 1 192 0 248 179 0 1383 1822 1337 1550 1119 853 1286 1392 555 692 432 624 615 744 689 828 0 15 144 105 232 86 25 145 43 100 0 0 0 0 2 2 2 2 1 1 88580 28410 2073598 0 0 0 0 0 2073598 2073598 0 2073598 0 0 0 0 0 2073598 2073598 0 2073600 0 1 15 402550 990720 993600 102377 97263 104548 98362 15 15 15 15 72 4 0 0 0 1920 1080 
[10303.875427] MESSAGE_B= 0 0 0 238 6 1 192 0 248 179 0 1455 1432 1521 1517 1217 1130 993 1384 546 558 373 579 677 623 642 812 0 15 35 216 211 219 51 75 123 117 0 0 0 2 2 2 2 2 6 1 92702 105446 2073598 0 0 0 0 0 2073598 2073598 0 2073598 0 0 0 0 0 2073598 2073598 0 2073600 0 2 15 402426 994560 993600 101993 97515 102106 100812 15 15 15 15 71 4 0 0 0 1920 1080 
[10304.027425] MESSAGE_B= 0 0 0 238 3 1 192 0 248 179 0 1543 1367 1580 1480 1384 1007 966 1371 618 589 418 523 807 631 680 814 0 15 52 161 144 177 115 54 128 78 0 0 0 0 2 2 2 2 3 1 51252 28586 2073598 0 0 0 0 0 2073598 2073598 0 2073598 0 0 0 0 0 2073598 2073598 0 2073600 0 1 15 402042 990720 993600 98998 100204 101415 101425 15 15 15 15 71 4 0 0 0 1920 1080 
[10304.300436] MESSAGE_B= 0 0 0 238 4 1 192 0 248 179 0 1548 1387 1885 1296 1386 1132 912 1253 621 548 671 422 824 613 694 665 0 15 79 132 115 243 102 28 138 83 0 0 0 0 2 2 2 2 4 1 69246 110280 2073598 0 0 0 0 0 2073598 2073598 0 2073598 0 0 0 0 0 2073598 2073598 0 2073600 0 2 15 402608 994560 993600 94693 104921 98761 104233 15 15 15 15 72 4 0 0 0 1920 1080 
[10304.573427] MESSAGE_B= 0 4 0 238 1 1 192 0 248 179 0 1505 1473 1410 1541 1387 1245 1098 996 567 556 555 377 809 698 615 648 0 15 204 20 207 202 115 57 63 124 0 0 0 0 2 2 2 2 1 1 61464 29784 2073598 0 0 0 0 0 2073598 2073598 0 2073598 0 0 0 0 0 2073598 2073598 0 2073600 0 1 15 402531 990720 993600 96609 103013 97166 105743 15 15 15 15 73 4 4 4 4 1920 1080 
[10304.846425] MESSAGE_B= 0 0 0 238 2 1 192 0 248 179 0 1401 1532 1330 1664 1340 1405 995 887 480 615 581 517 766 825 620 680 0 15 120 92 166 102 33 102 45 131 0 0 0 0 2 2 2 2 2 1 101882 115430 2073598 0 0 0 0 0 2073598 2073598 0 2073598 0 0 0 0 0 2073598 2073598 0 2073600 0 2 15 402141 994560 993600 97145 102134 98162 104700 15 15 15 15 73 4 0 0 0 1920 1080 
[10305.119440] MESSAGE_B= 0 4 0 238 1 1 192 0 248 179 0 1534 1547 1460 1476 1075 1389 1181 1239 324 616 553 571 646 833 639 702 0 15 68 241 241 244 117 106 76 99 0 0 0 0 2 2 2 2 1 1 77728 29280 2073598 0 0 0 0 0 2073598 2073598 0 2073598 0 0 0 0 0 2073598 2073598 0 2073600 0 1 15 401945 990720 993600 95722 103391 99403 103429 15 15 15 15 72 4 4 4 4 1920 1080 
[10305.271427] MESSAGE_B= 4 4 0 238 10 1 192 0 248 179 0 1553 1499 1484 1398 995 1368 1271 1075 378 554 565 561 646 794 717 621 0 15 5 190 189 193 129 95 67 57 0 0 0 0 2 2 2 2 10 1 88492 100992 2073598 0 0 0 0 0 2073598 2073598 0 2073598 0 0 0 0 0 2073598 2073598 0 2073600 0 4 15 402486 994560 993600 98883 100760 101115 101728 15 15 15 15 74 4 4 4 4 1920 1080 
[10305.544425] MESSAGE_B= 0 0 0 238 2 1 192 0 248 179 0 1686 1393 1546 1358 893 1318 1408 1026 555 458 622 580 707 749 834 614 0 15 92 135 102 191 144 27 101 50 0 0 0 0 2 2 2 2 2 1 52016 27752 2073598 0 0 0 0 0 2073598 2073598 0 2073598 0 0 0 0 0 2073598 2073598 0 2073600 0 1 15 402467 990720 993600 104061 95508 103462 99436 15 15 15 15 75 4 0 0 0 1920 1080 
[10305.817433] MESSAGE_B= 0 4 4 238 3 1 192 0 248 179 0 1467 1531 1539 1450 1210 1018 1384 1177 565 347 602 553 678 642 832 643 0 15 237 43 241 228 95 123 104 88 0 0 0 0 2 2 2 2 3 1 115644 114726 2073598 0 0 0 0 0 2073598 2073598 0 2073598 0 0 0 0 0 2073598 2073598 0 2073600 0 2 15 401916 994560 993600 103495 95712 105985 96724 15 15 15 15 75 4 4 4 4 1920 1080 
[10306.090433] MESSAGE_B= 0 0 4 238 2 1 192 0 248 179 0 1353 1601 1448 1559 993 867 1353 1405 605 485 502 626 641 687 798 851 0 15 145 81 170 101 55 115 68 112 0 0 0 0 2 2 2 2 2 1 81176 27914 2073598 0 0 0 0 0 2073598 2073598 0 2073598 0 0 0 0 0 2073598 2073598 0 2073600 0 1 15 401954 990720 993600 102099 97107 104573 98175 15 15 15 15 73 4 0 0 0 1920 1080 
[10306.363428] MESSAGE_B= 0 0 4 238 3 1 192 0 248 179 0 1428 1811 1362 1541 1124 1042 1173 1389 573 463 354 624 614 630 649 837 0 15 115 0 253 185 75 127 22 109 0 0 0 0 2 2 2 2 3 1 80814 109616 2073598 0 0 0 0 0 2073598 2073598 0 2073598 0 0 0 0 0 2073598 2073598 0 2073600 0 2 15 401847 994560 993600 102482 96658 104050 98657 15 15 15 15 71 4 0 0 0 1920 1080 
[10306.515425] MESSAGE_B= 0 4 4 238 3 1 192 0 248 179 0 1470 1448 1524 1535 1210 1155 993 1386 558 564 371 590 673 657 652 832 0 15 32 225 215 229 86 79 128 116 0 0 0 0 2 2 2 2 3 1 67122 26726 2073598 0 0 0 0 0 2073598 2073598 0 2073598 0 0 0 0 0 2073598 2073598 0 2073600 0 1 15 402393 990720 993600 101879 97433 102210 100871 15 15 15 15 71 4 4 4 4 1920 1080 
[10306.788429] MESSAGE_B= 0 0 0 238 3 1 192 0 248 179 0 1555 1352 1646 1430 1399 990 862 1348 623 606 504 487 843 639 678 795 0 15 87 134 101 170 110 57 126 58 0 0 0 0 2 2 2 2 3 1 96692 111366 2073598 0 0 0 0 0 2073598 2073598 0 2073598 0 0 0 0 0 2073598 2073598 0 2073600 0 2 15 401913 994560 993600 97378 101738 100423 102374 15 15 15 15 71 4 0 0 0 1920 1080 
[10307.061427] MESSAGE_B= 0 0 0 238 2 1 192 0 248 179 0 1559 1438 1676 1486 1395 1152 1132 1139 632 570 391 346 838 632 642 643 0 15 154 95 219 254 108 80 132 88 0 0 0 0 2 2 2 2 2 1 59326 25582 2073598 0 0 0 0 0 2073598 2073598 0 2073598 0 0 0 0 0 2073598 2073598 0 2073600 0 1 15 402155 990720 993600 95187 104026 98452 104490 15 15 15 15 72 4 0 0 0 1920 1080 
[10307.334435] MESSAGE_B= 0 0 0 238 1 1 192 0 248 179 0 1469 1508 1357 1566 1360 1334 1026 966 520 593 567 403 787 771 611 645 0 15 160 35 176 157 70 84 44 136 0 0 0 0 2 2 2 2 1 1 132386 114040 2073598 0 0 0 0 0 2073598 2073598 0 2073598 0 0 0 0 0 2073598 2073598 0 2073600 0 1 15 402311 994560 993600 97233 102263 98190 104625 15 15 15 15 73 4 0 0 0 1920 1080 
[10307.607422] MESSAGE_B= 0 0 0 237 3 1 192 0 248 179 0 1337 1549 1382 1818 1287 1394 1124 854 429 626 553 692 687 828 613 746 0 15 144 103 231 86 42 99 25 146 0 0 0 0 2 2 2 2 3 1 91294 28554 2073598 0 0 0 0 0 2073598 2073598 0 2073598 0 0 0 0 0 2073598 2073598 0 2073600 0 1 15 402549 990720 993600 97281 102369 98361 104538 15 15 15 15 73 4 0 0 0 1920 1080 
[10307.759428] MESSAGE_B= 0 4 0 238 4 1 192 0 248 179 0 1550 1552 1447 1490 1098 1396 1171 1232 328 626 562 555 643 836 635 693 0 15 80 242 248 245 115 107 79 98 0 0 0 0 2 2 2 2 4 1 81178 109870 2073598 0 0 0 0 0 2073598 2073598 0 2073598 0 0 0 0 0 2073598 2073598 0 2073600 0 2 15 402161 994560 993600 95371 103954 98898 103938 15 15 15 15 73 4 4 4 4 1920 1080 
[10308.032434] MESSAGE_B= 0 0 0 238 5 1 192 0 248 179 0 1570 1466 1536 1354 949 1358 1395 1010 442 511 618 593 671 781 812 629 0 15 60 154 128 168 134 76 107 40 0 0 0 0 2 2 2 2 5 1 50812 27536 2073598 0 0 0 0 0 2073598 2073598 0 2073598 0 0 0 0 0 2073598 2073598 0 2073600 0 1 15 402469 990720 993600 100779 98759 101640 101291 15 15 15 15 75 4 0 0 0 1920 1080 
[10308.305427] MESSAGE_B= 0 0 0 238 2 1 192 0 248 179 0 1886 1295 1547 1386 912 1253 1386 1132 673 423 622 548 692 666 822 613 0 15 78 132 114 242 138 82 102 29 0 0 0 0 2 2 2 2 2 1 67942 119112 2073598 0 0 0 0 0 2073598 2073598 0 2073598 0 0 0 0 0 2073598 2073598 0 2073600 0 2 15 402579 994560 993600 104925 94685 104225 98744 15 15 15 15 75 4 0 0 0 1920 1080 
[10308.578424] MESSAGE_B= 0 4 0 238 8 1 192 0 248 179 0 1410 1542 1508 1474 1103 995 1391 1245 556 378 565 557 616 648 805 696 0 15 204 22 207 202 63 124 110 59 0 0 0 0 2 2 2 2 8 1 58064 32496 2073598 0 0 0 0 0 2073598 2073598 0 2073598 0 0 0 0 0 2073598 2073598 0 2073600 0 1 15 402524 990720 993600 103030 96614 105736 97144 15 15 15 15 74 4 4 4 4 1920 1080 
[10308.851429] MESSAGE_B= 0 0 0 238 1 1 192 0 248 179 0 1344 1662 1398 1549 993 894 1331 1413 590 521 468 624 620 699 777 840 0 15 127 96 179 103 61 137 44 108 0 0 0 0 2 2 2 2 1 1 111958 114120 2073598 0 0 0 0 0 2073598 2073598 0 2073598 0 0 0 0 0 2073598 2073598 0 2073600 0 1 15 401659 994560 993600 101413 97584 104636 98026 15 15 15 15 71 4 0 0 0 1920 1080 
[10309.003431] MESSAGE_B= 0 0 0 237 3 1 192 0 248 179 0 1415 1863 1309 1543 1147 1007 1217 1390 559 548 400 619 625 641 649 825 0 15 137 34 250 164 20 138 82 102 0 0 0 0 2 2 2 2 3 1 79258 31906 2073598 0 0 0 0 0 2073598 2073598 0 2073598 0 0 0 0 0 2073598 2073598 0 2073600 0 1 15 402845 990720 993600 102342 97526 104588 98389 15 15 15 15 71 4 0 0 0 1920 1080 
[10309.276427] MESSAGE_B= 0 4 0 238 3 1 192 0 248 179 0 1485 1398 1554 1498 1270 1075 996 1367 565 561 376 553 719 623 646 795 0 15 4 190 189 193 65 57 129 96 0 0 0 0 2 2 2 2 3 1 90522 114576 2073598 0 0 0 0 0 2073598 2073598 0 2073598 0 0 0 0 0 2073598 2073598 0 2073600 0 2 15 402487 994560 993600 100742 98895 101743 101107 15 15 15 15 71 4 4 4 4 1920 1080 
[10309.549429] MESSAGE_B= 0 0 0 238 4 1 192 0 248 179 0 1560 1377 1731 1369 1409 1049 877 1314 628 589 582 449 846 621 732 749 0 15 99 128 98 205 107 70 138 13 0 0 0 0 2 2 2 2 4 1 53342 30492 2073598 0 0 0 0 0 2073598 2073598 0 2073598 0 0 0 0 0 2073598 2073598 0 2073600 0 1 15 401790 990720 993600 94994 104037 99418 103341 15 15 15 15 71 4 0 0 0 1920 1080 
[10309.822430] MESSAGE_B= 0 4 0 238 5 1 192 0 248 179 0 1540 1449 1466 1531 1384 1177 1209 1018 600 555 563 348 833 642 679 642 0 15 237 45 240 228 103 89 97 124 0 0 0 0 2 2 2 2 5 1 104174 111930 2073598 0 0 0 0 0 2073598 2073598 0 2073598 0 0 0 0 0 2073598 2073598 0 2073600 0 2 15 401899 994560 993600 95727 103468 96721 105983 15 15 15 15 73 4 4 4 4 1920 1080 
[10310.095425] MESSAGE_B= 0 0 0 238 2 1 192 0 248 179 0 1448 1558 1354 1601 1351 1404 992 869 502 628 606 484 798 852 637 688 0 15 147 80 170 101 71 111 55 117 0 0 0 0 2 2 2 2 2 1 76558 31420 2073598 0 0 0 0 0 2073598 2073598 0 2073598 0 0 0 0 0 2073598 2073598 0 2073600 0 1 15 402012 990720 993600 97121 102103 98222 104566 15 15 15 15 73 4 0 0 0 1920 1080 
[10310.247432] MESSAGE_B= 0 0 0 238 2 1 192 0 248 179 0 1366 1555 1398 1826 1293 1410 1086 849 442 630 578 680 726 847 621 731 0 15 145 106 225 89 2 109 59 138 0 0 0 0 2 2 2 2 2 1 78578 108576 2073598 0 0 0 0 0 2073598 2073598 0 2073598 0 0 0 0 0 2073598 2073598 0 2073600 0 2 15 402217 994560 993600 96835 102361 98307 104714 15 15 15 15 73 4 0 0 0 1920 1080 
[10310.520424] MESSAGE_B= 0 4 0 238 2 1 192 0 248 179 0 1520 1533 1468 1446 992 1381 1211 1144 368 590 559 565 652 833 673 654 0 15 34 225 216 229 127 116 86 80 0 0 0 0 2 2 2 2 2 1 73452 29298 2073598 0 0 0 0 0 2073598 2073598 0 2073598 0 0 0 0 0 2073598 2073598 0 2073600 0 1 15 402374 990720 993600 97421 101864 100876 102213 15 15 15 15 72 4 4 4 4 1920 1080 
[10310.793436] MESSAGE_B= 0 0 0 238 8 1 192 0 248 179 0 1646 1429 1555 1353 862 1348 1400 992 505 488 625 604 679 794 843 638 0 15 86 134 101 170 125 59 111 58 0 0 0 0 2 2 2 2 8 1 99696 98610 2073598 0 0 0 0 0 2073598 2073598 0 2073598 0 0 0 0 0 2073598 2073598 0 2073600 0 2 15 401882 994560 993600 101729 97355 102373 100425 15 15 15 15 75 4 0 0 0 1920 1080 
[10311.066426] MESSAGE_B= 0 4 0 238 4 1 192 0 248 179 0 1587 1497 1550 1416 1196 1136 1385 1168 447 305 624 543 656 640 812 627 0 15 219 92 234 251 117 81 102 30 0 0 0 0 2 2 2 2 4 1 55220 28882 2073598 0 0 0 0 0 2073598 2073598 0 2073598 0 0 0 0 0 2073598 2073598 0 2073600 0 1 15 402523 990720 993600 103913 95648 104909 98053 15 15 15 15 75 4 4 4 4 1920 1080 
[10311.218437] MESSAGE_B= 0 4 0 238 2 1 192 0 248 179 0 1424 1536 1526 1484 1114 995 1397 1236 564 370 578 567 623 663 827 695 0 15 212 19 214 206 70 128 130 91 0 0 0 0 2 2 2 2 2 1 136514 118820 2073598 0 0 0 0 0 2073598 2073598 0 2073598 0 0 0 0 0 2073598 2073598 0 2073600 0 2 15 402079 994560 993600 102950 96224 105601 97304 15 15 15 15 75 4 4 4 4 1920 1080 
[10311.491424] MESSAGE_B= 0 0 0 236 3 1 192 0 248 179 0 1358 1652 1424 1553 985 869 1346 1409 609 500 488 624 635 687 794 851 0 15 129 91 171 106 56 119 54 105 0 0 0 0 2 2 2 2 3 1 87792 29228 2073598 0 0 0 0 0 2073598 2073598 0 2073598 0 0 0 0 0 2073598 2073598 0 2073600 0 1 15 401860 990720 993600 101870 97157 104499 98334 15 15 15 15 72 4 0 0 0 1920 1080 
[10311.764426] MESSAGE_B= 0 4 4 238 1 1 192 0 248 179 0 1432 1478 1521 1544 1183 1242 1102 1386 534 568 317 615 628 684 631 815 0 15 83 241 245 243 39 94 92 102 0 0 0 0 2 2 2 2 1 1 78698 111846 2073598 0 0 0 0 0 2073598 2073598 0 2073598 0 0 0 0 0 2073598 2073598 0 2073600 0 1 15 402420 994560 993600 103767 95773 103540 99340 15 15 15 15 72 4 4 4 4 1920 1080 
[10312.037428] MESSAGE_B= 0 0 4 238 3 1 192 0 248 179 0 1538 1354 1571 1465 1394 1009 948 1358 617 593 442 511 813 629 672 780 0 15 60 154 129 168 107 40 134 77 0 0 0 0 2 2 2 2 3 1 51794 28816 2073598 0 0 0 0 0 2073598 2073598 0 2073598 0 0 0 0 0 2073598 2073598 0 2073600 0 1 15 402447 990720 993600 98742 100748 101311 101646 15 15 15 15 72 4 0 0 0 1920 1080 
[10312.310426] MESSAGE_B= 0 0 4 238 4 1 192 0 248 179 0 1548 1387 1885 1296 1386 1132 912 1253 621 548 672 422 824 613 694 665 0 15 79 132 115 243 102 28 138 83 0 0 0 0 2 2 2 2 4 1 70768 112180 2073598 0 0 0 0 0 2073598 2073598 0 2073598 0 0 0 0 0 2073598 2073598 0 2073600 0 2 15 402610 994560 993600 94693 104923 98761 104233 15 15 15 15 71 4 0 0 0 1920 1080 
[10312.462424] MESSAGE_B= 0 4 4 238 2 1 192 0 248 179 0 1545 1460 1478 1534 1389 1184 1236 1077 615 552 568 330 830 639 700 646 0 15 242 67 244 241 106 75 100 116 0 0 0 0 2 2 2 2 2 1 60838 34926 2073598 0 0 0 0 0 2073598 2073598 0 2073598 0 0 0 0 0 2073598 2073598 0 2073600 0 1 15 402002 990720 993600 95368 103859 97438 105337 15 15 15 15 73 4 4 4 4 1920 1080 
[10312.735430] MESSAGE_B= 0 0 0 238 1 1 192 0 248 179 0 1452 1550 1346 1579 1347 1418 1003 918 503 626 595 481 766 832 632 707 0 15 150 72 166 106 75 108 44 133 0 0 0 0 2 2 2 2 1 1 115074 118846 2073598 0 0 0 0 0 2073598 2073598 0 2073598 0 0 0 0 0 2073598 2073598 0 2073600 0 1 15 402392 994560 993600 97051 102477 98374 104490 15 15 15 15 73 4 0 0 0 1920 1080 
[10313.008426] MESSAGE_B= 0 0 0 237 2 1 192 0 248 179 0 1307 1542 1413 1863 1217 1391 1147 1007 400 619 560 546 649 825 626 641 0 15 137 35 250 163 87 101 22 137 0 0 0 0 2 2 2 2 2 1 82540 34362 2073598 0 0 0 0 0 2073598 2073598 0 2073598 0 0 0 0 0 2073598 2073598 0 2073600 0 1 15 402802 990720 993600 97476 102331 98388 104607 15 15 15 15 73 4 0 0 0 1920 1080 
[10313.281442] MESSAGE_B= 0 4 0 238 3 1 192 0 248 179 0 1574 1496 1506 1397 996 1370 1295 1056 380 548 579 580 659 819 735 633 0 15 14 184 184 196 130 88 105 62 0 0 0 0 2 2 2 2 3 1 93602 115232 2073598 0 0 0 0 0 2073598 2073598 0 2073598 0 0 0 0 0 2073598 2073598 0 2073600 0 2 15 401880 994560 993600 99022 100147 100977 101734 15 15 15 15 74 4 4 4 4 1920 1080 
[10313.554430] MESSAGE_B= 0 0 0 238 3 1 192 0 248 179 0 1731 1369 1559 1376 884 1314 1411 1049 584 450 630 591 735 748 845 621 0 15 97 128 100 205 142 13 107 71 0 0 0 0 2 2 2 2 3 1 53274 30332 2073598 0 0 0 0 0 2073598 2073598 0 2073598 0 0 0 0 0 2073598 2073598 0 2073600 0 1 15 401822 990720 993600 104054 95015 103335 99418 15 15 15 15 75 4 0 0 0 1920 1080 
[10313.706427] MESSAGE_B= 0 0 0 238 1 1 192 0 248 179 0 1747 1403 1549 1413 1104 1175 1389 1159 417 318 621 550 634 631 818 627 0 15 76 125 203 253 147 21 100 24 0 0 0 0 2 2 2 2 1 1 95840 119804 2073598 0 0 0 0 0 2073598 2073598 0 2073598 0 0 0 0 0 2073598 2073598 0 2073600 0 1 15 402386 994560 993600 104559 94932 104596 98299 15 15 15 15 75 4 0 0 0 1920 1080 
[10313.979425] MESSAGE_B= 0 0 0 238 2 1 192 0 248 179 0 1379 1571 1492 1501 1048 999 1373 1307 566 378 544 579 607 649 801 755 0 15 178 15 188 184 53 131 73 70 0 0 0 0 2 2 2 2 2 1 71596 31628 2073598 0 0 0 0 0 2073598 2073598 0 2073598 0 0 0 0 0 2073598 2073598 0 2073600 0 1 15 402476 990720 993600 102772 96725 105149 97830 15 15 15 15 73 4 0 0 0 1920 1080 
[10314.252431] MESSAGE_B= 0 0 0 238 0 1 192 0 248 179 0 1396 1825 1365 1557 1087 856 1292 1420 579 681 443 628 621 731 724 843 0 15 145 106 225 86 59 141 2 109 0 0 0 0 2 2 2 2 0 1 81762 113668 2073598 0 0 0 0 0 2073598 2073598 0 2073598 0 0 0 0 0 2073598 2073598 0 2073600 0 3 15 402132 994560 993600 102347 96789 104758 98238 15 15 15 15 71 4 0 0 0 1920 1080 
[10314.525428] MESSAGE_B= 0 4 0 238 3 1 192 0 248 179 0 1470 1448 1523 1533 1210 1154 993 1386 560 565 371 591 674 657 652 832 0 15 33 225 215 229 87 80 128 114 0 0 0 0 2 2 2 2 3 1 77906 31200 2073598 0 0 0 0 0 2073598 2073598 0 2073598 0 0 0 0 0 2073598 2073598 0 2073600 0 1 15 402385 990720 993600 101872 97422 102217 100874 15 15 15 15 71 4 4 4 4 1920 1080 
[10314.798442] MESSAGE_B= 0 0 0 239 3 1 192 0 248 179 0 1542 1347 1645 1428 1403 1001 880 1349 618 591 509 483 826 635 680 769 0 15 85 131 101 167 104 45 128 50 0 0 0 0 2 2 2 2 3 1 98040 113206 2073598 0 0 0 0 0 2073598 2073598 0 2073598 0 0 0 0 0 2073598 2073598 0 2073600 0 2 15 402659 994560 993600 97077 102551 100305 102726 15 15 15 15 71 4 0 0 0 1920 1080 
[10314.950433] MESSAGE_B= 0 0 0 237 2 1 192 0 248 179 0 1560 1410 1823 1331 1401 1108 863 1257 631 575 665 427 846 618 732 694 0 15 87 134 96 238 107 66 136 31 0 0 0 0 2 2 2 2 2 1 52698 25220 2073598 0 0 0 0 0 2073598 2073598 0 2073598 0 0 0 0 0 2073598 2073598 0 2073600 0 1 15 402016 990720 993600 94696 104530 98783 104007 15 15 15 15 71 4 0 0 0 1920 1080 
[10315.224434] MESSAGE_B= 0 4 0 238 1 1 192 0 248 179 0 1525 1486 1423 1536 1397 1237 1113 997 576 567 563 371 825 696 622 663 0 15 212 18 214 206 129 90 70 127 0 0 0 0 2 2 2 2 1 1 135960 111628 2073598 0 0 0 0 0 2073598 2073598 0 2073598 0 0 0 0 0 2073598 2073598 0 2073600 0 1 15 402107 994560 993600 96220 102974 97304 105609 15 15 15 15 72 4 4 4 4 1920 1080 
[10315.497433] MESSAGE_B= 0 0 0 236 2 1 192 0 248 179 0 1407 1546 1342 1673 1343 1415 999 905 485 620 588 520 775 828 631 696 0 15 123 90 168 106 36 102 44 137 0 0 0 0 2 2 2 2 2 1 86848 29270 2073598 0 0 0 0 0 2073598 2073598 0 2073598 0 0 0 0 0 2073598 2073598 0 2073600 0 1 15 402468 990720 993600 97369 102164 98129 104806 15 15 15 15 72 4 0 0 0 1920 1080 
[10315.770448] MESSAGE_B= 0 4 0 238 2 1 192 0 248 179 0 1521 1544 1433 1478 1101 1386 1182 1242 317 614 533 567 630 813 629 684 0 15 83 241 245 244 91 102 36 94 0 0 0 0 2 2 2 2 2 1 80646 110052 2073598 0 0 0 0 0 2073598 2073598 0 2073598 0 0 0 0 0 2073598 2073598 0 2073600 0 2 15 402421 994560 993600 95781 103787 99332 103521 15 15 15 15 72 4 4 4 4 1920 1080 
[10316.044431] MESSAGE_B= 0 0 0 238 5 1 192 0 248 179 0 1570 1466 1536 1354 949 1358 1395 1010 444 511 618 593 671 780 812 629 0 15 58 154 128 168 133 77 107 40 0 0 0 0 2 2 2 2 5 1 54906 28330 2073598 0 0 0 0 0 2073598 2073598 0 2073598 0 0 0 0 0 2073598 2073598 0 2073600 0 1 15 402478 990720 993600 100782 98763 101642 101291 15 15 15 15 74 4 0 0 0 1920 1080 
[10316.196436] MESSAGE_B= 0 0 0 238 3 1 192 0 248 179 0 1684 1383 1545 1353 890 1324 1412 1030 553 458 621 577 707 746 830 615 0 15 91 134 102 192 144 15 97 48 0 0 0 0 2 2 2 2 3 1 78184 118876 2073598 0 0 0 0 0 2073598 2073598 0 2073598 0 0 0 0 0 2073598 2073598 0 2073600 0 2 15 402462 994560 993600 104036 95522 103463 99441 15 15 15 15 74 4 0 0 0 1920 1080 
[10316.469444] MESSAGE_B= 0 4 0 238 4 1 192 0 248 179 0 1472 1527 1535 1446 1247 1054 1383 1177 559 339 603 540 689 636 813 637 0 15 240 69 243 236 98 105 97 42 0 0 0 0 2 2 2 2 4 1 60394 30592 2073598 0 0 0 0 0 2073598 2073598 0 2073598 0 0 0 0 0 2073598 2073598 0 2073600 0 1 15 402569 990720 993600 103907 95735 106041 96886 15 15 15 15 74 4 4 4 4 1920 1080 
[10316.742427] MESSAGE_B= 0 0 0 238 1 1 192 0 248 179 0 1345 1580 1446 1551 1002 916 1346 1417 591 482 505 625 631 707 767 833 0 15 150 73 166 107 43 134 72 109 0 0 0 0 2 2 2 2 1 1 123166 115490 2073598 0 0 0 0 0 2073598 2073598 0 2073598 0 0 0 0 0 2073598 2073598 0 2073600 0 1 15 402388 994560 993600 102451 97039 104500 98398 15 15 15 15 72 4 0 0 0 1920 1080 
[10317.015432] MESSAGE_B= 0 0 0 238 3 1 192 0 248 179 0 1429 1818 1369 1553 1129 1049 1179 1400 578 464 360 631 624 643 658 842 0 15 115 5 253 186 76 128 23 108 0 0 0 0 2 2 2 2 3 1 80972 33492 2073598 0 0 0 0 0 2073598 2073598 0 2073598 0 0 0 0 0 2073598 2073598 0 2073600 0 1 15 402190 990720 993600 102542 96744 104158 98746 15 15 15 15 71 4 0 0 0 1920 1080 
[10317.288435] MESSAGE_B= 0 4 0 238 5 1 192 0 248 179 0 1507 1398 1574 1496 1295 1056 999 1370 582 580 379 547 735 635 659 819 0 15 13 183 184 196 105 62 129 87 0 0 0 0 2 2 2 2 5 1 86030 112198 2073598 0 0 0 0 0 2073598 2073598 0 2073598 0 0 0 0 0 2073598 2073598 0 2073600 0 2 15 401881 994560 993600 100172 98985 101752 100972 15 15 15 15 71 4 4 4 4 1920 1080 
[10317.440429] MESSAGE_B= 0 0 0 237 1 1 192 0 248 179 0 1544 1346 1625 1437 1416 996 898 1351 617 587 502 495 829 631 686 777 0 15 79 140 104 168 102 41 132 55 0 0 0 0 2 2 2 2 1 1 52150 31538 2073598 0 0 0 0 0 2073598 2073598 0 2073598 0 0 0 0 0 2073598 2073598 0 2073600 0 1 15 402390 990720 993600 98142 101277 100794 102177 15 15 15 15 71 4 0 0 0 1920 1080 
[10317.713428] MESSAGE_B= 0 0 0 238 2 1 192 0 248 179 0 1559 1436 1675 1490 1395 1150 1133 1140 631 573 391 346 841 630 648 644 0 15 152 95 220 254 108 82 134 88 0 0 0 0 2 2 2 2 2 1 91710 109178 2073598 0 0 0 0 0 2073598 2073598 0 2073598 0 0 0 0 0 2073598 2073598 0 2073600 0 2 15 402274 994560 993600 95187 104094 98463 104530 15 15 15 15 72 4 0 0 0 1920 1080 
[10317.986433] MESSAGE_B= 0 0 0 238 4 1 192 0 248 179 0 1491 1528 1374 1574 1375 1339 1035 989 541 597 582 383 820 775 629 665 0 15 174 27 186 174 77 108 58 129 0 0 0 0 2 2 2 2 4 1 61888 29236 2073598 0 0 0 0 0 2073598 2073598 0 2073598 0 0 0 0 0 2073598 2073598 0 2073600 0 1 15 401864 990720 993600 97048 102069 98289 104458 15 15 15 15 72 4 0 0 0 1920 1080 
[10318.259433] MESSAGE_B= 0 0 0 238 2 1 192 0 248 179 0 1366 1555 1397 1825 1293 1410 1087 849 443 630 580 681 726 847 620 731 0 15 145 105 225 89 2 109 59 137 0 0 0 0 2 2 2 2 2 1 94598 108870 2073598 0 0 0 0 0 2073598 2073598 0 2073598 0 0 0 0 0 2073598 2073598 0 2073600 0 2 15 402208 994560 993600 96831 102363 98301 104713 15 15 15 15 72 4 0 0 0 1920 1080 
[10318.411429] MESSAGE_B= 0 4 0 237 1 1 192 0 248 179 0 1500 1549 1417 1586 1136 1384 1169 1194 309 622 541 447 639 814 626 660 0 15 95 219 251 234 78 104 31 116 0 0 0 0 2 2 2 2 1 1 75604 26820 2073598 0 0 0 0 0 2073598 2073598 0 2073598 0 0 0 0 0 2073598 2073598 0 2073600 0 1 15 402902 990720 993600 95708 104123 98564 104507 15 15 15 15 72 4 4 4 4 1920 1080 
[10318.684432] MESSAGE_B= 0 0 0 238 2 1 192 0 248 179 0 1578 1476 1541 1368 957 1373 1380 1008 412 522 615 591 675 815 808 630 0 15 51 161 144 178 131 77 114 55 0 0 0 0 2 2 2 2 2 1 94336 99702 2073598 0 0 0 0 0 2073598 2073598 0 2073598 0 0 0 0 0 2073598 2073598 0 2073600 0 2 15 402028 994560 993600 100150 99007 101443 101428 15 15 15 15 75 4 0 0 0 1920 1080 
[10318.957428] MESSAGE_B= 0 0 0 237 1 1 192 0 248 179 0 1822 1331 1561 1411 865 1257 1400 1108 665 427 629 575 732 694 847 619 0 15 87 134 96 238 137 30 109 65 0 0 0 0 2 2 2 2 1 1 52320 23684 2073598 0 0 0 0 0 2073598 2073598 0 2073598 0 0 0 0 0 2073598 2073598 0 2073600 0 1 15 401987 990720 993600 104523 94695 103980 98789 15 15 15 15 75 4 0 0 0 1920 1080 
[10319.230440] MESSAGE_B= 0 4 0 238 8 1 192 0 248 179 0 1412 1541 1508 1473 1094 999 1381 1245 559 376 567 558 614 644 806 693 0 15 203 23 207 201 68 128 114 57 0 0 0 0 2 2 2 2 8 1 129506 115462 2073598 0 0 0 0 0 2073598 2073598 0 2073598 0 0 0 0 0 2073598 2073598 0 2073600 0 2 15 402367 994560 993600 103034 96527 105699 97107 15 15 15 15 75 4 4 4 4 1920 1080 
[10319.503437] MESSAGE_B= 0 0 0 236 2 1 192 0 248 179 0 1341 1671 1410 1545 1001 903 1342 1416 588 520 483 623 633 696 773 828 0 15 124 87 168 106 42 136 32 103 0 0 0 0 2 2 2 2 2 1 82456 24978 2073598 0 0 0 0 0 2073598 2073598 0 2073598 0 0 0 0 0 2073598 2073598 0 2073600 0 1 15 402377 990720 993600 102170 97256 104817 98134 15 15 15 15 72 4 0 0 0 1920 1080 
[10319.655426] MESSAGE_B= 0 0 0 238 1 1 192 0 248 179 0 1419 1860 1298 1557 1121 961 1218 1399 580 581 426 630 620 683 670 844 0 15 125 59 247 141 71 139 52 107 0 0 0 0 2 2 2 2 1 1 73244 107898 2073598 0 0 0 0 0 2073598 2073598 0 2073598 0 0 0 0 0 2073598 2073598 0 2073600 0 1 15 402215 994560 993600 101784 97459 104430 98542 15 15 15 15 72 4 0 0 0 1920 1080 
[10319.928430] MESSAGE_B= 0 0 0 237 3 1 192 0 248 179 0 1495 1411 1552 1519 1269 1071 994 1396 569 567 374 565 720 606 657 825 0 15 4 201 198 204 99 68 129 124 0 0 0 0 2 2 2 2 3 1 58138 28172 2073598 0 0 0 0 0 2073598 2073598 0 2073598 0 0 0 0 0 2073598 2073598 0 2073600 0 1 15 401819 990720 993600 100864 98236 101632 101087 15 15 15 15 72 4 0 0 0 1920 1080 
[10320.201443] MESSAGE_B= 0 0 0 238 4 1 192 0 248 179 0 1546 1353 1685 1383 1410 1029 894 1324 620 576 555 459 836 615 708 745 0 15 92 133 104 192 101 48 143 16 0 0 0 0 2 2 2 2 4 1 82292 107880 2073598 0 0 0 0 0 2073598 2073598 0 2073598 0 0 0 0 0 2073598 2073598 0 2073600 0 2 15 402415 994560 993600 95500 104037 99434 103444 15 15 15 15 72 4 0 0 0 1920 1080 
[10320.474431] MESSAGE_B= 0 4 0 238 3 1 192 0 248 179 0 1535 1446 1472 1526 1383 1177 1246 1056 601 540 561 339 813 638 690 634 0 15 240 69 243 236 95 42 104 104 0 0 0 0 2 2 2 2 3 1 58496 29162 2073598 0 0 0 0 0 2073598 2073598 0 2073598 0 0 0 0 0 2073598 2073598 0 2073600 0 1 15 402513 990720 993600 95685 103892 96903 106033 15 15 15 15 73 4 4 4 4 1920 1080 
[10320.747436] MESSAGE_B= 0 0 0 238 2 1 192 0 248 179 0 1447 1560 1354 1606 1353 1401 992 867 502 629 607 490 798 849 639 684 0 15 146 80 170 101 69 111 56 119 0 0 0 0 2 2 2 2 2 1 131348 112462 2073598 0 0 0 0 0 2073598 2073598 0 2073598 0 0 0 0 0 2073598 2073598 0 2073600 0 2 15 402099 994560 993600 97175 102130 98246 104548 15 15 15 15 73 4 0 0 0 1920 1080 
[10320.899434] MESSAGE_B= 0 0 0 238 2 1 192 0 248 179 0 1362 1545 1381 1767 1315 1403 1092 876 442 625 565 635 713 825 621 727 0 15 138 101 214 91 20 103 21 148 0 0 0 0 2 2 2 2 2 1 82378 35434 2073598 0 0 0 0 0 2073598 2073598 0 2073598 0 0 0 0 0 2073598 2073598 0 2073600 0 1 15 402485 990720 993600 97106 102402 98305 104672 15 15 15 15 73 4 0 0 0 1920 1080 
[10321.172443] MESSAGE_B= 0 4 0 238 2 1 192 0 248 179 0 1520 1523 1448 1452 1006 1384 1192 1193 362 590 545 560 641 807 654 660 0 15 50 229 221 234 125 91 45 83 0 0 0 0 2 2 2 2 2 1 88452 108726 2073598 0 0 0 0 0 2073598 2073598 0 2073598 0 0 0 0 0 2073598 2073598 0 2073600 0 2 15 402680 994560 993600 97423 102295 100367 102595 15 15 15 15 72 4 4 4 4 1920 1080 
[10321.445431] MESSAGE_B= 0 0 0 237 6 1 192 0 248 179 0 1558 1491 1519 1359 996 1390 1354 1042 380 532 580 574 637 796 752 604 0 15 24 172 169 181 143 86 109 56 0 0 0 0 2 2 2 2 6 1 51656 32952 2073598 0 0 0 0 0 2073598 2073598 0 2073598 0 0 0 0 0 2073598 2073598 0 2073600 0 1 15 400939 990720 993600 99245 99277 100906 101511 15 15 15 15 75 4 0 0 0 1920 1080 
