[11625.021427] MESSAGE_B= 0 4 0 132 2 1 192 0 248 179 0 960 1083 937 1132 997 1146 989 1213 83 116 91 147 88 72 100 69 0 18 250 249 248 223 76 102 94 95 0 0 0 0 0 0 0 0 2 1 100894 273842 2073598 0 0 0 0 0 2073598 2073598 0 2073598 0 0 0 0 0 2073598 2073598 0 2073600 0 2 18 275715 990720 993600 67376 67440 70397 70502 18 18 18 18 5 4 4 4 4 1920 1080 
[11625.293427] MESSAGE_B= 0 4 4 133 2 1 192 0 248 179 0 960 1083 936 1134 997 1146 990 1215 88 119 88 145 92 80 100 69 0 18 249 245 248 224 89 61 61 96 0 0 0 0 0 0 0 0 2 1 88078 406888 2073598 0 0 0 0 0 2073598 2073598 0 2073598 0 0 0 0 0 2073598 2073598 0 2073600 0 2 18 276288 994560 993600 67533 67584 70568 70603 18 18 18 18 4 4 4 4 4 1920 1080 
[11625.565430] MESSAGE_B= 0 4 4 132 2 1 192 0 248 179 0 960 1083 936 1133 997 1146 990 1214 84 113 87 149 93 75 100 66 0 18 248 250 247 218 82 105 63 89 0 0 0 0 0 0 0 0 2 1 101050 261966 2073598 0 0 0 0 0 2073598 2073598 0 2073598 0 0 0 0 0 2073598 2073598 0 2073600 0 2 18 276201 990720 993600 67502 67546 70547 70606 18 18 18 18 4 4 4 4 4 1920 1080 
[11625.837429] MESSAGE_B= 0 4 4 133 2 1 192 0 248 179 0 960 1084 936 1133 997 1146 989 1214 83 114 90 148 87 70 98 60 0 18 249 249 245 214 71 116 64 110 0 0 0 0 0 0 0 0 2 1 88002 406256 2073598 0 0 0 0 0 2073598 2073598 0 2073598 0 0 0 0 0 2073598 2073598 0 2073600 0 2 18 276201 994560 993600 67468 67551 70560 70622 18 18 18 18 4 4 4 4 4 1920 1080 
[11625.988422] MESSAGE_B= 0 4 4 132 2 1 192 0 248 179 0 960 1083 938 1132 997 1146 989 1213 84 112 87 149 90 69 98 67 0 18 246 251 245 218 84 129 81 90 0 0 0 0 0 0 0 0 2 1 101104 262410 2073598 0 0 0 0 0 2073598 2073598 0 2073598 0 0 0 0 0 2073598 2073598 0 2073600 0 2 18 275722 990720 993600 67378 67438 70408 70498 18 18 18 18 4 4 4 4 4 1920 1080 
[11626.260422] MESSAGE_B= 0 4 4 133 2 1 192 0 248 179 0 965 1092 944 1137 1006 1150 992 1218 86 122 84 149 85 87 95 73 0 18 246 247 245 225 78 63 61 59 0 0 0 0 0 0 0 0 2 1 87474 404864 2073598 0 0 0 0 0 2073598 2073598 0 2073598 0 0 0 0 0 2073598 2073598 0 2073600 0 2 18 276079 994560 993600 67425 67452 70545 70657 18 18 18 18 6 4 4 4 4 1920 1080 
[11626.532432] MESSAGE_B= 0 4 4 132 2 1 192 0 248 179 0 1035 1101 986 1124 1081 1198 1034 1207 64 169 76 154 71 123 71 92 0 18 212 248 236 240 0 91 58 97 0 0 0 0 0 0 0 0 2 1 101170 262876 2073598 0 0 0 0 0 2073598 2073598 0 2073598 0 0 0 0 0 2073598 2073598 0 2073600 0 2 18 275996 990720 993600 67491 67564 70469 70472 18 18 18 18 31 4 4 4 4 1920 1080 
[11626.804431] MESSAGE_B= 0 4 4 132 2 1 192 0 248 179 0 1056 1171 1005 1112 1100 1299 1050 1183 70 229 70 175 57 247 56 136 0 18 228 229 254 248 81 24 1 69 0 0 0 0 0 0 0 0 2 1 39188 411908 2073598 0 0 0 0 0 2073598 2073598 0 2073598 0 0 0 0 0 2073598 2073598 0 2073600 0 2 18 275959 994560 993600 67362 67345 70610 70642 18 18 18 18 40 4 4 4 4 1920 1080 
[11627.077426] MESSAGE_B= 0 0 4 134 2 1 192 0 248 179 0 1047 815 1034 933 1079 856 1080 1040 88 230 73 261 60 364 72 312 0 18 249 245 252 244 52 5 45 17 0 0 0 0 0 2 0 2 2 1 58012 271674 2073598 0 0 0 0 0 2073598 2073598 0 2073598 0 0 0 0 0 2073598 2073598 0 2073600 0 2 18 275347 990720 993600 60325 74435 63726 76861 18 18 18 18 40 4 4 0 4 1920 1080 
[11627.228423] MESSAGE_B= 0 0 4 133 3 1 192 0 248 179 0 1091 825 1041 815 1131 864 1096 855 88 191 74 247 55 337 58 386 0 18 239 248 247 252 130 29 93 12 0 0 0 0 0 2 0 2 3 1 88148 410776 2073598 0 0 0 0 0 2073598 2073598 0 2073598 0 0 0 0 0 2073598 2073598 0 2073600 0 2 18 274119 994560 993600 59100 74921 61794 78304 18 18 18 18 39 4 4 0 4 1920 1080 
[11627.500427] MESSAGE_B= 0 0 4 133 3 1 192 0 248 179 0 1119 941 1061 879 1169 1025 1112 1068 108 99 69 168 59 152 59 250 0 18 247 225 245 239 96 26 73 27 0 0 0 2 0 0 0 2 3 1 142526 283886 2073598 0 0 0 0 0 2073598 2073598 0 2073598 0 0 0 0 0 2073598 2073598 0 2073600 0 2 18 273934 990720 993600 59711 74429 61767 78027 18 18 18 18 41 4 4 0 4 1920 1080 
[11627.773437] MESSAGE_B= 0 0 0 133 2 1 192 0 248 179 0 1141 967 1089 946 1216 1013 1156 1010 141 90 103 97 57 97 60 113 0 18 246 247 229 247 159 62 82 52 0 0 0 0 0 0 0 0 2 1 139084 412590 2073598 0 0 0 0 0 2073598 2073598 0 2073598 0 0 0 0 0 2073598 2073598 0 2073600 0 2 18 273511 994560 993600 59232 74739 61815 77725 18 18 18 18 42 4 4 0 4 1920 1080 
[11628.046427] MESSAGE_B= 0 0 0 133 3 1 192 0 248 179 0 1118 1004 1090 955 1195 1054 1168 989 149 68 160 86 59 58 111 87 0 18 251 224 222 219 131 6 102 94 0 0 0 0 0 0 0 0 3 1 140528 261372 2073598 0 0 0 0 0 2073598 2073598 0 2073598 0 0 0 0 0 2073598 2073598 0 2073600 0 2 18 275166 990720 993600 59522 74905 63197 77542 18 18 18 18 42 4 4 0 4 1920 1080 
[11628.319426] MESSAGE_B= 0 0 0 134 3 1 192 0 248 179 0 1102 1054 1126 1013 1204 1104 1240 1062 169 78 185 66 118 53 171 60 0 18 235 243 248 253 100 42 62 2 0 0 0 0 0 0 0 0 3 1 140062 420068 2073598 0 0 0 0 0 2073598 2073598 0 2073598 0 0 0 0 0 2073598 2073598 0 2073600 0 2 18 273609 994560 993600 59225 74786 61694 77904 18 18 18 18 42 4 4 0 4 1920 1080 
[11628.471433] MESSAGE_B= 0 0 0 133 2 1 192 0 248 179 0 1012 1060 1029 991 1037 1105 1128 1031 191 78 347 68 203 61 356 64 0 18 239 238 247 253 59 58 23 15 2 0 2 0 0 0 2 0 2 1 138864 287156 2073598 0 0 0 0 0 2073598 2073598 0 2073598 0 0 0 0 0 2073598 2073598 0 2073600 0 2 18 274045 990720 993600 59391 74708 61586 78360 18 18 18 18 43 0 0 0 0 1920 1080 
[11628.744430] MESSAGE_B= 0 0 0 133 6 1 192 0 248 179 0 916 1066 838 1059 1027 1105 950 1106 286 87 263 77 395 60 436 72 0 18 251 249 253 247 1 38 31 65 0 0 0 0 2 0 2 0 6 1 139212 385856 2073598 0 0 0 0 0 2073598 2073598 0 2073598 0 0 0 0 0 2073598 2073598 0 2073600 0 2 18 273372 994560 993600 58806 75133 61643 77790 18 18 18 18 43 4 4 0 4 1920 1080 
[11629.016425] MESSAGE_B= 0 0 0 132 2 1 192 0 248 179 0 843 1101 858 1035 907 1145 901 1075 237 98 140 67 383 53 197 55 0 18 245 239 246 247 29 151 64 100 2 0 2 0 2 0 0 0 2 1 143082 273028 2073598 0 0 0 0 0 2073598 2073598 0 2073598 0 0 0 0 0 2073598 2073598 0 2073600 0 2 18 277041 990720 993600 67732 67666 70830 70813 18 18 18 18 41 0 0 0 0 1920 1080 
[11629.289430] MESSAGE_B= 0 4 0 133 2 1 192 0 248 179 0 925 1118 950 1061 984 1180 997 1119 96 128 79 94 125 64 92 60 0 18 245 243 244 238 56 119 74 47 0 0 0 0 0 0 0 0 2 1 127180 396986 2073598 0 0 0 0 0 2073598 2073598 0 2073598 0 0 0 0 0 2073598 2073598 0 2073600 0 2 18 276210 994560 993600 67518 67533 70600 70559 18 18 18 18 41 4 4 4 4 1920 1080 
[11629.561431] MESSAGE_B= 0 4 0 132 2 1 192 0 248 179 0 967 1134 998 1095 1005 1222 1054 1174 80 146 79 140 91 63 76 108 0 18 235 252 209 203 61 97 66 89 0 0 0 0 0 0 0 0 2 1 144980 279510 2073598 0 0 0 0 0 2073598 2073598 0 2073598 0 0 0 0 0 2073598 2073598 0 2073600 0 2 18 275747 990720 993600 67530 67483 70496 70238 18 18 18 18 42 4 4 4 4 1920 1080 
[11629.712426] MESSAGE_B= 0 4 0 133 2 1 192 0 248 179 0 982 1133 1029 1108 1033 1216 1081 1206 85 153 70 166 79 74 62 123 0 18 219 246 242 255 85 133 31 90 0 0 0 0 0 0 0 0 2 1 90130 415002 2073598 0 0 0 0 0 2073598 2073598 0 2073598 0 0 0 0 0 2073598 2073598 0 2073600 0 2 18 275272 994560 993600 67405 67442 70219 70206 18 18 18 18 42 4 4 4 4 1920 1080 
[11629.985425] MESSAGE_B= 0 4 4 133 2 1 192 0 248 179 0 1010 1117 1062 1182 1053 1195 1104 1317 69 173 74 232 59 137 48 248 0 18 230 231 255 245 31 82 107 29 0 0 0 0 0 0 0 0 2 1 43122 294448 2073598 0 0 0 0 0 2073598 2073598 0 2073598 0 0 0 0 0 2073598 2073598 0 2073600 0 2 18 276065 990720 993600 67517 67466 70555 70527 18 18 18 18 40 4 4 4 4 1920 1080 
[11630.258428] MESSAGE_B= 0 0 4 133 3 1 192 0 248 179 0 1042 943 1056 811 1095 1052 1087 865 65 252 76 240 71 329 54 386 0 18 241 245 255 246 88 20 164 17 0 0 0 0 0 2 0 2 3 1 42402 408070 2073598 0 0 0 0 0 2073598 2073598 0 2073598 0 0 0 0 0 2073598 2073598 0 2073600 0 2 18 275030 994560 993600 73413 61061 76283 64273 18 18 18 18 39 4 4 0 4 1920 1080 
[11630.531429] MESSAGE_B= 0 0 4 132 3 1 192 0 248 179 0 1044 851 1110 873 1100 944 1152 936 70 291 92 194 57 435 59 270 0 18 236 249 243 248 91 20 136 29 0 2 0 2 0 2 0 0 3 1 115290 279672 2073598 0 0 0 0 0 2073598 2073598 0 2073598 0 0 0 0 0 2073598 2073598 0 2073600 0 2 18 273657 990720 993600 74792 59278 77987 61600 18 18 18 18 39 0 0 0 0 1920 1080 
[11630.803424] MESSAGE_B= 0 0 4 133 3 1 192 0 248 179 0 1067 904 1117 932 1118 968 1177 996 83 98 119 94 69 158 57 110 0 18 246 225 253 243 34 30 95 60 0 0 0 0 0 0 0 0 3 1 141612 409482 2073598 0 0 0 0 0 2073598 2073598 0 2073598 0 0 0 0 0 2073598 2073598 0 2073600 0 2 18 274094 994560 993600 74320 59668 78354 61752 18 18 18 18 43 4 4 0 4 1920 1080 
[11630.954425] MESSAGE_B= 0 0 0 133 2 1 192 0 248 179 0 1082 933 1135 959 1140 986 1202 997 101 87 133 79 73 109 68 97 0 18 245 248 244 245 24 64 119 77 0 0 0 0 0 0 0 0 2 1 142156 270190 2073598 0 0 0 0 0 2073598 2073598 0 2073598 0 0 0 0 0 2073598 2073598 0 2073600 0 2 18 274054 990720 993600 74640 59319 78120 61975 18 18 18 18 43 4 4 0 4 1920 1080 
[11631.226425] MESSAGE_B= 0 0 0 133 3 1 192 0 248 179 0 1096 958 1125 1002 1177 997 1210 1055 152 77 148 67 109 90 57 67 0 18 251 216 227 212 109 63 123 17 0 0 0 0 0 0 0 0 3 1 139478 424948 2073598 0 0 0 0 0 2073598 2073598 0 2073598 0 0 0 0 0 2073598 2073598 0 2073600 0 2 18 274230 994560 993600 74666 59366 77153 63045 18 18 18 18 39 4 4 0 4 1920 1080 
[11631.499430] MESSAGE_B= 0 0 0 133 3 1 192 0 248 179 0 1102 1006 1105 1051 1231 1060 1200 1101 182 66 168 80 170 54 123 64 0 18 239 239 244 249 65 11 94 2 0 0 0 0 0 0 0 0 3 1 138546 279326 2073598 0 0 0 0 0 2073598 2073598 0 2073598 0 0 0 0 0 2073598 2073598 0 2073600 0 2 18 273635 990720 993600 74810 59234 77850 61741 18 18 18 18 42 4 4 0 4 1920 1080 
[11631.772432] MESSAGE_B= 0 0 0 132 3 1 192 0 248 179 0 850 1051 974 1077 928 1108 1049 1120 289 78 231 89 423 59 253 61 0 18 250 247 250 244 3 100 28 50 2 0 2 0 2 0 0 0 3 1 139106 393590 2073598 0 0 0 0 0 2073598 2073598 0 2073598 0 0 0 0 0 2073598 2073598 0 2073600 0 2 18 273416 994560 993600 74723 59176 78397 61120 18 18 18 18 42 0 0 0 0 1920 1080 
[11632.045428] MESSAGE_B= 0 4 0 133 5 1 192 0 248 179 0 835 1036 826 1091 880 1086 871 1128 185 64 257 92 304 70 379 47 0 18 246 249 251 255 75 111 16 154 0 0 0 0 2 0 2 0 5 1 142244 276834 2073598 0 0 0 0 0 2073598 2073598 0 2073598 0 0 0 0 0 2073598 2073598 0 2073600 0 2 18 275546 990720 993600 72596 62093 76007 64850 18 18 18 18 40 4 4 4 4 1920 1080 
[11632.197424] MESSAGE_B= 0 0 0 133 8 1 192 0 248 179 0 859 1032 846 1106 889 1082 882 1152 144 70 238 95 216 47 404 60 0 18 239 232 246 252 29 71 28 117 2 0 2 0 0 0 2 0 8 1 135936 398590 2073598 0 0 0 0 0 2073598 2073598 0 2073598 0 0 0 0 0 2073598 2073598 0 2073600 0 2 18 275522 994560 993600 67467 67441 70641 69973 18 18 18 18 40 0 0 0 0 1920 1080 
[11632.469427] MESSAGE_B= 0 4 0 134 2 1 192 0 248 179 0 948 1067 915 1122 998 1129 976 1185 82 93 92 121 99 61 128 66 0 18 235 237 240 249 81 39 34 132 0 0 0 0 0 0 0 0 2 1 142008 283274 2073598 0 0 0 0 0 2073598 2073598 0 2073598 0 0 0 0 0 2073598 2073598 0 2073600 0 2 18 275970 990720 993600 67421 67502 70450 70597 18 18 18 18 42 4 4 4 4 1920 1080 
[11632.741429] MESSAGE_B= 0 4 0 133 2 1 192 0 248 179 0 997 1105 966 1143 1052 1177 1012 1231 73 130 86 147 71 100 102 52 0 18 243 250 225 212 36 89 83 124 0 0 0 0 0 0 0 0 2 1 127906 409370 2073598 0 0 0 0 0 2073598 2073598 0 2073598 0 0 0 0 0 2073598 2073598 0 2073600 0 2 18 275150 994560 993600 67388 67377 70171 70214 18 18 18 18 42 4 4 4 4 1920 1080 
[11633.014428] MESSAGE_B= 0 4 4 132 2 1 192 0 248 179 0 1033 1083 987 1098 1081 1170 1039 1181 76 167 68 162 57 145 65 102 0 18 232 246 251 254 7 77 53 98 0 0 0 0 0 0 0 0 2 1 89132 291154 2073598 0 0 0 0 0 2073598 2073598 0 2073598 0 0 0 0 0 2073598 2073598 0 2073600 0 2 18 276357 990720 993600 67500 67599 70609 70649 18 18 18 18 41 4 4 4 4 1920 1080 
[11633.286424] MESSAGE_B= 0 0 4 133 4 1 192 0 248 179 0 1062 990 991 985 1101 1099 1024 1021 77 286 69 179 64 384 65 207 0 18 231 248 251 248 58 5 29 61 0 2 0 2 0 2 0 0 4 1 29824 416320 2073598 0 0 0 0 0 2073598 2073598 0 2073598 0 0 0 0 0 2073598 2073598 0 2073600 0 2 18 275416 994560 993600 66683 67815 69519 71399 18 18 18 18 41 0 0 0 0 1920 1080 
[11633.437429] MESSAGE_B= 0 0 4 132 4 1 192 0 248 179 0 1066 827 1044 938 1102 864 1095 1005 87 246 65 233 49 389 65 281 0 18 251 249 252 249 128 13 128 3 0 2 0 2 0 2 0 2 4 1 60618 273426 2073598 0 0 0 0 0 2073598 2073598 0 2073598 0 0 0 0 0 2073598 2073598 0 2073600 0 2 18 274877 990720 993600 62609 71763 65812 74693 18 18 18 18 40 0 0 0 0 1920 1080 
[11633.710431] MESSAGE_B= 0 0 4 133 2 1 192 0 248 179 0 1112 849 1054 827 1156 931 1110 923 102 202 74 269 62 290 60 419 0 18 247 245 244 249 49 21 94 5 0 2 0 2 0 0 0 2 2 1 98322 410794 2073598 0 0 0 0 0 2073598 2073598 0 2073598 0 0 0 0 0 2073598 2073598 0 2073600 0 2 18 273347 994560 993600 59168 74771 61477 77931 18 18 18 18 40 0 0 0 0 1920 1080 
[11633.982428] MESSAGE_B= 0 0 0 133 2 1 192 0 248 179 0 1124 943 1076 912 1181 1008 1125 986 113 91 84 112 55 109 69 162 0 18 246 233 254 244 172 53 35 43 0 0 0 0 0 0 0 0 2 1 143928 301642 2073598 0 0 0 0 0 2073598 2073598 0 2073598 0 0 0 0 0 2073598 2073598 0 2073600 0 2 18 273455 990720 993600 59599 74216 61596 78044 18 18 18 18 40 4 4 0 4 1920 1080 
[11634.255423] MESSAGE_B= 0 0 0 132 3 1 192 0 248 179 0 1131 960 1080 942 1209 991 1138 987 145 86 116 91 73 89 73 96 0 18 247 251 218 247 104 102 109 95 0 0 0 0 0 0 0 0 3 1 139566 416058 2073598 0 0 0 0 0 2073598 2073598 0 2073598 0 0 0 0 0 2073598 2073598 0 2073600 0 2 18 274533 994560 993600 59265 74781 62649 77838 18 18 18 18 42 4 4 0 4 1920 1080 
[11634.527428] MESSAGE_B= 0 0 0 133 2 1 192 0 248 179 0 1124 1033 1109 987 1209 1086 1202 1036 155 76 166 76 85 70 123 78 0 18 245 222 242 242 113 28 91 59 0 0 0 0 0 0 0 0 2 1 140376 263704 2073598 0 0 0 0 0 2073598 2073598 0 2073598 0 0 0 0 0 2073598 2073598 0 2073600 0 2 18 273720 990720 993600 59431 74566 62213 77510 18 18 18 18 42 4 4 0 4 1920 1080 
[11634.679424] MESSAGE_B= 0 0 0 133 4 1 192 0 248 179 0 1092 1043 1087 998 1177 1091 1186 1049 159 73 176 74 114 64 164 66 0 18 238 237 250 248 105 9 67 54 0 0 0 0 0 0 0 0 4 1 140378 414624 2073598 0 0 0 0 0 2073598 2073598 0 2073598 0 0 0 0 0 2073598 2073598 0 2073600 0 2 18 274398 994560 993600 59371 74819 62014 78194 18 18 18 18 43 4 4 0 4 1920 1080 
[11634.952424] MESSAGE_B= 0 0 0 133 4 1 192 0 248 179 0 979 1073 904 1031 1048 1113 972 1084 209 76 278 65 249 61 421 52 0 18 249 237 251 253 50 107 16 134 2 0 2 0 0 0 2 0 4 1 140412 289512 2073598 0 0 0 0 0 2073598 2073598 0 2073598 0 0 0 0 0 2073598 2073598 0 2073600 0 2 18 273425 990720 993600 59356 74469 61217 78383 18 18 18 18 43 0 0 0 0 1920 1080 
[11635.225425] MESSAGE_B= 4 4 0 133 30 1 192 0 248 179 0 832 1092 844 1040 858 1130 865 1088 258 94 196 69 383 47 334 68 0 18 248 249 252 255 12 138 2 67 0 0 0 0 2 0 2 0 30 1 139120 388832 2073598 0 0 0 0 0 2073598 2073598 0 2073598 0 0 0 0 0 2073598 2073598 0 2073600 0 4 18 275378 994560 993600 61215 73270 64009 76884 18 18 18 18 40 4 4 4 4 1920 1080 
[11635.498431] MESSAGE_B= 0 4 0 133 2 1 192 0 248 179 0 885 1122 941 1065 1038 1171 1025 1115 163 111 101 70 252 59 157 51 0 18 228 250 245 245 14 81 45 109 0 0 2 0 2 0 0 0 2 1 142808 267688 2073598 0 0 0 0 0 2073598 2073598 0 2073598 0 0 0 0 0 2073598 2073598 0 2073600 0 2 18 275616 990720 993600 67435 67424 70498 70259 18 18 18 18 41 4 4 4 4 1920 1080 
[11635.650425] MESSAGE_B= 0 4 0 132 2 1 192 0 248 179 0 912 1118 942 1061 964 1174 996 1116 101 125 89 79 123 58 94 60 0 18 238 250 239 246 56 126 80 92 0 0 0 0 0 0 0 0 2 1 125042 407358 2073598 0 0 0 0 0 2073598 2073598 0 2073598 0 0 0 0 0 2073598 2073598 0 2073600 0 2 18 276510 994560 993600 67602 67568 70784 70556 18 18 18 18 41 4 4 4 4 1920 1080 
[11635.922429] MESSAGE_B= 0 4 4 133 2 1 192 0 248 179 0 967 1141 991 1099 1015 1227 1044 1167 85 148 84 135 102 54 85 99 0 18 243 250 228 225 70 132 79 80 0 0 0 0 0 0 0 0 2 1 144078 290938 2073598 0 0 0 0 0 2073598 2073598 0 2073598 0 0 0 0 0 2073598 2073598 0 2073600 0 2 18 275475 990720 993600 67427 67439 70304 70305 18 18 18 18 41 4 4 4 4 1920 1080 
[11636.195427] MESSAGE_B= 0 4 4 133 2 1 192 0 248 179 0 988 1105 1031 1090 1032 1188 1074 1183 69 164 69 169 61 112 65 134 0 18 228 247 248 246 81 79 17 95 0 0 0 0 0 0 0 0 2 1 74568 415926 2073598 0 0 0 0 0 2073598 2073598 0 2073598 0 0 0 0 0 2073598 2073598 0 2073600 0 2 18 276471 994560 993600 67520 67492 70769 70690 18 18 18 18 42 4 4 4 4 1920 1080 
[11636.468429] MESSAGE_B= 0 0 4 132 2 1 192 0 248 179 0 991 1008 1060 1020 1033 1035 1107 1116 70 181 85 322 66 198 49 367 0 18 241 244 255 245 34 47 74 2 0 2 0 2 0 0 0 2 2 1 28072 277442 2073598 0 0 0 0 0 2073598 2073598 0 2073598 0 0 0 0 0 2073598 2073598 0 2073600 0 2 18 275633 990720 993600 67501 67369 70606 70157 18 18 18 18 42 0 0 0 0 1920 1080 
[11636.741429] MESSAGE_B= 4 4 4 133 110 1 192 0 248 179 0 1046 936 1059 857 1095 1043 1098 952 74 291 89 261 65 376 60 435 0 18 250 249 243 252 98 0 28 25 0 0 0 0 0 2 0 2 110 1 50882 410042 2073598 0 0 0 0 0 2073598 2073598 0 2073598 0 0 0 0 0 2073598 2073598 0 2073600 0 4 18 274767 994560 993600 74545 59970 77315 62937 18 18 18 18 39 4 4 4 4 1920 1080 
[11637.014431] MESSAGE_B= 0 0 4 133 4 1 192 0 248 179 0 1038 864 1106 862 1081 905 1153 912 73 234 102 152 58 388 50 199 0 18 241 241 247 245 39 47 123 42 0 2 0 2 0 2 0 0 4 1 120636 291966 2073598 0 0 0 0 0 2073598 2073598 0 2073598 0 0 0 0 0 2073598 2073598 0 2073600 0 2 18 274214 990720 993600 74814 59301 78326 61773 18 18 18 18 41 0 0 0 0 1920 1080 
[11637.166423] MESSAGE_B= 0 0 4 132 4 1 192 0 248 179 0 1069 898 1120 939 1118 957 1173 995 79 108 117 86 54 159 56 109 0 18 247 225 243 244 100 53 109 73 0 0 0 0 0 0 0 0 4 1 140170 416772 2073598 0 0 0 0 0 2073598 2073598 0 2073598 0 0 0 0 0 2073598 2073598 0 2073600 0 2 18 274888 994560 993600 74459 59962 78406 62061 18 18 18 18 41 4 4 0 4 1920 1080 
[11637.439437] MESSAGE_B= 0 0 0 133 2 1 192 0 248 179 0 1078 940 1132 959 1139 992 1211 997 114 89 147 81 76 93 68 87 0 18 249 249 218 244 91 60 103 72 0 0 0 0 0 0 0 0 2 1 139832 259472 2073598 0 0 0 0 0 2073598 2073598 0 2073598 0 0 0 0 0 2073598 2073598 0 2073600 0 2 18 274373 990720 993600 74916 59216 77743 62498 18 18 18 18 42 4 4 0 4 1920 1080 
[11637.711435] MESSAGE_B= 0 0 0 132 2 1 192 0 248 179 0 1096 971 1121 1020 1197 1016 1208 1069 172 81 161 74 121 82 77 60 0 18 248 217 250 250 80 101 92 9 0 0 0 0 0 0 0 0 2 1 141170 415402 2073598 0 0 0 0 0 2073598 2073598 0 2073598 0 0 0 0 0 2073598 2073598 0 2073600 0 2 18 273918 994560 993600 74605 59474 77413 62426 18 18 18 18 42 4 4 0 4 1920 1080 
[11637.984427] MESSAGE_B= 0 0 0 133 4 1 192 0 248 179 0 1186 1019 1135 1066 1332 1067 1209 1114 241 63 169 78 236 54 138 57 0 18 233 237 242 251 16 59 67 62 0 0 0 0 0 0 0 0 4 1 138834 284636 2073598 0 0 0 0 0 2073598 2073598 0 2073598 0 0 0 0 0 2073598 2073598 0 2073600 0 2 18 273391 990720 993600 74577 59333 78015 61466 18 18 18 18 42 4 4 0 4 1920 1080 
[11638.257429] MESSAGE_B= 0 0 0 133 3 1 192 0 248 179 0 815 1040 951 1055 865 1095 1058 1085 248 66 268 79 383 65 326 47 0 18 242 250 246 255 16 124 5 176 0 0 0 0 2 0 2 0 3 1 139966 386492 2073598 0 0 0 0 0 2073598 2073598 0 2073598 0 0 0 0 0 2073598 2073598 0 2073600 0 2 18 274154 994560 993600 75028 59031 78576 61519 18 18 18 18 42 4 4 0 4 1920 1080 
[11638.409446] MESSAGE_B= 0 0 0 134 2 1 192 0 248 179 0 835 1037 825 1086 883 1087 865 1121 214 78 259 90 358 73 387 57 0 18 252 244 254 255 14 39 12 105 0 0 0 0 2 0 2 0 2 1 143692 267300 2073598 0 0 0 0 0 2073598 2073598 0 2073598 0 0 0 0 0 2073598 2073598 0 2073600 0 2 18 275438 990720 993600 74163 60464 77601 63210 18 18 18 18 40 4 4 0 4 1920 1080 
[11638.681431] MESSAGE_B= 0 4 0 133 3 1 192 0 248 179 0 928 1047 854 1106 1002 1099 1020 1156 90 80 131 108 136 64 227 64 0 18 222 237 243 248 39 0 1 89 0 0 2 0 0 0 2 0 3 1 127272 403982 2073598 0 0 0 0 0 2073598 2073598 0 2073598 0 0 0 0 0 2073598 2073598 0 2073600 0 2 18 276244 994560 993600 67519 67600 70502 70623 18 18 18 18 40 4 4 4 4 1920 1080 
[11638.953430] MESSAGE_B= 0 4 0 133 2 1 192 0 248 179 0 970 1085 946 1138 1014 1153 1009 1212 92 100 92 139 100 65 117 54 0 18 240 248 245 243 89 35 35 129 0 0 0 0 0 0 0 0 2 1 142170 287422 2073598 0 0 0 0 0 2073598 2073598 0 2073598 0 0 0 0 0 2073598 2073598 0 2073600 0 2 18 275316 990720 993600 67425 67402 70195 70294 18 18 18 18 40 4 4 4 4 1920 1080 
[11639.226430] MESSAGE_B= 0 4 0 133 2 1 192 0 248 179 0 1004 1099 957 1127 1056 1181 998 1212 77 157 78 150 69 116 91 71 0 18 223 249 214 214 68 82 72 86 0 0 0 0 0 0 0 0 2 1 133220 415220 2073598 0 0 0 0 0 2073598 2073598 0 2073598 0 0 0 0 0 2073598 2073598 0 2073600 0 2 18 275964 994560 993600 67473 67479 70483 70529 18 18 18 18 40 4 4 4 4 1920 1080 
[11639.498435] MESSAGE_B= 0 4 4 133 2 1 192 0 248 179 0 1056 1102 1010 1106 1104 1214 1065 1196 79 180 71 165 54 170 65 116 0 18 240 239 255 252 35 76 22 108 0 0 0 0 0 0 0 0 2 1 74324 279210 2073598 0 0 0 0 0 2073598 2073598 0 2073598 0 0 0 0 0 2073598 2073598 0 2073600 0 2 18 275838 990720 993600 67493 67541 70364 70440 18 18 18 18 42 4 4 4 4 1920 1080 
[11639.650428] MESSAGE_B= 0 0 4 133 3 1 192 0 248 179 0 1060 1005 996 1023 1105 1120 1031 1047 77 288 66 175 65 357 64 193 0 18 239 244 250 244 47 21 0 73 0 2 0 2 0 2 0 0 3 1 23130 416650 2073598 0 0 0 0 0 2073598 2073598 0 2073598 0 0 0 0 0 2073598 2073598 0 2073600 0 2 18 276240 994560 993600 67483 67577 70524 70656 18 18 18 18 42 0 0 0 0 1920 1080 
[11639.922439] MESSAGE_B= 0 0 4 132 3 1 192 0 248 179 0 1059 862 1059 973 1093 970 1110 1124 77 299 77 313 60 448 73 373 0 18 251 249 248 251 56 14 47 10 0 0 0 0 0 2 0 2 3 1 72950 267284 2073598 0 0 0 0 0 2073598 2073598 0 2073598 0 0 0 0 0 2073598 2073598 0 2073600 0 2 18 273939 990720 993600 60046 73905 63394 76594 18 18 18 18 42 4 4 0 4 1920 1080 
[11640.194441] MESSAGE_B= 0 0 4 133 2 1 192 0 248 179 0 1105 848 1032 842 1152 894 1084 892 105 138 72 242 50 214 56 403 0 18 237 240 252 247 119 38 23 30 0 2 0 2 0 0 0 2 2 1 113648 408934 2073598 0 0 0 0 0 2073598 2073598 0 2073598 0 0 0 0 0 2073598 2073598 0 2073600 0 2 18 274144 994560 993600 59404 74678 61871 78191 18 18 18 18 39 0 0 0 0 1920 1080 
[11640.467429] MESSAGE_B= 0 0 0 133 3 1 192 0 248 179 0 1122 944 1065 915 1185 994 1128 982 124 83 90 99 70 92 63 134 0 18 242 243 245 247 91 60 25 55 0 0 0 0 0 0 0 0 3 1 141340 279896 2073598 0 0 0 0 0 2073598 2073598 0 2073598 0 0 0 0 0 2073598 2073598 0 2073600 0 2 18 274123 990720 993600 59752 74378 61812 78181 18 18 18 18 43 4 4 0 4 1920 1080 
[11640.618431] MESSAGE_B= 0 0 0 134 3 1 192 0 248 179 0 1127 958 1075 932 1204 997 1142 988 141 84 105 88 66 99 74 102 0 18 247 251 236 243 129 84 65 63 0 0 0 0 0 0 0 0 3 1 139566 417474 2073598 0 0 0 0 0 2073598 2073598 0 2073598 0 0 0 0 0 2073598 2073598 0 2073600 0 2 18 274272 994560 993600 59295 74880 62207 77890 18 18 18 18 43 4 4 0 4 1920 1080 
[11640.890441] MESSAGE_B= 0 0 0 133 2 1 192 0 248 179 0 1131 1026 1110 979 1218 1082 1208 1026 153 75 165 88 67 74 121 91 0 18 249 231 251 235 137 37 92 94 0 0 0 0 0 0 0 0 2 1 139838 262542 2073598 0 0 0 0 0 2073598 2073598 0 2073598 0 0 0 0 0 2073598 2073598 0 2073600 0 2 18 273669 990720 993600 59419 74601 62432 77217 18 18 18 18 43 4 4 0 4 1920 1080 
[11641.163438] MESSAGE_B= 0 0 0 133 4 1 192 0 248 179 0 1099 1062 1119 1014 1190 1110 1270 1064 172 80 216 76 131 61 225 51 0 18 232 240 245 255 78 30 46 1 0 0 0 0 0 0 0 0 4 1 140384 408792 2073598 0 0 0 0 0 2073598 2073598 0 2073598 0 0 0 0 0 2073598 2073598 0 2073600 0 2 18 273914 994560 993600 59372 74724 61711 78107 18 18 18 18 43 4 4 0 4 1920 1080 
[11641.436435] MESSAGE_B= 0 0 0 133 7 1 192 0 248 179 0 942 1065 827 1041 1005 1099 861 1097 245 84 255 76 288 50 390 57 0 18 248 245 249 242 25 147 13 100 0 0 2 0 2 0 2 0 7 1 141648 275444 2073598 0 0 0 0 0 2073598 2073598 0 2073598 0 0 0 0 0 2073598 2073598 0 2073600 0 2 18 273919 990720 993600 59175 74826 61408 78510 18 18 18 18 42 4 4 0 4 1920 1080 
[11641.709433] MESSAGE_B= 0 0 0 133 2 1 192 0 248 179 0 835 1112 848 1054 915 1154 929 1106 270 96 193 67 427 50 289 66 0 18 248 242 250 255 16 165 13 118 2 0 2 0 2 0 0 0 2 1 139598 392180 2073598 0 0 0 0 0 2073598 2073598 0 2073598 0 0 0 0 0 2073598 2073598 0 2073600 0 2 18 274481 994560 993600 64438 70013 66961 73069 18 18 18 18 40 0 0 0 0 1920 1080 
[11641.861435] MESSAGE_B= 0 0 0 134 2 1 192 0 248 179 0 903 1112 899 1054 993 1163 961 1105 231 105 151 80 322 65 177 61 0 18 239 239 247 248 41 74 34 15 2 0 2 0 2 0 0 0 2 1 142030 273534 2073598 0 0 0 0 0 2073598 2073598 0 2073598 0 0 0 0 0 2073598 2073598 0 2073600 0 2 18 275903 990720 993600 67451 67449 70498 70505 18 18 18 18 41 0 0 0 0 1920 1080 
[11642.134431] MESSAGE_B= 0 4 0 133 2 1 192 0 248 179 0 944 1127 964 1074 1007 1199 1012 1137 91 134 83 99 123 65 100 71 0 18 243 247 249 244 54 100 75 29 0 0 0 0 0 0 0 0 2 1 125890 409476 2073598 0 0 0 0 0 2073598 2073598 0 2073598 0 0 0 0 0 2073598 2073598 0 2073600 0 2 18 275928 994560 993600 67528 67530 70468 70402 18 18 18 18 41 4 4 4 4 1920 1080 
[11642.407452] MESSAGE_B= 0 4 0 133 2 1 192 0 248 179 0 961 1119 999 1086 991 1202 1044 1156 78 152 75 148 98 72 68 115 0 18 223 250 213 207 79 50 58 85 0 0 0 0 0 0 0 0 2 1 144202 290646 2073598 0 0 0 0 0 2073598 2073598 0 2073598 0 0 0 0 0 2073598 2073598 0 2073600 0 2 18 276457 990720 993600 67551 67447 70717 70742 18 18 18 18 43 4 4 4 4 1920 1080 
[11642.679440] MESSAGE_B= 0 4 0 133 2 1 192 0 248 179 0 1002 1102 1043 1100 1051 1185 1092 1198 69 163 73 174 61 115 66 170 0 18 237 237 247 251 14 88 6 44 0 0 0 0 0 0 0 0 2 1 69232 418164 2073598 0 0 0 0 0 2073598 2073598 0 2073598 0 0 0 0 0 2073598 2073598 0 2073600 0 2 18 275896 994560 993600 67441 67441 70557 70457 18 18 18 18 43 4 4 4 4 1920 1080 
[11642.952431] MESSAGE_B= 0 0 0 133 2 1 192 0 248 179 0 1026 980 1071 904 1074 1047 1107 969 66 205 81 282 58 248 48 414 0 18 239 252 252 250 29 50 130 4 0 2 0 2 0 0 0 2 2 1 23014 276826 2073598 0 0 0 0 0 2073598 2073598 0 2073598 0 0 0 0 0 2073598 2073598 0 2073600 0 2 18 275936 990720 993600 69405 65496 72427 68608 18 18 18 18 39 0 0 0 0 1920 1080 
[11643.103429] MESSAGE_B= 0 0 4 133 4 1 192 0 248 179 0 1048 971 1057 843 1100 1107 1093 922 77 297 88 276 72 359 66 422 0 18 246 249 247 249 62 10 53 2 0 0 0 0 0 2 0 2 4 1 65186 412796 2073598 0 0 0 0 0 2073598 2073598 0 2073598 0 0 0 0 0 2073598 2073598 0 2073600 0 2 18 274206 994560 993600 74080 60304 76371 63451 18 18 18 18 39 4 4 0 4 1920 1080 
[11643.375439] MESSAGE_B= 0 0 4 133 2 1 192 0 248 179 0 1040 859 1113 867 1090 951 1158 933 69 254 106 159 56 421 49 234 0 18 242 245 253 249 53 20 129 57 0 2 0 2 0 2 0 0 2 1 131470 289368 2073598 0 0 0 0 0 2073598 2073598 0 2073598 0 0 0 0 0 2073598 2073598 0 2073600 0 2 18 274175 990720 993600 74752 59494 78126 61803 18 18 18 18 40 0 0 0 0 1920 1080 
[11643.648435] MESSAGE_B= 0 0 0 133 3 1 192 0 248 179 0 1063 914 1122 943 1116 981 1177 999 88 101 122 85 67 134 70 93 0 18 239 240 247 247 33 42 97 68 0 0 0 0 0 0 0 0 3 1 138978 417376 2073598 0 0 0 0 0 2073598 2073598 0 2073598 0 0 0 0 0 2073598 2073598 0 2073600 0 2 18 274109 994560 993600 74405 59672 78281 61751 18 18 18 18 42 4 4 0 4 1920 1080 
[11643.920428] MESSAGE_B= 0 0 0 132 3 1 192 0 248 179 0 1098 952 1139 979 1158 994 1222 1022 129 79 148 85 99 92 64 79 0 18 249 239 217 232 90 85 109 100 0 0 0 0 0 0 0 0 3 1 141662 258644 2073598 0 0 0 0 0 2073598 2073598 0 2073598 0 0 0 0 0 2073598 2073598 0 2073600 0 2 18 274154 990720 993600 74863 59117 77342 62832 18 18 18 18 42 4 4 0 4 1920 1080 
[11644.193438] MESSAGE_B= 0 0 0 133 2 1 192 0 248 179 0 1093 985 1108 1030 1185 1038 1192 1080 169 76 158 72 134 62 102 56 0 18 247 235 251 249 84 88 116 14 0 0 0 0 0 0 0 0 2 1 140046 406654 2073598 0 0 0 0 0 2073598 2073598 0 2073598 0 0 0 0 0 2073598 2073598 0 2073600 0 2 18 274159 994560 993600 74702 59307 78082 62068 18 18 18 18 42 4 4 0 4 1920 1080 
[11644.345437] MESSAGE_B= 0 0 0 132 3 1 192 0 248 179 0 1115 1013 1097 1059 1266 1055 1196 1101 208 73 172 79 201 51 128 48 0 18 238 235 248 253 55 14 81 52 0 0 0 0 0 0 0 0 3 1 138062 287668 2073598 0 0 0 0 0 2073598 2073598 0 2073598 0 0 0 0 0 2073598 2073598 0 2073600 0 2 18 274084 990720 993600 74822 59352 78095 61815 18 18 18 18 42 4 4 0 4 1920 1080 
[11644.618429] MESSAGE_B= 0 0 0 134 2 1 192 0 248 179 0 826 1042 937 1066 882 1089 993 1103 253 73 224 85 372 74 262 61 0 18 245 248 248 250 6 60 11 83 2 0 2 0 2 0 0 0 2 1 138626 388812 2073598 0 0 0 0 0 2073598 2073598 0 2073598 0 0 0 0 0 2073598 2073598 0 2073600 0 2 18 273962 994560 993600 74825 59179 78599 61359 18 18 18 18 40 0 0 0 0 1920 1080 
[11644.890430] MESSAGE_B= 0 0 0 133 2 1 192 0 248 179 0 868 1041 869 1102 918 1088 924 1140 197 75 289 93 297 69 413 49 0 18 247 239 250 255 46 49 0 159 2 0 2 0 0 0 2 0 2 1 143338 267470 2073598 0 0 0 0 0 2073598 2073598 0 2073598 0 0 0 0 0 2073598 2073598 0 2073600 0 2 18 275307 990720 993600 70887 63596 74454 66370 18 18 18 18 40 0 0 0 0 1920 1080 
[11645.162438] MESSAGE_B= 0 4 0 133 2 1 192 0 248 179 0 951 1073 910 1126 1014 1128 995 1182 104 83 123 114 115 64 170 54 0 18 224 242 239 251 49 23 24 131 0 0 0 0 0 0 0 0 2 1 128394 416304 2073598 0 0 0 0 0 2073598 2073598 0 2073598 0 0 0 0 0 2073598 2073598 0 2073600 0 2 18 275534 994560 993600 67458 67422 70295 70359 18 18 18 18 40 4 4 4 4 1920 1080 
[11645.435435] MESSAGE_B= 0 4 0 133 2 1 192 0 248 179 0 960 1083 936 1133 1000 1150 989 1215 75 112 86 144 98 79 98 64 0 18 251 248 243 238 86 58 53 119 0 0 0 0 0 0 0 0 2 1 142502 290226 2073598 0 0 0 0 0 2073598 2073598 0 2073598 0 0 0 0 0 2073598 2073598 0 2073600 0 2 18 276006 990720 993600 67461 67499 70448 70598 18 18 18 18 42 4 4 4 4 1920 1080 
[11645.586427] MESSAGE_B= 0 4 0 133 2 1 192 0 248 179 0 1008 1108 967 1139 1059 1180 1009 1225 82 139 86 147 65 106 94 55 0 18 235 250 203 199 61 100 66 111 0 0 0 0 0 0 0 0 2 1 124738 423640 2073598 0 0 0 0 0 2073598 2073598 0 2073598 0 0 0 0 0 2073598 2073598 0 2073600 0 2 18 275474 994560 993600 67358 67478 70279 70359 18 18 18 18 42 4 4 4 4 1920 1080 
[11645.859430] MESSAGE_B= 0 4 4 134 2 1 192 0 248 179 0 1034 1084 990 1095 1081 1194 1041 1187 77 185 62 173 61 155 63 120 0 18 240 242 250 246 17 69 24 74 0 0 0 0 0 0 0 0 2 1 70594 268870 2073598 0 0 0 0 0 2073598 2073598 0 2073598 0 0 0 0 0 2073598 2073598 0 2073600 0 2 18 276080 990720 993600 67495 67480 70546 70559 18 18 18 18 42 4 4 4 4 1920 1080 
[11646.132429] MESSAGE_B= 4 4 4 133 29 1 192 0 248 179 0 1077 965 1011 999 1118 1088 1068 1061 78 321 69 214 65 392 52 237 0 18 237 250 254 250 80 6 72 57 0 2 0 2 0 2 0 0 29 1 25430 419852 2073598 0 0 0 0 0 2073598 2073598 0 2073598 0 0 0 0 0 2073598 2073598 0 2073600 0 4 18 275361 994560 993600 65593 69151 68519 72098 18 18 18 18 40 4 4 4 4 1920 1080 
[11646.405432] MESSAGE_B= 0 0 4 134 2 1 192 0 248 179 0 1084 853 1035 826 1121 895 1089 866 94 216 72 258 57 357 68 386 0 18 247 249 249 254 84 60 63 12 0 0 0 0 0 2 0 2 2 1 92524 272802 2073598 0 0 0 0 0 2073598 2073598 0 2073598 0 0 0 0 0 2073598 2073598 0 2073600 0 2 18 274190 990720 993600 58991 75112 61745 78342 18 18 18 18 39 4 4 0 4 1920 1080 
[11646.677440] MESSAGE_B= 0 0 4 133 2 1 192 0 248 179 0 1108 930 1048 864 1154 1006 1096 1041 102 94 74 147 67 134 66 234 0 18 236 217 250 241 88 48 16 19 0 0 0 2 0 0 0 2 2 1 127736 407954 2073598 0 0 0 0 0 2073598 2073598 0 2073598 0 0 0 0 0 2073598 2073598 0 2073600 0 2 18 274404 994560 993600 59751 74471 61909 78273 18 18 18 18 40 4 4 0 4 1920 1080 
[11646.829433] MESSAGE_B= 0 0 4 133 2 1 192 0 248 179 0 1113 929 1059 898 1174 982 1118 958 123 81 91 96 69 98 54 138 0 18 239 234 250 252 87 77 53 54 0 0 0 0 0 0 0 0 2 1 140428 281522 2073598 0 0 0 0 0 2073598 2073598 0 2073598 0 0 0 0 0 2073598 2073598 0 2073600 0 2 18 274132 990720 993600 59785 74258 61812 78277 18 18 18 18 40 4 4 0 4 1920 1080 
[11647.101429] MESSAGE_B= 0 0 0 133 2 1 192 0 248 179 0 1140 982 1099 959 1227 1031 1167 1013 151 85 123 86 58 85 86 103 0 18 250 243 221 242 107 72 89 78 0 0 0 0 0 0 0 0 2 1 139250 424204 2073598 0 0 0 0 0 2073598 2073598 0 2073598 0 0 0 0 0 2073598 2073598 0 2073600 0 2 18 273801 994560 993600 59118 74890 62553 77240 18 18 18 18 40 4 4 0 4 1920 1080 
[11647.374468] MESSAGE_B= 0 0 0 133 3 1 192 0 248 179 0 1116 1038 1104 994 1202 1088 1203 1048 161 78 171 74 108 55 137 57 0 18 246 233 247 244 96 5 88 43 0 0 0 0 0 0 0 0 3 1 138938 274194 2073598 0 0 0 0 0 2073598 2073598 0 2073598 0 0 0 0 0 2073598 2073598 0 2073600 0 2 18 273728 990720 993600 59290 74725 61898 77815 18 18 18 18 42 4 4 0 4 1920 1080 
[11647.647426] MESSAGE_B= 0 0 0 133 5 1 192 0 248 179 0 1030 1059 1011 998 1043 1104 1124 1033 176 77 315 65 195 62 355 65 0 18 244 240 244 251 71 58 4 11 2 0 2 0 0 0 2 0 5 1 139800 403962 2073598 0 0 0 0 0 2073598 2073598 0 2073598 0 0 0 0 0 2073598 2073598 0 2073600 0 2 18 274364 994560 993600 59475 74708 61735 78446 18 18 18 18 43 0 0 0 0 1920 1080 
[11647.920424] MESSAGE_B= 0 0 0 132 3 1 192 0 248 179 0 979 1057 853 1056 1120 1089 941 1102 301 77 260 69 358 62 422 59 0 18 248 249 249 245 4 82 20 192 0 0 0 0 2 0 2 0 3 1 142916 276292 2073598 0 0 0 0 0 2073598 2073598 0 2073598 0 0 0 0 0 2073598 2073598 0 2073600 0 2 18 273609 990720 993600 58881 74948 61451 78329 18 18 18 18 43 4 4 0 4 1920 1080 
[11648.071422] MESSAGE_B= 0 0 0 133 4 1 192 0 248 179 0 831 1101 831 1042 850 1140 864 1098 286 91 184 69 391 58 297 61 0 18 236 242 249 251 7 114 24 88 2 0 2 0 2 0 2 0 4 1 139780 390772 2073598 0 0 0 0 0 2073598 2073598 0 2073598 0 0 0 0 0 2073598 2073598 0 2073600 0 2 18 275023 994560 993600 62765 71681 65607 74970 18 18 18 18 43 0 0 0 0 1920 1080 
[11648.343428] MESSAGE_B= 0 4 0 132 2 1 192 0 248 179 0 906 1123 941 1068 986 1175 1005 1123 135 116 95 76 186 68 119 52 0 18 230 251 240 254 40 58 57 104 0 0 0 0 0 0 0 0 2 1 141374 283708 2073598 0 0 0 0 0 2073598 2073598 0 2073598 0 0 0 0 0 2073598 2073598 0 2073600 0 2 18 275433 990720 993600 67372 67473 70303 70285 18 18 18 18 41 4 4 4 4 1920 1080 
[11648.616426] MESSAGE_B= 0 4 0 134 2 1 192 0 248 179 0 937 1129 958 1074 989 1201 996 1137 98 142 83 106 106 62 100 71 0 18 252 247 245 240 78 118 83 56 0 0 0 0 0 0 0 0 2 1 128150 418798 2073598 0 0 0 0 0 2073598 2073598 0 2073598 0 0 0 0 0 2073598 2073598 0 2073600 0 2 18 276313 994560 993600 67539 67555 70672 70547 18 18 18 18 40 4 4 4 4 1920 1080 
[11648.888431] MESSAGE_B= 0 4 0 133 2 1 192 0 248 179 0 980 1132 1025 1107 1026 1215 1079 1203 81 153 71 167 90 70 73 125 0 18 216 249 236 255 83 119 15 81 0 0 0 0 0 0 0 0 2 1 129256 283726 2073598 0 0 0 0 0 2073598 2073598 0 2073598 0 0 0 0 0 2073598 2073598 0 2073600 0 2 18 275507 990720 993600 67446 67464 70291 70306 18 18 18 18 41 4 4 4 4 1920 1080 
[11649.161423] MESSAGE_B= 0 4 4 133 2 1 192 0 248 179 0 1013 1091 1062 1106 1058 1182 1105 1258 72 176 80 224 49 126 52 222 0 18 235 239 246 247 13 96 29 49 0 0 0 0 0 0 0 0 2 1 56692 419122 2073598 0 0 0 0 0 2073598 2073598 0 2073598 0 0 0 0 0 2073598 2073598 0 2073600 0 2 18 276879 994560 993600 67718 67691 70761 70709 18 18 18 18 41 4 4 4 4 1920 1080 
[11649.313429] MESSAGE_B= 0 0 4 133 2 1 192 0 248 179 0 1001 998 1070 984 1041 1072 1113 1168 64 198 85 309 64 231 59 383 0 18 236 247 253 246 15 49 59 5 0 2 0 2 0 0 0 2 2 1 34668 283402 2073598 0 0 0 0 0 2073598 2073598 0 2073598 0 0 0 0 0 2073598 2073598 0 2073600 0 2 18 274689 990720 993600 68475 65937 71787 68490 18 18 18 18 41 0 0 0 0 1920 1080 
[11649.585426] MESSAGE_B= 4 4 4 132 11 1 192 0 248 179 0 1052 830 1092 854 1105 928 1129 943 71 272 95 242 62 416 59 437 0 18 250 253 248 253 110 13 64 32 0 0 0 0 0 2 0 2 11 1 73158 413112 2073598 0 0 0 0 0 2073598 2073598 0 2073598 0 0 0 0 0 2073598 2073598 0 2073600 0 4 18 273704 994560 993600 75146 58935 78102 61521 18 18 18 18 39 4 4 4 4 1920 1080 
[11649.858436] MESSAGE_B= 0 0 4 134 4 1 192 0 248 179 0 1054 871 1111 880 1101 997 1162 958 78 215 102 143 53 322 57 176 0 18 237 238 247 243 43 38 132 38 0 2 0 2 0 2 0 0 4 1 140704 279994 2073598 0 0 0 0 0 2073598 2073598 0 2073598 0 0 0 0 0 2073598 2073598 0 2073600 0 2 18 274034 990720 993600 74518 59520 78213 61783 18 18 18 18 42 0 0 0 0 1920 1080 
[11650.131428] MESSAGE_B= 0 0 4 133 2 1 192 0 248 179 0 1074 939 1127 961 1134 988 1196 1000 103 87 136 79 71 118 73 94 0 18 244 243 241 252 11 62 74 87 0 0 0 0 0 0 0 0 2 1 139554 426464 2073598 0 0 0 0 0 2073598 2073598 0 2073598 0 0 0 0 0 2073598 2073598 0 2073600 0 2 18 274856 994560 993600 74774 59607 78339 62136 18 18 18 18 42 4 4 0 4 1920 1080 
[11650.403429] MESSAGE_B= 0 0 0 134 2 1 192 0 248 179 0 1092 958 1129 994 1166 997 1214 1047 147 76 146 67 112 97 62 72 0 18 252 232 205 212 78 61 92 42 0 0 0 0 0 0 0 0 2 1 139342 269984 2073598 0 0 0 0 0 2073598 2073598 0 2073598 0 0 0 0 0 2073598 2073598 0 2073600 0 2 18 274221 990720 993600 74774 59242 77012 63193 18 18 18 18 42 4 4 0 4 1920 1080 
[11650.554426] MESSAGE_B= 0 0 0 132 2 1 192 0 248 179 0 1103 988 1122 1035 1204 1041 1209 1083 167 83 156 69 128 72 93 58 0 18 246 229 253 243 73 85 113 38 0 0 0 0 0 0 0 0 2 1 140362 399244 2073598 0 0 0 0 0 2073598 2073598 0 2073598 0 0 0 0 0 2073598 2073598 0 2073600 0 2 18 273607 994560 993600 74617 59402 77524 62064 18 18 18 18 42 4 4 0 4 1920 1080 
[11650.827430] MESSAGE_B= 0 0 0 132 2 1 192 0 248 179 0 1078 1006 1077 1059 1351 1046 1153 1106 342 63 186 81 413 56 191 62 0 18 241 241 242 251 62 72 63 42 2 0 2 0 2 0 0 0 2 1 138460 279324 2073598 0 0 0 0 0 2073598 2073598 0 2073598 0 0 0 0 0 2073598 2073598 0 2073600 0 2 18 273899 990720 993600 74528 59408 78302 61661 18 18 18 18 40 0 0 0 0 1920 1080 
[11651.100428] MESSAGE_B= 0 0 0 133 2 1 192 0 248 179 0 843 1047 962 1058 916 1092 1103 1089 276 67 302 82 426 68 357 52 0 18 250 247 248 254 3 85 15 114 0 0 0 0 2 0 2 0 2 1 139122 388680 2073598 0 0 0 0 0 2073598 2073598 0 2073598 0 0 0 0 0 2073598 2073598 0 2073600 0 2 18 274757 994560 993600 75172 59179 78789 61617 18 18 18 18 38 4 4 0 4 1920 1080 
[11651.372431] MESSAGE_B= 0 0 0 133 5 1 192 0 248 179 0 872 1042 866 1116 937 1092 948 1159 161 70 266 99 238 49 435 65 0 18 244 237 250 255 31 70 21 93 2 0 2 0 0 0 2 0 5 1 145016 276614 2073598 0 0 0 0 0 2073598 2073598 0 2073598 0 0 0 0 0 2073598 2073598 0 2073600 0 2 18 275086 990720 993600 67477 67423 70424 69762 18 18 18 18 40 0 0 0 0 1920 1080 
[11651.644435] MESSAGE_B= 0 4 0 133 2 1 192 0 248 179 0 944 1061 910 1118 995 1118 974 1175 81 85 98 121 96 61 129 64 0 18 238 238 243 240 80 51 37 142 0 0 0 0 0 0 0 0 2 1 127156 420298 2073598 0 0 0 0 0 2073598 2073598 0 2073598 0 0 0 0 0 2073598 2073598 0 2073600 0 2 18 276304 994560 993600 67551 67577 70540 70636 18 18 18 18 40 4 4 4 4 1920 1080 
[11651.796430] MESSAGE_B= 0 4 0 133 2 1 192 0 248 179 0 960 1082 936 1132 1001 1144 994 1208 80 107 88 142 102 60 105 57 0 18 244 244 245 235 77 75 38 138 0 0 0 0 0 0 0 0 2 1 144236 281922 2073598 0 0 0 0 0 2073598 2073598 0 2073598 0 0 0 0 0 2073598 2073598 0 2073600 0 2 18 275929 990720 993600 67454 67485 70480 70510 18 18 18 18 40 4 4 4 4 1920 1080 
[11652.069425] MESSAGE_B= 0 4 0 133 2 1 192 0 248 179 0 1009 1103 958 1128 1058 1185 992 1204 70 168 81 154 61 124 77 67 0 18 216 250 215 247 21 86 85 111 0 0 0 0 0 0 0 0 2 1 110456 421340 2073598 0 0 0 0 0 2073598 2073598 0 2073598 0 0 0 0 0 2073598 2073598 0 2073600 0 2 18 276499 994560 993600 67516 67466 70724 70793 18 18 18 18 42 4 4 4 4 1920 1080 
[11652.342427] MESSAGE_B= 0 4 4 133 2 1 192 0 248 179 0 1062 1125 1015 1106 1108 1266 1063 1198 69 205 63 168 64 201 64 126 0 18 237 238 251 250 58 49 3 96 0 0 0 0 0 0 0 0 2 1 58610 273432 2073598 0 0 0 0 0 2073598 2073598 0 2073598 0 0 0 0 0 2073598 2073598 0 2073600 0 2 18 275579 990720 993600 67450 67467 70294 70368 18 18 18 18 42 4 4 4 4 1920 1080 
[11652.615427] MESSAGE_B= 4 0 4 134 7 1 192 0 248 179 0 1067 838 1038 939 1103 877 1090 991 80 247 77 222 48 377 57 258 0 18 243 245 241 250 189 10 92 28 0 2 0 2 0 2 0 2 7 1 37914 419882 2073598 0 0 0 0 0 2073598 2073598 0 2073598 0 0 0 0 0 2073598 2073598 0 2073600 0 2 18 275064 994560 993600 63371 71144 66532 74017 18 18 18 18 40 0 0 0 0 1920 1080 
[11652.887428] MESSAGE_B= 0 0 4 133 2 1 192 0 248 179 0 1098 835 1043 821 1140 889 1096 879 101 182 64 257 46 273 58 390 0 18 255 245 249 249 119 11 158 14 0 2 0 2 0 0 0 2 2 1 109088 271094 2073598 0 0 0 0 0 2073598 2073598 0 2073598 0 0 0 0 0 2073598 2073598 0 2073600 0 2 18 274044 990720 993600 59173 74829 61823 78219 18 18 18 18 40 0 0 0 0 1920 1080 
[11653.039425] MESSAGE_B= 0 0 4 133 3 1 192 0 248 179 0 1097 871 1039 868 1143 928 1080 926 102 144 75 199 60 183 54 333 0 18 240 242 245 247 99 76 59 49 0 2 0 2 0 0 0 2 3 1 138908 412882 2073598 0 0 0 0 0 2073598 2073598 0 2073598 0 0 0 0 0 2073598 2073598 0 2073600 0 2 18 274691 994560 993600 59514 74533 62126 78518 18 18 18 18 40 0 0 0 0 1920 1080 
[11653.311429] MESSAGE_B= 0 0 0 132 2 1 192 0 248 179 0 1129 961 1077 941 1199 1011 1140 1003 133 81 93 90 71 103 70 127 0 18 249 243 246 245 80 81 31 42 0 0 0 0 0 0 0 0 2 1 140826 282554 2073598 0 0 0 0 0 2073598 2073598 0 2073598 0 0 0 0 0 2073598 2073598 0 2073600 0 2 18 273683 990720 993600 59527 74508 61654 77994 18 18 18 18 40 4 4 0 4 1920 1080 
[11653.583427] MESSAGE_B= 0 0 0 133 2 1 192 0 248 179 0 1134 1002 1104 964 1226 1057 1181 1007 147 81 145 85 59 75 107 98 0 18 250 235 191 206 113 71 112 74 0 0 0 0 0 0 0 0 2 1 139612 422018 2073598 0 0 0 0 0 2073598 2073598 0 2073598 0 0 0 0 0 2073598 2073598 0 2073600 0 2 18 273575 994560 993600 59258 74709 62887 76721 18 18 18 18 42 4 4 0 4 1920 1080 
[11653.856428] MESSAGE_B= 0 0 0 134 4 1 192 0 248 179 0 1103 1041 1100 999 1197 1092 1201 1056 169 77 177 71 120 65 162 62 0 18 239 236 247 246 83 4 55 46 0 0 0 0 0 0 0 0 4 1 138398 266930 2073598 0 0 0 0 0 2073598 2073598 0 2073598 0 0 0 0 0 2073598 2073598 0 2073600 0 2 18 273984 990720 993600 59319 74669 61868 78128 18 18 18 18 42 4 4 0 4 1920 1080 
[11654.129429] MESSAGE_B= 0 0 0 133 4 1 192 0 248 179 0 990 1073 957 1008 1053 1116 1071 1062 207 79 307 61 239 52 392 56 0 18 249 235 251 248 61 149 0 107 2 0 2 0 0 0 2 0 4 1 139644 397070 2073598 0 0 0 0 0 2073598 2073598 0 2073598 0 0 0 0 0 2073598 2073598 0 2073600 0 2 18 273962 994560 993600 59508 74621 61360 78473 18 18 18 18 42 0 0 0 0 1920 1080 
[11654.281426] MESSAGE_B= 0 0 0 133 2 1 192 0 248 179 0 948 1050 810 1044 1072 1085 883 1095 260 85 239 66 322 65 366 63 0 18 246 249 246 248 7 55 2 133 0 0 0 0 2 0 2 0 2 1 141710 275710 2073598 0 0 0 0 0 2073598 2073598 0 2073598 0 0 0 0 0 2073598 2073598 0 2073600 0 2 18 274005 990720 993600 58994 74997 61463 78551 18 18 18 18 42 4 4 0 4 1920 1080 
[11654.553426] MESSAGE_B= 0 0 0 132 3 1 192 0 248 179 0 837 1114 868 1045 976 1156 937 1093 272 102 179 66 450 62 259 66 0 18 247 244 249 254 34 70 42 32 2 0 2 0 2 0 0 0 3 1 137700 388370 2073598 0 0 0 0 0 2073598 2073598 0 2073598 0 0 0 0 0 2073598 2073598 0 2073600 0 2 18 274460 994560 993600 65924 68456 68172 71908 18 18 18 18 40 0 0 0 0 1920 1080 
[11654.825431] MESSAGE_B= 0 4 0 133 2 1 192 0 248 179 0 914 1121 939 1069 972 1184 994 1127 99 122 86 91 140 62 95 62 0 18 232 243 246 242 36 98 46 12 0 0 0 0 0 0 0 0 2 1 142602 272394 2073598 0 0 0 0 0 2073598 2073598 0 2073598 0 0 0 0 0 2073598 2073598 0 2073600 0 2 18 275879 990720 993600 67427 67409 70537 70506 18 18 18 18 38 4 4 4 4 1920 1080 
[11655.097425] MESSAGE_B= 4 4 0 132 11 1 192 0 248 179 0 959 1136 979 1090 1011 1223 1027 1156 87 150 84 126 94 72 83 86 0 18 245 250 242 205 84 67 75 104 0 0 0 0 0 0 0 0 11 1 134082 423976 2073598 0 0 0 0 0 2073598 2073598 0 2073598 0 0 0 0 0 2073598 2073598 0 2073600 0 4 18 275919 994560 993600 67524 67531 70460 70404 18 18 18 18 43 4 4 4 4 1920 1080 
[11655.370425] MESSAGE_B= 0 4 0 133 2 1 192 0 248 179 0 995 1114 1039 1092 1041 1198 1082 1188 75 162 66 174 68 102 67 139 0 18 229 248 245 254 72 100 3 79 0 0 0 0 0 0 0 0 2 1 115988 279562 2073598 0 0 0 0 0 2073598 2073598 0 2073598 0 0 0 0 0 2073598 2073598 0 2073600 0 2 18 276211 990720 993600 67524 67535 70567 70585 18 18 18 18 43 4 4 4 4 1920 1080 
[11655.522433] MESSAGE_B= 0 4 4 133 2 1 192 0 248 179 0 1013 1105 1056 1112 1065 1197 1107 1242 71 173 83 193 57 127 64 189 0 18 241 236 250 242 11 74 6 55 0 0 0 0 0 0 0 0 2 1 42916 414142 2073598 0 0 0 0 0 2073598 2073598 0 2073598 0 0 0 0 0 2073598 2073598 0 2073600 0 2 18 275751 994560 993600 67512 67499 70406 70334 18 18 18 18 43 4 4 4 4 1920 1080 
[11655.795428] MESSAGE_B= 0 0 4 133 2 1 192 0 248 179 0 1046 938 1068 829 1099 991 1108 848 74 225 77 255 63 250 59 378 0 18 243 247 241 251 82 21 130 11 0 2 0 2 0 0 0 2 2 1 52718 266306 2073598 0 0 0 0 0 2073598 2073598 0 2073598 0 0 0 0 0 2073598 2073598 0 2073600 0 2 18 274748 990720 993600 70095 64222 72985 67446 18 18 18 18 39 0 0 0 0 1920 1080 
[11656.067423] MESSAGE_B= 0 0 4 133 3 1 192 0 248 179 0 1043 816 1099 831 1092 852 1137 867 70 253 96 173 69 389 62 296 0 18 243 246 253 249 73 6 81 25 0 2 0 2 0 2 0 2 3 1 83588 412516 2073598 0 0 0 0 0 2073598 2073598 0 2073598 0 0 0 0 0 2073598 2073598 0 2073600 0 2 18 273835 994560 993600 74759 58949 78328 61799 18 18 18 18 40 0 0 0 0 1920 1080 
[11656.339432] MESSAGE_B= 0 0 4 132 3 1 192 0 248 179 0 1066 895 1120 939 1120 951 1173 994 80 121 114 97 62 168 63 114 0 18 243 234 248 238 39 63 98 73 0 0 0 0 0 0 0 0 3 1 140260 280042 2073598 0 0 0 0 0 2073598 2073598 0 2073598 0 0 0 0 0 2073598 2073598 0 2073600 0 2 18 274194 990720 993600 74344 59899 78153 61798 18 18 18 18 40 4 4 0 4 1920 1080 
[11656.611433] MESSAGE_B= 0 0 0 134 3 1 192 0 248 179 0 1076 937 1134 958 1138 993 1205 999 102 95 136 86 65 107 65 99 0 18 244 250 232 245 99 69 140 85 0 0 0 0 0 0 0 0 3 1 139442 427256 2073598 0 0 0 0 0 2073598 2073598 0 2073598 0 0 0 0 0 2073598 2073598 0 2073600 0 2 18 274168 994560 993600 74922 59145 77925 62176 18 18 18 18 42 4 4 0 4 1920 1080 
[11656.762427] MESSAGE_B= 0 0 0 133 3 1 192 0 248 179 0 1096 967 1136 1000 1171 1012 1223 1057 142 92 149 76 103 101 54 69 0 18 252 246 203 229 93 86 109 41 0 0 0 0 0 0 0 0 3 1 141410 275914 2073598 0 0 0 0 0 2073598 2073598 0 2073598 0 0 0 0 0 2073598 2073598 0 2073600 0 2 18 273920 990720 993600 74863 59214 76882 62961 18 18 18 18 42 4 4 0 4 1920 1080 
[11657.035434] MESSAGE_B= 0 0 0 134 2 1 192 0 248 179 0 1101 992 1109 1034 1185 1044 1190 1084 176 63 167 68 153 62 109 61 0 18 247 235 255 247 75 24 100 26 0 0 0 0 0 0 0 0 2 1 140050 401104 2073598 0 0 0 0 0 2073598 2073598 0 2073598 0 0 0 0 0 2073598 2073598 0 2073600 0 2 18 273933 994560 993600 74606 59176 78185 61966 18 18 18 18 42 4 4 0 4 1920 1080 
[11657.308432] MESSAGE_B= 0 0 0 133 2 1 192 0 248 179 0 975 1000 989 1071 1162 1033 1066 1109 291 62 188 83 384 55 228 59 0 18 251 234 248 248 19 36 66 66 2 0 2 0 2 0 0 0 2 1 139364 276192 2073598 0 0 0 0 0 2073598 2073598 0 2073598 0 0 0 0 0 2073598 2073598 0 2073600 0 2 18 274071 990720 993600 74643 59515 78473 61440 18 18 18 18 42 0 0 0 0 1920 1080 
[11657.581432] MESSAGE_B= 0 0 0 132 3 1 192 0 248 179 0 865 1056 828 1095 952 1105 928 1130 245 68 275 83 429 66 421 52 0 18 251 245 254 250 51 112 12 165 0 0 0 0 2 0 2 0 3 1 139184 381782 2073598 0 0 0 0 0 2073598 2073598 0 2073598 0 0 0 0 0 2073598 2073598 0 2073600 0 2 18 274441 994560 993600 74706 59737 77848 62150 18 18 18 18 40 4 4 0 4 1920 1080 
[11657.854433] MESSAGE_B= 4 4 0 133 37 1 192 0 248 179 0 894 1044 896 1104 948 1095 971 1155 138 76 222 103 176 63 318 55 0 18 237 236 248 251 51 18 36 135 2 0 2 0 0 0 2 0 37 1 142506 274306 2073598 0 0 0 0 0 2073598 2073598 0 2073598 0 0 0 0 0 2073598 2073598 0 2073600 0 4 18 276080 990720 993600 67493 67482 70541 70564 18 18 18 18 40 4 4 4 4 1920 1080 
[11658.127433] MESSAGE_B= 0 4 0 133 2 1 192 0 248 179 0 970 1081 945 1135 1014 1147 1010 1206 92 98 99 132 103 62 122 72 0 18 243 243 245 241 76 34 43 91 0 0 0 0 0 0 0 0 2 1 125796 417762 2073598 0 0 0 0 0 2073598 2073598 0 2073598 0 0 0 0 0 2073598 2073598 0 2073600 0 2 18 275507 994560 993600 67430 67428 70290 70359 18 18 18 18 39 4 4 4 4 1920 1080 
[11658.400428] MESSAGE_B= 0 4 0 133 3 1 192 0 248 179 0 961 1081 937 1133 994 1149 993 1215 81 112 88 146 96 71 106 64 0 18 246 250 246 229 81 66 72 100 0 0 0 0 0 0 0 0 3 1 144926 283148 2073598 0 0 0 0 0 2073598 2073598 0 2073598 0 0 0 0 0 2073598 2073598 0 2073600 0 2 18 275983 990720 993600 67483 67509 70506 70485 18 18 18 18 30 4 4 4 4 1920 1080 
[11658.552427] MESSAGE_B= 0 7 0 133 3 0 192 0 248 179 0 0 0 0 0 0 0 0 0 0 0 0 0 0 0 0 0 1 12 0 0 0 0 0 0 0 0 1 1 1 1 1 1 1 1 3 0 94538 417608 2073598 0 0 0 0 0 2073598 2073598 0 2073598 0 0 0 0 0 2073598 2073598 0 2073600 0 2 12 512416 994560 993600 128104 128104 128104 128104 12 12 12 12 30 4 4 4 4 1920 1080 

