[10922.846429] MESSAGE_B= 0 0 0 121 2 1 192 0 248 179 0 1225 1050 1307 2246 16 16 1101 2281 293 159 320 206 0 0 218 117 0 18 62 67 0 0 0 93 35 0 0 2 2 2 2 2 2 1 2 1 312986 710436 2073598 0 0 0 0 0 2073598 2073598 0 2073598 0 0 0 0 0 2073598 2073598 0 2073600 0 2 18 413960 990720 993600 98065 106104 107593 102198 18 18 18 18 4 0 0 0 0 1920 1080 
[10923.118424] MESSAGE_B= 0 0 0 121 2 1 192 0 248 179 0 1232 1051 1305 2244 16 16 1054 2244 294 156 317 209 0 0 191 145 0 18 63 63 0 0 0 91 43 0 0 2 2 2 2 2 2 1 2 1 718910 440682 2073598 0 0 0 0 0 2073598 2073598 0 2073598 0 0 0 0 0 2073598 2073598 0 2073600 0 2 18 413663 994560 993600 97867 106156 107516 102124 18 18 18 18 3 0 0 0 0 1920 1080 
[10923.390434] MESSAGE_B= 0 0 0 121 2 1 192 0 248 179 0 1230 1044 1307 2243 16 16 1098 2264 285 152 314 210 0 0 255 131 0 18 62 57 0 0 0 84 34 0 0 2 2 2 2 2 2 1 2 1 312348 705950 2073598 0 0 0 0 0 2073598 2073598 0 2073598 0 0 0 0 0 2073598 2073598 0 2073600 0 2 18 413712 990720 993600 97742 106198 107587 102185 18 18 18 18 1 0 0 0 0 1920 1080 
[10923.662440] MESSAGE_B= 0 0 0 121 2 1 192 0 248 179 0 1231 1066 1312 2232 16 16 1136 2276 289 153 315 220 0 0 207 110 0 18 62 88 0 0 0 96 25 0 0 2 2 2 2 2 2 1 2 1 719192 441098 2073598 0 0 0 0 0 2073598 2073598 0 2073598 0 0 0 0 0 2073598 2073598 0 2073600 0 2 18 413925 994560 993600 97713 106218 107684 102310 18 18 18 18 2 0 0 0 0 1920 1080 
[10923.904429] MESSAGE_B= 0 0 0 121 2 1 192 0 248 179 0 1232 1055 1309 2243 16 16 1136 2277 287 145 315 214 0 0 208 114 0 18 63 62 0 0 0 94 22 0 0 2 2 2 2 2 2 1 2 1 311766 705606 2073598 0 0 0 0 0 2073598 2073598 0 2073598 0 0 0 0 0 2073598 2073598 0 2073600 0 2 18 413881 990720 993600 97679 106202 107697 102303 18 18 18 18 2 0 0 0 0 1920 1080 
[10924.176436] MESSAGE_B= 0 0 0 121 2 1 192 0 248 179 0 1266 1061 1288 2248 16 16 1078 2285 288 172 307 206 6 0 214 123 0 18 30 74 115 0 255 132 0 0 0 2 2 2 2 2 2 1 2 1 719034 440942 2073598 0 0 0 0 0 2073598 2073598 0 2073598 0 0 0 0 0 2073598 2073598 0 2073600 0 2 18 412716 994560 993600 97997 105156 108512 101051 18 18 18 18 5 0 0 0 0 1920 1080 
[10924.448428] MESSAGE_B= 0 0 0 124 1 1 192 0 248 179 0 1758 1162 1155 2282 16 16 16 2293 132 223 201 181 0 0 0 137 0 18 138 53 0 0 0 133 26 0 2 2 2 2 2 2 2 1 1 1 311212 706920 2073598 0 0 0 0 0 2073598 2073598 0 2073598 0 0 0 0 0 2073598 2073598 0 2073600 0 1 18 412950 990720 993600 98619 104849 122163 87319 18 18 18 18 36 0 0 0 0 1920 1080 
[10924.599426] MESSAGE_B= 0 0 0 124 3 1 192 0 248 179 0 2087 1340 1052 2260 0 16 0 2177 246 111 185 211 0 0 0 173 0 18 94 74 0 0 0 0 28 76 2 2 1 2 1 2 2 2 3 1 603616 451968 2073598 0 0 0 0 0 2073598 2073598 0 2073598 0 0 0 0 0 2073598 2073598 0 2073600 0 2 18 411865 994560 993600 98099 104467 126096 83203 18 18 18 18 36 0 0 0 0 1920 1080 
[10924.870451] MESSAGE_B= 0 0 0 125 2 1 192 0 248 179 0 2241 1075 1022 1425 2312 256 242 1524 208 273 130 269 78 307 302 271 0 18 50 156 55 147 0 12 39 44 2 2 2 2 1 2 2 2 2 1 430120 728890 2073598 0 0 0 0 0 2073598 2073598 0 2073598 0 0 0 0 0 2073598 2073598 0 2073600 0 2 18 411839 990720 993600 101296 101424 125624 83495 18 18 18 18 36 0 0 0 0 1920 1080 
[10925.143436] MESSAGE_B= 0 0 0 124 1 1 192 0 248 179 0 2285 1410 1155 1204 2276 182 265 474 169 106 208 217 121 226 275 193 0 18 76 1 78 209 0 19 88 33 2 2 2 2 1 2 2 2 1 1 545840 448416 2073598 0 0 0 0 0 2073598 2073598 0 2073598 0 0 0 0 0 2073598 2073598 0 2073600 0 1 18 411485 994560 993600 106948 95623 125499 83415 18 18 18 18 36 0 0 0 0 1920 1080 
[10925.416432] MESSAGE_B= 0 0 0 125 2 1 192 0 248 179 0 2236 2096 1359 1091 2159 0 16 0 236 261 110 183 151 0 0 0 0 18 77 9 0 0 104 0 0 13 2 2 2 1 2 1 2 2 2 1 427202 729792 2073598 0 0 0 0 0 2073598 2073598 0 2073598 0 0 0 0 0 2073598 2073598 0 2073600 0 2 18 412552 990720 993600 111640 91280 121520 88112 18 18 18 18 36 0 0 0 0 1920 1080 
[10925.687434] MESSAGE_B= 0 0 0 124 2 1 192 0 248 179 0 1451 2251 1148 1037 1413 2287 208 234 262 192 295 113 241 112 186 256 0 18 146 37 86 102 53 0 43 26 2 2 2 2 2 1 2 2 2 1 524454 489022 2073598 0 0 0 0 0 2073598 2073598 0 2073598 0 0 0 0 0 2073598 2073598 0 2073600 0 2 18 412212 994560 993600 107327 95617 106800 102468 18 18 18 18 31 0 0 0 0 1920 1080 
[10925.960439] MESSAGE_B= 0 0 0 124 2 1 192 0 248 179 0 1188 2270 1430 1144 335 2255 16 16 219 193 119 208 68 138 0 0 0 18 10 101 0 0 19 0 0 117 2 2 2 2 2 1 2 2 2 1 340804 709704 2073598 0 0 0 0 0 2073598 2073598 0 2073598 0 0 0 0 0 2073598 2073598 0 2073600 0 2 18 412726 990720 993600 104584 98664 90960 118518 18 18 18 18 28 0 0 0 0 1920 1080 
[10926.232433] MESSAGE_B= 0 0 0 124 2 1 192 0 248 179 0 1078 2233 2062 1318 0 2122 0 16 156 226 247 93 0 193 0 0 0 18 53 87 0 0 19 49 0 0 2 2 1 2 2 2 1 2 2 1 655586 486938 2073598 0 0 0 0 0 2073598 2073598 0 2073598 0 0 0 0 0 2073598 2073598 0 2073600 0 2 18 412778 994560 993600 104524 98916 83274 126064 18 18 18 18 29 0 0 0 0 1920 1080 
[10926.503427] MESSAGE_B= 0 0 0 125 5 1 192 0 248 179 0 1075 1448 2234 1167 244 1411 2298 266 112 286 213 298 299 245 104 305 0 18 20 152 73 181 27 131 0 1 2 0 2 2 2 2 1 2 5 1 443936 707256 2073598 0 0 0 0 0 2073598 2073598 0 2073598 0 0 0 0 0 2073598 2073598 0 2073600 0 2 18 411532 990720 993600 100435 101849 83695 125553 18 18 18 18 31 0 0 0 0 1920 1080 
[10926.655440] MESSAGE_B= 0 0 0 124 1 1 192 0 248 179 0 1115 1276 2262 1320 251 936 2304 263 201 244 198 230 305 249 105 296 0 18 88 28 84 239 130 29 0 15 2 2 2 2 2 2 1 2 1 1 531830 486734 2073598 0 0 0 0 0 2073598 2073598 0 2073598 0 0 0 0 0 2073598 2073598 0 2073600 0 1 18 411579 994560 993600 97546 104885 83546 125602 18 18 18 18 33 0 0 0 0 1920 1080 
[10926.911439] MESSAGE_B= 0 0 0 125 2 1 192 0 248 179 0 1236 1187 2287 2030 262 0 2277 0 233 115 175 233 262 0 119 0 0 18 13 235 82 0 142 15 0 0 2 2 2 1 2 2 2 1 2 1 410978 694524 2073598 0 0 0 0 0 2073598 2073598 0 2073598 0 0 0 0 0 2073598 2073598 0 2073600 0 2 18 411320 990720 993600 91878 110522 83963 124957 18 18 18 18 33 0 0 0 0 1920 1080 
[10927.183430] MESSAGE_B= 0 0 0 124 1 1 192 0 248 179 0 912 997 1405 2192 16 16 1664 2290 339 106 249 243 0 0 333 135 0 18 79 97 0 0 0 61 235 203 2 2 2 2 2 2 2 2 1 1 495700 484870 2073598 0 0 0 0 0 2073598 2073598 0 2073598 0 0 0 0 0 2073598 2073598 0 2073600 0 1 18 412055 994560 993600 92574 109842 96693 112946 18 18 18 18 36 0 0 0 0 1920 1080 
[10927.455440] MESSAGE_B= 0 0 0 125 1 1 192 0 248 179 0 1327 1150 1271 2259 257 259 923 2292 230 188 239 196 296 304 252 111 0 18 31 103 238 99 37 133 13 0 2 2 2 2 2 2 2 1 1 1 340994 691836 2073598 0 0 0 0 0 2073598 2073598 0 2073598 0 0 0 0 0 2073598 2073598 0 2073600 0 1 18 412037 990720 993600 98561 103873 113376 96227 18 18 18 18 36 0 0 0 0 1920 1080 
[10927.728439] MESSAGE_B= 0 0 0 124 2 1 192 0 248 179 0 2099 1350 1208 2280 0 256 0 2310 246 138 154 196 0 305 0 96 0 18 102 22 0 78 0 5 13 88 2 2 1 2 1 2 2 2 2 1 699018 458808 2073598 0 0 0 0 0 2073598 2073598 0 2073598 0 0 0 0 0 2073598 2073598 0 2073600 0 2 18 412093 994560 993600 98384 104385 124799 84525 18 18 18 18 36 0 0 0 0 1920 1080 
[10928.000430] MESSAGE_B= 0 0 0 125 2 1 192 0 248 179 0 2217 968 989 1342 2292 16 16 1642 212 315 116 268 153 0 0 354 0 18 65 18 0 0 0 0 48 78 2 2 2 2 1 2 2 2 2 1 428278 716990 2073598 0 0 0 0 0 2073598 2073598 0 2073598 0 0 0 0 0 2073598 2073598 0 2073600 0 2 18 412329 990720 993600 101095 102027 125810 83397 18 18 18 18 36 0 0 0 0 1920 1080 
[10928.272432] MESSAGE_B= 0 0 0 124 1 1 192 0 248 179 0 2275 1349 1123 1264 2264 177 224 750 172 199 208 241 107 210 200 175 0 18 110 31 26 179 0 35 129 31 2 2 2 2 1 2 2 2 1 1 522412 451848 2073598 0 0 0 0 0 2073598 2073598 0 2073598 0 0 0 0 0 2073598 2073598 0 2073600 0 1 18 411102 994560 993600 105072 97154 125584 83292 18 18 18 18 36 0 0 0 0 1920 1080 
[10928.545437] MESSAGE_B= 0 0 0 124 1 1 192 0 248 179 0 2272 2246 1368 1056 2283 0 267 0 205 193 111 175 115 0 277 0 0 18 6 95 52 0 111 0 53 25 2 2 2 1 0 1 2 2 1 1 413406 719702 2073598 0 0 0 0 0 2073598 2073598 0 2073598 0 0 0 0 0 2073598 2073598 0 2073600 0 1 18 411813 990720 993600 110867 91822 124070 85054 18 18 18 18 35 0 0 0 0 1920 1080 
[10928.817430] MESSAGE_B= 0 0 0 124 3 1 192 0 248 179 0 1359 2222 992 1050 1547 2277 16 16 271 218 308 102 370 126 0 0 0 18 76 108 0 0 25 0 0 44 2 2 2 2 2 1 2 2 3 1 476586 466754 2073598 0 0 0 0 0 2073598 2073598 0 2073598 0 0 0 0 0 2073598 2073598 0 2073600 0 2 18 413051 994560 993600 110076 93337 110565 99073 18 18 18 18 33 0 0 0 0 1920 1080 
[10928.968424] MESSAGE_B= 0 0 0 124 2 1 192 0 248 179 0 1313 2245 1245 1039 1097 2262 16 16 312 205 299 157 274 136 0 0 0 18 55 65 0 0 32 0 0 92 0 2 2 2 2 1 2 2 2 1 379648 700558 2073598 0 0 0 0 0 2073598 2073598 0 2073598 0 0 0 0 0 2073598 2073598 0 2073600 0 2 18 412921 990720 993600 105808 97382 102115 107616 18 18 18 18 32 0 0 0 0 1920 1080 
[10929.240430] MESSAGE_B= 0 0 0 124 2 1 192 0 248 179 0 1150 2281 1753 1159 16 2287 16 16 204 180 140 233 0 120 0 0 0 18 133 60 0 0 17 0 0 132 2 2 2 2 2 1 2 2 2 1 722532 494110 2073598 0 0 0 0 0 2073598 2073598 0 2073598 0 0 0 0 0 2073598 2073598 0 2073600 0 2 18 412899 994560 993600 104798 98566 87358 122177 18 18 18 18 28 0 0 0 0 1920 1080 
[10929.512428] MESSAGE_B= 0 0 0 124 2 1 192 0 248 179 0 953 1598 2232 967 144 1913 2296 268 68 469 216 367 119 212 113 272 0 18 88 179 88 112 39 64 0 45 2 2 2 2 2 2 1 2 2 1 407364 700324 2073598 0 0 0 0 0 2073598 2073598 0 2073598 0 0 0 0 0 2073598 2073598 0 2073600 0 2 18 411773 990720 993600 103732 99135 83203 125703 18 18 18 18 29 0 0 0 0 1920 1080 
[10929.785429] MESSAGE_B= 0 0 0 124 2 1 192 0 248 179 0 1065 1282 2257 1260 16 1080 2272 16 153 306 190 282 0 214 130 0 0 18 78 36 0 0 133 43 0 0 2 0 2 2 2 2 1 2 2 1 535084 500066 2073598 0 0 0 0 0 2073598 2073598 0 2073598 0 0 0 0 0 2073598 2073598 0 2073600 0 2 18 412670 994560 993600 99002 104381 83607 125680 18 18 18 18 32 0 0 0 0 1920 1080 
[10930.057428] MESSAGE_B= 0 0 0 124 4 1 192 0 248 179 0 1180 1162 2281 1722 266 154 2308 165 243 184 179 94 308 24 84 143 0 18 47 60 74 52 127 13 0 0 2 2 2 2 2 2 1 1 4 1 401568 706202 2073598 0 0 0 0 0 2073598 2073598 0 2073598 0 0 0 0 0 2073598 2073598 0 2073600 0 2 18 411552 990720 993600 92557 109851 83711 125433 18 18 18 18 33 0 0 0 0 1920 1080 
[10930.329428] MESSAGE_B= 0 0 0 124 1 1 192 0 248 179 0 867 1013 1397 2197 274 246 1884 2318 366 68 246 237 310 313 185 116 0 18 127 38 147 10 9 52 236 0 2 2 2 2 2 2 2 2 1 1 495376 476978 2073598 0 0 0 0 0 2073598 2073598 0 2073598 0 0 0 0 0 2073598 2073598 0 2073600 0 1 18 411796 994560 993600 91898 110300 94367 115231 18 18 18 18 35 0 0 0 0 1920 1080 
[10930.602442] MESSAGE_B= 0 0 0 124 2 1 192 0 248 179 0 1305 1062 1267 2250 16 16 962 2265 255 177 286 201 0 0 171 126 0 18 13 100 0 0 0 139 11 0 0 2 2 2 2 2 2 1 2 1 396166 705778 2073598 0 0 0 0 0 2073598 2073598 0 2073598 0 0 0 0 0 2073598 2073598 0 2073600 0 2 18 412144 990720 993600 97472 105059 109896 99717 18 18 18 18 35 0 0 0 0 1920 1080 
[10930.874433] MESSAGE_B= 0 0 0 125 3 1 192 0 248 179 0 1836 1187 1239 2292 0 252 0 2278 40 249 66 169 0 248 0 115 0 18 89 23 0 86 0 132 0 0 2 2 1 2 1 2 2 1 3 1 731458 464234 2073598 0 0 0 0 0 2073598 2073598 0 2073598 0 0 0 0 0 2073598 2073598 0 2073600 0 2 18 411638 994560 993600 98726 103869 122715 86328 18 18 18 18 34 0 0 0 0 1920 1080 
[10931.025433] MESSAGE_B= 0 0 0 124 2 1 192 0 248 179 0 2061 1318 1080 2233 0 16 0 2122 249 93 154 226 0 0 0 193 0 18 52 87 0 0 0 0 17 49 2 2 1 2 1 2 2 2 2 1 367580 711948 2073598 0 0 0 0 0 2073598 2073598 0 2073598 0 0 0 0 0 2073598 2073598 0 2073600 0 2 18 412782 990720 993600 98919 104521 126064 83278 18 18 18 18 36 0 0 0 0 1920 1080 
[10931.297430] MESSAGE_B= 0 0 0 124 2 1 192 0 248 179 0 2238 1166 1074 1448 2297 265 246 1411 203 301 116 286 107 304 298 245 0 18 19 152 66 181 0 2 27 131 2 2 2 2 1 2 2 2 2 1 531498 453282 2073598 0 0 0 0 0 2073598 2073598 0 2073598 0 0 0 0 0 2073598 2073598 0 2073600 0 2 18 411983 994560 993600 102314 100423 125551 83695 18 18 18 18 36 0 0 0 0 1920 1080 
[10931.570432] MESSAGE_B= 0 0 0 124 4 1 192 0 248 179 0 2273 1442 1131 1185 2262 16 16 341 186 117 209 220 150 0 0 66 0 18 98 14 0 0 0 0 107 19 2 2 2 2 1 2 2 2 4 1 402080 733984 2073598 0 0 0 0 0 2073598 2073598 0 2073598 0 0 0 0 0 2073598 2073598 0 2073600 0 2 18 411644 990720 993600 106960 95420 125591 83673 18 18 18 18 36 0 0 0 0 1920 1080 
[10931.842436] MESSAGE_B= 0 0 0 124 2 1 192 0 248 179 0 2141 2200 1328 960 2133 2227 16 16 336 239 108 70 180 155 0 0 0 18 9 105 0 0 99 0 0 36 2 2 2 2 2 1 2 2 2 1 518320 454058 2073598 0 0 0 0 0 2073598 2073598 0 2073598 0 0 0 0 0 2073598 2073598 0 2073600 0 2 18 412674 994560 993600 111403 91641 119679 89951 18 18 18 18 36 0 0 0 0 1920 1080 
[10932.114429] MESSAGE_B= 0 0 0 125 2 1 192 0 248 179 0 1415 2244 1173 1020 1281 2284 203 240 303 181 286 152 222 130 186 256 0 18 131 3 123 89 56 0 42 20 0 2 2 2 2 1 2 2 2 1 410808 700298 2073598 0 0 0 0 0 2073598 2073598 0 2073598 0 0 0 0 0 2073598 2073598 0 2073600 0 2 18 411550 990720 993600 105446 96898 104290 104916 18 18 18 18 32 0 0 0 0 1920 1080 
[10932.387424] MESSAGE_B= 0 0 0 124 3 1 192 0 248 179 0 1165 2276 1455 1141 216 2257 16 16 199 179 104 219 32 149 0 0 0 18 22 101 0 0 14 0 0 109 2 2 2 2 2 1 2 2 3 1 711108 489640 2073598 0 0 0 0 0 2073598 2073598 0 2073598 0 0 0 0 0 2073598 2073598 0 2073600 0 2 18 412371 994560 993600 104444 98506 89316 120105 18 18 18 18 27 0 0 0 0 1920 1080 
[10932.659443] MESSAGE_B= 0 0 0 125 1 1 192 0 248 179 0 980 2171 2234 1341 282 2160 2240 265 67 313 212 99 385 130 126 308 0 18 136 56 15 99 36 37 0 9 2 2 2 2 2 2 1 2 1 1 333858 699244 2073598 0 0 0 0 0 2073598 2073598 0 2073598 0 0 0 0 0 2073598 2073598 0 2073600 0 1 18 411881 990720 993600 104020 98714 83289 125858 18 18 18 18 30 0 0 0 0 1920 1080 
[10932.915433] MESSAGE_B= 0 0 0 124 5 1 192 0 248 179 0 1024 1416 2247 1171 193 1269 2261 202 163 310 196 285 180 227 96 188 0 18 30 132 2 118 24 52 0 70 2 0 2 2 2 2 1 2 5 1 545178 487610 2073598 0 0 0 0 0 2073598 2073598 0 2073598 0 0 0 0 0 2073598 2073598 0 2073600 0 2 18 411041 994560 993600 100437 101738 83280 125586 18 18 18 18 31 0 0 0 0 1920 1080 
[10933.188426] MESSAGE_B= 0 0 0 125 2 1 192 0 248 179 0 1245 1163 2252 1421 22 224 2241 24 199 201 219 107 9 35 154 8 0 18 127 20 255 0 130 28 0 19 2 2 2 2 2 2 1 2 2 1 411726 690066 2073598 0 0 0 0 0 2073598 2073598 0 2073598 0 0 0 0 0 2073598 2073598 0 2073600 0 2 18 413892 990720 993600 93749 110826 83737 125580 18 18 18 18 31 0 0 0 0 1920 1080 
[10933.339424] MESSAGE_B= 0 0 0 124 2 1 192 0 248 179 0 1341 1086 2278 2184 267 0 2276 0 125 180 192 234 277 0 105 0 0 18 6 53 75 0 56 18 79 0 2 2 2 1 2 2 0 1 2 1 527188 477006 2073598 0 0 0 0 0 2073598 2073598 0 2073598 0 0 0 0 0 2073598 2073598 0 2073600 0 2 18 411532 994560 993600 91883 110539 85034 124076 18 18 18 18 33 0 0 0 0 1920 1080 
[10933.611423] MESSAGE_B= 0 0 0 125 2 1 192 0 248 179 0 1000 1050 1354 2222 16 16 1547 2277 311 101 271 218 0 0 370 126 0 18 76 110 0 0 0 44 25 0 2 2 2 2 2 2 2 1 2 1 412604 693508 2073598 0 0 0 0 0 2073598 2073598 0 2073598 0 0 0 0 0 2073598 2073598 0 2073600 0 2 18 413073 990720 993600 93342 110077 99088 110566 18 18 18 18 34 0 0 0 0 1920 1080 
[10933.883426] MESSAGE_B= 0 0 0 124 1 1 192 0 248 179 0 1343 1124 1264 2274 186 222 769 2258 203 204 244 183 212 199 161 112 0 18 36 98 179 1 55 129 33 0 2 2 2 2 2 2 2 1 1 1 678416 470916 2073598 0 0 0 0 0 2073598 2073598 0 2073598 0 0 0 0 0 2073598 2073598 0 2073600 0 1 18 411613 994560 993600 99177 103214 114316 94906 18 18 18 18 34 0 0 0 0 1920 1080 
[10934.156426] MESSAGE_B= 0 0 0 124 1 1 192 0 248 179 0 1942 1373 1209 2262 0 21 0 2245 199 117 213 212 0 9 0 148 0 18 71 10 0 255 0 189 21 77 2 2 1 2 1 2 2 0 1 1 305080 708136 2073598 0 0 0 0 0 2073598 2073598 0 2073598 0 0 0 0 0 2073598 2073598 0 2073600 0 1 18 414127 990720 993600 99184 105481 125451 84011 18 18 18 18 36 0 0 0 0 1920 1080 
[10934.428426] MESSAGE_B= 0 0 0 124 1 1 192 0 248 179 0 2205 1056 987 1375 2264 16 16 1501 211 293 123 283 147 0 0 352 0 18 50 111 0 0 0 0 46 55 2 2 2 2 2 2 2 2 1 1 551050 448520 2073598 0 0 0 0 0 2073598 2073598 0 2073598 0 0 0 0 0 2073598 2073598 0 2073600 0 1 18 411637 994560 993600 100840 101545 125760 83492 18 18 18 18 36 0 0 0 0 1920 1080 
[10934.701426] MESSAGE_B= 0 0 0 124 3 1 192 0 248 179 0 2269 1352 1153 1248 2308 221 260 784 187 214 205 237 87 300 305 280 0 18 101 34 88 226 0 9 114 40 2 2 2 2 1 2 2 2 3 1 420782 719440 2073598 0 0 0 0 0 2073598 2073598 0 2073598 0 0 0 0 0 2073598 2073598 0 2073600 0 2 18 412050 990720 993600 106234 96684 125543 83589 18 18 18 18 36 0 0 0 0 1920 1080 
[10934.974431] MESSAGE_B= 0 0 0 124 13 1 192 0 248 179 0 2253 1980 1332 1108 2296 0 16 0 218 229 111 196 133 0 0 0 0 18 51 67 0 0 83 0 0 25 2 2 2 1 2 1 2 2 13 1 536880 450550 2073598 0 0 0 0 0 2073598 2073598 0 2073598 0 0 0 0 0 2073598 2073598 0 2073600 0 2 18 411955 994560 993600 110685 91698 123370 86202 18 18 18 18 35 0 0 0 0 1920 1080 
[10935.246429] MESSAGE_B= 0 0 0 125 2 1 192 0 248 179 0 1405 2227 1114 1052 1429 2275 16 16 267 220 293 113 310 127 0 0 0 18 113 29 0 0 56 0 0 33 2 2 2 2 2 1 2 2 2 1 423270 713760 2073598 0 0 0 0 0 2073598 2073598 0 2073598 0 0 0 0 0 2073598 2073598 0 2073600 0 2 18 413255 990720 993600 109192 94292 108264 101507 18 18 18 18 34 0 0 0 0 1920 1080 
[10935.519425] MESSAGE_B= 0 0 0 125 3 1 192 0 248 179 0 1235 2280 1370 1149 609 2271 172 267 235 173 157 203 181 111 232 265 0 18 45 90 195 59 36 0 13 107 2 2 2 2 2 1 2 2 3 1 648850 490136 2073598 0 0 0 0 0 2073598 2073598 0 2073598 0 0 0 0 0 2073598 2073598 0 2073600 0 2 18 411738 994560 993600 103400 99223 92702 116413 18 18 18 18 28 0 0 0 0 1920 1080 
[10935.671436] MESSAGE_B= 0 0 0 125 2 1 192 0 248 179 0 1256 2290 1840 1206 0 2278 0 255 68 175 0 242 0 115 0 250 0 18 0 20 0 91 2 0 0 143 2 2 1 2 2 1 1 2 2 1 309634 702300 2073598 0 0 0 0 0 2073598 2073598 0 2073598 0 0 0 0 0 2073598 2073598 0 2073600 0 2 18 412108 990720 993600 104281 98728 86383 122716 18 18 18 18 28 0 0 0 0 1920 1080 
[10935.942428] MESSAGE_B= 0 0 0 124 3 1 192 0 248 179 0 963 1424 2214 849 188 1722 2277 218 114 236 206 302 183 263 124 199 0 18 68 124 7 33 61 237 0 44 2 2 2 2 2 2 1 2 3 1 558082 496540 2073598 0 0 0 0 0 2073598 2073598 0 2073598 0 0 0 0 0 2073598 2073598 0 2073600 0 2 18 411152 994560 993600 102715 99560 83100 125777 18 18 18 18 29 0 0 0 0 1920 1080 
[10936.215428] MESSAGE_B= 0 0 0 124 4 1 192 0 248 179 0 1095 1272 2245 1312 16 921 2279 16 186 261 211 252 0 174 122 0 0 18 110 4 0 0 137 37 0 0 2 2 2 2 2 2 1 2 4 1 428634 703018 2073598 0 0 0 0 0 2073598 2073598 0 2073598 0 0 0 0 0 2073598 2073598 0 2073600 0 2 18 412828 990720 993600 98196 105213 83677 125742 18 18 18 18 33 0 0 0 0 1920 1080 
[10936.487430] MESSAGE_B= 0 0 0 125 8 1 192 0 248 179 0 1231 1186 2282 1840 271 0 2308 0 244 57 184 0 308 0 92 0 0 18 27 0 99 0 155 12 0 0 2 2 2 1 2 2 1 1 8 1 544944 480118 2073598 0 0 0 0 0 2073598 2073598 0 2073598 0 0 0 0 0 2073598 2073598 0 2073600 0 2 18 411730 994560 993600 91697 110805 83946 125282 18 18 18 18 33 0 0 0 0 1920 1080 
[10936.758427] MESSAGE_B= 0 0 0 124 2 1 192 0 248 179 0 900 1023 1373 2133 16 16 1735 2283 360 136 253 250 0 0 291 173 0 18 57 144 0 0 0 54 170 0 2 2 2 2 2 2 2 2 2 1 433766 711402 2073598 0 0 0 0 0 2073598 2073598 0 2073598 0 0 0 0 0 2073598 2073598 0 2073600 0 2 18 411874 990720 993600 92218 110075 95613 113968 18 18 18 18 35 0 0 0 0 1920 1080 
[10937.030436] MESSAGE_B= 0 0 0 124 2 1 192 0 248 179 0 1314 1150 1270 2241 19 25 824 2248 246 161 249 215 8 8 163 136 0 18 8 119 45 50 156 146 50 0 2 2 2 2 2 2 2 1 2 1 611250 472916 2073598 0 0 0 0 0 2073598 2073598 0 2073598 0 0 0 0 0 2073598 2073598 0 2073600 0 2 18 414322 994560 993600 98190 106436 112359 97337 18 18 18 18 35 0 0 0 0 1920 1080 
[10937.302423] MESSAGE_B= 0 0 0 124 1 1 192 0 248 179 0 1891 1222 1328 2282 0 268 0 2308 163 236 164 185 0 311 0 85 0 18 247 28 0 84 0 138 1 0 2 2 1 2 1 2 2 1 1 1 322926 690750 2073598 0 0 0 0 0 2073598 2073598 0 2073598 0 0 0 0 0 2073598 2073598 0 2073600 0 1 18 411954 990720 993600 98433 104127 123396 85998 18 18 18 18 35 0 0 0 0 1920 1080 
[10937.453424] MESSAGE_B= 0 0 0 125 2 1 192 0 248 179 0 2176 1324 1023 2140 2243 16 16 2123 247 99 119 338 152 0 0 179 0 18 37 29 0 0 0 0 29 77 2 2 2 2 1 2 2 2 2 1 589448 455214 2073598 0 0 0 0 0 2073598 2073598 0 2073598 0 0 0 0 0 2073598 2073598 0 2073600 0 2 18 412760 994560 993600 99132 104333 125981 83314 18 18 18 18 36 0 0 0 0 1920 1080 
[10937.725431] MESSAGE_B= 0 0 0 124 1 1 192 0 248 179 0 2252 1183 1047 1369 2314 252 244 1269 203 294 157 330 97 300 300 244 0 18 26 97 94 200 0 15 45 44 2 0 2 2 1 2 2 2 1 1 421276 728982 2073598 0 0 0 0 0 2073598 2073598 0 2073598 0 0 0 0 0 2073598 2073598 0 2073600 0 1 18 411995 990720 993600 102857 99938 125537 83663 18 18 18 18 36 0 0 0 0 1920 1080 
[10937.998426] MESSAGE_B= 0 0 0 125 1 1 192 0 248 179 0 2252 1424 1248 1163 2241 24 23 224 219 119 203 201 154 8 9 35 0 18 124 25 255 0 0 19 129 28 2 2 2 2 1 2 2 2 1 1 544214 453514 2073598 0 0 0 0 0 2073598 2073598 0 2073598 0 0 0 0 0 2073598 2073598 0 2073600 0 1 18 413851 994560 993600 110818 93716 125580 83737 18 18 18 18 36 0 0 0 0 1920 1080 
[10938.270424] MESSAGE_B= 0 0 0 124 2 1 192 0 248 179 0 2050 2212 1289 922 2062 2251 228 182 443 206 166 106 136 108 203 170 0 18 163 24 3 192 53 0 45 43 2 2 2 2 2 1 2 2 2 1 426638 727484 2073598 0 0 0 0 0 2073598 2073598 0 2073598 0 0 0 0 0 2073598 2073598 0 2073600 0 2 18 411510 990720 993600 110365 91957 118564 90624 18 18 18 18 31 0 0 0 0 1920 1080 
[10938.543424] MESSAGE_B= 0 0 0 124 2 1 192 0 248 179 0 1321 2258 1218 1069 1144 2264 199 207 315 188 282 171 191 102 191 181 0 18 65 23 155 13 0 0 40 84 0 2 2 2 2 1 2 2 2 1 536180 491144 2073598 0 0 0 0 0 2073598 2073598 0 2073598 0 0 0 0 0 2073598 2073598 0 2073600 0 2 18 412430 994560 993600 104795 98247 102044 107344 18 18 18 18 31 0 0 0 0 1920 1080 
[10938.695430] MESSAGE_B= 0 0 0 124 2 1 192 0 248 179 0 1248 2269 1365 1141 778 2304 220 261 239 186 197 214 287 84 300 307 0 18 23 104 229 104 38 0 3 118 2 2 2 2 2 1 2 2 2 1 339780 700046 2073598 0 0 0 0 0 2073598 2073598 0 2073598 0 0 0 0 0 2073598 2073598 0 2073600 0 2 18 412550 990720 993600 103721 99376 93929 115524 18 18 18 18 28 0 0 0 0 1920 1080 
[10938.968425] MESSAGE_B= 0 0 0 124 2 1 192 0 248 179 0 1209 2262 1942 1373 0 2245 0 21 213 212 199 117 0 148 0 9 0 18 71 10 0 255 20 77 0 189 2 2 1 2 2 0 1 2 2 1 667226 493542 2073598 0 0 0 0 0 2073598 2073598 0 2073598 0 0 0 0 0 2073598 2073598 0 2073600 0 2 18 414131 994560 993600 105482 99182 84011 125456 18 18 18 18 28 0 0 0 0 1920 1080 
[10939.240425] MESSAGE_B= 0 0 0 124 3 1 192 0 248 179 0 1049 1409 2229 1096 16 1434 2278 16 127 269 218 285 0 308 133 0 0 18 58 143 0 0 36 38 0 0 2 2 2 2 2 2 1 2 3 1 441476 695928 2073598 0 0 0 0 0 2073598 2073598 0 2073598 0 0 0 0 0 2073598 2073598 0 2073600 0 2 18 411726 990720 993600 101354 101093 83513 125766 18 18 18 18 32 0 0 0 0 1920 1080 
[10939.512424] MESSAGE_B= 0 0 0 124 2 1 192 0 248 179 0 1137 1236 2280 1360 267 628 2272 178 214 236 174 159 263 172 125 234 0 18 78 36 62 194 106 35 0 2 2 2 2 2 2 2 1 2 2 1 524562 496268 2073598 0 0 0 0 0 2073598 2073598 0 2073598 0 0 0 0 0 2073598 2073598 0 2073600 0 2 18 411276 994560 993600 96460 105987 83291 125538 18 18 18 18 32 0 0 0 0 1920 1080 
[10939.664427] MESSAGE_B= 0 0 0 124 4 1 192 0 248 179 0 1180 1162 2281 1722 266 154 2308 165 243 184 179 94 308 24 84 143 0 18 47 60 74 52 127 13 0 0 2 2 2 2 2 2 1 1 4 1 420640 707448 2073598 0 0 0 0 0 2073598 2073598 0 2073598 0 0 0 0 0 2073598 2073598 0 2073600 0 2 18 411552 990720 993600 92557 109851 83711 125433 18 18 18 18 33 0 0 0 0 1920 1080 
[10939.936424] MESSAGE_B= 0 0 0 125 1 1 192 0 248 179 0 867 1013 1397 2197 274 246 1884 2318 366 68 246 237 310 313 185 116 0 18 127 38 147 10 9 52 236 0 2 2 2 2 2 2 2 2 1 1 467878 482420 2073598 0 0 0 0 0 2073598 2073598 0 2073598 0 0 0 0 0 2073598 2073598 0 2073600 0 1 18 411796 994560 993600 91898 110300 94367 115231 18 18 18 18 36 0 0 0 0 1920 1080 
[10940.209428] MESSAGE_B= 0 0 0 124 2 1 192 0 248 179 0 1307 1078 1276 2263 16 16 918 2285 251 183 268 194 0 0 169 119 0 18 15 79 0 0 0 138 31 0 2 2 2 2 2 2 2 1 2 1 362978 706306 2073598 0 0 0 0 0 2073598 2073598 0 2073598 0 0 0 0 0 2073598 2073598 0 2073600 0 2 18 412655 990720 993600 98475 104477 111013 98690 18 18 18 18 36 0 0 0 0 1920 1080 
[10940.481423] MESSAGE_B= 0 0 0 125 3 1 192 0 248 179 0 1836 1187 1239 2292 0 252 0 2278 40 249 66 169 0 248 0 115 0 18 89 23 0 86 0 132 0 0 2 2 1 2 1 2 2 1 3 1 723536 456770 2073598 0 0 0 0 0 2073598 2073598 0 2073598 0 0 0 0 0 2073598 2073598 0 2073600 0 2 18 411638 994560 993600 98726 103869 122715 86328 18 18 18 18 34 0 0 0 0 1920 1080 
[10940.753428] MESSAGE_B= 0 0 0 124 2 1 192 0 248 179 0 2109 916 1020 1363 2280 16 16 1702 235 374 148 255 167 0 0 318 0 18 109 37 0 0 19 49 56 242 2 2 2 2 2 2 2 2 2 1 397168 713846 2073598 0 0 0 0 0 2073598 2073598 0 2073598 0 0 0 0 0 2073598 2073598 0 2073600 0 2 18 411208 990720 993600 99603 102750 125766 83089 18 18 18 18 36 0 0 0 0 1920 1080 
[10940.904428] MESSAGE_B= 0 0 0 124 2 1 192 0 248 179 0 2245 1169 1042 1416 2276 208 243 1267 194 294 140 307 111 188 257 229 0 18 4 127 97 108 0 40 22 51 2 0 2 2 1 2 2 2 2 1 541068 449904 2073598 0 0 0 0 0 2073598 2073598 0 2073598 0 0 0 0 0 2073598 2073598 0 2073600 0 2 18 411666 994560 993600 102420 100366 125571 83309 18 18 18 18 36 0 0 0 0 1920 1080 
[10941.177421] MESSAGE_B= 0 0 0 124 4 1 192 0 248 179 0 2273 1450 1136 1184 2286 16 16 286 188 98 197 211 120 0 0 80 0 18 93 31 0 0 0 0 113 24 2 2 2 2 1 2 2 2 4 1 403600 716892 2073598 0 0 0 0 0 2073598 2073598 0 2073598 0 0 0 0 0 2073598 2073598 0 2073600 0 2 18 412018 990720 993600 107508 95179 125593 83738 18 18 18 18 36 0 0 0 0 1920 1080 
[10941.328430] MESSAGE_B= 0 0 0 125 3 1 192 0 248 179 0 2274 2050 1388 1157 2303 0 259 0 205 229 137 78 90 0 306 0 0 18 14 116 73 0 71 0 12 23 2 2 2 1 0 1 2 2 3 1 403600 716892 2073598 0 0 0 0 0 2073598 2073598 0 2073598 0 0 0 0 0 2073598 2073598 0 2073600 0 2 18 412568 990720 993600 111620 91597 124627 84724 18 18 18 18 36 0 0 0 0 1920 1080 
[10941.479426] MESSAGE_B= 0 0 0 125 2 1 192 0 248 179 0 2038 2187 1280 936 2082 2264 269 205 458 216 159 89 157 95 272 174 0 18 166 71 110 169 53 0 35 37 2 2 2 2 2 1 2 2 2 1 403600 716892 2073598 0 0 0 0 0 2073598 2073598 0 2073598 0 0 0 0 0 2073598 2073598 0 2073600 0 2 18 411720 990720 993600 110603 91894 118589 90634 18 18 18 18 36 0 0 0 0 1920 1080 
[10941.631424] MESSAGE_B= 0 0 0 125 2 1 192 0 248 179 0 1383 2204 1055 990 1507 2272 16 16 277 212 294 136 362 158 0 0 0 18 111 71 0 0 50 0 0 49 2 2 2 2 2 1 2 2 2 1 513964 455382 2073598 0 0 0 0 0 2073598 2073598 0 2073598 0 0 0 0 0 2073598 2073598 0 2073600 0 2 18 412109 994560 993600 108747 93733 109229 100400 18 18 18 18 32 0 0 0 0 1920 1080 
[10942.145434] MESSAGE_B= 0 0 0 124 2 1 192 0 248 179 0 1117 2281 2070 1354 0 2263 0 224 196 199 259 128 0 110 0 209 0 18 91 13 0 8 25 75 0 34 2 2 1 2 2 0 1 2 2 1 326344 711776 2073598 0 0 0 0 0 2073598 2073598 0 2073598 0 0 0 0 0 2073598 2073598 0 2073600 0 2 18 411615 990720 993600 104567 98143 83588 125317 18 18 18 18 29 0 0 0 0 1920 1080 
[10942.417426] MESSAGE_B= 0 0 0 124 5 1 192 0 248 179 0 1020 1343 2220 1016 16 1553 2285 16 117 272 220 319 0 357 128 0 0 18 79 45 0 0 42 13 0 0 2 2 2 2 2 2 1 2 5 1 547448 489706 2073598 0 0 0 0 0 2073598 2073598 0 2073598 0 0 0 0 0 2073598 2073598 0 2073600 0 2 18 412104 994560 993600 101936 100775 83600 125793 18 18 18 18 31 0 0 0 0 1920 1080 
[10942.689437] MESSAGE_B= 0 0 0 125 2 1 192 0 248 179 0 1154 1251 2265 1375 258 780 2304 220 205 238 195 193 304 289 105 299 0 18 107 26 79 225 116 43 0 47 2 2 2 2 2 2 1 2 2 1 417492 708422 2073598 0 0 0 0 0 2073598 2073598 0 2073598 0 0 0 0 0 2073598 2073598 0 2073600 0 2 18 411793 990720 993600 96672 105975 83596 125550 18 18 18 18 31 0 0 0 0 1920 1080 
[10942.962426] MESSAGE_B= 0 0 0 124 2 1 192 0 248 179 0 1330 1165 2268 1967 16 0 2256 0 110 211 203 222 0 0 156 0 0 18 50 45 0 0 0 9 72 0 2 2 2 1 2 2 0 1 2 1 537846 475636 2073598 0 0 0 0 0 2073598 2073598 0 2073598 0 0 0 0 0 2073598 2073598 0 2073600 0 2 18 411609 994560 993600 91360 110817 85326 124106 18 18 18 18 33 0 0 0 0 1920 1080 
[10943.233421] MESSAGE_B= 0 0 0 125 1 1 192 0 248 179 0 1062 1024 1371 2225 16 16 1499 2270 302 116 283 221 0 0 356 148 0 18 87 81 0 0 0 39 54 0 2 2 2 2 2 2 2 1 1 1 419610 693688 2073598 0 0 0 0 0 2073598 2073598 0 2073598 0 0 0 0 0 2073598 2073598 0 2073600 0 1 18 412525 990720 993600 93641 109290 100434 109160 18 18 18 18 35 0 0 0 0 1920 1080 
[10943.384422] MESSAGE_B= 0 0 0 124 2 1 192 0 248 179 0 1258 1065 1284 2249 16 16 1084 2284 280 163 308 202 0 0 205 122 0 18 34 81 0 0 0 129 16 0 0 2 2 2 2 2 2 1 2 1 650816 469284 2073598 0 0 0 0 0 2073598 2073598 0 2073598 0 0 0 0 0 2073598 2073598 0 2073600 0 2 18 413115 994560 993600 97996 105413 108560 101146 18 18 18 18 35 0 0 0 0 1920 1080 
[10943.656426] MESSAGE_B= 0 0 0 124 2 1 192 0 248 179 0 1716 1198 1150 2279 128 267 132 2308 109 220 189 185 139 307 42 84 0 18 67 40 129 69 0 123 14 0 2 2 2 2 2 2 2 1 2 1 317032 689420 2073598 0 0 0 0 0 2073598 2073598 0 2073598 0 0 0 0 0 2073598 2073598 0 2073600 0 2 18 412350 990720 993600 98829 104209 122023 87289 18 18 18 18 36 0 0 0 0 1920 1080 
[10943.929436] MESSAGE_B= 0 0 0 124 1 1 192 0 248 179 0 2231 831 957 1373 2324 265 238 1891 216 352 95 247 109 312 311 178 0 18 50 113 2 148 0 8 55 234 2 2 2 2 1 2 2 2 1 1 553652 452828 2073598 0 0 0 0 0 2073598 2073598 0 2073598 0 0 0 0 0 2073598 2073598 0 2073600 0 1 18 411958 994560 993600 99591 103229 125734 83404 18 18 18 18 36 0 0 0 0 1920 1080 
[10944.202427] MESSAGE_B= 0 0 0 124 3 1 192 0 248 179 0 2251 1288 1074 1265 2265 16 16 962 205 268 173 283 125 0 0 171 0 18 75 14 0 0 0 0 138 10 2 0 2 2 1 2 2 2 3 1 421916 725992 2073598 0 0 0 0 0 2073598 2073598 0 2073598 0 0 0 0 0 2073598 2073598 0 2073600 0 2 18 412172 990720 993600 104493 98401 125766 83512 18 18 18 18 36 0 0 0 0 1920 1080 
[10944.474436] MESSAGE_B= 0 0 0 125 1 1 192 0 248 179 0 2285 1835 1189 1220 2282 0 252 0 172 48 248 91 120 0 244 0 0 18 25 95 79 0 0 0 143 0 2 2 2 1 1 1 2 2 1 1 544174 450698 2073598 0 0 0 0 0 2073598 2073598 0 2073598 0 0 0 0 0 2073598 2073598 0 2073600 0 1 18 411352 994560 993600 110311 92176 125530 83335 18 18 18 18 36 0 0 0 0 1920 1080 
[10944.625428] MESSAGE_B= 0 0 0 125 2 1 192 0 248 179 0 2219 2068 1336 1082 2123 0 16 0 233 245 79 152 198 0 0 0 0 18 159 42 0 0 64 0 0 16 2 2 2 1 2 1 2 2 2 1 430668 726396 2073598 0 0 0 0 0 2073598 2073598 0 2073598 0 0 0 0 0 2073598 2073598 0 2073600 0 2 18 412829 990720 993600 112103 91172 120537 89017 18 18 18 18 36 0 0 0 0 1920 1080 
[10944.896438] MESSAGE_B= 0 0 0 124 2 1 192 0 248 179 0 1460 2261 1158 1027 1419 2308 256 237 286 186 291 129 243 109 305 299 0 18 162 24 187 60 128 0 2 32 2 2 2 2 2 1 2 2 2 1 573848 483206 2073598 0 0 0 0 0 2073598 2073598 0 2073598 0 0 0 0 0 2073598 2073598 0 2073600 0 2 18 412118 994560 993600 106489 96139 105618 103872 18 18 18 18 30 0 0 0 0 1920 1080 
[10945.169429] MESSAGE_B= 0 0 0 124 2 1 192 0 248 179 0 1188 2270 1430 1144 335 2255 16 16 219 193 119 208 68 138 0 0 0 18 10 101 0 0 19 0 0 117 2 2 2 2 2 1 2 2 2 1 340436 698992 2073598 0 0 0 0 0 2073598 2073598 0 2073598 0 0 0 0 0 2073598 2073598 0 2073600 0 2 18 412726 990720 993600 104584 98664 90960 118518 18 18 18 18 28 0 0 0 0 1920 1080 
[10945.441436] MESSAGE_B= 0 0 0 125 3 1 192 0 248 179 0 1013 2155 2119 1318 16 2149 2227 16 117 330 257 105 0 142 155 0 0 18 57 38 0 0 28 67 0 0 2 2 2 2 2 2 1 2 3 1 619988 485656 2073598 0 0 0 0 0 2073598 2073598 0 2073598 0 0 0 0 0 2073598 2073598 0 2073600 0 2 18 412466 994560 993600 104395 98734 83365 125972 18 18 18 18 30 0 0 0 0 1920 1080 
[10945.713433] MESSAGE_B= 0 0 0 124 5 1 192 0 248 179 0 1045 1416 2234 1177 197 1266 2262 203 152 307 196 290 181 229 107 187 0 18 29 126 11 116 25 51 0 44 2 0 2 2 2 2 1 2 5 1 438386 694750 2073598 0 0 0 0 0 2073598 2073598 0 2073598 0 0 0 0 0 2073598 2073598 0 2073600 0 2 18 411286 990720 993600 100330 102066 83320 125570 18 18 18 18 31 0 0 0 0 1920 1080 
[10945.865436] MESSAGE_B= 0 0 0 124 1 1 192 0 248 179 0 1115 1276 2262 1320 251 936 2304 263 201 244 198 230 305 249 105 296 0 18 88 28 84 239 130 29 0 15 2 2 2 2 2 2 1 2 1 1 535014 482580 2073598 0 0 0 0 0 2073598 2073598 0 2073598 0 0 0 0 0 2073598 2073598 0 2073600 0 1 18 411579 994560 993600 97546 104885 83546 125602 18 18 18 18 31 0 0 0 0 1920 1080 
[10946.138435] MESSAGE_B= 0 0 0 125 2 1 192 0 248 179 0 1395 1116 2275 2028 274 0 2262 0 124 171 201 245 272 0 117 0 0 18 44 16 61 0 49 19 70 0 2 2 2 1 2 2 0 1 2 1 418390 712812 2073598 0 0 0 0 0 2073598 2073598 0 2073598 0 0 0 0 0 2073598 2073598 0 2073600 0 2 18 411607 990720 993600 91532 111014 85004 124057 18 18 18 18 33 0 0 0 0 1920 1080 
[10946.410436] MESSAGE_B= 0 0 0 124 2 1 192 0 248 179 0 1018 1029 1342 2218 16 16 1593 2281 325 129 275 227 0 0 323 130 0 18 53 60 0 0 0 45 66 0 2 2 2 2 2 2 2 1 2 1 495630 484872 2073598 0 0 0 0 0 2073598 2073598 0 2073598 0 0 0 0 0 2073598 2073598 0 2073600 0 2 18 412847 994560 993600 93291 109820 99121 110615 18 18 18 18 34 0 0 0 0 1920 1080 
[10946.682435] MESSAGE_B= 0 0 0 124 1 1 192 0 248 179 0 1340 1139 1263 2271 177 225 748 2259 208 208 242 182 209 205 179 107 0 18 40 102 182 0 20 128 35 0 2 2 2 2 2 2 2 1 1 1 341258 703620 2073598 0 0 0 0 0 2073598 2073598 0 2073598 0 0 0 0 0 2073598 2073598 0 2073600 0 1 18 411824 990720 993600 99116 103516 114275 94917 18 18 18 18 34 0 0 0 0 1920 1080 
[10946.924435] MESSAGE_B= 0 0 0 124 2 1 192 0 248 179 0 2099 1350 1208 2280 0 256 0 2310 246 138 154 196 0 305 0 96 0 18 102 22 0 78 0 5 13 88 2 2 1 2 1 2 2 2 2 1 689914 456716 2073598 0 0 0 0 0 2073598 2073598 0 2073598 0 0 0 0 0 2073598 2073598 0 2073600 0 2 18 412093 994560 993600 98384 104385 124799 84525 18 18 18 18 36 0 0 0 0 1920 1080 
[10947.196434] MESSAGE_B= 0 0 0 124 2 1 192 0 248 179 0 2217 968 989 1342 2292 16 16 1642 212 315 116 268 153 0 0 354 0 18 65 18 0 0 0 0 48 78 2 2 2 2 1 2 2 2 2 1 428854 727536 2073598 0 0 0 0 0 2073598 2073598 0 2073598 0 0 0 0 0 2073598 2073598 0 2073600 0 2 18 412329 990720 993600 101095 102027 125810 83397 18 18 18 18 36 0 0 0 0 1920 1080 
[10947.468429] MESSAGE_B= 0 0 0 125 1 1 192 0 248 179 0 2272 1331 1111 1276 2309 246 249 921 180 226 198 245 101 294 303 256 0 18 75 26 101 238 0 44 128 30 2 2 2 2 1 2 2 2 1 1 522412 451848 2073598 0 0 0 0 0 2073598 2073598 0 2073598 0 0 0 0 0 2073598 2073598 0 2073600 0 1 18 411809 994560 993600 105109 97561 125592 83547 18 18 18 18 35 0 0 0 0 1920 1080 
[10947.741446] MESSAGE_B= 0 0 0 124 1 1 192 0 248 179 0 2272 2246 1368 1056 2283 0 267 0 205 193 111 175 115 0 277 0 0 18 6 95 52 0 111 0 53 25 2 2 2 1 0 1 2 2 1 1 407258 733148 2073598 0 0 0 0 0 2073598 2073598 0 2073598 0 0 0 0 0 2073598 2073598 0 2073600 0 1 18 411813 990720 993600 110867 91822 124070 85054 18 18 18 18 35 0 0 0 0 1920 1080 
[10947.892437] MESSAGE_B= 0 0 0 124 2 1 192 0 248 179 0 1943 2238 1217 934 2066 2258 264 232 491 211 262 97 121 98 311 350 0 18 184 19 176 83 132 0 22 45 2 2 2 2 2 1 2 2 2 1 484334 470406 2073598 0 0 0 0 0 2073598 2073598 0 2073598 0 0 0 0 0 2073598 2073598 0 2073600 0 2 18 412075 994560 993600 110549 92092 117482 91952 18 18 18 18 33 0 0 0 0 1920 1080 
[10948.165435] MESSAGE_B= 0 0 0 124 2 1 192 0 248 179 0 1313 2245 1245 1039 1097 2262 16 16 312 205 299 157 274 136 0 0 0 18 55 65 0 0 32 0 0 92 0 2 2 2 2 1 2 2 2 1 388966 699452 2073598 0 0 0 0 0 2073598 2073598 0 2073598 0 0 0 0 0 2073598 2073598 0 2073600 0 2 18 412921 990720 993600 105808 97382 102115 107616 18 18 18 18 32 0 0 0 0 1920 1080 
[10948.437428] MESSAGE_B= 0 0 0 124 2 1 192 0 248 179 0 1150 2281 1753 1159 16 2287 16 16 204 180 140 233 0 120 0 0 0 18 133 60 0 0 17 0 0 132 2 2 2 2 2 1 2 2 2 1 731102 491092 2073598 0 0 0 0 0 2073598 2073598 0 2073598 0 0 0 0 0 2073598 2073598 0 2073600 0 2 18 412899 994560 993600 104798 98566 87358 122177 18 18 18 18 28 0 0 0 0 1920 1080 
[10948.709443] MESSAGE_B= 0 0 0 125 2 1 192 0 248 179 0 953 1598 2232 967 144 1913 2296 268 68 469 216 367 119 212 113 272 0 18 88 179 88 112 39 64 0 45 2 2 2 2 2 2 1 2 2 1 379926 699386 2073598 0 0 0 0 0 2073598 2073598 0 2073598 0 0 0 0 0 2073598 2073598 0 2073600 0 2 18 411773 990720 993600 103732 99135 83203 125703 18 18 18 18 29 0 0 0 0 1920 1080 
[10948.982434] MESSAGE_B= 0 0 0 124 2 1 192 0 248 179 0 1065 1282 2257 1260 16 1080 2272 16 153 306 190 282 0 214 130 0 0 18 78 36 0 0 133 43 0 0 2 0 2 2 2 2 1 2 2 1 536870 496638 2073598 0 0 0 0 0 2073598 2073598 0 2073598 0 0 0 0 0 2073598 2073598 0 2073600 0 2 18 412670 994560 993600 99002 104381 83607 125680 18 18 18 18 32 0 0 0 0 1920 1080 
[10949.133428] MESSAGE_B= 0 0 0 124 6 1 192 0 248 179 0 1148 1219 2274 1385 252 626 2300 239 214 232 184 154 309 286 107 298 0 18 83 24 94 234 78 41 0 9 2 2 2 2 2 2 1 2 6 1 406678 709560 2073598 0 0 0 0 0 2073598 2073598 0 2073598 0 0 0 0 0 2073598 2073598 0 2073600 0 2 18 411725 990720 993600 96067 106486 83666 125506 18 18 18 18 32 0 0 0 0 1920 1080 
[10949.406430] MESSAGE_B= 0 0 0 125 2 1 192 0 248 179 0 1353 1093 2248 2090 16 0 2155 0 112 180 222 255 0 0 152 0 0 18 60 19 0 0 0 13 90 0 2 2 2 1 2 2 2 1 2 1 515004 478436 2073598 0 0 0 0 0 2073598 2073598 0 2073598 0 0 0 0 0 2073598 2073598 0 2073600 0 2 18 412613 994560 993600 91304 111648 88116 121545 18 18 18 18 34 0 0 0 0 1920 1080 
[10949.677442] MESSAGE_B= 0 0 0 124 1 1 192 0 248 179 0 1160 1045 1456 2247 208 233 1414 2278 297 111 269 203 186 256 248 120 0 18 160 7 91 99 44 24 68 0 2 2 2 2 2 2 2 1 1 1 409428 709836 2073598 0 0 0 0 0 2073598 2073598 0 2073598 0 0 0 0 0 2073598 2073598 0 2073600 0 1 18 411810 990720 993600 95515 107005 102423 106867 18 18 18 18 35 0 0 0 0 1920 1080 
[10949.933432] MESSAGE_B= 0 0 0 124 2 1 192 0 248 179 0 1397 1164 1218 2273 241 255 620 2300 157 202 229 181 300 310 293 110 0 18 19 111 234 93 15 83 41 0 2 2 2 2 2 2 2 1 2 1 697766 468086 2073598 0 0 0 0 0 2073598 2073598 0 2073598 0 0 0 0 0 2073598 2073598 0 2073600 0 2 18 412215 994560 993600 98815 103985 117501 91914 18 18 18 18 35 0 0 0 0 1920 1080 
[10950.206443] MESSAGE_B= 0 0 0 124 3 1 192 0 248 179 0 2033 1365 1076 2242 0 16 0 2154 256 122 169 230 0 0 0 156 0 18 39 26 0 0 0 0 23 55 2 2 1 2 1 2 2 2 3 1 307732 707988 2073598 0 0 0 0 0 2073598 2073598 0 2073598 0 0 0 0 0 2073598 2073598 0 2073600 0 2 18 412098 990720 993600 98217 104572 126164 83145 18 18 18 18 36 0 0 0 0 1920 1080 
[10950.477425] MESSAGE_B= 0 0 0 125 3 1 192 0 248 179 0 2227 1150 1064 1446 2272 215 241 1409 207 297 102 265 131 182 254 250 0 18 9 153 82 91 0 36 24 57 2 2 2 2 1 2 2 2 3 1 545094 452664 2073598 0 0 0 0 0 2073598 2073598 0 2073598 0 0 0 0 0 2073598 2073598 0 2073600 0 2 18 411537 994560 993600 101723 100946 125590 83278 18 18 18 18 36 0 0 0 0 1920 1080 
[10950.629423] MESSAGE_B= 0 0 0 124 3 1 192 0 248 179 0 2258 1327 1085 1266 2269 16 16 818 197 240 197 253 135 0 0 152 0 18 100 14 0 0 0 0 130 4 2 2 2 2 1 2 2 2 3 1 418636 721340 2073598 0 0 0 0 0 2073598 2073598 0 2073598 0 0 0 0 0 2073598 2073598 0 2073600 0 2 18 411762 990720 993600 104895 97672 125742 83453 18 18 18 18 36 0 0 0 0 1920 1080 
[10950.901429] MESSAGE_B= 0 0 0 124 1 1 192 0 248 179 0 2282 1840 1231 1186 2308 0 270 0 187 0 246 57 92 0 306 0 0 18 21 0 105 0 0 0 154 11 2 2 2 1 1 1 2 2 1 1 540114 455276 2073598 0 0 0 0 0 2073598 2073598 0 2073598 0 0 0 0 0 2073598 2073598 0 2073600 0 1 18 411713 994560 993600 110807 91684 125282 83940 18 18 18 18 35 0 0 0 0 1920 1080 
[10951.172427] MESSAGE_B= 0 0 0 124 2 1 192 0 248 179 0 1376 2180 946 1008 1670 2295 16 16 264 249 359 104 344 139 0 0 0 18 37 97 0 0 149 0 0 53 2 2 2 2 2 2 2 2 2 1 429426 728872 2073598 0 0 0 0 0 2073598 2073598 0 2073598 0 0 0 0 0 2073598 2073598 0 2073600 0 2 18 412177 990720 993600 110064 92446 112931 96736 18 18 18 18 32 0 0 0 0 1920 1080 
[10951.444425] MESSAGE_B= 0 0 0 125 8 1 192 0 248 179 0 1264 2240 1329 1149 789 2262 24 24 240 220 234 181 148 126 9 9 0 18 26 117 14 212 34 0 255 148 2 2 2 2 2 1 2 2 8 1 631820 493686 2073598 0 0 0 0 0 2073598 2073598 0 2073598 0 0 0 0 0 2073598 2073598 0 2073600 0 2 18 414484 994560 993600 105966 98702 96463 113353 18 18 18 18 30 0 0 0 0 1920 1080 
[10951.716429] MESSAGE_B= 0 0 0 124 2 1 192 0 248 179 0 1256 2288 1834 1248 0 2282 0 257 68 175 50 241 0 116 0 257 0 18 189 10 0 100 13 0 0 143 2 2 1 2 2 2 1 2 2 1 314338 710926 2073598 0 0 0 0 0 2073598 2073598 0 2073598 0 0 0 0 0 2073598 2073598 0 2073600 0 2 18 411798 990720 993600 104419 98367 84932 124080 18 18 18 18 28 0 0 0 0 1920 1080 
[10951.867428] MESSAGE_B= 0 0 0 125 1 1 192 0 248 179 0 980 2171 2234 1341 282 2160 2240 265 67 313 212 99 385 130 126 308 0 18 136 56 15 99 36 37 0 9 2 2 2 2 2 2 1 2 1 1 570232 494328 2073598 0 0 0 0 0 2073598 2073598 0 2073598 0 0 0 0 0 2073598 2073598 0 2073600 0 1 18 411881 994560 993600 104020 98714 83289 125858 18 18 18 18 28 0 0 0 0 1920 1080 
[10952.140426] MESSAGE_B= 0 0 0 124 3 1 192 0 248 179 0 1062 1321 2259 1225 203 1146 2264 196 171 313 186 277 182 193 103 188 0 18 30 57 0 154 83 0 0 38 2 0 2 2 2 2 1 2 3 1 424020 694798 2073598 0 0 0 0 0 2073598 2073598 0 2073598 0 0 0 0 0 2073598 2073598 0 2073600 0 2 18 410984 990720 993600 99496 102667 83332 125489 18 18 18 18 32 0 0 0 0 1920 1080 
[10952.413423] MESSAGE_B= 0 0 0 124 2 1 192 0 248 179 0 1227 1159 2251 1471 22 190 2262 23 203 196 221 126 9 26 134 11 0 18 82 66 255 187 123 21 0 255 2 2 2 2 2 2 1 2 2 1 551550 484548 2073598 0 0 0 0 0 2073598 2073598 0 2073598 0 0 0 0 0 2073598 2073598 0 2073600 0 2 18 413962 994560 993600 93562 110949 83913 125538 18 18 18 18 33 0 0 0 0 1920 1080 
[10952.685429] MESSAGE_B= 0 0 0 125 2 1 192 0 248 179 0 1293 933 2068 2201 228 284 2056 2282 157 84 430 221 203 311 137 138 0 18 165 26 12 207 46 41 127 0 2 2 2 2 2 2 2 1 2 1 426436 695310 2073598 0 0 0 0 0 2073598 2073598 0 2073598 0 0 0 0 0 2073598 2073598 0 2073600 0 2 18 411305 990720 993600 91923 110255 90595 118532 18 18 18 18 33 0 0 0 0 1920 1080 
[10952.927432] MESSAGE_B= 0 0 0 124 2 1 192 0 248 179 0 1186 1051 1368 2250 252 247 1270 2307 294 143 328 196 300 299 233 88 0 18 94 44 195 75 20 44 47 0 0 2 2 2 2 2 2 1 2 1 578058 484632 2073598 0 0 0 0 0 2073598 2073598 0 2073598 0 0 0 0 0 2073598 2073598 0 2073600 0 2 18 411984 994560 993600 97602 104874 106353 103155 18 18 18 18 34 0 0 0 0 1920 1080 
[10953.200422] MESSAGE_B= 0 0 0 124 1 1 192 0 248 179 0 1454 1145 1167 2276 16 16 216 2256 95 216 205 179 0 0 32 151 0 18 61 104 0 0 0 115 28 0 2 2 2 2 2 2 2 1 1 1 334812 705706 2073598 0 0 0 0 0 2073598 2073598 0 2073598 0 0 0 0 0 2073598 2073598 0 2073600 0 1 18 412318 990720 993600 98581 104311 120104 89322 18 18 18 18 36 0 0 0 0 1920 1080 
[10953.472428] MESSAGE_B= 0 0 0 125 1 1 192 0 248 179 0 2203 1289 938 2072 2291 269 268 2072 204 153 94 427 132 272 318 150 0 18 70 157 200 111 0 35 36 116 2 2 2 2 1 2 2 2 1 1 609772 454268 2073598 0 0 0 0 0 2073598 2073598 0 2073598 0 0 0 0 0 2073598 2073598 0 2073600 0 1 18 411318 994560 993600 98521 103915 125779 83103 18 18 18 18 36 0 0 0 0 1920 1080 
[10953.624424] MESSAGE_B= 0 0 0 124 1 1 192 0 248 179 0 2205 1056 987 1375 2264 16 16 1501 211 293 123 283 147 0 0 352 0 18 50 111 0 0 0 0 46 55 2 2 2 2 2 2 2 2 1 1 437014 728174 2073598 0 0 0 0 0 2073598 2073598 0 2073598 0 0 0 0 0 2073598 2073598 0 2073600 0 1 18 411637 990720 993600 100840 101545 125760 83492 18 18 18 18 36 0 0 0 0 1920 1080 
[10953.896427] MESSAGE_B= 0 0 0 124 3 1 192 0 248 179 0 2269 1352 1153 1248 2308 221 260 784 187 214 205 237 87 300 305 280 0 18 101 34 88 226 0 9 114 40 2 2 2 2 1 2 2 2 3 1 539064 452000 2073598 0 0 0 0 0 2073598 2073598 0 2073598 0 0 0 0 0 2073598 2073598 0 2073600 0 2 18 412050 994560 993600 106234 96684 125543 83589 18 18 18 18 36 0 0 0 0 1920 1080 
[10954.169424] MESSAGE_B= 0 0 0 124 4 1 192 0 248 179 0 2253 1980 1332 1108 2296 0 16 0 218 229 111 196 133 0 0 0 0 18 51 67 0 0 83 0 0 25 2 2 2 1 2 1 2 2 4 1 417840 720412 2073598 0 0 0 0 0 2073598 2073598 0 2073598 0 0 0 0 0 2073598 2073598 0 2073600 0 2 18 411955 990720 993600 110685 91698 123370 86202 18 18 18 18 34 0 0 0 0 1920 1080 
[10954.440426] MESSAGE_B= 0 0 0 125 2 1 192 0 248 179 0 1405 2227 1114 1052 1429 2275 16 16 267 220 293 113 310 127 0 0 0 18 113 29 0 0 56 0 0 33 2 2 2 2 2 1 2 2 2 1 498714 483658 2073598 0 0 0 0 0 2073598 2073598 0 2073598 0 0 0 0 0 2073598 2073598 0 2073600 0 2 18 413255 994560 993600 109192 94292 108264 101507 18 18 18 18 34 0 0 0 0 1920 1080 
[10954.712427] MESSAGE_B= 0 0 0 124 3 1 192 0 248 179 0 1235 2280 1370 1149 609 2271 172 267 235 173 157 203 181 111 232 265 0 18 45 90 195 59 36 0 13 107 2 2 2 2 2 1 2 2 3 1 344354 702300 2073598 0 0 0 0 0 2073598 2073598 0 2073598 0 0 0 0 0 2073598 2073598 0 2073600 0 2 18 411738 990720 993600 103400 99223 92702 116413 18 18 18 18 28 0 0 0 0 1920 1080 
[10954.864428] MESSAGE_B= 0 0 0 125 3 1 192 0 248 179 0 1188 2282 1718 1188 132 2309 132 266 189 177 89 240 42 98 146 307 0 18 49 43 127 63 10 0 0 120 2 2 2 2 2 1 1 2 3 1 705502 486618 2073598 0 0 0 0 0 2073598 2073598 0 2073598 0 0 0 0 0 2073598 2073598 0 2073600 0 2 18 412463 994560 993600 104465 98711 87278 122009 18 18 18 18 29 0 0 0 0 1920 1080 
[10955.136427] MESSAGE_B= 0 0 0 124 3 1 192 0 248 179 0 963 1424 2214 849 188 1722 2277 218 114 236 206 302 183 263 124 199 0 18 68 124 7 33 61 237 0 44 2 2 2 2 2 2 1 2 3 1 422832 715276 2073598 0 0 0 0 0 2073598 2073598 0 2073598 0 0 0 0 0 2073598 2073598 0 2073600 0 2 18 411152 990720 993600 102715 99560 83100 125777 18 18 18 18 29 0 0 0 0 1920 1080 
[10955.409427] MESSAGE_B= 0 0 0 124 4 1 192 0 248 179 0 1095 1272 2245 1312 16 921 2279 16 186 261 211 252 0 174 122 0 0 18 110 4 0 0 137 37 0 0 2 2 2 2 2 2 1 2 4 1 523574 497718 2073598 0 0 0 0 0 2073598 2073598 0 2073598 0 0 0 0 0 2073598 2073598 0 2073600 0 2 18 412828 994560 993600 98196 105213 83677 125742 18 18 18 18 33 0 0 0 0 1920 1080 
[10955.681427] MESSAGE_B= 0 0 0 125 8 1 192 0 248 179 0 1192 1256 2292 1837 253 0 2277 0 238 87 159 35 250 0 121 0 0 18 25 188 92 0 144 6 0 0 2 2 2 1 2 2 1 1 8 1 402816 704796 2073598 0 0 0 0 0 2073598 2073598 0 2073598 0 0 0 0 0 2073598 2073598 0 2073600 0 2 18 411233 990720 993600 92171 110165 83358 125539 18 18 18 18 33 0 0 0 0 1920 1080 
[10955.936429] MESSAGE_B= 0 0 0 124 2 1 192 0 248 179 0 846 955 1423 2227 217 188 1719 2277 301 109 234 211 200 180 260 124 0 18 122 98 35 8 51 65 237 0 2 2 2 2 2 2 2 1 2 1 481346 474788 2073598 0 0 0 0 0 2073598 2073598 0 2073598 0 0 0 0 0 2073598 2073598 0 2073600 0 2 18 411358 994560 993600 92756 109401 95278 113923 18 18 18 18 36 0 0 0 0 1920 1080 
[10956.209426] MESSAGE_B= 0 0 0 124 2 1 192 0 248 179 0 1211 1017 1357 2242 16 16 1161 2282 304 152 332 203 0 0 233 130 0 18 89 68 0 0 0 61 2 0 0 2 2 2 2 2 2 1 2 1 394812 689502 2073598 0 0 0 0 0 2073598 2073598 0 2073598 0 0 0 0 0 2073598 2073598 0 2073600 0 2 18 412920 990720 993600 96852 106318 106337 103413 18 18 18 18 36 0 0 0 0 1920 1080 

