SAGE_B= 4 0 0 255 22 0 192 0 248 179 0 2208 2272 2272 2224 2191 2251 2244 2200 40 0 0 0 120 131 125 124 0 25 0 0 245 233 0 0 0 0 0 0 0 0 2 2 2 2 22 0 24004 966550 234388 213902 119110 180310 137838 262172 190006 119576 254090 2 106742 107710 40700 42624 36506 214434 115662 39352 2073600 2073600 4 25 173109 990720 993600 85846 85562 82705 83889 25 25 12 12 3 4 0 0 0 1920 1080 
[10715.701983] MESSAGE_B= 4 0 0 255 22 0 192 0 248 179 0 2208 2272 2272 2224 2191 2252 2244 2200 40 0 0 0 123 119 125 131 0 25 0 0 245 233 0 0 0 0 0 0 0 0 2 2 2 2 22 0 23894 991944 234388 213902 119110 180310 137838 262172 190006 119576 254090 2 106742 107710 40700 42624 36506 214434 115662 39352 2073600 2073600 4 25 173108 994560 993600 85846 85562 82704 83888 25 25 12 12 3 4 0 0 0 1920 1080 
[10715.980787] MESSAGE_B= 4 0 0 255 23 0 192 0 248 179 0 2208 2272 2272 2224 2190 2251 2244 2200 28 0 0 0 132 128 128 124 0 25 0 0 246 234 0 0 0 0 0 0 0 0 2 2 2 2 23 0 23840 966432 234388 213902 119110 180310 137838 262172 190006 119576 254090 2 106742 107710 40700 42624 36506 214434 115662 39352 2073600 2073600 4 25 173109 990720 993600 85846 85562 82705 83889 25 25 12 12 3 4 0 0 0 1920 1080 
[10716.256795] MESSAGE_B= 4 0 0 255 24 0 192 0 248 179 0 2209 2272 2272 2224 2216 2273 2265 2220 63 0 0 0 50 42 47 45 0 25 0 0 177 211 0 0 0 0 0 0 0 0 2 2 2 2 24 0 23272 991944 1374084 67566 138906 2 2 1373262 2 2 1376012 56596 81846 131450 2 51246 44092 2 2 48152 2073600 2073600 4 25 173153 994560 993600 85815 85562 82794 83987 25 25 12 12 3 0 0 0 0 1920 1080 
[10716.530954] MESSAGE_B= 4 0 0 255 21 0 192 0 248 179 0 2209 2272 2272 2224 2216 2273 2264 2219 63 0 0 0 67 33 73 55 0 25 0 0 216 233 0 0 0 0 0 0 0 0 2 2 2 2 21 0 23536 966528 1374084 67566 138906 2 2 1373262 2 2 1376012 56596 81846 131450 2 51246 44092 2 2 48152 2073600 2073600 4 25 173152 990720 993600 85815 85562 82796 83986 25 25 12 12 3 4 0 0 0 1920 1080 
[10716.809787] MESSAGE_B= 4 0 0 255 22 0 192 0 248 179 0 2208 2272 2272 2224 2191 2251 2244 2200 40 0 0 0 120 131 125 126 0 25 0 0 245 232 0 0 0 0 0 0 0 0 2 2 2 2 22 0 23000 991944 1374084 67566 138906 2 2 1373262 2 2 1376012 56596 81846 131450 2 51246 44092 2 2 48152 2073600 2073600 4 25 173109 994560 993600 85846 85562 82705 83888 25 25 12 12 3 4 0 0 0 1920 1080 
[10717.083786] MESSAGE_B= 4 0 0 255 24 0 192 0 248 179 0 2209 2272 2272 2224 2216 2273 2265 2220 63 0 0 0 50 42 53 37 0 25 0 0 189 187 0 0 0 0 0 0 0 0 2 2 2 2 24 0 23668 966520 1374084 67566 138906 2 2 1373262 2 2 1376012 56596 81846 131450 2 51246 44092 2 2 48152 2073600 2073600 4 25 173150 990720 993600 85814 85562 82793 83986 25 25 12 12 3 0 0 0 0 1920 1080 
[10717.236789] MESSAGE_B= 4 0 0 255 24 0 192 0 248 179 0 2208 2272 2272 2224 2191 2252 2244 2200 40 0 0 0 123 119 125 131 0 25 0 0 245 233 0 0 0 0 0 0 0 0 2 2 2 2 24 0 23124 991944 1374084 67566 138906 2 2 1373262 2 2 1376012 56596 81846 131450 2 51246 44092 2 2 48152 2073600 2073600 4 25 173108 994560 993600 85846 85562 82704 83888 25 25 12 12 3 4 0 0 0 1920 1080 
[10717.511807] MESSAGE_B= 4 0 0 255 23 0 192 0 248 179 0 2208 2272 2272 2224 2191 2251 2244 2200 40 0 0 0 124 130 125 127 0 25 0 0 244 232 0 0 0 0 0 0 0 0 2 2 2 2 23 0 23922 966436 1374084 67566 138906 2 2 1373262 2 2 1376012 56596 81846 131450 2 51246 44092 2 2 48152 2073600 2073600 4 25 173107 990720 993600 85845 85562 82704 83889 25 25 12 12 3 4 0 0 0 1920 1080 
[10717.790357] MESSAGE_B= 4 0 0 255 22 0 192 0 248 179 0 2209 2272 2272 2224 2216 2273 2265 2220 63 0 0 0 57 42 47 64 0 25 0 0 189 250 0 0 0 0 0 0 0 0 2 2 2 2 22 0 23680 991944 1374084 67566 138906 2 2 1373262 2 2 1376012 56596 81846 131450 2 51246 44092 2 2 48152 2073600 2073600 4 25 173153 994560 993600 85816 85562 82794 83988 25 25 12 12 3 0 0 0 0 1920 1080 
[10718.069246] MESSAGE_B= 4 0 0 255 24 0 192 0 248 179 0 2208 2272 2272 2224 2191 2251 2245 2200 40 0 0 0 129 120 117 117 0 25 0 0 246 234 0 0 0 0 0 0 0 0 2 2 2 2 24 0 24010 966364 1374084 67566 138906 2 2 1373262 2 2 1376012 56596 81846 131450 2 51246 44092 2 2 48152 2073600 2073600 4 25 173099 990720 993600 85844 85562 82697 83889 25 25 12 12 3 4 0 0 0 1920 1080 
[10718.352791] MESSAGE_B= 4 0 0 255 23 0 192 0 248 179 0 2209 2272 2272 2224 2216 2272 2265 2220 63 0 0 0 43 70 39 69 0 25 0 0 143 240 0 0 0 0 0 0 0 0 2 2 2 2 23 0 24792 991944 1374084 67566 138906 2 2 1373262 2 2 1376012 56596 81846 131450 2 51246 44092 2 2 48152 2073600 2073600 4 25 173154 994560 993600 85816 85562 82794 83988 25 25 12 12 3 4 0 0 0 1920 1080 
[10718.631804] MESSAGE_B= 4 0 0 255 22 0 192 0 248 179 0 2209 2272 2272 2224 2216 2273 2265 2220 63 0 0 0 50 42 53 37 0 25 0 0 189 187 0 0 0 0 0 0 0 0 2 2 2 2 22 0 23494 966354 1374098 2 2 1374868 1374954 1374836 2 2 1376030 55468 2 2 49488 44556 48646 2 2 47638 2073600 2073600 4 25 173150 990720 993600 85814 85562 82793 83986 25 25 12 12 3 0 0 0 0 1920 1080 
[10718.914782] MESSAGE_B= 4 0 0 255 23 0 192 0 248 179 0 2208 2272 2272 2224 2191 2251 2244 2200 40 0 0 0 120 131 125 124 0 25 0 0 245 233 0 0 0 0 0 0 0 0 2 2 2 2 23 0 22670 991944 1374098 2 2 1374868 1374954 1374836 2 2 1376030 55468 2 2 49488 44556 48646 2 2 47638 2073600 2073600 4 25 173109 994560 993600 85846 85562 82705 83889 25 25 12 12 3 4 0 0 0 1920 1080 
[10719.192781] MESSAGE_B= 4 0 0 255 22 0 192 0 248 179 0 2209 2272 2272 2224 2216 2273 2265 2220 63 0 0 0 56 56 53 58 0 25 0 0 198 228 0 0 0 0 0 0 0 0 2 2 2 2 22 0 23910 966328 1374098 2 2 1374868 1374954 1374836 2 2 1376030 55468 2 2 49488 44556 48646 2 2 47638 2073600 2073600 4 25 173154 990720 993600 85816 85562 82794 83987 25 25 12 12 3 0 0 0 0 1920 1080 
[10719.349130] MESSAGE_B= 4 0 0 255 23 0 192 0 248 179 0 2208 2272 2272 2224 2191 2251 2244 2200 40 0 0 0 120 131 125 126 0 25 0 0 245 232 0 0 0 0 0 0 0 0 2 2 2 2 23 0 22856 991944 1374098 2 2 1374868 1374954 1374836 2 2 1376030 55468 2 2 49488 44556 48646 2 2 47638 2073600 2073600 4 25 173109 994560 993600 85846 85562 82705 83888 25 25 12 12 3 4 0 0 0 1920 1080 
[10719.622808] MESSAGE_B= 4 0 0 255 17 0 192 0 248 179 0 1641 1686 1686 1649 717 719 730 732 810 836 836 820 507 494 518 557 0 25 255 255 255 255 253 253 253 254 0 0 0 0 2 2 2 2 17 0 24142 966332 1374098 2 2 1374868 1374954 1374836 2 2 1376030 55468 2 2 49488 44556 48646 2 2 47638 2073600 2073600 4 25 169906 990720 993600 59635 62085 84679 83922 19 19 25 25 3 4 4 4 4 1920 1080 
[10719.898783] MESSAGE_B= 4 0 0 255 19 0 192 0 248 179 0 1641 1686 1686 1649 714 718 729 732 810 836 836 820 502 490 515 554 0 25 255 255 255 255 252 254 253 255 0 0 0 0 2 2 2 2 19 0 24266 990120 1374098 2 2 1374868 1374954 1374836 2 2 1376030 55468 2 2 49488 44556 48646 2 2 47638 2073600 2073600 4 25 169926 994560 993600 58861 61491 84687 83927 19 19 25 25 2 4 4 4 4 1920 1080 
[10720.176780] MESSAGE_B= 4 0 0 255 18 0 192 0 248 179 0 1640 1686 1686 1649 752 749 761 764 811 836 836 820 578 558 580 618 0 25 255 255 255 254 249 247 249 251 0 0 0 0 2 2 2 2 18 0 20896 988050 1374098 2 2 1374868 1374954 1374836 2 2 1376030 55468 2 2 49488 44556 48646 2 2 47638 2073600 2073600 4 25 169656 990720 993600 58975 61128 84514 83822 19 19 25 25 2 4 4 4 4 1920 1080 
[10720.458659] MESSAGE_B= 4 0 0 255 19 0 192 0 248 179 0 1641 1686 1686 1649 715 718 729 731 810 836 836 820 501 490 513 552 0 25 255 255 255 255 253 254 255 255 0 0 0 0 2 2 2 2 19 0 27240 991114 1374098 2 2 1374868 1374954 1374836 2 2 1376030 55468 2 2 49488 44556 48646 2 2 47638 2073600 2073600 4 25 169924 994560 993600 58874 61396 84687 83928 19 19 25 25 2 4 4 4 4 1920 1080 
[10720.739301] MESSAGE_B= 4 0 0 255 19 0 192 0 248 179 0 1640 1686 1686 1649 752 750 761 764 811 836 836 820 579 559 579 618 0 25 255 255 255 254 249 247 249 251 0 0 0 0 2 2 2 2 19 0 20214 988070 1374098 2 2 1374868 1374954 1374836 2 2 1376030 55468 2 2 49488 44556 48646 2 2 47638 2073600 2073600 4 25 169655 990720 993600 58850 61186 84511 83824 19 19 25 25 2 4 4 4 4 1920 1080 
[10721.014815] MESSAGE_B= 4 0 0 255 20 0 192 0 248 179 0 1640 1686 1686 1649 752 750 762 764 811 836 836 820 579 560 580 617 0 25 255 255 255 254 249 247 250 251 0 0 0 0 2 2 2 2 20 0 27020 991096 1374136 2 2 1374934 1374864 1374078 2 2 1374076 63330 2 2 49364 49126 44562 2 2 46820 2073600 2073600 4 25 169652 994560 993600 58862 61584 84510 83823 19 19 25 25 2 4 4 4 4 1920 1080 
[10721.289787] MESSAGE_B= 4 0 0 255 20 0 192 0 248 179 0 1641 1686 1686 1649 714 718 729 732 810 836 836 820 502 490 516 554 0 25 255 255 255 255 252 254 253 255 0 0 0 0 2 2 2 2 20 0 21130 988036 1374136 2 2 1374934 1374864 1374078 2 2 1374076 63330 2 2 49364 49126 44562 2 2 46820 2073600 2073600 4 25 169924 990720 993600 58859 61580 84687 83926 19 19 25 25 2 4 4 4 4 1920 1080 
[10721.580561] MESSAGE_B= 4 0 0 255 20 0 192 0 248 179 0 1638 1686 1686 1649 743 745 750 738 813 836 836 820 569 546 557 567 0 25 255 255 255 254 248 248 248 248 0 0 0 0 2 2 2 2 20 0 26874 991094 1374136 2 2 1374934 1374864 1374078 2 2 1374076 63330 2 2 49364 49126 44562 2 2 46820 2073600 2073600 4 25 169625 994560 993600 60489 61889 84499 83839 19 19 25 24 2 4 4 4 4 1920 1080 
[10721.736792] MESSAGE_B= 4 0 0 255 20 0 192 0 248 179 0 1640 1686 1686 1649 752 750 761 764 811 836 836 820 579 559 579 618 0 25 255 255 255 254 249 247 249 251 0 0 0 0 2 2 2 2 20 0 20988 988042 1374136 2 2 1374934 1374864 1374078 2 2 1374076 63330 2 2 49364 49126 44562 2 2 46820 2073600 2073600 4 25 169655 990720 993600 58850 61186 84511 83824 19 19 25 25 2 4 4 4 4 1920 1080 
[10722.012781] MESSAGE_B= 4 0 0 255 20 0 192 0 248 179 0 1640 1686 1686 1649 752 750 762 764 811 836 836 820 579 560 580 617 0 25 255 255 255 254 249 247 250 251 0 0 0 0 2 2 2 2 20 0 26876 991094 1374136 2 2 1374934 1374864 1374078 2 2 1374076 63330 2 2 49364 49126 44562 2 2 46820 2073600 2073600 4 25 169652 994560 993600 58862 61584 84510 83823 19 19 25 25 2 4 4 4 4 1920 1080 
[10722.287805] MESSAGE_B= 4 0 0 255 20 0 192 0 248 179 0 1641 1686 1686 1649 714 718 729 732 810 836 836 820 502 490 516 554 0 25 255 255 255 255 252 254 253 255 0 0 0 0 2 2 2 2 20 0 21264 988036 1374136 2 2 1374934 1374864 1374078 2 2 1374076 63330 2 2 49364 49126 44562 2 2 46820 2073600 2073600 4 25 169924 990720 993600 58859 61580 84687 83926 19 19 25 25 2 4 4 4 4 1920 1080 
[10722.562788] MESSAGE_B= 4 0 0 255 20 0 192 0 248 179 0 1641 1686 1686 1649 719 720 733 733 811 836 836 820 510 497 524 560 0 25 255 255 255 255 253 252 253 254 0 0 0 0 2 2 2 2 20 0 27006 991098 1374136 2 2 1374934 1374864 1374078 2 2 1374076 63330 2 2 49364 49126 44562 2 2 46820 2073600 2073600 4 25 169881 994560 993600 60672 62067 84669 83910 19 19 25 24 2 4 4 4 4 1920 1080 
[10722.841780] MESSAGE_B= 4 0 0 255 20 0 192 0 248 179 0 1639 1686 1686 1649 752 750 761 764 813 836 836 820 579 559 580 618 0 25 255 255 255 254 249 247 249 251 0 0 0 0 2 2 2 2 20 0 21468 988032 1374136 2 2 1374934 1374864 1374078 2 2 1374076 63330 2 2 49364 49126 44562 2 2 46820 2073600 2073600 4 25 169655 990720 993600 58852 61188 84511 83823 19 19 25 25 2 4 4 4 4 1920 1080 
[10723.119786] MESSAGE_B= 4 0 0 255 20 0 192 0 248 179 0 1641 1686 1686 1649 716 720 730 732 810 836 836 820 505 493 518 556 0 25 255 255 255 255 253 255 253 255 0 0 0 0 2 2 2 2 20 0 27046 991098 1374136 2 2 1374934 1374864 1374078 2 2 1374076 63330 2 2 49364 49126 44562 2 2 46820 2073600 2073600 4 25 169910 994560 993600 59630 61848 84679 83923 19 19 25 25 2 4 4 4 4 1920 1080 
[10723.394806] MESSAGE_B= 4 0 0 255 20 0 192 0 248 179 0 1641 1686 1686 1649 714 718 730 732 810 836 836 820 501 490 516 554 0 25 255 255 255 255 252 254 254 255 0 0 0 0 2 2 2 2 20 0 21550 988034 1374150 2 2 1374114 1374108 1374118 2 2 1374102 64876 2 2 53584 54248 53498 2 2 51928 2073600 2073600 4 25 169923 990720 993600 58859 61405 84687 83925 19 19 25 25 2 4 4 4 4 1920 1080 
[10723.670805] MESSAGE_B= 4 0 0 255 20 0 192 0 248 179 0 1640 1686 1686 1649 752 750 761 764 811 836 836 820 579 558 581 617 0 25 255 255 255 255 249 248 248 251 0 0 0 0 2 2 2 2 20 0 27072 991096 1374150 2 2 1374114 1374108 1374118 2 2 1374102 64876 2 2 53584 54248 53498 2 2 51928 2073600 2073600 4 25 169652 994560 993600 58998 61218 84510 83823 19 19 25 25 2 4 4 4 4 1920 1080 
[10723.825785] MESSAGE_B= 4 0 0 255 20 0 192 0 248 179 0 1641 1686 1686 1649 714 718 729 732 810 836 836 820 502 490 516 554 0 25 255 255 255 255 252 254 253 255 0 0 0 0 2 2 2 2 20 0 21306 988034 1374150 2 2 1374114 1374108 1374118 2 2 1374102 64876 2 2 53584 54248 53498 2 2 51928 2073600 2073600 4 25 169924 990720 993600 58859 61580 84687 83926 19 19 25 25 2 4 4 4 4 1920 1080 
[10724.101825] MESSAGE_B= 4 0 0 255 20 0 192 0 248 179 0 1640 1686 1686 1649 752 751 762 763 811 836 836 820 580 559 581 617 0 25 255 255 255 255 248 248 249 250 0 0 0 0 2 2 2 2 20 0 27142 991094 1374150 2 2 1374114 1374108 1374118 2 2 1374102 64876 2 2 53584 54248 53498 2 2 51928 2073600 2073600 4 25 169651 994560 993600 59627 61353 84510 83823 19 19 25 25 2 4 4 4 4 1920 1080 
[10724.380786] MESSAGE_B= 4 0 0 255 20 0 192 0 248 179 0 1639 1686 1686 1649 752 750 761 763 812 836 836 820 579 557 580 618 0 25 255 255 255 255 249 248 249 249 0 0 0 0 2 2 2 2 20 0 21026 988036 1374150 2 2 1374114 1374108 1374118 2 2 1374102 64876 2 2 53584 54248 53498 2 2 51928 2073600 2073600 4 25 169654 990720 993600 58828 61442 84511 83823 19 19 25 25 2 4 4 4 4 1920 1080 
[10724.655796] MESSAGE_B= 4 0 0 255 26 0 192 0 248 179 0 3730 3744 3744 3728 2741 2753 2752 2716 55 0 0 0 708 695 697 711 0 12 0 0 253 255 36 0 0 0 0 0 0 0 2 2 2 2 26 0 27120 991088 1374150 2 2 1374114 1374108 1374118 2 2 1374102 64876 2 2 53584 54248 53498 2 2 51928 2073600 2073600 4 25 172268 994560 993600 84365 85562 57888 60087 12 12 19 19 253 4 0 0 0 1920 1080 
[10724.929784] MESSAGE_B= 4 0 0 255 25 0 192 0 248 179 0 3730 3744 3744 3728 2741 2753 2752 2716 55 0 0 0 709 695 697 711 0 12 0 0 253 255 22 0 0 0 0 0 0 0 2 2 2 2 25 0 27250 983320 1374150 2 2 1374114 1374108 1374118 2 2 1374102 64876 2 2 53584 54248 53498 2 2 51928 2073600 2073600 4 25 172274 990720 993600 84367 85562 57699 60372 12 12 19 19 253 4 0 0 0 1920 1080 
[10725.208782] MESSAGE_B= 4 0 0 255 25 0 192 0 248 179 0 3730 3744 3744 3728 2740 2752 2752 2716 76 0 0 0 708 698 696 710 0 12 0 0 253 255 69 0 0 0 0 0 0 0 2 2 2 2 25 0 16336 990104 1374150 2 2 1374114 1374108 1374118 2 2 1374102 64876 2 2 53584 54248 53498 2 2 51928 2073600 2073600 4 25 172226 994560 993600 84401 85562 57073 59435 12 12 19 19 3 4 0 0 0 1920 1080 
[10725.483807] MESSAGE_B= 4 0 0 255 24 0 192 0 248 179 0 3730 3744 3744 3728 2741 2753 2752 2716 55 0 0 0 708 695 697 711 0 12 0 0 253 255 30 0 0 0 0 0 0 0 2 2 2 2 24 0 31374 989512 1374150 2 2 1374114 1374108 1374118 2 2 1374102 64876 2 2 53584 54248 53498 2 2 51928 2073600 2073600 4 25 172269 990720 993600 84367 85562 57584 60533 12 12 19 19 3 4 0 0 0 1920 1080 
[10725.762784] MESSAGE_B= 4 0 0 255 28 0 192 0 248 179 0 3730 3744 3744 3728 2741 2753 2752 2716 55 0 0 0 708 695 697 711 0 12 0 0 253 255 40 0 0 0 0 0 0 0 2 2 2 2 28 0 15892 990026 1377526 2 2 1374100 1374100 1374098 2 2 1377460 57488 2 2 53590 53574 54410 2 2 46706 2073600 2073600 4 25 172270 994560 993600 84366 85562 57704 60337 12 12 19 19 3 4 0 0 0 1920 1080 
[10725.919612] MESSAGE_B= 4 0 0 255 26 0 192 0 248 179 0 3730 3744 3744 3728 2741 2753 2752 2716 55 0 0 0 708 695 697 711 0 12 0 0 253 255 40 0 0 0 0 0 0 0 2 2 2 2 26 0 34180 989428 1377526 2 2 1374100 1374100 1374098 2 2 1377460 57488 2 2 53590 53574 54410 2 2 46706 2073600 2073600 4 25 172271 990720 993600 84366 85562 57698 60291 12 12 19 19 3 4 0 0 0 1920 1080 
[10726.193791] MESSAGE_B= 4 0 0 255 26 0 192 0 248 179 0 3730 3744 3744 3728 2741 2753 2752 2716 55 0 0 0 708 695 697 711 0 12 0 0 253 255 37 0 0 0 0 0 0 0 2 2 2 2 26 0 16198 990022 1377526 2 2 1374100 1374100 1374098 2 2 1377460 57488 2 2 53590 53574 54410 2 2 46706 2073600 2073600 4 25 172271 994560 993600 84366 85562 57712 60519 12 12 19 19 2 4 0 0 0 1920 1080 
[10726.467811] MESSAGE_B= 4 0 0 255 25 0 192 0 248 179 0 3730 3744 3744 3728 2740 2752 2752 2716 66 0 0 0 706 698 696 710 0 12 0 0 253 255 58 0 0 0 0 0 0 0 2 2 2 2 25 0 33002 989524 1377526 2 2 1374100 1374100 1374098 2 2 1377460 57488 2 2 53590 53574 54410 2 2 46706 2073600 2073600 4 25 172224 990720 993600 84400 85562 57640 60236 12 12 19 19 2 4 0 0 0 1920 1080 
[10726.742784] MESSAGE_B= 4 0 0 255 25 0 192 0 248 179 0 3730 3744 3744 3728 2740 2752 2752 2716 76 0 0 0 708 698 696 710 0 12 0 0 253 255 53 0 0 0 0 0 0 0 2 2 2 2 25 0 16412 990014 1377526 2 2 1374100 1374100 1374098 2 2 1377460 57488 2 2 53590 53574 54410 2 2 46706 2073600 2073600 4 25 172223 994560 993600 84400 85562 57696 60016 12 12 19 19 3 4 0 0 0 1920 1080 
[10727.022781] MESSAGE_B= 4 0 0 255 25 0 192 0 248 179 0 3730 3744 3744 3728 2741 2753 2752 2716 55 0 0 0 708 695 697 711 0 12 0 0 253 255 30 0 0 0 0 0 0 0 2 2 2 2 25 0 33834 989532 1377526 2 2 1374100 1374100 1374098 2 2 1377460 57488 2 2 53590 53574 54410 2 2 46706 2073600 2073600 4 25 172269 990720 993600 84367 85562 57584 60533 12 12 19 19 3 4 0 0 0 1920 1080 
[10727.305362] MESSAGE_B= 4 0 0 255 25 0 192 0 248 179 0 3730 3744 3744 3728 2740 2752 2752 2716 76 0 0 0 708 698 696 710 0 12 0 0 253 255 53 0 0 0 0 0 0 0 2 2 2 2 25 0 16544 990020 1377526 2 2 1374100 1374100 1374098 2 2 1377460 57488 2 2 53590 53574 54410 2 2 46706 2073600 2073600 4 25 172224 994560 993600 84400 85562 57689 60021 12 12 19 19 3 4 0 0 0 1920 1080 
[10727.583794] MESSAGE_B= 4 0 0 255 26 0 192 0 248 179 0 3730 3744 3744 3728 2741 2753 2752 2716 55 0 0 0 709 695 697 711 0 12 0 0 253 255 33 0 0 0 0 0 0 0 2 2 2 2 26 0 34162 989532 1377526 2 2 1374100 1374100 1374098 2 2 1377460 57488 2 2 53590 53574 54410 2 2 46706 2073600 2073600 4 25 172268 990720 993600 84366 85562 58436 60692 12 12 19 19 3 4 0 0 0 1920 1080 
[10727.858613] MESSAGE_B= 4 0 0 255 25 0 192 0 248 179 0 3730 3744 3744 3728 2741 2753 2752 2716 55 0 0 0 708 695 697 711 0 12 0 0 253 255 40 0 0 0 0 0 0 0 2 2 2 2 25 0 16790 990018 1377526 2 2 1374100 1374100 1374098 2 2 1377460 57488 2 2 53590 53574 54410 2 2 46706 2073600 2073600 4 25 172271 994560 993600 84366 85562 57708 60081 12 12 19 19 3 4 0 0 0 1920 1080 
[10728.132787] MESSAGE_B= 4 0 0 255 26 0 192 0 248 179 0 3730 3744 3744 3728 2741 2753 2752 2716 55 0 0 0 709 695 697 711 0 12 0 0 253 255 33 0 0 0 0 0 0 0 2 2 2 2 26 0 34226 989528 1377512 2 2 1377592 1377628 1377508 2 2 1377732 59090 2 2 57794 56710 57440 2 2 46762 2073600 2073600 4 25 172268 990720 993600 84366 85562 58436 60692 12 12 19 19 3 4 0 0 0 1920 1080 
[10728.406783] MESSAGE_B= 4 0 0 255 25 0 192 0 248 179 0 3730 3744 3744 3728 2740 2752 2752 2716 76 0 0 0 707 698 696 710 0 12 0 0 253 255 51 0 0 0 0 0 0 0 2 2 2 2 25 0 16754 990018 1377512 2 2 1377592 1377628 1377508 2 2 1377732 59090 2 2 57794 56710 57440 2 2 46762 2073600 2073600 4 25 172224 994560 993600 84400 85562 57689 59984 12 12 19 19 3 4 0 0 0 1920 1080 
[10728.680805] MESSAGE_B= 4 0 0 255 26 0 192 0 248 179 0 3730 3744 3744 3728 2740 2752 2752 2716 66 0 0 0 706 698 696 710 0 12 0 0 253 255 62 0 0 0 0 0 0 0 2 2 2 2 26 0 34364 989528 1377512 2 2 1377592 1377628 1377508 2 2 1377732 59090 2 2 57794 56710 57440 2 2 46762 2073600 2073600 4 25 172222 990720 993600 84400 85562 57809 60003 12 12 19 19 3 4 0 0 0 1920 1080 
[10728.838260] MESSAGE_B= 4 0 0 255 25 0 192 0 248 179 0 3730 3744 3744 3728 2740 2752 2752 2716 76 0 0 0 708 698 696 710 0 12 0 0 253 255 53 0 0 0 0 0 0 0 2 2 2 2 25 0 16596 990018 1377512 2 2 1377592 1377628 1377508 2 2 1377732 59090 2 2 57794 56710 57440 2 2 46762 2073600 2073600 4 25 172224 994560 993600 84400 85562 57689 60021 12 12 19 19 3 4 0 0 0 1920 1080 
[10729.111787] MESSAGE_B= 4 0 0 255 26 0 192 0 248 179 0 3730 3744 3744 3728 2740 2752 2752 2716 76 0 0 0 708 698 696 710 0 12 0 0 253 255 56 0 0 0 0 0 0 0 2 2 2 2 26 0 34302 989528 1377512 2 2 1377592 1377628 1377508 2 2 1377732 59090 2 2 57794 56710 57440 2 2 46762 2073600 2073600 4 25 172221 990720 993600 84400 85562 58431 60127 12 12 19 19 3 4 0 0 0 1920 1080 
[10729.387788] MESSAGE_B= 4 0 0 255 25 0 192 0 248 179 0 3730 3744 3744 3728 2741 2753 2752 2716 55 0 0 0 708 695 697 711 0 12 0 0 253 255 40 0 0 0 0 0 0 0 2 2 2 2 25 0 16592 990016 1377512 2 2 1377592 1377628 1377508 2 2 1377732 59090 2 2 57794 56710 57440 2 2 46762 2073600 2073600 4 25 172271 994560 993600 84366 85562 57698 60291 12 12 19 19 3 4 0 0 0 1920 1080 
[10729.672303] MESSAGE_B= 4 0 0 255 11 0 192 0 248 179 0 0 0 0 0 1981 1956 2011 2106 0 0 0 0 283 261 266 248 0 25 0 0 244 223 0 0 0 0 1 1 0 0 1 1 1 1 11 0 34142 989528 1377512 2 2 1377592 1377628 1377508 2 2 1377732 59090 2 2 57794 56710 57440 2 2 46762 2073600 2073600 4 25 507625 990720 993600 126838 128104 126360 126354 25 25 25 24 158 4 4 4 4 1920 1080 
[10729.946784] MESSAGE_B= 4 0 0 255 11 0 192 0 248 179 0 0 0 0 0 0 600 0 944 0 0 0 0 0 0 0 0 0 25 0 0 53 53 0 0 0 0 1 1 0 0 0 0 0 0 11 0 14992 382906 1377512 2 2 1377592 1377628 1377508 2 2 1377732 59090 2 2 57794 56710 57440 2 2 46762 2073600 2073600 4 25 507383 994560 993600 126736 128104 126308 126240 25 25 25 24 158 5 0 0 0 1920 1080 
[10730.221788] MESSAGE_B= 0 0 0 255 7 0 192 0 248 179 0 0 0 0 0 1830 1817 1856 1927 0 0 0 0 91 94 65 62 0 24 0 0 205 174 0 0 0 0 1 1 0 0 1 1 1 1 7 0 9576 334378 1377512 2 2 1377592 1377628 1377508 2 2 1377732 59090 2 2 57794 56710 57440 2 2 46762 2073600 2073600 2 24 504718 990720 993600 125876 127775 124899 126168 24 24 24 24 6 4 0 0 0 1920 1080 
[10730.508109] MESSAGE_B= 4 0 0 255 7 0 192 0 248 179 0 0 87 0 16 83 369 16 444 0 0 0 0 0 0 0 0 1 12 0 0 37 26 0 0 0 0 1 1 0 0 0 0 0 0 7 0 18272 337658 29892 2 2 1377626 1377560 1377648 2 2 29416 25976 2 2 57588 57002 58356 2 2 23386 2073600 2073600 2 24 504951 994560 993600 125879 127990 124812 126270 24 24 24 24 10 4 0 0 0 1920 1080 
[10730.792787] MESSAGE_B= 0 0 0 255 11 0 192 0 248 179 0 3730 3744 3744 3728 3411 3413 3414 3404 55 0 0 0 720 729 727 713 0 22 0 0 255 255 252 0 0 0 0 0 0 0 2 2 2 2 11 0 9532 632564 29892 2 2 1377626 1377560 1377648 2 2 29416 25976 2 2 57588 57002 58356 2 2 23386 2073600 2073600 2 22 338002 990720 993600 84320 85562 84038 84082 22 22 22 22 15 4 0 0 0 1920 1080 
[10730.945789] MESSAGE_B= 4 0 0 255 11 0 192 0 248 179 0 3730 3744 3744 3728 3416 3416 3419 3407 76 0 0 0 693 707 701 693 0 22 0 0 255 255 249 0 0 0 0 0 0 0 2 2 2 2 11 0 24266 633590 29892 2 2 1377626 1377560 1377648 2 2 29416 25976 2 2 57588 57002 58356 2 2 23386 2073600 2073600 4 22 337734 994560 993600 84293 85562 83917 83962 22 22 22 22 15 4 0 0 0 1920 1080 
[10731.223785] MESSAGE_B= 0 0 0 255 7 0 192 0 248 179 0 3730 3744 3744 3728 3416 3420 3417 3409 55 0 0 0 711 714 721 703 0 21 0 0 255 255 253 0 0 0 0 0 0 0 2 2 2 2 7 0 9516 633598 29892 2 2 1377626 1377560 1377648 2 2 29416 25976 2 2 57588 57002 58356 2 2 23386 2073600 2073600 2 21 338077 990720 993600 84315 85562 84064 84136 21 21 21 21 20 4 0 0 0 1920 1080 
[10731.505652] MESSAGE_B= 0 0 0 255 3 0 192 0 248 179 0 3730 3744 3744 3728 3426 3430 3428 3415 76 0 0 0 684 692 695 689 0 20 0 0 255 255 255 0 0 0 0 0 0 0 2 2 2 2 3 0 19004 633600 29892 2 2 1377626 1377560 1377648 2 2 29416 25976 2 2 57588 57002 58356 2 2 23386 2073600 2073600 2 20 338176 994560 993600 84393 85562 84060 84161 20 20 20 20 20 4 0 0 0 1920 1080 
[10731.779787] MESSAGE_B= 0 0 0 255 4 0 192 0 248 179 0 3730 3744 3744 3728 3433 3436 3436 3424 55 0 0 0 669 679 677 669 0 19 0 0 255 255 254 0 0 0 0 0 0 0 2 2 2 2 4 0 9840 633600 29892 2 2 1377626 1377560 1377648 2 2 29416 25976 2 2 57588 57002 58356 2 2 23386 2073600 2073600 2 19 338143 990720 993600 84353 85562 84108 84136 20 19 19 19 20 4 0 0 0 1920 1080 
[10732.059033] MESSAGE_B= 4 0 0 255 6 0 192 0 248 179 0 3730 3744 3744 3728 3737 3744 3744 3728 55 0 0 0 77 0 0 0 0 18 0 0 0 0 0 0 0 0 0 0 0 0 1 1 1 1 6 0 23820 633600 29892 2 2 1377626 1377560 1377648 2 2 29416 25976 2 2 57588 57002 58356 2 2 23386 2073600 2073600 2 18 342195 994560 993600 85509 85562 85562 85562 18 18 18 18 20 4 0 0 0 1920 1080 
[10732.331783] MESSAGE_B= 0 0 0 255 2 0 192 0 248 179 0 3730 3744 3744 3728 3738 3744 3744 3728 55 0 0 0 37 0 0 0 0 18 0 0 0 0 0 0 0 0 0 0 0 0 1 1 1 1 2 0 10246 633600 29892 2 2 1377626 1377560 1377648 2 2 29416 25976 2 2 57588 57002 58356 2 2 23386 2073600 2073600 2 18 342248 990720 993600 85562 85562 85562 85562 18 17 18 18 20 4 0 0 0 1920 1080 
[10732.612408] MESSAGE_B= 0 0 0 255 2 0 192 0 248 179 0 3730 3744 3744 3728 3470 3461 3476 3449 76 0 0 0 607 625 606 614 0 17 0 0 255 255 253 0 0 0 0 0 0 0 2 2 2 2 2 0 16562 633600 29892 2 2 1377626 1377560 1377648 2 2 29416 25976 2 2 57588 57002 58356 2 2 23386 2073600 2073600 2 17 338763 994560 993600 84493 85562 84343 84365 17 16 17 17 20 4 0 0 0 1920 1080 
[10732.767790] MESSAGE_B= 0 0 0 255 2 0 192 0 248 179 0 3730 3744 3744 3728 3473 3465 3478 3452 55 0 0 0 598 614 605 609 0 17 0 0 255 255 253 0 0 0 0 0 0 0 2 2 2 2 2 0 9452 633600 26744 2 2 43062 39032 34206 2 2 26206 25580 2 2 31136 31090 32342 2 2 25452 2073600 2073600 2 17 338585 990720 993600 84467 85562 84266 84290 17 16 17 17 25 4 0 0 0 1920 1080 
[10733.041782] MESSAGE_B= 0 0 0 255 3 0 192 0 248 179 0 3730 3744 3744 3728 3436 3450 3448 3434 55 0 0 0 632 632 637 634 0 15 0 0 255 255 246 0 0 0 0 0 0 0 2 2 2 2 3 0 17436 633600 26744 2 2 43062 39032 34206 2 2 26206 25580 2 2 31136 31090 32342 2 2 25452 2073600 2073600 2 15 337713 994560 993600 84292 85562 83910 83962 15 15 15 16 25 4 0 0 0 1920 1080 
[10733.314790] MESSAGE_B= 0 0 0 255 6 0 192 0 248 179 0 3730 3744 3744 3728 3463 3473 3472 3455 76 0 0 0 607 600 599 602 0 14 0 0 255 255 233 0 0 0 0 0 0 0 2 2 2 2 6 0 9746 635596 26744 2 2 43062 39032 34206 2 2 26206 25580 2 2 31136 31090 32342 2 2 25452 2073600 2073600 2 15 337899 990720 993600 84342 85562 83967 84035 14 14 15 15 20 4 0 0 0 1920 1080 
[10733.594634] MESSAGE_B= 0 0 0 255 4 0 192 0 248 179 0 3730 3744 3744 3728 3487 3494 3494 3477 55 0 0 0 555 550 553 555 0 13 0 0 255 255 231 0 0 0 0 0 0 0 2 2 2 2 4 0 15838 636076 26744 2 2 43062 39032 34206 2 2 26206 25580 2 2 31136 31090 32342 2 2 25452 2073600 2073600 2 13 337875 994560 993600 84317 85562 83996 84000 13 13 13 13 16 4 0 0 0 1920 1080 
[10733.875787] MESSAGE_B= 0 0 0 255 1 0 192 0 248 179 0 3730 3744 3744 3728 3444 3458 3451 3433 55 0 0 0 639 623 635 639 0 12 0 0 255 255 224 0 0 0 0 0 0 0 2 2 2 2 1 0 9502 635644 26744 2 2 43062 39032 34206 2 2 26206 25580 2 2 31136 31090 32342 2 2 25452 2073600 2073600 2 12 337723 990720 993600 84414 85562 83863 83884 12 12 12 12 20 4 0 0 0 1920 1080 
[10734.161781] MESSAGE_B= 0 0 0 255 3 0 192 0 248 179 0 3730 3744 3744 3728 3494 3504 3495 3485 55 0 0 0 541 529 551 535 0 12 0 0 255 255 156 0 0 0 0 0 0 0 2 2 2 2 3 0 17264 636842 26744 2 2 43062 39032 34206 2 2 26206 25580 2 2 31136 31090 32342 2 2 25452 2073600 2073600 2 12 338111 994560 993600 84497 85562 84018 84034 12 12 12 12 25 4 0 0 0 1920 1080 
[10734.437816] MESSAGE_B= 0 0 0 255 3 0 192 0 248 179 0 3730 3744 3744 3728 3462 3475 3476 3455 76 0 0 0 607 592 590 602 0 12 0 0 255 255 61 0 0 0 0 0 0 0 2 2 2 2 3 0 13606 636180 26744 2 2 43062 39032 34206 2 2 26206 25580 2 2 31136 31090 32342 2 2 25452 2073600 2073600 2 12 338124 990720 993600 84620 85562 83940 84002 12 12 12 12 25 4 0 0 0 1920 1080 
[10734.710798] MESSAGE_B= 4 0 0 255 6 0 192 0 248 179 0 3726 3744 3744 3728 3482 3499 3501 3485 74 0 0 0 557 545 536 537 0 12 0 0 255 254 37 0 0 0 0 0 0 0 2 2 2 2 6 0 22902 630314 26744 2 2 43062 39032 34206 2 2 26206 25580 2 2 31136 31090 32342 2 2 25452 2073600 2073600 2 12 338055 994560 993600 84505 85562 83963 84025 12 12 12 12 19 4 0 0 0 1920 1080 
[10734.872780] MESSAGE_B= 0 7 0 255 6 0 192 0 248 179 0 0 0 0 0 0 0 0 0 0 0 0 0 0 0 0 0 1 12 0 0 0 0 0 0 0 0 1 1 1 1 1 1 1 1 6 0 9872 635944 26744 2 2 43062 39032 34206 2 2 26206 25580 2 2 31136 31090 32342 2 2 25452 2073600 2073600 2 12 512416 990720 993600 128104 128104 128104 128104 12 12 12 12 1 4 0 0 0 1920 1080 
[10735.143789] MESSAGE_B= 4 7 0 255 1 108 192 0 248 179 0 0 0 0 0 0 0 0 0 0 0 0 0 0 0 0 0 1 12 0 0 0 0 0 0 0 0 1 1 1 1 1 1 1 1 1 108 0 633704 2 2 2 36532 30848 38970 2 2 26846 2 2 2 29980 30898 34424 2 2 21050 2073600 2073600 5 12 512416 994560 993600 128104 128104 128104 128104 12 12 12 12 1 4 0 0 0 1920 1080 
[10735.413778] MESSAGE_B= 4 7 0 255 1 108 192 0 248 179 0 0 0 0 0 0 0 0 0 0 0 0 0 0 0 0 0 1 12 0 0 0 0 0 0 0 0 1 1 1 1 1 1 1 1 1 108 0 0 2 2 2 36532 30848 38970 2 2 26846 2 2 2 29980 30898 34424 2 2 21050 2073600 2073600 4 12 512416 990720 993600 128104 128104 128104 128104 12 12 12 12 0 4 0 0 0 1920 1080 
[10735.682806] MESSAGE_B= 4 7 0 255 1 108 192 0 248 179 0 0 0 0 0 0 0 0 0 0 0 0 0 0 0 0 0 1 12 0 0 0 0 0 0 0 0 1 1 1 1 1 1 1 1 1 108 0 0 2 2 2 36532 30848 38970 2 2 26846 2 2 2 29980 30898 34424 2 2 21050 2073600 2073600 4 12 512416 994560 993600 128104 128104 128104 128104 12 12 12 12 0 4 0 0 0 1920 1080 
[10735.951802] MESSAGE_B= 4 0 0 255 573 0 192 0 248 179 0 2048 2032 2048 2048 2051 2039 2055 2051 0 0 0 0 63 34 44 50 0 31 0 0 255 255 0 0 0 0 0 0 0 0 0 0 0 0 573 0 0 0 2 2 2 36532 30848 38970 2 2 26846 2 2 2 29980 30898 34424 2 2 21050 2073600 2073600 4 18 162738 990720 993600 42076 35376 45751 39535 18 18 18 18 0 5 0 0 0 1920 1080 
[10736.222792] MESSAGE_B= 5 0 0 255 681 0 192 0 248 179 0 2048 2035 2048 2048 2051 2044 2055 2051 0 25 0 0 63 52 47 52 0 31 0 0 255 255 0 255 0 0 0 0 0 0 0 0 0 0 681 0 164674 1978 2 2 2 36532 30848 38970 2 2 26846 2 2 2 29980 30898 34424 2 2 21050 2073600 2073600 7 18 162741 994560 993600 42076 35376 45753 39536 18 18 18 18 1 4 0 0 0 1920 1080 
[10736.501531] MESSAGE_B= 0 0 0 255 671 0 192 0 248 179 0 2048 2032 2048 2048 2052 2039 2055 2051 0 0 0 0 21 25 35 45 0 31 0 0 255 255 0 0 0 0 0 0 0 0 0 0 0 0 671 0 154666 91474 2 2 2 36532 30848 38970 2 2 26846 2 2 2 29980 30898 34424 2 2 21050 2073600 2073600 2 18 162711 990720 993600 42076 35376 45727 39532 18 18 18 18 1 4 0 0 0 1920 1080 
[10736.775544] MESSAGE_B= 0 0 0 255 678 0 192 0 248 179 0 2048 2032 2048 2048 2052 2038 2054 2051 0 0 0 0 21 66 63 45 0 31 0 0 255 255 0 0 0 0 0 0 0 0 0 0 0 0 678 0 164090 2952 2 2 2 36532 30848 38970 2 2 26846 2 2 2 29980 30898 34424 2 2 21050 2073600 2073600 3 18 162546 994560 993600 41808 35577 45457 39704 18 18 18 18 1 4 0 0 0 1920 1080 
[10737.050182] MESSAGE_B= 0 0 0 255 671 0 192 0 248 179 0 2048 2032 2048 2048 2051 2039 2055 2051 0 0 0 0 63 34 41 50 0 31 0 0 255 255 0 0 0 0 0 0 0 0 0 0 0 0 671 0 153394 91532 2 2 2 36532 30848 38970 2 2 26846 2 2 2 29980 30898 34424 2 2 21050 2073600 2073600 2 18 162740 990720 993600 42076 35376 45752 39536 18 18 18 18 1 4 0 0 0 1920 1080 
[10737.322977] MESSAGE_B= 0 0 0 255 599 0 192 0 248 179 0 2048 2032 2048 2048 2051 2039 2055 2051 0 0 0 0 63 34 47 52 0 31 0 0 255 255 0 0 0 0 0 0 0 0 0 0 0 0 599 0 163442 2612 2 2 2 36532 30848 38970 2 2 26846 2 2 2 29980 30898 34424 2 2 21050 2073600 2073600 3 18 162736 994560 993600 42076 35376 45750 39534 18 18 18 18 1 4 0 0 0 1920 1080 
[10737.594791] MESSAGE_B= 0 0 0 255 673 0 192 0 248 179 0 2048 2032 2048 2048 2051 2039 2055 2051 0 0 0 0 63 34 41 50 0 31 0 0 255 255 0 0 0 0 0 0 0 0 0 0 0 0 673 0 153404 91556 87472 2 2 2 86660 86674 2 2 86464 142040 2 2 140832 144504 128620 2 2 127256 2073600 2073600 2 18 162204 990720 993600 41808 35376 45486 39534 18 18 18 18 1 4 0 0 0 1920 1080 
[10737.868801] MESSAGE_B= 0 0 0 255 598 0 192 0 248 179 0 2048 2032 2048 2048 2052 2038 2054 2051 0 0 0 0 21 66 61 45 0 31 0 0 255 255 0 0 0 0 0 0 0 0 0 0 0 0 598 0 163446 2810 87472 2 2 2 86660 86674 2 2 86464 142040 2 2 140832 144504 128620 2 2 127256 2073600 2073600 3 18 163087 994560 993600 42076 35577 45728 39706 18 18 18 18 1 4 0 0 0 1920 1080 
[10738.020803] MESSAGE_B= 0 0 0 255 671 0 192 0 248 179 0 2048 2032 2048 2048 2051 2039 2055 2051 0 0 0 0 63 34 41 50 0 31 0 0 255 255 0 0 0 0 0 0 0 0 0 0 0 0 671 0 153278 91552 87472 2 2 2 86660 86674 2 2 86464 142040 2 2 140832 144504 128620 2 2 127256 2073600 2073600 2 18 162740 990720 993600 42076 35376 45752 39536 18 18 18 18 1 4 0 0 0 1920 1080 
[10738.294786] MESSAGE_B= 0 0 0 255 601 0 192 0 248 179 0 2048 2032 2048 2048 2051 2039 2055 2051 0 0 0 0 63 34 47 52 0 31 0 0 255 255 0 0 0 0 0 0 0 0 0 0 0 0 601 0 163576 3448 87472 2 2 2 86660 86674 2 2 86464 142040 2 2 140832 144504 128620 2 2 127256 2073600 2073600 3 18 162736 994560 993600 42076 35376 45750 39534 18 18 18 18 1 4 0 0 0 1920 1080 
[10738.572788] MESSAGE_B= 0 0 0 255 672 0 192 0 248 179 0 2048 2032 2048 2048 2052 2038 2054 2051 0 0 0 0 14 66 63 45 0 31 0 0 255 255 0 0 0 0 0 0 0 0 0 0 0 0 672 0 153302 91476 87472 2 2 2 86660 86674 2 2 86464 142040 2 2 140832 144504 128620 2 2 127256 2073600 2073600 2 18 163085 990720 993600 42076 35577 45727 39705 18 18 18 18 1 4 0 0 0 1920 1080 
[10738.845796] MESSAGE_B= 0 0 0 255 599 0 192 0 248 179 0 2048 2032 2048 2048 2052 2038 2055 2051 0 0 0 0 21 66 38 45 0 31 0 0 255 255 0 0 0 0 0 0 0 0 0 0 0 0 599 0 163634 3448 87472 2 2 2 86660 86674 2 2 86464 142040 2 2 140832 144504 128620 2 2 127256 2073600 2073600 3 18 162711 994560 993600 42076 35376 45727 39532 18 18 18 18 1 4 0 0 0 1920 1080 
[10739.121786] MESSAGE_B= 0 0 0 255 672 0 192 0 248 179 0 2048 2032 2048 2048 2051 2039 2055 2051 0 0 0 0 63 34 41 50 0 31 0 0 255 255 0 0 0 0 0 0 0 0 0 0 0 0 672 0 153236 91506 87472 2 2 2 86660 86674 2 2 86464 142040 2 2 140832 144504 128620 2 2 127256 2073600 2073600 2 18 162204 990720 993600 41808 35376 45486 39534 18 18 18 18 1 4 0 0 0 1920 1080 
[10739.398780] MESSAGE_B= 0 0 0 255 561 0 192 0 248 179 0 2048 2032 2048 2048 2051 2039 2055 2051 0 0 0 0 63 34 41 50 0 31 0 0 255 255 0 0 0 0 0 0 0 0 0 0 0 0 561 0 163404 3324 87472 2 2 2 86660 86674 2 2 86464 142040 2 2 140832 144504 128620 2 2 127256 2073600 2073600 3 18 162738 994560 993600 42076 35376 45751 39535 18 18 18 18 1 4 0 0 0 1920 1080 
[10739.672792] MESSAGE_B= 0 0 0 255 679 0 192 0 248 179 0 2048 2032 2048 2048 2052 2039 2055 2051 0 0 0 0 21 30 35 45 0 31 0 0 255 255 0 0 0 0 0 0 0 0 0 0 0 0 679 0 153206 91502 87472 2 2 2 86660 86674 2 2 86464 142040 2 2 140832 144504 128620 2 2 127256 2073600 2073600 2 18 162561 990720 993600 41808 35577 45469 39707 18 18 18 18 1 4 0 0 0 1920 1080 
[10739.827189] MESSAGE_B= 0 0 0 255 599 0 192 0 248 179 0 2048 2032 2048 2048 2051 2039 2055 2051 0 0 0 0 63 34 47 52 0 31 0 0 255 255 0 0 0 0 0 0 0 0 0 0 0 0 599 0 163312 3286 86982 2 2 86514 86518 86514 2 2 86514 141694 2 2 127164 128452 127164 2 2 126488 2073600 2073600 3 18 162736 994560 993600 42076 35376 45750 39534 18 18 18 18 1 4 0 0 0 1920 1080 
[10740.099800] MESSAGE_B= 0 0 0 255 673 0 192 0 248 179 0 2048 2032 2048 2048 2052 2038 2055 2051 0 0 0 0 21 66 38 45 0 31 0 0 255 255 0 0 0 0 0 0 0 0 0 0 0 0 673 0 153274 91522 86982 2 2 86514 86518 86514 2 2 86514 141694 2 2 127164 128452 127164 2 2 126488 2073600 2073600 2 18 162170 990720 993600 41808 35376 45459 39527 18 18 18 18 1 4 0 0 0 1920 1080 
[10740.372786] MESSAGE_B= 0 0 0 255 598 0 192 0 248 179 0 2048 2032 2048 2048 2052 2038 2054 2051 0 0 0 0 21 66 61 45 0 31 0 0 255 255 0 0 0 0 0 0 0 0 0 0 0 0 598 0 163436 3286 86982 2 2 86514 86518 86514 2 2 86514 141694 2 2 127164 128452 127164 2 2 126488 2073600 2073600 3 18 163087 994560 993600 42076 35577 45728 39706 18 18 18 18 1 4 0 0 0 1920 1080 
[10740.654797] MESSAGE_B= 0 0 0 255 676 0 192 0 248 179 0 2048 2032 2048 2048 2051 2038 2055 2051 0 0 0 0 61 67 44 52 0 31 0 0 255 255 0 0 0 0 0 0 0 0 0 0 0 0 676 0 153276 91522 86982 2 2 86514 86518 86514 2 2 86514 141694 2 2 127164 128452 127164 2 2 126488 2073600 2073600 2 18 162493 990720 993600 41942 35376 45629 39546 18 18 18 18 1 4 0 0 0 1920 1080 
[10740.928785] MESSAGE_B= 0 0 0 255 559 0 192 0 248 179 0 2048 2032 2048 2048 2051 2039 2055 2051 0 0 0 0 63 34 41 50 0 31 0 0 255 255 0 0 0 0 0 0 0 0 0 0 0 0 559 0 163576 3366 86982 2 2 86514 86518 86514 2 2 86514 141694 2 2 127164 128452 127164 2 2 126488 2073600 2073600 3 18 162738 994560 993600 42076 35376 45751 39535 18 18 18 18 1 4 0 0 0 1920 1080 
[10741.202791] MESSAGE_B= 0 0 0 255 683 0 192 0 248 179 0 2048 2032 2048 2048 2052 2039 2055 2051 0 0 0 0 21 34 41 47 0 31 0 0 255 255 0 0 0 0 0 0 0 0 0 0 0 0 683 0 152688 91500 86982 2 2 86514 86518 86514 2 2 86514 141694 2 2 127164 128452 127164 2 2 126488 2073600 2073600 2 18 162713 990720 993600 42076 35376 45731 39530 18 18 18 18 1 4 0 0 0 1920 1080 
[10741.482308] MESSAGE_B= 0 0 0 255 672 0 192 0 248 179 0 2048 2032 2048 2048 2051 2039 2055 2051 0 0 0 0 63 34 41 50 0 31 0 0 255 255 0 0 0 0 0 0 0 0 0 0 0 0 672 0 163818 3280 86982 2 2 86514 86518 86514 2 2 86514 141694 2 2 127164 128452 127164 2 2 126488 2073600 2073600 3 18 162740 994560 993600 42076 35376 45752 39536 18 18 18 18 1 4 0 0 0 1920 1080 
[10741.764368] MESSAGE_B= 0 0 0 255 679 0 192 0 248 179 0 2048 2032 2048 2048 2051 2039 2055 2051 0 0 0 0 63 30 44 50 0 31 0 0 255 255 0 0 0 0 0 0 0 0 0 0 0 0 679 0 152638 91484 86982 2 2 86514 86518 86514 2 2 86514 141694 2 2 127164 128452 127164 2 2 126488 2073600 2073600 2 18 162473 990720 993600 41942 35376 45619 39536 18 18 18 18 1 4 0 0 0 1920 1080 
[10742.041442] MESSAGE_B= 0 0 0 255 672 0 192 0 248 179 0 2048 2032 2048 2048 2052 2039 2055 2051 0 0 0 0 21 25 35 45 0 31 0 0 255 255 0 0 0 0 0 0 0 0 0 0 0 0 672 0 163856 3292 86982 2 2 86514 86518 86514 2 2 86514 141694 2 2 127164 128452 127164 2 2 126488 2073600 2073600 3 18 162711 994560 993600 42076 35376 45727 39532 18 18 18 18 1 4 0 0 0 1920 1080 
[10742.193789] MESSAGE_B= 0 0 0 255 681 0 192 0 248 179 0 2048 2035 2048 2048 2051 2044 2055 2051 0 25 0 0 63 52 47 52 0 31 0 0 255 255 0 255 0 0 0 0 0 0 0 0 0 0 681 0 152666 91526 86978 2 2 86528 86512 86524 2 2 86522 141966 2 2 128130 128742 128128 2 2 127666 2073600 2073600 2 18 162741 990720 993600 42076 35376 45753 39536 18 18 18 18 1 4 0 0 0 1920 1080 
[10742.467789] MESSAGE_B= 0 0 0 255 672 0 192 0 248 179 0 2048 2032 2048 2048 2052 2038 2054 2051 0 0 0 0 14 66 63 45 0 31 0 0 255 255 0 0 0 0 0 0 0 0 0 0 0 0 672 0 163812 2494 86978 2 2 86528 86512 86524 2 2 86522 141966 2 2 128130 128742 128128 2 2 127666 2073600 2073600 3 18 163086 994560 993600 42076 35577 45727 39706 18 18 18 18 1 4 0 0 0 1920 1080 
[10742.740789] MESSAGE_B= 0 0 0 255 682 0 192 0 248 179 0 2048 2032 2048 2048 2052 2039 2055 2051 0 0 0 0 21 34 41 47 0 31 0 0 255 255 0 0 0 0 0 0 0 0 0 0 0 0 682 0 152630 91540 86978 2 2 86528 86512 86524 2 2 86522 141966 2 2 128130 128742 128128 2 2 127666 2073600 2073600 2 18 162713 990720 993600 42076 35376 45731 39530 18 18 18 18 1 4 0 0 0 1920 1080 
[10743.013789] MESSAGE_B= 0 0 0 255 671 0 192 0 248 179 0 2048 2032 2048 2048 2052 2039 2055 2051 0 0 0 0 21 25 35 45 0 31 0 0 255 255 0 0 0 0 0 0 0 0 0 0 0 0 671 0 164050 2688 86978 2 2 86528 86512 86524 2 2 86522 141966 2 2 128130 128742 128128 2 2 127666 2073600 2073600 3 18 162711 994560 993600 42076 35376 45727 39532 18 18 18 18 1 4 0 0 0 1920 1080 
[10743.287797] MESSAGE_B= 0 0 0 255 601 0 192 0 248 179 0 2048 2032 2048 2048 2051 2039 2055 2051 0 0 0 0 63 34 47 52 0 31 0 0 255 255 0 0 0 0 0 0 0 0 0 0 0 0 601 0 152694 91550 86978 2 2 86528 86512 86524 2 2 86522 141966 2 2 128130 128742 128128 2 2 127666 2073600 2073600 2 18 162736 990720 993600 42076 35376 45750 39534 18 18 18 18 1 4 0 0 0 1920 1080 
[10743.561786] MESSAGE_B= 0 0 0 255 671 0 192 0 248 179 0 2048 2032 2048 2048 2051 2039 2055 2051 0 0 0 0 63 34 41 50 0 31 0 0 255 255 0 0 0 0 0 0 0 0 0 0 0 0 671 0 163892 2842 86978 2 2 86528 86512 86524 2 2 86522 141966 2 2 128130 128742 128128 2 2 127666 2073600 2073600 3 18 162740 994560 993600 42076 35376 45752 39536 18 18 18 18 1 4 0 0 0 1920 1080 
[10743.838783] MESSAGE_B= 0 0 0 255 599 0 192 0 248 179 0 2048 2032 2048 2048 2052 2038 2055 2051 0 0 0 0 21 66 38 45 0 31 0 0 255 255 0 0 0 0 0 0 0 0 0 0 0 0 599 0 152662 91546 86978 2 2 86528 86512 86524 2 2 86522 141966 2 2 128130 128742 128128 2 2 127666 2073600 2073600 2 18 162711 990720 993600 42076 35376 45727 39532 18 18 18 18 1 4 0 0 0 1920 1080 
[10744.111783] MESSAGE_B= 0 0 0 255 673 0 192 0 248 179 0 2048 2032 2048 2048 2052 2038 2055 2051 0 0 0 0 21 66 38 45 0 31 0 0 255 255 0 0 0 0 0 0 0 0 0 0 0 0 673 0 163676 2256 86978 2 2 86528 86512 86524 2 2 86522 141966 2 2 128130 128742 128128 2 2 127666 2073600 2073600 3 18 162170 994560 993600 41808 35376 45459 39527 18 18 18 18 1 4 0 0 0 1920 1080 
[10744.395786] MESSAGE_B= 0 0 0 255 561 0 192 0 248 179 0 2048 2032 2048 2048 2051 2039 2055 2051 0 0 0 0 63 34 41 50 0 31 0 0 255 255 0 0 0 0 0 0 0 0 0 0 0 0 561 0 152718 91550 86978 2 2 86528 86512 86524 2 2 86522 141966 2 2 128130 128742 128128 2 2 127666 2073600 2073600 2 18 162738 990720 993600 42076 35376 45751 39535 18 18 18 18 1 4 0 0 0 1920 1080 
[10744.551980] MESSAGE_B= 0 0 0 255 671 0 192 0 248 179 0 2048 2032 2048 2048 2051 2039 2055 2051 0 0 0 0 63 34 41 50 0 31 0 0 255 255 0 0 0 0 0 0 0 0 0 0 0 0 671 0 163676 2256 87464 2 2 86510 86516 86504 2 2 86466 142462 2 2 128448 129204 128452 2 2 125282 2073600 2073600 3 18 162740 994560 993600 42076 35376 45752 39536 18 18 18 18 1 4 0 0 0 1920 1080 
[10744.832797] MESSAGE_B= 0 0 0 255 599 0 192 0 248 179 0 2048 2032 2048 2048 2052 2038 2055 2051 0 0 0 0 21 66 38 45 0 31 0 0 255 255 0 0 0 0 0 0 0 0 0 0 0 0 599 0 152718 91548 87464 2 2 86510 86516 86504 2 2 86466 142462 2 2 128448 129204 128452 2 2 125282 2073600 2073600 2 18 162711 990720 993600 42076 35376 45727 39532 18 18 18 18 1 4 0 0 0 1920 1080 
[10745.109790] MESSAGE_B= 0 0 0 255 673 0 192 0 248 179 0 2048 2032 2048 2048 2052 2038 2055 2051 0 0 0 0 21 66 38 45 0 31 0 0 255 255 0 0 0 0 0 0 0 0 0 0 0 0 673 0 163528 2430 87464 2 2 86510 86516 86504 2 2 86466 142462 2 2 128448 129204 128452 2 2 125282 2073600 2073600 3 18 162170 994560 993600 41808 35376 45459 39527 18 18 18 18 1 4 0 0 0 1920 1080 
[10745.385793] MESSAGE_B= 0 0 0 255 561 0 192 0 248 179 0 2048 2032 2048 2048 2051 2039 2055 2051 0 0 0 0 63 34 41 50 0 31 0 0 255 255 0 0 0 0 0 0 0 0 0 0 0 0 561 0 152638 91548 87464 2 2 86510 86516 86504 2 2 86466 142462 2 2 128448 129204 128452 2 2 125282 2073600 2073600 2 18 162738 990720 993600 42076 35376 45751 39535 18 18 18 18 1 4 0 0 0 1920 1080 
[10745.661784] MESSAGE_B= 0 0 0 255 677 0 192 0 248 179 0 2048 2032 2048 2048 2052 2039 2055 2051 0 0 0 0 21 40 41 45 0 31 0 0 255 253 0 0 0 0 0 0 0 0 0 0 0 0 677 0 163606 2400 87464 2 2 86510 86516 86504 2 2 86466 142462 2 2 128448 129204 128452 2 2 125282 2073600 2073600 3 18 162294 994560 993600 41808 35510 45405 39571 18 18 18 18 2 4 0 0 0 1920 1080 
[10745.954282] MESSAGE_B= 0 0 0 255 743 0 192 0 248 179 0 16 16 16 16 16 16 16 16 0 0 0 0 0 0 0 0 1 12 0 0 0 0 0 0 0 0 0 0 0 0 0 0 0 0 743 0 152856 91548 87464 2 2 86510 86516 86504 2 2 86466 142462 2 2 128448 129204 128452 2 2 125282 2073600 2073600 2 12 512416 990720 993600 128104 128104 128104 128104 12 12 12 12 2 4 0 0 0 1920 1080 

