[11770.409426] MESSAGE_B= 5 0 0 242 1 102 192 0 248 179 0 1539 1087 1024 1427 1906 1014 1007 1661 1013 1041 1058 926 778 1038 1039 705 0 17 144 198 65 154 132 85 86 104 0 0 0 0 2 2 2 2 1 102 83518 78760 2073598 0 0 0 0 0 2073598 2073598 0 2073598 0 0 0 0 0 2073598 2073598 0 2073600 0 6 17 414813 990720 993600 103745 108713 100032 102323 17 17 17 17 45 4 0 0 0 1920 1080 
[11770.683445] MESSAGE_B= 0 0 0 242 3 35 192 0 248 179 0 1615 1167 940 1330 1988 1163 1023 1442 981 973 1044 913 686 948 1047 750 0 17 123 243 50 237 136 75 66 91 2 0 0 0 2 2 2 2 3 35 65096 105804 2073598 0 0 0 0 0 2073598 2073598 0 2073598 0 0 0 0 0 2073598 2073598 0 2073600 0 3 17 414279 994560 993600 100477 111731 95998 106073 17 17 17 17 46 4 0 0 0 1920 1080 
[11770.836437] MESSAGE_B= 5 4 0 242 0 35 192 0 248 179 0 1602 1219 735 1244 2147 1281 764 1317 1017 937 1012 947 458 841 993 816 0 17 100 255 14 255 134 57 63 74 2 0 2 0 2 2 2 2 0 35 94616 81946 2073598 0 0 0 0 0 2073598 2073598 0 2073598 0 0 0 0 0 2073598 2073598 0 2073600 0 6 17 414678 990720 993600 99033 113229 94533 107883 17 17 17 17 46 4 4 4 4 1920 1080 
[11771.109426] MESSAGE_B= 0 0 0 242 1 1 192 0 248 179 0 1614 1340 1081 1121 1934 1501 1002 1076 944 894 1024 1017 710 699 1038 986 0 17 143 229 62 216 131 81 81 85 0 0 0 0 2 2 2 2 1 1 135048 95464 2073598 0 0 0 0 0 2073598 2073598 0 2073598 0 0 0 0 0 2073598 2073598 0 2073600 0 1 17 414871 994560 993600 99419 113046 94414 107992 17 17 17 17 46 4 0 0 0 1920 1080 
[11771.382435] MESSAGE_B= 5 0 0 242 2 52 192 0 248 179 0 1538 1465 1091 1094 1873 1747 1032 1022 971 935 1030 1056 758 722 1046 1045 0 17 160 180 81 125 133 122 87 86 0 0 0 0 2 2 2 2 2 52 137712 80546 2073598 0 0 0 0 0 2073598 2073598 0 2073598 0 0 0 0 0 2073598 2073598 0 2073600 0 6 17 414391 990720 993600 100486 111803 96564 105538 17 17 17 17 46 4 0 0 0 1920 1080 
[11771.656443] MESSAGE_B= 0 0 0 242 2 1 192 0 248 179 0 1460 1568 1092 1082 1725 1899 1028 1023 917 969 1003 1041 716 782 1033 1029 0 17 183 143 128 62 124 135 88 81 0 0 0 0 2 2 2 2 2 1 127542 98632 2073598 0 0 0 0 0 2073598 2073598 0 2073598 0 0 0 0 0 2073598 2073598 0 2073600 0 2 17 413635 994560 993600 100349 111421 96494 105371 17 17 17 17 46 4 0 0 0 1920 1080 
[11771.930428] MESSAGE_B= 5 0 0 242 3 38 192 0 248 179 0 1324 1568 1088 1054 1492 1912 1059 1017 915 989 1010 1057 725 761 1004 1037 0 17 228 143 212 63 92 133 80 83 0 0 0 0 2 2 2 2 3 38 149968 79074 2073598 0 0 0 0 0 2073598 2073598 0 2073598 0 0 0 0 0 2073598 2073598 0 2073600 0 6 17 414750 990720 993600 99679 112690 94534 107847 17 17 17 17 46 4 0 0 0 1920 1080 
[11772.083429] MESSAGE_B= 0 0 0 242 2 1 192 0 248 179 0 1280 1615 1173 764 1385 2027 1216 1014 918 994 951 1000 772 624 895 1039 0 17 250 97 248 32 85 137 73 136 0 2 0 2 2 2 2 2 2 1 120204 91684 2073598 0 0 0 0 0 2073598 2073598 0 2073598 0 0 0 0 0 2073598 2073598 0 2073600 0 2 17 413941 994560 993600 99379 112602 93694 108266 17 17 17 17 46 0 0 0 0 1920 1080 
[11772.356434] MESSAGE_B= 5 4 0 242 4 51 192 0 248 179 0 1163 1632 1287 984 1165 2031 1444 964 992 956 907 1043 935 613 747 1038 0 17 244 124 240 34 72 135 86 53 0 2 0 2 2 2 2 2 4 51 150400 78820 2073598 0 0 0 0 0 2073598 2073598 0 2073598 0 0 0 0 0 2073598 2073598 0 2073600 0 6 17 414254 990720 993600 100572 111590 94044 108048 17 17 17 17 48 4 4 4 4 1920 1080 
[11772.629443] MESSAGE_B= 0 0 0 242 3 5 192 0 248 179 0 1073 1564 1401 1100 1021 1860 1664 1010 1046 959 917 1025 1036 775 693 1040 0 17 197 155 157 81 83 134 115 95 0 0 0 0 2 2 2 2 3 5 108328 90736 2073598 0 0 0 0 0 2073598 2073598 0 2073598 0 0 0 0 0 2073598 2073598 0 2073600 0 3 17 413900 994560 993600 104019 108001 97902 103978 17 17 17 17 52 4 0 0 0 1920 1080 
[11772.903428] MESSAGE_B= 5 0 0 242 2 18 192 0 248 179 0 1094 1465 1559 1058 1018 1794 1912 1009 1059 965 988 1033 1042 751 776 1038 0 17 149 173 63 105 85 121 130 83 0 0 0 0 2 2 2 2 2 18 101826 85056 2073598 0 0 0 0 0 2073598 2073598 0 2073598 0 0 0 0 0 2073598 2073598 0 2073600 0 6 17 414603 990720 993600 106511 105775 100897 101420 17 17 17 17 54 4 0 0 0 1920 1080 
[11773.177432] MESSAGE_B= 0 0 0 242 2 31 192 0 248 179 0 1043 1380 1567 1082 1009 1577 1903 1016 1062 913 991 1033 1041 701 775 1034 0 17 142 212 67 182 89 101 135 80 0 0 0 0 2 2 2 2 2 31 38210 100314 2073598 0 0 0 0 0 2073598 2073598 0 2073598 0 0 0 0 0 2073598 2073598 0 2073600 0 1 17 414482 994560 993600 109925 102334 103655 98568 17 17 17 17 54 4 0 0 0 1920 1080 
[11773.330430] MESSAGE_B= 0 0 0 242 0 32 192 0 248 179 0 1058 1309 1638 1137 1025 1456 1956 1152 1049 920 958 986 1047 743 713 951 0 17 130 241 56 233 96 85 134 60 2 0 0 0 2 2 2 2 0 32 73972 84300 2073598 0 0 0 0 0 2073598 2073598 0 2073598 0 0 0 0 0 2073598 2073598 0 2073600 0 3 17 414676 990720 993600 111504 100854 105878 96440 17 17 17 17 54 4 0 0 0 1920 1080 
[11773.604439] MESSAGE_B= 0 0 0 242 4 6 192 0 248 179 0 739 1207 1620 1259 797 1226 2160 1363 1012 965 994 914 1004 878 393 773 0 17 97 252 24 251 54 66 130 62 2 0 2 0 2 2 2 2 4 6 114266 97416 2073598 0 0 0 0 0 2073598 2073598 0 2073598 0 0 0 0 0 2073598 2073598 0 2073600 0 3 17 414858 994560 993600 113251 99150 107629 94828 17 17 17 17 53 0 0 0 0 1920 1080 
[11773.877441] MESSAGE_B= 5 0 0 242 3 33 192 0 248 179 0 1116 1084 1627 1378 1017 1017 1889 1585 1023 1055 932 910 1047 1039 752 699 0 17 146 210 77 184 104 86 129 95 0 0 0 0 2 2 2 2 3 33 125206 82104 2073598 0 0 0 0 0 2073598 2073598 0 2073598 0 0 0 0 0 2073598 2073598 0 2073600 0 6 17 414792 990720 993600 113225 99170 107404 94993 17 17 17 17 49 4 0 0 0 1920 1080 
[11774.151434] MESSAGE_B= 5 0 0 242 7 16 192 0 248 179 0 1079 1082 1507 1493 1023 1021 1853 1831 1020 1041 970 948 1039 1034 763 740 0 17 159 162 80 89 89 85 136 129 0 0 0 0 2 2 2 2 7 16 146346 94010 2073598 0 0 0 0 0 2073598 2073598 0 2073598 0 0 0 0 0 2073598 2073598 0 2073600 0 6 17 413492 994560 993600 111002 100620 104800 97070 17 17 17 17 46 4 0 0 0 1920 1080 
[11774.304433] MESSAGE_B= 5 0 0 242 1 79 192 0 248 179 0 1059 1064 1437 1527 1014 1013 1739 1898 1027 1061 953 1010 1041 1042 720 786 0 17 183 150 126 65 86 83 119 134 0 0 0 0 2 2 2 2 1 79 151582 77478 2073598 0 0 0 0 0 2073598 2073598 0 2073598 0 0 0 0 0 2073598 2073598 0 2073600 0 6 17 414707 990720 993600 111636 100710 105422 96939 17 17 17 17 45 4 0 0 0 1920 1080 
[11774.578436] MESSAGE_B= 0 0 0 242 0 1 192 0 248 179 0 1083 1035 1340 1557 1019 1018 1517 1914 1017 1053 909 987 1033 1042 704 755 0 17 219 143 199 63 85 87 94 134 0 0 0 0 2 2 2 2 0 1 113506 96486 2073598 0 0 0 0 0 2073598 2073598 0 2073598 0 0 0 0 0 2073598 2073598 0 2073600 0 3 17 414428 994560 993600 112265 99856 107566 94741 17 17 17 17 47 4 0 0 0 1920 1080 
[11774.852436] MESSAGE_B= 0 0 0 242 1 6 192 0 248 179 0 1206 728 1220 1607 1300 756 1301 2146 929 1003 952 1001 835 990 829 466 0 17 255 102 255 9 76 25 76 135 0 2 0 2 2 2 2 2 1 6 149870 77238 2073598 0 0 0 0 0 2073598 2073598 0 2073598 0 0 0 0 0 2073598 2073598 0 2073600 0 3 17 414285 990720 993600 112721 99509 108710 93345 17 17 17 17 47 0 0 0 0 1920 1080 
[11775.125425] MESSAGE_B= 0 0 0 241 6 1 192 0 248 179 0 1330 1138 1104 1646 1528 1024 1063 1894 900 1021 1028 921 700 1048 1005 757 0 17 225 145 210 74 97 104 80 136 0 0 0 0 2 2 2 2 6 1 131076 93514 2073598 0 0 0 0 0 2073598 2073598 0 2073598 0 0 0 0 0 2073598 2073598 0 2073600 0 2 17 414096 994560 993600 110185 101969 106312 95630 17 17 17 17 47 4 0 0 0 1920 1080 
[11775.399425] MESSAGE_B= 5 0 0 242 18 72 192 0 248 179 0 1457 1093 1076 1530 1796 1021 1036 1870 950 1042 1051 978 684 1035 1043 757 0 17 177 160 114 78 116 85 83 128 0 0 0 0 2 2 2 2 18 72 135614 81396 2073598 0 0 0 0 0 2073598 2073598 0 2073598 0 0 0 0 0 2073598 2073598 0 2073600 0 6 17 414516 990720 993600 107274 105030 102608 99604 17 17 17 17 46 4 0 0 0 1920 1080 
[11775.552428] MESSAGE_B= 4 0 0 242 73 10 192 0 248 179 0 1559 1129 1106 1519 1902 1028 1033 1818 914 947 992 886 722 996 1004 682 0 17 137 152 47 80 134 94 87 132 0 0 0 0 2 2 2 2 73 10 56374 95222 2073598 0 0 0 0 0 2073598 2073598 0 2073598 0 0 0 0 0 2073598 2073598 0 2073600 0 4 17 410804 994560 993600 104780 105541 100603 99880 17 17 17 17 45 4 0 0 0 1920 1080 
[11775.826432] MESSAGE_B= 0 0 0 242 1 85 192 0 248 179 0 1545 1085 1037 1387 1906 1024 1013 1592 1001 1032 1056 915 785 1043 1048 707 0 17 145 210 70 180 136 87 83 110 0 0 0 0 2 2 2 2 1 85 71320 78364 2073598 0 0 0 0 0 2073598 2073598 0 2073598 0 0 0 0 0 2073598 2073598 0 2073600 0 3 17 414183 990720 993600 102369 109793 98607 103414 17 17 17 17 46 4 0 0 0 1920 1080 
[11776.100426] MESSAGE_B= 0 0 0 242 5 1 192 0 248 179 0 1601 1187 724 1280 2096 1217 944 1368 1016 954 1006 923 521 880 1034 780 0 17 99 252 5 249 133 52 140 76 2 0 2 0 2 2 2 2 5 1 82824 101678 2073598 0 0 0 0 0 2073598 2073598 0 2073598 0 0 0 0 0 2073598 2073598 0 2073600 0 2 17 414574 994560 993600 99427 112809 94913 107425 17 17 17 17 47 0 0 0 0 1920 1080 
[11776.373429] MESSAGE_B= 5 4 0 242 0 90 192 0 248 179 0 1582 1319 911 1178 1989 1460 1012 1160 977 914 1034 1001 662 730 1044 947 0 17 123 242 52 236 131 73 59 65 2 0 2 0 2 2 2 2 0 90 109180 79296 2073598 0 0 0 0 0 2073598 2073598 0 2073598 0 0 0 0 0 2073598 2073598 0 2073600 0 6 17 415044 990720 993600 99517 113046 94680 107801 17 17 17 17 47 4 4 4 4 1920 1080 
[11776.647434] MESSAGE_B= 5 0 0 242 1 10 192 0 248 179 0 1520 1421 1080 1076 1872 1695 1033 1025 969 908 1016 1038 756 690 1034 1033 0 17 157 190 76 144 134 116 80 82 0 0 0 0 2 2 2 2 1 10 145664 92352 2073598 0 0 0 0 0 2073598 2073598 0 2073598 0 0 0 0 0 2073598 2073598 0 2073600 0 6 17 413633 994560 993600 99675 112050 95851 106057 17 17 17 17 46 4 0 0 0 1920 1080 
[11776.800435] MESSAGE_B= 5 0 0 242 2 63 192 0 248 179 0 1503 1499 1066 1088 1858 1813 1021 1011 988 957 1038 1054 773 739 1039 1042 0 17 161 166 82 98 128 126 86 87 0 0 0 0 2 2 2 2 2 63 150102 78974 2073598 0 0 0 0 0 2073598 2073598 0 2073598 0 0 0 0 0 2073598 2073598 0 2073600 0 6 17 414767 990720 993600 100888 111470 97193 105216 17 17 17 17 46 4 0 0 0 1920 1080 
[11777.074424] MESSAGE_B= 5 0 0 242 3 11 192 0 248 179 0 1409 1564 1075 1040 1661 1907 1018 1018 922 986 1029 1053 696 767 1031 1034 0 17 197 142 152 61 110 133 80 85 0 0 0 0 2 2 2 2 3 11 114518 95898 2073598 0 0 0 0 0 2073598 2073598 0 2073598 0 0 0 0 0 2073598 2073598 0 2073600 0 6 17 414401 994560 993600 100874 111326 96097 106104 17 17 17 17 46 4 0 0 0 1920 1080 
[11777.348427] MESSAGE_B= 5 0 0 242 0 29 192 0 248 179 0 1313 1534 1149 872 1441 1936 1162 995 918 1018 976 1024 753 743 948 1041 0 17 244 123 236 60 92 137 76 73 0 2 0 0 2 2 2 2 0 29 149944 79090 2073598 0 0 0 0 0 2073598 2073598 0 2073598 0 0 0 0 0 2073598 2073598 0 2073600 0 6 17 414390 990720 993600 98949 113218 93772 108451 17 17 17 17 46 4 0 0 0 1920 1080 
[11777.621437] MESSAGE_B= 0 0 0 241 1 1 192 0 248 179 0 1189 1577 1258 728 1220 2141 1384 801 969 1005 907 994 889 452 776 1008 0 17 251 101 249 8 71 136 83 108 0 2 0 2 2 2 2 2 1 1 130250 90614 2073598 0 0 0 0 0 2073598 2073598 0 2073598 0 0 0 0 0 2073598 2073598 0 2073600 0 1 17 414132 994560 993600 100123 112012 93325 108672 17 17 17 17 47 0 0 0 0 1920 1080 
[11777.894427] MESSAGE_B= 5 0 0 242 1 40 192 0 248 179 0 1092 1641 1385 1146 1019 1864 1604 1004 1053 923 910 1031 1042 781 703 1048 0 17 207 148 179 83 87 134 108 107 0 0 0 0 2 2 2 2 1 40 154320 78808 2073598 0 0 0 0 0 2073598 2073598 0 2073598 0 0 0 0 0 2073598 2073598 0 2073600 0 6 17 414334 990720 993600 103161 109004 96871 105298 17 17 17 17 52 4 0 0 0 1920 1080 
[11778.047426] MESSAGE_B= 0 0 0 242 3 8 192 0 248 179 0 1107 1530 1486 1113 1034 1861 1757 1040 985 917 849 955 999 715 645 999 0 17 169 143 109 61 86 135 122 93 0 0 0 0 2 2 2 2 3 8 87566 95358 2073598 0 0 0 0 0 2073598 2073598 0 2073598 0 0 0 0 0 2073598 2073598 0 2073600 0 3 17 410685 994560 993600 104050 106168 98509 101958 17 17 17 17 54 4 0 0 0 1920 1080 
[11778.320427] MESSAGE_B= 5 0 0 242 2 48 192 0 248 179 0 1077 1457 1569 1080 1020 1727 1898 1024 1060 933 991 1024 1046 723 790 1044 0 17 146 186 68 132 85 128 136 88 0 0 0 0 2 2 2 2 2 48 93310 82682 2073598 0 0 0 0 0 2073598 2073598 0 2073598 0 0 0 0 0 2073598 2073598 0 2073600 0 6 17 414114 990720 993600 107432 104770 101165 100747 17 17 17 17 54 4 0 0 0 1920 1080 
[11778.594435] MESSAGE_B= 0 0 0 242 3 5 192 0 248 179 0 1042 1326 1559 1092 1019 1507 1915 1051 1046 911 985 1001 1049 704 761 1019 0 17 142 223 68 205 88 99 135 84 0 0 0 0 2 2 2 2 3 5 53042 100826 2073598 0 0 0 0 0 2073598 2073598 0 2073598 0 0 0 0 0 2073598 2073598 0 2073600 0 3 17 413710 994560 993600 110132 101708 104423 97447 17 17 17 17 54 4 0 0 0 1920 1080 
[11778.868432] MESSAGE_B= 5 4 0 242 2 52 192 0 248 179 0 751 1230 1584 1230 793 1288 2175 1313 1018 959 1028 936 1008 843 394 816 0 17 105 255 25 255 12 72 133 57 2 0 2 0 2 2 2 2 2 52 85308 81712 2073598 0 0 0 0 0 2073598 2073598 0 2073598 0 0 0 0 0 2073598 2073598 0 2073600 0 6 17 414978 990720 993600 113332 99096 107870 94680 17 17 17 17 53 4 4 4 4 1920 1080 
[11779.020423] MESSAGE_B= 5 4 0 242 3 53 192 0 248 179 0 975 1171 1622 1296 969 1176 1997 1449 1032 975 947 888 1035 923 650 731 0 17 122 244 42 239 59 74 136 85 2 0 2 0 2 2 2 2 3 53 132986 100220 2073598 0 0 0 0 0 2073598 2073598 0 2073598 0 0 0 0 0 2073598 2073598 0 2073600 0 6 17 413565 994560 993600 112669 99149 107508 94239 17 17 17 17 52 4 4 4 4 1920 1080 
[11779.293426] MESSAGE_B= 0 0 0 242 3 7 192 0 248 179 0 1096 1086 1562 1409 1016 1021 1861 1664 1033 1054 962 921 1039 1043 778 702 0 17 155 197 80 158 92 85 134 114 0 0 0 0 2 2 2 2 3 7 128898 80546 2073598 0 0 0 0 0 2073598 2073598 0 2073598 0 0 0 0 0 2073598 2073598 0 2073600 0 3 17 414302 990720 993600 112781 99405 106619 95497 17 17 17 17 48 4 0 0 0 1920 1080 
[11779.567433] MESSAGE_B= 5 0 0 242 7 13 192 0 248 179 0 1073 1079 1480 1535 1022 1010 1800 1900 1021 1047 952 989 1033 1033 736 776 0 17 170 147 102 62 85 85 123 134 0 0 0 0 2 2 2 2 7 13 128626 89126 2073598 0 0 0 0 0 2073598 2073598 0 2073598 0 0 0 0 0 2073598 2073598 0 2073600 0 6 17 414443 994560 993600 111036 101218 104794 97395 17 17 17 17 46 4 0 0 0 1920 1080 
[11779.841426] MESSAGE_B= 5 0 0 242 2 53 192 0 248 179 0 1072 1023 1367 1534 1022 1007 1577 1901 1028 1055 919 1004 1041 1040 706 774 0 17 211 144 183 67 85 86 102 134 0 0 0 0 2 2 2 2 2 53 146232 80822 2073598 0 0 0 0 0 2073598 2073598 0 2073598 0 0 0 0 0 2073598 2073598 0 2073600 0 6 17 414791 990720 993600 112047 100314 107289 95141 17 17 17 17 46 4 0 0 0 1920 1080 
[11780.115427] MESSAGE_B= 0 0 0 242 1 1 192 0 248 179 0 1174 732 1254 1581 1243 815 1356 2118 945 991 931 1012 875 1007 791 504 0 17 253 98 252 3 74 134 82 136 0 2 0 2 2 2 2 2 1 1 115518 102534 2073598 0 0 0 0 0 2073598 2073598 0 2073598 0 0 0 0 0 2073598 2073598 0 2073600 0 1 17 414254 994560 993600 112687 99461 108491 93615 17 17 17 17 47 0 0 0 0 1920 1080 
[11780.267426] MESSAGE_B= 5 4 0 242 0 50 192 0 248 179 0 1269 718 1208 1594 1373 781 1235 2140 922 1013 972 1012 777 1002 883 457 0 17 252 104 251 7 61 61 67 134 0 2 0 2 2 2 2 2 0 50 141092 81580 2073598 0 0 0 0 0 2073598 2073598 0 2073598 0 0 0 0 0 2073598 2073598 0 2073600 0 6 17 415159 990720 993600 112471 100177 109013 93498 17 17 17 17 47 4 4 4 4 1920 1080 
[11780.540422] MESSAGE_B= 0 0 0 242 2 5 192 0 248 179 0 1397 1123 1105 1587 1584 1015 1021 1875 821 944 977 889 627 1006 998 707 0 17 203 132 175 61 96 113 91 129 0 0 0 0 2 2 2 2 2 5 121958 96360 2073598 0 0 0 0 0 2073598 2073598 0 2073598 0 0 0 0 0 2073598 2073598 0 2073600 0 3 17 411214 994560 993600 108345 102144 104898 95890 16 17 17 17 47 4 0 0 0 1920 1080 
[11780.814436] MESSAGE_B= 5 0 0 242 10 19 192 0 248 179 0 1498 1086 1081 1526 1832 1023 1021 1855 967 1034 1055 976 753 1046 1043 770 0 17 165 160 93 83 128 90 87 135 0 0 0 0 2 2 2 2 10 19 113060 80334 2073598 0 0 0 0 0 2073598 2073598 0 2073598 0 0 0 0 0 2073598 2073598 0 2073600 0 6 17 414177 990720 993600 106571 105596 101919 100091 17 17 17 17 45 4 0 0 0 1920 1080 
[11781.088426] MESSAGE_B= 4 0 0 242 19 1 192 0 248 179 0 1570 1091 1044 1424 1894 1024 1014 1648 980 1022 1049 904 786 1039 1041 694 0 17 142 199 68 158 134 88 87 117 0 0 0 0 2 2 2 2 19 1 40916 95048 2073598 0 0 0 0 0 2073598 2073598 0 2073598 0 0 0 0 0 2073598 2073598 0 2073600 0 4 17 413752 994560 993600 103165 108770 99502 102315 17 17 17 17 46 4 0 0 0 1920 1080 
[11781.362423] MESSAGE_B= 0 0 0 242 3 29 192 0 248 179 0 1660 1145 911 1293 1986 1168 1008 1424 968 980 1053 927 690 928 1044 756 0 17 111 246 49 240 133 56 73 82 2 0 2 0 2 2 2 2 3 29 70036 79632 2073598 0 0 0 0 0 2073598 2073598 0 2073598 0 0 0 0 0 2073598 2073598 0 2073600 0 3 17 414277 990720 993600 100487 111716 95991 106083 17 17 17 17 46 0 0 0 0 1920 1080 
[11781.514438] MESSAGE_B= 5 4 0 242 1 32 192 0 248 179 0 1578 1226 739 1240 2144 1307 770 1308 1002 912 997 933 463 822 994 817 0 17 103 255 11 255 135 76 88 78 2 0 2 0 2 2 2 2 1 32 107222 93430 2073598 0 0 0 0 0 2073598 2073598 0 2073598 0 0 0 0 0 2073598 2073598 0 2073600 0 6 17 413327 994560 993600 98685 113031 93989 107622 17 17 17 17 46 4 4 4 4 1920 1080 
[11781.787433] MESSAGE_B= 5 0 0 242 3 71 192 0 248 179 0 1654 1339 1151 1113 1930 1517 1040 1060 920 900 1027 1033 724 714 1053 1005 0 17 144 225 70 210 135 98 99 81 0 0 0 0 2 2 2 2 3 71 117018 79506 2073598 0 0 0 0 0 2073598 2073598 0 2073598 0 0 0 0 0 2073598 2073598 0 2073600 0 6 17 414465 990720 993600 99335 112910 94483 107737 17 17 17 17 46 4 0 0 0 1920 1080 
[11782.061425] MESSAGE_B= 0 0 0 242 2 8 192 0 248 179 0 1528 1486 1113 1107 1861 1757 1040 1034 920 849 955 985 715 645 999 999 0 17 143 169 61 109 135 122 93 86 0 0 0 0 2 2 2 2 2 8 141600 90848 2073598 0 0 0 0 0 2073598 2073598 0 2073598 0 0 0 0 0 2073598 2073598 0 2073600 0 3 17 411081 994560 993600 99450 111144 95737 104896 17 16 17 17 46 4 0 0 0 1920 1080 
[11782.334426] MESSAGE_B= 5 0 0 242 2 79 192 0 248 179 0 1433 1579 1067 1099 1714 1899 1016 1010 935 987 1027 1060 719 785 1036 1039 0 17 188 146 134 65 116 133 81 88 0 0 0 0 2 2 2 2 2 79 151434 80044 2073598 0 0 0 0 0 2073598 2073598 0 2073598 0 0 0 0 0 2073598 2073598 0 2073600 0 6 17 414793 990720 993600 100825 111585 96681 105702 17 17 17 17 46 4 0 0 0 1920 1080 
[11782.608426] MESSAGE_B= 0 0 0 242 3 1 192 0 248 179 0 1321 1567 1089 1046 1488 1943 1050 1030 914 986 1009 1053 714 727 1001 1042 0 17 228 141 213 58 89 133 81 84 0 0 0 0 2 2 2 2 3 1 120270 97586 2073598 0 0 0 0 0 2073598 2073598 0 2073598 0 0 0 0 0 2073598 2073598 0 2073600 0 2 17 414528 994560 993600 99622 112655 94418 107833 17 17 17 17 46 4 0 0 0 1920 1080 
[11782.761423] MESSAGE_B= 5 4 0 241 2 48 192 0 248 179 0 1273 1571 1170 760 1384 2030 1215 1024 929 1011 953 1005 777 622 899 1046 0 17 250 104 247 37 85 135 73 147 0 2 0 2 2 2 2 2 2 48 150482 76036 2073598 0 0 0 0 0 2073598 2073598 0 2073598 0 0 0 0 0 2073598 2073598 0 2073600 0 6 17 414267 990720 993600 99501 112670 93808 108288 17 17 17 17 46 4 4 4 4 1920 1080 
[11783.035430] MESSAGE_B= 5 4 0 242 4 26 192 0 248 179 0 1204 1617 1358 975 1169 1970 1460 1000 926 896 809 977 893 631 662 1014 0 17 240 110 232 41 58 133 69 101 0 2 0 2 2 2 2 2 4 26 137426 95294 2073598 0 0 0 0 0 2073598 2073598 0 2073598 0 0 0 0 0 2073598 2073598 0 2073600 0 6 17 411141 994560 993600 99758 110758 93455 107338 17 16 17 17 49 4 4 4 4 1920 1080 
[11783.308421] MESSAGE_B= 5 0 0 242 3 14 192 0 248 179 0 1090 1578 1431 1105 1022 1863 1677 1016 1052 952 920 1033 1041 775 699 1038 0 17 193 153 150 80 83 127 109 92 0 0 0 0 2 2 2 2 3 14 140024 78356 2073598 0 0 0 0 0 2073598 2073598 0 2073598 0 0 0 0 0 2073598 2073598 0 2073600 0 6 17 414859 990720 993600 104420 108039 98402 103998 17 17 17 17 52 4 0 0 0 1920 1080 
[11783.582436] MESSAGE_B= 0 0 0 242 1 1 192 0 248 179 0 1075 1474 1526 1083 1024 1782 1899 1025 1047 945 987 1013 1035 729 781 1032 0 17 149 174 62 106 82 129 135 87 0 0 0 0 2 2 2 2 1 1 63262 97336 2073598 0 0 0 0 0 2073598 2073598 0 2073598 0 0 0 0 0 2073598 2073598 0 2073600 0 1 17 413607 994560 993600 106435 105412 100794 100966 17 17 17 17 54 4 0 0 0 1920 1080 
[11783.824427] MESSAGE_B= 0 0 0 242 0 85 192 0 248 179 0 1036 1387 1542 1085 1022 1593 1919 1024 1056 916 1000 1031 1047 705 768 1043 0 17 145 210 66 180 85 110 133 87 0 0 0 0 2 2 2 2 0 85 75106 84674 2073598 0 0 0 0 0 2073598 2073598 0 2073598 0 0 0 0 0 2073598 2073598 0 2073600 0 3 17 414151 990720 993600 109796 102343 103405 98607 17 17 17 17 54 4 0 0 0 1920 1080 
[11784.098430] MESSAGE_B= 0 0 0 242 3 1 192 0 248 179 0 723 1280 1601 1187 944 1368 2096 1217 1005 923 1014 954 1033 781 521 880 0 17 99 252 4 249 136 76 133 52 2 0 2 0 2 2 2 2 3 1 72972 99294 2073598 0 0 0 0 0 2073598 2073598 0 2073598 0 0 0 0 0 2073598 2073598 0 2073600 0 2 17 414563 994560 993600 112805 99425 107424 94909 17 17 17 17 54 0 0 0 0 1920 1080 
[11784.371425] MESSAGE_B= 5 4 0 242 5 90 192 0 248 179 0 933 1177 1576 1319 1005 1160 1970 1460 1031 1000 980 913 1042 945 683 728 0 17 126 242 55 236 72 66 133 72 2 0 2 0 2 2 2 2 5 90 102988 85270 2073598 0 0 0 0 0 2073598 2073598 0 2073598 0 0 0 0 0 2073598 2073598 0 2073600 0 6 17 415015 990720 993600 113035 99512 107787 94681 17 17 17 17 51 4 4 4 4 1920 1080 
[11784.524424] MESSAGE_B= 5 0 0 242 2 13 192 0 248 179 0 1142 1078 1642 1361 1009 1021 1865 1580 1010 1035 908 888 1038 1028 772 682 0 17 143 211 79 187 107 82 134 103 0 0 0 0 2 2 2 2 2 13 142210 91096 2073598 0 0 0 0 0 2073598 2073598 0 2073598 0 0 0 0 0 2073598 2073598 0 2073600 0 6 17 413239 994560 993600 112914 98721 107385 94219 17 17 17 17 50 4 0 0 0 1920 1080 
[11784.798440] MESSAGE_B= 5 0 0 242 3 63 192 0 248 179 0 1074 1088 1506 1499 1015 1011 1854 1812 1040 1054 982 957 1032 1042 775 739 0 17 160 166 79 98 85 87 128 127 0 0 0 0 2 2 2 2 3 63 147132 80514 2073598 0 0 0 0 0 2073598 2073598 0 2073598 0 0 0 0 0 2073598 2073598 0 2073600 0 6 17 414741 990720 993600 111477 100878 105185 97201 17 17 17 17 46 4 0 0 0 1920 1080 
[11785.072431] MESSAGE_B= 5 0 0 242 4 11 192 0 248 179 0 1075 1040 1410 1565 1018 1025 1662 1922 1030 1053 918 985 1031 1036 692 751 0 17 197 142 152 59 80 83 110 133 0 0 0 0 2 2 2 2 4 11 114642 93150 2073598 0 0 0 0 0 2073598 2073598 0 2073598 0 0 0 0 0 2073598 2073598 0 2073600 0 6 17 414367 994560 993600 111334 100867 106103 96063 17 17 17 17 47 4 0 0 0 1920 1080 
[11785.346429] MESSAGE_B= 5 0 0 242 2 29 192 0 248 179 0 1148 866 1313 1545 1163 1012 1440 1969 972 1025 917 1015 945 1041 753 704 0 17 243 121 236 53 72 61 92 137 0 2 0 0 2 2 2 2 2 29 148944 80398 2073598 0 0 0 0 0 2073598 2073598 0 2073598 0 0 0 0 0 2073598 2073598 0 2073600 0 6 17 414369 990720 993600 113210 98949 108447 93763 17 17 17 17 47 4 0 0 0 1920 1080 
[11785.620438] MESSAGE_B= 0 0 0 241 2 1 192 0 248 179 0 1259 739 1191 1601 1384 811 1219 2138 910 1001 966 994 774 1010 889 453 0 17 251 99 250 7 83 116 72 132 0 2 0 2 2 2 2 2 2 1 126970 95640 2073598 0 0 0 0 0 2073598 2073598 0 2073598 0 0 0 0 0 2073598 2073598 0 2073600 0 2 17 414133 994560 993600 112035 100107 108667 93324 17 17 17 17 47 0 0 0 0 1920 1080 
[11785.893430] MESSAGE_B= 5 0 0 242 4 40 192 0 248 179 0 1389 1146 1093 1641 1605 1004 1019 1863 910 1031 1052 924 701 1048 1041 782 0 17 207 148 179 83 107 107 87 133 0 0 0 0 2 2 2 2 4 40 148326 83434 2073598 0 0 0 0 0 2073598 2073598 0 2073598 0 0 0 0 0 2073598 2073598 0 2073600 0 6 17 414310 990720 993600 109023 103157 105264 96866 17 17 17 17 47 4 0 0 0 1920 1080 
[11786.167432] MESSAGE_B= 0 0 0 242 1 48 192 0 248 179 0 1504 1073 1079 1507 1847 1014 1013 1858 976 1034 1053 983 760 1035 1040 765 0 17 160 160 85 80 128 84 84 131 0 0 0 0 2 2 2 2 1 48 79536 98882 2073598 0 0 0 0 0 2073598 2073598 0 2073598 0 0 0 0 0 2073598 2073598 0 2073600 0 3 17 414521 994560 993600 106465 105905 101865 100286 17 17 17 17 45 4 0 0 0 1920 1080 
[11786.441430] MESSAGE_B= 5 0 0 242 1 46 192 0 248 179 0 1557 1072 1034 1390 1916 1016 1018 1634 996 1034 1055 931 764 1036 1042 701 0 17 142 203 61 163 133 81 85 108 0 0 0 0 2 2 2 2 1 46 81644 79222 2073598 0 0 0 0 0 2073598 2073598 0 2073598 0 0 0 0 0 2073598 2073598 0 2073600 0 6 17 414625 990720 993600 103196 109172 99592 102665 17 17 17 17 45 4 0 0 0 1920 1080 
[11786.594429] MESSAGE_B= 0 0 0 242 1 5 192 0 248 179 0 1556 1099 1044 1336 1916 1051 1019 1507 988 1001 1046 906 763 1019 1049 705 0 17 142 223 68 205 135 84 88 99 0 0 0 0 2 2 2 2 1 5 65368 102464 2073598 0 0 0 0 0 2073598 2073598 0 2073598 0 0 0 0 0 2073598 2073598 0 2073600 0 3 17 413691 994560 993600 101709 110131 97432 104419 17 17 17 17 46 4 0 0 0 1920 1080 
[11786.868435] MESSAGE_B= 5 4 0 242 0 26 192 0 248 179 0 1624 1230 731 1230 2146 1313 804 1288 1004 937 1016 959 461 818 1013 844 0 17 100 255 9 255 133 56 47 71 2 0 2 0 2 2 2 2 0 26 92724 81974 2073598 0 0 0 0 0 2073598 2073598 0 2073598 0 0 0 0 0 2073598 2073598 0 2073600 0 6 17 415006 990720 993600 99101 113356 94685 107864 17 17 17 17 46 4 4 4 4 1920 1080 
[11787.142428] MESSAGE_B= 0 0 0 242 2 1 192 0 248 179 0 1627 1355 1113 1105 1890 1529 1020 1046 923 889 1011 1026 750 684 1036 1008 0 17 141 222 70 204 131 86 101 84 0 0 0 0 2 2 2 2 2 1 138980 95024 2073598 0 0 0 0 0 2073598 2073598 0 2073598 0 0 0 0 0 2073598 2073598 0 2073600 0 2 17 414220 994560 993600 99216 112822 94553 107629 17 17 17 17 46 4 0 0 0 1920 1080 
[11787.416430] MESSAGE_B= 5 0 0 242 1 68 192 0 248 179 0 1526 1454 1085 1077 1858 1771 1023 1021 977 952 1037 1055 772 730 1044 1046 0 17 161 176 84 116 132 124 84 86 0 0 0 0 2 2 2 2 1 68 138384 79582 2073598 0 0 0 0 0 2073598 2073598 0 2073598 0 0 0 0 0 2073598 2073598 0 2073600 0 6 17 414317 990720 993600 100642 111527 96839 105309 17 17 17 17 46 4 0 0 0 1920 1080 
[11787.690432] MESSAGE_B= 0 0 0 242 11 1 192 0 248 179 0 1432 1563 1075 1089 1703 1926 1024 1034 933 985 1029 1056 721 758 1045 1043 0 17 192 146 141 62 122 134 86 83 0 0 0 0 2 2 2 2 11 1 128854 98524 2073598 0 0 0 0 0 2073598 2073598 0 2073598 0 0 0 0 0 2073598 2073598 0 2073600 0 2 17 414284 994560 993600 100880 111361 96427 105616 17 17 17 17 47 4 0 0 0 1920 1080 
[11787.964431] MESSAGE_B= 5 0 0 242 1 44 192 0 248 179 0 1312 1567 1112 1034 1464 1959 1094 1041 902 981 984 1051 715 704 971 1037 0 17 234 140 222 53 79 136 80 81 0 0 0 0 2 2 2 2 1 44 146554 80260 2073598 0 0 0 0 0 2073598 2073598 0 2073598 0 0 0 0 0 2073598 2073598 0 2073600 0 6 17 414179 990720 993600 99179 112832 94142 108026 17 17 17 17 47 4 0 0 0 1920 1080 
[11788.238430] MESSAGE_B= 5 4 0 242 5 47 192 0 248 179 0 1219 1596 1248 722 1263 2141 1342 766 952 1005 925 1001 857 455 794 1000 0 17 253 100 254 9 69 133 59 77 0 2 0 2 2 2 2 2 5 47 128140 91744 2073598 0 0 0 0 0 2073598 2073598 0 2073598 0 0 0 0 0 2073598 2073598 0 2073600 0 6 17 414606 994560 993600 99921 112297 93539 108849 17 17 17 17 47 4 4 4 4 1920 1080 
[11788.511427] MESSAGE_B= 5 0 0 242 2 26 192 0 248 179 0 1083 1626 1363 1124 1019 1877 1559 1015 1035 917 888 1010 1026 754 680 1036 0 17 214 141 192 73 85 132 97 107 0 0 0 0 2 2 2 2 2 26 155076 80332 2073598 0 0 0 0 0 2073598 2073598 0 2073598 0 0 0 0 0 2073598 2073598 0 2073600 0 6 17 414108 990720 993600 102572 109424 96194 105918 17 17 17 17 51 4 0 0 0 1920 1080 
[11788.664452] MESSAGE_B= 0 0 0 241 2 36 192 0 248 179 0 1083 1516 1447 1069 1020 1859 1711 1013 1052 984 921 1032 1041 774 695 1041 0 17 188 159 140 82 86 127 113 88 0 0 0 0 2 2 2 2 2 36 92400 93314 2073598 0 0 0 0 0 2073598 2073598 0 2073598 0 0 0 0 0 2073598 2073598 0 2073600 0 3 17 414641 994560 993600 104892 107392 98971 103386 17 17 17 17 53 4 0 0 0 1920 1080 
[11788.938431] MESSAGE_B= 5 0 0 242 1 32 192 0 248 179 0 1065 1468 1531 1074 1016 1768 1910 1023 1055 948 1001 1029 1041 731 778 1036 0 17 150 178 63 114 84 117 134 83 0 0 0 0 2 2 2 2 1 32 92742 88922 2073598 0 0 0 0 0 2073598 2073598 0 2073598 0 0 0 0 0 2073598 2073598 0 2073600 0 6 17 414539 990720 993600 106732 105535 101136 101136 17 17 17 17 54 4 0 0 0 1920 1080 
[11789.212428] MESSAGE_B= 0 0 0 242 1 25 192 0 248 179 0 1049 1350 1570 1080 1004 1534 1889 1027 1058 912 984 1026 1046 714 791 1045 0 17 143 219 73 197 90 103 136 87 0 0 0 0 2 2 2 2 1 25 48050 98164 2073598 0 0 0 0 0 2073598 2073598 0 2073598 0 0 0 0 0 2073598 2073598 0 2073600 0 3 17 414197 994560 993600 110049 102075 104063 98010 17 17 17 17 54 4 0 0 0 1920 1080 
[11789.486433] MESSAGE_B= 0 0 0 242 2 36 192 0 248 179 0 733 1250 1586 1202 754 1333 2138 1280 989 930 1005 928 983 803 462 843 0 17 98 254 19 254 62 83 137 72 2 0 2 0 2 2 2 2 2 36 84676 89670 2073598 0 0 0 0 0 2073598 2073598 0 2073598 0 0 0 0 0 2073598 2073598 0 2073600 0 3 17 413506 990720 993600 113013 98790 107556 94147 17 17 17 17 54 0 0 0 0 1920 1080 
[11789.760437] MESSAGE_B= 5 4 0 242 1 34 192 0 248 179 0 1093 1122 1613 1306 1040 1100 2001 1494 1027 1013 941 901 1045 973 639 720 0 17 142 232 50 221 78 82 134 94 2 0 2 0 2 2 2 2 1 34 133090 97838 2073598 0 0 0 0 0 2073598 2073598 0 2073598 0 0 0 0 0 2073598 2073598 0 2073600 0 6 17 414180 994560 993600 112852 99266 107944 94118 17 17 17 17 50 4 4 4 4 1920 1080 
[11790.034440] MESSAGE_B= 5 0 0 242 3 34 192 0 248 179 0 1102 1107 1515 1477 1023 1024 1870 1741 955 978 921 843 1001 1000 699 637 0 17 144 171 62 113 95 80 131 116 0 0 0 0 2 2 2 2 3 34 135238 80770 2073598 0 0 0 0 0 2073598 2073598 0 2073598 0 0 0 0 0 2073598 2073598 0 2073600 0 6 17 411200 990720 993600 111213 99211 105201 95665 16 17 17 17 47 4 0 0 0 1920 1080 
[11790.308429] MESSAGE_B= 5 0 0 242 1 79 192 0 248 179 0 1059 1064 1437 1527 1014 1013 1739 1898 1027 1061 953 1010 1041 1042 720 786 0 17 183 150 126 65 86 83 119 134 0 0 0 0 2 2 2 2 1 79 132270 89580 2073598 0 0 0 0 0 2073598 2073598 0 2073598 0 0 0 0 0 2073598 2073598 0 2073600 0 6 17 414707 994560 993600 111636 100710 105422 96939 17 17 17 17 45 4 0 0 0 1920 1080 
[11790.582446] MESSAGE_B= 0 0 0 242 1 5 192 0 248 179 0 1088 1044 1326 1559 1051 1019 1507 1916 1004 1046 911 986 1020 1049 704 761 0 17 223 142 205 68 83 88 99 136 0 0 0 0 2 2 2 2 1 5 149490 81918 2073598 0 0 0 0 0 2073598 2073598 0 2073598 0 0 0 0 0 2073598 2073598 0 2073600 0 3 17 414076 990720 993600 112367 99651 107672 94386 17 17 17 17 47 4 0 0 0 1920 1080 
[11790.839436] MESSAGE_B= 5 4 0 242 1 35 192 0 248 179 0 1218 735 1245 1604 1290 764 1327 2147 936 1012 946 1014 837 993 812 462 0 17 254 101 255 13 51 63 74 133 0 2 0 2 2 2 2 2 1 35 120478 100074 2073598 0 0 0 0 0 2073598 2073598 0 2073598 0 0 0 0 0 2073598 2073598 0 2073600 0 6 17 414905 994560 993600 112872 99478 108941 93614 17 17 17 17 47 4 4 4 4 1920 1080 
[11790.991427] MESSAGE_B= 5 4 0 242 5 52 192 0 248 179 0 1276 972 1181 1620 1424 810 1198 2106 894 1040 968 952 747 1001 905 501 0 17 248 124 245 0 80 75 74 136 0 2 0 2 2 2 2 2 5 52 145992 83910 2073598 0 0 0 0 0 2073598 2073598 0 2073598 0 0 0 0 0 2073598 2073598 0 2073600 0 6 17 413473 990720 993600 111780 100073 108264 93356 17 17 17 17 47 4 4 4 4 1920 1080 
[11791.265440] MESSAGE_B= 5 0 0 242 3 11 192 0 248 179 0 1418 1094 1092 1578 1646 1010 1013 1874 919 1031 1051 957 696 1036 1040 765 0 17 199 153 161 77 105 93 87 129 0 0 0 0 2 2 2 2 3 11 104840 94502 2073598 0 0 0 0 0 2073598 2073598 0 2073598 0 0 0 0 0 2073598 2073598 0 2073600 0 6 17 414752 994560 993600 108421 103962 104495 97874 17 17 17 17 46 4 0 0 0 1920 1080 
[11791.539432] MESSAGE_B= 5 0 0 242 6 39 192 0 248 179 0 1562 1107 1117 1507 1888 1030 1014 1839 899 955 987 901 703 993 1006 682 0 17 138 149 54 71 133 93 96 128 0 0 0 0 2 2 2 2 6 39 99808 80628 2073598 0 0 0 0 0 2073598 2073598 0 2073598 0 0 0 0 0 2073598 2073598 0 2073600 0 6 17 410980 990720 993600 104920 105491 100775 99845 16 17 17 17 45 4 0 0 0 1920 1080 
[11791.812451] MESSAGE_B= 0 0 0 242 1 85 192 0 248 179 0 1545 1085 1037 1387 1906 1024 1013 1592 1001 1032 1056 915 785 1043 1048 707 0 17 145 210 70 180 136 87 83 110 0 0 0 0 2 2 2 2 1 85 37152 95716 2073598 0 0 0 0 0 2073598 2073598 0 2073598 0 0 0 0 0 2073598 2073598 0 2073600 0 1 17 414183 994560 993600 102369 109793 98607 103414 17 17 17 17 46 4 0 0 0 1920 1080 
[11792.086434] MESSAGE_B= 0 0 0 242 5 1 192 0 248 179 0 1616 1173 766 1281 2029 1216 1022 1386 995 951 1002 918 622 895 1048 772 0 17 97 251 37 248 136 73 133 85 2 0 2 0 2 2 2 2 5 1 74874 81236 2073598 0 0 0 0 0 2073598 2073598 0 2073598 0 0 0 0 0 2073598 2073598 0 2073600 0 2 17 413827 990720 993600 99470 112536 94750 107071 17 17 17 17 46 0 0 0 0 1920 1080 
[11792.360432] MESSAGE_B= 5 4 0 242 0 51 192 0 248 179 0 1634 1286 985 1163 2032 1444 964 1165 953 909 1041 992 612 747 1038 935 0 17 123 244 35 239 135 86 55 72 2 0 2 0 2 2 2 2 0 51 121694 92598 2073598 0 0 0 0 0 2073598 2073598 0 2073598 0 0 0 0 0 2073598 2073598 0 2073600 0 6 17 414413 994560 993600 99376 112806 94553 107678 17 17 17 17 46 4 4 4 4 1920 1080 
[11792.633453] MESSAGE_B= 0 0 0 242 1 5 192 0 248 179 0 1525 1425 1086 1086 1862 1682 1013 1021 968 903 1010 1033 769 676 1034 1031 0 17 154 191 79 149 128 108 96 87 0 0 0 0 2 2 2 2 1 5 132438 81396 2073598 0 0 0 0 0 2073598 2073598 0 2073598 0 0 0 0 0 2073598 2073598 0 2073600 0 3 17 414062 990720 993600 99560 112406 95720 106376 17 17 17 17 46 4 0 0 0 1920 1080 
[11792.907432] MESSAGE_B= 5 0 0 242 1 18 192 0 248 179 0 1465 1546 1058 1084 1797 1912 1009 1017 964 994 1033 1059 751 776 1038 1043 0 17 173 150 105 64 119 130 83 85 0 0 0 0 2 2 2 2 1 18 134344 94224 2073598 0 0 0 0 0 2073598 2073598 0 2073598 0 0 0 0 0 2073598 2073598 0 2073600 0 6 17 414986 994560 993600 101347 111176 97545 104918 17 17 17 17 46 4 0 0 0 1920 1080 
[11793.060428] MESSAGE_B= 0 0 0 242 4 7 192 0 248 179 0 1435 1587 1119 1070 1686 1904 1038 1017 861 916 951 995 642 723 995 1003 0 17 183 129 136 49 118 136 89 88 0 0 0 0 2 2 2 2 4 7 145418 79250 2073598 0 0 0 0 0 2073598 2073598 0 2073598 0 0 0 0 0 2073598 2073598 0 2073600 0 3 17 411144 990720 993600 99933 110727 95275 105316 17 16 17 17 46 4 0 0 0 1920 1080 
[11793.333442] MESSAGE_B= 5 0 0 242 0 41 192 0 248 179 0 1321 1622 1146 1044 1455 1957 1152 1027 914 966 985 1048 746 712 951 1047 0 17 241 132 233 55 87 134 60 95 0 2 0 0 2 2 2 2 0 41 114714 93314 2073598 0 0 0 0 0 2073598 2073598 0 2073598 0 0 0 0 0 2073598 2073598 0 2073600 0 6 17 414851 994560 993600 99160 113219 94051 108421 17 17 17 17 46 4 0 0 0 1920 1080 
[11793.607436] MESSAGE_B= 0 0 0 242 1 1 192 0 248 179 0 1211 1620 1268 738 1234 2139 1370 779 967 994 911 1001 878 453 773 1000 0 17 252 96 251 8 66 131 62 73 0 2 0 2 2 2 2 2 1 1 139324 75258 2073598 0 0 0 0 0 2073598 2073598 0 2073598 0 0 0 0 0 2073598 2073598 0 2073600 0 1 17 414903 990720 993600 100130 112372 93410 108991 17 17 17 17 47 0 0 0 0 1920 1080 
[11793.880441] MESSAGE_B= 5 0 0 242 1 40 192 0 248 179 0 1092 1641 1385 1146 1019 1864 1604 1004 1053 923 910 1031 1042 781 703 1048 0 17 207 148 179 83 87 134 108 107 0 0 0 0 2 2 2 2 1 40 123150 93874 2073598 0 0 0 0 0 2073598 2073598 0 2073598 0 0 0 0 0 2073598 2073598 0 2073600 0 6 17 414334 994560 993600 103161 109004 96871 105298 17 17 17 17 51 4 0 0 0 1920 1080 
[11794.154435] MESSAGE_B= 5 0 0 242 10 16 192 0 248 179 0 1082 1507 1493 1079 1021 1853 1831 1023 1041 970 948 1019 1034 763 740 1040 0 17 162 158 89 80 85 136 129 89 0 0 0 0 2 2 2 2 10 16 113240 86280 2073598 0 0 0 0 0 2073598 2073598 0 2073598 0 0 0 0 0 2073598 2073598 0 2073600 0 6 17 413482 990720 993600 105385 106291 100000 101806 17 17 17 17 54 4 0 0 0 1920 1080 
[11794.428430] MESSAGE_B= 0 7 0 241 3 33 192 0 248 179 0 0 0 0 0 0 0 0 0 0 0 0 0 0 0 0 0 1 12 0 0 0 0 0 0 0 0 1 1 1 1 1 1 1 1 3 33 40074 97946 2073598 0 0 0 0 0 2073598 2073598 0 2073598 0 0 0 0 0 2073598 2073598 0 2073600 0 1 12 512416 994560 993600 128104 128104 128104 128104 12 12 12 12 54 4 0 0 0 1920 1080 

