[ 7077.634548] MESSAGE_B= 0 0 0 156 3 3 192 0 248 179 0 0 2280 0 2211 1400 1351 1917 1639 0 477 0 656 351 273 64 652 0 12 0 196 71 175 0 120 1 12 1 2 2 2 1 2 2 2 3 3 50914 47868 30162 38910 5262 2 2 2 34412 48020 69848 369606 9622 18494 2 2 2 26672 30516 177266 2073600 2073600 1 12 397320 990720 993600 114549 84125 109605 89041 12 12 12 12 102 0 0 0 0 1920 1080 
[ 7077.907801] MESSAGE_B= 0 0 0 166 2 4 192 0 248 179 0 0 1687 0 1363 0 1462 0 1817 0 542 0 325 0 521 0 811 1 12 0 107 0 189 0 0 0 0 1 0 1 2 1 1 1 1 2 4 342976 228786 30162 38910 5262 2 2 2 34412 48020 69848 369606 9622 18494 2 2 2 26672 30516 177266 2073600 2073600 3 12 465850 994560 993600 121504 113115 123790 107441 12 12 12 12 96 0 0 0 0 1920 1080 
[ 7078.184793] MESSAGE_B= 0 0 0 192 1 2 192 0 248 179 0 0 171 0 1120 1168 0 683 0 0 0 0 0 0 0 0 0 1 12 1 36 0 2 0 44 0 0 0 0 0 0 0 0 0 0 1 2 273424 314228 30162 38910 5262 2 2 2 34412 48020 69848 369606 9622 18494 2 2 2 26672 30516 177266 2073600 2073600 3 12 461342 990720 993600 107936 113113 117161 123132 12 12 12 12 96 0 0 0 0 1920 1080 
[ 7078.457806] MESSAGE_B= 0 0 0 174 0 1 192 0 248 179 0 1983 2106 1363 1938 1438 1682 1648 1232 154 412 228 272 66 442 23 170 0 12 168 65 244 72 59 60 0 233 2 0 2 2 2 2 1 2 0 1 117490 220326 30162 38910 5262 2 2 2 34412 48020 69848 369606 9622 18494 2 2 2 26672 30516 177266 2073600 2073600 3 12 413476 994560 993600 99526 110942 97702 105306 12 12 12 12 92 0 0 0 0 1920 1080 
[ 7078.733790] MESSAGE_B= 0 0 0 138 0 1 192 0 248 179 0 1780 1690 1793 2214 0 2035 0 1602 214 427 538 116 0 133 0 202 0 12 242 8 0 21 0 15 0 151 2 0 1 0 1 0 1 0 0 1 134876 122272 30162 38910 5262 2 2 2 34412 48020 69848 369606 9622 18494 2 2 2 26672 30516 177266 2073600 2073600 3 12 406029 990720 993600 99550 104159 105971 96349 12 12 12 12 80 5 0 0 0 1920 1080 
[ 7078.886794] MESSAGE_B= 0 0 0 141 1 1 192 0 248 179 0 1245 1305 1803 2519 1767 1223 2373 1001 232 181 464 222 393 105 183 244 0 12 247 83 41 102 109 67 0 30 2 2 2 2 2 2 1 2 1 1 177784 37580 30162 38910 5262 2 2 2 34412 48020 69848 369606 9622 18494 2 2 2 26672 30516 177266 2073600 2073600 1 12 436534 994560 993600 110738 100946 111199 113651 12 12 12 12 87 0 0 0 0 1920 1080 
[ 7079.162786] MESSAGE_B= 0 0 0 158 2 1 192 0 248 179 0 2628 1383 1303 1662 2681 1984 1036 1456 91 594 135 273 249 0 82 0 0 12 236 15 189 0 136 126 0 0 2 2 2 2 2 2 1 2 2 1 12272 35206 30162 38910 5262 2 2 2 34412 48020 69848 369606 9622 18494 2 2 2 26672 30516 177266 2073600 2073600 2 12 429097 990720 993600 92803 111869 97347 127078 12 12 12 12 95 0 0 0 0 1920 1080 
[ 7079.436803] MESSAGE_B= 0 0 0 154 0 2 192 0 248 179 0 2727 0 1082 0 1982 0 1706 0 245 0 401 0 682 0 547 0 0 12 0 0 56 0 70 78 1 0 2 1 2 1 2 2 2 1 0 2 221734 72374 30162 38910 5262 2 2 2 34412 48020 69848 369606 9622 18494 2 2 2 26672 30516 177266 2073600 2073600 3 12 392485 994560 993600 83686 127562 66553 114684 12 12 12 12 95 0 0 0 0 1920 1080 
[ 7079.714640] MESSAGE_B= 0 0 0 140 2 2 192 0 248 179 0 1216 0 2839 0 1878 1797 2132 1864 366 0 341 0 1141 790 243 288 0 12 209 0 25 131 179 134 120 0 2 1 2 2 2 2 2 1 2 2 555838 64370 30162 38910 5262 2 2 2 34412 48020 69848 369606 9622 18494 2 2 2 26672 30516 177266 2073600 2073600 1 12 380977 990720 993600 106314 106180 83415 85068 12 12 12 12 89 0 0 0 0 1920 1080 
[ 7079.988820] MESSAGE_B= 0 0 0 139 3 4 192 0 248 179 0 1606 0 2772 0 2356 2022 2905 1498 1002 0 227 0 1032 184 302 352 0 12 203 0 98 124 0 90 72 0 2 1 2 2 1 2 0 1 3 4 155800 290940 342632 145614 18266 189224 46472 103640 238360 206262 207438 175270 333014 41482 132330 223328 69532 332506 1001488 710242 2073600 2073600 3 12 345059 994560 993600 88511 90001 88314 78233 12 12 12 12 89 0 0 0 0 1920 1080 
[ 7080.267789] MESSAGE_B= 0 0 0 143 2 7 192 0 248 179 0 2517 0 2642 0 2848 0 2337 0 1194 0 177 0 1280 0 403 0 0 12 167 0 175 0 0 130 130 0 2 1 2 1 2 2 0 1 2 7 118820 70502 342632 145614 18266 189224 46472 103640 238360 206262 207438 175270 333014 41482 132330 223328 69532 332506 1001488 710242 2073600 2073600 3 12 335863 990720 993600 60163 93664 80886 101150 12 12 12 12 84 0 0 0 0 1920 1080 
[ 7080.543828] MESSAGE_B= 0 0 0 133 1 3 192 0 248 179 0 1842 699 1884 796 1386 1773 1245 1451 1020 47 918 132 566 640 626 647 0 12 149 163 208 182 0 225 185 143 2 2 2 0 1 2 2 0 1 3 277210 346016 342632 145614 18266 189224 46472 103640 238360 206262 207438 175270 333014 41482 132330 223328 69532 332506 1001488 710242 2073600 2073600 3 12 372938 994560 993600 89073 82377 99050 102438 12 12 12 12 93 0 0 0 0 1920 1080 
[ 7080.822785] MESSAGE_B= 0 0 0 132 0 1 192 0 248 179 0 0 3264 0 1552 0 1692 0 1412 0 0 0 32 0 884 0 574 0 12 0 0 0 233 0 0 106 122 1 2 1 2 1 1 2 0 0 1 104340 537518 342632 145614 18266 189224 46472 103640 238360 206262 207438 175270 333014 41482 132330 223328 69532 332506 1001488 710242 2073600 2073600 3 12 416255 990720 993600 112908 82647 124200 96500 12 12 12 12 100 0 0 0 0 1920 1080 
[ 7081.102795] MESSAGE_B= 0 0 0 166 0 4 192 0 248 179 0 0 2940 0 1453 0 2299 0 1024 0 113 0 474 0 679 0 317 0 12 0 167 0 235 0 0 0 0 1 0 1 2 1 1 1 1 0 4 407454 265044 342632 145614 18266 189224 46472 103640 238360 206262 207438 175270 333014 41482 132330 223328 69532 332506 1001488 710242 2073600 2073600 3 12 450604 994560 993600 113809 98152 125410 113233 12 12 12 12 100 0 0 0 0 1920 1080 
[ 7081.378790] MESSAGE_B= 0 0 0 189 0 4 192 0 248 179 0 0 3786 0 1681 0 3314 0 1163 0 57 0 469 0 772 0 383 0 12 0 67 0 162 0 186 0 0 1 0 1 0 1 2 1 1 0 4 205780 343200 342632 145614 18266 189224 46472 103640 238360 206262 207438 175270 333014 41482 132330 223328 69532 332506 1001488 710242 2073600 2073600 3 12 459414 990720 993600 114198 99161 125527 120528 12 12 12 12 90 4 0 0 0 1920 1080 
[ 7081.658815] MESSAGE_B= 5 0 0 196 0 10 192 0 248 179 0 1266 3063 2797 1046 0 3588 0 747 179 167 264 590 0 69 0 155 0 12 12 157 0 36 0 61 0 0 2 2 1 0 1 2 1 1 0 10 246212 131898 342632 145614 18266 189224 46472 103640 238360 206262 207438 175270 333014 41482 132330 223328 69532 332506 1001488 710242 2073600 2073600 6 12 456501 994560 993600 93459 111302 125686 126054 12 12 12 12 76 0 0 0 0 1920 1080 
[ 7081.817783] MESSAGE_B= 0 0 0 201 0 4 192 0 248 179 0 1548 0 2964 0 996 0 3224 0 226 0 202 0 122 0 151 0 0 12 37 0 247 0 0 44 0 0 0 1 0 1 1 2 1 1 0 4 95744 417258 342632 145614 18266 189224 46472 103640 238360 206262 207438 175270 333014 41482 132330 223328 69532 332506 1001488 710242 2073600 2073600 3 12 459154 990720 993600 95020 114294 122152 127688 12 12 12 12 63 4 0 0 0 1920 1080 
[ 7082.102275] MESSAGE_B= 0 0 0 205 0 3 192 0 248 179 0 0 84 0 2699 0 124 0 271 0 0 0 0 0 0 0 0 1 12 0 0 0 0 0 0 0 0 0 0 0 0 1 0 0 1 0 3 274604 115626 342632 145614 18266 189224 46472 103640 238360 206262 207438 175270 333014 41482 132330 223328 69532 332506 1001488 710242 2073600 2073600 3 12 464579 994560 993600 111507 115181 110179 127712 12 12 12 12 57 4 0 0 0 1920 1080 
[ 7082.376789] MESSAGE_B= 0 7 0 206 0 3 192 0 248 179 0 0 0 0 0 0 0 0 0 0 0 0 0 0 0 0 0 1 12 0 0 0 0 0 190 0 0 1 1 1 1 1 2 1 1 0 3 196684 354254 146286 211246 199082 359490 237662 172074 510226 367258 385966 204046 234938 253446 168240 476714 239636 637636 119774 237306 2073600 2073600 3 12 462081 990720 993600 114933 115789 104302 127057 12 12 12 12 57 4 0 0 0 1920 1080 
[ 7082.652799] MESSAGE_B= 0 0 0 208 0 2 192 0 248 179 0 0 0 0 0 0 0 0 0 0 0 0 0 0 0 0 0 1 12 0 0 0 0 0 9 1 0 0 0 0 0 1 0 0 1 0 2 55464 200138 146286 211246 199082 359490 237662 172074 510226 367258 385966 204046 234938 253446 168240 476714 239636 637636 119774 237306 2073600 2073600 3 12 457826 994560 993600 115483 116072 114975 111296 12 12 12 12 56 4 0 0 0 1920 1080 
[ 7082.926785] MESSAGE_B= 0 0 0 209 0 2 192 0 248 179 0 0 0 0 0 0 0 0 0 0 0 0 0 0 0 0 0 1 12 0 0 0 0 0 0 0 0 0 0 0 0 1 0 0 1 0 2 55914 187156 146286 211246 199082 359490 237662 172074 510226 367258 385966 204046 234938 253446 168240 476714 239636 637636 119774 237306 2073600 2073600 3 12 474617 990720 993600 115930 116443 121436 120808 12 12 12 12 53 4 0 0 0 1920 1080 
[ 7083.206870] MESSAGE_B= 0 0 0 214 0 3 192 0 248 179 0 0 0 0 0 0 0 0 0 0 0 0 0 0 0 0 0 1 12 0 0 0 0 0 0 0 0 0 0 0 0 1 0 0 1 0 3 62970 244858 146286 211246 199082 359490 237662 172074 510226 367258 385966 204046 234938 253446 168240 476714 239636 637636 119774 237306 2073600 2073600 3 12 482843 994560 993600 116325 116796 122034 127688 12 12 12 12 40 4 0 0 0 1920 1080 
[ 7083.464089] MESSAGE_B= 0 0 0 217 0 3 192 0 248 179 0 0 0 0 0 0 0 0 0 0 0 0 0 0 0 0 0 1 12 0 0 0 0 0 0 0 0 0 0 0 0 1 0 0 1 0 3 69464 187050 146286 211246 199082 359490 237662 172074 510226 367258 385966 204046 234938 253446 168240 476714 239636 637636 119774 237306 2073600 2073600 3 12 483470 990720 993600 116438 116921 122342 127769 12 12 12 12 28 4 0 0 0 1920 1080 
[ 7083.742797] MESSAGE_B= 0 0 0 218 2 2 192 0 248 179 0 0 0 0 0 0 0 0 0 0 0 0 0 0 0 0 0 1 12 0 0 0 0 0 0 0 0 0 0 1 0 1 0 0 1 2 2 61278 64066 146286 211246 199082 359490 237662 172074 510226 367258 385966 204046 234938 253446 168240 476714 239636 637636 119774 237306 2073600 2073600 1 12 497614 994560 993600 125025 120585 123900 128104 12 12 12 12 88 4 0 0 0 1920 1080 
[ 7084.032781] MESSAGE_B= 4 0 0 220 11 2 192 0 248 179 0 0 0 0 0 0 0 0 0 0 0 0 0 0 0 0 0 1 12 0 0 0 0 0 0 0 0 0 0 1 0 1 0 0 1 11 2 58268 180812 146286 211246 199082 359490 237662 172074 510226 367258 385966 204046 234938 253446 168240 476714 239636 637636 119774 237306 2073600 2073600 4 12 498044 990720 993600 125311 120632 123997 128104 12 12 12 12 104 4 0 0 0 1920 1080 
[ 7084.314290] MESSAGE_B= 0 0 0 221 0 3 192 0 248 179 0 0 0 0 0 0 0 0 0 0 0 0 0 0 0 0 0 1 12 0 0 0 0 0 0 0 0 0 0 0 0 1 0 0 1 0 3 58228 40672 146286 211246 199082 359490 237662 172074 510226 367258 385966 204046 234938 253446 168240 476714 239636 637636 119774 237306 2073600 2073600 3 12 483616 994560 993600 116515 116883 122452 127766 12 12 12 12 104 4 0 0 0 1920 1080 
[ 7084.470807] MESSAGE_B= 0 0 0 219 0 3 192 0 248 179 0 0 0 0 0 0 0 0 0 0 0 0 0 0 0 0 0 1 12 0 0 0 0 0 0 0 0 0 0 0 0 1 0 0 1 0 3 46800 139882 146286 211246 199082 359490 237662 172074 510226 367258 385966 204046 234938 253446 168240 476714 239636 637636 119774 237306 2073600 2073600 1 12 483561 990720 993600 116497 116867 122435 127762 12 12 12 12 83 4 0 0 0 1920 1080 
[ 7084.750790] MESSAGE_B= 0 0 0 219 0 3 192 0 248 179 0 0 0 0 0 0 0 0 0 0 0 0 0 0 0 0 0 1 12 0 0 0 0 0 0 0 0 0 0 0 0 1 0 0 1 0 3 50484 41368 135504 199942 287230 127226 148226 142814 254808 146992 138308 68458 216508 121006 103144 123188 98598 298976 105812 65834 2073600 2073600 3 12 483560 994560 993600 116495 116863 122442 127760 12 12 12 12 15 4 0 0 0 1920 1080 
[ 7085.024810] MESSAGE_B= 0 0 0 219 0 3 192 0 248 179 0 0 0 0 0 0 0 0 0 0 0 0 0 0 0 0 0 1 12 0 0 0 0 0 0 0 0 0 0 0 0 1 0 0 1 0 3 46896 180948 135504 199942 287230 127226 148226 142814 254808 146992 138308 68458 216508 121006 103144 123188 98598 298976 105812 65834 2073600 2073600 1 12 483623 990720 993600 116464 116912 122484 127763 12 12 12 12 5 4 0 0 0 1920 1080 
[ 7085.301783] MESSAGE_B= 0 0 0 219 0 3 192 0 248 179 0 0 0 0 0 0 0 0 0 0 0 0 0 0 0 0 0 1 12 0 0 0 0 0 0 0 0 0 0 0 0 1 0 0 1 0 3 50554 41406 135504 199942 287230 127226 148226 142814 254808 146992 138308 68458 216508 121006 103144 123188 98598 298976 105812 65834 2073600 2073600 3 12 483631 994560 993600 116464 116915 122488 127764 12 12 12 12 6 4 0 0 0 1920 1080 
[ 7085.577791] MESSAGE_B= 0 0 0 219 0 3 192 0 248 179 0 0 0 0 0 0 0 0 0 0 0 0 0 0 0 0 0 1 12 0 0 0 0 0 0 0 0 0 0 0 0 1 0 0 1 0 3 46946 180900 135504 199942 287230 127226 148226 142814 254808 146992 138308 68458 216508 121006 103144 123188 98598 298976 105812 65834 2073600 2073600 1 12 483437 990720 993600 116437 116841 122400 127759 12 12 12 12 30 4 0 0 0 1920 1080 
[ 7085.855794] MESSAGE_B= 0 0 0 219 0 3 192 0 248 179 0 0 0 0 0 0 0 0 0 0 0 0 0 0 0 0 0 1 12 0 0 0 0 0 0 0 0 0 0 0 0 1 0 0 1 0 3 51274 41432 135504 199942 287230 127226 148226 142814 254808 146992 138308 68458 216508 121006 103144 123188 98598 298976 105812 65834 2073600 2073600 3 12 483231 994560 993600 116289 116787 122393 127762 12 12 12 12 36 4 0 0 0 1920 1080 
[ 7086.129787] MESSAGE_B= 0 0 0 218 0 3 192 0 248 179 0 0 0 0 0 0 0 0 0 0 0 0 0 0 0 0 0 1 12 0 0 0 0 0 0 0 0 0 0 0 0 1 0 0 1 0 3 48076 182108 135504 199942 287230 127226 148226 142814 254808 146992 138308 68458 216508 121006 103144 123188 98598 298976 105812 65834 2073600 2073600 3 12 482733 990720 993600 116089 116587 122299 127758 12 12 12 12 36 4 0 0 0 1920 1080 
[ 7086.406784] MESSAGE_B= 0 0 0 218 0 3 192 0 248 179 0 0 0 0 0 0 0 0 0 0 0 0 0 0 0 0 0 1 12 0 0 0 0 0 0 0 0 0 0 0 0 1 0 0 1 0 3 53722 42214 135504 199942 287230 127226 148226 142814 254808 146992 138308 68458 216508 121006 103144 123188 98598 298976 105812 65834 2073600 2073600 3 12 482019 994560 993600 115820 116270 122180 127749 12 12 12 12 46 4 0 0 0 1920 1080 
[ 7086.683780] MESSAGE_B= 0 0 0 218 0 3 192 0 248 179 0 0 0 0 0 0 0 0 0 0 0 0 0 0 0 0 0 1 12 0 0 0 0 0 1 0 0 0 0 0 0 1 0 0 1 0 3 50338 187824 135504 199942 287230 127226 148226 142814 254808 146992 138308 68458 216508 121006 103144 123188 98598 298976 105812 65834 2073600 2073600 3 12 481521 990720 993600 115506 116082 122185 127748 12 12 12 12 55 4 0 0 0 1920 1080 
[ 7086.957787] MESSAGE_B= 0 0 0 218 0 3 192 0 248 179 0 0 0 0 0 0 0 0 0 0 0 0 0 0 0 0 0 1 12 0 0 0 0 0 2 0 0 0 0 0 0 1 0 0 1 0 3 56166 42978 135504 199942 287230 127226 148226 142814 254808 146992 138308 68458 216508 121006 103144 123188 98598 298976 105812 65834 2073600 2073600 3 12 481109 994560 993600 115168 115856 122329 127756 12 12 12 12 55 4 0 0 0 1920 1080 
[ 7087.110779] MESSAGE_B= 0 7 0 218 0 4 192 0 248 179 0 0 0 0 0 0 0 0 0 0 0 0 0 0 0 0 0 1 12 0 0 0 0 0 0 0 0 1 1 1 1 1 1 1 1 0 4 53058 197404 152292 36134 177210 134256 135822 138438 266814 176514 147734 71676 169326 94946 68310 70140 72686 275052 106326 72992 2073600 2073600 3 12 512011 990720 993600 127870 128006 128038 128097 12 12 12 12 55 4 0 0 0 1920 1080 
[ 7087.389803] MESSAGE_B= 5 7 0 218 0 9 192 0 248 179 0 0 0 0 0 0 0 0 0 0 0 0 0 0 0 0 0 1 12 0 0 0 0 0 0 0 0 1 1 1 1 1 1 1 1 0 9 54736 42240 152292 36134 177210 134256 135822 138438 266814 176514 147734 71676 169326 94946 68310 70140 72686 275052 106326 72992 2073600 2073600 6 12 512416 994560 993600 128104 128104 128104 128104 12 12 12 12 56 4 0 0 0 1920 1080 
[ 7087.664785] MESSAGE_B= 0 7 0 219 0 17 192 0 248 179 0 0 0 0 0 0 0 0 0 0 0 0 0 0 0 0 0 1 12 0 0 0 0 0 0 0 0 1 1 1 1 1 1 1 1 0 17 8408 203810 152292 36134 177210 134256 135822 138438 266814 176514 147734 71676 169326 94946 68310 70140 72686 275052 106326 72992 2073600 2073600 2 12 512416 990720 993600 128104 128104 128104 128104 12 12 12 12 56 4 0 0 0 1920 1080 
[ 7087.947261] MESSAGE_B= 4 7 0 219 0 17 192 0 248 179 0 0 0 0 0 0 0 0 0 0 0 0 0 0 0 0 0 1 12 0 0 0 0 0 0 0 0 1 1 1 1 1 1 1 1 0 17 0 0 152292 36134 177210 134256 135822 138438 266814 176514 147734 71676 169326 94946 68310 70140 72686 275052 106326 72992 2073600 2073600 4 12 512416 994560 993600 128104 128104 128104 128104 12 12 12 12 0 4 0 0 0 1920 1080 
[ 7088.221795] MESSAGE_B= 4 7 0 219 0 17 192 0 248 179 0 0 0 0 0 0 0 0 0 0 0 0 0 0 0 0 0 1 12 0 0 0 0 0 0 0 0 1 1 1 1 1 1 1 1 0 17 0 0 152292 36134 177210 134256 135822 138438 266814 176514 147734 71676 169326 94946 68310 70140 72686 275052 106326 72992 2073600 2073600 4 12 512416 990720 993600 128104 128104 128104 128104 12 12 12 12 0 4 0 0 0 1920 1080 
[ 7088.499787] MESSAGE_B= 4 7 0 219 0 17 192 0 248 179 0 0 0 0 0 0 0 0 0 0 0 0 0 0 0 0 0 1 12 0 0 0 0 0 0 0 0 1 1 1 1 1 1 1 1 0 17 0 0 152292 36134 177210 134256 135822 138438 266814 176514 147734 71676 169326 94946 68310 70140 72686 275052 106326 72992 2073600 2073600 4 12 512416 994560 993600 128104 128104 128104 128104 12 12 12 12 0 4 0 0 0 1920 1080 
[ 7088.773788] MESSAGE_B= 4 7 0 219 0 17 192 0 248 179 0 0 0 0 0 0 0 0 0 0 0 0 0 0 0 0 0 1 12 0 0 0 0 0 0 0 0 1 1 1 1 1 1 1 1 0 17 0 0 152292 36134 177210 134256 135822 138438 266814 176514 147734 71676 169326 94946 68310 70140 72686 275052 106326 72992 2073600 2073600 4 12 512416 990720 993600 128104 128104 128104 128104 12 12 12 12 0 4 0 0 0 1920 1080 
[ 7089.052659] MESSAGE_B= 4 7 0 219 0 17 192 0 248 179 0 0 0 0 0 0 0 0 0 0 0 0 0 0 0 0 0 1 12 0 0 0 0 0 0 0 0 1 1 1 1 1 1 1 1 0 17 0 0 152292 36134 177210 134256 135822 138438 266814 176514 147734 71676 169326 94946 68310 70140 72686 275052 106326 72992 2073600 2073600 4 12 512416 994560 993600 128104 128104 128104 128104 12 12 12 12 0 4 0 0 0 1920 1080 
[ 7089.331465] MESSAGE_B= 4 7 0 219 2 2 192 0 248 179 0 0 0 0 0 0 0 0 0 0 0 0 0 0 0 0 0 1 12 0 0 0 0 0 0 0 0 1 1 1 1 1 1 1 1 2 2 0 0 152292 36134 177210 134256 135822 138438 266814 176514 147734 71676 169326 94946 68310 70140 72686 275052 106326 72992 2073600 2073600 4 12 512416 990720 993600 128104 128104 128104 128104 12 12 12 12 32 4 0 0 0 1920 1080 
[ 7089.615370] MESSAGE_B= 5 4 0 20 1 2 192 0 248 179 0 1275 1316 1276 1284 1508 1439 1505 1471 143 115 150 135 81 94 86 127 0 6 246 242 235 164 159 160 119 42 0 2 2 0 2 2 2 2 1 2 4124 0 2 18622 72810 2 2 2 149436 101096 2 273976 174234 108706 2 2 2 230920 90986 2 2073600 2073600 6 6 322708 994560 993600 94863 95535 76947 67160 6 6 6 16 50 4 4 4 4 1920 1080 
[ 7089.771810] MESSAGE_B= 0 0 0 14 1 2 192 0 248 179 0 2033 2034 2032 2014 2237 2162 2220 2217 45 29 4 44 123 131 146 169 0 6 255 255 234 156 30 151 90 29 0 2 2 0 2 2 2 2 1 2 247796 882878 2 18622 72810 2 2 2 149436 101096 2 273976 174234 108706 2 2 2 230920 90986 2 2073600 2073600 3 6 355887 990720 993600 107866 112285 78614 60601 6 6 6 19 50 0 0 0 0 1920 1080 
[ 7090.050285] MESSAGE_B= 0 0 0 20 1 2 192 0 248 179 0 1918 1938 1989 2210 2617 2733 2697 2907 59 46 75 383 457 376 329 264 0 7 203 198 218 61 164 184 185 163 0 2 0 0 2 2 2 2 1 2 236218 723510 2 18622 72810 2 2 2 149436 101096 2 273976 174234 108706 2 2 2 230920 90986 2 2073600 2073600 3 7 240818 994560 993600 89780 109217 79596 55715 7 7 6 6 50 4 0 0 0 1920 1080 
[ 7090.323818] MESSAGE_B= 0 0 0 22 1 2 192 0 248 179 0 1967 1986 2037 2232 2670 2808 2767 3002 73 95 83 392 472 384 333 261 0 7 178 80 214 57 63 107 174 159 0 2 0 0 2 2 2 2 1 2 384864 898852 2 18622 72810 2 2 2 149436 101096 2 273976 174234 108706 2 2 2 230920 90986 2 2073600 2073600 3 7 256151 990720 993600 92385 111397 73666 51811 7 7 6 6 41 4 0 0 0 1920 1080 
[ 7090.597792] MESSAGE_B= 0 0 0 23 1 2 192 0 248 179 0 1966 1976 2033 2176 2667 2802 2784 3001 79 71 74 299 469 387 326 250 0 7 125 88 208 72 22 133 197 168 0 2 0 0 2 2 2 2 1 2 244508 779470 2 18622 72810 2 2 2 149436 101096 2 273976 174234 108706 2 2 2 230920 90986 2 2073600 2073600 3 7 236993 994560 993600 85088 107187 78509 53913 7 7 6 6 14 4 0 0 0 1920 1080 
[ 7090.872810] MESSAGE_B= 0 0 0 23 1 2 192 0 248 179 0 1985 1996 2041 2151 2676 2816 2814 3022 84 100 87 208 476 389 309 238 0 7 42 9 192 76 40 62 211 196 0 2 0 0 2 2 2 2 1 2 380864 910770 2 18622 72810 2 2 2 149436 101096 2 273976 174234 108706 2 2 2 230920 90986 2 2073600 2073600 3 7 246450 990720 993600 88113 108596 75848 51725 7 7 6 6 14 4 0 0 0 1920 1080 
[ 7091.149790] MESSAGE_B= 0 0 0 22 1 3 192 0 248 179 0 2008 2000 2045 2051 2670 2818 2833 3034 124 166 87 90 471 402 302 232 0 7 11 36 168 69 99 46 201 239 0 2 0 0 2 2 2 2 1 3 243286 802468 2 18622 72810 2 2 2 149436 101096 2 273976 174234 108706 2 2 2 230920 90986 2 2073600 2073600 3 7 259007 994560 993600 91124 112618 73585 49843 7 7 6 6 15 4 0 0 0 1920 1080 
[ 7091.424808] MESSAGE_B= 0 0 0 22 1 2 192 0 248 179 0 1990 1981 2056 2095 2672 2824 2874 3046 110 94 82 136 446 412 302 226 0 7 5 53 130 76 29 73 175 192 0 2 0 0 2 2 2 2 1 2 396156 921134 2 18622 72810 2 2 2 149436 101096 2 273976 174234 108706 2 2 2 230920 90986 2 2073600 2073600 3 7 259741 990720 993600 91096 110940 72044 47864 7 7 6 6 15 4 0 0 0 1920 1080 
[ 7091.702800] MESSAGE_B= 0 0 0 21 1 3 192 0 248 179 0 2011 1988 2046 2099 2614 2839 2894 3074 143 96 90 125 445 411 298 215 0 7 58 33 101 94 21 90 184 196 0 2 0 0 2 2 2 2 1 3 271320 821066 2 18622 72810 2 2 2 149436 101096 2 273976 174234 108706 2 2 2 230920 90986 2 2073600 2073600 3 7 258479 994560 993600 91085 110692 72550 48935 7 7 6 23 14 4 0 0 0 1920 1080 
[ 7091.859404] MESSAGE_B= 0 0 0 22 1 2 192 0 248 179 0 1988 1991 2052 2137 2594 2839 2901 3086 130 83 85 135 452 413 295 203 0 7 2 54 84 100 31 100 181 190 0 2 0 0 2 2 2 2 1 2 375466 922668 1455582 1860 373576 1355036 1263410 1261560 974072 1460886 1339458 546682 200000 335844 540704 542782 515174 97262 419872 565308 2073600 2073600 3 7 255743 990720 993600 89417 109385 72423 49489 7 7 6 23 14 4 0 0 0 1920 1080 
[ 7092.139663] MESSAGE_B= 0 0 0 22 1 2 192 0 248 179 0 2006 1978 2052 2133 2573 2847 2905 3107 162 69 93 133 459 416 302 201 0 7 13 133 80 134 37 126 184 168 0 2 0 0 2 2 2 2 1 2 274510 798068 1455582 1860 373576 1355036 1263410 1261560 974072 1460886 1339458 546682 200000 335844 540704 542782 515174 97262 419872 565308 2073600 2073600 3 7 255360 994560 993600 90479 110337 73750 50008 7 7 6 23 15 4 0 0 0 1920 1080 
[ 7092.427792] MESSAGE_B= 0 0 0 22 1 2 192 0 248 179 0 1987 1992 2048 2187 2578 2859 2904 3135 119 78 102 143 466 408 307 188 0 7 45 180 76 151 49 181 174 152 0 2 0 0 2 2 2 2 1 2 409442 905378 1455582 1860 373576 1355036 1263410 1261560 974072 1460886 1339458 546682 200000 335844 540704 542782 515174 97262 419872 565308 2073600 2073600 3 7 255036 990720 993600 89686 107396 70895 51408 7 7 6 23 15 4 0 0 0 1920 1080 
[ 7092.705806] MESSAGE_B= 0 0 0 22 1 3 192 0 248 179 0 1991 1995 2048 2178 2610 2871 2913 3158 116 78 76 138 462 397 310 191 0 7 0 185 90 148 43 175 196 138 0 2 0 0 2 2 2 2 1 3 275288 798998 1455582 1860 373576 1355036 1263410 1261560 974072 1460886 1339458 546682 200000 335844 540704 542782 515174 97262 419872 565308 2073600 2073600 3 7 253586 994560 993600 89815 107180 70376 54688 7 7 6 23 14 4 0 0 0 1920 1080 
[ 7092.989799] MESSAGE_B= 0 0 0 22 1 2 192 0 248 179 0 1978 1977 2044 2162 2634 2867 2918 3165 109 73 83 155 488 394 294 186 0 7 26 222 88 148 14 205 187 143 0 2 0 0 2 2 2 2 1 2 422810 918822 1455582 1860 373576 1355036 1263410 1261560 974072 1460886 1339458 546682 200000 335844 540704 542782 515174 97262 419872 565308 2073600 2073600 3 7 238027 990720 993600 86742 101753 72041 57103 7 7 6 23 13 4 0 0 0 1920 1080 
[ 7093.275211] MESSAGE_B= 0 0 0 23 1 2 192 0 248 179 0 1986 1986 2042 2176 2654 2871 2933 3190 106 75 81 131 527 399 288 183 0 7 12 224 75 146 2 184 193 119 0 2 0 0 2 2 2 2 1 2 273552 831274 1455582 1860 373576 1355036 1263410 1261560 974072 1460886 1339458 546682 200000 335844 540704 542782 515174 97262 419872 565308 2073600 2073600 3 7 237910 994560 993600 87203 101837 71268 59218 7 7 6 23 13 4 0 0 0 1920 1080 
[ 7093.557167] MESSAGE_B= 0 0 0 24 1 2 192 0 248 179 0 1986 1982 2038 2165 2663 2856 2932 3204 120 50 91 126 572 408 281 181 0 7 36 254 65 138 8 205 159 125 0 2 0 0 2 2 2 2 1 2 409244 948636 1455582 1860 373576 1355036 1263410 1261560 974072 1460886 1339458 546682 200000 335844 540704 542782 515174 97262 419872 565308 2073600 2073600 3 7 234668 990720 993600 87805 100368 72175 61754 7 7 6 23 14 4 0 0 0 1920 1080 
[ 7093.714790] MESSAGE_B= 0 0 0 25 1 2 192 0 248 179 0 1999 1989 2039 2165 2682 2864 2942 3227 132 67 94 110 562 409 301 166 0 7 36 211 65 138 15 196 194 134 0 2 0 0 2 2 2 2 1 2 271564 840908 1455582 1860 373576 1355036 1263410 1261560 974072 1460886 1339458 546682 200000 335844 540704 542782 515174 97262 419872 565308 2073600 2073600 3 7 248134 994560 993600 90933 103561 67828 63479 7 7 6 23 14 4 0 0 0 1920 1080 
[ 7093.994784] MESSAGE_B= 0 0 0 26 1 2 192 0 248 179 0 1983 1979 2033 2150 2666 2855 2941 3228 111 67 110 133 570 402 292 152 0 7 77 230 55 127 3 191 137 141 0 2 0 0 2 2 2 2 1 2 455092 967846 1455582 1860 373576 1355036 1263410 1261560 974072 1460886 1339458 546682 200000 335844 540704 542782 515174 97262 419872 565308 2073600 2073600 3 7 232024 990720 993600 87315 98043 70375 66327 7 7 6 23 14 4 0 0 0 1920 1080 
[ 7094.277799] MESSAGE_B= 0 0 0 27 1 2 192 0 248 179 0 1990 1987 2040 2150 2682 2854 2958 3243 121 55 101 132 561 397 292 144 0 7 48 228 47 112 9 192 157 139 0 0 0 0 2 2 2 2 1 2 260528 842814 1588350 1554110 752752 1525860 1289046 1394510 932234 1570862 1466098 595852 256636 372638 577032 596874 576672 163256 524180 639162 2073600 2073600 3 7 229677 994560 993600 87774 96539 71243 68590 7 7 6 23 13 4 0 0 0 1920 1080 
[ 7094.558785] MESSAGE_B= 0 0 0 27 1 2 192 0 248 179 0 1987 1982 2038 2135 2668 2831 2967 3253 124 63 108 147 575 396 294 111 0 7 65 225 34 77 0 206 147 155 0 0 0 0 2 2 2 2 1 2 505248 969746 1588350 1554110 752752 1525860 1289046 1394510 932234 1570862 1466098 595852 256636 372638 577032 596874 576672 163256 524180 639162 2073600 2073600 3 7 225776 990720 993600 87435 94655 72623 72272 7 7 6 23 14 4 0 0 0 1920 1080 
[ 7094.840800] MESSAGE_B= 0 0 0 29 1 2 192 0 248 179 0 2004 1991 2045 2131 2692 2836 2991 3280 149 58 110 154 567 395 293 84 0 7 55 209 21 22 22 180 153 132 0 2 0 0 2 2 2 2 1 2 243396 843798 1588350 1554110 752752 1525860 1289046 1394510 932234 1570862 1466098 595852 256636 372638 577032 596874 576672 163256 524180 639162 2073600 2073600 3 7 237553 994560 993600 91224 97632 68580 76695 7 7 6 23 14 4 0 0 0 1920 1080 
[ 7095.120785] MESSAGE_B= 0 0 0 29 1 3 192 0 248 179 0 2006 1991 2043 2136 2683 2820 3005 3283 149 70 106 211 583 394 280 72 0 7 23 158 13 14 12 196 185 179 0 2 0 0 2 2 2 2 1 3 548130 969870 1588350 1554110 752752 1525860 1289046 1394510 932234 1570862 1466098 595852 256636 372638 577032 596874 576672 163256 524180 639162 2073600 2073600 3 7 236334 990720 993600 91606 97783 69132 80091 7 7 6 23 13 4 0 0 0 1920 1080 
[ 7095.402795] MESSAGE_B= 0 0 0 30 1 3 192 0 248 179 0 2005 1993 2042 2147 2700 2815 3026 3290 141 54 100 295 567 400 272 51 0 7 28 190 22 38 5 170 182 92 0 2 0 0 2 2 2 2 1 3 219728 844408 1588350 1554110 752752 1525860 1289046 1394510 932234 1570862 1466098 595852 256636 372638 577032 596874 576672 163256 524180 639162 2073600 2073600 3 7 237329 994560 993600 91511 96338 67423 82575 7 7 6 23 13 4 0 0 0 1920 1080 
[ 7095.561788] MESSAGE_B= 0 0 0 31 1 3 192 0 248 179 0 1999 1989 2038 2154 2680 2798 3029 3285 147 66 101 314 582 406 258 56 0 7 40 169 23 40 6 205 176 131 0 2 0 0 2 2 2 2 1 3 599466 967672 1588350 1554110 752752 1525860 1289046 1394510 932234 1570862 1466098 595852 256636 372638 577032 596874 576672 163256 524180 639162 2073600 2073600 3 7 224184 990720 993600 88529 92342 72197 84298 7 7 6 23 13 4 0 0 0 1920 1080 
[ 7095.839806] MESSAGE_B= 0 0 0 32 1 4 192 0 248 179 0 2013 2003 2042 2186 2705 2809 3048 3294 145 78 115 392 570 409 253 55 0 7 35 154 29 50 5 197 172 103 0 2 0 0 2 2 2 2 1 4 218526 846386 1588350 1554110 752752 1525860 1289046 1394510 932234 1570862 1466098 595852 256636 372638 577032 596874 576672 163256 524180 639162 2073600 2073600 3 7 239895 994560 993600 92641 96216 66902 86124 7 7 6 23 13 4 0 0 0 1920 1080 
[ 7096.119790] MESSAGE_B= 0 0 0 32 1 3 192 0 248 179 0 2017 2002 2043 2196 2698 2804 3062 3294 159 89 122 444 576 411 238 81 0 7 21 151 19 27 0 159 170 75 0 2 0 0 2 2 2 2 1 3 632704 953816 1588350 1554110 752752 1525860 1289046 1394510 932234 1570862 1466098 595852 256636 372638 577032 596874 576672 163256 524180 639162 2073600 2073600 3 7 241025 990720 993600 92885 96823 67803 88220 7 7 6 23 13 4 0 0 0 1920 1080 
[ 7096.397789] MESSAGE_B= 0 0 0 33 1 3 192 0 248 179 0 1992 1996 2031 2202 2696 2801 3065 3291 120 65 120 462 571 414 224 59 0 7 79 196 23 49 3 187 170 80 0 2 0 0 2 2 2 2 1 3 215200 849890 1588350 1554110 752752 1525860 1289046 1394510 932234 1570862 1466098 595852 256636 372638 577032 596874 576672 163256 524180 639162 2073600 2073600 3 7 230424 994560 993600 89443 92195 69585 89215 7 7 6 23 13 4 0 0 0 1920 1080 
[ 7096.675792] MESSAGE_B= 0 0 0 33 1 2 192 0 248 179 0 1997 1999 2037 2194 2716 2803 3077 3299 115 68 118 453 563 422 226 80 0 7 88 174 29 10 8 175 163 69 0 2 0 0 2 2 2 2 1 2 645832 937764 1589192 1581366 925178 1594512 1403236 1505006 931150 1599462 1524312 672966 245264 366148 659074 703348 695230 366522 593514 686814 2073600 2073600 3 7 228600 990720 993600 88460 91566 70135 90450 7 7 6 23 13 4 0 0 0 1920 1080 
[ 7096.956682] MESSAGE_B= 0 0 0 33 1 2 192 0 248 179 0 1994 1998 2034 2186 2710 2800 3085 3300 120 82 114 456 579 425 234 60 0 7 92 153 34 54 9 165 153 119 0 2 0 0 2 2 2 2 1 2 212406 861438 1589192 1581366 925178 1594512 1403236 1505006 931150 1599462 1524312 672966 245264 366148 659074 703348 695230 366522 593514 686814 2073600 2073600 3 7 244689 994560 993600 92396 95489 64271 90828 7 7 6 23 13 4 0 0 0 1920 1080 
[ 7097.234800] MESSAGE_B= 0 0 0 34 1 2 192 0 248 179 0 2001 2006 2036 2183 2727 2799 3101 3310 104 70 107 430 572 432 240 64 0 7 107 180 50 38 23 208 161 79 0 2 0 0 2 2 2 2 1 2 654786 941102 1589192 1581366 925178 1594512 1403236 1505006 931150 1599462 1524312 672966 245264 366148 659074 703348 695230 366522 593514 686814 2073600 2073600 3 7 246870 990720 993600 93618 96644 64809 91708 7 7 6 23 13 4 0 0 0 1920 1080 
[ 7097.513792] MESSAGE_B= 0 0 0 35 1 2 192 0 248 179 0 1995 2006 2030 2148 2721 2805 3096 3312 97 76 94 352 569 432 256 77 0 7 91 173 70 20 11 205 167 119 0 2 0 0 2 2 2 2 1 2 203564 873764 1589192 1581366 925178 1594512 1403236 1505006 931150 1599462 1524312 672966 245264 366148 659074 703348 695230 366522 593514 686814 2073600 2073600 3 7 232883 994560 993600 89559 92630 68922 92307 7 7 6 23 14 4 0 0 0 1920 1080 
[ 7097.792794] MESSAGE_B= 0 0 0 36 1 2 192 0 248 179 0 1989 2003 2025 2099 2709 2798 3107 3310 87 77 102 299 572 428 262 61 0 7 114 160 72 29 25 191 170 147 0 2 0 0 2 2 2 2 1 2 650632 944740 1589192 1581366 925178 1594512 1403236 1505006 931150 1599462 1524312 672966 245264 366148 659074 703348 695230 366522 593514 686814 2073600 2073600 3 7 235683 990720 993600 89734 93669 68196 93288 7 7 6 23 14 4 0 0 0 1920 1080 
[ 7098.072056] MESSAGE_B= 0 0 0 36 1 2 192 0 248 179 0 1982 1999 2015 2056 2725 2795 3102 3308 81 79 90 189 569 426 266 80 0 7 146 183 88 6 26 196 195 118 0 2 0 0 2 2 2 2 1 2 191434 879972 1589192 1581366 925178 1594512 1403236 1505006 931150 1599462 1524312 672966 245264 366148 659074 703348 695230 366522 593514 686814 2073600 2073600 3 7 220308 994560 993600 86100 88220 73055 92768 7 7 6 23 13 4 0 0 0 1920 1080 
[ 7098.352805] MESSAGE_B= 0 0 0 36 1 3 192 0 248 179 0 1988 2006 2024 2040 2725 2801 3111 3310 95 54 71 157 584 427 282 66 0 7 129 247 77 9 33 197 183 182 0 2 0 0 2 2 2 2 1 3 641852 958842 1589192 1581366 925178 1594512 1403236 1505006 931150 1599462 1524312 672966 245264 366148 659074 703348 695230 366522 593514 686814 2073600 2073600 3 7 250050 990720 993600 93655 95865 63181 90983 7 7 6 23 13 4 0 0 0 1920 1080 
[ 7098.512931] MESSAGE_B= 0 0 0 36 1 2 192 0 248 179 0 2028 2043 2055 2072 2753 2809 3097 3280 62 85 82 160 542 395 269 119 0 7 197 208 82 20 48 227 188 202 0 0 0 0 2 2 2 2 1 2 176018 883262 1589192 1581366 925178 1594512 1403236 1505006 931150 1599462 1524312 672966 245264 366148 659074 703348 695230 366522 593514 686814 2073600 2073600 3 7 234196 994560 993600 87513 88167 70622 87187 7 7 6 23 15 4 0 0 0 1920 1080 
[ 7098.793556] MESSAGE_B= 0 0 0 2 1 4 192 0 248 179 0 2234 2227 2190 2196 2787 2838 2998 3049 143 106 95 153 296 200 234 169 0 7 188 211 70 13 42 189 104 134 0 0 0 2 2 2 2 2 1 4 646048 968348 1589192 1581366 925178 1594512 1403236 1505006 931150 1599462 1524312 672966 245264 366148 659074 703348 695230 366522 593514 686814 2073600 2073600 3 6 246181 990720 993600 70698 66811 96911 79846 7 7 6 7 22 4 0 0 0 1920 1080 
[ 7099.073790] MESSAGE_B= 0 0 0 0 0 6 192 0 248 179 0 3392 3443 3436 3446 3050 3212 3331 3377 188 107 185 119 528 76 89 150 0 6 251 237 5 49 73 36 4 110 0 0 2 2 2 2 2 2 0 6 185548 888238 1046404 1573048 955366 1611026 1458720 1627148 828158 1617974 1533540 507182 268122 485176 700672 727072 663870 489250 589188 673284 2073600 2073600 3 6 375037 994560 993600 80990 84360 111370 98317 6 6 6 6 33 0 0 0 0 1920 1080 
[ 7099.361790] MESSAGE_B= 0 0 0 1 0 7 192 0 248 179 0 3150 3130 3037 2966 2966 2986 3034 2916 497 531 620 646 343 307 418 427 0 6 218 234 88 197 144 215 145 156 0 0 0 0 2 0 2 2 0 7 298902 900960 1046404 1573048 955366 1611026 1458720 1627148 828158 1617974 1533540 507182 268122 485176 700672 727072 663870 489250 589188 673284 2073600 2073600 3 6 399602 990720 993600 96328 97128 107653 98493 6 6 6 6 33 0 0 0 0 1920 1080 
[ 7099.640794] MESSAGE_B= 0 0 0 1 0 6 192 0 248 179 0 3180 3140 3058 2978 2983 3003 3051 2928 468 530 616 649 344 311 419 426 0 6 215 234 86 196 147 221 150 156 0 0 0 0 2 0 2 2 0 6 285588 519314 1046404 1573048 955366 1611026 1458720 1627148 828158 1617974 1533540 507182 268122 485176 700672 727072 663870 489250 589188 673284 2073600 2073600 3 6 407259 994560 993600 100070 99214 107549 100426 6 6 6 6 33 0 0 0 0 1920 1080 
[ 7099.919807] MESSAGE_B= 0 0 0 1 0 6 192 0 248 179 0 3177 3137 3047 2970 2969 3002 3048 2934 469 524 620 646 358 313 428 430 0 6 213 233 77 199 151 217 149 162 0 0 0 0 2 0 2 0 0 6 180618 428602 1046404 1573048 955366 1611026 1458720 1627148 828158 1617974 1533540 507182 268122 485176 700672 727072 663870 489250 589188 673284 2073600 2073600 3 6 401462 990720 993600 99252 98521 105056 98633 6 6 6 6 29 0 0 0 0 1920 1080 
[ 7100.199685] MESSAGE_B= 0 0 0 1 0 7 192 0 248 179 0 3148 3108 3028 2948 2956 2995 3030 2925 490 540 624 654 368 320 435 435 0 6 216 235 77 202 142 219 151 164 0 0 0 0 2 0 2 0 0 7 293332 492374 1046404 1573048 955366 1611026 1458720 1627148 828158 1617974 1533540 507182 268122 485176 700672 727072 663870 489250 589188 673284 2073600 2073600 3 6 409725 994560 993600 100160 99148 108001 102416 6 6 6 6 26 0 0 0 0 1920 1080 
[ 7100.358800] MESSAGE_B= 0 4 0 1 0 6 192 0 248 179 0 3162 3118 3038 2954 2972 3010 3043 2927 476 530 619 650 365 314 428 441 0 6 215 235 74 201 140 219 156 168 0 0 0 0 0 0 2 0 0 6 164792 419992 1046404 1573048 955366 1611026 1458720 1627148 828158 1617974 1533540 507182 268122 485176 700672 727072 663870 489250 589188 673284 2073600 2073600 3 6 402472 990720 993600 99206 98610 105289 99367 6 6 6 6 24 4 4 4 4 1920 1080 
[ 7100.637806] MESSAGE_B= 0 0 0 1 0 7 192 0 248 179 0 3167 3135 3036 2975 2983 3015 3049 2924 475 526 628 644 350 318 428 443 0 6 214 234 84 202 152 219 156 168 0 0 0 0 2 0 2 0 0 7 292146 485580 1046404 1573048 955366 1611026 1458720 1627148 828158 1617974 1533540 507182 268122 485176 700672 727072 663870 489250 589188 673284 2073600 2073600 3 6 408372 994560 993600 100032 99533 106631 102176 6 6 6 6 27 0 0 0 0 1920 1080 
[ 7100.916792] MESSAGE_B= 0 4 0 1 0 6 192 0 248 179 0 3172 3143 3029 2983 2987 3027 3050 2917 469 529 624 645 357 316 425 442 0 6 212 235 85 202 146 216 157 176 0 0 0 0 0 0 2 0 0 6 150698 421364 1046404 1573048 955366 1611026 1458720 1627148 828158 1617974 1533540 507182 268122 485176 700672 727072 663870 489250 589188 673284 2073600 2073600 3 6 402106 990720 993600 98910 99265 104608 99323 6 6 6 6 27 4 4 4 4 1920 1080 
[ 7101.195802] MESSAGE_B= 0 0 0 1 0 7 192 0 248 179 0 3148 3114 3016 2957 2958 3004 3031 2910 488 536 632 649 380 326 426 448 0 6 211 235 82 194 151 216 153 176 0 0 0 0 2 0 0 0 0 7 292026 479940 1046404 1573048 955366 1611026 1458720 1627148 828158 1617974 1533540 507182 268122 485176 700672 727072 663870 489250 589188 673284 2073600 2073600 3 6 410558 994560 993600 100244 99198 107568 103548 6 6 6 6 26 5 0 0 0 1920 1080 
[ 7101.478808] MESSAGE_B= 0 0 0 1 0 7 192 0 248 179 0 3162 3107 3020 2958 2972 3014 3031 2919 470 542 630 646 367 326 436 439 0 6 210 235 94 185 149 213 153 177 0 0 0 0 2 0 2 0 0 7 148696 417076 801780 227302 667176 809094 743738 827566 524520 888608 745562 341694 157796 448878 339424 258720 423930 119440 536288 348408 2073600 2073600 3 6 407013 990720 993600 100068 98902 106136 101907 6 6 6 6 26 0 0 0 0 1920 1080 
[ 7101.758790] MESSAGE_B= 0 0 0 1 0 7 192 0 248 179 0 3166 3116 3028 2976 2964 3008 3033 2916 471 540 628 642 376 333 429 444 0 6 207 235 86 176 151 209 155 179 0 0 0 0 2 0 2 0 0 7 293100 483698 801780 227302 667176 809094 743738 827566 524520 888608 745562 341694 157796 448878 339424 258720 423930 119440 536288 348408 2073600 2073600 3 6 404734 994560 993600 98983 98339 105164 102248 6 6 6 6 24 0 0 0 0 1920 1080 
[ 7101.917787] MESSAGE_B= 0 0 0 1 0 6 192 0 248 179 0 3163 3110 3020 2970 2960 3010 3030 2913 475 542 631 640 387 335 436 438 0 6 206 236 92 171 149 205 155 180 0 0 0 0 2 0 2 0 0 6 131626 413036 801780 227302 667176 809094 743738 827566 524520 888608 745562 341694 157796 448878 339424 258720 423930 119440 536288 348408 2073600 2073600 3 6 401439 990720 993600 99127 98116 103590 100606 6 6 6 6 24 0 0 0 0 1920 1080 
[ 7102.199793] MESSAGE_B= 0 0 0 1 0 7 192 0 248 179 0 3136 3084 2991 2944 2946 2995 3016 2897 486 555 637 650 393 341 441 447 0 6 209 236 86 162 154 202 152 182 0 0 0 0 0 0 2 0 0 7 295192 490172 801780 227302 667176 809094 743738 827566 524520 888608 745562 341694 157796 448878 339424 258720 423930 119440 536288 348408 2073600 2073600 3 6 411496 994560 993600 100017 99451 107190 104838 6 6 6 6 26 5 0 0 0 1920 1080 
[ 7102.481789] MESSAGE_B= 0 0 0 1 0 6 192 0 248 179 0 3142 3097 3002 2953 2960 3004 3024 2901 485 543 632 644 380 348 439 446 0 6 207 237 85 150 159 195 153 183 0 0 0 0 2 0 2 0 0 6 127148 408968 801780 227302 667176 809094 743738 827566 524520 888608 745562 341694 157796 448878 339424 258720 423930 119440 536288 348408 2073600 2073600 3 6 407480 990720 993600 99723 99015 105337 103405 6 6 6 6 26 0 0 0 0 1920 1080 
[ 7102.761795] MESSAGE_B= 0 0 0 1 0 6 192 0 248 179 0 3148 3101 3008 2964 2945 2994 3023 2890 479 550 629 641 390 357 439 446 0 6 207 237 76 145 154 192 155 185 0 0 0 0 2 0 2 0 0 6 290238 491940 801780 227302 667176 809094 743738 827566 524520 888608 745562 341694 157796 448878 339424 258720 423930 119440 536288 348408 2073600 2073600 3 6 405946 994560 993600 99215 97702 105365 103664 6 6 6 6 24 0 0 0 0 1920 1080 
[ 7103.039795] MESSAGE_B= 0 0 0 1 0 6 192 0 248 179 0 3148 3109 3020 2984 2946 2982 3010 2877 487 554 629 640 393 358 442 447 0 6 208 238 74 143 155 194 154 188 0 0 0 0 2 0 2 0 0 6 115846 405464 801780 227302 667176 809094 743738 827566 524520 888608 745562 341694 157796 448878 339424 258720 423930 119440 536288 348408 2073600 2073600 3 6 416484 990720 993600 100064 99646 108725 108049 6 6 6 6 27 0 0 0 0 1920 1080 
[ 7103.318829] MESSAGE_B= 0 0 0 1 0 6 192 0 248 179 0 3149 3098 3027 2972 2941 2987 3009 2883 473 543 620 637 408 372 446 442 0 6 207 240 73 130 148 189 153 188 0 0 0 0 0 0 2 2 0 6 291398 497530 801780 227302 667176 809094 743738 827566 524520 888608 745562 341694 157796 448878 339424 258720 423930 119440 536288 348408 2073600 2073600 3 6 406099 994560 993600 99345 97982 104563 104209 6 6 6 6 27 0 0 0 0 1920 1080 
[ 7103.597796] MESSAGE_B= 0 0 0 1 0 6 192 0 248 179 0 3152 3084 3045 2963 2906 2961 2989 2866 485 559 623 642 415 390 453 449 0 6 209 240 71 120 159 185 155 186 0 0 0 0 2 0 2 0 0 6 108982 396638 801780 227302 667176 809094 743738 827566 524520 888608 745562 341694 157796 448878 339424 258720 423930 119440 536288 348408 2073600 2073600 3 6 419156 990720 993600 101317 99967 109131 108741 6 6 6 6 25 0 0 0 0 1920 1080 
[ 7103.876792] MESSAGE_B= 0 0 0 1 0 6 192 0 248 179 0 3142 3085 3024 2957 2891 2987 3003 2895 477 544 619 632 404 383 445 430 0 6 210 242 85 112 194 178 155 181 0 0 0 0 0 0 2 0 0 6 293308 502392 816666 520044 502090 811780 768940 830836 502408 871218 780690 303818 246136 333884 304102 241796 396490 104498 510552 309300 2073600 2073600 3 6 410873 994560 993600 100045 98659 105900 106269 6 6 6 6 23 5 0 0 0 1920 1080 
[ 7104.159243] MESSAGE_B= 0 0 0 1 0 7 192 0 248 179 0 3138 3114 3034 2983 2854 2977 3001 2896 486 539 616 628 427 395 442 428 0 6 211 243 100 115 204 185 154 182 0 0 0 0 2 0 2 2 0 7 93776 393532 816666 520044 502090 811780 768940 830836 502408 871218 780690 303818 246136 333884 304102 241796 396490 104498 510552 309300 2073600 2073600 3 6 414679 990720 993600 100082 99102 107374 108121 6 6 6 6 27 0 0 0 0 1920 1080 
[ 7104.324797] MESSAGE_B= 0 0 0 1 0 6 192 0 248 179 0 3167 3116 3052 2980 2844 2978 3000 2894 459 534 611 629 440 399 439 431 0 6 209 245 109 117 211 182 155 181 0 0 0 0 2 0 2 2 0 6 292024 506190 816666 520044 502090 811780 768940 830836 502408 871218 780690 303818 246136 333884 304102 241796 396490 104498 510552 309300 2073600 2073600 3 6 408704 994560 993600 99607 98183 105147 105767 6 6 6 6 27 0 0 0 0 1920 1080 
[ 7104.604980] MESSAGE_B= 0 0 0 1 0 6 192 0 248 179 0 3181 3136 3070 3001 2832 2982 3004 2894 460 529 609 618 448 393 432 426 0 6 208 244 124 105 216 177 161 175 0 0 0 0 2 0 2 0 0 6 93236 387116 816666 520044 502090 811780 768940 830836 502408 871218 780690 303818 246136 333884 304102 241796 396490 104498 510552 309300 2073600 2073600 3 6 415706 990720 993600 99921 98894 108187 108704 6 6 6 6 25 0 0 0 0 1920 1080 
[ 7104.885601] MESSAGE_B= 0 0 0 1 0 6 192 0 248 179 0 3130 3121 3014 2974 2817 2970 2989 2890 481 530 622 625 458 391 436 420 0 6 213 243 139 100 213 179 170 176 0 0 0 0 2 0 2 2 0 6 285774 510900 816666 520044 502090 811780 768940 830836 502408 871218 780690 303818 246136 333884 304102 241796 396490 104498 510552 309300 2073600 2073600 3 6 414344 994560 993600 100369 98421 108027 107527 6 6 6 6 25 0 0 0 0 1920 1080 
[ 7105.182573] MESSAGE_B= 0 0 0 1 0 6 192 0 248 179 0 3166 3131 3045 2968 2829 2980 2994 2889 466 527 620 626 444 386 424 422 0 6 209 242 146 104 215 187 176 170 0 0 0 0 2 0 2 0 0 6 95282 380274 816666 520044 502090 811780 768940 830836 502408 871218 780690 303818 246136 333884 304102 241796 396490 104498 510552 309300 2073600 2073600 3 6 420911 990720 993600 100147 99517 111226 110021 6 6 6 6 26 0 0 0 0 1920 1080 
[ 7105.472870] MESSAGE_B= 0 0 0 1 0 6 192 0 248 179 0 3153 3138 3024 2978 2845 2977 2993 2883 474 526 628 626 427 396 419 428 0 6 213 241 155 106 208 185 183 169 0 0 0 0 0 0 2 2 0 6 291006 516768 816666 520044 502090 811780 768940 830836 502408 871218 780690 303818 246136 333884 304102 241796 396490 104498 510552 309300 2073600 2073600 3 6 418236 994560 993600 99601 99370 111055 108210 6 6 6 6 26 0 0 0 0 1920 1080 
[ 7105.635191] MESSAGE_B= 0 0 0 1 0 6 192 0 248 179 0 3182 3170 3058 3019 2860 2984 3001 2883 461 523 621 625 425 389 414 428 0 6 209 239 156 102 197 180 190 170 0 0 0 0 0 0 2 2 0 6 99754 359704 816666 520044 502090 811780 768940 830836 502408 871218 780690 303818 246136 333884 304102 241796 396490 104498 510552 309300 2073600 2073600 3 6 420600 990720 993600 99490 100009 111996 109105 6 6 6 6 25 0 0 0 0 1920 1080 
[ 7105.913788] MESSAGE_B= 0 0 0 1 0 6 192 0 248 179 0 3161 3159 3047 3004 2899 2990 3011 2883 473 517 612 631 395 382 406 423 0 6 209 238 160 110 179 190 190 169 0 0 0 0 0 0 2 2 0 6 293324 524370 816666 520044 502090 811780 768940 830836 502408 871218 780690 303818 246136 333884 304102 241796 396490 104498 510552 309300 2073600 2073600 3 6 414910 994560 993600 98455 100325 109798 106332 6 6 6 6 25 0 0 0 0 1920 1080 
[ 7106.194785] MESSAGE_B= 0 0 0 1 0 6 192 0 248 179 0 3186 3240 3121 3092 2782 2942 3024 2899 438 432 559 577 405 373 380 408 0 6 205 238 160 114 181 193 187 163 0 0 0 0 0 0 2 2 0 6 120214 364602 825590 493154 535512 829882 819486 864580 513284 889260 803640 321308 232370 298588 252862 196868 364434 48024 499836 329568 2073600 2073600 3 6 424598 990720 993600 97552 101066 114777 111203 6 6 6 6 26 0 0 0 0 1920 1080 
[ 7106.473804] MESSAGE_B= 0 0 0 0 0 6 192 0 248 179 0 3648 3732 3768 3749 2897 3163 3564 3527 155 79 91 67 376 672 96 115 0 6 192 251 147 118 87 215 223 141 0 0 2 2 2 2 0 2 0 6 282576 529880 825590 493154 535512 829882 819486 864580 513284 889260 803640 321308 232370 298588 252862 196868 364434 48024 499836 329568 2073600 2073600 3 6 430526 994560 993600 95689 99783 117826 117228 6 6 6 6 27 0 0 0 0 1920 1080 
[ 7106.753803] MESSAGE_B= 0 0 0 0 0 6 192 0 248 179 0 3512 3593 3634 3592 2183 2071 3494 2558 294 321 314 340 304 314 127 634 0 6 234 254 168 67 175 228 245 172 0 0 2 2 2 2 2 2 0 6 217076 362442 825590 493154 535512 829882 819486 864580 513284 889260 803640 321308 232370 298588 252862 196868 364434 48024 499836 329568 2073600 2073600 3 6 380211 990720 993600 84057 81987 93164 121003 6 6 6 6 30 0 0 0 0 1920 1080 
[ 7107.031795] MESSAGE_B= 0 0 0 0 0 5 192 0 248 179 0 3598 3695 3736 3697 2054 1781 3818 2297 227 246 242 264 66 121 58 723 0 6 184 254 168 224 185 134 252 238 2 0 2 2 2 2 2 2 0 5 243994 605172 825590 493154 535512 829882 819486 864580 513284 889260 803640 321308 232370 298588 252862 196868 364434 48024 499836 329568 2073600 2073600 3 6 318047 994560 993600 74846 70926 47570 124705 6 6 6 6 30 0 0 0 0 1920 1080 
[ 7107.311821] MESSAGE_B= 0 0 0 0 0 4 192 0 248 179 0 3286 3562 3741 3735 1433 2438 3321 3263 825 597 283 304 178 174 278 343 0 31 223 240 230 140 176 137 217 137 0 0 0 0 0 0 0 0 0 4 678734 456808 825590 493154 535512 829882 819486 864580 513284 889260 803640 321308 232370 298588 252862 196868 364434 48024 499836 329568 2073600 2073600 3 6 278650 990720 993600 63881 71486 46766 123171 6 7 16 6 30 4 4 0 0 1920 1080 
[ 7107.592785] MESSAGE_B= 0 0 0 1 0 4 192 0 248 179 0 3486 0 4050 0 1408 1416 3968 2261 143 0 37 0 0 107 0 390 0 6 195 0 0 74 188 113 0 0 2 1 2 2 2 2 1 1 0 4 338706 823142 825590 493154 535512 829882 819486 864580 513284 889260 803640 321308 232370 298588 252862 196868 364434 48024 499836 329568 2073600 2073600 3 6 382756 994560 993600 97549 125630 39477 125178 6 6 15 6 30 0 0 0 0 1920 1080 
[ 7107.749790] MESSAGE_B= 0 0 0 1 0 4 192 0 248 179 0 3862 4010 4065 4005 1264 1396 4028 2498 236 78 66 53 72 110 81 487 0 6 71 241 33 40 190 106 0 104 2 2 2 2 2 2 1 0 0 4 721122 691334 825590 493154 535512 829882 819486 864580 513284 889260 803640 321308 232370 298588 252862 196868 364434 48024 499836 329568 2073600 2073600 3 6 369499 990720 993600 91557 119386 37494 124651 6 6 15 6 31 0 0 0 0 1920 1080 
[ 7108.031782] MESSAGE_B= 0 0 0 2 0 4 192 0 248 179 0 3882 4058 4075 4049 1251 1388 4032 2719 235 89 31 26 38 121 14 624 0 6 186 255 255 121 194 105 0 88 2 2 2 2 2 2 1 2 0 4 455748 891916 825590 493154 535512 829882 819486 864580 513284 889260 803640 321308 232370 298588 252862 196868 364434 48024 499836 329568 2073600 2073600 3 6 354654 994560 993600 89906 107443 32807 124498 6 6 6 6 31 0 0 0 0 1920 1080 
[ 7108.310789] MESSAGE_B= 0 0 0 2 0 4 192 0 248 179 0 3879 4064 4076 4048 1222 1413 4038 3154 221 48 78 80 83 111 57 727 0 6 93 255 92 116 198 72 0 9 2 2 2 2 2 2 1 2 0 4 738614 699146 825590 493154 535512 829882 819486 864580 513284 889260 803640 321308 232370 298588 252862 196868 364434 48024 499836 329568 2073600 2073600 3 6 352350 990720 993600 89388 106052 33753 124297 6 6 15 6 29 0 0 0 0 1920 1080 
[ 7108.596646] MESSAGE_B= 0 0 0 3 0 4 192 0 248 179 0 3880 4054 4078 4048 1253 1413 4016 3230 202 60 17 23 29 116 0 865 0 6 147 255 0 86 199 60 0 0 2 2 2 2 2 2 1 2 0 4 432576 891304 1497694 453640 487516 936104 1135024 1322798 1146588 978336 1521510 1046768 97360 542974 580966 924342 922440 966014 1019176 1054898 2073600 2073600 3 6 355710 994560 993600 90576 108971 31887 124276 6 6 6 6 26 0 0 0 0 1920 1080 
[ 7108.884487] MESSAGE_B= 0 0 0 3 0 4 192 0 248 179 0 3854 4057 4075 4048 1219 1442 4038 3226 231 73 50 24 72 103 57 863 0 6 95 255 66 86 203 19 0 45 2 2 2 2 2 2 1 2 0 4 752134 705530 1497694 453640 487516 936104 1135024 1322798 1146588 978336 1521510 1046768 97360 542974 580966 924342 922440 966014 1019176 1054898 2073600 2073600 3 6 352642 990720 993600 89217 107334 31906 124185 6 6 6 6 26 0 0 0 0 1920 1080 
[ 7109.163789] MESSAGE_B= 0 0 0 3 0 4 192 0 248 179 0 3847 4062 4075 4042 1208 1472 4040 3196 250 70 57 46 45 83 8 862 0 6 97 243 182 83 213 11 78 249 2 2 2 2 2 2 2 2 0 4 437768 889196 1497694 453640 487516 936104 1135024 1322798 1146588 978336 1521510 1046768 97360 542974 580966 924342 922440 966014 1019176 1054898 2073600 2073600 3 6 351443 994560 993600 88465 107173 34128 124235 6 6 15 6 27 0 0 0 0 1920 1080 
[ 7109.442785] MESSAGE_B= 0 0 0 3 0 4 192 0 248 179 0 3811 4061 4074 4039 1272 1495 4008 3254 284 42 58 71 8 58 24 792 0 6 76 249 255 81 206 17 255 61 2 2 2 2 2 2 2 2 0 4 763304 702626 1497694 453640 487516 936104 1135024 1322798 1146588 978336 1521510 1046768 97360 542974 580966 924342 922440 966014 1019176 1054898 2073600 2073600 3 6 351507 990720 993600 89183 106771 34825 124218 6 6 15 6 27 0 0 0 0 1920 1080 
[ 7109.600793] MESSAGE_B= 0 0 0 3 0 4 192 0 248 179 0 3823 4062 4077 4041 1248 1496 4035 3243 291 63 71 71 22 65 41 796 0 6 63 234 128 82 198 33 255 236 2 2 2 2 2 2 2 2 0 4 448220 887868 1497694 453640 487516 936104 1135024 1322798 1146588 978336 1521510 1046768 97360 542974 580966 924342 922440 966014 1019176 1054898 2073600 2073600 3 6 351211 994560 993600 89153 106851 35269 124285 6 6 15 6 27 0 0 0 0 1920 1080 
[ 7109.878786] MESSAGE_B= 0 0 0 3 0 4 192 0 248 179 0 3794 4060 4077 4044 1242 1488 4032 3247 289 85 41 72 48 86 0 790 0 6 41 245 0 46 207 60 0 70 2 2 2 2 2 2 2 2 0 4 770008 698182 1497694 453640 487516 936104 1135024 1322798 1146588 978336 1521510 1046768 97360 542974 580966 924342 922440 966014 1019176 1054898 2073600 2073600 3 6 350811 990720 993600 88813 107010 33661 124216 6 6 15 6 28 0 0 0 0 1920 1080 
[ 7110.157786] MESSAGE_B= 0 0 0 3 1 4 192 0 248 179 0 3817 4063 4076 4045 1212 1483 4019 3196 259 64 44 36 59 98 40 862 0 6 40 255 255 17 219 96 255 100 2 2 2 2 2 2 2 2 1 4 450414 888242 1497694 453640 487516 936104 1135024 1322798 1146588 978336 1521510 1046768 97360 542974 580966 924342 922440 966014 1019176 1054898 2073600 2073600 3 6 349939 994560 993600 89002 106486 35808 124209 6 6 15 6 28 0 0 0 0 1920 1080 
[ 7110.438823] MESSAGE_B= 0 0 0 3 1 3 192 0 248 179 0 3806 4064 4075 4039 1253 1464 4021 3260 293 47 61 33 35 116 52 788 0 6 65 203 255 60 195 95 252 69 2 2 2 2 2 2 2 2 1 3 778460 696084 1497694 453640 487516 936104 1135024 1322798 1146588 978336 1521510 1046768 97360 542974 580966 924342 922440 966014 1019176 1054898 2073600 2073600 3 6 350041 990720 993600 88648 107080 36785 124277 6 6 15 6 27 0 0 0 0 1920 1080 
[ 7110.718811] MESSAGE_B= 0 0 0 3 1 3 192 0 248 179 0 3811 4064 4076 4043 1220 1453 4016 3212 277 63 87 27 36 115 33 874 0 6 86 255 165 90 178 105 0 136 2 2 2 2 2 2 2 2 1 3 449152 885720 1497694 453640 487516 936104 1135024 1322798 1146588 978336 1521510 1046768 97360 542974 580966 924342 922440 966014 1019176 1054898 2073600 2073600 3 6 348175 994560 993600 87967 106226 36810 124267 6 6 15 6 28 0 0 0 0 1920 1080 
[ 7110.996784] MESSAGE_B= 0 0 0 3 0 3 192 0 248 179 0 3797 4063 4075 4042 1232 1439 4008 3192 273 54 54 83 32 123 8 868 0 6 85 255 255 103 162 124 0 25 2 2 2 2 2 2 1 2 0 3 788278 702600 1479648 1115984 703192 1485386 1459180 1516966 1118998 1009740 1503250 1056424 960278 941856 1045158 1080884 1046826 934112 962834 1078004 2073600 2073600 3 6 348497 990720 993600 88305 106983 35221 124192 6 6 15 6 28 0 0 0 0 1920 1080 
[ 7111.291795] MESSAGE_B= 0 0 0 3 1 2 192 0 248 179 0 3808 4065 4076 4040 1192 1422 4040 3192 283 26 86 80 8 133 8 868 0 6 51 255 255 123 154 130 0 38 2 2 2 2 2 2 2 2 1 2 447320 879684 1479648 1115984 703192 1485386 1459180 1516966 1118998 1009740 1503250 1056424 960278 941856 1045158 1080884 1046826 934112 962834 1078004 2073600 2073600 3 6 346579 994560 993600 87878 106106 36143 124241 6 6 15 6 26 0 0 0 0 1920 1080 
[ 7111.587514] MESSAGE_B= 0 0 0 4 1 2 192 0 248 179 0 3811 4061 4073 4036 1232 1408 4032 3189 293 73 82 59 0 138 0 869 0 6 66 219 0 152 144 171 0 255 2 2 2 2 2 2 2 2 1 2 798804 698340 1479648 1115984 703192 1485386 1459180 1516966 1118998 1009740 1503250 1056424 960278 941856 1045158 1080884 1046826 934112 962834 1078004 2073600 2073600 3 6 347606 990720 993600 88354 107928 34417 124320 6 6 15 6 26 0 0 0 0 1920 1080 
[ 7111.744964] MESSAGE_B= 0 0 0 3 0 2 192 0 248 179 0 3799 4066 4077 4045 1130 1406 4026 3254 315 75 67 55 62 132 73 795 0 6 62 248 207 157 142 150 0 13 2 2 2 2 2 2 2 2 0 2 439584 878564 1479648 1115984 703192 1485386 1459180 1516966 1118998 1009740 1503250 1056424 960278 941856 1045158 1080884 1046826 934112 962834 1078004 2073600 2073600 3 6 344167 994560 993600 87558 105219 39966 124275 6 6 15 6 26 0 0 0 0 1920 1080 
[ 7112.025791] MESSAGE_B= 0 0 0 4 1 2 192 0 248 179 0 3780 4059 4053 4048 1280 1391 4040 3194 380 67 243 59 16 128 8 871 0 6 163 230 255 180 137 170 0 162 2 2 2 2 2 2 1 2 1 2 810908 694500 1479648 1115984 703192 1485386 1459180 1516966 1118998 1009740 1503250 1056424 960278 941856 1045158 1080884 1046826 934112 962834 1078004 2073600 2073600 3 6 342474 990720 993600 87117 104776 37867 124267 6 6 15 6 28 0 0 0 0 1920 1080 
[ 7112.304855] MESSAGE_B= 0 0 0 4 1 2 192 0 248 179 0 3813 4064 4076 4043 1178 1379 4026 3263 315 42 66 70 84 117 73 792 0 6 79 246 150 168 140 185 0 0 2 2 2 2 2 2 2 2 1 2 437536 874752 1479648 1115984 703192 1485386 1459180 1516966 1118998 1009740 1503250 1056424 960278 941856 1045158 1080884 1046826 934112 962834 1078004 2073600 2073600 3 6 341249 994560 993600 86260 103984 41123 124228 6 6 15 6 28 0 0 0 0 1920 1080 
[ 7112.583788] MESSAGE_B= 0 0 0 4 1 1 192 0 248 179 0 3749 4056 4030 4043 0 1358 0 3201 450 55 322 80 0 107 0 867 0 6 199 240 0 104 143 207 0 131 2 2 1 2 2 2 1 2 1 1 818834 687598 1479648 1115984 703192 1485386 1459180 1516966 1118998 1009740 1503250 1056424 960278 941856 1045158 1080884 1046826 934112 962834 1078004 2073600 2073600 1 6 342929 990720 993600 87271 105618 36355 124278 6 6 15 6 28 0 0 0 0 1920 1080 
[ 7112.864787] MESSAGE_B= 0 0 0 4 1 2 192 0 248 179 0 3794 4058 4034 4040 1269 1355 4010 3188 427 82 320 70 35 91 97 866 0 6 196 239 76 27 134 202 0 36 2 2 2 2 2 2 2 2 1 2 429730 869540 1479648 1115984 703192 1485386 1459180 1516966 1118998 1009740 1503250 1056424 960278 941856 1045158 1080884 1046826 934112 962834 1078004 2073600 2073600 3 6 338866 994560 993600 85872 102561 41580 124078 6 6 15 6 29 0 0 0 0 1920 1080 
[ 7113.144828] MESSAGE_B= 0 0 0 4 1 2 192 0 248 179 0 3792 4064 4020 4049 1216 1322 4010 3260 473 78 374 71 106 94 90 784 0 6 210 238 90 6 127 189 0 20 2 2 2 2 2 2 2 2 1 2 824880 676690 1479648 1115984 703192 1485386 1459180 1516966 1118998 1009740 1503250 1056424 960278 941856 1045158 1080884 1046826 934112 962834 1078004 2073600 2073600 3 6 336688 990720 993600 84797 101665 41976 124216 6 6 15 6 29 0 0 0 0 1920 1080 
[ 7113.427153] MESSAGE_B= 0 0 0 4 1 2 192 0 248 179 0 3770 4060 3998 4041 1274 1305 3973 3193 507 72 423 54 43 80 71 866 0 6 225 225 195 28 117 198 160 84 2 2 2 2 2 2 2 2 1 2 422344 867824 1465060 1046060 624994 1470398 1452530 1508976 1130882 964582 1485226 1050614 997328 890962 1064422 1115226 1037046 954892 924686 1081628 2073600 2073600 3 6 336801 994560 993600 84811 102094 40196 124097 6 6 15 6 29 0 0 0 0 1920 1080 
[ 7113.708797] MESSAGE_B= 0 0 0 4 1 2 192 0 248 179 0 3688 4065 3926 4042 1296 1288 2633 3253 657 83 583 73 28 92 1098 791 0 6 237 235 230 14 106 173 7 99 2 2 2 2 2 2 2 2 1 2 832034 672566 1465060 1046060 624994 1470398 1452530 1508976 1130882 964582 1485226 1050614 997328 890962 1064422 1115226 1037046 954892 924686 1081628 2073600 2073600 3 6 334293 990720 993600 84144 100981 41165 124154 6 6 15 6 28 0 0 0 0 1920 1080 
[ 7113.868812] MESSAGE_B= 0 0 0 4 1 2 192 0 248 179 0 3688 4066 3925 4037 1312 1280 2842 3263 656 54 582 91 32 99 1165 788 0 6 238 255 34 22 99 162 2 42 2 2 2 2 2 2 2 2 1 2 427420 863720 1465060 1046060 624994 1470398 1452530 1508976 1130882 964582 1485226 1050614 997328 890962 1064422 1115226 1037046 954892 924686 1081628 2073600 2073600 3 6 332475 994560 993600 83761 99503 44452 124019 6 6 15 6 28 0 0 0 0 1920 1080 
[ 7114.147785] MESSAGE_B= 0 0 0 4 1 2 192 0 248 179 0 3672 4064 3921 4043 1322 1275 2421 3259 667 41 596 87 56 94 1074 790 0 6 237 255 47 83 81 150 4 12 2 2 2 2 2 2 2 2 1 2 841558 666152 1465060 1046060 624994 1470398 1452530 1508976 1130882 964582 1485226 1050614 997328 890962 1064422 1115226 1037046 954892 924686 1081628 2073600 2073600 3 6 332498 990720 993600 84183 99916 45362 124095 6 6 15 6 28 0 0 0 0 1920 1080 
[ 7114.427807] MESSAGE_B= 0 0 0 4 1 2 192 0 248 179 0 3673 4059 3917 4042 1309 1266 2490 3196 656 91 604 35 46 95 970 868 0 6 238 255 30 102 65 140 76 0 2 2 2 2 2 2 2 2 1 2 430270 868084 1465060 1046060 624994 1470398 1452530 1508976 1130882 964582 1485226 1050614 997328 890962 1064422 1115226 1037046 954892 924686 1081628 2073600 2073600 3 6 331889 994560 993600 84168 100102 43279 123917 6 6 15 6 28 0 0 0 0 1920 1080 
[ 7114.713787] MESSAGE_B= 0 0 0 3 1 3 192 0 248 179 0 3664 4065 3919 4045 1328 1258 2046 3276 662 33 603 46 32 103 808 785 0 6 237 185 116 101 48 105 9 54 2 2 2 2 2 2 2 2 1 3 852272 673130 1465060 1046060 624994 1470398 1452530 1508976 1130882 964582 1485226 1050614 997328 890962 1064422 1115226 1037046 954892 924686 1081628 2073600 2073600 3 6 330595 990720 993600 83741 99857 43646 123982 6 6 15 6 28 0 0 0 0 1920 1080 
[ 7115.001794] MESSAGE_B= 0 0 0 4 1 2 192 0 248 179 0 3654 4061 3927 4042 1323 1260 2361 3280 646 62 581 68 51 94 934 786 0 6 234 222 2 147 44 81 20 85 2 2 2 2 2 2 2 2 1 2 426154 874948 1465060 1046060 624994 1470398 1452530 1508976 1130882 964582 1485226 1050614 997328 890962 1064422 1115226 1037046 954892 924686 1081628 2073600 2073600 3 6 330748 994560 993600 84612 99297 44867 123836 6 6 15 6 29 0 0 0 0 1920 1080 
[ 7115.282808] MESSAGE_B= 0 0 0 3 1 2 192 0 248 179 0 3660 4064 3943 4047 1315 1251 2149 3300 621 54 558 32 44 92 776 786 0 6 231 209 63 148 24 47 6 77 2 2 2 2 2 2 2 2 1 2 862004 679502 1465060 1046060 624994 1470398 1452530 1508976 1130882 964582 1485226 1050614 997328 890962 1064422 1115226 1037046 954892 924686 1081628 2073600 2073600 3 6 329156 990720 993600 84743 98104 48387 123809 6 6 15 6 29 0 0 0 0 1920 1080 
[ 7115.561793] MESSAGE_B= 0 0 0 3 1 2 192 0 248 179 0 3634 4061 3917 4049 1306 1230 1760 3238 668 32 607 83 50 89 356 869 0 6 233 255 51 14 7 40 2 35 2 2 2 2 2 2 2 2 1 2 428388 881688 1465060 1046060 624994 1470398 1452530 1508976 1130882 964582 1485226 1050614 997328 890962 1064422 1115226 1037046 954892 924686 1081628 2073600 2073600 3 6 328001 994560 993600 85255 97632 46630 123703 6 6 15 6 30 0 0 0 0 1920 1080 
[ 7115.718795] MESSAGE_B= 0 0 0 3 1 2 192 0 248 179 0 3642 4059 3934 4046 1316 1229 1710 3241 644 29 576 74 42 88 266 863 0 6 229 255 70 28 6 23 21 3 2 2 2 2 2 2 2 2 1 2 870886 694062 1498728 1012160 643114 1458574 1430846 1492424 1080468 963562 1517772 1081050 1021436 865250 1058526 1114528 1057472 985258 912458 1108708 2073600 2073600 3 6 327690 990720 993600 85262 97822 46687 123575 6 6 15 6 30 0 0 0 0 1920 1080 
[ 7115.996794] MESSAGE_B= 0 0 0 3 1 2 192 0 248 179 0 3633 4061 3915 4046 1320 1231 1875 3286 671 91 615 73 51 90 511 851 0 6 232 243 79 88 30 4 5 76 2 2 2 2 2 2 2 2 1 2 425592 887946 1498728 1012160 643114 1458574 1430846 1492424 1080468 963562 1517772 1081050 1021436 865250 1058526 1114528 1057472 985258 912458 1108708 2073600 2073600 3 6 327731 994560 993600 86006 97179 50659 123372 6 6 15 6 31 0 0 0 0 1920 1080 
[ 7116.283477] MESSAGE_B= 0 0 0 3 1 2 192 0 248 179 0 3568 4065 3872 4048 1328 1216 1772 3293 748 29 678 75 45 90 254 863 0 6 236 255 95 111 66 7 47 56 2 2 2 2 2 2 2 2 1 2 876474 713574 1498728 1012160 643114 1458574 1430846 1492424 1080468 963562 1517772 1081050 1021436 865250 1058526 1114528 1057472 985258 912458 1108708 2073600 2073600 3 6 325530 990720 993600 86302 95434 51421 123349 6 6 15 6 31 0 0 0 0 1920 1080 
[ 7116.561789] MESSAGE_B= 0 0 0 3 1 2 192 0 248 179 0 3616 4062 3913 4049 1329 1215 1712 3265 678 75 613 49 65 82 271 852 0 6 232 234 66 113 79 13 7 67 2 2 2 2 2 2 2 2 1 2 429886 891148 1498728 1012160 643114 1458574 1430846 1492424 1080468 963562 1517772 1081050 1021436 865250 1058526 1114528 1057472 985258 912458 1108708 2073600 2073600 3 6 325172 994560 993600 86956 95843 49513 123198 6 6 15 6 31 0 0 0 0 1920 1080 
[ 7116.844790] MESSAGE_B= 0 0 0 3 1 2 192 0 248 179 0 3624 4066 3931 4048 1334 1235 1859 3337 669 73 565 73 63 86 495 779 0 6 231 234 135 131 64 25 49 76 2 2 2 2 2 2 2 2 1 2 880082 726254 1498728 1012160 643114 1458574 1430846 1492424 1080468 963562 1517772 1081050 1021436 865250 1058526 1114528 1057472 985258 912458 1108708 2073600 2073600 1 6 324344 990720 993600 87034 94609 52880 122947 6 6 15 6 31 0 0 0 0 1920 1080 
[ 7117.123800] MESSAGE_B= 0 0 0 3 1 3 192 0 248 179 0 3617 4065 3937 4046 1333 1225 1681 3282 638 30 563 90 57 80 197 851 0 6 230 255 52 101 57 28 47 90 2 2 2 2 2 2 2 2 1 3 431514 889238 1498728 1012160 643114 1458574 1430846 1492424 1080468 963562 1517772 1081050 1021436 865250 1058526 1114528 1057472 985258 912458 1108708 2073600 2073600 3 6 324982 994560 993600 87556 97113 48048 122622 6 6 15 6 31 0 0 0 0 1920 1080 
[ 7117.404798] MESSAGE_B= 0 0 0 3 1 2 192 0 248 179 0 3672 4005 3922 3933 1463 1214 1673 3318 516 68 440 54 62 90 213 763 0 6 223 225 41 80 99 65 125 37 2 2 2 2 2 2 2 2 1 2 881872 744188 1498728 1012160 643114 1458574 1430846 1492424 1080468 963562 1517772 1081050 1021436 865250 1058526 1114528 1057472 985258 912458 1108708 2073600 2073600 1 6 319425 990720 993600 88464 88978 53250 122125 6 6 15 6 32 0 0 0 0 1920 1080 
[ 7117.689818] MESSAGE_B= 0 0 0 3 1 2 192 0 248 179 0 3536 3850 3657 3535 1718 1150 1513 3207 409 69 448 93 73 138 146 804 0 6 220 98 61 39 202 65 29 42 2 2 2 2 2 2 2 2 1 2 313214 889276 1498728 1012160 643114 1458574 1430846 1492424 1080468 963562 1517772 1081050 1021436 865250 1058526 1114528 1057472 985258 912458 1108708 2073600 2073600 3 6 306104 994560 993600 90303 72087 50726 121164 6 6 15 6 32 0 0 0 0 1920 1080 
[ 7117.851637] MESSAGE_B= 0 0 0 6 1 2 192 0 248 179 0 3400 3773 3384 3201 1893 1109 1666 3121 370 108 466 101 163 137 606 735 0 6 215 44 233 2 227 58 230 146 2 2 2 2 2 2 2 2 1 2 877268 752442 1498728 1012160 643114 1458574 1430846 1492424 1080468 963562 1517772 1081050 1021436 865250 1058526 1114528 1057472 985258 912458 1108708 2073600 2073600 1 6 313257 990720 993600 93600 72142 54659 119613 6 6 14 6 32 0 0 0 0 1920 1080 
[ 7118.134790] MESSAGE_B= 0 0 0 17 1 2 192 0 248 179 0 3545 3397 2883 2536 1584 1117 2092 2177 466 618 463 221 520 154 237 227 0 31 168 96 76 95 184 25 86 19 0 0 0 0 0 0 0 0 1 2 662684 967888 1635386 974022 592868 1519514 1488878 1576892 1144126 998890 1605056 1269076 1055176 893268 1100872 1149898 1099362 978886 877766 1296400 2073600 2073600 3 6 288510 994560 993600 95820 49637 61258 107721 6 6 14 6 36 4 0 0 0 1920 1080 
[ 7118.414788] MESSAGE_B= 0 0 0 27 2 2 192 0 248 179 0 3601 3153 2364 1958 1564 971 1591 1720 351 730 514 313 666 103 299 328 0 31 114 172 199 180 161 101 196 30 0 0 0 0 0 0 0 0 2 2 672574 835412 1635386 974022 592868 1519514 1488878 1576892 1144126 998890 1605056 1269076 1055176 893268 1100872 1149898 1099362 978886 877766 1296400 2073600 2073600 1 6 190633 990720 993600 90082 61520 68156 46359 6 17 13 16 38 4 0 0 0 1920 1080 
[ 7118.694799] MESSAGE_B= 0 0 0 24 2 2 192 0 248 179 0 3670 2880 1879 1460 1454 892 1156 1463 279 887 520 418 730 131 365 398 0 31 54 204 244 165 144 167 221 78 0 0 0 0 0 0 0 0 2 2 690512 871618 1635386 974022 592868 1519514 1488878 1576892 1144126 998890 1605056 1269076 1055176 893268 1100872 1149898 1099362 978886 877766 1296400 2073600 2073600 1 14 167531 994560 993600 86272 50884 59036 73771 6 14 13 14 39 4 0 0 0 1920 1080 
[ 7118.974792] MESSAGE_B= 0 0 0 17 1 3 192 0 248 179 0 3669 2601 1527 1124 1286 883 848 1340 285 996 516 514 694 204 389 360 0 31 7 206 253 191 148 202 182 145 0 0 0 0 0 0 0 0 1 3 545138 837820 1635386 974022 592868 1519514 1488878 1576892 1144126 998890 1605056 1269076 1055176 893268 1100872 1149898 1099362 978886 877766 1296400 2073600 2073600 3 13 127440 990720 993600 80060 51078 36277 47347 6 13 13 12 39 5 0 0 0 1920 1080 
[ 7119.254799] MESSAGE_B= 0 7 0 16 1 3 192 0 248 179 0 3581 2354 1373 1093 1092 905 771 1390 385 1013 517 590 551 293 362 340 0 31 74 203 253 234 151 220 122 184 0 0 0 0 0 0 0 0 1 3 711624 518312 1635386 974022 592868 1519514 1488878 1576892 1144126 998890 1605056 1269076 1055176 893268 1100872 1149898 1099362 978886 877766 1296400 2073600 2073600 3 12 123235 994560 993600 74722 48246 39263 40813 6 13 12 12 39 4 4 20 20 1920 1080 
[ 7119.535800] MESSAGE_B= 0 7 0 15 1 3 192 0 248 179 0 3448 2128 1235 1126 945 917 745 1464 520 957 507 653 387 392 361 376 0 31 97 185 249 212 150 228 94 163 0 0 0 0 0 0 0 0 1 3 249346 576676 1635386 974022 592868 1519514 1488878 1576892 1144126 998890 1605056 1269076 1055176 893268 1100872 1149898 1099362 978886 877766 1296400 2073600 2073600 3 12 136220 990720 993600 68239 51858 46719 37639 6 13 12 12 38 4 4 20 20 1920 1080 
[ 7119.819792] MESSAGE_B= 0 0 0 15 1 3 192 0 248 179 0 3262 1920 1106 1190 854 900 752 1502 676 851 458 621 235 484 349 399 0 31 113 152 233 177 149 231 70 141 0 0 0 0 0 0 0 0 1 3 605610 439620 1635386 974022 592868 1519514 1488878 1576892 1144126 998890 1605056 1269076 1055176 893268 1100872 1149898 1099362 978886 877766 1296400 2073600 2073600 3 12 138953 994560 993600 62202 49215 51488 33858 6 12 12 12 38 4 0 0 0 1920 1080 
[ 7119.978086] MESSAGE_B= 0 0 0 14 1 3 192 0 248 179 0 3157 1826 1055 1263 837 892 822 1513 764 788 430 591 168 509 336 399 0 31 121 135 199 163 143 231 51 143 0 0 0 0 0 0 0 0 1 3 205942 488046 1635386 974022 592868 1519514 1488878 1576892 1144126 998890 1605056 1269076 1055176 893268 1100872 1149898 1099362 978886 877766 1296400 2073600 2073600 3 12 133190 990720 993600 56805 48285 51139 29440 6 13 12 12 38 4 0 0 0 1920 1080 
[ 7120.258786] MESSAGE_B= 0 0 0 16 1 3 192 0 248 179 0 2891 1634 969 1405 822 835 952 1485 921 652 415 533 150 472 307 415 0 31 137 74 129 132 178 225 1 130 0 0 0 0 0 0 0 0 1 3 501708 395822 1635386 974022 592868 1519514 1488878 1576892 1144126 998890 1605056 1269076 1055176 893268 1100872 1149898 1099362 978886 877766 1296400 2073600 2073600 3 12 134241 994560 993600 48146 47000 54809 25925 6 12 12 12 37 5 0 0 0 1920 1080 
[ 7120.537811] MESSAGE_B= 0 0 0 15 1 3 192 0 248 179 0 2598 1489 942 1514 859 767 1147 1449 1043 559 462 472 229 390 338 443 0 31 155 21 201 123 202 178 74 116 0 0 0 0 0 0 0 0 1 3 305026 431850 573354 539770 492486 1177410 933982 805552 763294 450958 643730 509232 461266 464314 966646 744860 664906 922918 558440 540042 2073600 2073600 3 12 145711 990720 993600 39390 51469 58378 25720 6 12 12 12 35 5 0 0 0 1920 1080 
[ 7120.818798] MESSAGE_B= 0 0 0 17 1 3 192 0 248 179 0 2315 1342 990 1615 887 725 1322 1393 1065 536 493 427 325 355 378 504 0 31 171 108 226 98 217 115 140 95 0 0 0 0 0 0 0 0 1 3 405328 340956 573354 539770 492486 1177410 933982 805552 763294 450958 643730 509232 461266 464314 966646 744860 664906 922918 558440 540042 2073600 2073600 3 12 146264 994560 993600 32468 47115 58900 25769 6 12 12 13 35 4 0 0 0 1920 1080 
[ 7121.097784] MESSAGE_B= 0 0 0 17 2 3 192 0 248 179 0 2082 1179 1080 1714 909 703 1465 1351 1004 454 543 378 425 332 410 559 0 31 189 119 202 76 228 100 181 52 0 0 0 0 0 0 0 0 2 3 440092 391042 573354 539770 492486 1177410 933982 805552 763294 450958 643730 509232 461266 464314 966646 744860 664906 922918 558440 540042 2073600 2073600 3 12 149648 990720 993600 28697 43999 58461 26732 13 12 12 13 33 4 0 0 0 1920 1080 
[ 7121.379036] MESSAGE_B= 0 0 0 19 2 3 192 0 248 179 0 1860 1018 1237 1799 902 793 1499 1330 888 345 614 353 506 319 390 577 0 31 199 140 192 96 238 68 191 8 0 0 0 0 0 0 0 0 2 3 334786 259828 573354 539770 492486 1177410 933982 805552 763294 450958 643730 509232 461266 464314 966646 744860 664906 922918 558440 540042 2073600 2073600 3 12 146103 994560 993600 35586 36154 53332 28562 13 12 12 13 32 4 0 0 0 1920 1080 
[ 7121.536803] MESSAGE_B= 0 0 0 20 2 2 192 0 248 179 0 1729 929 1329 1813 870 860 1480 1315 803 301 679 374 493 312 385 570 0 31 202 144 170 109 235 54 190 5 0 0 0 0 0 0 0 0 2 2 514164 398904 573354 539770 492486 1177410 933982 805552 763294 450958 643730 509232 461266 464314 966646 744860 664906 922918 558440 540042 2073600 2073600 1 12 151606 990720 993600 40562 35158 50675 29165 13 12 12 13 31 4 0 0 0 1920 1080 
[ 7121.815954] MESSAGE_B= 0 0 0 20 2 3 192 0 248 179 0 1562 834 1575 1831 809 976 1420 1294 678 285 752 360 403 275 384 554 0 31 196 156 147 152 209 3 192 4 0 0 0 0 0 0 0 0 2 3 390568 235526 573354 539770 492486 1177410 933982 805552 763294 450958 643730 509232 461266 464314 966646 744860 664906 922918 558440 540042 2073600 2073600 3 12 149843 994560 993600 48593 28243 43393 33405 12 12 12 13 29 4 0 0 0 1920 1080 
[ 7122.094792] MESSAGE_B= 0 0 0 22 2 3 192 0 248 179 0 1400 814 1807 1817 765 1102 1347 1284 600 307 737 356 330 243 412 553 0 31 166 135 114 190 138 103 180 27 0 0 0 0 0 0 0 0 2 3 391678 365960 573354 539770 492486 1177410 933982 805552 763294 450958 643730 509232 461266 464314 966646 744860 664906 922918 558440 540042 2073600 2073600 3 12 150486 990720 993600 57327 22595 37012 35272 12 12 12 13 26 4 0 0 0 1920 1080 
[ 7122.376140] MESSAGE_B= 0 0 0 23 2 2 192 0 248 179 0 1220 889 2006 1821 754 1303 1297 1300 508 416 735 370 290 286 469 554 0 31 171 93 42 180 87 157 140 64 0 0 0 0 0 0 0 0 2 2 495836 273814 573354 539770 492486 1177410 933982 805552 763294 450958 643730 509232 461266 464314 966646 744860 664906 922918 558440 540042 2073600 2073600 1 12 145294 994560 993600 65279 23051 27032 39656 12 15 12 13 25 4 0 0 0 1920 1080 
[ 7122.655797] MESSAGE_B= 0 0 0 24 2 3 192 0 248 179 0 1022 1068 2163 1832 850 1408 1254 1298 361 639 752 394 223 362 518 552 0 31 180 88 40 136 34 142 82 72 0 0 0 0 0 0 0 0 2 3 303998 407592 573354 539770 492486 1177410 933982 805552 763294 450958 643730 509232 461266 464314 966646 744860 664906 922918 558440 540042 2073600 2073600 3 12 148102 990720 993600 74301 24080 23699 40792 12 15 0 13 24 4 0 0 0 1920 1080 
[ 7122.934796] MESSAGE_B= 0 0 0 26 2 2 192 0 248 179 0 872 1302 2296 1834 1037 1458 1244 1300 236 844 791 406 295 401 529 549 0 31 189 81 82 118 24 146 42 57 0 0 0 0 0 0 0 0 2 2 633784 321992 330118 457842 304356 498994 465008 319294 719294 472880 371944 719040 763698 336926 659268 468228 629342 1062260 538076 646136 2073600 2073600 1 12 146230 994560 993600 80775 24758 23202 40535 12 15 0 13 22 4 0 0 0 1920 1080 
[ 7123.212786] MESSAGE_B= 0 0 0 26 2 2 192 0 248 179 0 756 1543 2422 1826 1242 1435 1228 1292 209 1006 768 403 382 432 522 546 0 31 146 69 93 124 3 163 17 47 0 0 0 0 0 0 0 0 2 2 253686 425602 330118 457842 304356 498994 465008 319294 719294 472880 371944 719040 763698 336926 659268 468228 629342 1062260 538076 646136 2073600 2073600 1 12 148611 990720 993600 86450 25856 25650 39108 12 15 0 13 21 4 0 0 0 1920 1080 
[ 7123.370816] MESSAGE_B= 0 0 0 28 2 2 192 0 248 179 0 718 1706 2489 1827 1375 1418 1224 1294 227 1071 739 411 423 459 514 539 0 31 110 51 94 131 31 180 3 45 0 0 0 0 0 0 0 0 2 2 772716 421730 330118 457842 304356 498994 465008 319294 719294 472880 371944 719040 763698 336926 659268 468228 629342 1062260 538076 646136 2073600 2073600 1 12 146590 994560 993600 86429 26625 24848 39317 12 15 0 13 20 4 0 0 0 1920 1080 
[ 7123.648795] MESSAGE_B= 0 0 0 29 2 2 192 0 248 179 0 721 1959 2534 1818 1538 1375 1218 1233 265 1126 709 412 451 508 503 472 0 31 120 33 103 144 114 208 26 59 0 0 0 0 0 0 0 0 2 2 225818 440018 330118 457842 304356 498994 465008 319294 719294 472880 371944 719040 763698 336926 659268 468228 629342 1062260 538076 646136 2073600 2073600 1 12 146141 990720 993600 85146 26779 25655 40126 12 15 13 13 17 5 0 0 0 1920 1080 
[ 7123.928064] MESSAGE_B= 0 0 0 31 2 2 192 0 248 179 0 769 2255 2546 1787 1595 1316 1200 1140 355 1085 702 385 451 554 488 357 0 31 142 13 96 139 141 233 28 55 0 0 0 0 0 0 0 0 2 2 836162 513726 330118 457842 304356 498994 465008 319294 719294 472880 371944 719040 763698 336926 659268 468228 629342 1062260 538076 646136 2073600 2073600 1 12 138919 994560 993600 77675 25738 27239 36288 12 15 13 12 16 5 0 0 0 1920 1080 
[ 7124.207782] MESSAGE_B= 0 0 0 31 2 2 192 0 248 179 0 882 2530 2565 1823 1704 1292 1198 1201 476 1016 691 308 524 585 482 308 0 31 145 58 119 133 107 241 27 65 0 0 0 0 0 0 0 0 2 2 262880 521624 330118 457842 304356 498994 465008 319294 719294 472880 371944 719040 763698 336926 659268 468228 629342 1062260 538076 646136 2073600 2073600 1 12 127493 990720 993600 70042 24672 27694 35318 12 15 13 13 17 4 0 0 0 1920 1080 
[ 7124.493637] MESSAGE_B= 0 0 0 32 1 2 192 0 248 179 0 1068 2738 2557 1863 1817 1283 1188 1261 645 927 684 311 623 589 467 289 0 31 132 74 141 136 116 238 24 38 0 0 0 0 0 0 0 0 1 2 756792 501466 330118 457842 304356 498994 465008 319294 719294 472880 371944 719040 763698 336926 659268 468228 629342 1062260 538076 646136 2073600 2073600 3 12 112774 994560 993600 59919 21408 27908 30536 12 15 13 13 17 4 0 0 0 1920 1080 
[ 7124.782796] MESSAGE_B= 0 0 0 31 2 2 192 0 248 179 0 1305 2939 2538 1866 1899 1287 1176 1264 866 742 685 316 666 591 456 205 0 31 104 113 152 184 146 235 13 95 0 0 0 0 0 0 0 0 2 2 350780 593186 330118 457842 304356 498994 465008 319294 719294 472880 371944 719040 763698 336926 659268 468228 629342 1062260 538076 646136 2073600 2073600 1 12 100577 990720 993600 49864 20415 29728 34866 12 11 13 0 17 4 0 0 0 1920 1080 
[ 7125.061788] MESSAGE_B= 0 0 0 29 1 1 192 0 248 179 0 1502 3033 2510 1779 1904 1281 1191 1295 1033 641 671 324 686 588 467 174 0 31 77 166 159 182 158 225 3 174 0 0 0 0 0 0 0 0 1 1 677272 499374 330118 457842 304356 498994 465008 319294 719294 472880 371944 719040 763698 336926 659268 468228 629342 1062260 538076 646136 2073600 2073600 1 12 91628 994560 993600 48798 23666 31375 42831 6 11 13 0 18 4 0 0 0 1920 1080 
[ 7125.341782] MESSAGE_B= 0 0 0 28 1 2 192 0 248 179 0 1702 3139 2494 1643 1880 1285 1238 1274 1153 550 665 392 729 580 484 119 0 31 49 185 181 126 175 207 0 158 0 0 0 0 0 0 0 0 1 2 445030 638860 807310 670264 152892 577880 519844 659594 868830 505660 881142 734566 429850 660872 740586 539742 730478 633922 540810 742854 2073600 2073600 3 6 86583 990720 993600 52204 31952 35005 43340 6 11 13 0 18 4 0 0 0 1920 1080 
[ 7125.500794] MESSAGE_B= 0 0 0 27 1 2 192 0 248 179 0 1813 3177 2464 1621 1859 1280 1242 1258 1197 518 647 460 755 574 443 90 0 31 33 197 184 140 186 190 7 166 0 0 0 0 0 0 0 0 1 2 612010 483862 807310 670264 152892 577880 519844 659594 868830 505660 881142 734566 429850 660872 740586 539742 730478 633922 540810 742854 2073600 2073600 3 6 88335 994560 993600 54945 32541 35960 50224 6 11 13 0 18 4 0 0 0 1920 1080 
[ 7125.778788] MESSAGE_B= 0 0 0 24 1 2 192 0 248 179 0 2083 3211 2429 1616 1844 1275 1248 1242 1152 511 598 509 789 561 371 90 0 31 22 184 202 186 189 173 11 190 0 0 0 0 0 0 0 0 1 2 518984 665420 807310 670264 152892 577880 519844 659594 868830 505660 881142 734566 429850 660872 740586 539742 730478 633922 540810 742854 2073600 2073600 3 6 91363 990720 993600 60341 40450 37122 49519 6 11 13 0 18 4 4 0 0 1920 1080 
[ 7126.075610] MESSAGE_B= 0 0 0 23 1 2 192 0 248 179 0 2386 3233 2336 1544 1844 1255 1250 1178 1025 506 508 564 796 541 299 76 0 31 35 183 207 192 189 171 40 219 0 0 0 0 0 0 0 0 1 2 546052 483334 807310 670264 152892 577880 519844 659594 868830 505660 881142 734566 429850 660872 740586 539742 730478 633922 540810 742854 2073600 2073600 3 6 93790 994560 993600 66523 43904 37158 51777 6 11 13 0 19 5 0 0 0 1920 1080 
