[10207.243783] MESSAGE_B= 0 0 0 15 2 1 192 0 248 179 0 1371 1126 1079 1280 1166 852 738 1167 320 239 297 273 277 320 238 240 0 31 241 198 33 34 170 54 18 188 0 0 0 0 0 0 0 0 2 1 303176 484296 507186 188918 462218 402620 309312 413224 421944 527540 472280 613192 95978 275278 508648 359280 593964 270990 582884 574972 2073600 2073600 2 0 205558 990720 993600 54204 69295 58363 39055 0 0 12 12 32 4 0 0 0 1920 1080 
[10207.521799] MESSAGE_B= 0 0 0 13 2 1 192 0 248 179 0 1304 1224 1124 1237 1116 937 755 1116 306 234 336 264 261 314 251 235 0 31 232 227 69 51 175 32 14 189 0 0 0 0 0 0 0 0 2 1 456060 383318 507186 188918 462218 402620 309312 413224 421944 527540 472280 613192 95978 275278 508648 359280 593964 270990 582884 574972 2073600 2073600 2 0 207437 994560 993600 55781 72008 57794 42305 0 0 12 12 35 4 0 0 0 1920 1080 
[10207.800788] MESSAGE_B= 0 0 0 14 3 1 192 0 248 179 0 1253 1327 1166 1186 1065 1079 808 1044 280 225 310 255 246 307 286 223 0 31 207 233 71 88 180 7 21 194 0 0 0 0 0 0 0 0 3 1 313678 582952 507186 188918 462218 402620 309312 413224 421944 527540 472280 613192 95978 275278 508648 359280 593964 270990 582884 574972 2073600 2073600 2 0 185595 990720 993600 50102 58902 55185 42168 0 0 12 12 39 4 0 0 0 1920 1080 
[10208.080816] MESSAGE_B= 0 4 0 15 3 1 192 0 248 179 0 1212 1394 1205 1123 994 1036 721 948 253 226 336 237 218 284 281 204 0 31 190 238 234 243 182 155 209 207 0 0 0 0 0 0 0 0 3 1 472740 349068 507186 188918 462218 402620 309312 413224 421944 527540 472280 613192 95978 275278 508648 359280 593964 270990 582884 574972 2073600 2073600 2 0 201553 994560 993600 55634 66608 58474 45657 0 0 12 12 39 4 4 4 4 1920 1080 
[10208.363785] MESSAGE_B= 0 0 0 11 2 1 192 0 248 179 0 1185 1407 1195 1128 957 1195 898 914 239 235 309 243 205 348 357 199 0 31 230 236 65 98 188 28 8 213 0 0 0 0 0 0 0 0 2 1 370660 540700 507186 188918 462218 402620 309312 413224 421944 527540 472280 613192 95978 275278 508648 359280 593964 270990 582884 574972 2073600 2073600 2 0 206613 990720 993600 55956 71555 58657 44010 0 0 12 12 38 4 0 0 0 1920 1080 
[10208.646468] MESSAGE_B= 0 0 0 15 3 1 192 0 248 179 0 1189 1348 1187 1213 953 1144 930 991 237 226 329 263 198 342 364 221 0 31 233 237 87 80 190 33 46 217 0 0 0 0 0 0 0 0 3 1 508700 271464 507186 188918 462218 402620 309312 413224 421944 527540 472280 613192 95978 275278 508648 359280 593964 270990 582884 574972 2073600 2073600 2 0 193242 994560 993600 48335 68236 58570 41044 0 0 12 12 35 4 0 0 0 1920 1080 
[10208.931785] MESSAGE_B= 0 0 0 16 2 1 192 0 248 179 0 1163 1235 1162 1274 961 1124 941 1104 226 231 380 286 211 340 393 254 0 31 234 228 103 60 217 9 111 214 0 0 0 0 0 0 0 0 2 1 346514 502616 507186 188918 462218 402620 309312 413224 421944 527540 472280 613192 95978 275278 508648 359280 593964 270990 582884 574972 2073600 2073600 2 0 197833 990720 993600 46650 71003 59267 39466 0 0 12 0 39 4 0 0 0 1920 1080 
[10209.218786] MESSAGE_B= 0 0 0 15 2 1 192 0 248 179 0 1168 1173 1186 1364 964 1125 911 1213 202 204 449 293 227 325 362 269 0 31 216 221 77 42 187 11 12 203 0 0 0 0 0 0 0 0 2 1 470846 228254 507186 188918 462218 402620 309312 413224 421944 527540 472280 613192 95978 275278 508648 359280 593964 270990 582884 574972 2073600 2073600 2 0 177410 994560 993600 41389 59964 60411 36431 0 0 12 0 39 4 0 0 0 1920 1080 
[10209.498792] MESSAGE_B= 0 0 0 15 3 1 192 0 248 179 0 1143 1163 1148 1411 940 1141 866 1275 176 222 432 295 238 326 360 277 0 31 212 195 42 51 181 17 10 201 0 0 0 0 0 0 0 0 3 1 386902 519976 507186 188918 462218 402620 309312 413224 421944 527540 472280 613192 95978 275278 508648 359280 593964 270990 582884 574972 2073600 2073600 2 0 184396 990720 993600 40659 64227 62457 39652 12 0 12 0 33 4 0 0 0 1920 1080 
[10209.778791] MESSAGE_B= 0 0 0 14 3 1 192 0 248 179 0 1145 1156 1123 1465 941 1142 847 1307 168 238 376 311 246 325 360 275 0 31 184 182 30 50 155 0 7 206 0 0 0 0 0 0 0 0 3 1 424042 248922 410690 314226 652642 487584 227632 559760 575046 358016 382126 608384 257726 257770 678672 691018 827608 473848 585364 714830 2073600 2073600 2 0 178936 994560 993600 38452 60955 61181 38827 12 0 12 0 33 4 0 0 0 1920 1080 
[10209.935901] MESSAGE_B= 0 0 0 16 2 2 192 0 248 179 0 1136 1142 1138 1458 932 1147 869 1297 170 242 367 324 245 322 366 266 0 31 178 176 28 48 149 16 13 201 0 0 0 0 0 0 0 0 2 2 339068 551892 410690 314226 652642 487584 227632 559760 575046 358016 382126 608384 257726 257770 678672 691018 827608 473848 585364 714830 2073600 2073600 1 0 174433 990720 993600 38594 57232 58228 38082 12 0 12 0 33 4 0 0 0 1920 1080 
[10210.213810] MESSAGE_B= 0 0 0 18 3 1 192 0 248 179 0 1082 1182 1175 1414 885 1129 829 1251 176 261 405 297 243 314 355 261 0 31 182 152 9 14 147 41 1 196 0 0 0 0 0 0 0 0 3 1 346270 278626 410690 314226 652642 487584 227632 559760 575046 358016 382126 608384 257726 257770 678672 691018 827608 473848 585364 714830 2073600 2073600 2 0 162066 994560 993600 35513 52155 51873 37148 12 0 12 12 36 5 0 0 0 1920 1080 
[10210.491791] MESSAGE_B= 0 0 0 21 3 2 192 0 248 179 0 979 1216 989 1361 824 1063 867 1190 183 261 395 250 250 309 418 254 0 31 167 104 58 2 145 85 76 160 0 0 0 0 0 0 0 0 3 2 272706 540786 410690 314226 652642 487584 227632 559760 575046 358016 382126 608384 257726 257770 678672 691018 827608 473848 585364 714830 2073600 2073600 2 0 169816 990720 993600 39428 56106 53126 40394 12 0 12 0 45 5 0 0 0 1920 1080 
[10210.771798] MESSAGE_B= 0 0 0 23 3 2 192 0 248 179 0 904 1320 1008 1257 706 947 849 1090 186 264 440 269 234 323 360 240 0 31 141 139 33 18 141 87 37 161 0 0 0 0 0 0 0 0 3 2 378820 130650 410690 314226 652642 487584 227632 559760 575046 358016 382126 608384 257726 257770 678672 691018 827608 473848 585364 714830 2073600 2073600 2 12 166538 994560 993600 41275 54812 63786 42987 12 0 12 0 45 5 0 0 0 1920 1080 
[10211.056952] MESSAGE_B= 0 0 0 25 2 2 192 0 248 179 0 831 1347 989 1127 535 1002 857 959 172 201 435 243 196 331 355 216 0 31 164 121 25 50 131 73 4 174 0 0 0 0 0 0 0 0 2 2 276828 484868 410690 314226 652642 487584 227632 559760 575046 358016 382126 608384 257726 257770 678672 691018 827608 473848 585364 714830 2073600 2073600 1 12 177153 990720 993600 38932 49188 69570 40439 12 0 12 0 43 5 0 0 0 1920 1080 
[10211.336564] MESSAGE_B= 0 0 0 23 2 3 192 0 248 179 0 899 1357 912 941 460 926 870 771 239 232 415 233 199 319 364 201 0 31 159 21 45 51 189 85 33 210 0 0 0 0 0 0 0 0 2 3 399926 232462 410690 314226 652642 487584 227632 559760 575046 358016 382126 608384 257726 257770 678672 691018 827608 473848 585364 714830 2073600 2073600 3 12 193823 994560 993600 33209 53428 77670 46378 11 0 12 0 49 5 0 0 0 1920 1080 
[10211.613800] MESSAGE_B= 0 0 0 22 3 2 192 0 248 179 0 936 1315 1091 803 474 705 883 677 274 220 485 265 224 204 249 198 0 31 150 29 204 160 173 59 170 226 0 0 0 0 0 0 0 0 3 2 390238 516172 410690 314226 652642 487584 227632 559760 575046 358016 382126 608384 257726 257770 678672 691018 827608 473848 585364 714830 2073600 2073600 2 12 193975 990720 993600 44070 48660 80662 46094 11 0 12 12 58 5 0 0 0 1920 1080 
[10211.771800] MESSAGE_B= 0 0 0 18 4 2 192 0 248 179 0 965 1220 1340 759 472 733 1007 603 256 197 555 304 215 216 264 182 0 31 164 43 206 146 152 48 187 206 0 0 0 0 0 0 0 0 4 2 352788 185826 410690 314226 652642 487584 227632 559760 575046 358016 382126 608384 257726 257770 678672 691018 827608 473848 585364 714830 2073600 2073600 2 12 186835 994560 993600 48969 49484 78544 44914 11 0 12 12 58 5 0 0 0 1920 1080 
[10212.049790] MESSAGE_B= 0 0 0 18 4 2 192 0 248 179 0 1038 1218 1688 641 626 652 1220 444 264 257 532 268 241 209 270 158 0 31 188 166 197 163 141 145 178 191 0 0 0 0 0 0 0 0 4 2 321118 591852 568340 195770 250428 423520 286166 542276 365426 316350 585354 350168 251794 382696 452488 492086 668806 628456 471710 407592 2073600 2073600 2 12 177554 990720 993600 53582 41998 67718 49466 11 0 12 12 58 4 0 0 0 1920 1080 
[10212.327791] MESSAGE_B= 0 0 0 20 5 2 192 0 248 179 0 1138 1101 1891 526 900 581 1294 358 247 340 483 231 274 171 285 138 0 31 176 175 204 163 144 71 151 202 0 0 0 0 0 0 0 0 5 2 299310 237380 568340 195770 250428 423520 286166 542276 365426 316350 585354 350168 251794 382696 452488 492086 668806 628456 471710 407592 2073600 2073600 2 12 189552 994560 993600 49291 50301 60692 62005 11 12 12 12 54 4 0 0 0 1920 1080 
[10212.606803] MESSAGE_B= 0 0 0 19 4 2 192 0 248 179 0 1306 1075 1798 481 1119 566 1214 349 259 302 382 222 294 189 266 122 0 31 177 145 208 169 134 106 148 192 0 0 0 0 0 0 0 0 4 2 245972 597408 568340 195770 250428 423520 286166 542276 365426 316350 585354 350168 251794 382696 452488 492086 668806 628456 471710 407592 2073600 2073600 2 12 183898 990720 993600 48037 54968 51676 64797 11 12 12 12 54 4 0 0 0 1920 1080 
[10212.888811] MESSAGE_B= 0 0 0 21 5 2 192 0 248 179 0 1488 1079 1738 481 1322 633 1046 392 244 266 319 190 305 251 289 108 0 31 230 104 200 175 128 119 127 161 0 0 0 0 0 0 0 0 5 2 493378 278228 568340 195770 250428 423520 286166 542276 365426 316350 585354 350168 251794 382696 452488 492086 668806 628456 471710 407592 2073600 2073600 2 12 171398 994560 993600 42382 54429 51348 67756 11 12 0 12 55 4 0 0 0 1920 1080 
[10213.167802] MESSAGE_B= 0 0 0 21 4 2 192 0 248 179 0 1664 1088 1624 689 1474 583 866 574 261 261 350 127 321 259 263 140 0 31 188 83 159 174 169 64 145 174 0 0 0 0 0 0 0 0 4 2 299496 491982 568340 195770 250428 423520 286166 542276 365426 316350 585354 350168 251794 382696 452488 492086 668806 628456 471710 407592 2073600 2073600 2 12 158516 990720 993600 38591 47684 59424 63621 0 12 0 12 55 4 0 0 0 1920 1080 
[10213.446797] MESSAGE_B= 0 0 0 25 3 2 192 0 248 179 0 433 1188 1958 1546 426 769 1810 1355 86 217 281 542 61 292 524 562 0 31 117 83 89 221 21 64 16 218 0 0 0 0 0 0 0 0 3 2 431352 361726 568340 195770 250428 423520 286166 542276 365426 316350 585354 350168 251794 382696 452488 492086 668806 628456 471710 407592 2073600 2073600 2 12 170126 994560 993600 62287 73576 79249 55771 12 0 12 0 203 4 0 0 0 1920 1080 
[10213.733050] MESSAGE_B= 0 0 0 31 4 1 192 0 248 179 0 457 1221 2009 1437 442 906 1831 1227 87 215 311 457 65 377 494 452 0 31 138 146 151 131 20 91 5 223 0 0 0 0 0 0 0 0 4 1 403554 563588 568340 195770 250428 423520 286166 542276 365426 316350 585354 350168 251794 382696 452488 492086 668806 628456 471710 407592 2073600 2073600 2 12 166037 990720 993600 57692 73386 74997 50972 12 0 12 0 203 4 0 0 0 1920 1080 
[10214.017822] MESSAGE_B= 0 0 0 35 1 1 192 0 248 179 0 484 1142 1974 1465 472 929 1737 1021 84 207 306 421 76 421 435 389 0 31 148 180 167 147 30 42 10 184 0 0 0 0 0 0 0 0 1 1 528486 407558 568340 195770 250428 423520 286166 542276 365426 316350 585354 350168 251794 382696 452488 492086 668806 628456 471710 407592 2073600 2073600 1 0 178015 994560 993600 55572 77112 71338 52070 12 0 12 0 53 4 0 0 0 1920 1080 
[10214.179778] MESSAGE_B= 0 0 0 36 1 1 192 0 248 179 0 498 1051 1921 1506 485 879 1519 967 88 192 293 397 75 407 380 396 0 31 168 185 161 129 19 85 15 179 0 0 0 0 0 0 0 0 1 1 567000 353840 568340 195770 250428 423520 286166 542276 365426 316350 585354 350168 251794 382696 452488 492086 668806 628456 471710 407592 2073600 2073600 1 0 176012 990720 993600 55935 77007 71062 46252 12 0 12 0 47 4 0 0 0 1920 1080 
[10214.459790] MESSAGE_B= 0 0 0 35 1 1 192 0 248 179 0 541 908 1860 1558 529 812 1494 966 94 189 281 370 77 394 427 426 0 31 163 171 149 86 27 66 53 152 0 0 0 0 0 0 0 0 1 1 613312 386170 645830 181694 318814 518864 583572 658800 299738 449586 579096 855790 281196 389714 678636 728268 689922 709418 593130 838198 2073600 2073600 1 0 179716 994560 993600 54388 76681 66444 47689 12 0 12 0 42 4 0 0 0 1920 1080 
[10214.747796] MESSAGE_B= 0 0 0 34 1 1 192 0 248 179 0 554 910 1839 1545 545 760 1468 927 105 206 288 360 84 372 459 423 0 31 157 155 163 65 24 41 70 134 0 0 0 0 0 0 0 0 1 1 518768 366254 645830 181694 318814 518864 583572 658800 299738 449586 579096 855790 281196 389714 678636 728268 689922 709418 593130 838198 2073600 2073600 1 0 186724 990720 993600 52564 76399 64935 50516 12 0 12 0 39 4 0 0 0 1920 1080 
[10215.026783] MESSAGE_B= 0 0 0 34 2 1 192 0 248 179 0 551 1037 1887 1510 542 828 1569 866 102 266 299 337 89 417 446 360 0 31 157 165 187 80 25 54 38 123 0 0 0 0 0 0 0 0 2 1 700268 353470 645830 181694 318814 518864 583572 658800 299738 449586 579096 855790 281196 389714 678636 728268 689922 709418 593130 838198 2073600 2073600 2 0 202265 994560 993600 50686 77452 63477 55535 12 0 12 0 40 4 0 0 0 1920 1080 
[10215.305794] MESSAGE_B= 0 0 0 35 1 1 192 0 248 179 0 563 1060 2034 1490 564 949 1690 944 110 266 325 333 122 376 523 276 0 31 165 151 218 76 43 75 10 83 0 0 0 0 0 0 0 0 1 1 509608 406340 645830 181694 318814 518864 583572 658800 299738 449586 579096 855790 281196 389714 678636 728268 689922 709418 593130 838198 2073600 2073600 1 0 204505 990720 993600 48487 80035 55662 53720 12 0 12 0 47 4 0 0 0 1920 1080 
[10215.585602] MESSAGE_B= 0 0 0 32 1 1 192 0 248 179 0 596 1052 2115 1488 569 957 1712 1154 137 279 356 334 142 375 563 256 0 31 151 197 222 85 108 58 47 44 0 0 0 0 0 0 0 0 1 1 646200 358186 645830 181694 318814 518864 583572 658800 299738 449586 579096 855790 281196 389714 678636 728268 689922 709418 593130 838198 2073600 2073600 1 0 216410 994560 993600 46619 78525 56492 56701 12 0 12 0 49 4 0 0 0 1920 1080 
[10215.864516] MESSAGE_B= 0 0 0 32 4 1 192 0 248 179 0 629 1005 2169 1471 590 954 1724 1215 154 269 377 314 149 403 577 243 0 31 156 176 221 83 110 76 73 35 0 0 0 0 0 0 0 0 4 1 514688 376336 645830 181694 318814 518864 583572 658800 299738 449586 579096 855790 281196 389714 678636 728268 689922 709418 593130 838198 2073600 2073600 2 0 217867 990720 993600 42970 75469 54108 58099 12 0 12 0 49 4 0 0 0 1920 1080 
[10216.147001] MESSAGE_B= 0 0 0 32 1 1 192 0 248 179 0 636 985 2208 1450 595 953 1716 1222 158 261 386 305 138 433 576 227 0 31 164 152 218 82 108 74 107 1 0 0 0 0 0 0 0 0 1 1 697184 339270 645830 181694 318814 518864 583572 658800 299738 449586 579096 855790 281196 389714 678636 728268 689922 709418 593130 838198 2073600 2073600 1 0 210953 994560 993600 41688 76271 55806 57481 12 0 12 0 37 4 0 0 0 1920 1080 
[10216.307797] MESSAGE_B= 0 0 0 30 1 1 192 0 248 179 0 630 996 2195 1458 609 905 1700 1231 149 272 371 305 134 448 574 235 0 31 169 134 210 69 93 50 111 1 0 0 0 0 0 0 0 0 1 1 574504 376920 645830 181694 318814 518864 583572 658800 299738 449586 579096 855790 281196 389714 678636 728268 689922 709418 593130 838198 2073600 2073600 1 0 207345 990720 993600 42206 76170 57454 57028 12 0 12 0 37 4 0 0 0 1920 1080 
[10216.586794] MESSAGE_B= 0 0 0 29 2 1 192 0 248 179 0 605 982 2144 1468 609 811 1692 1218 132 293 343 303 126 471 566 249 0 31 164 115 209 75 68 78 96 21 0 0 0 0 0 0 0 0 2 1 718616 357162 645830 181694 318814 518864 583572 658800 299738 449586 579096 855790 281196 389714 678636 728268 689922 709418 593130 838198 2073600 2073600 2 0 214985 994560 993600 46243 77851 62275 55663 12 0 12 0 39 4 0 0 0 1920 1080 
[10216.867786] MESSAGE_B= 0 0 0 27 2 1 192 0 248 179 0 1194 1871 1768 940 775 1017 1269 717 245 286 458 181 251 423 601 264 0 31 154 184 249 230 56 138 185 91 0 0 0 0 0 0 0 0 2 1 608984 366584 544462 203774 308428 600936 496048 426348 446090 391102 493342 1082434 814358 1059574 775604 738520 1135342 633650 639910 1110644 2073600 2073600 2 0 174440 990720 993600 49609 62950 44590 41423 0 0 12 12 39 4 4 0 0 1920 1080 
[10217.145789] MESSAGE_B= 0 7 0 51 2 1 192 0 248 179 0 1149 1818 1835 928 739 935 1180 678 230 292 396 189 240 440 607 258 0 31 101 182 244 231 45 116 168 73 0 0 0 0 0 0 0 0 2 1 552800 336308 544462 203774 308428 600936 496048 426348 446090 391102 493342 1082434 814358 1059574 775604 738520 1135342 633650 639910 1110644 2073600 2073600 2 0 172363 994560 993600 49190 63421 51029 47176 0 0 12 12 41 4 4 20 20 1920 1080 
[10217.425790] MESSAGE_B= 0 0 0 52 2 1 192 0 248 179 0 1160 1741 1852 940 727 893 1303 663 208 296 408 201 249 386 678 244 0 31 114 189 234 229 63 91 146 70 0 0 0 0 0 0 0 0 2 1 549160 561728 544462 203774 308428 600936 496048 426348 446090 391102 493342 1082434 814358 1059574 775604 738520 1135342 633650 639910 1110644 2073600 2073600 2 0 164587 990720 993600 47504 61063 51204 43897 0 0 12 12 41 4 4 0 0 1920 1080 
[10217.708812] MESSAGE_B= 0 0 0 52 2 1 192 0 248 179 0 1160 1675 1954 931 723 975 1413 686 206 282 467 205 263 373 674 251 0 31 117 188 242 226 58 67 170 65 0 0 0 0 0 0 0 0 2 1 571348 337470 544462 203774 308428 600936 496048 426348 446090 391102 493342 1082434 814358 1059574 775604 738520 1135342 633650 639910 1110644 2073600 2073600 2 0 180004 994560 993600 51156 65684 51880 41670 0 0 12 11 37 4 4 0 0 1920 1080 
[10217.990793] MESSAGE_B= 0 0 0 59 1 1 192 0 248 179 0 1148 1663 1944 928 777 1174 1602 757 210 280 509 212 263 375 642 287 0 31 96 188 226 182 62 15 163 60 0 0 0 0 0 0 0 0 1 1 508330 570664 544462 203774 308428 600936 496048 426348 446090 391102 493342 1082434 814358 1059574 775604 738520 1135342 633650 639910 1110644 2073600 2073600 1 0 187932 990720 993600 53270 68911 49457 41579 0 0 12 11 35 4 0 0 0 1920 1080 
[10218.268793] MESSAGE_B= 0 0 0 55 1 1 192 0 248 179 0 1244 1543 1996 954 768 1081 1591 787 188 309 527 235 267 352 653 313 0 31 118 184 232 174 103 6 160 73 0 0 0 0 0 0 0 0 1 1 539762 341822 544462 203774 308428 600936 496048 426348 446090 391102 493342 1082434 814358 1059574 775604 738520 1135342 633650 639910 1110644 2073600 2073600 1 0 177883 994560 993600 51941 66682 50436 45579 0 0 12 11 35 4 0 0 0 1920 1080 
[10218.547785] MESSAGE_B= 0 0 0 54 1 1 192 0 248 179 0 1259 1495 2054 954 751 1049 1557 767 181 317 535 233 262 355 644 310 0 31 117 177 235 167 108 9 191 77 0 0 0 0 0 0 0 0 1 1 439736 503502 544462 203774 308428 600936 496048 426348 446090 391102 493342 1082434 814358 1059574 775604 738520 1135342 633650 639910 1110644 2073600 2073600 1 0 181361 990720 993600 52211 68793 52715 40920 0 0 12 11 30 4 0 0 0 1920 1080 
[10218.828795] MESSAGE_B= 0 0 0 56 1 1 192 0 248 179 0 1235 1506 2050 941 788 1046 1545 723 181 314 533 229 250 364 642 298 0 31 120 178 235 167 103 10 198 70 0 0 0 0 0 0 0 0 1 1 566498 358226 544462 203774 308428 600936 496048 426348 446090 391102 493342 1082434 814358 1059574 775604 738520 1135342 633650 639910 1110644 2073600 2073600 1 0 181703 994560 993600 52406 70015 49605 40733 0 0 12 11 24 4 0 0 0 1920 1080 
[10219.115664] MESSAGE_B= 0 0 0 56 1 1 192 0 248 179 0 1186 1582 2037 941 812 1163 1516 709 187 303 517 216 247 382 633 284 0 31 106 190 228 184 101 35 196 61 0 0 0 0 0 0 0 0 1 1 452248 520528 544462 203774 308428 600936 496048 426348 446090 391102 493342 1082434 814358 1059574 775604 738520 1135342 633650 639910 1110644 2073600 2073600 1 0 182357 990720 993600 52785 66856 45530 42380 0 0 12 11 26 4 0 0 0 1920 1080 
[10219.272994] MESSAGE_B= 0 0 0 57 1 1 192 0 248 179 0 1161 1614 2018 928 792 1185 1532 683 199 303 505 208 252 375 641 264 0 31 97 191 231 176 94 43 195 45 0 0 0 0 0 0 0 0 1 1 546626 337500 650998 421942 291428 774832 527196 570698 533494 401958 624368 704176 795920 1034676 785292 848850 646836 897880 1289964 651230 2073600 2073600 1 0 181657 994560 993600 52858 67053 45242 42418 0 0 12 11 31 4 0 0 0 1920 1080 
[10219.552800] MESSAGE_B= 0 7 0 58 0 1 192 0 248 179 0 1134 1652 1911 922 740 1196 1442 604 205 309 436 205 260 380 625 229 0 31 74 194 229 187 91 50 175 52 0 0 0 0 0 0 0 0 0 1 477754 513648 650998 421942 291428 774832 527196 570698 533494 401958 624368 704176 795920 1034676 785292 848850 646836 897880 1289964 651230 2073600 2073600 3 0 179708 990720 993600 51357 67920 47306 48484 0 0 12 12 32 4 4 20 20 1920 1080 
[10219.831793] MESSAGE_B= 0 0 0 59 1 1 192 0 248 179 0 1083 1684 1818 915 674 1151 1385 578 201 310 409 202 242 414 586 231 0 31 19 200 226 185 71 48 162 49 0 0 0 0 0 0 0 0 1 1 539446 318128 650998 421942 291428 774832 527196 570698 533494 401958 624368 704176 795920 1034676 785292 848850 646836 897880 1289964 651230 2073600 2073600 1 0 180491 994560 993600 50564 72415 51900 52310 0 0 12 12 32 4 0 0 0 1920 1080 
[10220.109799] MESSAGE_B= 0 0 0 59 1 1 192 0 248 179 0 1041 1714 1824 937 629 1106 1369 583 190 301 396 209 208 420 594 233 0 31 14 206 229 187 34 28 159 41 0 0 0 0 0 0 0 0 1 1 559508 538414 650998 421942 291428 774832 527196 570698 533494 401958 624368 704176 795920 1034676 785292 848850 646836 897880 1289964 651230 2073600 2073600 1 0 173706 990720 993600 48488 71834 55939 52328 0 0 12 12 30 4 0 0 0 1920 1080 
[10220.395577] MESSAGE_B= 0 7 0 57 2 1 192 0 248 179 0 1007 1718 1933 942 635 1007 1336 589 193 287 427 208 201 389 644 227 0 31 29 204 237 235 29 62 171 35 0 0 0 0 0 0 0 0 2 1 511878 370902 650998 421942 291428 774832 527196 570698 533494 401958 624368 704176 795920 1034676 785292 848850 646836 897880 1289964 651230 2073600 2073600 2 0 180355 994560 993600 50060 71936 56126 49681 0 0 12 12 31 4 4 20 20 1920 1080 
[10220.675799] MESSAGE_B= 0 0 0 29 3 1 192 0 248 179 0 595 856 1513 1264 531 704 1606 717 188 288 270 355 210 312 633 302 0 31 93 6 230 97 22 57 89 64 0 0 0 2 0 0 2 0 3 1 576570 525070 650998 421942 291428 774832 527196 570698 533494 401958 624368 704176 795920 1034676 785292 848850 646836 897880 1289964 651230 2073600 2073600 2 0 217511 990720 993600 40975 68180 52803 63037 0 0 12 0 31 4 0 0 0 1920 1080 
[10220.961128] MESSAGE_B= 0 0 0 29 3 1 192 0 248 179 0 601 812 1509 1239 524 695 1573 695 199 294 269 377 214 322 651 288 0 0 77 50 229 138 30 61 79 20 0 0 0 2 0 0 2 0 3 1 761484 371708 650998 421942 291428 774832 527196 570698 533494 401958 624368 704176 795920 1034676 785292 848850 646836 897880 1289964 651230 2073600 2073600 2 0 228232 994560 993600 45429 69566 54775 65754 0 0 12 0 22 4 0 0 0 1920 1080 
[10221.118792] MESSAGE_B= 0 0 0 29 3 1 192 0 248 179 0 593 813 1506 1267 517 684 1562 699 195 292 252 372 208 331 643 299 0 0 86 26 229 139 16 69 105 2 0 0 0 2 0 0 2 0 3 1 680064 404180 650998 421942 291428 774832 527196 570698 533494 401958 624368 704176 795920 1034676 785292 848850 646836 897880 1289964 651230 2073600 2073600 2 0 228975 990720 993600 46430 69242 54349 65850 0 0 12 0 17 4 0 0 0 1920 1080 
[10221.397791] MESSAGE_B= 0 0 0 28 2 1 192 0 248 179 0 574 824 1482 1304 514 685 1561 732 184 279 254 331 195 323 626 346 0 0 107 1 228 159 8 68 119 35 0 0 0 2 0 0 2 0 2 1 763446 428338 650998 421942 291428 774832 527196 570698 533494 401958 624368 704176 795920 1034676 785292 848850 646836 897880 1289964 651230 2073600 2073600 2 0 227005 994560 993600 45713 68154 54319 66209 0 0 12 0 21 4 0 0 0 1920 1080 
[10221.677794] MESSAGE_B= 0 0 0 28 3 1 192 0 248 179 0 565 825 1463 1299 533 672 1590 748 181 280 257 335 200 316 615 342 0 0 111 1 225 187 25 103 135 21 0 0 0 2 0 0 2 0 3 1 696548 414916 519960 389474 328954 686630 496642 710708 412108 365752 433562 1196994 635302 1125956 821812 974858 1326192 589180 628092 1215062 2073600 2073600 2 0 222723 990720 993600 44113 68622 53340 63813 0 0 12 0 21 4 0 0 0 1920 1080 
[10221.957794] MESSAGE_B= 0 0 0 42 1 2 192 0 248 179 0 1148 1661 2121 1047 764 1033 1570 733 175 301 510 254 214 441 575 323 0 31 88 201 249 228 88 87 208 57 0 0 0 0 0 0 0 0 1 2 763306 418756 519960 389474 328954 686630 496642 710708 412108 365752 433562 1196994 635302 1125956 821812 974858 1326192 589180 628092 1215062 2073600 2073600 3 0 190989 994560 993600 53965 72099 49467 43903 0 0 12 11 24 4 4 0 0 1920 1080 
[10222.245495] MESSAGE_B= 0 0 0 45 1 1 192 0 248 179 0 1177 1607 2137 1035 773 1004 1548 703 164 323 512 237 210 431 606 299 0 31 102 200 248 222 110 83 213 38 0 0 0 0 0 0 0 0 1 1 404110 402522 519960 389474 328954 686630 496642 710708 412108 365752 433562 1196994 635302 1125956 821812 974858 1326192 589180 628092 1215062 2073600 2073600 1 0 188736 990720 993600 54602 71164 50413 45760 0 0 12 11 25 4 4 0 0 1920 1080 
[10222.529645] MESSAGE_B= 0 0 0 48 1 1 192 0 248 179 0 1189 1569 2068 1020 776 951 1519 670 155 338 487 224 206 405 648 272 0 31 104 198 242 219 102 75 215 36 0 0 0 0 0 0 0 0 1 1 481722 340550 519960 389474 328954 686630 496642 710708 412108 365752 433562 1196994 635302 1125956 821812 974858 1326192 589180 628092 1215062 2073600 2073600 1 0 188724 994560 993600 54304 71184 52226 43567 0 0 12 11 25 4 0 0 0 1920 1080 
[10222.810790] MESSAGE_B= 0 0 0 52 1 1 192 0 248 179 0 1194 1566 2051 1013 782 895 1481 651 158 336 482 215 198 366 686 241 0 31 103 191 238 220 97 63 212 22 0 0 0 0 0 0 0 0 1 1 453332 526986 519960 389474 328954 686630 496642 710708 412108 365752 433562 1196994 635302 1125956 821812 974858 1326192 589180 628092 1215062 2073600 2073600 1 0 183251 990720 993600 53524 69730 51659 45870 0 0 12 11 24 4 0 0 0 1920 1080 
[10223.090796] MESSAGE_B= 0 0 0 53 1 1 192 0 248 179 0 1172 1584 2022 1004 786 889 1465 647 159 317 473 213 203 351 681 237 0 31 79 200 239 219 92 37 209 29 0 0 0 0 0 0 0 0 1 1 465698 333036 519960 389474 328954 686630 496642 710708 412108 365752 433562 1196994 635302 1125956 821812 974858 1326192 589180 628092 1215062 2073600 2073600 1 0 188905 994560 993600 54607 71545 51590 42992 0 0 12 11 23 4 4 0 0 1920 1080 
[10223.249049] MESSAGE_B= 0 0 0 52 1 1 192 0 248 179 0 1149 1627 2040 1008 801 900 1469 652 173 298 482 215 205 342 676 238 0 31 59 205 241 220 78 10 207 25 0 0 0 0 0 0 0 0 1 1 467996 534966 519960 389474 328954 686630 496642 710708 412108 365752 433562 1196994 635302 1125956 821812 974858 1326192 589180 628092 1215062 2073600 2073600 1 0 185202 990720 993600 53755 70249 50639 44332 0 0 12 11 16 4 4 0 0 1920 1080 
[10223.527785] MESSAGE_B= 0 0 0 51 1 1 192 0 248 179 0 1106 1670 2038 1010 800 914 1476 658 185 286 480 214 203 359 655 247 0 31 45 203 242 225 65 24 208 30 0 0 0 0 0 0 0 0 1 1 454386 334766 519960 389474 328954 686630 496642 710708 412108 365752 433562 1196994 635302 1125956 821812 974858 1326192 589180 628092 1215062 2073600 2073600 1 0 187758 994560 993600 54613 70658 50576 44492 0 0 12 11 19 4 4 0 0 1920 1080 
[10223.807086] MESSAGE_B= 0 0 0 50 1 1 192 0 248 179 0 1073 1736 2061 1016 794 960 1483 662 191 287 488 219 200 369 638 256 0 31 30 208 243 224 66 49 210 31 0 0 0 0 0 0 0 0 1 1 459588 514820 519960 389474 328954 686630 496642 710708 412108 365752 433562 1196994 635302 1125956 821812 974858 1326192 589180 628092 1215062 2073600 2073600 1 0 188536 990720 993600 54359 70878 48764 44166 0 0 12 11 19 4 4 0 0 1920 1080 
[10224.087809] MESSAGE_B= 0 0 0 48 0 1 192 0 248 179 0 1038 1765 2062 1017 773 947 1453 664 196 283 488 225 199 392 641 260 0 31 17 208 248 224 47 57 209 38 0 0 0 0 0 0 0 0 0 1 445376 334228 700250 277988 296350 687154 515134 677326 481802 378778 651186 665876 639346 1308634 783038 862778 653454 852960 1367268 563888 2073600 2073600 3 0 194644 994560 993600 55773 71430 50042 43034 0 0 12 11 16 4 4 0 0 1920 1080 
[10224.371817] MESSAGE_B= 0 0 0 49 2 1 192 0 248 179 0 562 830 1388 1343 521 546 1601 848 181 274 344 363 175 272 753 343 0 0 94 31 212 189 77 113 104 20 0 2 2 2 2 0 2 0 2 1 449716 506948 700250 277988 296350 687154 515134 677326 481802 378778 651186 665876 639346 1308634 783038 862778 653454 852960 1367268 563888 2073600 2073600 2 0 226228 990720 993600 43248 67454 54573 65648 0 0 12 0 21 0 0 0 0 1920 1080 
[10224.650454] MESSAGE_B= 0 0 0 19 1 1 192 0 248 179 0 677 986 2016 1633 709 622 1627 1433 175 277 369 249 144 357 691 301 0 31 165 172 231 218 126 71 105 103 0 0 0 0 0 0 0 0 1 1 743620 340284 700250 277988 296350 687154 515134 677326 481802 378778 651186 665876 639346 1308634 783038 862778 653454 852960 1367268 563888 2073600 2073600 1 0 168221 994560 993600 50855 54214 54565 53731 11 0 12 11 21 4 0 0 0 1920 1080 
[10224.817812] MESSAGE_B= 0 0 0 18 1 1 192 0 248 179 0 569 849 1321 1403 523 552 1547 892 184 283 308 339 187 283 700 401 0 0 89 53 231 190 68 110 172 12 0 0 2 2 2 0 2 0 1 1 725498 419582 700250 277988 296350 687154 515134 677326 481802 378778 651186 665876 639346 1308634 783038 862778 653454 852960 1367268 563888 2073600 2073600 1 0 225828 990720 993600 44618 67376 53298 64050 0 0 12 0 24 0 0 0 0 1920 1080 
[10225.098801] MESSAGE_B= 0 0 0 20 1 1 192 0 248 179 0 678 967 1975 1628 755 792 1664 1440 184 275 367 245 144 332 676 311 0 31 167 157 210 152 119 91 100 104 0 0 0 0 0 0 0 0 1 1 739996 418538 700250 277988 296350 687154 515134 677326 481802 378778 651186 665876 639346 1308634 783038 862778 653454 852960 1367268 563888 2073600 2073600 1 0 179269 994560 993600 48383 57376 49095 49712 11 0 12 11 24 4 0 0 0 1920 1080 
[10225.396417] MESSAGE_B= 0 0 0 24 1 1 192 0 248 179 0 609 853 1336 1436 778 801 1597 889 209 301 296 315 448 388 715 434 0 0 53 23 44 66 8 140 161 11 0 0 2 2 2 0 2 0 1 1 684980 416690 700250 277988 296350 687154 515134 677326 481802 378778 651186 665876 639346 1308634 783038 862778 653454 852960 1367268 563888 2073600 2073600 1 0 230756 990720 993600 46942 67275 51104 65435 0 0 0 0 22 0 0 0 0 1920 1080 
[10225.681788] MESSAGE_B= 0 0 0 24 1 1 192 0 248 179 0 690 976 1986 1634 781 883 1673 1446 185 277 374 242 158 442 674 315 0 31 168 155 178 105 94 96 100 106 0 0 0 0 0 0 0 0 1 1 742746 432220 700250 277988 296350 687154 515134 677326 481802 378778 651186 665876 639346 1308634 783038 862778 653454 852960 1367268 563888 2073600 2073600 1 0 177481 994560 993600 50162 56023 46855 49694 11 0 12 0 17 4 0 0 0 1920 1080 
