[ 8083.393788] MESSAGE_B= 0 0 0 123 2 2 192 0 248 179 0 1414 1256 1568 1705 1275 1541 1121 1122 160 135 75 197 292 123 198 174 0 12 138 9 132 164 40 174 220 161 0 0 0 0 2 2 2 2 2 2 364402 579774 2 55846 5398 2 2 2 54222 95452 2 2 3286 9394 2 2 2 10328 4826 2 2073600 2073600 1 12 264160 994560 993600 66964 41487 84580 71129 12 12 12 12 66 4 0 0 0 1920 1080 
[ 8083.670807] MESSAGE_B= 0 0 0 144 1 2 192 0 248 179 0 1366 1230 1568 1711 1383 1473 1156 1148 210 99 64 170 320 97 192 217 0 12 190 75 102 29 75 84 109 62 0 0 0 2 2 2 2 2 1 2 288568 573644 2 55846 5398 2 2 2 54222 95452 2 2 3286 9394 2 2 2 10328 4826 2 2073600 2073600 3 12 256217 990720 993600 65761 41806 81240 67410 12 12 12 12 66 4 0 0 0 1920 1080 
[ 8083.946784] MESSAGE_B= 0 0 0 142 1 2 192 0 248 179 0 1376 1230 1595 1806 1418 1409 1210 1218 233 113 78 199 329 96 194 265 0 12 172 107 99 34 105 91 106 169 0 0 2 2 2 2 2 2 1 2 350892 636102 539982 55846 5398 2 2 2 235248 482514 605686 323716 3286 9394 2 2 222458 236278 277356 342312 2073600 2073600 3 12 258672 994560 993600 64692 45820 80326 67834 12 12 12 12 64 0 0 0 0 1920 1080 
[ 8084.223793] MESSAGE_B= 0 0 0 145 1 2 192 0 248 179 0 1895 1594 1734 1820 2002 1500 1489 1580 166 112 69 124 206 117 140 384 0 12 123 134 29 16 110 113 137 55 0 0 2 2 2 2 2 2 1 2 252886 503660 539982 55846 5398 2 2 2 235248 482514 605686 323716 3286 9394 2 2 222458 236278 277356 342312 2073600 2073600 3 12 246546 990720 993600 57642 49775 76507 65714 12 17 12 12 65 0 0 0 0 1920 1080 
[ 8084.378795] MESSAGE_B= 0 0 0 180 1 2 192 0 248 179 0 2424 1778 1813 1749 2341 1586 1632 1720 138 125 69 95 232 128 100 440 0 12 16 52 43 23 149 112 62 3 0 0 0 2 2 2 2 2 1 2 305840 592188 539982 55846 5398 2 2 2 235248 482514 605686 323716 3286 9394 2 2 222458 236278 277356 342312 2073600 2073600 3 12 221913 994560 993600 49075 49965 63641 64191 12 17 12 12 74 4 0 0 0 1920 1080 
[ 8084.664797] MESSAGE_B= 0 0 0 187 2 2 192 0 248 179 0 2310 2177 1544 1656 2345 1939 1381 1800 141 105 142 138 203 75 147 499 0 31 86 55 50 4 3 0 182 97 0 0 0 0 2 2 2 2 2 2 303756 609864 539982 55846 5398 2 2 2 235248 482514 605686 323716 3286 9394 2 2 222458 236278 277356 342312 2073600 2073600 1 12 216843 990720 993600 48021 46784 43867 78171 12 12 12 12 118 4 0 0 0 1920 1080 
[ 8084.941779] MESSAGE_B= 0 0 0 201 2 1 192 0 248 179 0 2065 2354 1555 1252 2266 2228 1773 1950 307 218 186 181 217 134 153 311 0 12 6 165 122 29 92 54 15 101 0 0 2 2 2 2 2 2 2 1 287660 548808 539982 55846 5398 2 2 2 235248 482514 605686 323716 3286 9394 2 2 222458 236278 277356 342312 2073600 2073600 2 12 240076 994560 993600 43018 76119 46959 85196 20 12 20 12 149 0 0 0 0 1920 1080 
[ 8085.222785] MESSAGE_B= 0 0 0 189 1 1 192 0 248 179 0 2189 2071 2101 1899 1709 1770 1600 2048 184 221 237 400 321 75 130 179 0 12 114 156 81 118 55 75 3 146 0 0 0 2 2 2 2 2 1 1 495926 474938 539982 55846 5398 2 2 2 235248 482514 605686 323716 3286 9394 2 2 222458 236278 277356 342312 2073600 2073600 1 12 244503 990720 993600 55203 54461 49866 84973 12 12 12 12 149 4 0 0 0 1920 1080 
[ 8085.498782] MESSAGE_B= 0 0 0 193 2 2 192 0 248 179 0 2509 2167 1853 2078 2467 1908 1911 2428 202 203 109 151 134 72 369 224 0 31 109 88 52 15 27 76 72 47 0 0 0 0 2 2 2 2 2 2 225532 508466 539982 55846 5398 2 2 2 235248 482514 605686 323716 3286 9394 2 2 222458 236278 277356 342312 2073600 2073600 1 12 181800 994560 993600 52434 44658 39375 61705 20 12 17 12 149 4 0 0 0 1920 1080 
[ 8085.657990] MESSAGE_B= 0 0 0 220 2 2 192 0 248 179 0 2357 2589 1969 1737 2012 2547 1940 2433 351 147 152 206 387 112 324 419 0 21 102 58 59 147 21 99 79 130 0 0 0 0 2 2 2 2 2 2 405476 516420 539982 55846 5398 2 2 2 235248 482514 605686 323716 3286 9394 2 2 222458 236278 277356 342312 2073600 2073600 1 12 183156 990720 993600 67801 46878 52461 60968 21 12 20 12 149 4 0 0 0 1920 1080 
[ 8085.938819] MESSAGE_B= 0 7 0 207 1 1 192 0 248 179 0 852 1498 1593 1870 618 1045 1239 1773 576 863 923 1072 584 654 739 1073 0 31 231 253 126 212 86 4 44 97 0 0 0 0 0 0 0 0 1 1 515142 464302 539982 55846 5398 2 2 2 235248 482514 605686 323716 3286 9394 2 2 222458 236278 277356 342312 2073600 2073600 1 12 211652 994560 993600 49400 58766 79086 45404 12 20 12 12 111 4 4 20 20 1920 1080 
[ 8086.214788] MESSAGE_B= 0 0 0 194 1 1 192 0 248 179 0 2560 2166 1418 1359 2565 1786 1451 1565 179 92 140 261 124 130 155 578 0 12 108 87 43 34 160 61 47 16 0 0 0 0 2 2 2 2 1 1 403210 481586 454210 1502 108062 502060 451512 294622 154460 315994 318250 541564 9102 406342 482976 537614 698834 534906 768382 584786 2073600 2073600 1 12 197469 990720 993600 57536 49565 43272 71332 20 12 20 12 111 4 0 0 0 1920 1080 
[ 8086.495820] MESSAGE_B= 0 0 0 168 1 2 192 0 248 179 0 1109 1883 2133 1181 1066 2240 1980 1431 134 427 121 222 40 350 125 554 0 12 234 99 246 163 0 107 94 120 2 2 2 0 1 2 2 2 1 2 565490 555184 454210 1502 108062 502060 451512 294622 154460 315994 318250 541564 9102 406342 482976 537614 698834 534906 768382 584786 2073600 2073600 3 12 363633 994560 993600 119867 56298 112068 75400 12 12 12 12 96 0 0 0 0 1920 1080 
[ 8086.777795] MESSAGE_B= 0 0 0 117 3 1 192 0 248 179 0 1819 1544 993 1193 1268 1525 866 1380 59 90 68 215 60 208 50 527 0 12 129 56 29 198 97 57 113 18 2 2 2 0 2 2 2 2 3 1 411426 570820 454210 1502 108062 502060 451512 294622 154460 315994 318250 541564 9102 406342 482976 537614 698834 534906 768382 584786 2073600 2073600 2 12 328753 990720 993600 51628 103027 68578 117806 16 12 12 12 88 0 0 0 0 1920 1080 
[ 8087.059787] MESSAGE_B= 0 0 0 170 1 1 192 0 248 179 0 1737 1943 2477 1763 1932 2194 1378 2086 451 328 452 179 198 98 210 371 0 31 36 16 162 114 126 14 181 201 0 0 0 0 2 2 2 2 1 1 605412 511978 454210 1502 108062 502060 451512 294622 154460 315994 318250 541564 9102 406342 482976 537614 698834 534906 768382 584786 2073600 2073600 1 12 175975 994560 993600 44612 38619 47124 71190 17 21 17 12 138 4 0 0 0 1920 1080 
[ 8087.343790] MESSAGE_B= 0 7 0 210 1 5 192 0 248 179 0 830 1679 1925 1278 1128 1502 1301 1063 643 978 1122 741 670 873 766 607 0 31 186 247 240 253 196 108 120 65 0 0 0 0 0 0 0 0 1 5 601516 515336 454210 1502 108062 502060 451512 294622 154460 315994 318250 541564 9102 406342 482976 537614 698834 534906 768382 584786 2073600 2073600 3 12 198214 990720 993600 54127 52254 49733 62935 12 21 16 12 138 4 4 20 20 1920 1080 
[ 8087.629709] MESSAGE_B= 0 0 0 191 1 3 192 0 248 179 0 1585 2456 2133 2369 1195 1247 1540 2464 595 439 276 128 285 403 259 182 0 12 26 69 111 113 133 0 107 98 2 0 0 0 2 2 2 2 1 3 297878 690620 454210 1502 108062 502060 451512 294622 154460 315994 318250 541564 9102 406342 482976 537614 698834 534906 768382 584786 2073600 2073600 3 12 272334 994560 993600 70219 56212 80239 65664 12 12 12 12 81 4 0 0 0 1920 1080 
[ 8087.910788] MESSAGE_B= 0 0 0 139 0 1 192 0 248 179 0 1790 1441 1828 2207 1226 1087 949 2593 363 250 373 374 141 245 90 180 0 12 52 1 72 65 190 154 64 145 2 0 2 2 2 2 2 2 0 1 454312 564028 454210 1502 108062 502060 451512 294622 154460 315994 318250 541564 9102 406342 482976 537614 698834 534906 768382 584786 2073600 2073600 3 12 362284 990720 993600 82667 71137 113690 94790 12 12 12 12 81 0 0 0 0 1920 1080 
[ 8088.192792] MESSAGE_B= 0 0 0 117 0 4 192 0 248 179 0 1675 1530 1928 1938 1755 1058 1632 2255 384 355 463 295 532 444 412 135 0 12 190 103 178 163 235 146 34 104 2 0 2 2 2 2 2 2 0 4 199154 639770 454210 1502 108062 502060 451512 294622 154460 315994 318250 541564 9102 406342 482976 537614 698834 534906 768382 584786 2073600 2073600 3 12 365475 994560 993600 84828 75855 117222 87570 12 12 12 12 74 0 0 0 0 1920 1080 
[ 8088.475410] MESSAGE_B= 0 0 0 117 1 5 192 0 248 179 0 1707 1597 1960 1875 961 1160 1561 2102 268 329 299 263 124 423 200 278 0 12 205 115 227 121 220 18 140 168 0 0 2 0 2 2 2 2 1 5 460280 708998 454210 1502 108062 502060 451512 294622 154460 315994 318250 541564 9102 406342 482976 537614 698834 534906 768382 584786 2073600 2073600 3 12 352418 990720 993600 80555 73110 111462 87291 12 12 12 12 54 4 0 0 0 1920 1080 
[ 8088.632795] MESSAGE_B= 0 0 0 127 1 2 192 0 248 179 0 1553 1563 1978 1555 880 1255 1858 2096 265 311 236 302 72 470 173 337 0 12 142 52 209 143 0 27 81 193 0 0 2 0 1 2 2 2 1 2 210484 524534 382994 2514 135190 427838 486554 601696 415770 435454 505576 527648 7146 378850 842108 707834 648050 404152 604984 604342 2073600 2073600 3 12 357675 994560 993600 79431 73456 113817 90971 12 12 12 12 54 4 0 0 0 1920 1080 
[ 8088.911792] MESSAGE_B= 0 0 0 119 1 2 192 0 248 179 0 1496 1587 1835 1207 1094 1291 1606 1342 300 324 337 150 197 291 164 286 0 12 122 3 81 178 99 89 114 116 2 0 2 0 2 2 2 2 1 2 409608 602390 382994 2514 135190 427838 486554 601696 415770 435454 505576 527648 7146 378850 842108 707834 648050 404152 604984 604342 2073600 2073600 3 12 357703 990720 993600 84367 75097 103408 94831 12 12 12 12 64 0 0 0 0 1920 1080 
[ 8089.197793] MESSAGE_B= 0 0 0 120 1 2 192 0 248 179 0 1702 1716 1902 1271 1614 1513 1775 1198 465 348 334 201 387 169 114 199 0 12 43 14 17 69 120 40 220 126 2 2 2 2 2 2 2 2 1 2 151776 426742 382994 2514 135190 427838 486554 601696 415770 435454 505576 527648 7146 378850 842108 707834 648050 404152 604984 604342 2073600 2073600 3 12 355989 994560 993600 85588 77602 103491 89308 12 12 12 12 64 0 0 0 0 1920 1080 
[ 8089.483299] MESSAGE_B= 0 0 0 122 2 1 192 0 248 179 0 1648 1780 2006 1183 1230 1445 1808 1098 515 338 214 221 449 175 217 198 0 12 79 55 96 177 185 123 86 193 2 0 2 0 2 2 2 2 2 1 227644 542414 382994 2514 135190 427838 486554 601696 415770 435454 505576 527648 7146 378850 842108 707834 648050 404152 604984 604342 2073600 2073600 2 12 360117 990720 993600 86227 73655 106584 93651 12 12 12 12 64 0 0 0 0 1920 1080 
[ 8089.762785] MESSAGE_B= 0 0 0 116 2 2 192 0 248 179 0 1236 1789 2107 1123 970 1489 1468 1038 278 360 271 252 110 216 461 178 0 12 117 78 124 119 27 96 45 175 2 2 2 2 2 2 2 2 2 2 216750 403166 382994 2514 135190 427838 486554 601696 415770 435454 505576 527648 7146 378850 842108 707834 648050 404152 604984 604342 2073600 2073600 1 12 368485 994560 993600 85898 78230 106813 97544 12 12 12 12 56 0 0 0 0 1920 1080 
[ 8090.041786] MESSAGE_B= 0 0 0 111 2 1 192 0 248 179 0 1228 1885 1914 998 970 1626 1430 1024 290 301 282 173 114 240 424 197 0 12 110 103 156 138 36 161 175 156 2 0 2 2 2 2 2 2 2 1 171084 626272 382994 2514 135190 427838 486554 601696 415770 435454 505576 527648 7146 378850 842108 707834 648050 404152 604984 604342 2073600 2073600 2 12 378405 990720 993600 89229 79844 108712 100620 12 12 12 12 42 0 0 0 0 1920 1080 
[ 8090.321805] MESSAGE_B= 0 0 0 104 1 1 192 0 248 179 0 1232 1833 1747 1002 984 1572 1600 1055 292 303 312 179 122 336 160 204 0 12 61 110 138 174 23 87 26 151 2 0 2 2 2 2 2 2 1 1 232658 467988 382994 2514 135190 427838 486554 601696 415770 435454 505576 527648 7146 378850 842108 707834 648050 404152 604984 604342 2073600 2073600 1 12 388911 994560 993600 90157 84100 111818 102836 12 12 12 12 38 0 0 0 0 1920 1080 
[ 8090.601900] MESSAGE_B= 0 0 0 99 1 1 192 0 248 179 0 1222 1742 1664 1016 1028 1284 1488 1110 293 332 356 174 116 382 135 190 0 12 56 47 22 33 23 196 132 144 2 2 2 2 2 2 2 2 1 1 192624 658072 382994 2514 135190 427838 486554 601696 415770 435454 505576 527648 7146 378850 842108 707834 648050 404152 604984 604342 2073600 2073600 1 12 390901 990720 993600 90082 86077 112340 102402 12 12 12 12 32 0 0 0 0 1920 1080 
[ 8090.758834] MESSAGE_B= 0 0 0 97 1 1 192 0 248 179 0 1229 1687 1614 1026 1046 1308 1453 1105 294 343 390 168 98 379 125 198 0 12 21 49 65 18 251 186 19 148 2 0 2 2 2 2 2 2 1 1 234686 474706 382994 2514 135190 427838 486554 601696 415770 435454 505576 527648 7146 378850 842108 707834 648050 404152 604984 604342 2073600 2073600 1 12 392749 994560 993600 90246 86599 113000 102904 12 12 12 12 31 0 0 0 0 1920 1080 
[ 8091.039793] MESSAGE_B= 0 0 0 96 2 1 192 0 248 179 0 1240 1655 1590 1020 1043 1301 1371 1117 286 376 405 177 99 392 115 201 0 12 19 36 49 30 53 148 89 151 2 0 2 2 2 2 2 2 2 1 175340 707562 429344 15074 162630 368652 386408 350284 331736 347460 411042 321678 19506 267942 356464 335722 294952 338358 153550 296810 2073600 2073600 2 12 394675 990720 993600 91352 86416 113683 103224 12 12 12 12 27 0 0 0 0 1920 1080 
[ 8091.319792] MESSAGE_B= 0 0 0 96 1 1 192 0 248 179 0 1227 1633 1519 1035 1041 1292 1413 1131 294 385 364 172 92 393 106 219 0 12 23 47 110 27 34 102 188 149 2 0 2 2 2 2 2 2 1 1 202948 479976 429344 15074 162630 368652 386408 350284 331736 347460 411042 321678 19506 267942 356464 335722 294952 338358 153550 296810 2073600 2073600 1 12 393601 994560 993600 91424 85087 114127 102963 12 12 12 12 22 0 0 0 0 1920 1080 
[ 8091.606179] MESSAGE_B= 0 0 0 96 0 1 192 0 248 179 0 1230 1577 1491 1027 1033 1260 1443 1125 295 319 305 187 101 350 119 235 0 12 5 38 154 55 140 64 13 147 2 0 2 2 2 2 2 2 0 1 169642 722746 429344 15074 162630 368652 386408 350284 331736 347460 411042 321678 19506 267942 356464 335722 294952 338358 153550 296810 2073600 2073600 3 12 389861 990720 993600 90871 83191 113469 102330 12 12 12 12 19 0 0 0 0 1920 1080 
[ 8091.886800] MESSAGE_B= 0 0 0 96 1 1 192 0 248 179 0 1233 1554 1532 1033 988 1340 1299 1122 288 299 316 188 123 305 246 253 0 12 19 32 99 110 131 160 80 150 2 0 2 2 2 2 2 2 1 1 185570 473148 429344 15074 162630 368652 386408 350284 331736 347460 411042 321678 19506 267942 356464 335722 294952 338358 153550 296810 2073600 2073600 1 12 390041 994560 993600 90924 82680 114507 101930 12 12 12 12 15 0 0 0 0 1920 1080 
[ 8092.172908] MESSAGE_B= 0 0 0 96 1 1 192 0 248 179 0 1217 1512 1534 1029 964 1326 1293 1120 288 291 333 203 134 245 180 264 0 12 44 31 92 73 19 13 116 140 2 0 2 2 2 2 2 2 1 1 174590 718660 429344 15074 162630 368652 386408 350284 331736 347460 411042 321678 19506 267942 356464 335722 294952 338358 153550 296810 2073600 2073600 1 12 388178 990720 993600 90615 82716 114755 100092 12 12 12 12 14 0 0 0 0 1920 1080 
[ 8092.455809] MESSAGE_B= 0 0 0 95 1 1 192 0 248 179 0 1223 1503 1532 1055 957 1314 1338 1114 287 279 326 182 131 240 269 284 0 12 37 4 3 26 252 203 144 155 2 0 2 2 2 2 2 2 1 1 173416 469312 429344 15074 162630 368652 386408 350284 331736 347460 411042 321678 19506 267942 356464 335722 294952 338358 153550 296810 2073600 2073600 1 12 387437 994560 993600 90321 82919 114801 99396 12 12 12 12 10 0 0 0 0 1920 1080 
[ 8092.734807] MESSAGE_B= 0 0 0 97 1 1 192 0 248 179 0 1214 1481 1514 1039 961 1516 1519 1098 281 285 340 198 118 711 616 281 0 12 37 28 74 93 43 227 178 143 2 0 2 2 2 2 2 2 1 1 182754 705690 429344 15074 162630 368652 386408 350284 331736 347460 411042 321678 19506 267942 356464 335722 294952 338358 153550 296810 2073600 2073600 1 12 383303 990720 993600 90690 83379 112497 96737 12 12 12 12 10 0 0 0 0 1920 1080 
[ 8093.012792] MESSAGE_B= 0 0 0 97 1 1 192 0 248 179 0 1213 1484 1523 1051 959 1529 1491 1110 283 291 349 201 118 742 605 280 0 12 31 34 47 91 59 224 178 148 2 0 2 2 2 2 2 2 1 1 170712 469172 429344 15074 162630 368652 386408 350284 331736 347460 411042 321678 19506 267942 356464 335722 294952 338358 153550 296810 2073600 2073600 1 12 382025 994560 993600 90271 83147 112340 96267 12 12 12 12 9 0 0 0 0 1920 1080 
[ 8093.290784] MESSAGE_B= 0 0 0 97 1 1 192 0 248 179 0 1203 1472 1502 1039 961 1542 1513 1104 285 290 351 215 125 752 646 288 0 12 40 55 48 97 34 221 185 144 2 0 2 2 2 2 2 2 1 1 172414 684942 429344 15074 162630 368652 386408 350284 331736 347460 411042 321678 19506 267942 356464 335722 294952 338358 153550 296810 2073600 2073600 1 12 382109 990720 993600 90080 83292 112491 96246 12 12 12 12 9 0 0 0 0 1920 1080 
[ 8093.569790] MESSAGE_B= 0 0 0 97 1 1 192 0 248 179 0 1195 1490 1501 1049 955 1542 1524 1100 285 283 347 210 117 730 635 300 0 12 39 13 56 101 72 216 178 149 2 0 2 2 2 2 2 2 1 1 170332 467936 402438 5590 322322 465944 461728 409568 403540 348298 423420 320448 10082 289906 283020 304906 267834 299732 112942 293412 2073600 2073600 1 12 380556 994560 993600 89713 83183 112353 95307 12 12 12 12 10 0 0 0 0 1920 1080 
[ 8093.850794] MESSAGE_B= 0 0 0 97 1 1 192 0 248 179 0 1193 1487 1511 1056 957 1568 1492 1111 280 287 343 215 119 757 633 300 0 12 42 24 42 104 41 218 188 158 2 0 2 2 2 2 2 2 1 1 176562 684430 402438 5590 322322 465944 461728 409568 403540 348298 423420 320448 10082 289906 283020 304906 267834 299732 112942 293412 2073600 2073600 1 12 379304 990720 993600 89253 82745 112491 94815 12 12 12 12 10 0 0 0 0 1920 1080 
[ 8094.009783] MESSAGE_B= 0 0 0 97 1 1 192 0 248 179 0 1185 1486 1510 1064 950 1568 1474 1108 282 284 346 213 121 743 597 300 0 12 41 22 36 105 69 226 175 159 2 0 2 2 2 2 2 2 1 1 169052 465714 402438 5590 322322 465944 461728 409568 403540 348298 423420 320448 10082 289906 283020 304906 267834 299732 112942 293412 2073600 2073600 1 12 378999 994560 993600 89122 83103 112422 94352 12 12 12 12 10 0 0 0 0 1920 1080 
[ 8094.291784] MESSAGE_B= 0 0 0 97 1 1 192 0 248 179 0 1184 1503 1507 1060 953 1564 1504 1119 279 277 339 219 117 751 651 299 0 12 39 11 45 102 0 219 185 179 2 0 2 2 2 2 2 2 1 1 180942 681066 402438 5590 322322 465944 461728 409568 403540 348298 423420 320448 10082 289906 283020 304906 267834 299732 112942 293412 2073600 2073600 1 12 379126 990720 993600 89056 83012 112594 94464 12 12 12 12 10 0 0 0 0 1920 1080 
[ 8094.570800] MESSAGE_B= 0 0 0 97 1 1 192 0 248 179 0 1172 1491 1506 1066 954 1555 1525 1124 278 293 344 223 115 737 636 293 0 12 52 20 65 98 36 229 176 163 2 0 2 2 2 2 2 2 1 1 169018 464248 402438 5590 322322 465944 461728 409568 403540 348298 423420 320448 10082 289906 283020 304906 267834 299732 112942 293412 2073600 2073600 1 12 380206 994560 993600 89328 84054 112766 94058 12 12 12 12 8 0 0 0 0 1920 1080 
[ 8094.848789] MESSAGE_B= 0 0 0 97 1 1 192 0 248 179 0 1176 1498 1512 1057 949 1590 1460 1126 283 289 336 239 109 767 617 303 0 12 38 6 29 106 235 219 187 167 2 0 2 2 2 2 2 2 1 1 182076 681916 402438 5590 322322 465944 461728 409568 403540 348298 423420 320448 10082 289906 283020 304906 267834 299732 112942 293412 2073600 2073600 1 12 377776 990720 993600 88895 83199 112547 93135 12 12 12 12 9 0 0 0 0 1920 1080 
[ 8095.128616] MESSAGE_B= 0 0 0 98 1 1 192 0 248 179 0 1165 1489 1510 1060 946 1585 1504 1114 275 285 335 228 110 784 654 300 0 12 45 6 57 116 120 218 188 162 2 0 2 2 2 2 2 2 1 1 166636 463966 402438 5590 322322 465944 461728 409568 403540 348298 423420 320448 10082 289906 283020 304906 267834 299732 112942 293412 2073600 2073600 1 12 382383 994560 993600 89874 84812 113509 94188 12 12 12 12 10 0 0 0 0 1920 1080 
[ 8095.407783] MESSAGE_B= 0 0 0 78 1 3 192 0 248 179 0 0 0 0 0 0 0 0 0 0 0 0 0 0 0 0 0 1 12 0 0 0 0 0 0 0 0 1 1 0 0 1 0 0 1 1 3 177530 680736 402438 5590 322322 465944 461728 409568 403540 348298 423420 320448 10082 289906 283020 304906 267834 299732 112942 293412 2073600 2073600 3 12 507011 990720 993600 128102 128100 125359 125450 12 12 12 12 42 0 0 0 0 1920 1080 
[ 8095.685788] MESSAGE_B= 0 7 0 74 1 5 192 0 248 179 0 0 0 0 0 0 0 0 0 0 0 0 0 0 0 0 0 1 12 0 0 0 0 0 0 0 0 1 1 1 1 1 1 1 1 1 5 148796 462296 402438 5590 322322 465944 461728 409568 403540 348298 423420 320448 10082 289906 283020 304906 267834 299732 112942 293412 2073600 2073600 3 12 512416 994560 993600 128104 128104 128104 128104 12 12 12 12 43 0 0 0 0 1920 1080 
[ 8095.960764] MESSAGE_B= 0 7 0 248 0 2 192 0 248 179 0 0 0 0 0 0 0 0 0 0 0 0 0 0 0 0 0 1 12 0 0 0 0 0 0 0 0 1 1 1 1 1 1 1 1 0 2 1020 579328 8 44010 233810 419586 432824 381020 373966 324448 337402 2 9066 243542 307296 328146 286156 254992 171512 46246 2073600 2073600 2 12 512416 990720 993600 128104 128104 128104 128104 12 12 12 12 43 0 0 0 0 1920 1080 
[ 8096.237784] MESSAGE_B= 4 7 0 248 0 2 192 0 248 179 0 0 0 0 0 0 0 0 0 0 0 0 0 0 0 0 0 1 12 0 0 0 0 0 0 0 0 1 1 1 1 1 1 1 1 0 2 0 0 8 44010 233810 419586 432824 381020 373966 324448 337402 2 9066 243542 307296 328146 286156 254992 171512 46246 2073600 2073600 4 12 512416 994560 993600 128104 128104 128104 128104 12 12 12 12 0 0 0 0 0 1920 1080 
[ 8096.517961] MESSAGE_B= 4 7 0 248 0 2 192 0 248 179 0 0 0 0 0 0 0 0 0 0 0 0 0 0 0 0 0 1 12 0 0 0 0 0 0 0 0 1 1 1 1 1 1 1 1 0 2 0 0 8 44010 233810 419586 432824 381020 373966 324448 337402 2 9066 243542 307296 328146 286156 254992 171512 46246 2073600 2073600 4 12 512416 990720 993600 128104 128104 128104 128104 12 12 12 12 0 0 0 0 0 1920 1080 
[ 8096.670782] MESSAGE_B= 4 7 0 248 0 2 192 0 248 179 0 0 0 0 0 0 0 0 0 0 0 0 0 0 0 0 0 1 12 0 0 0 0 0 0 0 0 1 1 1 1 1 1 1 1 0 2 0 0 8 44010 233810 419586 432824 381020 373966 324448 337402 2 9066 243542 307296 328146 286156 254992 171512 46246 2073600 2073600 4 12 512416 994560 993600 128104 128104 128104 128104 12 12 12 12 0 0 0 0 0 1920 1080 
[ 8096.942793] MESSAGE_B= 4 7 0 248 0 2 192 0 248 179 0 0 0 0 0 0 0 0 0 0 0 0 0 0 0 0 0 1 12 0 0 0 0 0 0 0 0 1 1 1 1 1 1 1 1 0 2 0 0 8 44010 233810 419586 432824 381020 373966 324448 337402 2 9066 243542 307296 328146 286156 254992 171512 46246 2073600 2073600 4 12 512416 990720 993600 128104 128104 128104 128104 12 12 12 12 0 0 0 0 0 1920 1080 
[ 8097.216788] MESSAGE_B= 4 0 0 248 3 2 192 0 248 179 0 0 0 0 0 0 0 0 0 0 0 0 0 0 0 0 0 1 12 0 0 0 0 0 0 0 0 0 0 0 1 0 0 0 1 3 2 0 0 8 44010 233810 419586 432824 381020 373966 324448 337402 2 9066 243542 307296 328146 286156 254992 171512 46246 2073600 2073600 4 12 497210 994560 993600 113569 128104 128104 127433 12 12 12 12 123 0 0 0 0 1920 1080 
[ 8097.498804] MESSAGE_B= 0 0 0 177 2 2 192 0 248 179 0 0 0 0 0 1621 0 1004 0 0 0 0 0 53 0 155 0 0 12 0 0 30 0 209 131 0 0 1 1 2 1 2 2 1 1 2 2 41092 27770 8 44010 233810 419586 432824 381020 373966 324448 337402 2 9066 243542 307296 328146 286156 254992 171512 46246 2073600 2073600 1 12 446573 990720 993600 89820 128098 101731 126924 12 12 12 12 123 0 0 0 0 1920 1080 
[ 8097.772783] MESSAGE_B= 0 7 0 138 1 2 192 0 248 179 0 0 0 0 0 0 0 0 0 0 0 0 0 0 0 0 0 1 12 0 0 0 0 0 0 0 0 1 1 1 1 1 1 1 1 1 2 519062 274220 8 44010 233810 419586 432824 381020 373966 324448 337402 2 9066 243542 307296 328146 286156 254992 171512 46246 2073600 2073600 3 12 485606 994560 993600 105678 128048 126283 125597 12 12 12 12 99 0 0 0 0 1920 1080 
[ 8098.053899] MESSAGE_B= 0 0 0 146 1 2 192 0 248 179 0 0 0 0 0 282 16 94 112 0 0 0 0 0 0 0 0 1 12 0 3 0 0 0 0 0 0 0 0 0 1 0 0 0 0 1 2 220866 376650 8 44010 233810 419586 432824 381020 373966 324448 337402 2 9066 243542 307296 328146 286156 254992 171512 46246 2073600 2073600 3 12 499241 990720 993600 116661 128021 128094 126465 12 12 12 12 63 0 0 0 0 1920 1080 
[ 8098.327796] MESSAGE_B= 0 0 0 152 1 2 192 0 248 179 0 0 126 0 54 32 0 48 0 0 0 0 0 0 0 0 0 1 12 0 0 0 0 0 0 0 0 0 0 1 1 0 0 0 1 1 2 208796 630538 445366 89026 297314 2 2 2 411464 237458 500838 210100 61346 49966 2 2 2 809202 374052 272944 2073600 2073600 3 12 501230 994560 993600 117956 127752 128104 127418 12 12 12 12 59 0 0 0 0 1920 1080 
[ 8098.602795] MESSAGE_B= 0 0 0 131 1 3 192 0 248 179 0 0 64 0 48 875 94 111 129 0 0 0 0 0 0 0 0 0 12 0 0 0 0 0 0 0 0 0 0 1 0 0 0 1 0 1 3 232374 121582 445366 89026 297314 2 2 2 411464 237458 500838 210100 61346 49966 2 2 2 809202 374052 272944 2073600 2073600 3 12 483684 990720 993600 101738 127856 127754 126336 12 12 12 12 65 4 0 0 0 1920 1080 
[ 8098.875787] MESSAGE_B= 0 0 0 120 1 3 192 0 248 179 0 0 975 0 951 1128 1054 1168 1021 0 63 0 89 40 91 16 38 0 12 0 175 255 32 0 196 0 0 1 2 2 2 1 2 1 1 1 3 182516 230092 445366 89026 297314 2 2 2 411464 237458 500838 210100 61346 49966 2 2 2 809202 374052 272944 2073600 2073600 3 12 425683 994560 993600 90593 126470 97098 111522 12 12 12 12 95 0 0 0 0 1920 1080 
[ 8099.155810] MESSAGE_B= 0 0 0 120 1 2 192 0 248 179 0 1081 1151 947 872 1166 1922 1395 1119 134 133 131 67 71 241 193 91 0 12 26 196 73 250 221 178 134 68 2 0 0 0 2 2 2 2 1 2 136258 198040 445366 89026 297314 2 2 2 411464 237458 500838 210100 61346 49966 2 2 2 809202 374052 272944 2073600 2073600 3 12 212018 990720 993600 77101 88357 41478 70006 12 13 12 15 119 4 0 0 0 1920 1080 
[ 8099.312299] MESSAGE_B= 0 0 0 129 1 2 192 0 248 179 0 1160 966 957 871 1775 1640 1187 1153 217 105 101 73 92 285 152 92 0 31 100 187 255 241 251 171 139 46 2 0 0 0 2 2 2 2 1 2 430894 564762 445366 89026 297314 2 2 2 411464 237458 500838 210100 61346 49966 2 2 2 809202 374052 272944 2073600 2073600 3 14 209762 994560 993600 73965 85945 47178 80846 12 13 16 14 119 4 4 0 0 1920 1080 
[ 8099.569791] MESSAGE_B= 0 0 0 121 1 2 192 0 248 179 0 1000 1370 1024 883 1785 1056 1059 1092 104 218 43 99 243 94 159 112 0 12 110 17 214 125 0 13 98 42 2 2 0 0 1 2 2 2 1 2 528666 753228 445366 89026 297314 2 2 2 411464 237458 500838 210100 61346 49966 2 2 2 809202 374052 272944 2073600 2073600 3 12 269970 990720 993600 101301 96170 45833 85643 12 12 14 14 119 0 0 0 0 1920 1080 
[ 8099.845790] MESSAGE_B= 0 0 0 112 1 3 192 0 248 179 0 0 1372 0 1042 1103 1175 1034 1002 0 151 0 131 133 139 204 104 0 12 0 4 120 62 0 190 222 96 1 0 2 0 1 2 2 2 1 3 354854 953710 445366 89026 297314 2 2 2 411464 237458 500838 210100 61346 49966 2 2 2 809202 374052 272944 2073600 2073600 3 12 349315 994560 993600 104195 90295 94543 66889 12 12 12 13 69 4 0 0 0 1920 1080 
[ 8100.124783] MESSAGE_B= 0 0 0 116 1 2 192 0 248 179 0 0 1320 0 1041 1277 1194 1003 1168 0 106 0 117 149 158 116 91 0 12 0 149 7 154 0 168 63 36 1 0 2 2 1 2 2 2 1 2 350174 597858 445366 89026 297314 2 2 2 411464 237458 500838 210100 61346 49966 2 2 2 809202 374052 272944 2073600 2073600 3 12 372622 990720 993600 101939 97418 102518 70747 12 12 12 12 86 0 0 0 0 1920 1080 
[ 8100.400791] MESSAGE_B= 0 0 0 113 1 2 192 0 248 179 0 1301 1219 1272 1242 0 1075 0 1100 242 87 134 289 0 199 0 117 0 12 176 100 0 123 75 137 69 21 2 2 1 2 2 2 2 2 1 2 403984 655506 445366 89026 297314 2 2 2 411464 237458 500838 210100 61346 49966 2 2 2 809202 374052 272944 2073600 2073600 3 12 398773 994560 993600 96298 104986 99036 98453 12 12 12 12 94 0 0 0 0 1920 1080 
[ 8100.675786] MESSAGE_B= 0 0 0 112 1 2 192 0 248 179 0 1377 1435 1380 981 1449 1315 977 1078 112 137 271 83 110 221 130 175 0 12 132 180 142 30 164 65 45 0 0 2 2 2 2 2 2 1 1 2 338652 425276 392098 49126 192778 233766 763946 1130696 518598 497452 371824 284292 7862 446534 864522 561572 786192 537244 482822 513898 2073600 2073600 3 12 396763 990720 993600 84691 108673 87362 116037 12 12 12 12 109 0 0 0 0 1920 1080 
[ 8100.957796] MESSAGE_B= 0 0 0 117 1 2 192 0 248 179 0 1032 1145 1049 1489 1292 1379 1361 1540 78 100 144 66 216 292 101 60 0 12 57 1 222 104 83 4 77 177 0 0 0 0 2 2 2 2 1 2 183508 599752 392098 49126 192778 233766 763946 1130696 518598 497452 371824 284292 7862 446534 864522 561572 786192 537244 482822 513898 2073600 2073600 3 12 282839 994560 993600 89109 69354 77617 47002 12 12 12 15 149 4 0 0 0 1920 1080 
[ 8101.119020] MESSAGE_B= 0 0 0 131 2 2 192 0 248 179 0 1000 1070 993 1463 1098 1078 1162 1415 66 119 81 50 135 147 54 65 0 12 84 21 178 96 2 11 114 136 2 2 0 0 2 2 2 2 2 2 215444 360354 392098 49126 192778 233766 763946 1130696 518598 497452 371824 284292 7862 446534 864522 561572 786192 537244 482822 513898 2073600 2073600 1 12 342024 990720 993600 106258 85309 86824 63633 12 12 12 12 149 0 0 0 0 1920 1080 
[ 8101.397795] MESSAGE_B= 0 0 0 101 1 2 192 0 248 179 0 1047 1032 972 994 914 929 1179 1196 84 76 56 51 44 82 68 63 0 12 109 109 78 80 126 0 107 255 2 0 2 2 2 1 2 2 1 2 200566 506116 392098 49126 192778 233766 763946 1130696 518598 497452 371824 284292 7862 446534 864522 561572 786192 537244 482822 513898 2073600 2073600 3 12 451464 994560 993600 116469 121969 115750 97276 12 12 12 12 149 0 0 0 0 1920 1080 
[ 8101.675791] MESSAGE_B= 0 0 0 89 1 2 192 0 248 179 0 0 705 0 814 201 395 32 63 0 0 0 0 0 0 0 0 1 12 10 0 0 29 5 0 0 0 0 0 0 0 0 0 0 0 1 2 225718 334276 392098 49126 192778 233766 763946 1130696 518598 497452 371824 284292 7862 446534 864522 561572 786192 537244 482822 513898 2073600 2073600 3 12 477756 990720 993600 118683 119237 115335 124501 12 12 12 12 100 0 0 0 0 1920 1080 
[ 8101.950786] MESSAGE_B= 0 0 0 101 2 2 192 0 248 179 0 0 311 0 1015 605 585 1123 734 0 0 0 0 0 0 0 0 1 12 2 25 54 0 23 64 12 0 0 0 0 0 0 0 0 0 2 2 376818 434278 392098 49126 192778 233766 763946 1130696 518598 497452 371824 284292 7862 446534 864522 561572 786192 537244 482822 513898 2073600 2073600 1 12 464052 994560 993600 119974 107062 116389 120627 12 12 12 12 94 0 0 0 0 1920 1080 
[ 8102.235926] MESSAGE_B= 0 0 0 113 1 2 192 0 248 179 0 1065 986 1381 951 967 1544 1195 1126 134 72 198 60 60 317 350 151 0 12 93 98 9 182 185 93 11 255 2 2 2 0 2 2 2 2 1 2 474696 244122 392098 49126 192778 233766 763946 1130696 518598 497452 371824 284292 7862 446534 864522 561572 786192 537244 482822 513898 2073600 2073600 3 12 439974 990720 993600 110925 103424 118364 107261 12 12 12 12 120 0 0 0 0 1920 1080 
[ 8102.522789] MESSAGE_B= 0 0 0 139 2 2 192 0 248 179 0 1136 1304 1047 952 1014 0 1459 0 214 287 122 56 94 0 197 0 0 12 18 29 117 0 145 189 42 0 2 0 2 1 2 2 2 1 2 2 89736 224800 392098 49126 192778 233766 763946 1130696 518598 497452 371824 284292 7862 446534 864522 561572 786192 537244 482822 513898 2073600 2073600 1 12 410978 994560 993600 106849 101735 91163 111231 12 12 12 12 127 0 0 0 0 1920 1080 
[ 8102.800785] MESSAGE_B= 0 0 0 153 1 2 192 0 248 179 0 1125 1580 1212 1128 1356 1237 1140 1089 196 152 262 106 238 96 149 203 0 12 182 4 82 7 43 94 190 89 2 2 2 2 2 2 2 2 1 2 328708 196120 392098 49126 192778 233766 763946 1130696 518598 497452 371824 284292 7862 446534 864522 561572 786192 537244 482822 513898 2073600 2073600 3 12 427305 990720 993600 106140 117021 108035 96109 12 12 12 12 140 0 0 0 0 1920 1080 
[ 8103.080786] MESSAGE_B= 0 0 0 140 1 2 192 0 248 179 0 1237 1105 1012 1409 1123 1445 1729 1318 187 145 101 229 217 185 130 197 0 12 63 61 144 220 35 198 191 162 2 2 2 2 2 2 2 0 1 2 82980 197140 135040 5778 46434 292016 371598 139630 224482 234286 107030 134276 26730 261282 354750 341696 532772 407382 186570 262752 2073600 2073600 3 12 419807 994560 993600 104827 111258 92429 111293 12 12 12 12 140 0 0 0 0 1920 1080 
[ 8103.238787] MESSAGE_B= 0 0 0 155 2 2 192 0 248 179 0 1334 1137 1081 1303 0 1714 0 1694 334 198 131 245 0 91 0 101 0 12 3 142 0 224 21 155 0 22 2 2 1 2 2 2 1 2 2 2 252686 173030 135040 5778 46434 292016 371598 139630 224482 234286 107030 134276 26730 261282 354750 341696 532772 407382 186570 262752 2073600 2073600 1 12 406191 990720 993600 98149 98616 83892 125534 12 12 12 12 140 0 0 0 0 1920 1080 
[ 8103.523122] MESSAGE_B= 0 0 0 155 1 2 192 0 248 179 0 1466 1223 1204 1180 1433 975 914 1432 241 204 213 216 264 83 58 349 0 12 56 31 18 52 40 217 52 125 0 0 2 2 2 2 2 2 1 2 121448 91228 135040 5778 46434 292016 371598 139630 224482 234286 107030 134276 26730 261282 354750 341696 532772 407382 186570 262752 2073600 2073600 3 12 386413 994560 993600 92463 92702 93628 107620 12 12 12 12 132 0 0 0 0 1920 1080 
[ 8103.800802] MESSAGE_B= 0 0 0 142 2 2 192 0 248 179 0 1478 1308 1154 1182 1373 1025 1063 1258 184 318 209 149 247 112 145 414 0 12 0 171 50 94 131 99 16 58 0 2 0 2 2 2 2 2 2 2 276606 441862 135040 5778 46434 292016 371598 139630 224482 234286 107030 134276 26730 261282 354750 341696 532772 407382 186570 262752 2073600 2073600 1 12 378934 990720 993600 86933 100665 98006 93330 12 12 12 12 121 0 0 0 0 1920 1080 
[ 8104.086721] MESSAGE_B= 0 0 0 141 1 2 192 0 248 179 0 1481 1210 1137 1077 1335 1129 1078 1096 242 252 204 133 147 180 112 195 0 12 4 169 112 148 41 87 87 112 2 2 0 2 2 2 2 2 1 2 173640 338986 135040 5778 46434 292016 371598 139630 224482 234286 107030 134276 26730 261282 354750 341696 532772 407382 186570 262752 2073600 2073600 3 12 388688 994560 993600 83696 115659 96138 93195 12 12 12 12 121 0 0 0 0 1920 1080 
[ 8104.372815] MESSAGE_B= 0 0 0 140 1 1 192 0 248 179 0 1486 1249 1098 1042 1232 1303 1013 1105 253 243 153 121 150 193 86 140 0 12 30 132 114 106 145 67 28 46 2 2 0 0 2 2 2 2 1 1 133854 261002 135040 5778 46434 292016 371598 139630 224482 234286 107030 134276 26730 261282 354750 341696 532772 407382 186570 262752 2073600 2073600 1 12 396140 990720 993600 84721 117171 93192 101056 12 12 12 12 117 0 0 0 0 1920 1080 
[ 8104.656788] MESSAGE_B= 0 0 0 139 2 2 192 0 248 179 0 1398 1152 1234 979 1449 1314 1136 1132 201 117 235 96 222 139 190 121 0 12 56 75 163 19 99 12 86 68 0 2 2 2 2 2 2 2 2 2 291742 376530 135040 5778 46434 292016 371598 139630 224482 234286 107030 134276 26730 261282 354750 341696 532772 407382 186570 262752 2073600 2073600 1 12 401606 994560 993600 89588 114063 94276 103679 12 12 12 12 111 0 0 0 0 1920 1080 
[ 8104.822788] MESSAGE_B= 0 0 0 140 2 2 192 0 248 179 0 1402 1168 1191 979 1430 1246 1211 1206 187 72 184 84 114 170 173 175 0 12 104 47 84 170 15 16 31 0 2 2 0 2 2 2 2 2 2 2 237228 257052 135040 5778 46434 292016 371598 139630 224482 234286 107030 134276 26730 261282 354750 341696 532772 407382 186570 262752 2073600 2073600 1 12 400309 990720 993600 92308 112559 93022 102420 12 12 12 12 111 0 0 0 0 1920 1080 
[ 8105.105792] MESSAGE_B= 0 0 0 146 2 2 192 0 248 179 0 1260 1253 1223 1040 1279 1317 1190 1130 161 154 108 101 86 198 162 178 0 12 35 99 1 166 26 2 185 106 0 2 0 0 2 2 2 2 2 2 205942 449238 135040 5778 46434 292016 371598 139630 224482 234286 107030 134276 26730 261282 354750 341696 532772 407382 186570 262752 2073600 2073600 1 12 406325 994560 993600 96225 110149 92299 107652 12 12 12 12 115 4 0 0 0 1920 1080 
[ 8105.384806] MESSAGE_B= 0 0 0 147 1 2 192 0 248 179 0 1174 1378 1188 1044 1093 1234 1137 1129 108 138 75 82 101 130 130 139 0 12 53 48 27 169 27 46 20 209 2 2 0 0 2 2 2 2 1 2 226388 247532 210026 15106 150418 150238 132106 162552 136792 193784 183166 303222 13250 204838 209842 145814 282518 494154 413408 354758 2073600 2073600 3 12 425370 990720 993600 99334 110324 105710 110002 12 12 12 12 115 0 0 0 0 1920 1080 
[ 8105.665300] MESSAGE_B= 0 0 0 159 1 2 192 0 248 179 0 0 402 0 1180 1510 408 237 1156 0 0 0 0 0 0 0 0 1 12 0 0 19 7 5 5 84 0 0 0 0 0 0 0 0 0 1 2 139400 415496 210026 15106 150418 150238 132106 162552 136792 193784 183166 303222 13250 204838 209842 145814 282518 494154 413408 354758 2073600 2073600 3 12 437821 994560 993600 104810 110271 111824 110916 12 12 12 12 115 0 0 0 0 1920 1080 
[ 8105.943786] MESSAGE_B= 0 0 0 171 1 2 192 0 248 179 0 0 80 0 1442 1684 153 125 1220 0 0 0 0 0 0 0 0 1 12 0 0 0 0 0 31 16 3 0 0 0 0 0 0 0 0 1 2 227338 214590 210026 15106 150418 150238 132106 162552 136792 193784 183166 303222 13250 204838 209842 145814 282518 494154 413408 354758 2073600 2073600 3 12 453785 990720 993600 109468 110586 118332 115399 12 12 12 12 114 0 0 0 0 1920 1080 
[ 8106.229386] MESSAGE_B= 0 0 0 154 1 2 192 0 248 179 0 0 24 0 728 1492 32 150 80 0 0 0 0 0 0 0 0 1 12 0 0 0 1 0 19 12 0 0 0 0 0 1 0 0 0 1 2 82376 301752 210026 15106 150418 150238 132106 162552 136792 193784 183166 303222 13250 204838 209842 145814 282518 494154 413408 354758 2073600 2073600 3 12 462814 994560 993600 112215 111259 123056 116284 12 12 12 12 111 0 0 0 0 1920 1080 
[ 8106.507794] MESSAGE_B= 0 0 0 148 1 2 192 0 248 179 0 0 16 0 1792 1210 16 483 1232 0 0 0 0 0 0 0 0 1 12 0 24 0 15 0 1 27 6 0 0 0 0 1 0 0 0 1 2 240158 258846 210026 15106 150418 150238 132106 162552 136792 193784 183166 303222 13250 204838 209842 145814 282518 494154 413408 354758 2073600 2073600 3 12 464105 990720 993600 114706 111085 122897 115417 12 12 12 12 105 0 0 0 0 1920 1080 
[ 8106.676420] MESSAGE_B= 0 0 0 141 2 2 192 0 248 179 0 0 0 0 0 964 16 320 1392 0 0 0 0 0 0 0 0 1 12 0 15 0 23 0 23 17 0 0 0 0 0 1 0 0 0 2 2 69900 370396 210026 15106 150418 150238 132106 162552 136792 193784 183166 303222 13250 204838 209842 145814 282518 494154 413408 354758 2073600 2073600 1 12 469986 994560 993600 115473 113705 122732 118076 12 12 12 12 104 0 0 0 0 1920 1080 
[ 8106.963781] MESSAGE_B= 0 0 0 129 2 2 192 0 248 179 0 0 16 0 352 882 16 50 736 0 0 0 0 0 0 0 0 1 12 0 0 0 21 0 31 5 0 0 0 0 0 1 0 0 0 2 2 186842 206800 210026 15106 150418 150238 132106 162552 136792 193784 183166 303222 13250 204838 209842 145814 282518 494154 413408 354758 2073600 2073600 1 12 476466 990720 993600 116962 116849 123358 119297 12 12 12 12 104 0 0 0 0 1920 1080 
[ 8107.238788] MESSAGE_B= 0 0 0 117 2 2 192 0 248 179 0 0 0 0 0 0 32 0 888 0 0 0 0 0 0 0 0 1 12 0 0 0 18 0 19 13 0 0 0 0 0 1 0 0 0 2 2 275712 405396 210026 15106 150418 150238 132106 162552 136792 193784 183166 303222 13250 204838 209842 145814 282518 494154 413408 354758 2073600 2073600 1 12 482620 994560 993600 118959 119099 123559 121003 12 12 12 12 80 0 0 0 0 1920 1080 
[ 8107.524783] MESSAGE_B= 0 0 0 108 2 1 192 0 248 179 0 0 0 0 0 0 48 0 480 0 0 0 0 0 0 0 0 1 12 0 0 0 0 0 10 27 0 0 0 0 0 1 0 0 1 2 1 435336 272360 210026 15106 150418 150238 132106 162552 136792 193784 183166 303222 13250 204838 209842 145814 282518 494154 413408 354758 2073600 2073600 2 12 486653 990720 993600 121235 121351 123313 120754 12 12 12 12 59 0 0 0 0 1920 1080 
[ 8107.799803] MESSAGE_B= 0 0 0 102 3 1 192 0 248 179 0 0 0 0 0 0 32 0 368 0 0 0 0 0 0 0 0 1 12 0 0 0 0 0 19 4 0 0 0 0 0 1 0 0 1 3 1 516008 358942 81882 12494 132446 204690 450052 157808 325940 245480 132782 673474 13570 246710 203764 288640 173026 620536 594738 725552 2073600 2073600 2 12 488657 994560 993600 122545 122419 122304 121389 12 12 12 12 43 0 0 0 0 1920 1080 
[ 8108.073781] MESSAGE_B= 0 0 0 90 4 1 192 0 248 179 0 0 0 0 0 0 32 0 568 0 0 0 0 0 0 0 0 1 12 0 0 0 0 0 1 1 0 0 0 0 0 1 0 0 1 4 1 381606 235864 81882 12494 132446 204690 450052 157808 325940 245480 132782 673474 13570 246710 203764 288640 173026 620536 594738 725552 2073600 2073600 2 12 493263 990720 993600 123637 123336 123353 122937 12 12 12 12 36 0 0 0 0 1920 1080 
[ 8108.349790] MESSAGE_B= 0 0 0 81 5 2 192 0 248 179 0 0 0 0 0 304 16 24 392 0 0 0 0 0 0 0 0 1 12 0 0 0 0 0 21 21 0 0 0 0 0 1 0 0 1 5 2 470342 349936 81882 12494 132446 204690 450052 157808 325940 245480 132782 673474 13570 246710 203764 288640 173026 620536 594738 725552 2073600 2073600 2 12 488273 994560 993600 124383 123798 120126 119966 12 12 12 12 25 0 0 0 0 1920 1080 
[ 8108.626782] MESSAGE_B= 0 0 0 78 4 2 192 0 248 179 0 0 0 0 0 458 21 21 373 0 0 0 0 0 0 0 0 1 12 0 0 0 0 0 22 27 0 0 0 0 0 1 0 0 1 4 2 234276 289020 81882 12494 132446 204690 450052 157808 325940 245480 132782 673474 13570 246710 203764 288640 173026 620536 594738 725552 2073600 2073600 2 12 489062 990720 993600 124711 124080 120291 119980 12 12 12 12 13 0 0 0 0 1920 1080 
[ 8108.904687] MESSAGE_B= 0 0 0 76 4 2 192 0 248 179 0 0 0 0 0 192 0 16 0 0 0 0 0 0 0 0 0 1 12 0 0 0 0 0 18 24 0 0 0 0 0 1 0 0 1 4 2 161526 410142 81882 12494 132446 204690 450052 157808 325940 245480 132782 673474 13570 246710 203764 288640 173026 620536 594738 725552 2073600 2073600 2 12 489597 994560 993600 125013 124335 120385 119864 12 12 12 12 12 0 0 0 0 1920 1080 
[ 8109.178889] MESSAGE_B= 0 0 0 76 4 1 192 0 248 179 0 0 16 0 232 0 16 0 304 0 0 0 0 0 0 0 0 1 12 0 0 0 0 0 20 26 0 0 0 0 0 1 0 0 1 4 1 170268 422758 81882 12494 132446 204690 450052 157808 325940 245480 132782 673474 13570 246710 203764 288640 173026 620536 594738 725552 2073600 2073600 2 12 488953 990720 993600 124951 124070 120319 119613 12 12 12 12 11 0 0 0 0 1920 1080 
[ 8109.337280] MESSAGE_B= 0 0 0 76 4 1 192 0 248 179 0 0 0 0 0 0 0 0 0 0 0 0 0 0 0 0 0 1 12 0 0 0 0 0 19 25 0 0 0 0 0 1 0 0 1 4 1 236142 421444 81882 12494 132446 204690 450052 157808 325940 245480 132782 673474 13570 246710 203764 288640 173026 620536 594738 725552 2073600 2073600 2 12 489043 994560 993600 125109 124002 120353 119579 12 12 12 12 11 0 0 0 0 1920 1080 
[ 8109.615785] MESSAGE_B= 0 0 0 76 4 1 192 0 248 179 0 0 0 0 0 0 16 0 616 0 0 0 0 0 0 0 0 1 12 0 0 0 0 0 19 26 0 0 0 0 0 1 0 0 1 4 1 99312 460444 81882 12494 132446 204690 450052 157808 325940 245480 132782 673474 13570 246710 203764 288640 173026 620536 594738 725552 2073600 2073600 2 12 489086 990720 993600 125122 123937 120498 119529 12 12 12 12 11 0 0 0 0 1920 1080 
[ 8109.895791] MESSAGE_B= 0 0 0 76 4 1 192 0 248 179 0 0 0 0 0 212 16 20 458 0 0 0 0 0 0 0 0 1 12 0 0 0 0 0 17 28 0 0 0 0 0 1 0 0 1 4 1 235614 445446 81882 12494 132446 204690 450052 157808 325940 245480 132782 673474 13570 246710 203764 288640 173026 620536 594738 725552 2073600 2073600 2 12 489395 994560 993600 125288 123937 120574 119596 12 12 12 12 8 0 0 0 0 1920 1080 
[ 8110.171925] MESSAGE_B= 0 0 0 75 4 2 192 0 248 179 0 0 0 0 0 248 0 16 0 0 0 0 0 0 0 0 0 1 12 0 0 0 0 0 15 26 0 0 0 0 0 1 0 0 1 4 2 161096 482168 201036 5714 78470 122632 138440 71328 195180 155352 171302 495730 12466 131246 359594 208422 93644 502714 572684 406654 2073600 2073600 2 12 489546 990720 993600 125376 123985 120662 119523 12 12 12 12 8 0 0 0 0 1920 1080 
[ 8110.447783] MESSAGE_B= 0 0 0 75 3 1 192 0 248 179 0 0 0 0 0 0 0 0 0 0 0 0 0 0 0 0 0 1 12 0 0 0 0 0 11 29 0 0 0 0 0 1 0 0 1 3 1 252332 450338 201036 5714 78470 122632 138440 71328 195180 155352 171302 495730 12466 131246 359594 208422 93644 502714 572684 406654 2073600 2073600 2 12 491855 994560 993600 125919 124670 121293 119973 12 12 12 12 21 0 0 0 0 1920 1080 
[ 8110.729427] MESSAGE_B= 0 0 0 72 3 2 192 0 248 179 0 0 0 0 0 0 0 0 0 0 0 0 0 0 0 0 0 1 12 0 0 0 0 0 8 4 0 0 1 0 0 1 0 0 1 3 2 189514 485040 201036 5714 78470 122632 138440 71328 195180 155352 171302 495730 12466 131246 359594 208422 93644 502714 572684 406654 2073600 2073600 2 12 501427 990720 993600 127714 127069 123823 122821 12 12 12 12 21 0 0 0 0 1920 1080 
[ 8111.013789] MESSAGE_B= 0 0 0 100 4 3 192 0 248 179 0 0 0 0 0 0 0 0 0 0 0 0 0 0 0 0 0 1 12 0 0 0 0 0 0 0 0 1 1 0 0 1 0 0 1 4 3 67594 454186 201036 5714 78470 122632 138440 71328 195180 155352 171302 495730 12466 131246 359594 208422 93644 502714 572684 406654 2073600 2073600 2 12 505019 994560 993600 128104 128104 124313 124498 12 12 12 12 33 0 0 0 0 1920 1080 
[ 8111.288777] MESSAGE_B= 0 7 0 250 1 2 192 0 248 179 0 0 0 0 0 0 0 0 0 0 0 0 0 0 0 0 0 1 12 0 0 0 0 0 0 0 0 1 1 1 1 1 1 1 1 1 2 14544 88270 201036 5714 78470 122632 138440 71328 195180 155352 171302 495730 12466 131246 359594 208422 93644 502714 572684 406654 2073600 2073600 1 12 512416 990720 993600 128104 128104 128104 128104 12 12 12 12 33 0 0 0 0 1920 1080 
[ 8111.449777] MESSAGE_B= 4 7 0 253 1 2 192 0 248 179 0 0 0 0 0 0 0 0 0 0 0 0 0 0 0 0 0 1 12 0 0 0 0 0 0 0 0 1 1 1 1 1 1 1 1 1 2 0 0 201036 5714 78470 122632 138440 71328 195180 155352 171302 495730 12466 131246 359594 208422 93644 502714 572684 406654 2073600 2073600 4 12 512416 994560 993600 128104 128104 128104 128104 12 12 12 12 2 0 0 0 0 1920 1080 
[ 8111.732793] MESSAGE_B= 4 7 0 253 1 2 192 0 248 179 0 0 0 0 0 0 0 0 0 0 0 0 0 0 0 0 0 1 12 0 0 0 0 0 0 0 0 1 1 1 1 1 1 1 1 1 2 0 0 201036 5714 78470 122632 138440 71328 195180 155352 171302 495730 12466 131246 359594 208422 93644 502714 572684 406654 2073600 2073600 4 12 512416 990720 993600 128104 128104 128104 128104 12 12 12 12 0 0 0 0 0 1920 1080 
[ 8112.005781] MESSAGE_B= 4 7 0 253 1 2 192 0 248 179 0 0 0 0 0 0 0 0 0 0 0 0 0 0 0 0 0 1 12 0 0 0 0 0 0 0 0 1 1 1 1 1 1 1 1 1 2 0 0 201036 5714 78470 122632 138440 71328 195180 155352 171302 495730 12466 131246 359594 208422 93644 502714 572684 406654 2073600 2073600 4 12 512416 994560 993600 128104 128104 128104 128104 12 12 12 12 0 0 0 0 0 1920 1080 
[ 8112.281797] MESSAGE_B= 4 7 0 253 1 2 192 0 248 179 0 0 0 0 0 0 0 0 0 0 0 0 0 0 0 0 0 1 12 0 0 0 0 0 0 0 0 1 1 1 1 1 1 1 1 1 2 0 0 201036 5714 78470 122632 138440 71328 195180 155352 171302 495730 12466 131246 359594 208422 93644 502714 572684 406654 2073600 2073600 4 12 512416 990720 993600 128104 128104 128104 128104 12 12 12 12 0 0 0 0 0 1920 1080 
[ 8112.558790] MESSAGE_B= 4 7 0 253 1 2 192 0 248 179 0 0 0 0 0 0 0 0 0 0 0 0 0 0 0 0 0 1 12 0 0 0 0 0 0 0 0 1 1 1 1 1 1 1 1 1 2 0 0 2 70826 39470 288220 75466 2 51552 36434 2 2 6394 2358 25890 2546 2 116412 7724 2 2073600 2073600 4 12 512416 994560 993600 128104 128104 128104 128104 12 12 12 12 0 0 0 0 0 1920 1080 
[ 8112.828775] MESSAGE_B= 4 7 0 253 1 2 192 0 248 179 0 0 0 0 0 0 0 0 0 0 0 0 0 0 0 0 0 1 12 0 0 0 0 0 0 0 0 1 1 1 1 1 1 1 1 1 2 0 0 2 70826 39470 288220 75466 2 51552 36434 2 2 6394 2358 25890 2546 2 116412 7724 2 2073600 2073600 4 12 512416 990720 993600 128104 128104 128104 128104 12 12 12 12 31 0 0 0 0 1920 1080 
[ 8113.100782] MESSAGE_B= 4 7 0 235 0 1 192 0 248 179 0 0 0 0 0 0 0 0 0 0 0 0 0 0 0 0 0 1 12 0 0 0 0 0 0 0 0 1 1 1 1 1 1 1 1 0 1 0 0 2 70826 39470 288220 75466 2 51552 36434 2 2 6394 2358 25890 2546 2 116412 7724 2 2073600 2073600 4 12 512416 994560 993600 128104 128104 128104 128104 12 12 12 12 39 0 0 0 0 1920 1080 
[ 8113.376781] MESSAGE_B= 0 0 0 240 0 1 192 0 248 179 0 0 264 0 1243 1346 236 254 1510 0 0 0 0 0 0 0 0 1 12 13 0 4 0 0 0 0 0 0 0 0 0 0 0 0 0 0 1 14746 38012 2 70826 39470 288220 75466 2 51552 36434 2 2 6394 2358 25890 2546 2 116412 7724 2 2073600 2073600 3 12 487085 990720 993600 122303 122660 121262 120860 12 12 12 12 102 0 0 0 0 1920 1080 
[ 8113.656491] MESSAGE_B= 0 0 0 242 0 1 192 0 248 179 0 0 290 0 1667 1653 292 280 1822 0 0 0 0 0 0 0 0 1 12 0 0 4 0 0 0 0 0 0 0 0 0 0 0 0 0 0 1 22800 128316 2 70826 39470 288220 75466 2 51552 36434 2 2 6394 2358 25890 2546 2 116412 7724 2 2073600 2073600 1 12 479231 994560 993600 120585 120444 119156 119046 12 12 12 12 102 0 0 0 0 1920 1080 
[ 8113.810792] MESSAGE_B= 0 0 0 244 0 1 192 0 248 179 0 0 280 0 1803 1857 291 275 1923 0 0 0 0 0 0 0 0 1 12 0 0 11 0 0 0 0 0 0 0 0 0 0 0 0 0 0 1 28556 152562 2 70826 39470 288220 75466 2 51552 36434 2 2 6394 2358 25890 2546 2 116412 7724 2 2073600 2073600 1 12 477049 990720 993600 119741 120057 118440 118811 12 12 12 12 102 0 0 0 0 1920 1080 
[ 8114.090777] MESSAGE_B= 0 0 0 246 0 1 192 0 248 179 0 0 274 0 2191 2308 267 280 2075 0 0 0 0 0 0 0 0 1 12 0 0 0 0 0 0 0 0 0 0 0 0 0 0 0 0 0 1 23252 179654 2 70826 39470 288220 75466 2 51552 36434 2 2 6394 2358 25890 2546 2 116412 7724 2 2073600 2073600 1 12 472394 994560 993600 118051 118519 117737 118087 12 12 12 12 60 0 0 0 0 1920 1080 
[ 8114.364821] MESSAGE_B= 0 0 0 246 1 1 192 0 248 179 0 0 271 0 2204 2327 273 267 2032 0 0 0 0 0 0 0 0 1 12 0 0 0 0 0 26 17 0 0 0 0 0 0 0 0 0 1 1 23440 182470 2 70826 39470 288220 75466 2 51552 36434 2 2 6394 2358 25890 2546 2 116412 7724 2 2073600 2073600 1 12 463527 990720 993600 117998 118659 112950 113920 12 12 12 12 60 0 0 0 0 1920 1080 
[ 8114.640522] MESSAGE_B= 0 0 0 245 1 1 192 0 248 179 0 0 251 0 2212 2286 248 261 1952 0 0 0 0 0 0 0 0 1 12 0 0 0 0 0 26 17 0 0 0 0 0 0 0 0 0 1 1 22816 180672 2 70826 39470 288220 75466 2 51552 36434 2 2 6394 2358 25890 2546 2 116412 7724 2 2073600 2073600 1 12 464208 994560 993600 118140 118677 113245 114146 12 12 12 12 60 0 0 0 0 1920 1080 
[ 8114.912776] MESSAGE_B= 0 0 0 245 1 1 192 0 248 179 0 0 248 0 2183 2270 242 234 1935 0 0 0 0 0 0 0 0 1 12 0 0 0 0 0 26 17 0 0 0 0 0 0 0 0 0 1 1 25740 155372 104686 13310 34190 32160 37468 40452 103798 83104 102174 33838 79374 804 27368 43588 44446 144714 48548 38652 2073600 2073600 1 12 465617 990720 993600 118451 119023 113596 114547 12 12 12 12 31 0 0 0 0 1920 1080 
[ 8115.189781] MESSAGE_B= 0 0 0 244 1 1 192 0 248 179 0 0 244 0 2101 2217 241 225 1904 0 0 0 0 0 0 0 0 1 12 0 0 0 0 0 26 19 0 0 0 0 0 0 0 0 0 1 1 21112 176766 104686 13310 34190 32160 37468 40452 103798 83104 102174 33838 79374 804 27368 43588 44446 144714 48548 38652 2073600 2073600 1 12 466221 994560 993600 118264 119088 114006 114863 12 12 12 12 25 0 0 0 0 1920 1080 
[ 8115.467792] MESSAGE_B= 0 0 0 245 2 1 192 0 248 179 0 0 219 0 2103 2218 216 236 1815 0 0 0 0 0 0 0 0 1 12 0 0 0 0 0 26 16 0 0 0 0 0 0 0 0 0 2 1 25388 153170 104686 13310 34190 32160 37468 40452 103798 83104 102174 33838 79374 804 27368 43588 44446 144714 48548 38652 2073600 2073600 2 12 467471 990720 993600 118614 119291 114576 114990 12 12 12 12 28 0 0 0 0 1920 1080 
[ 8115.741790] MESSAGE_B= 0 0 0 244 2 0 192 0 248 179 0 0 220 0 2113 2184 217 234 1751 0 0 0 0 0 0 0 0 1 12 0 0 0 0 0 26 16 0 0 0 0 0 0 0 0 0 2 0 20792 173170 104686 13310 34190 32160 37468 40452 103798 83104 102174 33838 79374 804 27368 43588 44446 144714 48548 38652 2073600 2073600 2 12 468458 994560 993600 118852 119271 114893 115442 12 12 12 12 28 0 0 0 0 1920 1080 
[ 8115.894781] MESSAGE_B= 0 0 0 244 2 1 192 0 248 179 0 0 206 0 2079 2202 201 228 1698 0 0 0 0 0 0 0 0 1 12 0 0 0 0 0 26 20 0 0 0 0 0 0 0 0 0 2 1 22836 147352 104686 13310 34190 32160 37468 40452 103798 83104 102174 33838 79374 804 27368 43588 44446 144714 48548 38652 2073600 2073600 2 12 469427 990720 993600 118977 119539 115256 115655 12 12 12 12 28 0 0 0 0 1920 1080 
[ 8116.171119] MESSAGE_B= 0 0 0 244 2 1 192 0 248 179 0 0 200 0 2040 2066 169 208 1604 0 0 0 0 0 0 0 0 1 12 0 0 0 0 0 26 16 0 0 0 0 0 0 0 0 0 2 1 18878 171556 104686 13310 34190 32160 37468 40452 103798 83104 102174 33838 79374 804 27368 43588 44446 144714 48548 38652 2073600 2073600 2 12 470823 994560 993600 119272 119647 115807 116097 12 12 12 12 50 0 0 0 0 1920 1080 
[ 8116.445790] MESSAGE_B= 0 0 0 242 2 0 192 0 248 179 0 0 128 0 1838 1926 90 143 1263 0 0 0 0 0 0 0 0 1 12 0 0 0 0 0 23 23 0 0 0 0 0 1 0 0 1 2 0 20512 144576 104686 13310 34190 32160 37468 40452 103798 83104 102174 33838 79374 804 27368 43588 44446 144714 48548 38652 2073600 2073600 2 12 476700 990720 993600 120498 120875 117422 117905 12 12 12 12 50 0 0 0 0 1920 1080 
[ 8116.723923] MESSAGE_B= 0 0 0 240 3 1 192 0 248 179 0 0 0 0 0 330 0 21 0 0 0 0 0 0 0 0 0 1 12 0 0 0 0 0 0 3 0 0 1 0 0 1 0 0 1 3 1 23170 162014 104686 13310 34190 32160 37468 40452 103798 83104 102174 33838 79374 804 27368 43588 44446 144714 48548 38652 2073600 2073600 2 12 501957 994560 993600 127824 127372 123303 123458 12 12 12 12 45 0 0 0 0 1920 1080 
[ 8117.000784] MESSAGE_B= 0 0 0 236 4 2 192 0 248 179 0 0 0 0 0 0 0 0 0 0 0 0 0 0 0 0 0 1 12 0 0 0 0 0 0 0 0 1 1 0 0 1 0 0 1 4 2 20704 142300 104686 13310 34190 32160 37468 40452 103798 83104 102174 33838 79374 804 27368 43588 44446 144714 48548 38652 2073600 2073600 2 12 503120 990720 993600 128104 128104 123296 123616 12 12 12 12 25 0 0 0 0 1920 1080 
[ 8117.275799] MESSAGE_B= 0 7 0 241 1 2 192 0 248 179 0 0 0 0 0 0 0 0 0 0 0 0 0 0 0 0 0 1 12 0 0 0 0 0 0 0 0 1 1 1 1 1 1 1 1 1 2 9312 135294 77108 17770 23514 110324 111778 118734 103400 67766 114708 4616 4018 28062 34670 36482 31384 138346 35648 32300 2073600 2073600 2 12 512416 994560 993600 128104 128104 128104 128104 12 12 12 12 23 0 0 0 0 1920 1080 
[ 8117.428782] MESSAGE_B= 4 7 0 250 1 2 192 0 248 179 0 0 0 0 0 0 0 0 0 0 0 0 0 0 0 0 0 1 12 0 0 0 0 0 0 0 0 1 1 1 1 1 1 1 1 1 2 0 88554 77108 17770 23514 110324 111778 118734 103400 67766 114708 4616 4018 28062 34670 36482 31384 138346 35648 32300 2073600 2073600 5 12 512416 990720 993600 128104 128104 128104 128104 12 12 12 12 0 0 0 0 0 1920 1080 
[ 8117.701793] MESSAGE_B= 4 7 0 250 1 2 192 0 248 179 0 0 0 0 0 0 0 0 0 0 0 0 0 0 0 0 0 1 12 0 0 0 0 0 0 0 0 1 1 1 1 1 1 1 1 1 2 0 0 77108 17770 23514 110324 111778 118734 103400 67766 114708 4616 4018 28062 34670 36482 31384 138346 35648 32300 2073600 2073600 4 12 512416 994560 993600 128104 128104 128104 128104 12 12 12 12 0 0 0 0 0 1920 1080 
[ 8117.977782] MESSAGE_B= 4 7 0 250 1 2 192 0 248 179 0 0 0 0 0 0 0 0 0 0 0 0 0 0 0 0 0 1 12 0 0 0 0 0 0 0 0 1 1 1 1 1 1 1 1 1 2 0 0 77108 17770 23514 110324 111778 118734 103400 67766 114708 4616 4018 28062 34670 36482 31384 138346 35648 32300 2073600 2073600 4 12 512416 990720 993600 128104 128104 128104 128104 12 12 12 12 0 0 0 0 0 1920 1080 
[ 8118.255614] MESSAGE_B= 4 7 0 250 1 2 192 0 248 179 0 0 0 0 0 0 0 0 0 0 0 0 0 0 0 0 0 1 12 0 0 0 0 0 0 0 0 1 1 1 1 1 1 1 1 1 2 0 0 77108 17770 23514 110324 111778 118734 103400 67766 114708 4616 4018 28062 34670 36482 31384 138346 35648 32300 2073600 2073600 4 12 512416 994560 993600 128104 128104 128104 128104 12 12 12 12 0 0 0 0 0 1920 1080 
[ 8118.527786] MESSAGE_B= 4 7 0 250 1 2 192 0 248 179 0 0 0 0 0 0 0 0 0 0 0 0 0 0 0 0 0 1 12 0 0 0 0 0 0 0 0 1 1 1 1 1 1 1 1 1 2 0 0 77108 17770 23514 110324 111778 118734 103400 67766 114708 4616 4018 28062 34670 36482 31384 138346 35648 32300 2073600 2073600 4 12 512416 990720 993600 128104 128104 128104 128104 12 12 12 12 0 0 0 0 0 1920 1080 
[ 8118.801780] MESSAGE_B= 4 7 0 250 1 2 192 0 248 179 0 0 0 0 0 0 0 0 0 0 0 0 0 0 0 0 0 1 12 0 0 0 0 0 0 0 0 1 1 1 1 1 1 1 1 1 2 0 0 77108 17770 23514 110324 111778 118734 103400 67766 114708 4616 4018 28062 34670 36482 31384 138346 35648 32300 2073600 2073600 4 12 512416 994560 993600 128104 128104 128104 128104 12 12 12 12 0 0 0 0 0 1920 1080 
[ 8119.078778] MESSAGE_B= 4 7 0 250 1 2 192 0 248 179 0 0 0 0 0 0 0 0 0 0 0 0 0 0 0 0 0 1 12 0 0 0 0 0 0 0 0 1 1 1 1 1 1 1 1 1 2 0 0 77108 17770 23514 110324 111778 118734 103400 67766 114708 4616 4018 28062 34670 36482 31384 138346 35648 32300 2073600 2073600 4 12 512416 990720 993600 128104 128104 128104 128104 12 12 12 12 0 0 0 0 0 1920 1080 
[ 8119.353203] MESSAGE_B= 4 0 0 250 2 1 192 0 248 179 0 2163 1522 1378 1166 1598 1670 1729 1734 1246 888 794 696 946 975 1027 1050 0 31 255 251 226 244 119 19 17 43 0 0 0 0 0 0 0 0 2 1 0 0 77108 17770 23514 110324 111778 118734 103400 67766 114708 4616 4018 28062 34670 36482 31384 138346 35648 32300 2073600 2073600 4 17 149726 994560 993600 38997 55622 54945 34227 17 16 18 19 255 4 4 0 0 1920 1080 
[ 8119.508919] MESSAGE_B= 4 0 0 114 1 2 192 0 248 179 0 2139 1505 1381 1167 1583 1661 1745 1663 1232 875 794 693 939 971 1033 998 0 31 254 251 227 245 118 22 30 48 0 0 0 0 0 0 0 0 1 2 0 0 2 56174 76970 2 2 2 80544 75274 2 615128 49270 31910 2 2 2 109074 33052 2 2073600 2073600 4 17 151157 990720 993600 39861 54799 55059 33676 17 16 18 19 255 4 4 0 0 1920 1080 
[ 8119.792788] MESSAGE_B= 0 0 0 116 1 2 192 0 248 179 0 2836 1998 1860 1553 2043 2233 2406 2142 164 185 81 220 343 239 232 271 0 31 60 191 135 163 204 2 151 202 0 0 0 0 2 2 2 2 1 2 489512 640754 2 56174 76970 2 2 2 80544 75274 2 615128 49270 31910 2 2 2 109074 33052 2 2073600 2073600 3 17 157242 994560 993600 40225 51260 52142 35100 17 17 18 18 255 4 0 0 0 1920 1080 
[ 8120.067789] MESSAGE_B= 0 0 0 114 1 2 192 0 248 179 0 2805 1983 1845 1530 1975 2286 2399 2197 182 175 68 226 338 244 320 316 0 31 122 204 13 101 165 16 140 65 0 0 0 0 2 2 2 2 1 2 210948 735654 2 56174 76970 2 2 2 80544 75274 2 615128 49270 31910 2 2 2 109074 33052 2 2073600 2073600 3 17 160505 990720 993600 40778 51610 50592 32504 17 16 18 12 40 4 0 0 0 1920 1080 
[ 8120.341810] MESSAGE_B= 0 0 0 113 1 1 192 0 248 179 0 2763 1967 1829 1505 1979 2344 2320 2235 198 162 83 218 309 238 394 305 0 31 124 198 28 135 122 111 197 122 0 0 0 0 2 2 2 2 1 1 473564 615918 2 56174 76970 2 2 2 80544 75274 2 615128 49270 31910 2 2 2 109074 33052 2 2073600 2073600 1 17 162384 994560 993600 41508 53270 49286 38161 17 16 18 18 40 4 0 0 0 1920 1080 
[ 8120.618786] MESSAGE_B= 0 0 0 111 1 1 192 0 248 179 0 2754 1957 1814 1479 1948 2346 2322 2272 210 146 68 219 291 218 368 359 0 31 141 202 81 208 145 220 113 247 0 0 0 0 2 2 2 2 1 1 162028 711662 2 56174 76970 2 2 2 80544 75274 2 615128 49270 31910 2 2 2 109074 33052 2 2073600 2073600 1 17 161804 990720 993600 41911 54754 47690 38617 17 16 18 18 40 4 0 0 0 1920 1080 
[ 8120.894781] MESSAGE_B= 0 0 0 110 1 2 192 0 248 179 0 2742 1941 1800 1460 2024 2374 2331 2267 209 132 54 212 280 247 293 396 0 31 125 204 81 184 142 222 0 230 0 0 0 0 2 2 2 2 1 2 485498 636468 2 56174 76970 2 2 2 80544 75274 2 615128 49270 31910 2 2 2 109074 33052 2 2073600 2073600 3 17 151652 994560 993600 42527 56059 42648 36297 17 16 18 18 40 4 0 0 0 1920 1080 
[ 8121.168791] MESSAGE_B= 0 0 0 105 1 2 192 0 248 179 0 2723 1936 1797 1438 2209 2390 2414 2144 208 108 66 194 342 311 273 422 0 31 107 205 144 140 98 206 169 172 0 0 0 0 2 2 2 2 1 2 178682 714984 2 56174 76970 2 2 2 80544 75274 2 615128 49270 31910 2 2 2 109074 33052 2 2073600 2073600 3 17 140839 990720 993600 43082 55869 36942 33474 17 16 18 19 41 4 0 0 0 1920 1080 
[ 8121.447799] MESSAGE_B= 0 0 0 103 1 2 192 0 248 179 0 2685 1916 1781 1404 2270 2493 2571 1920 197 90 68 181 385 317 297 420 0 31 107 201 131 96 31 153 23 208 0 0 0 0 2 2 2 2 1 2 492354 646320 2 56174 76970 2 2 2 80544 75274 2 615128 49270 31910 2 2 2 109074 33052 2 2073600 2073600 3 17 134700 994560 993600 43204 57859 33706 32516 17 16 19 12 47 4 0 0 0 1920 1080 
[ 8121.726670] MESSAGE_B= 0 0 0 104 1 2 192 0 248 179 0 2671 1928 1806 1403 2227 2594 2659 1799 195 88 61 162 414 303 237 373 0 31 55 180 32 136 52 166 119 238 0 0 0 0 2 2 2 2 1 2 160776 625252 2 56174 76970 2 2 2 80544 75274 2 615128 49270 31910 2 2 2 109074 33052 2 2073600 2073600 3 17 138085 990720 993600 43103 53440 32504 32525 17 17 12 12 53 4 0 0 0 1920 1080 
[ 8122.001162] MESSAGE_B= 0 0 0 105 1 2 192 0 248 179 0 2639 1945 1810 1373 2065 2678 2596 1768 200 123 80 131 440 351 363 386 0 31 9 141 114 155 228 98 115 211 0 0 0 0 2 2 2 2 1 2 507906 679854 680446 123092 233714 669660 744094 580752 807784 632378 692280 564720 169016 133050 446502 450438 453268 436504 236400 576368 2073600 2073600 3 17 141753 994560 993600 41710 53301 32504 32505 17 17 12 12 54 4 0 0 0 1920 1080 
[ 8122.172333] MESSAGE_B= 0 0 0 110 1 2 192 0 248 179 0 2629 2008 1819 1358 2090 2667 2501 1770 189 208 84 104 457 374 445 401 0 31 13 156 137 134 226 83 62 204 0 0 0 0 2 2 2 2 1 2 134562 569434 680446 123092 233714 669660 744094 580752 807784 632378 692280 564720 169016 133050 446502 450438 453268 436504 236400 576368 2073600 2073600 3 17 143511 990720 993600 38434 54105 32504 32942 17 17 12 16 54 4 0 0 0 1920 1080 
[ 8122.453818] MESSAGE_B= 0 0 0 112 1 2 192 0 248 179 0 2660 2152 1828 1329 2134 2569 2341 1765 173 244 116 61 424 439 490 405 0 31 124 215 113 125 97 194 54 114 0 0 0 0 2 2 2 2 1 2 484832 697806 680446 123092 233714 669660 744094 580752 807784 632378 692280 564720 169016 133050 446502 450438 453268 436504 236400 576368 2073600 2073600 3 17 148368 994560 993600 33226 53770 32504 39020 18 17 12 17 46 4 0 0 0 1920 1080 
[ 8122.732798] MESSAGE_B= 0 0 0 116 1 2 192 0 248 179 0 2705 2339 1861 1325 2021 2543 2273 1850 207 238 123 78 400 428 499 494 0 31 197 164 135 161 7 241 71 65 0 0 0 0 2 2 2 2 1 2 226590 551572 680446 123092 233714 669660 744094 580752 807784 632378 692280 564720 169016 133050 446502 450438 453268 436504 236400 576368 2073600 2073600 3 17 136837 990720 993600 32504 53011 32504 35724 12 17 12 17 51 4 0 0 0 1920 1080 
[ 8123.012787] MESSAGE_B= 0 0 0 119 1 4 192 0 248 179 0 2652 2650 1899 1411 1837 2408 2268 1962 199 243 206 229 363 478 489 668 0 31 188 168 186 224 8 232 162 223 0 0 0 0 2 2 2 2 1 4 570266 718772 680446 123092 233714 669660 744094 580752 807784 632378 692280 564720 169016 133050 446502 450438 453268 436504 236400 576368 2073600 2073600 3 12 130273 994560 993600 32504 54326 32504 32509 12 17 12 12 56 4 4 0 0 1920 1080 

