[ 2392.716800] MESSAGE_B= 4 4 0 49 10 2 192 0 248 179 0 1569 1524 1624 1572 1267 1230 1282 1228 381 484 431 543 224 161 265 178 0 12 254 255 239 247 85 1 86 6 0 0 0 0 2 0 2 0 10 2 237202 774844 809630 221586 283290 2 2 2 462986 328370 2 93250 52458 18582 2 2 2 143114 40670 74394 2073600 2073600 4 12 203764 994560 993600 45747 60035 75243 76518 6 6 12 12 65 4 4 4 4 1920 1080 
[ 2392.991804] MESSAGE_B= 4 4 4 56 9 2 192 0 248 179 0 1264 1025 1338 1052 802 1009 759 970 269 748 276 809 307 253 329 287 0 6 251 253 251 252 49 3 172 10 0 0 0 0 2 2 2 2 9 2 121656 288330 809630 221586 283290 2 2 2 462986 328370 2 93250 52458 18582 2 2 2 143114 40670 74394 2073600 2073600 4 12 168715 990720 993600 74062 71366 60699 62616 6 6 12 12 72 4 4 4 4 1920 1080 
[ 2393.266810] MESSAGE_B= 4 4 4 44 9 2 192 0 248 179 0 1219 994 1314 1027 805 1032 760 987 305 749 290 804 303 271 326 309 0 6 252 253 251 252 53 24 165 19 0 0 0 0 2 2 2 2 9 2 291534 799440 809630 221586 283290 2 2 2 462986 328370 2 93250 52458 18582 2 2 2 143114 40670 74394 2073600 2073600 4 12 170649 994560 993600 75424 72290 60338 62414 6 6 12 12 72 4 4 4 4 1920 1080 
[ 2393.553813] MESSAGE_B= 4 4 4 45 10 2 192 0 248 179 0 1273 953 1361 990 801 1048 758 1005 270 753 270 806 292 313 313 351 0 6 249 253 251 253 52 17 163 2 0 0 0 0 2 2 2 2 10 2 207322 287354 809630 221586 283290 2 2 2 462986 328370 2 93250 52458 18582 2 2 2 143114 40670 74394 2073600 2073600 4 12 171701 990720 993600 75155 71977 59710 61684 6 6 12 12 57 4 4 4 4 1920 1080 
[ 2393.832754] MESSAGE_B= 4 4 4 44 10 2 192 0 248 179 0 1269 924 1345 970 793 1065 754 1022 226 766 233 817 282 348 302 390 0 6 249 253 248 252 47 6 161 11 0 0 0 0 2 2 2 2 10 2 304186 793582 809630 221586 283290 2 2 2 462986 328370 2 93250 52458 18582 2 2 2 143114 40670 74394 2073600 2073600 4 12 172308 994560 993600 74706 71552 59680 61454 6 6 12 12 55 4 4 4 4 1920 1080 
[ 2394.107815] MESSAGE_B= 0 4 4 44 8 2 192 0 248 179 0 1265 965 1339 1008 800 1085 755 1045 179 725 212 762 283 397 306 447 0 6 244 253 249 254 22 40 177 43 0 0 0 0 2 2 2 2 8 2 214528 273046 809630 221586 283290 2 2 2 462986 328370 2 93250 52458 18582 2 2 2 143114 40670 74394 2073600 2073600 2 12 170186 990720 993600 74879 71457 59298 61562 6 6 12 12 57 4 4 4 4 1920 1080 
[ 2394.266809] MESSAGE_B= 0 4 4 45 8 2 192 0 248 179 0 1277 928 1354 979 800 1073 755 1034 160 710 190 753 295 387 322 435 0 6 227 251 250 254 35 39 176 40 0 0 0 0 2 2 2 2 8 2 306564 809234 809630 221586 283290 2 2 2 462986 328370 2 93250 52458 18582 2 2 2 143114 40670 74394 2073600 2073600 2 12 171466 994560 993600 74523 71444 59960 62091 6 6 12 12 57 4 4 4 4 1920 1080 
[ 2394.540823] MESSAGE_B= 4 4 4 46 9 2 192 0 248 179 0 1356 892 1433 954 820 1067 777 1026 244 670 278 708 310 375 340 424 0 6 252 249 252 254 11 29 114 32 0 0 0 0 2 2 2 2 9 2 217526 281368 809630 221586 283290 2 2 2 462986 328370 2 93250 52458 18582 2 2 2 143114 40670 74394 2073600 2073600 4 12 170288 990720 993600 75041 71184 60182 62165 6 6 12 12 57 4 4 4 4 1920 1080 
[ 2394.815801] MESSAGE_B= 4 4 4 46 9 2 192 0 248 179 0 1345 929 1415 995 835 1069 791 1032 254 719 290 757 308 374 336 420 0 6 252 250 251 254 13 27 93 28 0 0 0 0 2 2 2 2 9 2 301580 813010 939980 615664 1312584 979928 1063586 767088 1241102 982960 922666 187904 729150 330974 236980 475600 257852 1051862 265912 331584 2073600 2073600 4 12 168269 994560 993600 75467 71262 59594 61526 6 6 12 12 53 4 4 4 4 1920 1080 
[ 2395.096804] MESSAGE_B= 4 4 4 44 9 2 192 0 248 179 0 1345 934 1412 1003 842 1063 798 1025 271 737 282 770 326 378 354 421 0 6 250 250 250 254 31 19 35 22 0 0 0 0 2 2 2 2 9 2 218380 282402 939980 615664 1312584 979928 1063586 767088 1241102 982960 922666 187904 729150 330974 236980 475600 257852 1051862 265912 331584 2073600 2073600 4 12 170056 990720 993600 74684 71090 60269 62060 6 6 12 12 53 4 4 4 4 1920 1080 
[ 2395.382060] MESSAGE_B= 0 4 4 45 8 2 192 0 248 179 0 1319 1005 1399 1065 874 1069 832 1029 241 773 272 818 324 374 355 416 0 6 250 252 251 254 102 37 36 29 0 0 0 0 2 2 2 2 8 2 299514 815378 939980 615664 1312584 979928 1063586 767088 1241102 982960 922666 187904 729150 330974 236980 475600 257852 1051862 265912 331584 2073600 2073600 2 12 166294 994560 993600 74316 70778 58929 60824 6 6 12 12 52 4 4 4 4 1920 1080 
[ 2395.662800] MESSAGE_B= 4 4 4 66 15 1 192 0 248 179 0 2040 1642 1926 1518 2476 1918 2379 1760 299 504 314 498 689 868 682 869 0 31 237 255 254 253 135 52 125 64 0 0 0 0 0 0 0 0 15 1 213650 287844 939980 615664 1312584 979928 1063586 767088 1241102 982960 922666 187904 729150 330974 236980 475600 257852 1051862 265912 331584 2073600 2073600 4 19 122695 990720 993600 47061 50074 19582 21559 19 18 25 12 108 4 4 4 4 1920 1080 
[ 2395.950493] MESSAGE_B= 4 4 4 73 13 1 192 0 248 179 0 1919 1640 1804 1516 2609 1874 2501 1728 290 484 310 477 789 748 793 749 0 31 242 255 255 252 145 3 142 21 0 0 0 0 0 0 0 0 13 1 379868 776082 939980 615664 1312584 979928 1063586 767088 1241102 982960 922666 187904 729150 330974 236980 475600 257852 1051862 265912 331584 2073600 2073600 4 19 117060 994560 993600 44754 47823 23171 20360 19 18 25 12 108 4 4 4 4 1920 1080 
[ 2396.234338] MESSAGE_B= 4 4 4 70 16 1 192 0 248 179 0 1924 1667 1808 1544 2569 2185 2461 2045 280 445 297 436 898 613 900 634 0 31 243 254 255 252 149 38 148 47 0 0 0 0 0 0 0 0 16 1 106386 354268 939980 615664 1312584 979928 1063586 767088 1241102 982960 922666 187904 729150 330974 236980 475600 257852 1051862 265912 331584 2073600 2073600 4 19 118758 990720 993600 44933 47904 26714 22795 19 18 25 25 107 4 4 4 4 1920 1080 
[ 2396.519829] MESSAGE_B= 4 4 4 76 16 1 192 0 248 179 0 1919 1687 1808 1569 2676 2263 2573 2111 294 447 299 437 787 959 785 975 0 31 243 254 254 254 107 31 112 27 0 0 0 0 0 0 0 0 16 1 395800 759848 939980 615664 1312584 979928 1063586 767088 1241102 982960 922666 187904 729150 330974 236980 475600 257852 1051862 265912 331584 2073600 2073600 4 19 116213 994560 993600 44326 48116 29447 23482 19 18 25 25 107 4 4 4 4 1920 1080 
[ 2396.682800] MESSAGE_B= 4 4 4 78 17 1 192 0 248 179 0 1967 1834 1859 1712 2714 2268 2613 2122 293 460 296 442 719 1038 723 1060 0 31 240 255 254 254 124 12 134 14 0 0 0 0 0 0 0 0 17 1 113272 415250 939980 615664 1312584 979928 1063586 767088 1241102 982960 922666 187904 729150 330974 236980 475600 257852 1051862 265912 331584 2073600 2073600 4 19 121134 990720 993600 47660 51768 33208 27944 19 18 25 25 105 4 4 4 4 1920 1080 
[ 2396.968837] MESSAGE_B= 4 4 4 91 19 2 192 0 248 179 0 2182 2162 2069 2055 2752 2222 2659 2074 369 848 387 810 867 985 874 1008 0 31 246 255 254 254 79 6 81 13 0 0 0 0 0 0 0 0 19 2 354614 844978 939980 615664 1312584 979928 1063586 767088 1241102 982960 922666 187904 729150 330974 236980 475600 257852 1051862 265912 331584 2073600 2073600 4 19 108079 994560 993600 40100 43557 32834 28853 19 19 25 25 99 4 4 4 4 1920 1080 
[ 2397.248804] MESSAGE_B= 4 4 4 113 20 2 192 0 248 179 0 2447 2386 2324 2275 2747 2162 2654 2024 298 1049 326 1022 880 900 882 908 0 31 246 255 255 254 44 15 57 7 0 0 0 0 0 0 0 0 20 2 136234 303268 702462 1211850 1449368 971194 840422 937600 1152086 1256996 969984 263982 792094 373606 146790 482146 353862 817222 188872 415222 2073600 2073600 4 19 95844 990720 993600 31197 33803 30118 25357 19 19 25 25 99 4 4 4 4 1920 1080 
[ 2397.530803] MESSAGE_B= 4 4 4 134 22 2 192 0 248 179 0 2674 2664 2527 2551 2826 2091 2740 1952 302 819 310 799 763 850 759 853 0 31 245 255 254 254 58 30 25 39 0 0 0 0 0 0 0 0 22 2 208772 555784 702462 1211850 1449368 971194 840422 937600 1152086 1256996 969984 263982 792094 373606 146790 482146 353862 817222 188872 415222 2073600 2073600 4 23 104973 994560 993600 30838 34247 28010 23849 23 19 25 25 94 4 4 4 4 1920 1080 
[ 2397.696847] MESSAGE_B= 4 4 4 138 18 2 192 0 248 179 0 2695 2647 2543 2536 2809 2040 2722 1898 595 617 592 587 699 845 701 848 0 31 253 255 254 254 42 9 57 26 0 0 0 0 0 0 0 0 18 2 126180 364446 702462 1211850 1449368 971194 840422 937600 1152086 1256996 969984 263982 792094 373606 146790 482146 353862 817222 188872 415222 2073600 2073600 4 19 102535 990720 993600 35403 40610 29816 25805 19 19 25 25 94 4 4 4 4 1920 1080 
[ 2397.984306] MESSAGE_B= 4 4 4 130 21 2 192 0 248 179 0 2430 2692 2309 2555 2711 2111 2638 1973 692 468 684 435 627 798 626 799 0 31 254 255 253 254 109 13 116 24 0 0 0 0 0 0 0 0 21 2 235038 537704 702462 1211850 1449368 971194 840422 937600 1152086 1256996 969984 263982 792094 373606 146790 482146 353862 817222 188872 415222 2073600 2073600 4 19 112246 994560 993600 40088 43722 25898 23197 19 19 25 25 102 4 4 4 4 1920 1080 
[ 2398.268810] MESSAGE_B= 4 4 4 122 20 1 192 0 248 179 0 2476 2645 2359 2483 2643 2066 2562 1929 691 541 679 511 474 707 482 707 0 31 254 255 252 253 116 160 113 160 0 0 0 0 0 0 0 0 20 1 105534 148152 702462 1211850 1449368 971194 840422 937600 1152086 1256996 969984 263982 792094 373606 146790 482146 353862 817222 188872 415222 2073600 2073600 4 19 124988 990720 993600 44982 48228 21108 20514 19 18 25 22 112 4 4 4 4 1920 1080 
[ 2398.548804] MESSAGE_B= 4 4 4 109 49 1 192 0 248 179 0 927 2104 749 1908 1455 2408 1457 2216 265 32 334 24 309 275 393 252 0 6 243 243 194 228 49 0 43 172 0 0 0 2 2 1 2 2 49 1 332630 543948 702462 1211850 1449368 971194 840422 937600 1152086 1256996 969984 263982 792094 373606 146790 482146 353862 817222 188872 415222 2073600 2073600 4 6 192003 994560 993600 94766 96745 83220 76561 6 6 0 0 112 4 4 4 4 1920 1080 
[ 2398.826806] MESSAGE_B= 0 4 4 6 56 1 192 0 248 179 0 1133 2101 933 1903 1178 2386 1157 2208 209 46 230 47 265 238 363 216 0 6 240 245 183 218 20 0 36 232 0 0 0 2 2 1 2 2 56 1 487864 399522 702462 1211850 1449368 971194 840422 937600 1152086 1256996 969984 263982 792094 373606 146790 482146 353862 817222 188872 415222 2073600 2073600 2 6 202887 990720 993600 100203 101768 79103 72536 6 6 0 0 108 4 4 4 4 1920 1080 
[ 2399.106758] MESSAGE_B= 4 0 4 7 53 2 192 0 248 179 0 1038 1956 851 1742 1148 2258 1109 2138 124 169 92 146 261 295 340 222 0 6 155 119 169 190 21 154 20 3 0 0 0 0 2 2 2 2 53 2 381414 841268 702462 1211850 1449368 971194 840422 937600 1152086 1256996 969984 263982 792094 373606 146790 482146 353862 817222 188872 415222 2073600 2073600 4 6 207413 994560 993600 102778 103928 83789 75913 6 6 0 0 52 4 0 0 0 1920 1080 
[ 2399.387819] MESSAGE_B= 4 4 4 6 53 2 192 0 248 179 0 1509 1297 1257 1006 1519 2033 1621 1940 162 319 181 372 319 350 352 286 0 6 207 248 146 196 73 216 139 1 0 0 0 0 2 2 2 2 53 2 428926 794638 702462 1211850 1449368 971194 840422 937600 1152086 1256996 969984 263982 792094 373606 146790 482146 353862 817222 188872 415222 2073600 2073600 4 6 211850 990720 993600 104954 105471 79458 70912 6 6 0 0 59 4 4 4 4 1920 1080 
[ 2399.547809] MESSAGE_B= 4 4 4 3 60 2 192 0 248 179 0 1423 1400 1234 1162 1775 2046 1742 1933 195 356 161 370 359 417 324 325 0 6 219 245 170 215 196 100 40 58 0 0 0 0 2 2 2 2 60 2 385544 856108 1472656 153652 350008 550604 545414 663232 1657290 856520 1428368 597024 399372 172768 186562 382400 272372 557668 480666 660550 2073600 2073600 4 6 216128 994560 993600 107025 107338 78693 70426 6 6 0 0 59 4 4 4 4 1920 1080 
[ 2399.828826] MESSAGE_B= 4 4 4 5 53 1 192 0 248 179 0 2540 1240 2174 968 2585 2041 2347 1785 322 411 79 369 286 411 278 385 0 6 93 250 219 252 144 118 223 119 0 0 0 0 2 2 2 2 53 1 403272 816790 1472656 153652 350008 550604 545414 663232 1657290 856520 1428368 597024 399372 172768 186562 382400 272372 557668 480666 660550 2073600 2073600 4 6 219158 990720 993600 108307 108559 49005 47169 6 6 0 0 57 4 4 4 4 1920 1080 
[ 2400.106831] MESSAGE_B= 4 4 4 7 43 1 192 0 248 179 0 1771 1674 1542 1424 2210 2108 1984 1861 436 156 580 218 431 514 407 467 0 6 238 211 252 253 27 134 111 117 0 0 0 0 2 2 2 2 43 1 431100 676080 1472656 153652 350008 550604 545414 663232 1657290 856520 1428368 597024 399372 172768 186562 382400 272372 557668 480666 660550 2073600 2073600 4 6 209398 994560 993600 102881 103132 49475 47794 6 6 0 0 49 4 4 4 4 1920 1080 
[ 2400.386826] MESSAGE_B= 4 4 4 6 49 1 192 0 248 179 0 1627 2230 1481 2005 2198 2179 1997 1938 413 51 428 67 393 499 349 452 0 6 250 255 242 251 193 6 206 66 0 0 0 0 2 2 2 2 49 1 435986 830672 1472656 153652 350008 550604 545414 663232 1657290 856520 1428368 597024 399372 172768 186562 382400 272372 557668 480666 660550 2073600 2073600 4 6 228590 990720 993600 112331 111936 44274 42137 6 6 0 0 49 4 4 4 4 1920 1080 
[ 2400.665818] MESSAGE_B= 4 4 4 5 53 1 192 0 248 179 0 1111 1334 924 1153 2105 2134 1965 1860 531 666 572 612 408 556 400 487 0 6 254 253 253 252 134 120 126 140 0 0 0 0 2 2 2 2 53 1 405098 706062 1472656 153652 350008 550604 545414 663232 1657290 856520 1428368 597024 399372 172768 186562 382400 272372 557668 480666 660550 2073600 2073600 4 6 197398 994560 993600 96392 97993 54322 48014 6 6 0 0 49 4 4 4 4 1920 1080 
[ 2400.949806] MESSAGE_B= 4 4 4 6 58 1 192 0 248 179 0 1365 1659 1174 1483 2088 1969 1885 1740 262 496 296 435 455 484 423 428 0 6 248 253 251 253 100 99 72 131 0 0 0 0 2 2 2 2 58 1 363944 946436 1472656 153652 350008 550604 545414 663232 1657290 856520 1428368 597024 399372 172768 186562 382400 272372 557668 480666 660550 2073600 2073600 4 6 206024 990720 993600 102663 102054 51918 46029 6 6 0 0 62 4 4 4 4 1920 1080 
[ 2401.238386] MESSAGE_B= 4 4 4 7 59 1 192 0 248 179 0 1637 2029 1474 1843 2216 2125 2004 1886 252 177 273 158 421 499 398 453 0 6 238 236 246 253 166 239 179 195 0 0 0 0 2 2 2 2 59 1 419606 700664 1472656 153652 350008 550604 545414 663232 1657290 856520 1428368 597024 399372 172768 186562 382400 272372 557668 480666 660550 2073600 2073600 4 6 228457 994560 993600 112976 112535 47818 40616 6 6 0 0 62 4 4 4 4 1920 1080 
[ 2401.518814] MESSAGE_B= 4 4 4 5 61 1 192 0 248 179 0 2095 2245 1926 2027 2250 2192 2071 1929 54 57 52 38 423 497 377 465 0 6 219 255 244 252 202 191 188 249 0 0 0 0 2 2 2 2 61 1 341870 860722 1472656 153652 350008 550604 545414 663232 1657290 856520 1428368 597024 399372 172768 186562 382400 272372 557668 480666 660550 2073600 2073600 4 6 232080 990720 993600 114241 113897 47082 40281 6 6 0 0 44 4 4 4 4 1920 1080 
[ 2401.803014] MESSAGE_B= 4 4 4 5 55 1 192 0 248 179 0 2149 2267 1987 2033 2343 2206 2162 1949 53 64 62 61 381 551 347 502 0 6 225 246 238 251 137 255 219 249 0 0 0 0 2 2 2 2 55 1 413878 735684 1472656 153652 350008 550604 545414 663232 1657290 856520 1428368 597024 399372 172768 186562 382400 272372 557668 480666 660550 2073600 2073600 4 6 233188 994560 993600 114491 114352 47451 40658 6 6 0 0 31 4 4 4 4 1920 1080 
[ 2401.970358] MESSAGE_B= 4 4 4 5 51 1 192 0 248 179 0 2159 2276 1995 2052 2356 2204 2165 1951 50 26 44 55 383 542 356 486 0 6 239 255 238 250 174 185 213 202 0 0 0 0 2 2 2 2 51 1 366562 956064 1349056 1684612 1518116 1264528 833880 1368940 1666022 979198 1306320 649668 114774 121268 590464 668900 690026 295372 460286 651678 2073600 2073600 4 6 234014 990720 993600 115142 114607 48553 41010 6 6 0 0 27 4 4 4 4 1920 1080 
[ 2402.250809] MESSAGE_B= 4 4 4 5 49 1 192 0 248 179 0 2145 1310 1986 1134 2369 2095 2171 1846 40 684 37 618 369 515 345 459 0 6 187 253 236 251 128 101 177 104 0 0 0 0 2 2 2 2 49 1 414856 720562 1349056 1684612 1518116 1264528 833880 1368940 1666022 979198 1306320 649668 114774 121268 590464 668900 690026 295372 460286 651678 2073600 2073600 4 6 230191 994560 993600 113024 113207 49892 41737 6 6 0 0 24 4 4 4 4 1920 1080 
[ 2402.538199] MESSAGE_B= 4 4 4 37 54 1 192 0 248 179 0 1542 1861 1512 1793 2253 2957 2327 2976 273 363 297 357 541 698 594 740 0 6 255 199 250 254 168 102 86 53 2 2 0 0 2 2 2 2 54 1 387980 973236 1349056 1684612 1518116 1264528 833880 1368940 1666022 979198 1306320 649668 114774 121268 590464 668900 690026 295372 460286 651678 2073600 2073600 4 5 156585 990720 993600 75388 65530 35770 37919 6 6 5 5 214 4 4 4 4 1920 1080 
[ 2402.816805] MESSAGE_B= 4 4 4 40 40 1 192 0 248 179 0 1862 2339 1819 2363 2068 2079 2141 2004 444 259 477 310 357 294 405 226 0 31 254 249 247 242 132 5 144 46 0 0 0 0 0 0 0 0 40 1 406912 714030 1349056 1684612 1518116 1264528 833880 1368940 1666022 979198 1306320 649668 114774 121268 590464 668900 690026 295372 460286 651678 2073600 2073600 4 5 165480 994560 993600 69689 62216 50129 54090 6 6 5 5 214 4 4 4 4 1920 1080 
[ 2403.095826] MESSAGE_B= 4 4 4 18 41 2 192 0 248 179 0 2144 2520 2256 2557 1999 2171 2066 2166 346 465 355 488 189 337 225 341 0 5 151 243 167 219 14 40 54 50 0 0 0 0 2 2 2 2 41 2 51118 727714 1349056 1684612 1518116 1264528 833880 1368940 1666022 979198 1306320 649668 114774 121268 590464 668900 690026 295372 460286 651678 2073600 2073600 4 5 200468 990720 993600 67217 59599 72414 75464 6 6 5 5 91 4 4 4 4 1920 1080 
[ 2403.375859] MESSAGE_B= 4 4 4 23 44 1 192 0 248 179 0 2100 2572 2106 2634 1937 2228 1931 2219 348 502 365 539 260 476 249 492 0 5 238 239 207 238 26 109 28 81 2 0 0 0 2 2 2 0 44 1 232524 906846 1349056 1684612 1518116 1264528 833880 1368940 1666022 979198 1306320 649668 114774 121268 590464 668900 690026 295372 460286 651678 2073600 2073600 4 5 191382 994560 993600 66784 61434 69038 68579 6 6 5 5 67 4 4 4 4 1920 1080 
[ 2403.663408] MESSAGE_B= 4 4 4 24 53 1 192 0 248 179 0 1642 2772 1593 2741 1895 2027 1907 2038 331 500 357 613 233 331 218 358 0 6 242 247 232 245 10 113 62 58 2 2 0 0 2 2 2 2 53 1 93324 831114 1349056 1684612 1518116 1264528 833880 1368940 1666022 979198 1306320 649668 114774 121268 590464 668900 690026 295372 460286 651678 2073600 2073600 4 5 183339 990720 993600 75310 68443 62189 68051 6 6 5 5 65 4 4 4 4 1920 1080 
[ 2403.944805] MESSAGE_B= 4 4 4 25 59 1 192 0 248 179 0 1727 2855 1706 2816 1937 2083 1956 2104 355 506 387 626 293 351 282 398 0 6 253 237 247 248 90 110 51 46 2 2 0 0 2 2 2 2 59 1 315938 922742 1349056 1684612 1518116 1264528 833880 1368940 1666022 979198 1306320 649668 114774 121268 590464 668900 690026 295372 460286 651678 2073600 2073600 4 5 165600 994560 993600 83121 73982 56831 63611 6 6 5 5 65 4 4 4 4 1920 1080 
[ 2404.223814] MESSAGE_B= 4 4 4 24 60 1 192 0 248 179 0 1983 2813 1989 2756 1929 2190 1948 2214 320 684 354 802 307 438 297 486 0 6 243 249 247 246 53 128 100 29 2 2 0 0 2 2 2 2 60 1 87280 803684 1349056 1684612 1518116 1264528 833880 1368940 1666022 979198 1306320 649668 114774 121268 590464 668900 690026 295372 460286 651678 2073600 2073600 4 6 160829 990720 993600 85324 73062 54671 60284 6 6 5 5 67 4 4 4 4 1920 1080 
[ 2404.506809] MESSAGE_B= 4 4 4 26 50 1 192 0 248 179 0 2071 2938 2073 2847 1997 2302 2000 2331 252 710 297 857 281 576 253 616 0 6 243 248 241 249 68 132 80 73 2 2 0 0 2 2 2 2 50 1 292148 912106 1431324 1757856 1579108 1560716 1300270 1512262 1420296 1087542 1507624 100460 73672 167148 93238 247852 267810 663208 357082 306948 2073600 2073600 4 6 161794 994560 993600 85181 73774 50732 56109 6 6 5 5 67 4 4 4 4 1920 1080 
[ 2404.787123] MESSAGE_B= 4 4 4 30 49 1 192 0 248 179 0 2036 2628 2057 2547 2083 2465 2098 2501 392 806 407 852 362 666 329 711 0 6 236 250 240 252 95 90 75 66 2 2 0 0 2 2 2 2 49 1 70168 759220 1431324 1757856 1579108 1560716 1300270 1512262 1420296 1087542 1507624 100460 73672 167148 93238 247852 267810 663208 357082 306948 2073600 2073600 4 6 159424 990720 993600 83116 73554 44195 50215 6 6 5 5 65 4 4 4 4 1920 1080 
[ 2404.954822] MESSAGE_B= 4 4 4 37 51 1 192 0 248 179 0 2143 2845 2084 2590 2112 2560 2135 2600 319 810 389 995 364 748 335 781 0 6 208 248 241 253 154 97 143 56 0 2 0 0 2 2 2 2 51 1 276928 933362 1431324 1757856 1579108 1560716 1300270 1512262 1420296 1087542 1507624 100460 73672 167148 93238 247852 267810 663208 357082 306948 2073600 2073600 4 6 164739 994560 993600 86004 76252 41044 47416 6 6 5 5 63 4 4 4 4 1920 1080 
[ 2405.234826] MESSAGE_B= 4 0 4 42 52 1 192 0 248 179 0 2416 2738 2367 2441 2218 2615 2244 2656 329 607 341 745 373 777 339 801 0 6 145 216 239 253 67 112 84 43 0 2 0 0 2 2 2 2 52 1 53450 700478 1431324 1757856 1579108 1560716 1300270 1512262 1420296 1087542 1507624 100460 73672 167148 93238 247852 267810 663208 357082 306948 2073600 2073600 4 6 160958 990720 993600 82655 74975 37393 40266 6 6 18 5 63 4 0 0 0 1920 1080 
[ 2405.514824] MESSAGE_B= 4 4 4 49 56 1 192 0 248 179 0 2344 2815 2297 2561 2286 2616 2303 2654 321 606 397 713 421 762 413 789 0 6 199 206 240 253 110 110 135 56 2 2 0 0 2 2 2 2 56 1 299598 933510 1431324 1757856 1579108 1560716 1300270 1512262 1420296 1087542 1507624 100460 73672 167148 93238 247852 267810 663208 357082 306948 2073600 2073600 4 6 164680 994560 993600 84807 76991 35018 42017 6 6 18 5 63 4 4 4 4 1920 1080 
[ 2405.794808] MESSAGE_B= 4 4 4 49 58 1 192 0 248 179 0 2380 2474 2303 2347 2441 2624 2458 2659 477 598 595 650 498 786 503 807 0 6 251 247 246 253 47 71 60 36 2 2 0 0 2 2 2 2 58 1 50340 670004 1431324 1757856 1579108 1560716 1300270 1512262 1420296 1087542 1507624 100460 73672 167148 93238 247852 267810 663208 357082 306948 2073600 2073600 4 6 164863 990720 993600 85913 76242 30972 38995 6 6 18 5 62 4 4 4 4 1920 1080 
[ 2406.077826] MESSAGE_B= 4 4 4 50 52 1 192 0 248 179 0 2452 2502 2371 2379 2562 2661 2579 2690 479 832 587 842 502 783 519 804 0 6 233 253 248 251 67 41 44 16 2 2 0 0 2 2 2 2 52 1 255512 946034 1431324 1757856 1579108 1560716 1300270 1512262 1420296 1087542 1507624 100460 73672 167148 93238 247852 267810 663208 357082 306948 2073600 2073600 4 6 168079 994560 993600 89987 75593 31470 34608 6 6 18 5 62 4 4 4 4 1920 1080 
[ 2406.356827] MESSAGE_B= 4 4 4 51 52 1 192 0 248 179 0 2445 2496 2417 2376 2641 2617 2657 2650 601 855 668 859 465 744 484 762 0 6 250 252 246 251 50 44 55 10 2 2 0 0 2 2 2 2 52 1 56262 653882 1431324 1757856 1579108 1560716 1300270 1512262 1420296 1087542 1507624 100460 73672 167148 93238 247852 267810 663208 357082 306948 2073600 2073600 4 6 166738 990720 993600 91758 71892 31818 29989 6 6 18 5 64 4 4 4 4 1920 1080 
[ 2406.637823] MESSAGE_B= 4 4 4 55 62 1 192 0 248 179 0 2541 2469 2522 2368 2693 2715 2707 2750 660 760 697 746 500 789 511 808 0 6 251 253 244 250 39 62 6 15 2 2 0 0 2 2 2 2 62 1 244864 942356 1431324 1757856 1579108 1560716 1300270 1512262 1420296 1087542 1507624 100460 73672 167148 93238 247852 267810 663208 357082 306948 2073600 2073600 4 6 160158 994560 993600 90783 66496 29567 28598 6 6 18 25 64 4 4 4 4 1920 1080 
[ 2406.916806] MESSAGE_B= 4 4 4 56 66 1 192 0 248 179 0 2359 2303 2335 2240 2776 2762 2809 2781 600 652 649 661 553 774 561 805 0 31 255 253 250 249 77 14 65 11 0 0 0 0 0 0 0 0 66 1 48296 781276 1465280 401898 237548 1376258 1294688 1323042 1475084 1237660 1453794 69450 221450 100026 83276 259706 313162 646110 213596 280480 2073600 2073600 4 6 151577 990720 993600 87597 61996 27091 28570 6 6 18 25 65 4 4 4 4 1920 1080 
[ 2407.196817] MESSAGE_B= 4 4 4 63 50 1 192 0 248 179 0 2330 2345 2343 2286 2724 2888 2782 2891 431 705 484 719 449 664 471 689 0 31 255 253 243 247 113 28 99 21 0 0 0 0 0 0 0 0 50 1 223680 940736 1465280 401898 237548 1376258 1294688 1323042 1475084 1237660 1453794 69450 221450 100026 83276 259706 313162 646110 213596 280480 2073600 2073600 4 6 123459 994560 993600 69326 52646 27629 26455 6 6 20 25 70 4 4 4 4 1920 1080 
[ 2407.354820] MESSAGE_B= 4 4 4 65 50 1 192 0 248 179 0 2316 2350 2332 2296 2691 2962 2731 2965 423 652 475 660 402 628 406 642 0 31 255 253 241 245 115 40 112 31 0 0 0 0 0 0 0 0 50 1 48130 786662 1465280 401898 237548 1376258 1294688 1323042 1475084 1237660 1453794 69450 221450 100026 83276 259706 313162 646110 213596 280480 2073600 2073600 4 19 125460 990720 993600 63951 48799 29048 27788 6 6 20 20 73 4 4 4 4 1920 1080 
[ 2407.634816] MESSAGE_B= 4 4 4 66 47 1 192 0 248 179 0 1408 1375 1340 1290 1397 1424 1399 1391 177 169 222 215 103 160 125 163 0 5 255 254 245 254 78 83 41 101 0 0 0 0 0 0 0 0 47 1 187536 902840 1465280 401898 237548 1376258 1294688 1323042 1475084 1237660 1453794 69450 221450 100026 83276 259706 313162 646110 213596 280480 2073600 2073600 4 5 359887 994560 993600 72099 104023 101081 110259 6 5 5 5 73 4 4 4 4 1920 1080 
[ 2407.916913] MESSAGE_B= 4 4 4 5 23 2 192 0 248 179 0 1763 1330 1754 1259 1650 1657 1650 1708 435 263 502 324 362 273 485 433 0 5 248 254 246 227 84 45 199 139 2 2 0 0 2 2 2 0 23 2 35868 729032 1465280 401898 237548 1376258 1294688 1323042 1475084 1237660 1453794 69450 221450 100026 83276 259706 313162 646110 213596 280480 2073600 2073600 4 5 369369 990720 993600 69768 103451 105553 113773 6 5 5 5 67 4 4 4 4 1920 1080 
[ 2408.197814] MESSAGE_B= 4 0 4 4 25 3 192 0 248 179 0 1722 1342 1814 1276 1815 1231 1798 1159 356 264 487 330 201 392 201 428 0 5 251 253 233 237 157 1 43 103 2 2 2 2 0 2 2 2 25 3 267654 489846 1465280 401898 237548 1376258 1294688 1323042 1475084 1237660 1453794 69450 221450 100026 83276 259706 313162 646110 213596 280480 2073600 2073600 4 5 372165 994560 993600 58498 102279 104212 110245 6 5 5 5 59 0 0 0 0 1920 1080 
[ 2408.477800] MESSAGE_B= 4 4 4 6 27 2 192 0 248 179 0 1389 1360 1352 1288 1501 1412 1508 1395 174 147 225 188 83 147 89 163 0 5 251 255 233 253 84 36 74 58 0 0 0 0 0 0 0 0 27 2 141434 407578 1465280 401898 237548 1376258 1294688 1323042 1475084 1237660 1453794 69450 221450 100026 83276 259706 313162 646110 213596 280480 2073600 2073600 4 5 216865 990720 993600 91777 67311 60336 71272 6 5 5 5 58 4 4 4 4 1920 1080 
[ 2408.756814] MESSAGE_B= 4 4 4 5 27 2 192 0 248 179 0 1409 1378 1348 1302 1660 1514 1601 1464 160 148 218 194 186 165 138 208 0 5 243 235 214 232 147 21 119 28 2 2 0 0 0 0 2 0 27 2 272514 436772 1465280 401898 237548 1376258 1294688 1323042 1475084 1237660 1453794 69450 221450 100026 83276 259706 313162 646110 213596 280480 2073600 2073600 4 5 213593 994560 993600 89327 66995 58370 67999 6 5 5 5 58 4 4 4 4 1920 1080 
[ 2409.036003] MESSAGE_B= 4 4 4 8 30 2 192 0 248 179 0 1453 1379 1445 1299 1655 1566 1657 1529 209 151 313 204 175 169 210 244 0 5 243 238 220 205 131 59 145 17 0 2 0 0 0 0 2 0 30 2 120188 450262 1465280 401898 237548 1376258 1294688 1323042 1475084 1237660 1453794 69450 221450 100026 83276 259706 313162 646110 213596 280480 2073600 2073600 4 5 209907 990720 993600 88190 69453 54170 68097 6 5 5 5 60 4 4 4 4 1920 1080 
[ 2409.315805] MESSAGE_B= 4 4 4 13 26 1 192 0 248 179 0 1477 1361 1471 1286 1621 1513 1667 1508 212 122 285 162 134 91 156 109 0 5 255 251 247 250 95 67 117 36 0 0 0 0 0 0 0 0 26 1 263790 510334 734414 924782 647780 1383222 230412 445296 694044 777592 625194 131952 257834 138078 127604 393526 349658 768362 303716 306924 2073600 2073600 4 5 201535 994560 993600 80814 64076 53497 65416 6 5 5 5 61 4 4 4 4 1920 1080 
[ 2409.597823] MESSAGE_B= 4 4 4 19 30 1 192 0 248 179 0 1504 1371 1516 1305 1644 1563 1699 1559 172 133 219 166 123 151 158 163 0 31 254 249 252 254 14 63 22 74 0 0 0 0 0 0 0 0 30 1 110516 468242 734414 924782 647780 1383222 230412 445296 694044 777592 625194 131952 257834 138078 127604 393526 349658 768362 303716 306924 2073600 2073600 4 5 197416 990720 993600 71081 61677 44342 64877 6 5 5 5 62 4 4 4 4 1920 1080 
[ 2409.876806] MESSAGE_B= 4 4 4 24 32 1 192 0 248 179 0 1859 1796 1952 1911 1806 2187 1987 2261 381 368 405 452 200 267 232 377 0 5 252 236 240 248 13 133 16 66 0 2 0 0 0 2 0 2 32 1 221244 602902 734414 924782 647780 1383222 230412 445296 694044 777592 625194 131952 257834 138078 127604 393526 349658 768362 303716 306924 2073600 2073600 4 5 311926 994560 993600 70232 84707 72569 84418 5 5 5 5 70 4 4 4 4 1920 1080 
[ 2410.155814] MESSAGE_B= 4 4 4 30 34 1 192 0 248 179 0 1711 1805 1806 1898 1786 2081 1905 2228 409 289 469 343 145 232 151 285 0 5 251 245 229 245 83 128 28 103 0 0 0 0 2 2 2 2 34 1 95378 379676 734414 924782 647780 1383222 230412 445296 694044 777592 625194 131952 257834 138078 127604 393526 349658 768362 303716 306924 2073600 2073600 4 5 304511 990720 993600 76379 87122 64959 76051 5 5 5 5 71 4 4 4 4 1920 1080 
[ 2410.435453] MESSAGE_B= 4 4 4 29 33 1 192 0 248 179 0 1438 1897 1640 1951 1764 2141 1919 2207 234 462 410 512 158 369 176 409 0 5 232 251 245 255 77 182 86 143 0 0 0 0 2 2 2 2 33 1 204718 574898 734414 924782 647780 1383222 230412 445296 694044 777592 625194 131952 257834 138078 127604 393526 349658 768362 303716 306924 2073600 2073600 4 5 300742 994560 993600 84874 89098 58321 68449 5 5 5 5 71 4 4 4 4 1920 1080 
[ 2410.714809] MESSAGE_B= 4 4 4 35 33 1 192 0 248 179 0 1388 1815 1384 1851 1846 2225 2009 2332 194 503 251 567 185 243 188 224 0 5 249 254 220 254 28 193 31 76 0 0 0 0 2 2 2 2 33 1 106084 348628 734414 924782 647780 1383222 230412 445296 694044 777592 625194 131952 257834 138078 127604 393526 349658 768362 303716 306924 2073600 2073600 4 5 304377 990720 993600 90813 93968 55184 64412 5 5 5 5 69 4 4 4 4 1920 1080 
[ 2410.994813] MESSAGE_B= 4 4 4 36 44 1 192 0 248 179 0 1856 2089 2078 2165 2012 2034 2145 2090 363 418 542 453 220 164 231 181 0 5 243 254 249 247 144 219 137 206 0 0 0 0 2 2 2 2 44 1 272032 713808 734414 924782 647780 1383222 230412 445296 694044 777592 625194 131952 257834 138078 127604 393526 349658 768362 303716 306924 2073600 2073600 4 5 316622 994560 993600 91349 93748 62879 68646 5 5 5 5 74 4 4 4 4 1920 1080 
[ 2411.275808] MESSAGE_B= 4 4 4 40 28 1 192 0 248 179 0 2132 2122 2174 2184 2032 2012 2166 2042 350 315 331 340 273 191 293 151 0 5 219 252 255 235 135 198 60 160 0 0 0 2 2 2 2 2 28 1 90494 558356 734414 924782 647780 1383222 230412 445296 694044 777592 625194 131952 257834 138078 127604 393526 349658 768362 303716 306924 2073600 2073600 4 5 295983 990720 993600 79388 77554 65660 73381 5 5 5 5 74 4 4 4 4 1920 1080 
[ 2411.443804] MESSAGE_B= 4 4 4 37 33 1 192 0 248 179 0 1956 2215 2040 2288 2037 2063 2171 2139 276 377 228 411 310 302 325 258 0 5 204 254 255 244 55 152 96 79 0 0 0 2 2 2 2 2 33 1 207596 729082 734414 924782 647780 1383222 230412 445296 694044 777592 625194 131952 257834 138078 127604 393526 349658 768362 303716 306924 2073600 2073600 4 5 301138 994560 993600 82249 79884 65351 73654 5 5 5 5 74 4 4 4 4 1920 1080 
[ 2411.730115] MESSAGE_B= 4 4 4 39 33 2 192 0 248 179 0 1799 2324 1887 2462 2063 1903 2175 1996 381 350 339 385 275 214 287 230 0 5 221 250 251 237 120 152 110 46 0 0 0 2 2 2 2 2 33 2 93088 480334 538244 349560 177878 697720 612912 756976 432542 880490 649534 128568 227098 551232 164282 303452 191380 866768 206278 168434 2073600 2073600 4 5 305988 990720 993600 84583 83716 65018 72671 5 5 5 5 67 4 4 4 4 1920 1080 
[ 2412.009822] MESSAGE_B= 4 4 4 40 37 2 192 0 248 179 0 1880 2326 2036 2452 2048 1988 2155 2057 351 313 329 340 202 170 211 202 0 5 247 233 252 252 18 152 30 23 0 0 0 2 2 2 2 2 37 2 166298 612578 538244 349560 177878 697720 612912 756976 432542 880490 649534 128568 227098 551232 164282 303452 191380 866768 206278 168434 2073600 2073600 4 5 293599 994560 993600 74760 74921 67936 75982 5 5 5 5 66 4 4 4 4 1920 1080 
[ 2412.288814] MESSAGE_B= 4 4 4 38 37 2 192 0 248 179 0 2128 2360 2241 2484 2116 2132 2239 2173 244 376 280 396 234 103 264 130 0 5 235 249 252 206 14 166 52 59 0 0 0 0 2 2 2 2 37 2 101098 386852 538244 349560 177878 697720 612912 756976 432542 880490 649534 128568 227098 551232 164282 303452 191380 866768 206278 168434 2073600 2073600 4 5 283940 990720 993600 66302 65667 74067 77904 5 5 5 5 65 4 4 4 4 1920 1080 
[ 2412.567050] MESSAGE_B= 4 4 4 41 45 2 192 0 248 179 0 2204 2425 2358 2548 2185 2136 2314 2226 301 550 294 578 182 76 206 61 0 5 238 253 248 23 121 206 42 181 0 0 0 0 2 2 2 2 45 2 169812 463046 538244 349560 177878 697720 612912 756976 432542 880490 649534 128568 227098 551232 164282 303452 191380 866768 206278 168434 2073600 2073600 4 5 268098 994560 993600 59052 57973 73497 77576 5 5 5 5 65 4 4 4 4 1920 1080 
[ 2412.845936] MESSAGE_B= 4 4 4 43 51 2 192 0 248 179 0 2084 2557 2209 2669 2105 2440 2232 2435 350 407 356 437 265 170 297 163 0 5 248 252 254 213 102 220 80 16 0 0 0 0 2 2 2 2 51 2 130452 466324 538244 349560 177878 697720 612912 756976 432542 880490 649534 128568 227098 551232 164282 303452 191380 866768 206278 168434 2073600 2073600 4 5 258885 990720 993600 55995 53904 72648 76338 5 5 5 5 65 4 4 4 4 1920 1080 
[ 2413.003871] MESSAGE_B= 4 4 4 44 60 2 192 0 248 179 0 2120 2560 2233 2678 2113 2596 2243 2619 343 435 366 461 204 250 221 209 0 5 252 255 255 223 113 128 78 121 0 0 0 0 2 2 2 2 60 2 224470 253380 538244 349560 177878 697720 612912 756976 432542 880490 649534 128568 227098 551232 164282 303452 191380 866768 206278 168434 2073600 2073600 4 5 255809 994560 993600 54432 51705 72968 76704 5 5 5 5 65 4 4 4 4 1920 1080 
[ 2413.282806] MESSAGE_B= 4 4 4 48 45 2 192 0 248 179 0 1916 2559 2042 2669 2193 1911 2326 1998 478 527 462 574 231 314 244 361 0 5 254 253 249 253 147 39 38 7 2 0 0 0 2 2 2 2 45 2 166338 559422 538244 349560 177878 697720 612912 756976 432542 880490 649534 128568 227098 551232 164282 303452 191380 866768 206278 168434 2073600 2073600 4 5 260007 990720 993600 52864 48945 77640 80558 5 5 5 5 65 4 4 4 4 1920 1080 
[ 2413.561914] MESSAGE_B= 4 4 4 48 49 1 192 0 248 179 0 1978 2635 2093 2754 2324 2075 2464 2141 389 500 394 560 317 439 377 559 0 5 255 252 252 251 116 31 43 16 0 0 0 0 2 2 2 2 49 1 170296 240750 538244 349560 177878 697720 612912 756976 432542 880490 649534 128568 227098 551232 164282 303452 191380 866768 206278 168434 2073600 2073600 4 5 266517 994560 993600 51106 47758 82765 84888 5 5 5 5 64 4 4 4 4 1920 1080 
[ 2413.841804] MESSAGE_B= 4 4 4 47 53 1 192 0 248 179 0 1983 2568 2090 2673 2532 2211 2697 2273 371 376 374 458 250 475 308 520 0 5 252 249 250 255 51 38 30 174 0 0 0 0 2 2 2 2 53 1 143514 724968 538244 349560 177878 697720 612912 756976 432542 880490 649534 128568 227098 551232 164282 303452 191380 866768 206278 168434 2073600 2073600 4 5 261937 990720 993600 49331 44111 84045 84450 5 5 5 5 64 4 4 4 4 1920 1080 
[ 2414.128549] MESSAGE_B= 4 4 4 44 47 1 192 0 248 179 0 2040 2609 2134 2715 2262 2262 2415 2388 287 440 301 490 318 334 413 396 0 5 247 250 250 255 12 92 38 16 0 0 2 0 2 2 2 2 47 1 172320 307512 594610 134034 463370 233216 407030 566654 472638 923664 573452 180370 150670 415410 249384 186300 145692 772020 250498 110266 2073600 2073600 4 5 239688 994560 993600 42356 38784 78059 80489 5 5 5 5 67 4 4 4 4 1920 1080 
[ 2414.406810] MESSAGE_B= 4 4 4 53 46 1 192 0 248 179 0 2092 2578 2199 2704 2288 2487 2395 2607 251 613 266 663 322 453 453 488 0 5 249 254 243 254 54 69 14 52 0 0 2 0 2 2 2 2 46 1 160188 863736 594610 134034 463370 233216 407030 566654 472638 923664 573452 180370 150670 415410 249384 186300 145692 772020 250498 110266 2073600 2073600 4 5 222071 990720 993600 34639 33916 80048 80759 18 18 5 5 69 4 4 4 4 1920 1080 
[ 2414.687813] MESSAGE_B= 4 0 4 49 41 1 192 0 248 179 0 2192 2525 2237 2629 2261 2493 2363 2595 226 645 257 693 202 577 214 619 0 5 157 252 245 255 86 33 27 46 0 0 2 0 2 2 2 2 41 1 134936 437560 594610 134034 463370 233216 407030 566654 472638 923664 573452 180370 150670 415410 249384 186300 145692 772020 250498 110266 2073600 2073600 4 5 220007 994560 993600 36929 34014 87195 87058 18 18 5 5 70 4 0 0 0 1920 1080 
[ 2414.967814] MESSAGE_B= 4 4 4 55 45 1 192 0 248 179 0 2236 2594 2301 2717 2403 2677 2572 2824 268 618 260 663 107 614 180 628 0 5 182 253 81 255 67 30 37 100 0 0 0 0 2 2 2 2 45 1 173860 934592 594610 134034 463370 233216 407030 566654 472638 923664 573452 180370 150670 415410 249384 186300 145692 772020 250498 110266 2073600 2073600 4 5 212633 990720 993600 39102 34594 87240 88625 18 18 5 5 70 4 4 4 4 1920 1080 
[ 2415.245816] MESSAGE_B= 4 4 4 27 42 2 192 0 248 179 0 1877 1849 1826 1797 2583 1901 2623 1930 412 421 452 468 496 246 506 250 0 31 255 255 253 249 199 106 192 119 0 0 0 0 0 0 0 0 42 2 140514 467962 594610 134034 463370 233216 407030 566654 472638 923664 573452 180370 150670 415410 249384 186300 145692 772020 250498 110266 2073600 2073600 4 5 195277 994560 993600 75173 59270 51633 46801 6 5 5 5 68 4 4 4 4 1920 1080 
[ 2415.529802] MESSAGE_B= 4 4 4 24 40 1 192 0 248 179 0 1854 1834 1796 1777 2447 1886 2488 1913 415 415 455 461 372 198 387 206 0 31 255 255 251 243 157 103 149 111 0 0 0 0 0 0 0 0 40 1 65320 888334 594610 134034 463370 233216 407030 566654 472638 923664 573452 180370 150670 415410 249384 186300 145692 772020 250498 110266 2073600 2073600 4 5 196314 990720 993600 77518 61432 51822 44225 6 5 5 5 64 4 4 4 4 1920 1080 
[ 2415.688812] MESSAGE_B= 4 4 4 19 39 2 192 0 248 179 0 1830 1807 1776 1750 2429 1921 2475 1946 406 403 440 449 276 243 287 242 0 31 254 255 250 244 138 85 118 92 0 0 0 0 0 0 0 0 39 2 351832 913880 594610 134034 463370 233216 407030 566654 472638 923664 573452 180370 150670 415410 249384 186300 145692 772020 250498 110266 2073600 2073600 4 5 198323 994560 993600 69279 67840 47508 37235 6 5 5 5 63 4 4 4 4 1920 1080 
[ 2415.976805] MESSAGE_B= 4 4 4 21 45 3 192 0 248 179 0 1807 1770 1753 1710 2609 2023 2653 2047 391 377 433 414 224 331 210 324 0 31 254 254 238 249 133 133 107 133 0 0 0 0 0 0 0 0 45 3 77006 942354 594610 134034 463370 233216 407030 566654 472638 923664 573452 180370 150670 415410 249384 186300 145692 772020 250498 110266 2073600 2073600 4 5 180879 990720 993600 65743 74141 33009 36137 6 5 5 4 71 4 4 4 4 1920 1080 
[ 2416.266808] MESSAGE_B= 4 4 4 30 30 4 192 0 248 179 0 1815 1771 1764 1704 2792 2212 2846 2235 398 378 442 411 162 395 149 379 0 31 253 254 235 249 151 156 114 166 0 0 0 0 0 0 0 0 30 4 334714 884602 594610 134034 463370 233216 407030 566654 472638 923664 573452 180370 150670 415410 249384 186300 145692 772020 250498 110266 2073600 2073600 4 5 161979 994560 993600 56502 78820 26579 36905 6 5 20 4 82 4 4 4 4 1920 1080 
[ 2416.547805] MESSAGE_B= 4 4 4 33 37 4 192 0 248 179 0 1864 1796 1818 1727 2772 2436 2817 2466 456 400 506 428 186 385 185 374 0 31 254 254 228 250 100 146 112 155 0 0 0 0 0 0 0 0 37 4 69246 803024 1490772 333618 589540 958668 993538 1631192 1526618 1386338 1542996 105044 193696 240632 240366 261462 331150 610068 254596 339858 2073600 2073600 4 5 146893 990720 993600 57148 76881 34576 30582 6 5 19 20 90 4 4 4 4 1920 1080 
[ 2416.828807] MESSAGE_B= 4 4 4 37 50 2 192 0 248 179 0 1969 1896 1938 1843 2790 2618 2833 2649 623 597 687 639 177 202 189 195 0 31 255 255 241 234 112 39 139 44 0 0 0 0 0 0 0 0 50 2 271042 901284 1490772 333618 589540 958668 993538 1631192 1526618 1386338 1542996 105044 193696 240632 240366 261462 331150 610068 254596 339858 2073600 2073600 4 5 132276 994560 993600 55823 74331 46536 44577 5 5 20 21 108 4 4 4 4 1920 1080 
[ 2417.108534] MESSAGE_B= 4 4 4 43 66 1 192 0 248 179 0 2166 2081 2171 2056 2779 2551 2817 2566 680 626 751 666 181 169 182 155 0 31 255 255 234 231 54 144 52 157 0 0 0 0 0 0 0 0 66 1 43956 756320 1490772 333618 589540 958668 993538 1631192 1526618 1386338 1542996 105044 193696 240632 240366 261462 331150 610068 254596 339858 2073600 2073600 4 20 153653 990720 993600 52938 66596 60713 58746 5 5 20 20 109 4 4 4 4 1920 1080 
[ 2417.389148] MESSAGE_B= 4 4 4 40 51 1 192 0 248 179 0 2424 2164 2465 2151 2859 2620 2898 2633 679 513 716 535 230 392 224 369 0 31 255 255 237 243 66 140 84 145 0 0 0 0 0 0 0 0 51 1 208306 908382 1490772 333618 589540 958668 993538 1631192 1526618 1386338 1542996 105044 193696 240632 240366 261462 331150 610068 254596 339858 2073600 2073600 4 20 154439 994560 993600 46814 46083 57873 56256 5 5 20 20 109 4 4 4 4 1920 1080 
[ 2417.671814] MESSAGE_B= 4 4 4 30 52 1 192 0 248 179 0 2523 2323 2559 2302 2466 2623 2518 2639 741 724 788 749 319 276 316 265 0 31 255 255 254 251 223 1 221 26 0 0 0 0 0 0 0 0 52 1 52164 418204 1490772 333618 589540 958668 993538 1631192 1526618 1386338 1542996 105044 193696 240632 240366 261462 331150 610068 254596 339858 2073600 2073600 4 21 138891 990720 993600 43584 44599 55564 51520 5 5 20 20 104 4 4 4 4 1920 1080 
[ 2417.950962] MESSAGE_B= 4 4 4 22 67 1 192 0 248 179 0 2196 1993 2186 1945 2975 3412 3018 3427 722 631 795 679 228 253 224 252 0 31 255 254 252 253 40 61 78 91 0 0 0 0 0 0 0 0 67 1 133176 751800 1490772 333618 589540 958668 993538 1631192 1526618 1386338 1542996 105044 193696 240632 240366 261462 331150 610068 254596 339858 2073600 2073600 4 23 118889 994560 993600 49856 66404 44648 42538 5 5 23 23 121 4 4 4 4 1920 1080 
[ 2418.230814] MESSAGE_B= 4 4 4 87 47 4 192 0 248 179 0 2017 1872 1999 1819 3268 3363 3356 3359 625 507 709 545 318 422 297 419 0 24 254 253 241 252 30 12 33 18 0 0 0 0 0 0 0 0 47 4 36362 518768 1490772 333618 589540 958668 993538 1631192 1526618 1386338 1542996 105044 193696 240632 240366 261462 331150 610068 254596 339858 2073600 2073600 4 24 153579 990720 993600 54153 71719 66346 66439 5 5 24 24 121 4 4 4 4 1920 1080 
[ 2418.510814] MESSAGE_B= 4 4 4 104 91 2 192 0 248 179 0 2315 2112 2318 2103 3217 3215 3234 3165 702 552 743 586 187 247 182 256 0 25 255 255 246 246 122 218 143 226 0 0 0 0 2 2 2 2 91 2 194504 935252 1490772 333618 589540 958668 993538 1631192 1526618 1386338 1542996 105044 193696 240632 240366 261462 331150 610068 254596 339858 2073600 2073600 4 25 177078 994560 993600 52930 58684 77004 80786 5 5 25 25 112 4 4 4 4 1920 1080 
[ 2418.790808] MESSAGE_B= 4 4 4 132 55 2 192 0 248 179 0 2404 2228 2433 2236 3109 3182 3116 3171 603 492 626 508 238 339 216 341 0 25 254 255 247 251 135 163 138 180 0 0 0 0 0 0 2 2 55 2 60610 712338 1490772 333618 589540 958668 993538 1631192 1526618 1386338 1542996 105044 193696 240632 240366 261462 331150 610068 254596 339858 2073600 2073600 4 25 165505 990720 993600 46267 45216 68676 72412 5 5 25 25 129 4 4 4 4 1920 1080 
[ 2418.948818] MESSAGE_B= 4 4 4 112 36 4 192 0 248 179 0 2486 2302 2523 2332 3361 3419 3398 3449 669 555 700 588 365 451 363 432 0 31 254 254 254 255 57 91 73 107 0 0 0 0 0 0 0 0 36 4 138294 890822 1154316 1734050 1081362 1206388 804024 1024840 1393874 1393598 1442004 46606 198912 179390 83544 145256 110504 403938 185776 140270 2073600 2073600 4 25 150178 994560 993600 46665 45488 61724 64334 5 5 25 25 129 4 4 4 4 1920 1080 
[ 2419.227818] MESSAGE_B= 4 4 4 113 35 5 192 0 248 179 0 2329 2252 2354 2275 3021 2997 3041 2984 567 498 586 528 308 613 299 583 0 25 254 255 249 253 183 228 196 227 0 0 0 0 2 2 2 2 35 5 73654 486882 1154316 1734050 1081362 1206388 804024 1024840 1393874 1393598 1442004 46606 198912 179390 83544 145256 110504 403938 185776 140270 2073600 2073600 4 25 160134 990720 993600 49209 49217 70274 72126 5 5 25 25 129 4 4 4 4 1920 1080 
[ 2419.508809] MESSAGE_B= 4 4 4 84 62 3 192 0 248 179 0 2416 2299 2466 2335 2920 2853 2917 2826 492 424 502 436 489 707 457 665 0 31 255 255 252 253 236 217 229 217 0 0 0 0 2 2 2 2 62 3 117098 722208 1154316 1734050 1081362 1206388 804024 1024840 1393874 1393598 1442004 46606 198912 179390 83544 145256 110504 403938 185776 140270 2073600 2073600 4 25 136205 994560 993600 35873 35601 63341 67300 5 5 25 25 126 4 4 4 4 1920 1080 
[ 2419.788818] MESSAGE_B= 4 4 4 66 48 2 192 0 248 179 0 1293 1412 1255 1290 1400 1510 1361 1487 200 175 210 256 257 296 268 378 0 5 215 198 235 245 28 119 3 109 0 0 0 0 2 0 2 0 48 2 103586 877794 1154316 1734050 1081362 1206388 804024 1024840 1393874 1393598 1442004 46606 198912 179390 83544 145256 110504 403938 185776 140270 2073600 2073600 4 5 416659 990720 993600 97316 119650 98694 100999 5 5 5 5 252 4 4 4 4 1920 1080 
[ 2420.068947] MESSAGE_B= 4 0 4 5 27 2 192 0 248 179 0 1246 1727 1246 1801 1436 1949 1390 1985 217 342 256 371 336 351 343 391 0 5 204 245 223 244 47 31 72 2 2 2 2 2 2 0 2 2 27 2 245322 471960 1154316 1734050 1081362 1206388 804024 1024840 1393874 1393598 1442004 46606 198912 179390 83544 145256 110504 403938 185776 140270 2073600 2073600 4 5 382808 994560 993600 85906 107964 91979 96959 5 5 5 5 252 0 0 0 0 1920 1080 
[ 2420.347812] MESSAGE_B= 4 4 4 9 24 1 192 0 248 179 0 1311 1450 1265 1433 1334 1496 1323 1500 70 146 66 199 81 176 95 204 0 31 223 245 246 254 15 146 19 201 0 0 0 0 0 0 0 0 24 1 179100 402812 1154316 1734050 1081362 1206388 804024 1024840 1393874 1393598 1442004 46606 198912 179390 83544 145256 110504 403938 185776 140270 2073600 2073600 4 5 218114 990720 993600 68423 71906 52390 51141 6 5 5 5 72 4 4 4 4 1920 1080 
[ 2420.625819] MESSAGE_B= 4 4 4 10 25 2 192 0 248 179 0 1483 1700 1488 1703 1383 1846 1311 1902 135 276 218 326 145 238 195 271 0 5 225 249 221 251 52 148 23 122 0 2 2 0 2 2 2 2 25 2 233652 321084 1154316 1734050 1081362 1206388 804024 1024840 1393874 1393598 1442004 46606 198912 179390 83544 145256 110504 403938 185776 140270 2073600 2073600 4 5 385462 994560 993600 94024 109286 88919 93233 5 5 5 5 72 4 4 4 4 1920 1080 
[ 2420.904827] MESSAGE_B= 4 4 4 12 30 2 192 0 248 179 0 1406 1813 1398 1853 1366 1826 1339 1884 289 270 380 307 126 271 160 259 0 5 235 251 171 238 17 117 41 99 0 0 2 2 2 2 2 2 30 2 159088 334772 1154316 1734050 1081362 1206388 804024 1024840 1393874 1393598 1442004 46606 198912 179390 83544 145256 110504 403938 185776 140270 2073600 2073600 4 5 391645 990720 993600 97548 104614 91820 97663 5 5 5 5 70 4 4 4 4 1920 1080 
[ 2421.184848] MESSAGE_B= 4 0 4 9 27 2 192 0 248 179 0 1522 2216 1576 2256 1497 1812 1546 1831 270 455 295 522 339 296 557 240 0 5 239 253 224 244 48 30 111 139 2 0 2 2 2 2 2 2 27 2 255220 355802 1154316 1734050 1081362 1206388 804024 1024840 1393874 1393598 1442004 46606 198912 179390 83544 145256 110504 403938 185776 140270 2073600 2073600 4 5 404875 994560 993600 106790 108642 92698 96745 5 5 5 5 67 0 0 0 0 1920 1080 
[ 2421.466813] MESSAGE_B= 4 4 4 12 27 2 192 0 248 179 0 1342 1700 1317 1743 1509 1524 1519 1524 56 261 42 312 207 125 227 138 0 31 246 255 254 253 40 64 22 88 0 0 0 0 0 0 0 0 27 2 152940 303216 400270 887070 1076398 1159190 980222 468282 431346 706198 352726 158220 313512 150366 72194 433820 303724 958368 324144 265418 2073600 2073600 4 5 242879 990720 993600 61296 72371 51377 57835 5 5 5 5 65 4 4 4 4 1920 1080 
[ 2421.744806] MESSAGE_B= 4 4 4 19 25 2 192 0 248 179 0 1413 2114 1425 2168 1770 1956 1882 2042 173 242 208 268 233 313 334 350 0 5 233 247 216 248 71 123 58 136 0 0 2 0 2 2 2 2 25 2 289754 432852 400270 887070 1076398 1159190 980222 468282 431346 706198 352726 158220 313512 150366 72194 433820 303724 958368 324144 265418 2073600 2073600 4 5 397070 994560 993600 107612 105769 89140 94549 5 5 5 5 66 4 4 4 4 1920 1080 
[ 2422.031379] MESSAGE_B= 4 4 4 21 25 2 192 0 248 179 0 1153 1993 1154 2029 1796 1841 1935 1873 75 302 70 344 183 167 219 199 0 5 193 253 222 241 189 147 200 167 0 0 2 0 2 2 2 2 25 2 145686 355666 400270 887070 1076398 1159190 980222 468282 431346 706198 352726 158220 313512 150366 72194 433820 303724 958368 324144 265418 2073600 2073600 4 5 402546 990720 993600 110567 109381 89393 93205 5 5 5 5 66 4 4 4 4 1920 1080 
[ 2422.188821] MESSAGE_B= 4 4 4 17 24 1 192 0 248 179 0 1440 1887 1532 1916 1707 1845 1824 1814 494 310 507 350 139 161 237 219 0 5 251 250 235 214 32 163 140 181 0 0 2 0 2 2 2 2 24 1 289500 499916 400270 887070 1076398 1159190 980222 468282 431346 706198 352726 158220 313512 150366 72194 433820 303724 958368 324144 265418 2073600 2073600 4 5 403855 994560 993600 110269 107931 92804 92851 5 5 5 5 63 4 4 4 4 1920 1080 
[ 2422.475487] MESSAGE_B= 4 4 4 10 26 2 192 0 248 179 0 1586 1645 1603 1665 1581 1641 1608 1642 181 222 210 261 116 196 128 201 0 5 246 242 233 234 28 107 27 11 0 0 0 0 2 2 2 2 26 2 127956 330274 400270 887070 1076398 1159190 980222 468282 431346 706198 352726 158220 313512 150366 72194 433820 303724 958368 324144 265418 2073600 2073600 4 5 422252 990720 993600 110037 107671 102136 102408 5 5 5 5 61 4 4 4 4 1920 1080 
[ 2422.755811] MESSAGE_B= 4 4 4 11 28 2 192 0 248 179 0 1595 1870 1590 1916 1603 1902 1624 1856 159 286 183 344 107 188 116 252 0 5 237 251 195 241 7 162 20 153 0 0 0 0 2 2 2 2 28 2 253876 525368 400270 887070 1076398 1159190 980222 468282 431346 706198 352726 158220 313512 150366 72194 433820 303724 958368 324144 265418 2073600 2073600 4 5 411813 994560 993600 105993 103878 100958 100984 5 5 5 5 57 4 4 4 4 1920 1080 
[ 2423.034812] MESSAGE_B= 4 4 4 17 31 2 192 0 248 179 0 1913 2192 1965 2294 1877 1996 2029 1940 597 284 596 317 197 198 277 256 0 5 251 235 203 200 152 112 136 126 2 0 0 0 2 2 2 2 31 2 141296 475156 400270 887070 1076398 1159190 980222 468282 431346 706198 352726 158220 313512 150366 72194 433820 303724 958368 324144 265418 2073600 2073600 4 5 393423 990720 993600 103077 101197 94260 94889 5 5 5 5 51 4 4 4 4 1920 1080 
[ 2423.314813] MESSAGE_B= 4 4 4 25 31 1 192 0 248 179 0 1872 2139 1964 2267 1818 1992 1930 2006 602 304 616 314 246 199 310 272 0 5 252 231 238 243 144 153 170 32 0 0 0 0 2 2 2 2 31 1 205818 469480 400270 887070 1076398 1159190 980222 468282 431346 706198 352726 158220 313512 150366 72194 433820 303724 958368 324144 265418 2073600 2073600 4 5 377487 994560 993600 99422 98297 89943 89825 5 5 5 5 57 4 4 4 4 1920 1080 
[ 2423.594674] MESSAGE_B= 4 4 4 25 36 2 192 0 248 179 0 1842 2182 1986 2326 1746 1945 1842 1959 563 333 560 335 396 264 445 324 0 5 253 233 239 247 182 16 161 20 0 0 0 0 2 2 2 2 36 2 134876 550974 400270 887070 1076398 1159190 980222 468282 431346 706198 352726 158220 313512 150366 72194 433820 303724 958368 324144 265418 2073600 2073600 4 5 368795 990720 993600 95561 94419 91069 87746 5 5 5 5 58 4 4 4 4 1920 1080 
[ 2423.873920] MESSAGE_B= 4 4 4 24 34 2 192 0 248 179 0 1987 2156 2122 2264 1819 2008 1887 2039 327 539 331 574 205 350 227 411 0 5 252 244 231 250 88 17 72 42 0 0 0 2 2 2 2 2 34 2 219040 479478 676628 138832 123646 507374 532480 621654 243360 639462 686190 175762 138876 572530 210944 378326 206484 1094488 261416 148384 2073600 2073600 4 5 362270 994560 993600 90293 90066 92385 89526 5 5 5 5 58 4 4 4 4 1920 1080 
[ 2424.153823] MESSAGE_B= 4 4 4 24 37 2 192 0 248 179 0 2163 2214 2266 2342 1885 2031 1978 2033 256 449 272 451 399 272 419 384 0 5 252 250 245 249 86 71 198 102 0 0 0 0 2 2 2 2 37 2 168424 695600 676628 138832 123646 507374 532480 621654 243360 639462 686190 175762 138876 572530 210944 378326 206484 1094488 261416 148384 2073600 2073600 4 5 364202 990720 993600 89102 90998 91779 92323 5 5 5 5 56 4 4 4 4 1920 1080 
[ 2424.431808] MESSAGE_B= 4 4 4 20 45 2 192 0 248 179 0 1957 2088 2116 2201 1888 2195 2106 2107 273 313 313 317 387 231 538 391 0 5 227 253 241 236 138 175 97 132 0 0 0 0 2 2 2 2 45 2 214492 390244 676628 138832 123646 507374 532480 621654 243360 639462 686190 175762 138876 572530 210944 378326 206484 1094488 261416 148384 2073600 2073600 4 5 328029 994560 993600 77855 79493 85307 85374 5 5 5 5 62 4 4 4 4 1920 1080 
[ 2424.720096] MESSAGE_B= 4 4 4 27 48 2 192 0 248 179 0 1906 1946 2008 2038 1956 2001 2143 1883 207 357 222 400 171 95 217 228 0 5 251 252 237 184 141 94 112 159 0 0 0 0 2 2 2 2 48 2 149312 824120 676628 138832 123646 507374 532480 621654 243360 639462 686190 175762 138876 572530 210944 378326 206484 1094488 261416 148384 2073600 2073600 4 5 298005 990720 993600 57432 62303 89119 89151 5 5 5 5 62 4 4 4 4 1920 1080 
[ 2424.877810] MESSAGE_B= 4 4 4 33 36 2 192 0 248 179 0 1930 1748 2050 1822 1917 2092 2064 1962 263 414 268 463 149 208 204 236 0 5 249 252 217 218 58 37 64 148 0 0 0 0 2 2 2 2 36 2 219916 419648 676628 138832 123646 507374 532480 621654 243360 639462 686190 175762 138876 572530 210944 378326 206484 1094488 261416 148384 2073600 2073600 4 5 290031 994560 993600 51289 56422 92253 90067 5 5 5 5 62 4 4 4 4 1920 1080 
[ 2425.156815] MESSAGE_B= 4 4 4 33 36 2 192 0 248 179 0 2138 1887 2252 1963 1765 2141 1935 2016 341 274 353 304 93 124 129 208 0 5 253 252 196 223 1 17 29 207 2 0 0 0 2 2 2 2 36 2 140542 734522 676628 138832 123646 507374 532480 621654 243360 639462 686190 175762 138876 572530 210944 378326 206484 1094488 261416 148384 2073600 2073600 4 5 281835 990720 993600 50204 47666 96611 97804 17 5 5 5 62 4 4 4 4 1920 1080 
[ 2425.438812] MESSAGE_B= 4 4 4 32 33 2 192 0 248 179 0 2090 2026 2217 2136 1800 1890 1999 1719 403 247 395 268 138 128 262 209 0 5 252 252 204 9 147 61 124 151 0 0 0 2 2 2 2 2 33 2 161444 545650 676628 138832 123646 507374 532480 621654 243360 639462 686190 175762 138876 572530 210944 378326 206484 1094488 261416 148384 2073600 2073600 4 5 293210 994560 993600 50256 46591 104197 105118 17 18 5 5 62 4 4 4 4 1920 1080 
[ 2425.721809] MESSAGE_B= 4 4 4 28 45 2 192 0 248 179 0 2042 2220 2156 2325 1835 2042 1925 2087 377 525 382 562 180 371 251 473 0 5 254 255 237 253 6 26 89 49 0 0 0 2 2 2 2 2 45 2 161188 824554 676628 138832 123646 507374 532480 621654 243360 639462 686190 175762 138876 572530 210944 378326 206484 1094488 261416 148384 2073600 2073600 4 5 261552 990720 993600 51219 47485 98490 92974 17 18 5 5 59 4 4 4 4 1920 1080 
[ 2426.003803] MESSAGE_B= 4 4 4 40 52 2 192 0 248 179 0 2009 2290 2134 2397 2104 2418 2035 2506 365 647 374 662 264 638 492 718 0 5 253 255 213 254 128 86 34 78 0 0 0 2 2 2 2 2 52 2 179968 706904 676628 138832 123646 507374 532480 621654 243360 639462 686190 175762 138876 572530 210944 378326 206484 1094488 261416 148384 2073600 2073600 4 5 223191 994560 993600 54738 49114 86977 78151 17 18 5 5 66 4 4 4 4 1920 1080 
[ 2426.285824] MESSAGE_B= 4 0 4 8 21 2 192 0 248 179 0 1659 2138 1694 2312 1935 2460 2027 2586 344 412 315 459 298 597 381 582 0 5 225 203 239 240 88 147 155 115 2 0 2 2 2 2 2 2 21 2 150136 953768 1319540 62036 732078 1032966 993646 1202312 502250 1406022 1438280 139054 135326 318274 347670 208428 191650 675066 447820 164508 2073600 2073600 4 5 380863 990720 993600 76068 97152 97803 109840 5 5 5 5 79 0 0 0 0 1920 1080 
[ 2426.568220] MESSAGE_B= 4 4 4 5 26 2 192 0 248 179 0 1624 1990 1610 2032 1770 1860 1793 1897 225 415 222 434 138 320 164 302 0 31 240 255 249 253 16 72 47 56 0 0 0 0 0 0 0 0 26 2 137446 426384 1319540 62036 732078 1032966 993646 1202312 502250 1406022 1438280 139054 135326 318274 347670 208428 191650 675066 447820 164508 2073600 2073600 4 5 191974 994560 993600 52338 46342 55628 63899 5 4 6 5 79 4 4 4 4 1920 1080 
[ 2426.847801] MESSAGE_B= 4 4 4 4 26 3 192 0 248 179 0 1885 2459 1938 2506 1821 2013 1854 2075 278 283 327 338 209 294 250 300 0 5 232 247 214 227 112 40 10 20 0 0 0 0 2 2 2 2 26 3 141796 665458 1319540 62036 732078 1032966 993646 1202312 502250 1406022 1438280 139054 135326 318274 347670 208428 191650 675066 447820 164508 2073600 2073600 4 5 326348 990720 993600 60343 74274 89091 102640 5 5 5 5 78 4 4 4 4 1920 1080 
[ 2427.134813] MESSAGE_B= 4 4 4 4 26 3 192 0 248 179 0 2180 2444 2293 2557 1733 2020 1779 2087 282 304 323 348 176 215 215 193 0 5 232 251 221 227 189 130 221 152 0 0 2 2 2 2 2 2 26 3 105810 497458 1319540 62036 732078 1032966 993646 1202312 502250 1406022 1438280 139054 135326 318274 347670 208428 191650 675066 447820 164508 2073600 2073600 4 5 305916 994560 993600 46812 71299 84426 103379 5 5 5 5 77 4 4 4 4 1920 1080 
[ 2427.413815] MESSAGE_B= 4 4 4 9 34 1 192 0 248 179 0 2306 2786 2413 2872 1938 2214 2048 2321 309 570 321 620 252 319 321 354 0 5 236 253 245 247 166 115 151 132 0 2 0 0 2 0 2 2 34 1 143896 569166 1319540 62036 732078 1032966 993646 1202312 502250 1406022 1438280 139054 135326 318274 347670 208428 191650 675066 447820 164508 2073600 2073600 4 5 249992 990720 993600 39541 72126 61603 80425 6 5 5 5 80 4 4 4 4 1920 1080 
[ 2427.571871] MESSAGE_B= 4 4 4 25 36 1 192 0 248 179 0 2474 2958 2595 2994 2034 2256 2138 2374 353 734 334 768 306 353 341 355 0 5 236 255 249 244 65 104 32 147 0 2 0 0 0 0 0 2 36 1 149356 390892 1319540 62036 732078 1032966 993646 1202312 502250 1406022 1438280 139054 135326 318274 347670 208428 191650 675066 447820 164508 2073600 2073600 4 5 213993 994560 993600 35150 65931 48338 66877 6 5 5 5 84 4 4 4 4 1920 1080 
[ 2427.852815] MESSAGE_B= 4 4 4 48 43 1 192 0 248 179 0 2430 2567 2480 2598 1891 2563 1932 2639 258 730 282 756 182 560 202 579 0 31 253 255 255 255 103 112 97 113 0 0 0 0 0 0 0 0 43 1 74822 534402 1319540 62036 732078 1032966 993646 1202312 502250 1406022 1438280 139054 135326 318274 347670 208428 191650 675066 447820 164508 2073600 2073600 4 5 190949 990720 993600 40610 72399 36503 51895 6 5 5 5 87 4 4 4 4 1920 1080 
[ 2428.133817] MESSAGE_B= 4 4 4 56 34 1 192 0 248 179 0 2375 2506 2415 2540 1881 2703 1919 2775 255 618 272 633 172 580 178 605 0 31 251 255 254 255 202 152 201 156 0 0 0 0 0 0 0 0 34 1 206510 537502 1319540 62036 732078 1032966 993646 1202312 502250 1406022 1438280 139054 135326 318274 347670 208428 191650 675066 447820 164508 2073600 2073600 4 5 223937 994560 993600 43401 82636 42368 55532 5 5 5 5 87 4 4 4 4 1920 1080 
[ 2428.413974] MESSAGE_B= 4 4 4 44 34 1 192 0 248 179 0 2307 2524 2343 2555 1888 2506 1924 2560 299 565 322 583 116 604 122 628 0 31 253 255 250 254 94 65 103 65 0 0 0 0 0 0 0 0 34 1 79932 344804 1319540 62036 732078 1032966 993646 1202312 502250 1406022 1438280 139054 135326 318274 347670 208428 191650 675066 447820 164508 2073600 2073600 4 5 232444 990720 993600 44179 83125 45883 59257 5 5 5 5 85 4 4 4 4 1920 1080 
[ 2428.692807] MESSAGE_B= 4 4 4 42 29 1 192 0 248 179 0 2301 2483 2333 2516 1917 2622 1955 2676 328 517 357 533 133 747 147 775 0 31 253 255 250 255 76 44 89 44 0 0 0 0 0 0 0 0 29 1 183992 615550 681032 455142 351062 696386 567424 755400 299466 634534 687462 204196 214854 362056 202292 136556 119544 562460 278212 196730 2073600 2073600 4 5 232532 994560 993600 44907 84958 44776 57891 5 5 5 5 78 4 4 4 4 1920 1080 
[ 2428.979150] MESSAGE_B= 4 4 4 48 31 1 192 0 248 179 0 2339 2478 2374 2509 1964 2770 2005 2829 328 527 358 543 204 823 216 852 0 31 253 255 254 255 107 55 113 58 0 0 0 0 0 0 0 0 31 1 68548 293424 681032 455142 351062 696386 567424 755400 299466 634534 687462 204196 214854 362056 202292 136556 119544 562460 278212 196730 2073600 2073600 4 5 216766 990720 993600 42493 83273 38951 52144 6 5 5 5 83 4 4 4 4 1920 1080 
[ 2429.264414] MESSAGE_B= 4 4 4 62 38 1 192 0 248 179 0 2367 2470 2406 2498 2032 2927 2079 2989 340 454 367 475 215 847 231 868 0 31 254 255 254 255 71 79 75 81 0 0 0 0 0 0 0 0 38 1 221230 693696 681032 455142 351062 696386 567424 755400 299466 634534 687462 204196 214854 362056 202292 136556 119544 562460 278212 196730 2073600 2073600 4 5 194832 994560 993600 46581 78991 35480 46757 6 5 5 5 84 4 4 4 4 1920 1080 
[ 2429.429728] MESSAGE_B= 4 4 4 66 36 1 192 0 248 179 0 2370 2474 2408 2506 2097 3021 2149 3077 327 434 361 456 290 848 313 874 0 31 253 255 255 255 108 95 109 96 0 0 0 0 0 0 0 0 36 1 70632 244270 681032 455142 351062 696386 567424 755400 299466 634534 687462 204196 214854 362056 202292 136556 119544 562460 278212 196730 2073600 2073600 4 5 196830 990720 993600 45376 82258 34277 43651 6 5 5 5 84 4 4 4 4 1920 1080 
[ 2429.710809] MESSAGE_B= 4 4 4 70 36 1 192 0 248 179 0 2304 2440 2335 2478 2037 3167 2092 3218 367 419 399 436 252 871 270 885 0 31 254 255 254 255 119 102 115 102 0 0 0 0 0 0 0 0 36 1 234326 806982 681032 455142 351062 696386 567424 755400 299466 634534 687462 204196 214854 362056 202292 136556 119544 562460 278212 196730 2073600 2073600 4 5 211191 994560 993600 43362 90722 34560 43504 6 5 5 5 84 4 4 4 4 1920 1080 
[ 2429.990803] MESSAGE_B= 4 4 4 61 40 2 192 0 248 179 0 2287 2433 2316 2476 1901 3300 1940 3353 410 409 439 433 179 828 185 835 0 31 254 255 253 255 123 81 113 83 0 0 0 0 0 0 0 0 40 2 82616 237432 681032 455142 351062 696386 567424 755400 299466 634534 687462 204196 214854 362056 202292 136556 119544 562460 278212 196730 2073600 2073600 4 5 235569 990720 993600 50405 100962 38760 45442 5 5 5 5 84 4 4 4 4 1920 1080 
[ 2430.268815] MESSAGE_B= 4 4 4 60 39 3 192 0 248 179 0 2310 2406 2344 2448 1913 3304 1948 3365 433 380 462 411 169 667 195 665 0 31 255 255 253 255 134 24 127 25 0 0 0 0 0 0 0 0 39 3 230938 866298 681032 455142 351062 696386 567424 755400 299466 634534 687462 204196 214854 362056 202292 136556 119544 562460 278212 196730 2073600 2073600 4 5 255458 994560 993600 58995 105486 41938 49039 5 5 5 5 80 4 4 4 4 1920 1080 
[ 2430.561811] MESSAGE_B= 4 4 4 58 43 3 192 0 248 179 0 1898 2386 1923 2631 2594 3357 2760 3477 245 376 283 483 527 519 539 457 0 5 236 220 248 253 163 48 77 99 2 2 0 0 2 0 2 2 43 3 88314 357992 681032 455142 351062 696386 567424 755400 299466 634534 687462 204196 214854 362056 202292 136556 119544 562460 278212 196730 2073600 2073600 4 5 258144 990720 993600 66865 108826 38125 44624 5 5 25 5 77 4 4 4 4 1920 1080 
[ 2430.819809] MESSAGE_B= 4 4 4 64 40 3 192 0 248 179 0 2090 2410 2269 2699 2748 3451 2909 3556 438 347 620 490 621 472 657 432 0 5 235 196 250 250 75 33 175 133 2 2 0 0 2 0 2 2 40 3 222528 935246 681032 455142 351062 696386 567424 755400 299466 634534 687462 204196 214854 362056 202292 136556 119544 562460 278212 196730 2073600 2073600 4 5 254801 994560 993600 73321 108936 44103 47991 5 5 25 25 77 4 4 4 4 1920 1080 
[ 2430.985492] MESSAGE_B= 4 4 4 72 34 3 192 0 248 179 0 2293 2276 2338 2317 2355 3259 2405 3315 373 338 416 364 363 594 380 573 0 31 255 255 254 255 117 14 107 11 0 0 0 0 0 0 0 0 34 3 91784 450356 1167578 307036 848586 760924 849480 867140 1013072 1086772 1084624 304642 236358 241710 279246 274188 209614 544780 217154 263698 2073600 2073600 4 5 215412 990720 993600 54222 97739 44520 49907 5 5 25 25 82 4 4 4 4 1920 1080 
[ 2431.270443] MESSAGE_B= 4 4 4 78 40 3 192 0 248 179 0 1189 1250 1201 1292 1557 2073 1596 2118 141 134 155 139 352 416 370 399 0 16 248 253 254 255 130 96 40 0 0 0 0 0 2 2 2 2 40 3 261916 965224 1167578 307036 848586 760924 849480 867140 1013072 1086772 1084624 304642 236358 241710 279246 274188 209614 544780 217154 263698 2073600 2073600 4 17 203102 994560 993600 84334 83269 46867 49127 16 17 19 19 82 4 4 4 4 1920 1080 
[ 2431.551016] MESSAGE_B= 4 4 4 75 41 3 192 0 248 179 0 731 709 749 712 572 613 581 624 137 115 160 127 48 97 54 97 0 31 255 255 228 252 142 116 152 144 0 2 0 0 0 2 0 2 41 3 83270 604164 1167578 307036 848586 760924 849480 867140 1013072 1086772 1084624 304642 236358 241710 279246 274188 209614 544780 217154 263698 2073600 2073600 4 14 258597 990720 993600 69348 70281 60203 64140 13 14 15 15 78 4 4 4 4 1920 1080 

