[ 2235.490990] MESSAGE_B= 4 4 0 248 0 0 192 0 248 179 0 0 1616 0 1671 1455 1606 1427 1653 0 0 0 0 0 0 0 0 1 12 255 255 255 255 0 0 0 0 0 0 0 0 0 0 0 0 0 0 1480 187658 35648 178498 183962 2 2 2 29312 61382 2 3382 138710 174694 2 2 2 13446 8542 2 2073600 2073600 5 12 466392 990720 993600 114718 114657 118521 118496 12 12 12 12 47 4 4 4 4 1920 1080 
[ 2235.772031] MESSAGE_B= 4 4 4 248 0 0 192 0 248 179 0 0 1643 0 1695 1497 1624 1462 1665 0 0 0 0 0 0 0 0 1 12 255 255 255 255 0 0 0 0 0 0 0 0 0 0 0 0 0 0 1246 131744 35648 178498 183962 2 2 2 29312 61382 2 3382 138710 174694 2 2 2 13446 8542 2 2073600 2073600 5 12 465425 994560 993600 114302 114292 118414 118417 12 12 12 12 50 4 4 4 4 1920 1080 
[ 2236.043799] MESSAGE_B= 4 4 4 247 0 0 192 0 248 179 0 0 1647 0 1693 1601 1632 1564 1675 0 0 0 0 0 0 0 0 1 12 255 255 255 255 0 0 0 0 0 0 0 0 0 0 0 0 0 0 2274 199876 35648 178498 183962 2 2 2 29312 61382 2 3382 138710 174694 2 2 2 13446 8542 2 2073600 2073600 5 12 464990 990720 993600 113700 113722 118784 118784 12 12 12 12 50 4 4 4 4 1920 1080 
[ 2236.320800] MESSAGE_B= 4 4 4 247 0 0 192 0 248 179 0 0 1670 0 1726 1584 1639 1546 1674 0 0 0 0 0 0 0 0 1 12 255 255 255 255 0 0 0 0 0 0 0 0 0 0 0 0 0 0 1612 135092 35648 178498 183962 2 2 2 29312 61382 2 3382 138710 174694 2 2 2 13446 8542 2 2073600 2073600 5 12 464285 994560 993600 112614 112625 119519 119527 12 12 12 12 42 4 4 4 4 1920 1080 
[ 2236.594809] MESSAGE_B= 4 4 4 247 0 0 192 0 248 179 0 0 1674 0 1725 1392 1621 1363 1650 0 0 0 0 0 0 0 0 1 12 255 255 255 255 0 0 0 0 0 0 0 0 0 0 0 0 0 0 1804 220248 35648 178498 183962 2 2 2 29312 61382 2 3382 138710 174694 2 2 2 13446 8542 2 2073600 2073600 5 12 463815 990720 993600 111363 111390 120537 120525 12 12 12 12 37 4 4 4 4 1920 1080 
[ 2236.874730] MESSAGE_B= 4 4 4 247 0 0 192 0 248 179 0 0 1680 0 1735 1290 1649 1269 1671 0 0 0 0 0 0 0 0 1 12 255 255 255 255 0 0 0 0 0 0 0 0 0 0 0 0 0 0 1992 110254 35648 178498 183962 2 2 2 29312 61382 2 3382 138710 174694 2 2 2 13446 8542 2 2073600 2073600 5 12 460759 994560 993600 109831 109821 120557 120550 12 12 12 12 48 4 4 4 4 1920 1080 
[ 2237.029819] MESSAGE_B= 4 4 4 245 0 0 192 0 248 179 0 0 1701 0 1755 1171 1639 1150 1657 0 0 0 0 0 0 0 0 1 12 255 255 255 255 0 0 0 0 0 0 0 0 0 0 0 0 0 0 1630 262788 35648 178498 183962 2 2 2 29312 61382 2 3382 138710 174694 2 2 2 13446 8542 2 2073600 2073600 5 12 460884 990720 993600 109766 109780 120670 120668 12 12 12 12 48 4 4 4 4 1920 1080 
[ 2237.305813] MESSAGE_B= 4 4 4 245 0 0 192 0 248 179 0 0 1706 0 1755 1031 1663 1015 1682 0 0 0 0 0 0 0 0 1 12 255 255 255 255 0 0 0 0 0 0 0 0 0 0 0 0 0 0 2564 103150 209148 99606 122006 128954 71888 88220 171344 154350 196236 804 8848 11514 884 1766 878 12300 5662 1710 2073600 2073600 5 12 460716 994560 993600 109625 109630 120731 120730 12 12 12 12 48 4 4 4 4 1920 1080 
[ 2237.579807] MESSAGE_B= 4 4 4 245 0 0 192 0 248 179 0 0 1690 0 1738 941 1674 926 1696 0 0 0 0 0 0 0 0 1 12 255 255 255 255 0 0 0 0 0 0 0 0 0 0 0 0 0 0 1828 276882 209148 99606 122006 128954 71888 88220 171344 154350 196236 804 8848 11514 884 1766 878 12300 5662 1710 2073600 2073600 5 12 460126 990720 993600 109495 109509 120564 120558 12 12 12 12 41 4 4 4 4 1920 1080 
[ 2237.854808] MESSAGE_B= 4 4 4 245 0 0 192 0 248 179 0 0 1738 0 1794 942 1711 927 1735 0 0 0 0 0 0 0 0 1 12 255 255 255 255 0 0 0 0 0 0 0 0 0 0 0 0 0 0 2000 82244 209148 99606 122006 128954 71888 88220 171344 154350 196236 804 8848 11514 884 1766 878 12300 5662 1710 2073600 2073600 5 12 459184 994560 993600 109236 109206 120369 120373 12 12 12 12 39 4 4 4 4 1920 1080 
[ 2238.134348] MESSAGE_B= 4 4 4 245 0 0 192 0 248 179 0 0 1730 0 1780 947 1696 935 1718 0 0 0 0 0 0 0 0 1 12 255 255 255 255 0 0 0 0 0 0 0 0 0 0 0 0 0 0 1318 262078 209148 99606 122006 128954 71888 88220 171344 154350 196236 804 8848 11514 884 1766 878 12300 5662 1710 2073600 2073600 5 12 458702 990720 993600 108961 108927 120405 120409 12 12 12 12 23 4 4 4 4 1920 1080 
[ 2238.408813] MESSAGE_B= 4 4 4 245 0 0 192 0 248 179 0 0 1770 0 1820 949 1708 936 1730 0 0 0 0 0 0 0 0 1 12 255 255 255 255 0 0 0 0 0 0 0 0 0 0 0 0 0 0 1460 76848 209148 99606 122006 128954 71888 88220 171344 154350 196236 804 8848 11514 884 1766 878 12300 5662 1710 2073600 2073600 5 12 457716 994560 993600 108639 108629 120225 120223 12 12 12 12 19 4 4 4 4 1920 1080 
[ 2238.684844] MESSAGE_B= 4 4 4 245 0 0 192 0 248 179 0 0 1767 0 1813 958 1704 942 1726 0 0 0 0 0 0 0 0 1 12 255 255 255 255 0 0 0 0 0 0 0 0 0 0 0 0 0 0 1344 264770 209148 99606 122006 128954 71888 88220 171344 154350 196236 804 8848 11514 884 1766 878 12300 5662 1710 2073600 2073600 5 12 457217 990720 993600 108536 108566 120054 120061 12 12 12 12 16 4 4 4 4 1920 1080 
[ 2238.839014] MESSAGE_B= 4 4 4 245 0 0 192 0 248 179 0 0 1784 0 1838 960 1744 945 1769 0 0 0 0 0 0 0 0 1 12 255 255 255 255 0 0 0 0 0 0 0 0 0 0 0 0 0 0 1494 79074 209148 99606 122006 128954 71888 88220 171344 154350 196236 804 8848 11514 884 1766 878 12300 5662 1710 2073600 2073600 5 12 456532 994560 993600 108226 108213 120052 120041 12 12 12 12 15 4 4 4 4 1920 1080 
[ 2239.124806] MESSAGE_B= 4 4 4 245 0 0 192 0 248 179 0 0 1771 0 1822 965 1733 951 1759 0 0 0 0 0 0 0 0 1 12 255 255 255 255 0 0 0 0 0 0 0 0 0 0 0 0 0 0 1336 269576 209148 99606 122006 128954 71888 88220 171344 154350 196236 804 8848 11514 884 1766 878 12300 5662 1710 2073600 2073600 5 12 456069 990720 993600 108149 108128 119901 119891 12 12 12 12 18 4 4 4 4 1920 1080 
[ 2239.398811] MESSAGE_B= 4 4 4 244 0 0 192 0 248 179 0 0 1797 0 1848 973 1756 960 1781 0 0 0 0 0 0 0 0 1 12 255 255 255 255 0 0 0 0 0 0 0 0 0 0 0 0 0 0 1340 81578 209148 99606 122006 128954 71888 88220 171344 154350 196236 804 8848 11514 884 1766 878 12300 5662 1710 2073600 2073600 5 12 455349 994560 993600 107870 107852 119816 119811 12 12 12 12 18 4 4 4 4 1920 1080 
[ 2239.674796] MESSAGE_B= 4 4 4 244 0 0 192 0 248 179 0 0 1784 0 1832 971 1775 956 1799 0 0 0 0 0 0 0 0 1 12 255 255 255 255 0 0 0 0 0 0 0 0 0 0 0 0 0 0 1468 274896 234724 247352 272084 221786 167894 115694 289648 276146 228516 512 3034 4832 1226 1322 1518 7028 2484 1218 2073600 2073600 5 12 455072 990720 993600 107789 107791 119743 119749 12 12 12 12 32 4 4 4 4 1920 1080 
[ 2239.953797] MESSAGE_B= 4 4 4 244 0 0 192 0 248 179 0 0 1754 0 1801 930 1716 914 1737 0 0 0 0 0 0 0 0 1 12 255 255 255 255 0 0 0 0 0 0 0 0 0 0 0 0 0 0 1430 83892 234724 247352 272084 221786 167894 115694 289648 276146 228516 512 3034 4832 1226 1322 1518 7028 2484 1218 2073600 2073600 5 12 456995 994560 993600 108584 108606 119893 119912 12 12 12 12 39 4 4 4 4 1920 1080 
[ 2240.232996] MESSAGE_B= 4 4 4 244 0 1 192 0 248 179 0 0 1584 0 1629 812 1556 792 1554 0 0 0 0 0 0 0 0 1 12 255 255 255 255 0 0 0 0 0 0 0 0 0 0 0 0 0 1 1796 277466 234724 247352 272084 221786 167894 115694 289648 276146 228516 512 3034 4832 1226 1322 1518 7028 2484 1218 2073600 2073600 5 12 464033 990720 993600 110862 110947 121075 121149 12 12 12 12 42 4 4 4 4 1920 1080 
[ 2240.516834] MESSAGE_B= 4 4 4 244 11 1 192 0 248 179 0 913 849 912 854 776 724 775 726 565 424 567 434 74 114 77 108 0 12 255 254 255 255 56 0 187 14 0 0 0 0 2 2 2 2 11 1 2296 83574 234724 247352 272084 221786 167894 115694 289648 276146 228516 512 3034 4832 1226 1322 1518 7028 2484 1218 2073600 2073600 5 12 341438 994560 993600 117331 117625 57062 57655 12 12 0 0 83 4 4 4 4 1920 1080 
[ 2240.793806] MESSAGE_B= 4 4 4 47 10 1 192 0 248 179 0 1061 1181 1051 1182 1533 1186 1543 1183 265 202 268 199 595 288 593 279 0 12 253 255 255 253 28 35 28 39 0 0 0 0 0 2 0 2 10 1 7818 262894 234724 247352 272084 221786 167894 115694 289648 276146 228516 512 3034 4832 1226 1322 1518 7028 2484 1218 2073600 2073600 5 12 196690 990720 993600 80348 79952 72416 72922 12 12 0 0 83 4 4 4 4 1920 1080 
[ 2240.949813] MESSAGE_B= 4 4 4 50 11 1 192 0 248 179 0 821 1071 821 1074 1798 1407 1798 1409 149 199 147 194 956 413 959 405 0 0 255 255 255 255 8 92 21 97 0 0 0 0 2 2 2 2 11 1 10472 620812 234724 247352 272084 221786 167894 115694 289648 276146 228516 512 3034 4832 1226 1322 1518 7028 2484 1218 2073600 2073600 5 0 147978 994560 993600 38342 38097 73131 73548 12 12 0 0 58 4 4 4 4 1920 1080 
[ 2241.225808] MESSAGE_B= 4 4 4 53 13 1 192 0 248 179 0 865 1132 866 1136 1896 1497 1892 1494 156 215 151 207 1015 433 1012 426 0 0 255 255 255 255 6 93 24 97 0 0 0 0 2 2 2 2 13 1 12000 790342 234724 247352 272084 221786 167894 115694 289648 276146 228516 512 3034 4832 1226 1322 1518 7028 2484 1218 2073600 2073600 5 0 147544 990720 993600 32933 32370 72880 73214 12 12 0 0 58 4 4 4 4 1920 1080 
[ 2241.503808] MESSAGE_B= 4 4 4 53 13 1 192 0 248 179 0 868 1139 871 1141 1894 1499 1890 1498 153 213 147 211 1023 446 1023 435 0 0 255 255 255 255 10 93 29 97 0 0 0 0 2 2 2 2 13 1 10186 610850 234724 247352 272084 221786 167894 115694 289648 276146 228516 512 3034 4832 1226 1322 1518 7028 2484 1218 2073600 2073600 5 0 148395 994560 993600 32824 32434 73408 73650 12 12 0 0 13 4 4 4 4 1920 1080 
[ 2241.782813] MESSAGE_B= 4 4 4 53 13 1 192 0 248 179 0 870 1141 872 1143 1909 1500 1909 1502 150 207 148 207 1016 459 1018 444 0 0 255 255 255 255 13 88 31 89 0 0 0 0 2 2 2 2 13 1 10408 789974 234724 247352 272084 221786 167894 115694 289648 276146 228516 512 3034 4832 1226 1322 1518 7028 2484 1218 2073600 2073600 5 0 147738 990720 993600 32670 32200 73024 73357 12 12 0 0 8 4 4 4 4 1920 1080 
[ 2242.058809] MESSAGE_B= 4 4 4 52 13 1 192 0 248 179 0 872 1143 875 1146 1901 1492 1892 1495 150 207 143 200 1004 455 1012 446 0 0 255 255 255 255 16 86 33 92 0 0 0 0 2 2 2 2 13 1 11400 604186 1172304 322278 310554 229848 1044492 1262532 1367276 925314 1134320 14040 3938 8230 2098 9682 16202 15816 15068 14624 2073600 2073600 5 0 146904 994560 993600 32600 32132 72649 72914 12 12 0 0 9 4 4 4 4 1920 1080 
[ 2242.338813] MESSAGE_B= 4 4 4 53 13 1 192 0 248 179 0 869 1140 873 1143 1882 1495 1875 1493 148 203 140 197 1007 461 1014 456 0 0 255 255 255 255 28 90 43 93 0 0 0 0 2 2 2 2 13 1 10876 790480 1172304 322278 310554 229848 1044492 1262532 1367276 925314 1134320 14040 3938 8230 2098 9682 16202 15816 15068 14624 2073600 2073600 5 0 147357 990720 993600 33354 32715 72868 73157 12 12 0 0 9 4 4 4 4 1920 1080 
[ 2242.625285] MESSAGE_B= 4 4 4 52 13 1 192 0 248 179 0 873 1143 876 1146 1886 1494 1880 1498 147 199 142 198 1006 463 1011 457 0 0 255 255 255 255 25 92 42 97 0 0 0 0 2 2 2 2 13 1 10864 596122 1172304 322278 310554 229848 1044492 1262532 1367276 925314 1134320 14040 3938 8230 2098 9682 16202 15816 15068 14624 2073600 2073600 5 0 147321 994560 993600 32691 31959 72752 73134 12 12 0 0 12 4 4 4 4 1920 1080 
[ 2242.785279] MESSAGE_B= 4 4 4 52 13 1 192 0 248 179 0 874 1146 878 1149 1893 1498 1885 1498 147 198 143 196 1007 466 1013 459 0 0 255 255 255 255 21 95 40 97 0 0 0 0 2 2 2 2 13 1 9540 786598 1172304 322278 310554 229848 1044492 1262532 1367276 925314 1134320 14040 3938 8230 2098 9682 16202 15816 15068 14624 2073600 2073600 5 0 147207 990720 993600 32465 31595 72794 73055 12 12 0 0 12 4 4 4 4 1920 1080 
[ 2243.071113] MESSAGE_B= 4 4 4 52 13 1 192 0 248 179 0 870 1140 872 1142 1902 1498 1900 1495 144 200 146 198 1002 476 1008 471 0 0 254 255 255 255 22 94 35 97 0 0 0 0 2 2 2 2 13 1 11504 594784 1172304 322278 310554 229848 1044492 1262532 1367276 925314 1134320 14040 3938 8230 2098 9682 16202 15816 15068 14624 2073600 2073600 5 0 148143 994560 993600 33260 32564 73182 73564 12 12 0 0 12 4 4 4 4 1920 1080 
[ 2243.348821] MESSAGE_B= 4 4 4 52 13 1 192 0 248 179 0 869 1138 871 1141 1887 1496 1892 1493 152 203 145 200 997 452 994 446 0 0 255 255 255 255 24 93 33 97 0 0 0 0 2 2 2 2 13 1 9260 785858 1172304 322278 310554 229848 1044492 1262532 1367276 925314 1134320 14040 3938 8230 2098 9682 16202 15816 15068 14624 2073600 2073600 5 0 147026 990720 993600 32896 32140 72743 72929 12 12 0 0 8 4 4 4 4 1920 1080 
[ 2243.627530] MESSAGE_B= 4 4 4 52 13 1 192 0 248 179 0 867 1133 869 1139 1881 1493 1883 1496 151 206 148 203 996 448 996 445 0 0 254 255 255 254 16 97 32 103 0 0 0 0 2 2 2 2 13 1 10626 601724 1172304 322278 310554 229848 1044492 1262532 1367276 925314 1134320 14040 3938 8230 2098 9682 16202 15816 15068 14624 2073600 2073600 5 0 147429 994560 993600 32882 32165 72937 73030 12 12 0 0 8 4 4 4 4 1920 1080 
[ 2243.905823] MESSAGE_B= 4 4 4 52 13 1 192 0 248 179 0 863 1129 865 1134 1887 1493 1882 1490 155 207 148 205 1002 452 1002 446 0 0 255 255 255 255 11 97 24 102 0 0 0 0 2 2 2 2 13 1 10030 787628 1172304 322278 310554 229848 1044492 1262532 1367276 925314 1134320 14040 3938 8230 2098 9682 16202 15816 15068 14624 2073600 2073600 5 0 148002 990720 993600 33652 32972 73168 73370 12 12 0 0 6 4 4 4 4 1920 1080 
[ 2244.184825] MESSAGE_B= 4 4 4 52 13 1 192 0 248 179 0 863 1132 864 1137 1875 1490 1879 1489 157 211 146 211 994 449 993 442 0 0 255 255 255 255 10 102 23 107 0 0 0 0 2 2 2 2 13 1 10388 602042 1172304 322278 310554 229848 1044492 1262532 1367276 925314 1134320 14040 3938 8230 2098 9682 16202 15816 15068 14624 2073600 2073600 5 0 147459 994560 993600 32861 32152 72939 73075 12 12 0 0 18 4 4 4 4 1920 1080 
[ 2244.463826] MESSAGE_B= 4 4 4 52 13 1 192 0 248 179 0 891 1124 889 1129 1868 1544 1870 1536 158 195 150 195 1025 535 1032 532 0 0 254 255 255 255 56 98 51 102 0 0 0 0 2 2 2 2 13 1 8862 787618 1174910 1300662 1138798 1143200 1014334 1244452 1351390 941900 1132244 14516 8118 6044 13598 13926 15902 18894 15024 13362 2073600 2073600 5 0 151036 990720 993600 32824 32393 74512 74783 12 12 0 0 39 4 4 4 4 1920 1080 
[ 2244.746809] MESSAGE_B= 4 4 4 51 14 1 192 0 248 179 0 892 1137 890 1146 1929 1488 1937 1485 157 202 145 199 949 470 955 463 0 0 255 255 255 255 66 95 67 96 0 0 0 0 2 2 2 2 14 1 12290 606216 1174910 1300662 1138798 1143200 1014334 1244452 1351390 941900 1132244 14516 8118 6044 13598 13926 15902 18894 15024 13362 2073600 2073600 5 0 151039 994560 993600 32456 31782 74629 74975 12 12 0 0 39 4 4 4 4 1920 1080 
[ 2245.025803] MESSAGE_B= 4 4 4 52 15 1 192 0 248 179 0 888 1138 886 1145 1843 1479 1861 1475 156 203 146 204 868 475 871 468 0 0 255 255 255 255 68 91 71 96 0 0 0 0 2 2 2 2 15 1 10996 785772 1174910 1300662 1138798 1143200 1014334 1244452 1351390 941900 1132244 14516 8118 6044 13598 13926 15902 18894 15024 13362 2073600 2073600 5 0 150678 990720 993600 32476 31877 74325 74726 12 12 0 0 20 4 4 4 4 1920 1080 
[ 2245.304806] MESSAGE_B= 4 4 4 52 15 1 192 0 248 179 0 866 1148 866 1159 1763 1481 1761 1478 165 225 153 225 759 477 762 468 0 0 255 255 255 255 35 69 26 70 0 0 0 0 2 2 2 2 15 1 11266 616664 1174910 1300662 1138798 1143200 1014334 1244452 1351390 941900 1132244 14516 8118 6044 13598 13926 15902 18894 15024 13362 2073600 2073600 5 0 149588 994560 993600 33638 33089 73987 74232 12 12 0 0 25 4 4 4 4 1920 1080 
[ 2245.585615] MESSAGE_B= 4 4 4 52 15 1 192 0 248 179 0 856 1147 855 1156 1717 1482 1711 1476 166 246 161 244 664 492 662 484 0 0 254 255 255 255 29 53 18 57 0 0 0 0 2 2 2 2 15 1 11418 715080 1174910 1300662 1138798 1143200 1014334 1244452 1351390 941900 1132244 14516 8118 6044 13598 13926 15902 18894 15024 13362 2073600 2073600 5 0 148316 990720 993600 34170 33657 73245 73654 12 12 0 0 25 4 4 4 4 1920 1080 
[ 2245.866821] MESSAGE_B= 4 4 4 52 15 1 192 0 248 179 0 854 1149 855 1157 1693 1489 1687 1485 166 243 152 243 637 505 636 497 0 0 255 255 255 255 30 47 20 51 0 0 0 0 2 2 2 2 15 1 11584 604276 1174910 1300662 1138798 1143200 1014334 1244452 1351390 941900 1132244 14516 8118 6044 13598 13926 15902 18894 15024 13362 2073600 2073600 5 0 148583 994560 993600 34626 34075 73368 73670 12 12 0 0 17 4 4 4 4 1920 1080 
[ 2246.023808] MESSAGE_B= 4 4 4 52 14 1 192 0 248 179 0 775 939 745 977 803 733 767 743 116 263 124 281 161 115 164 118 0 31 252 255 255 255 23 128 5 146 0 0 0 0 0 0 0 0 14 1 10816 700846 1174910 1300662 1138798 1143200 1014334 1244452 1351390 941900 1132244 14516 8118 6044 13598 13926 15902 18894 15024 13362 2073600 2073600 5 7 205034 990720 993600 47919 49178 56013 51924 7 7 7 7 19 4 4 4 4 1920 1080 
[ 2246.304802] MESSAGE_B= 4 4 4 3 14 1 192 0 248 179 0 799 1005 762 1049 841 786 805 794 111 272 126 282 174 138 177 153 0 31 252 255 255 255 6 177 19 178 0 0 0 0 0 0 0 0 14 1 23986 601910 1174910 1300662 1138798 1143200 1014334 1244452 1351390 941900 1132244 14516 8118 6044 13598 13926 15902 18894 15024 13362 2073600 2073600 4 7 204353 994560 993600 46705 47060 57138 53450 7 7 7 7 25 4 4 4 4 1920 1080 
[ 2246.581826] MESSAGE_B= 4 4 4 3 17 1 192 0 248 179 0 839 1112 799 1151 884 839 857 851 115 287 129 300 184 140 190 146 0 31 254 255 255 255 28 208 0 199 0 0 0 0 0 0 0 0 17 1 38548 318716 1174910 1300662 1138798 1143200 1014334 1244452 1351390 941900 1132244 14516 8118 6044 13598 13926 15902 18894 15024 13362 2073600 2073600 4 7 185649 990720 993600 45484 46018 51617 42530 7 7 7 7 30 4 4 4 4 1920 1080 
[ 2246.862810] MESSAGE_B= 4 4 4 7 13 1 192 0 248 179 0 884 1224 845 1263 929 902 900 908 123 282 118 281 190 149 194 156 0 31 253 255 255 255 18 174 18 183 0 0 0 0 0 0 0 0 13 1 22544 261588 332588 1296374 1113470 1149468 891620 1240986 1340242 419500 361594 27798 7732 9006 14812 14274 16438 20586 32564 85170 2073600 2073600 4 7 156233 994560 993600 39763 40896 40095 36614 7 7 7 12 39 4 4 4 4 1920 1080 
[ 2247.140819] MESSAGE_B= 4 4 4 13 29 1 192 0 248 179 0 933 1377 888 1419 1003 949 964 945 121 264 121 249 282 179 278 182 0 31 255 255 255 255 40 159 36 152 0 0 0 0 0 0 0 0 29 1 32930 314454 332588 1296374 1113470 1149468 891620 1240986 1340242 419500 361594 27798 7732 9006 14812 14274 16438 20586 32564 85170 2073600 2073600 4 7 138734 990720 993600 31388 32986 40468 33892 7 7 7 7 44 4 4 4 4 1920 1080 
[ 2247.418812] MESSAGE_B= 4 4 4 33 45 1 192 0 248 179 0 958 1570 920 1560 969 1006 934 1006 116 262 112 242 266 159 265 156 0 31 255 255 255 255 28 19 21 24 0 0 0 0 0 0 0 0 45 1 38780 294586 332588 1296374 1113470 1149468 891620 1240986 1340242 419500 361594 27798 7732 9006 14812 14274 16438 20586 32564 85170 2073600 2073600 4 13 184480 994560 993600 35583 34281 56807 60152 14 14 13 13 44 4 4 4 4 1920 1080 
[ 2247.697842] MESSAGE_B= 4 4 4 62 46 1 192 0 248 179 0 1418 773 1435 759 1595 991 1588 995 566 498 565 479 453 197 446 190 0 7 254 254 255 253 123 41 120 59 0 0 0 0 2 0 2 0 46 1 34772 421456 332588 1296374 1113470 1149468 891620 1240986 1340242 419500 361594 27798 7732 9006 14812 14274 16438 20586 32564 85170 2073600 2073600 4 7 249861 990720 993600 84705 85377 39979 39800 7 7 7 7 193 4 4 4 4 1920 1080 
[ 2247.976991] MESSAGE_B= 4 4 4 17 18 2 192 0 248 179 0 1731 883 1742 902 1522 1128 1536 1143 554 394 553 426 548 384 571 401 0 7 255 255 255 255 156 70 156 87 0 0 0 0 0 2 0 2 18 2 55870 246044 332588 1296374 1113470 1149468 891620 1240986 1340242 419500 361594 27798 7732 9006 14812 14274 16438 20586 32564 85170 2073600 2073600 4 7 216126 994560 993600 73327 73559 33969 35271 7 7 7 7 193 4 4 4 4 1920 1080 
[ 2248.259058] MESSAGE_B= 4 4 4 26 13 1 192 0 248 179 0 1326 686 1304 687 1471 1136 1479 1126 655 228 611 234 351 114 342 122 0 7 255 255 255 252 53 68 54 53 0 0 0 0 2 0 2 0 13 1 14992 668490 332588 1296374 1113470 1149468 891620 1240986 1340242 419500 361594 27798 7732 9006 14812 14274 16438 20586 32564 85170 2073600 2073600 4 7 164772 990720 993600 66201 65342 39587 39133 7 7 13 13 163 4 4 4 4 1920 1080 
[ 2248.539669] MESSAGE_B= 4 4 4 10 22 1 192 0 248 179 0 1549 672 1562 674 1605 936 1609 930 641 200 649 214 320 132 322 136 0 7 253 255 255 252 82 10 69 26 0 0 0 0 2 0 2 0 22 1 20604 410072 332588 1296374 1113470 1149468 891620 1240986 1340242 419500 361594 27798 7732 9006 14812 14274 16438 20586 32564 85170 2073600 2073600 4 7 206623 994560 993600 77095 76703 37542 36739 7 7 13 13 163 4 4 4 4 1920 1080 
[ 2248.696810] MESSAGE_B= 4 4 4 24 20 1 192 0 248 179 0 1641 746 1652 760 1596 880 1601 893 638 267 647 316 273 77 271 87 0 7 254 254 254 249 98 86 98 77 0 0 0 0 2 2 2 0 20 1 23528 722152 332588 1296374 1113470 1149468 891620 1240986 1340242 419500 361594 27798 7732 9006 14812 14274 16438 20586 32564 85170 2073600 2073600 4 7 215229 990720 993600 81367 81011 35275 34618 7 7 13 13 163 4 4 4 4 1920 1080 
[ 2248.977813] MESSAGE_B= 4 4 4 24 17 1 192 0 248 179 0 1911 987 1945 942 1580 931 1604 910 733 354 751 332 378 188 380 196 0 7 255 252 254 252 150 62 162 46 0 0 0 0 0 0 0 0 17 1 14564 458298 332588 1296374 1113470 1149468 891620 1240986 1340242 419500 361594 27798 7732 9006 14812 14274 16438 20586 32564 85170 2073600 2073600 4 7 205472 994560 993600 75260 74927 32745 32358 7 7 13 13 77 4 4 4 4 1920 1080 
[ 2249.254810] MESSAGE_B= 4 4 4 29 18 1 192 0 248 179 0 1195 590 1175 593 953 1691 961 1702 383 171 355 190 167 394 174 399 0 7 253 255 254 255 140 36 142 36 0 0 0 0 0 2 0 2 18 1 20658 633594 894192 275438 174506 448058 549860 910836 480524 1176014 827706 10938 22694 26938 119026 12262 9860 11828 15928 9030 2073600 2073600 4 7 159636 990720 993600 72321 71322 33685 32838 7 7 12 12 88 4 4 4 4 1920 1080 
[ 2249.532279] MESSAGE_B= 4 4 4 44 12 1 192 0 248 179 0 1137 578 1141 580 877 1698 888 1707 515 168 504 189 204 410 212 413 0 7 255 255 255 254 152 46 153 49 0 0 0 0 0 2 0 2 12 1 15132 328328 894192 275438 174506 448058 549860 910836 480524 1176014 827706 10938 22694 26938 119026 12262 9860 11828 15928 9030 2073600 2073600 4 7 147834 994560 993600 66733 66660 36418 35452 7 7 12 12 88 4 4 4 4 1920 1080 
[ 2249.811819] MESSAGE_B= 0 4 4 44 13 1 192 0 248 179 0 1113 578 1123 578 885 1696 896 1708 485 175 478 191 201 407 210 408 0 7 254 255 255 255 161 47 162 51 0 0 0 0 0 2 0 2 13 1 8364 654504 894192 275438 174506 448058 549860 910836 480524 1176014 827706 10938 22694 26938 119026 12262 9860 11828 15928 9030 2073600 2073600 2 7 148930 990720 993600 67181 67151 36024 35090 7 7 12 12 48 4 4 4 4 1920 1080 
[ 2250.092130] MESSAGE_B= 4 4 4 45 12 1 192 0 248 179 0 770 574 802 575 899 1689 909 1699 234 174 234 194 149 404 154 411 0 7 251 255 255 255 44 49 55 56 0 0 0 0 2 2 2 2 12 1 14786 658814 894192 275438 174506 448058 549860 910836 480524 1176014 827706 10938 22694 26938 119026 12262 9860 11828 15928 9030 2073600 2073600 4 7 157016 994560 993600 72119 71816 34957 34161 7 7 12 12 32 4 4 4 4 1920 1080 
[ 2250.370808] MESSAGE_B= 0 4 4 43 12 1 192 0 248 179 0 602 573 639 573 804 1691 817 1701 153 169 157 192 178 395 186 401 0 7 245 255 255 255 27 49 31 57 0 0 0 0 2 2 2 2 12 1 9310 623550 894192 275438 174506 448058 549860 910836 480524 1176014 827706 10938 22694 26938 119026 12262 9860 11828 15928 9030 2073600 2073600 2 7 164129 990720 993600 75079 74498 36728 35753 7 7 12 12 27 4 4 4 4 1920 1080 
[ 2250.649010] MESSAGE_B= 4 4 4 45 13 1 192 0 248 179 0 594 576 635 578 807 1695 821 1703 155 171 158 192 181 395 183 403 0 7 245 255 255 255 4 51 26 57 0 0 0 0 2 2 2 2 13 1 16644 675850 894192 275438 174506 448058 549860 910836 480524 1176014 827706 10938 22694 26938 119026 12262 9860 11828 15928 9030 2073600 2073600 4 7 164703 994560 993600 75353 74869 36608 35446 7 7 12 12 11 4 4 4 4 1920 1080 
[ 2250.929112] MESSAGE_B= 0 4 4 45 13 1 192 0 248 179 0 587 577 630 578 810 1691 823 1701 149 166 155 190 176 397 185 400 0 7 244 255 255 255 9 49 22 53 0 0 0 0 2 2 2 2 13 1 7082 800380 894192 275438 174506 448058 549860 910836 480524 1176014 827706 10938 22694 26938 119026 12262 9860 11828 15928 9030 2073600 2073600 2 7 164648 990720 993600 75416 74804 36723 35548 7 7 12 12 5 4 4 4 4 1920 1080 
[ 2251.094305] MESSAGE_B= 4 4 4 45 11 2 192 0 248 179 0 1315 1455 1305 1493 1572 1855 1580 1839 235 243 268 225 170 229 166 214 0 31 254 252 255 255 14 160 11 137 0 0 0 0 0 0 0 0 11 2 13494 677656 894192 275438 174506 448058 549860 910836 480524 1176014 827706 10938 22694 26938 119026 12262 9860 11828 15928 9030 2073600 2073600 5 16 86518 994560 993600 35123 35165 38497 38783 6 6 16 16 139 4 4 4 4 1920 1080 
[ 2251.374841] MESSAGE_B= 4 4 4 61 12 1 192 0 248 179 0 1456 1511 1441 1557 1770 2017 1771 1992 205 219 228 207 240 292 234 294 0 31 254 251 255 255 167 121 166 101 0 0 0 0 0 0 0 0 12 1 15626 799842 894192 275438 174506 448058 549860 910836 480524 1176014 827706 10938 22694 26938 119026 12262 9860 11828 15928 9030 2073600 2073600 4 17 114605 990720 993600 31863 31880 42514 43041 6 6 17 17 139 4 4 4 4 1920 1080 
[ 2251.655474] MESSAGE_B= 4 4 4 59 19 2 192 0 248 179 0 1473 1530 1450 1573 1754 1885 1755 1858 200 216 216 200 199 233 202 226 0 31 255 250 254 253 77 71 77 77 0 0 0 0 0 0 0 0 19 2 15958 678062 904312 263558 383858 1287782 1134584 1366558 1050610 1534808 1005258 17156 13222 8782 18092 21560 18770 18656 17696 19028 2073600 2073600 4 17 130078 994560 993600 30547 30759 49013 49675 6 6 17 17 116 4 4 4 4 1920 1080 
[ 2251.934806] MESSAGE_B= 0 4 4 59 19 2 192 0 248 179 0 1472 1532 1448 1577 1758 1901 1758 1872 200 217 219 206 201 236 202 234 0 31 254 251 253 253 83 105 86 114 0 0 0 0 0 0 0 0 19 2 10748 525954 904312 263558 383858 1287782 1134584 1366558 1050610 1534808 1005258 17156 13222 8782 18092 21560 18770 18656 17696 19028 2073600 2073600 2 17 130886 990720 993600 30635 30636 49589 49994 6 6 17 17 62 4 4 4 4 1920 1080 
[ 2252.223814] MESSAGE_B= 4 4 4 59 18 2 192 0 248 179 0 1468 1528 1445 1573 1758 1959 1757 1932 204 219 218 203 203 274 203 264 0 31 254 251 253 255 79 84 78 100 0 0 0 0 0 0 0 0 18 2 13048 590068 904312 263558 383858 1287782 1134584 1366558 1050610 1534808 1005258 17156 13222 8782 18092 21560 18770 18656 17696 19028 2073600 2073600 5 17 130416 994560 993600 30917 30873 48965 49810 6 6 17 17 18 4 4 4 4 1920 1080 
[ 2252.503091] MESSAGE_B= 4 4 4 61 19 2 192 0 248 179 0 1470 1530 1446 1574 1760 1936 1760 1908 198 217 217 201 203 260 207 255 0 31 255 250 253 253 73 60 80 76 0 0 0 0 0 0 0 0 19 2 12084 499858 904312 263558 383858 1287782 1134584 1366558 1050610 1534808 1005258 17156 13222 8782 18092 21560 18770 18656 17696 19028 2073600 2073600 5 17 128529 990720 993600 30759 30768 48299 49135 6 6 17 17 18 4 4 4 4 1920 1080 
[ 2252.781831] MESSAGE_B= 4 4 4 59 19 2 192 0 248 179 0 1470 1529 1447 1575 1750 1905 1751 1877 201 215 219 203 199 243 208 230 0 31 255 250 252 253 79 57 84 70 0 0 0 0 0 0 0 0 19 2 11870 589704 904312 263558 383858 1287782 1134584 1366558 1050610 1534808 1005258 17156 13222 8782 18092 21560 18770 18656 17696 19028 2073600 2073600 5 17 128561 994560 993600 30791 30766 48105 49248 6 6 17 17 13 4 4 4 4 1920 1080 
[ 2253.059809] MESSAGE_B= 4 4 4 59 19 2 192 0 248 179 0 1474 1531 1451 1577 1752 1973 1753 1944 203 215 219 200 200 270 207 260 0 31 254 251 252 254 81 40 84 53 0 0 0 0 0 0 0 0 19 2 11880 508552 904312 263558 383858 1287782 1134584 1366558 1050610 1534808 1005258 17156 13222 8782 18092 21560 18770 18656 17696 19028 2073600 2073600 5 17 128937 990720 993600 30547 30710 48091 49268 6 6 17 17 13 4 4 4 4 1920 1080 
[ 2253.218808] MESSAGE_B= 4 4 4 60 19 2 192 0 248 179 0 1476 1531 1452 1575 1763 1947 1762 1918 200 217 214 202 201 258 203 253 0 31 253 251 252 254 74 55 74 71 0 0 0 0 0 0 0 0 19 2 11820 579652 904312 263558 383858 1287782 1134584 1366558 1050610 1534808 1005258 17156 13222 8782 18092 21560 18770 18656 17696 19028 2073600 2073600 5 17 129317 994560 993600 30439 30665 48319 49330 6 6 17 17 13 4 4 4 4 1920 1080 
[ 2253.500818] MESSAGE_B= 4 4 4 59 19 2 192 0 248 179 0 1480 1531 1456 1575 1788 2074 1779 2057 200 215 213 200 225 303 219 304 0 31 254 251 253 255 106 128 99 128 0 0 0 0 0 0 0 0 19 2 12310 529130 904312 263558 383858 1287782 1134584 1366558 1050610 1534808 1005258 17156 13222 8782 18092 21560 18770 18656 17696 19028 2073600 2073600 5 17 129086 990720 993600 29830 29908 47845 48817 6 6 17 17 10 4 4 4 4 1920 1080 
[ 2253.778822] MESSAGE_B= 4 4 4 59 19 2 192 0 248 179 0 1484 1534 1460 1578 1763 1953 1762 1926 195 211 211 200 202 260 206 252 0 31 255 250 253 253 69 54 73 72 0 0 0 0 0 0 0 0 19 2 12682 576958 904312 263558 383858 1287782 1134584 1366558 1050610 1534808 1005258 17156 13222 8782 18092 21560 18770 18656 17696 19028 2073600 2073600 5 17 130866 994560 993600 29697 29879 48573 49708 6 6 17 17 8 4 4 4 4 1920 1080 
[ 2254.057802] MESSAGE_B= 4 4 4 61 19 2 192 0 248 179 0 1486 1535 1462 1580 1756 1912 1756 1883 198 215 214 199 201 249 205 236 0 31 255 251 252 254 75 77 76 89 0 0 0 0 0 0 0 0 19 2 12238 527672 927158 836802 998494 934950 760112 1027888 1030370 951700 804634 21014 9520 19110 17786 17920 20018 19146 25456 25434 2073600 2073600 5 17 130811 990720 993600 29526 29769 48553 49631 6 6 17 17 13 4 4 4 4 1920 1080 
[ 2254.335812] MESSAGE_B= 4 4 4 59 19 2 192 0 248 179 0 1481 1531 1456 1574 1754 1870 1752 1837 198 211 213 199 204 225 201 224 0 31 255 250 252 253 77 78 73 89 0 0 0 0 0 0 0 0 19 2 12648 573828 927158 836802 998494 934950 760112 1027888 1030370 951700 804634 21014 9520 19110 17786 17920 20018 19146 25456 25434 2073600 2073600 5 17 132729 994560 993600 29760 29957 50055 50410 6 6 17 17 15 4 4 4 4 1920 1080 
[ 2254.614816] MESSAGE_B= 4 4 4 61 19 2 192 0 248 179 0 1482 1534 1459 1578 1760 1939 1759 1910 198 216 213 205 208 271 206 266 0 31 254 251 253 254 74 107 72 105 0 0 0 0 0 0 0 0 19 2 12106 508806 927158 836802 998494 934950 760112 1027888 1030370 951700 804634 21014 9520 19110 17786 17920 20018 19146 25456 25434 2073600 2073600 5 17 133974 990720 993600 30008 30065 50590 51364 6 6 17 17 15 4 4 4 4 1920 1080 
[ 2254.776299] MESSAGE_B= 4 4 4 62 19 2 192 0 248 179 0 1478 1531 1455 1576 1749 1876 1751 1843 198 214 212 199 201 237 202 234 0 31 254 252 252 254 76 73 73 78 0 0 0 0 0 0 0 0 19 2 11994 587228 927158 836802 998494 934950 760112 1027888 1030370 951700 804634 21014 9520 19110 17786 17920 20018 19146 25456 25434 2073600 2073600 5 17 134108 994560 993600 30091 30180 50803 51493 6 6 17 17 11 4 4 4 4 1920 1080 
[ 2255.055802] MESSAGE_B= 4 4 4 62 19 2 192 0 248 179 0 1475 1531 1452 1575 1755 1959 1754 1930 198 214 211 206 206 262 211 257 0 31 255 250 252 253 74 118 74 121 0 0 0 0 0 0 0 0 19 2 11540 527774 927158 836802 998494 934950 760112 1027888 1030370 951700 804634 21014 9520 19110 17786 17920 20018 19146 25456 25434 2073600 2073600 5 17 133973 990720 993600 30472 30473 50876 51453 6 6 17 17 14 4 4 4 4 1920 1080 
[ 2255.333826] MESSAGE_B= 4 4 4 62 25 1 192 0 248 179 0 1959 744 2010 727 2064 1599 2042 1590 512 207 515 203 578 293 567 292 0 31 255 255 255 255 152 33 147 24 0 0 0 0 0 0 0 0 25 1 12858 584674 927158 836802 998494 934950 760112 1027888 1030370 951700 804634 21014 9520 19110 17786 17920 20018 19146 25456 25434 2073600 2073600 5 7 93740 994560 993600 46076 45722 28945 27998 7 7 0 0 14 4 4 4 4 1920 1080 
[ 2255.612830] MESSAGE_B= 4 4 4 31 25 1 192 0 248 179 0 1956 732 2007 715 2055 1433 2041 1415 505 202 513 198 468 298 452 300 0 31 255 255 255 255 206 67 200 68 0 0 0 0 0 0 0 0 25 1 17440 516078 927158 836802 998494 934950 760112 1027888 1030370 951700 804634 21014 9520 19110 17786 17920 20018 19146 25456 25434 2073600 2073600 4 7 90881 990720 993600 45325 44506 25663 25085 7 7 0 0 32 4 4 4 4 1920 1080 
[ 2255.897414] MESSAGE_B= 0 4 4 31 21 1 192 0 248 179 0 2028 819 2079 801 2059 1404 2041 1390 521 228 529 221 302 300 288 307 0 31 255 255 255 255 175 115 166 111 0 0 0 0 0 0 0 0 21 1 11392 654428 927158 836802 998494 934950 760112 1027888 1030370 951700 804634 21014 9520 19110 17786 17920 20018 19146 25456 25434 2073600 2073600 2 0 86610 994560 993600 40268 39649 28877 27987 7 7 0 0 48 4 4 4 4 1920 1080 
[ 2256.188813] MESSAGE_B= 4 4 4 32 25 1 192 0 248 179 0 2042 861 2093 844 1965 1419 1942 1409 503 189 510 191 293 293 272 295 0 31 255 255 254 255 168 14 160 0 0 0 0 0 0 0 0 0 25 1 12386 595178 927158 836802 998494 934950 760112 1027888 1030370 951700 804634 21014 9520 19110 17786 17920 20018 19146 25456 25434 2073600 2073600 5 0 84135 990720 993600 35986 35858 27321 26728 7 7 0 0 50 4 4 4 4 1920 1080 
[ 2256.467818] MESSAGE_B= 4 4 4 34 25 1 192 0 248 179 0 2099 687 2130 674 1967 1359 1937 1353 593 142 584 145 297 315 277 314 0 31 255 255 252 255 154 29 133 30 0 0 0 0 0 0 0 0 25 1 13908 603698 1020980 804926 1031530 957456 777730 1033360 1129832 1022184 1075880 11730 11638 13076 18424 19834 18866 19202 23680 12598 2073600 2073600 5 12 87938 994560 993600 41626 40858 25876 25545 7 7 0 0 50 4 4 4 4 1920 1080 
[ 2256.751815] MESSAGE_B= 4 4 4 34 26 1 192 0 248 179 0 2034 698 2074 675 2016 1363 1991 1351 568 134 568 138 355 320 325 323 0 31 255 252 255 255 195 34 190 8 0 0 0 0 0 0 0 0 26 1 15204 645694 1020980 804926 1031530 957456 777730 1033360 1129832 1022184 1075880 11730 11638 13076 18424 19834 18866 19202 23680 12598 2073600 2073600 4 7 89644 990720 993600 44342 42797 27527 26903 7 7 0 0 44 4 4 4 4 1920 1080 
[ 2256.908936] MESSAGE_B= 0 4 4 34 26 1 192 0 248 179 0 2029 775 2088 744 2058 1405 2047 1381 543 162 558 147 447 308 436 322 0 31 255 253 255 255 186 123 187 104 0 0 0 0 0 0 0 0 26 1 13544 598316 1020980 804926 1031530 957456 777730 1033360 1129832 1022184 1075880 11730 11638 13076 18424 19834 18866 19202 23680 12598 2073600 2073600 2 7 86873 994560 993600 42933 41799 28981 28657 7 7 0 0 28 4 4 4 4 1920 1080 
[ 2257.187805] MESSAGE_B= 4 4 4 34 26 1 192 0 248 179 0 2016 731 2063 716 2002 1439 1984 1418 514 209 518 210 348 266 332 276 0 31 255 255 254 255 176 83 173 85 0 0 0 0 0 0 0 0 26 1 16786 676642 1020980 804926 1031530 957456 777730 1033360 1129832 1022184 1075880 11730 11638 13076 18424 19834 18866 19202 23680 12598 2073600 2073600 4 7 91252 990720 993600 45557 44376 27992 26991 7 7 0 0 54 4 4 4 4 1920 1080 
[ 2257.474212] MESSAGE_B= 0 4 4 31 26 1 192 0 248 179 0 2001 724 2045 710 2079 1420 2054 1402 506 218 508 219 403 269 377 281 0 31 255 255 255 255 194 83 193 83 0 0 0 0 0 0 0 0 26 1 13032 624782 1020980 804926 1031530 957456 777730 1033360 1129832 1022184 1075880 11730 11638 13076 18424 19834 18866 19202 23680 12598 2073600 2073600 2 7 91017 994560 993600 45392 44488 29100 28325 7 7 0 0 54 4 4 4 4 1920 1080 
[ 2257.758805] MESSAGE_B= 4 4 4 32 25 1 192 0 248 179 0 1960 723 2012 707 2099 1657 2080 1638 527 210 535 207 459 219 431 221 0 31 255 255 255 255 177 102 174 113 0 0 0 0 0 0 0 0 25 1 16254 673296 1020980 804926 1031530 957456 777730 1033360 1129832 1022184 1075880 11730 11638 13076 18424 19834 18866 19202 23680 12598 2073600 2073600 4 7 94430 990720 993600 46709 45923 33644 33255 7 7 0 0 63 4 4 4 4 1920 1080 
[ 2258.042806] MESSAGE_B= 0 4 4 30 25 1 192 0 248 179 0 860 724 866 721 1451 1138 1461 1143 255 116 258 114 406 415 404 406 0 7 255 255 255 255 200 100 201 101 0 0 0 0 0 0 0 0 25 1 11568 635116 1020980 804926 1031530 957456 777730 1033360 1129832 1022184 1075880 11730 11638 13076 18424 19834 18866 19202 23680 12598 2073600 2073600 2 7 199230 994560 993600 87183 87014 39170 39407 7 7 14 14 163 4 4 4 4 1920 1080 
[ 2258.323800] MESSAGE_B= 4 4 4 42 13 1 192 0 248 179 0 1406 811 1387 804 1473 1144 1489 1150 759 322 734 309 401 384 398 378 0 7 255 253 255 255 118 105 114 124 0 0 0 0 2 2 2 2 13 1 15992 734956 1020980 804926 1031530 957456 777730 1033360 1129832 1022184 1075880 11730 11638 13076 18424 19834 18866 19202 23680 12598 2073600 2073600 4 7 189754 990720 993600 82771 82567 39332 39198 7 7 14 14 163 4 4 4 4 1920 1080 
[ 2258.603486] MESSAGE_B= 0 4 4 46 14 1 192 0 248 179 0 1545 809 1551 810 1456 1137 1473 1145 804 317 808 325 367 344 360 338 0 7 255 255 255 255 22 128 21 129 0 0 0 0 0 2 0 2 14 1 10962 720766 1020980 804926 1031530 957456 777730 1033360 1129832 1022184 1075880 11730 11638 13076 18424 19834 18866 19202 23680 12598 2073600 2073600 2 7 183112 994560 993600 80605 80700 38121 38642 7 7 14 14 31 4 4 4 4 1920 1080 
[ 2258.760174] MESSAGE_B= 4 4 4 49 13 2 192 0 248 179 0 1491 1032 1493 1023 1487 1394 1493 1385 819 623 816 610 358 524 341 531 0 7 254 255 254 255 109 62 103 66 0 0 0 0 0 0 0 0 13 2 13376 793492 1482498 1028346 486278 1051350 1076696 1188484 1238862 1134412 1353536 11896 7068 25358 13902 14070 12372 14006 21916 19260 2073600 2073600 5 7 165693 990720 993600 75055 74562 29926 30587 7 7 14 14 86 4 4 4 4 1920 1080 
[ 2259.044809] MESSAGE_B= 4 4 4 28 13 1 192 0 248 179 0 1058 1365 1075 1361 1492 1736 1502 1736 398 246 403 247 322 138 322 146 0 31 255 255 255 255 160 77 162 71 0 0 0 0 0 0 0 0 13 1 17364 713860 1482498 1028346 486278 1051350 1076696 1188484 1238862 1134412 1353536 11896 7068 25358 13902 14070 12372 14006 21916 19260 2073600 2073600 4 0 137979 994560 993600 40446 40683 60425 60867 7 7 0 0 86 4 4 4 4 1920 1080 
[ 2259.325806] MESSAGE_B= 4 4 4 29 24 1 192 0 248 179 0 1016 1485 1040 1484 1478 1752 1492 1761 309 249 315 257 333 72 330 68 0 31 255 255 255 255 166 14 170 33 0 0 0 0 0 0 0 0 24 1 29750 588618 1482498 1028346 486278 1051350 1076696 1188484 1238862 1134412 1353536 11896 7068 25358 13902 14070 12372 14006 21916 19260 2073600 2073600 4 0 151207 990720 993600 36865 36627 58389 58800 7 7 0 0 37 4 4 4 4 1920 1080 
[ 2259.603807] MESSAGE_B= 4 4 4 25 22 1 192 0 248 179 0 939 959 938 964 1424 1248 1426 1251 176 218 183 222 352 376 352 383 0 0 255 255 253 255 97 16 105 13 0 0 0 0 2 0 2 0 22 1 32344 453702 1482498 1028346 486278 1051350 1076696 1188484 1238862 1134412 1353536 11896 7068 25358 13902 14070 12372 14006 21916 19260 2073600 2073600 4 0 139100 994560 993600 45352 46022 68409 68479 12 12 0 0 207 4 4 4 4 1920 1080 
[ 2259.883860] MESSAGE_B= 4 4 4 38 8 1 192 0 248 179 0 933 997 939 1003 1483 1373 1483 1374 176 227 179 235 406 485 423 495 0 0 255 255 252 253 144 17 149 10 0 0 0 0 2 0 2 0 8 1 36412 427472 1482498 1028346 486278 1051350 1076696 1188484 1238862 1134412 1353536 11896 7068 25358 13902 14070 12372 14006 21916 19260 2073600 2073600 4 0 138689 990720 993600 46327 46276 68179 68203 12 12 0 0 207 4 4 4 4 1920 1080 
[ 2260.173992] MESSAGE_B= 0 4 4 39 11 1 192 0 248 179 0 893 985 904 981 1812 1778 1811 1777 141 219 142 219 463 258 464 258 0 0 255 255 255 255 35 106 26 113 0 0 0 0 0 0 0 0 11 1 12296 581818 1482498 1028346 486278 1051350 1076696 1188484 1238862 1134412 1353536 11896 7068 25358 13902 14070 12372 14006 21916 19260 2073600 2073600 2 0 132945 994560 993600 48009 48029 65324 65254 12 12 0 0 116 4 4 4 4 1920 1080 
[ 2260.463823] MESSAGE_B= 4 4 4 41 13 1 192 0 248 179 0 894 1002 901 998 1682 1746 1672 1739 144 208 149 211 446 291 455 287 0 31 255 254 255 255 20 111 24 120 0 0 0 0 0 0 0 0 13 1 17108 674924 1482498 1028346 486278 1051350 1076696 1188484 1238862 1134412 1353536 11896 7068 25358 13902 14070 12372 14006 21916 19260 2073600 2073600 4 12 136572 990720 993600 49799 49723 59574 58888 12 12 0 0 117 4 4 4 4 1920 1080 
[ 2260.744352] MESSAGE_B= 0 4 4 42 9 1 192 0 248 179 0 828 911 842 897 1603 1659 1605 1667 166 162 166 154 381 312 379 307 0 31 255 255 255 255 93 0 83 5 0 0 0 0 0 0 0 0 9 1 14022 582584 1482498 1028346 486278 1051350 1076696 1188484 1238862 1134412 1353536 11896 7068 25358 13902 14070 12372 14006 21916 19260 2073600 2073600 2 12 148853 994560 993600 53407 53302 48489 48466 12 12 0 0 117 4 4 4 4 1920 1080 
[ 2260.900837] MESSAGE_B= 4 4 4 49 7 1 192 0 248 179 0 824 803 821 803 1632 1681 1633 1677 161 163 166 158 397 271 401 269 0 31 255 255 255 255 124 50 121 50 0 0 0 0 0 0 0 0 7 1 20774 682570 1482498 1028346 486278 1051350 1076696 1188484 1238862 1134412 1353536 11896 7068 25358 13902 14070 12372 14006 21916 19260 2073600 2073600 2 12 142716 990720 993600 54513 54607 49130 48669 12 12 0 0 125 4 4 4 4 1920 1080 
[ 2261.185393] MESSAGE_B= 0 4 4 48 11 1 192 0 248 179 0 842 767 830 788 1440 1656 1437 1653 154 121 156 124 448 414 445 411 0 0 255 254 255 254 70 89 92 102 0 0 0 0 2 2 2 2 11 1 11018 494228 1359028 687134 738708 881014 914198 1220048 1301066 1033576 1134006 14314 23838 12928 63116 8734 13342 20460 18780 11708 2073600 2073600 2 0 152751 994560 993600 55877 55682 73710 74155 12 12 0 0 125 4 4 4 4 1920 1080 
[ 2261.465832] MESSAGE_B= 4 4 4 51 7 1 192 0 248 179 0 867 793 858 811 1763 1690 1763 1698 174 191 175 189 912 395 919 402 0 0 255 255 255 254 76 87 90 97 0 0 0 0 2 2 2 2 7 1 7802 935250 1359028 687134 738708 881014 914198 1220048 1301066 1033576 1134006 14314 23838 12928 63116 8734 13342 20460 18780 11708 2073600 2073600 5 0 156001 990720 993600 54854 54610 76007 76172 12 12 0 0 82 4 4 4 4 1920 1080 
[ 2261.742809] MESSAGE_B= 4 4 4 45 8 1 192 0 248 179 0 878 703 867 720 1446 1614 1455 1617 146 126 143 126 498 339 499 338 0 0 253 255 255 254 34 3 4 16 0 0 0 0 2 2 2 2 8 1 13220 552304 1359028 687134 738708 881014 914198 1220048 1301066 1033576 1134006 14314 23838 12928 63116 8734 13342 20460 18780 11708 2073600 2073600 5 0 164972 994560 993600 55006 55069 78268 77950 12 12 0 0 48 4 4 4 4 1920 1080 
[ 2262.025841] MESSAGE_B= 4 4 4 47 8 0 192 0 248 179 0 819 710 810 727 1497 1595 1500 1592 181 139 179 135 488 305 488 315 0 0 255 254 255 253 17 2 32 12 0 0 0 0 2 2 2 2 8 0 9150 838652 1359028 687134 738708 881014 914198 1220048 1301066 1033576 1134006 14314 23838 12928 63116 8734 13342 20460 18780 11708 2073600 2073600 5 0 148578 990720 993600 57646 57535 72091 72394 12 12 0 0 48 4 4 4 4 1920 1080 
[ 2262.303812] MESSAGE_B= 4 4 4 49 8 0 192 0 248 179 0 818 707 809 721 1521 1604 1518 1599 178 137 176 140 500 324 502 329 0 0 255 254 255 251 3 6 13 7 0 0 0 0 2 2 2 2 8 0 14234 592002 1359028 687134 738708 881014 914198 1220048 1301066 1033576 1134006 14314 23838 12928 63116 8734 13342 20460 18780 11708 2073600 2073600 5 0 152299 994560 993600 57943 58162 74403 74007 12 12 0 0 33 4 4 4 4 1920 1080 
[ 2262.582823] MESSAGE_B= 4 4 4 50 8 1 192 0 248 179 0 816 708 806 722 1516 1597 1520 1594 173 144 175 140 459 322 456 329 0 0 254 255 255 252 5 0 21 9 0 0 0 0 2 2 2 2 8 1 7070 872654 1359028 687134 738708 881014 914198 1220048 1301066 1033576 1134006 14314 23838 12928 63116 8734 13342 20460 18780 11708 2073600 2073600 5 0 151245 990720 993600 57889 57838 73699 73535 12 12 0 0 15 4 4 4 4 1920 1080 
[ 2262.862818] MESSAGE_B= 4 4 4 49 8 1 192 0 248 179 0 823 705 815 720 1438 1601 1439 1592 158 143 157 135 496 327 497 332 0 0 255 255 255 253 8 3 24 12 0 0 0 0 2 2 2 2 8 1 10498 599486 1359028 687134 738708 881014 914198 1220048 1301066 1033576 1134006 14314 23838 12928 63116 8734 13342 20460 18780 11708 2073600 2073600 5 0 145542 994560 993600 58461 58366 71498 71013 12 12 0 0 21 4 4 4 4 1920 1080 
[ 2263.143015] MESSAGE_B= 4 4 4 52 8 1 192 0 248 179 0 831 704 820 718 1485 1604 1487 1599 154 138 154 139 467 326 466 326 0 0 254 254 255 254 11 1 22 12 0 0 0 0 2 2 2 2 8 1 9398 874386 1359028 687134 738708 881014 914198 1220048 1301066 1033576 1134006 14314 23838 12928 63116 8734 13342 20460 18780 11708 2073600 2073600 5 0 151282 990720 993600 58057 58125 74165 73794 12 12 0 0 21 4 4 4 4 1920 1080 
[ 2263.419808] MESSAGE_B= 4 4 4 21 18 1 192 0 248 179 0 1600 1485 1608 1496 1615 1510 1622 1499 355 401 379 393 245 145 244 154 0 31 255 255 255 255 97 175 79 179 0 0 0 0 0 0 0 0 18 1 9512 576412 1359028 687134 738708 881014 914198 1220048 1301066 1033576 1134006 14314 23838 12928 63116 8734 13342 20460 18780 11708 2073600 2073600 5 6 128905 994560 993600 42701 42271 51796 52083 5 5 6 6 77 4 4 4 4 1920 1080 
[ 2263.707084] MESSAGE_B= 4 4 4 36 20 1 192 0 248 179 0 1667 1505 1660 1512 1680 1767 1673 1771 409 530 431 517 439 424 436 427 0 6 255 255 255 255 81 34 75 34 0 0 0 0 0 0 0 0 20 1 19976 863038 490754 1537846 855916 1395940 1284324 1458970 1620936 1280806 1391184 18940 6298 5602 11100 10962 11284 14430 10382 16582 2073600 2073600 4 6 183767 990720 993600 42454 41477 67776 67751 5 5 6 6 77 4 4 4 4 1920 1080 
[ 2263.873666] MESSAGE_B= 4 4 4 25 22 1 192 0 248 179 0 1653 1495 1644 1502 1643 1720 1635 1720 411 522 427 512 447 420 442 423 0 6 255 255 255 255 60 36 54 36 0 0 0 0 0 0 0 0 22 1 17142 439670 490754 1537846 855916 1395940 1284324 1458970 1620936 1280806 1391184 18940 6298 5602 11100 10962 11284 14430 10382 16582 2073600 2073600 4 6 181238 994560 993600 41937 40998 67047 66633 5 5 6 6 28 4 4 4 4 1920 1080 
[ 2264.151808] MESSAGE_B= 4 4 4 26 24 1 192 0 248 179 0 1895 1559 1892 1564 1742 1749 1739 1747 670 539 683 524 375 394 373 398 0 6 255 255 255 255 6 40 5 40 0 0 0 0 0 0 0 0 24 1 17820 331516 490754 1537846 855916 1395940 1284324 1458970 1620936 1280806 1391184 18940 6298 5602 11100 10962 11284 14430 10382 16582 2073600 2073600 4 6 183679 990720 993600 48555 47572 67951 67835 5 5 6 6 43 4 4 4 4 1920 1080 
[ 2264.431809] MESSAGE_B= 4 4 4 26 23 1 192 0 248 179 0 1924 1565 1903 1585 1731 1755 1727 1753 691 533 694 530 376 388 376 390 0 6 255 255 255 255 8 36 2 38 0 0 0 0 0 0 0 0 23 1 17124 395124 490754 1537846 855916 1395940 1284324 1458970 1620936 1280806 1391184 18940 6298 5602 11100 10962 11284 14430 10382 16582 2073600 2073600 4 6 183599 994560 993600 46156 45436 67469 67278 5 5 6 6 43 4 4 4 4 1920 1080 
[ 2264.718507] MESSAGE_B= 4 4 4 27 10 2 192 0 248 179 0 1053 1173 1043 1194 1733 2285 1732 2290 445 438 433 455 719 582 711 588 0 7 254 255 255 255 191 167 190 171 0 0 0 0 2 0 0 0 10 2 17068 272228 490754 1537846 855916 1395940 1284324 1458970 1620936 1280806 1391184 18940 6298 5602 11100 10962 11284 14430 10382 16582 2073600 2073600 4 7 140899 990720 993600 68258 68065 52789 52508 7 7 0 0 26 4 4 4 4 1920 1080 
[ 2264.997805] MESSAGE_B= 4 4 4 29 10 2 192 0 248 179 0 869 992 865 999 1731 2264 1729 2269 218 292 220 297 715 572 708 579 0 31 255 255 255 255 217 203 219 203 0 0 0 0 0 0 0 0 10 2 30708 392188 490754 1537846 855916 1395940 1284324 1458970 1620936 1280806 1391184 18940 6298 5602 11100 10962 11284 14430 10382 16582 2073600 2073600 4 7 132022 994560 993600 64536 63269 53557 53230 7 7 0 0 32 4 4 4 4 1920 1080 
[ 2265.276809] MESSAGE_B= 0 4 4 30 10 2 192 0 248 179 0 866 991 863 1000 1784 2413 1781 2418 215 269 221 275 784 456 776 466 0 7 255 255 255 255 209 197 209 198 0 0 0 0 0 0 0 0 10 2 10304 794478 490754 1537846 855916 1395940 1284324 1458970 1620936 1280806 1391184 18940 6298 5602 11100 10962 11284 14430 10382 16582 2073600 2073600 2 7 134651 990720 993600 65811 64776 52532 52392 7 7 0 0 37 4 4 4 4 1920 1080 
[ 2265.558810] MESSAGE_B= 4 4 4 25 10 1 192 0 248 179 0 761 1173 760 1179 1798 2139 1794 2139 135 416 135 422 843 432 846 421 0 31 255 255 255 255 147 184 148 185 0 0 0 0 0 0 0 0 10 1 10534 807526 490754 1537846 855916 1395940 1284324 1458970 1620936 1280806 1391184 18940 6298 5602 11100 10962 11284 14430 10382 16582 2073600 2073600 5 7 133006 994560 993600 61784 60695 50519 50271 7 7 0 0 59 4 4 4 4 1920 1080 
[ 2265.718801] MESSAGE_B= 4 4 4 23 10 1 192 0 248 179 0 749 1201 744 1200 1796 2162 1792 2158 128 439 129 434 844 522 845 516 0 31 255 255 255 255 135 188 133 188 0 0 0 0 0 0 0 0 10 1 14154 824498 490754 1537846 855916 1395940 1284324 1458970 1620936 1280806 1391184 18940 6298 5602 11100 10962 11284 14430 10382 16582 2073600 2073600 5 7 134161 990720 993600 61585 60800 52478 52330 7 7 0 0 59 4 4 4 4 1920 1080 
[ 2266.000807] MESSAGE_B= 4 4 4 24 11 1 192 0 248 179 0 752 1126 748 1131 1795 2171 1789 2162 129 352 126 353 841 658 843 656 0 31 255 255 255 255 140 194 139 194 0 0 0 0 0 0 0 0 11 1 12322 751140 1357260 509626 554734 469898 422316 1481524 1227872 1030356 1357620 18488 13662 24632 30426 30246 22704 18662 18414 20996 2073600 2073600 5 7 132214 994560 993600 62458 61471 58818 58789 7 7 0 0 59 4 4 4 4 1920 1080 
[ 2266.278814] MESSAGE_B= 4 4 4 28 10 1 192 0 248 179 0 753 1138 750 1141 1820 2102 1815 2099 143 350 143 350 864 751 864 743 0 31 255 255 255 255 141 210 138 210 0 0 0 0 0 0 0 0 10 1 11314 767378 1357260 509626 554734 469898 422316 1481524 1227872 1030356 1357620 18488 13662 24632 30426 30246 22704 18662 18414 20996 2073600 2073600 5 7 127711 990720 993600 62311 60927 56913 56840 7 7 0 0 25 4 4 4 4 1920 1080 
[ 2266.558442] MESSAGE_B= 4 4 4 30 10 1 192 0 248 179 0 759 1134 755 1138 1820 2127 1814 2121 143 343 144 347 863 745 864 740 0 31 255 255 255 255 147 213 144 213 0 0 0 0 0 0 0 0 10 1 7430 736380 1357260 509626 554734 469898 422316 1481524 1227872 1030356 1357620 18488 13662 24632 30426 30246 22704 18662 18414 20996 2073600 2073600 5 7 128406 994560 993600 62693 61242 57570 57552 7 7 0 0 15 4 4 4 4 1920 1080 
[ 2266.847779] MESSAGE_B= 4 4 4 31 10 1 192 0 248 179 0 759 1134 756 1141 1818 2119 1816 2116 146 344 146 348 862 748 862 744 0 31 255 255 255 255 150 204 149 206 0 0 0 0 0 0 0 0 10 1 8572 783922 1357260 509626 554734 469898 422316 1481524 1227872 1030356 1357620 18488 13662 24632 30426 30246 22704 18662 18414 20996 2073600 2073600 5 7 127833 990720 993600 62200 61002 57529 57432 7 7 0 0 25 4 4 4 4 1920 1080 
[ 2267.129821] MESSAGE_B= 4 4 4 26 20 1 192 0 248 179 0 1685 1888 1704 1881 1668 1085 1727 1143 605 791 621 770 285 113 291 110 0 31 255 255 255 255 116 126 127 110 0 0 0 0 0 0 0 0 20 1 8018 743300 1357260 509626 554734 469898 422316 1481524 1227872 1030356 1357620 18488 13662 24632 30426 30246 22704 18662 18414 20996 2073600 2073600 5 1 106976 994560 993600 45530 45202 32604 33931 1 1 17 17 25 4 4 4 4 1920 1080 
[ 2267.409806] MESSAGE_B= 4 4 4 26 20 1 192 0 248 179 0 1687 1892 1707 1885 1672 1086 1731 1145 605 793 620 770 280 115 287 112 0 31 255 255 255 254 119 125 132 108 0 0 0 0 0 0 0 0 20 1 86708 796436 1357260 509626 554734 469898 422316 1481524 1227872 1030356 1357620 18488 13662 24632 30426 30246 22704 18662 18414 20996 2073600 2073600 4 1 108099 990720 993600 46003 45802 32576 33958 1 1 17 17 7 4 4 4 4 1920 1080 
[ 2267.687820] MESSAGE_B= 4 4 4 25 20 1 192 0 248 179 0 1686 1897 1706 1889 1671 1080 1730 1138 603 786 618 765 281 104 289 104 0 31 255 255 255 255 117 114 129 92 0 0 0 0 0 0 0 0 20 1 26338 449794 1357260 509626 554734 469898 422316 1481524 1227872 1030356 1357620 18488 13662 24632 30426 30246 22704 18662 18414 20996 2073600 2073600 4 1 109316 994560 993600 46561 46352 32511 33877 1 1 17 17 16 4 4 4 4 1920 1080 
[ 2267.847346] MESSAGE_B= 4 4 4 25 20 1 192 0 248 179 0 1682 1890 1704 1882 1670 1076 1729 1134 605 787 618 766 283 103 291 101 0 31 255 255 255 254 113 100 127 78 0 0 0 0 0 0 0 0 20 1 84642 386014 1357260 509626 554734 469898 422316 1481524 1227872 1030356 1357620 18488 13662 24632 30426 30246 22704 18662 18414 20996 2073600 2073600 4 1 110764 990720 993600 47421 47128 32402 33692 1 1 17 17 17 4 4 4 4 1920 1080 
[ 2268.128824] MESSAGE_B= 4 4 4 25 20 1 192 0 248 179 0 1733 1814 1748 1821 1669 1085 1720 1142 572 832 589 802 290 121 302 118 0 31 255 255 255 255 116 118 132 99 0 0 0 0 0 0 0 0 20 1 27528 453122 1357260 509626 554734 469898 422316 1481524 1227872 1030356 1357620 18488 13662 24632 30426 30246 22704 18662 18414 20996 2073600 2073600 4 1 112862 994560 993600 46803 46651 28778 30147 1 1 17 17 23 4 4 4 4 1920 1080 
[ 2268.408813] MESSAGE_B= 4 4 4 25 21 1 192 0 248 179 0 1743 1814 1757 1820 1681 1084 1731 1141 570 831 587 803 286 124 304 115 0 31 255 255 255 255 125 118 134 99 0 0 0 0 0 0 0 0 21 1 82596 365008 630764 1005144 895480 1446818 1301782 589100 882322 814970 631672 87190 6320 8492 14452 90542 92302 18532 72972 79784 2073600 2073600 4 1 114263 990720 993600 47070 46989 28931 30292 1 1 17 17 23 4 4 4 4 1920 1080 
[ 2268.689810] MESSAGE_B= 4 4 4 24 21 1 192 0 248 179 0 1717 1842 1731 1848 1688 1088 1738 1147 587 820 606 791 284 116 302 106 0 31 255 255 255 255 124 132 135 119 0 0 0 0 0 0 0 0 21 1 25322 426672 630764 1005144 895480 1446818 1301782 589100 882322 814970 631672 87190 6320 8492 14452 90542 92302 18532 72972 79784 2073600 2073600 4 1 112698 994560 993600 46392 46229 29409 30709 1 1 17 17 11 4 4 4 4 1920 1080 
[ 2268.969892] MESSAGE_B= 0 4 4 25 2 1 192 0 248 179 0 0 528 0 524 424 799 426 745 0 0 0 0 0 0 0 0 1 12 255 255 243 87 0 0 0 0 1 0 0 0 0 0 0 0 2 1 83890 376368 630764 1005144 895480 1446818 1301782 589100 882322 814970 631672 87190 6320 8492 14452 90542 92302 18532 72972 79784 2073600 2073600 2 12 487404 990720 993600 126812 126813 116776 117003 12 12 12 12 11 4 4 4 4 1920 1080 
[ 2269.249820] MESSAGE_B= 0 4 4 25 2 1 192 0 248 179 0 868 745 841 774 808 742 783 759 423 197 411 203 245 146 237 151 0 31 255 255 255 255 133 36 131 26 0 0 0 0 0 0 0 0 2 1 26930 431070 630764 1005144 895480 1446818 1301782 589100 882322 814970 631672 87190 6320 8492 14452 90542 92302 18532 72972 79784 2073600 2073600 2 12 237224 994560 993600 55394 55120 63271 63439 12 12 12 12 238 4 4 4 4 1920 1080 
[ 2269.527824] MESSAGE_B= 0 4 4 111 1 1 192 0 248 179 0 1512 1188 1505 1198 1506 1399 1489 1409 634 240 632 244 268 129 266 127 0 31 255 254 255 252 19 79 36 83 0 0 0 0 0 0 0 0 1 1 9224 349320 630764 1005144 895480 1446818 1301782 589100 882322 814970 631672 87190 6320 8492 14452 90542 92302 18532 72972 79784 2073600 2073600 2 12 235841 990720 993600 54316 54201 63702 63622 12 12 12 12 238 4 4 4 4 1920 1080 
[ 2269.805808] MESSAGE_B= 4 4 4 94 44 1 192 0 248 179 0 875 671 854 696 1154 535 1137 558 439 223 419 229 586 306 587 311 0 1 255 255 251 255 54 4 50 1 0 0 0 0 2 0 2 0 44 1 8322 311844 630764 1005144 895480 1446818 1301782 589100 882322 814970 631672 87190 6320 8492 14452 90542 92302 18532 72972 79784 2073600 2073600 5 1 173963 994560 993600 53601 53311 73399 73791 12 12 1 1 68 4 4 4 4 1920 1080 
[ 2270.085204] MESSAGE_B= 4 4 4 51 71 1 192 0 248 179 0 946 681 923 710 1771 797 1758 829 422 216 405 225 483 510 487 532 0 1 255 254 253 254 201 45 204 27 0 0 0 0 2 2 2 2 71 1 24542 356460 630764 1005144 895480 1446818 1301782 589100 882322 814970 631672 87190 6320 8492 14452 90542 92302 18532 72972 79784 2073600 2073600 4 1 204330 990720 993600 50641 50207 87199 87411 12 12 1 1 68 4 4 4 4 1920 1080 
[ 2270.370819] MESSAGE_B= 0 4 4 44 34 0 192 0 248 179 0 1126 1214 1121 1217 1133 1094 1135 1090 217 202 214 200 467 226 467 216 0 31 255 255 255 255 115 114 118 120 0 0 0 0 0 0 0 0 34 0 9832 421064 630764 1005144 895480 1446818 1301782 589100 882322 814970 631672 87190 6320 8492 14452 90542 92302 18532 72972 79784 2073600 2073600 2 6 143731 994560 993600 52856 52951 34850 34784 6 6 12 12 28 4 4 4 4 1920 1080 
[ 2270.538889] MESSAGE_B= 4 4 4 27 37 1 192 0 248 179 0 1130 1269 1124 1270 1119 1150 1117 1145 189 251 183 251 425 240 426 236 0 31 255 255 255 255 144 105 147 97 0 0 0 0 0 0 0 0 37 1 10726 644288 630764 1005144 895480 1446818 1301782 589100 882322 814970 631672 87190 6320 8492 14452 90542 92302 18532 72972 79784 2073600 2073600 5 6 139102 990720 993600 50595 50634 32992 33200 6 6 12 12 49 4 4 4 4 1920 1080 
[ 2270.816815] MESSAGE_B= 4 4 4 29 35 1 192 0 248 179 0 1167 1304 1159 1306 1090 1152 1085 1149 226 277 223 278 427 217 418 211 0 31 255 255 255 255 106 68 107 64 0 0 0 0 0 0 0 0 35 1 9564 347246 472640 669900 640940 808410 454200 514884 1105242 892026 517974 13420 8366 15826 31996 10642 13838 37426 32572 15024 2073600 2073600 5 6 137160 994560 993600 47921 48425 32815 32925 6 6 12 12 49 4 4 4 4 1920 1080 
[ 2271.102810] MESSAGE_B= 4 4 4 30 37 1 192 0 248 179 0 1165 1303 1157 1305 1088 1150 1083 1147 222 276 221 277 428 216 420 214 0 31 255 255 255 255 106 76 106 64 0 0 0 0 0 0 0 0 37 1 8584 559804 472640 669900 640940 808410 454200 514884 1105242 892026 517974 13420 8366 15826 31996 10642 13838 37426 32572 15024 2073600 2073600 5 6 137526 990720 993600 48409 48285 32853 32917 6 6 12 12 42 4 4 4 4 1920 1080 
[ 2271.381817] MESSAGE_B= 4 4 4 18 15 1 192 0 248 179 0 1342 1688 1313 1697 1090 1309 1077 1338 241 337 232 341 116 195 119 188 0 31 255 255 255 252 125 121 127 123 0 0 0 0 0 0 0 0 15 1 10742 311152 472640 669900 640940 808410 454200 514884 1105242 892026 517974 13420 8366 15826 31996 10642 13838 37426 32572 15024 2073600 2073600 5 1 150276 994560 993600 42660 43252 46399 45230 1 1 0 0 68 4 4 4 4 1920 1080 
[ 2271.675086] MESSAGE_B= 4 4 4 19 16 1 192 0 248 179 0 1289 1892 1256 1895 1028 1271 1013 1284 296 357 281 363 95 149 105 152 0 31 255 255 255 255 142 39 126 22 0 0 0 0 0 0 0 0 16 1 10082 342570 472640 669900 640940 808410 454200 514884 1105242 892026 517974 13420 8366 15826 31996 10642 13838 37426 32572 15024 2073600 2073600 5 1 145246 990720 993600 39532 40132 49588 48523 1 1 0 0 85 4 4 4 4 1920 1080 
[ 2271.952813] MESSAGE_B= 4 4 4 18 15 1 192 0 248 179 0 1623 1798 1601 1802 1361 1278 1356 1292 248 539 249 539 189 158 188 160 0 31 255 255 255 255 1 135 2 136 0 0 0 0 0 0 0 0 15 1 23052 655544 472640 669900 640940 808410 454200 514884 1105242 892026 517974 13420 8366 15826 31996 10642 13838 37426 32572 15024 2073600 2073600 4 1 164862 994560 993600 48888 48279 47013 48422 1 1 0 0 101 4 4 4 4 1920 1080 
[ 2272.230813] MESSAGE_B= 4 4 4 14 18 2 192 0 248 179 0 1308 1794 1279 1797 1414 1314 1410 1328 194 538 180 533 291 171 296 172 0 31 255 255 255 255 65 121 71 121 0 0 0 0 0 0 0 0 18 2 21302 270350 472640 669900 640940 808410 454200 514884 1105242 892026 517974 13420 8366 15826 31996 10642 13838 37426 32572 15024 2073600 2073600 4 1 178748 990720 993600 46846 47113 42629 42160 1 1 1 1 101 4 4 4 4 1920 1080 
[ 2272.508805] MESSAGE_B= 4 4 4 14 19 1 192 0 248 179 0 1870 1661 1839 1689 1868 1007 1843 1034 240 502 263 510 353 91 316 92 0 31 254 255 255 252 146 109 134 109 0 0 0 0 0 0 0 0 19 1 17088 623550 472640 669900 640940 808410 454200 514884 1105242 892026 517974 13420 8366 15826 31996 10642 13838 37426 32572 15024 2073600 2073600 4 1 185102 994560 993600 40564 40872 52392 51274 1 1 1 1 114 4 4 4 4 1920 1080 
[ 2272.666817] MESSAGE_B= 4 4 4 30 16 1 192 0 248 179 0 1773 1421 1783 1438 1596 754 1613 760 330 396 323 402 150 121 154 122 0 31 255 255 255 255 28 96 34 106 0 0 0 0 0 0 0 0 16 1 17440 296818 472640 669900 640940 808410 454200 514884 1105242 892026 517974 13420 8366 15826 31996 10642 13838 37426 32572 15024 2073600 2073600 4 1 171953 990720 993600 35691 35868 49503 50891 1 1 1 1 114 4 4 4 4 1920 1080 
[ 2272.946287] MESSAGE_B= 4 4 4 14 31 1 192 0 248 179 0 1536 1069 1561 1082 1117 948 1126 937 383 267 393 264 251 311 243 307 0 31 255 255 255 255 137 27 135 32 0 0 0 0 0 0 0 0 31 1 24780 681314 472640 669900 640940 808410 454200 514884 1105242 892026 517974 13420 8366 15826 31996 10642 13838 37426 32572 15024 2073600 2073600 4 1 119259 994560 993600 29714 29690 40668 40513 1 1 12 12 136 4 4 4 4 1920 1080 
[ 2273.225818] MESSAGE_B= 4 4 4 17 19 1 192 0 248 179 0 1137 808 1145 806 1322 521 1339 521 380 187 386 184 210 32 223 30 0 31 255 255 255 255 76 214 81 228 0 0 0 0 0 0 0 0 19 1 21504 378554 542480 765230 936406 784152 771454 772664 781608 915474 856690 19964 20056 21714 17002 15820 13182 23622 33410 24524 2073600 2073600 4 1 125922 990720 993600 34932 35118 45479 45029 1 1 12 12 152 4 4 4 4 1920 1080 
[ 2273.505062] MESSAGE_B= 4 4 4 17 18 1 192 0 248 179 0 901 772 902 771 1103 498 1107 498 158 178 155 176 283 95 281 93 0 31 255 255 255 255 33 190 38 190 0 0 0 0 0 0 0 0 18 1 17486 517958 542480 765230 936406 784152 771454 772664 781608 915474 856690 19964 20056 21714 17002 15820 13182 23622 33410 24524 2073600 2073600 4 0 187840 994560 993600 61785 61505 57259 56961 0 0 12 12 152 4 4 4 4 1920 1080 
[ 2273.785497] MESSAGE_B= 0 4 4 17 17 1 192 0 248 179 0 776 1114 777 1116 589 1214 588 1218 168 214 169 218 33 310 42 308 0 12 255 255 255 255 180 39 163 43 0 0 0 0 0 2 0 2 17 1 7090 611276 542480 765230 936406 784152 771454 772664 781608 915474 856690 19964 20056 21714 17002 15820 13182 23622 33410 24524 2073600 2073600 2 0 170760 990720 993600 56985 56374 67059 67009 0 0 12 12 78 4 4 4 4 1920 1080 
[ 2274.064809] MESSAGE_B= 4 4 4 18 17 1 192 0 248 179 0 2176 2139 2137 2142 1870 2154 1864 2152 332 296 336 304 749 564 788 537 0 31 255 253 255 255 7 188 9 188 0 0 0 0 0 0 0 0 17 1 17544 679216 542480 765230 936406 784152 771454 772664 781608 915474 856690 19964 20056 21714 17002 15820 13182 23622 33410 24524 2073600 2073600 4 21 75137 994560 993600 20524 20267 22025 22058 22 22 1 1 233 4 4 4 4 1920 1080 
[ 2274.343812] MESSAGE_B= 0 4 4 56 12 2 192 0 248 179 0 2217 2173 2176 2180 1934 2120 1926 2117 345 326 342 337 585 675 605 637 0 31 255 254 255 255 2 189 0 199 0 0 0 0 0 0 0 0 12 2 10186 509228 542480 765230 936406 784152 771454 772664 781608 915474 856690 19964 20056 21714 17002 15820 13182 23622 33410 24524 2073600 2073600 2 23 77734 990720 993600 23525 23468 19185 19387 23 23 1 1 233 4 4 4 4 1920 1080 
[ 2274.629810] MESSAGE_B= 4 4 4 47 21 1 192 0 248 179 0 2050 1987 2011 2005 1877 1834 1878 1821 345 280 350 292 385 438 395 427 0 31 255 247 255 255 7 88 16 124 0 0 0 0 0 0 0 0 21 1 21564 392356 542480 765230 936406 784152 771454 772664 781608 915474 856690 19964 20056 21714 17002 15820 13182 23622 33410 24524 2073600 2073600 4 5 105582 994560 993600 21488 21308 31827 30959 5 5 5 5 154 4 4 4 4 1920 1080 
[ 2274.909814] MESSAGE_B= 4 4 4 31 23 1 192 0 248 179 0 2115 2015 2050 2046 1672 1982 1656 2015 358 276 359 266 738 442 729 389 0 31 255 249 255 253 180 73 178 79 0 0 0 0 0 0 0 0 23 1 32992 198936 542480 765230 936406 784152 771454 772664 781608 915474 856690 19964 20056 21714 17002 15820 13182 23622 33410 24524 2073600 2073600 4 5 117221 990720 993600 26275 26071 32517 32358 5 5 5 5 154 4 4 4 4 1920 1080 
[ 2275.187805] MESSAGE_B= 4 4 4 31 21 1 192 0 248 179 0 1501 1347 1614 1344 1609 1545 1614 1534 703 327 606 341 286 273 286 281 0 7 248 251 255 255 33 21 13 31 0 0 0 0 2 2 2 2 21 1 39560 293416 542480 765230 936406 784152 771454 772664 781608 915474 856690 19964 20056 21714 17002 15820 13182 23622 33410 24524 2073600 2073600 4 7 194778 994560 993600 92559 91742 22060 22119 7 7 5 5 226 4 4 4 4 1920 1080 
[ 2275.345818] MESSAGE_B= 4 4 4 31 17 1 192 0 248 179 0 1559 1685 1725 1699 1650 1459 1658 1445 575 229 518 229 300 355 296 358 0 7 243 249 253 255 13 75 42 82 0 0 0 0 2 0 2 0 17 1 17640 302590 542480 765230 936406 784152 771454 772664 781608 915474 856690 19964 20056 21714 17002 15820 13182 23622 33410 24524 2073600 2073600 4 7 187416 990720 993600 86837 86227 23212 22598 7 7 15 15 226 4 4 4 4 1920 1080 
[ 2275.623811] MESSAGE_B= 4 4 4 31 19 1 192 0 248 179 0 1482 1497 1497 1495 1566 1414 1577 1399 662 381 636 396 281 334 283 334 0 7 251 253 255 255 40 78 25 88 0 0 0 0 2 2 2 2 19 1 15344 663086 1105548 649362 304710 846288 683048 373404 581596 589628 480370 15662 4744 2734 6046 24444 24880 35058 25902 9068 2073600 2073600 4 7 180086 994560 993600 87071 86504 28192 28219 7 7 5 5 226 4 4 4 4 1920 1080 
[ 2275.901809] MESSAGE_B= 4 4 4 32 18 1 192 0 248 179 0 1329 1384 1405 1386 1643 1469 1653 1455 617 456 542 477 283 348 284 350 0 7 246 254 254 255 29 148 1 152 0 0 0 0 2 2 2 2 18 1 17780 703502 1105548 649362 304710 846288 683048 373404 581596 589628 480370 15662 4744 2734 6046 24444 24880 35058 25902 9068 2073600 2073600 4 7 199339 990720 993600 92841 92098 23494 23238 7 7 15 15 130 4 4 4 4 1920 1080 
[ 2276.183805] MESSAGE_B= 0 4 4 32 19 1 192 0 248 179 0 1450 1430 1490 1401 1608 1444 1611 1438 657 465 595 466 282 343 276 346 0 7 250 253 254 253 28 92 19 114 0 0 0 0 2 2 2 2 19 1 10194 684296 1105548 649362 304710 846288 683048 373404 581596 589628 480370 15662 4744 2734 6046 24444 24880 35058 25902 9068 2073600 2073600 2 7 193704 994560 993600 92337 91039 23118 22480 7 7 15 15 130 4 4 4 4 1920 1080 
[ 2276.468670] MESSAGE_B= 4 4 4 31 20 0 192 0 248 179 0 881 1345 901 1332 1226 1296 1200 1303 270 382 250 380 367 281 359 287 0 1 254 255 254 255 6 16 0 19 0 0 0 0 0 0 0 0 20 0 12080 775970 1105548 649362 304710 846288 683048 373404 581596 589628 480370 15662 4744 2734 6046 24444 24880 35058 25902 9068 2073600 2073600 5 1 202546 990720 993600 65267 64406 36341 36532 1 1 1 1 97 4 4 4 4 1920 1080 
[ 2276.624818] MESSAGE_B= 4 4 4 19 22 1 192 0 248 179 0 888 1399 909 1388 1285 1269 1263 1268 295 431 276 427 360 270 354 273 0 1 254 255 254 255 3 40 23 39 0 0 0 0 0 0 0 0 22 1 8878 774552 1105548 649362 304710 846288 683048 373404 581596 589628 480370 15662 4744 2734 6046 24444 24880 35058 25902 9068 2073600 2073600 5 1 204503 994560 993600 65681 65574 36729 36519 1 1 1 1 85 4 4 4 4 1920 1080 
[ 2276.901803] MESSAGE_B= 4 4 4 15 22 1 192 0 248 179 0 874 1151 896 1136 1374 1141 1351 1142 260 250 237 243 387 287 378 286 0 1 253 255 255 255 69 21 57 17 0 0 0 0 2 0 2 0 22 1 30916 340912 1105548 649362 304710 846288 683048 373404 581596 589628 480370 15662 4744 2734 6046 24444 24880 35058 25902 9068 2073600 2073600 4 1 219479 990720 993600 72578 72676 37154 37071 1 1 1 1 85 4 4 4 4 1920 1080 
[ 2277.179812] MESSAGE_B= 4 4 4 2 20 1 192 0 248 179 0 873 1126 894 1109 1115 1121 1090 1122 257 245 237 237 352 282 348 282 0 1 253 255 254 255 15 40 20 34 0 0 0 0 0 0 0 0 20 1 26616 439286 1105548 649362 304710 846288 683048 373404 581596 589628 480370 15662 4744 2734 6046 24444 24880 35058 25902 9068 2073600 2073600 4 1 241315 994560 993600 74111 74045 46554 46605 1 1 1 1 73 4 4 4 4 1920 1080 
[ 2277.461820] MESSAGE_B= 4 4 4 104 45 1 192 0 248 179 0 2338 2078 2339 2122 2239 2151 2251 2188 224 277 226 283 388 472 405 473 0 31 255 255 255 255 93 9 86 13 0 0 0 0 0 0 0 0 45 1 18906 479842 1105548 649362 304710 846288 683048 373404 581596 589628 480370 15662 4744 2734 6046 24444 24880 35058 25902 9068 2073600 2073600 4 6 195290 990720 993600 53188 53379 58435 60474 19 19 6 6 27 4 4 4 4 1920 1080 
[ 2277.742810] MESSAGE_B= 4 4 4 54 39 0 192 0 248 179 0 2285 2190 2293 2225 2394 2149 2406 2175 154 200 164 202 313 273 326 283 0 31 253 253 255 254 88 24 77 52 0 0 0 0 0 0 0 0 39 0 23708 719718 1105548 649362 304710 846288 683048 373404 581596 589628 480370 15662 4744 2734 6046 24444 24880 35058 25902 9068 2073600 2073600 4 6 131226 994560 993600 44196 44480 36643 38460 19 19 6 6 27 4 4 4 4 1920 1080 
[ 2278.021805] MESSAGE_B= 4 4 4 35 41 0 192 0 248 179 0 2290 2249 2302 2282 2418 2135 2433 2152 190 285 204 284 358 237 359 238 0 31 255 255 255 253 87 12 102 20 0 0 0 0 0 0 0 0 41 0 26708 528046 658896 687658 489214 1426658 680292 598654 787894 1252198 716898 34830 11110 18398 17976 27160 27224 17252 41880 30880 2073600 2073600 4 6 155563 990720 993600 45473 45157 43861 45278 19 19 6 6 101 4 4 4 4 1920 1080 
[ 2278.299816] MESSAGE_B= 4 4 4 52 39 0 192 0 248 179 0 1750 2173 1749 2162 1606 1763 1616 1761 324 481 323 476 247 200 245 202 0 31 255 255 255 255 142 182 131 183 0 0 0 0 0 0 0 0 39 0 25872 616190 658896 687658 489214 1426658 680292 598654 787894 1252198 716898 34830 11110 18398 17976 27160 27224 17252 41880 30880 2073600 2073600 4 17 129410 994560 993600 38623 39025 57734 57306 17 17 5 5 214 4 4 4 4 1920 1080 
[ 2278.577821] MESSAGE_B= 4 4 4 35 12 1 192 0 248 179 0 1755 2176 1754 2164 1639 1766 1651 1764 332 484 327 482 258 197 254 206 0 31 255 255 255 255 137 190 138 177 0 0 0 0 0 0 0 0 12 1 18132 413814 658896 687658 489214 1426658 680292 598654 787894 1252198 716898 34830 11110 18398 17976 27160 27224 17252 41880 30880 2073600 2073600 4 17 125261 990720 993600 38298 38956 53153 52862 17 17 5 5 214 4 4 4 4 1920 1080 
[ 2278.739486] MESSAGE_B= 0 4 4 38 12 1 192 0 248 179 0 1746 2169 1744 2158 1604 1759 1618 1758 327 481 323 479 260 200 250 200 0 31 255 255 255 255 155 180 161 182 0 0 0 0 0 0 0 0 12 1 11126 507062 658896 687658 489214 1426658 680292 598654 787894 1252198 716898 34830 11110 18398 17976 27160 27224 17252 41880 30880 2073600 2073600 2 17 126525 994560 993600 38788 39494 52659 52639 17 17 5 5 214 4 4 4 4 1920 1080 
[ 2279.017802] MESSAGE_B= 4 4 4 38 12 2 192 0 248 179 0 1752 2176 1751 2165 1587 1816 1597 1816 325 486 327 481 266 197 265 195 0 31 255 255 255 255 144 167 132 175 0 0 0 0 0 0 0 0 12 2 22466 799108 658896 687658 489214 1426658 680292 598654 787894 1252198 716898 34830 11110 18398 17976 27160 27224 17252 41880 30880 2073600 2073600 4 17 130820 990720 993600 38681 39237 49516 49237 17 17 5 5 26 4 4 4 4 1920 1080 
[ 2279.296815] MESSAGE_B= 0 4 4 2 7 1 192 0 248 179 0 1045 657 1046 668 532 503 535 503 448 175 444 169 53 71 58 69 0 31 254 254 254 255 45 69 34 58 0 0 0 0 0 0 0 0 7 1 10836 456728 658896 687658 489214 1426658 680292 598654 787894 1252198 716898 34830 11110 18398 17976 27160 27224 17252 41880 30880 2073600 2073600 2 7 222546 994560 993600 62989 63698 54731 53516 7 7 12 12 36 4 4 4 4 1920 1080 
[ 2279.574813] MESSAGE_B= 4 4 4 2 10 1 192 0 248 179 0 796 568 807 568 628 558 627 551 130 127 126 125 159 55 150 53 0 31 255 255 255 253 91 90 66 93 0 0 0 0 0 0 0 0 10 1 16686 798146 658896 687658 489214 1426658 680292 598654 787894 1252198 716898 34830 11110 18398 17976 27160 27224 17252 41880 30880 2073600 2073600 4 12 208606 990720 993600 54914 56031 50520 51716 7 7 12 12 36 4 4 4 4 1920 1080 
[ 2279.851808] MESSAGE_B= 4 4 4 2 8 1 192 0 248 179 0 743 565 746 564 651 660 653 658 199 104 199 108 144 134 141 135 0 31 255 255 255 255 40 53 34 57 0 0 0 0 0 0 0 0 8 1 15542 315446 658896 687658 489214 1426658 680292 598654 787894 1252198 716898 34830 11110 18398 17976 27160 27224 17252 41880 30880 2073600 2073600 4 7 204418 994560 993600 53529 53496 54241 56669 12 12 7 7 41 4 4 4 4 1920 1080 
[ 2280.128832] MESSAGE_B= 0 4 4 10 10 1 192 0 248 179 0 590 777 588 776 1175 1360 1178 1351 99 244 95 243 418 409 420 405 0 31 255 255 255 255 101 168 96 172 0 0 0 0 0 0 0 0 10 1 11494 172778 658896 687658 489214 1426658 680292 598654 787894 1252198 716898 34830 11110 18398 17976 27160 27224 17252 41880 30880 2073600 2073600 2 12 163812 990720 993600 51726 51535 37303 37195 7 7 16 13 107 4 4 4 4 1920 1080 
[ 2280.408818] MESSAGE_B= 4 4 4 56 16 0 192 0 248 179 0 689 876 691 869 1350 1339 1355 1335 138 238 144 234 370 329 364 335 0 31 255 255 255 255 27 77 22 92 0 0 0 0 0 0 0 0 16 0 22418 123804 1267320 618288 556910 920386 686964 1095036 328578 182982 144516 14510 26268 11186 19512 14560 5378 15104 11694 22796 2073600 2073600 4 12 123101 994560 993600 45768 45447 36016 36320 7 7 16 16 107 4 4 4 4 1920 1080 
[ 2280.688905] MESSAGE_B= 0 4 4 59 14 1 192 0 248 179 0 683 869 686 864 1357 1373 1359 1370 137 239 145 238 368 333 366 343 0 31 255 255 255 255 28 82 27 100 0 0 0 0 0 0 0 0 14 1 7348 707056 1267320 618288 556910 920386 686964 1095036 328578 182982 144516 14510 26268 11186 19512 14560 5378 15104 11694 22796 2073600 2073600 2 12 121810 990720 993600 45533 45707 36587 36688 12 7 14 14 79 4 4 4 4 1920 1080 
[ 2280.969812] MESSAGE_B= 4 4 4 58 25 1 192 0 248 179 0 2597 2305 2558 2316 2080 2024 2055 2026 342 417 316 441 359 302 353 304 0 6 245 250 254 255 17 141 35 136 0 0 0 0 0 2 0 2 25 1 10638 840044 1267320 618288 556910 920386 686964 1095036 328578 182982 144516 14510 26268 11186 19512 14560 5378 15104 11694 22796 2073600 2073600 5 6 246492 994560 993600 88336 88324 35134 34698 6 6 6 6 60 4 4 4 4 1920 1080 
[ 2281.248834] MESSAGE_B= 4 4 4 25 25 1 192 0 248 179 0 2604 2361 2565 2379 2055 2126 2030 2130 356 330 330 345 346 230 339 237 0 6 244 249 255 255 2 43 13 47 0 0 0 0 2 0 0 2 25 1 25154 641608 1267320 618288 556910 920386 686964 1095036 328578 182982 144516 14510 26268 11186 19512 14560 5378 15104 11694 22796 2073600 2073600 4 6 244203 990720 993600 85901 85920 36314 36068 6 6 6 6 47 4 4 4 4 1920 1080 
[ 2281.529813] MESSAGE_B= 4 4 4 25 25 1 192 0 248 179 0 2571 2336 2539 2358 2081 2108 2056 2105 359 409 327 441 374 258 360 258 0 6 246 248 255 255 1 149 2 146 0 0 0 0 0 2 0 2 25 1 17418 376700 1267320 618288 556910 920386 686964 1095036 328578 182982 144516 14510 26268 11186 19512 14560 5378 15104 11694 22796 2073600 2073600 4 6 255707 994560 993600 88344 88337 39694 39332 6 6 6 6 47 4 4 4 4 1920 1080 
[ 2281.810812] MESSAGE_B= 4 4 4 24 27 1 192 0 248 179 0 2595 2335 2544 2352 1953 2088 1935 2087 370 395 349 420 404 248 402 250 0 6 247 249 254 255 10 104 15 104 0 0 0 0 2 2 2 2 27 1 28254 550644 1267320 618288 556910 920386 686964 1095036 328578 182982 144516 14510 26268 11186 19512 14560 5378 15104 11694 22796 2073600 2073600 4 6 250474 990720 993600 91517 91542 33812 33603 6 6 6 6 38 4 4 4 4 1920 1080 
[ 2282.096936] MESSAGE_B= 4 4 4 25 26 1 192 0 248 179 0 2508 2364 2479 2374 2014 2071 2003 2067 386 373 359 391 374 239 359 243 0 6 247 252 255 254 52 91 52 101 0 0 0 0 2 2 2 2 26 1 17058 380492 1267320 618288 556910 920386 686964 1095036 328578 182982 144516 14510 26268 11186 19512 14560 5378 15104 11694 22796 2073600 2073600 4 6 248726 994560 993600 90147 90200 34262 34117 6 6 6 6 38 4 4 4 4 1920 1080 
[ 2282.254819] MESSAGE_B= 4 4 4 24 27 1 192 0 248 179 0 2515 2366 2482 2380 1992 2074 1987 2070 396 373 374 394 393 233 373 243 0 6 249 249 254 255 31 93 53 95 0 0 0 0 2 0 2 2 27 1 24302 531558 1267320 618288 556910 920386 686964 1095036 328578 182982 144516 14510 26268 11186 19512 14560 5378 15104 11694 22796 2073600 2073600 4 6 248362 990720 993600 90068 90137 34195 33962 6 6 6 6 38 4 4 4 4 1920 1080 
[ 2282.533807] MESSAGE_B= 4 4 4 24 26 1 192 0 248 179 0 2594 2370 2559 2384 2164 2078 2136 2076 355 375 330 394 334 236 323 239 0 6 245 251 254 255 55 88 46 100 0 0 0 0 2 2 0 2 26 1 15222 364490 1267320 618288 556910 920386 686964 1095036 328578 182982 144516 14510 26268 11186 19512 14560 5378 15104 11694 22796 2073600 2073600 4 6 255105 994560 993600 87703 87816 40043 39543 6 6 6 6 20 4 4 4 4 1920 1080 
[ 2282.811826] MESSAGE_B= 4 4 4 26 26 1 192 0 248 179 0 2601 2372 2561 2379 1924 2079 1913 2076 364 374 340 394 358 232 346 235 0 6 245 251 255 255 55 98 20 114 0 0 0 0 2 2 0 2 26 1 28216 531874 291744 796030 112978 259696 612398 740522 613540 508380 331926 17836 7698 10774 21330 28134 17364 24526 28042 21026 2073600 2073600 4 6 248855 990720 993600 87850 87929 36785 36291 6 6 6 6 26 4 4 4 4 1920 1080 
[ 2283.089821] MESSAGE_B= 4 4 4 27 11 0 192 0 248 179 0 874 1643 862 1645 1403 1847 1404 1857 140 351 144 356 306 268 308 261 0 31 255 255 255 255 101 75 93 83 0 0 0 0 0 0 0 0 11 0 16358 380052 291744 796030 112978 259696 612398 740522 613540 508380 331926 17836 7698 10774 21330 28134 17364 24526 28042 21026 2073600 2073600 4 16 119877 994560 993600 30140 30944 48910 48888 7 7 16 16 237 4 4 4 4 1920 1080 
[ 2283.369813] MESSAGE_B= 0 4 4 47 11 1 192 0 248 179 0 861 1587 845 1591 1584 1762 1577 1775 158 337 151 343 309 292 312 296 0 31 255 255 255 255 87 102 70 105 0 0 0 0 0 0 0 0 11 1 13538 544006 291744 796030 112978 259696 612398 740522 613540 508380 331926 17836 7698 10774 21330 28134 17364 24526 28042 21026 2073600 2073600 2 16 123095 990720 993600 32763 33821 51617 51138 7 7 16 16 237 4 4 4 4 1920 1080 
[ 2283.647823] MESSAGE_B= 4 4 4 48 12 1 192 0 248 179 0 1020 1520 1007 1530 1676 1513 1674 1516 269 210 265 213 116 336 110 326 0 31 255 254 255 255 78 29 79 43 0 0 0 0 0 0 0 0 12 1 10976 439302 291744 796030 112978 259696 612398 740522 613540 508380 331926 17836 7698 10774 21330 28134 17364 24526 28042 21026 2073600 2073600 5 16 134766 994560 993600 31174 32137 55950 55676 7 7 16 16 79 4 4 4 4 1920 1080 
[ 2283.930304] MESSAGE_B= 4 4 4 42 11 0 192 0 248 179 0 827 1296 811 1300 1587 1672 1588 1679 193 175 188 184 167 310 171 307 0 31 255 255 255 255 68 39 57 37 0 0 0 0 0 0 0 0 11 0 11444 714838 291744 796030 112978 259696 612398 740522 613540 508380 331926 17836 7698 10774 21330 28134 17364 24526 28042 21026 2073600 2073600 5 16 113103 990720 993600 37162 37890 46146 46131 7 7 16 16 136 4 4 4 4 1920 1080 
[ 2284.210858] MESSAGE_B= 4 4 4 41 12 1 192 0 248 179 0 1633 1140 1649 1141 1866 1799 1868 1800 159 197 144 189 215 275 214 261 0 31 250 254 255 255 139 112 122 125 0 0 0 0 0 0 0 0 12 1 16056 524798 291744 796030 112978 259696 612398 740522 613540 508380 331926 17836 7698 10774 21330 28134 17364 24526 28042 21026 2073600 2073600 4 17 148637 994560 993600 32425 33568 44869 45207 16 16 18 18 136 4 4 4 4 1920 1080 
[ 2284.370808] MESSAGE_B= 0 4 4 92 12 1 192 0 248 179 0 1623 1135 1643 1133 1837 1790 1841 1790 165 198 153 187 203 278 196 268 0 31 249 254 255 255 146 123 153 134 0 0 0 0 0 0 0 0 12 1 8800 752706 291744 796030 112978 259696 612398 740522 613540 508380 331926 17836 7698 10774 21330 28134 17364 24526 28042 21026 2073600 2073600 2 17 144728 990720 993600 33462 34226 44525 44221 16 16 0 0 35 4 4 4 4 1920 1080 
[ 2284.649816] MESSAGE_B= 4 4 4 91 12 1 192 0 248 179 0 1609 1130 1639 1124 1829 1801 1834 1799 150 188 148 188 212 267 215 254 0 31 249 253 255 255 146 146 125 155 0 0 0 0 0 0 0 0 12 1 18350 561194 291744 796030 112978 259696 612398 740522 613540 508380 331926 17836 7698 10774 21330 28134 17364 24526 28042 21026 2073600 2073600 4 17 144381 994560 993600 32574 33432 42715 42682 16 16 0 0 36 4 4 4 4 1920 1080 
[ 2284.933814] MESSAGE_B= 0 4 4 96 12 0 192 0 248 179 0 1613 1093 1639 1093 1750 1803 1758 1799 174 163 155 163 219 279 223 266 0 31 253 253 255 255 155 97 149 104 0 0 0 0 0 0 0 0 12 0 8754 486676 291744 796030 112978 259696 612398 740522 613540 508380 331926 17836 7698 10774 21330 28134 17364 24526 28042 21026 2073600 2073600 2 17 137132 990720 993600 35362 36236 42065 40966 15 15 0 0 36 4 4 4 4 1920 1080 
[ 2285.213117] MESSAGE_B= 4 4 4 97 12 0 192 0 248 179 0 1620 1097 1645 1097 1763 1781 1773 1780 178 163 163 170 234 257 232 241 0 31 252 252 255 255 93 116 95 130 0 0 0 0 0 0 0 0 12 0 19698 465738 687670 767398 917326 1018858 978000 1198232 1342084 1232118 847248 18066 23538 5572 16000 17604 19992 23184 22774 18862 2073600 2073600 4 17 136910 994560 993600 35444 36271 41994 41096 15 15 0 0 30 4 4 4 4 1920 1080 
[ 2285.509326] MESSAGE_B= 0 4 4 96 13 1 192 0 248 179 0 1566 1430 1550 1435 1684 1819 1679 1825 958 548 960 571 494 356 501 353 0 1 253 253 253 254 157 68 162 64 0 0 0 0 2 2 2 0 13 1 8506 390736 687670 767398 917326 1018858 978000 1198232 1342084 1232118 847248 18066 23538 5572 16000 17604 19992 23184 22774 18862 2073600 2073600 2 1 182931 990720 993600 67251 66294 63108 63042 1 1 5 5 42 4 4 4 4 1920 1080 
[ 2285.787270] MESSAGE_B= 4 4 4 12 14 1 192 0 248 179 0 1541 1635 1530 1602 1682 1789 1674 1803 953 673 945 693 504 356 500 356 0 1 254 252 253 253 156 79 165 83 0 0 0 0 2 0 2 0 14 1 22586 474170 687670 767398 917326 1018858 978000 1198232 1342084 1232118 847248 18066 23538 5572 16000 17604 19992 23184 22774 18862 2073600 2073600 4 1 184267 994560 993600 66541 67117 61546 61866 1 1 5 5 42 4 4 4 4 1920 1080 
[ 2286.069826] MESSAGE_B= 0 4 4 13 13 1 192 0 248 179 0 1852 1792 1863 1758 1749 1862 1744 1871 1011 707 1026 685 487 362 492 363 0 31 255 255 253 252 138 27 143 21 0 0 0 0 0 0 0 0 13 1 11408 652798 687670 767398 917326 1018858 978000 1198232 1342084 1232118 847248 18066 23538 5572 16000 17604 19992 23184 22774 18862 2073600 2073600 2 1 177298 990720 993600 63327 64378 61853 61605 1 1 5 5 48 4 4 4 4 1920 1080 
[ 2286.228816] MESSAGE_B= 4 4 4 12 27 0 192 0 248 179 0 2036 1729 1999 1739 1434 1755 1428 1750 681 639 651 622 607 561 633 545 0 31 255 255 255 255 240 221 237 223 0 0 0 0 0 0 0 0 27 0 12516 496852 687670 767398 917326 1018858 978000 1198232 1342084 1232118 847248 18066 23538 5572 16000 17604 19992 23184 22774 18862 2073600 2073600 5 1 85523 994560 993600 21464 21931 22048 22343 12 12 13 13 48 4 4 4 4 1920 1080 
[ 2286.513440] MESSAGE_B= 4 4 4 21 23 0 192 0 248 179 0 2101 1730 2099 1738 1815 1758 1815 1753 818 637 766 622 645 560 679 547 0 31 255 255 255 255 222 222 219 222 0 0 0 0 0 0 0 0 23 0 17210 596804 687670 767398 917326 1018858 978000 1198232 1342084 1232118 847248 18066 23538 5572 16000 17604 19992 23184 22774 18862 2073600 2073600 4 1 123085 990720 993600 29692 28106 32876 32411 1 1 1 1 48 4 4 4 4 1920 1080 
[ 2286.799547] MESSAGE_B= 4 4 4 15 52 1 192 0 248 179 0 1822 1869 1763 1884 1836 1827 1814 1818 1007 808 968 808 672 792 657 790 0 31 255 255 255 255 178 211 175 215 0 0 0 0 0 0 0 0 52 1 21092 492344 687670 767398 917326 1018858 978000 1198232 1342084 1232118 847248 18066 23538 5572 16000 17604 19992 23184 22774 18862 2073600 2073600 4 1 152332 994560 993600 38532 37252 38263 38285 1 1 1 1 64 4 4 4 4 1920 1080 
[ 2287.085808] MESSAGE_B= 4 4 4 17 26 0 192 0 248 179 0 2233 1791 2228 1798 1712 1776 1680 1772 631 562 633 576 572 557 539 565 0 31 255 255 255 255 186 197 180 203 0 0 0 0 0 0 0 0 26 0 25036 623160 687670 767398 917326 1018858 978000 1198232 1342084 1232118 847248 18066 23538 5572 16000 17604 19992 23184 22774 18862 2073600 2073600 4 1 122751 990720 993600 27847 27617 33699 33588 1 1 1 1 104 4 4 4 4 1920 1080 
[ 2287.368815] MESSAGE_B= 4 4 4 38 39 0 192 0 248 179 0 2330 1804 2328 1834 1971 1760 1970 1760 566 409 579 434 592 492 591 502 0 31 255 255 255 255 213 178 208 183 0 0 0 0 0 0 0 0 39 0 19114 391342 687670 767398 917326 1018858 978000 1198232 1342084 1232118 847248 18066 23538 5572 16000 17604 19992 23184 22774 18862 2073600 2073600 4 1 112335 994560 993600 21495 21774 34169 34897 1 1 1 1 104 4 4 4 4 1920 1080 
[ 2287.646820] MESSAGE_B= 4 4 4 10 19 1 192 0 248 179 0 895 1278 812 1210 1109 1027 1007 970 351 575 258 501 216 327 200 306 0 7 248 247 250 253 106 10 89 6 0 0 0 0 2 2 2 2 19 1 16168 627032 574308 1010836 466460 1070340 986828 358350 504408 363836 558054 28278 20686 2958 18458 17118 24766 38092 22608 20904 2073600 2073600 4 7 314102 990720 993600 100796 100665 56323 56318 7 7 7 7 44 4 4 4 4 1920 1080 
[ 2287.923811] MESSAGE_B= 4 4 4 13 19 1 192 0 248 179 0 823 1025 830 1017 1077 1287 963 1147 282 396 270 391 216 456 190 393 0 7 251 250 245 250 60 29 61 44 0 0 0 0 2 2 2 2 19 1 25468 375810 574308 1010836 466460 1070340 986828 358350 504408 363836 558054 28278 20686 2958 18458 17118 24766 38092 22608 20904 2073600 2073600 4 7 323380 994560 993600 105140 104429 56838 56973 7 7 7 7 44 4 4 4 4 1920 1080 
[ 2288.088963] MESSAGE_B= 4 4 4 8 16 1 192 0 248 179 0 883 989 849 941 1094 1410 971 1283 266 329 244 351 150 448 129 422 0 7 246 250 240 251 6 67 27 98 0 0 0 0 2 2 2 2 16 1 42388 258586 574308 1010836 466460 1070340 986828 358350 504408 363836 558054 28278 20686 2958 18458 17118 24766 38092 22608 20904 2073600 2073600 4 7 297883 990720 993600 96956 96635 51956 52336 7 7 7 7 37 4 4 4 4 1920 1080 
[ 2288.368810] MESSAGE_B= 4 4 4 14 14 1 192 0 248 179 0 750 1021 738 979 999 1451 907 1343 222 302 235 309 104 449 114 424 0 7 250 249 238 252 45 36 84 29 0 0 0 0 2 2 2 2 14 1 19394 189578 574308 1010836 466460 1070340 986828 358350 504408 363836 558054 28278 20686 2958 18458 17118 24766 38092 22608 20904 2073600 2073600 4 7 292971 994560 993600 96235 96145 50601 49990 7 7 7 7 38 4 4 4 4 1920 1080 
[ 2288.654407] MESSAGE_B= 4 4 4 59 10 1 192 0 248 179 0 969 1046 966 1044 2118 1773 2117 1778 297 290 294 296 155 234 161 219 0 31 255 255 255 255 7 146 7 143 0 0 0 0 0 0 0 0 10 1 76356 275452 574308 1010836 466460 1070340 986828 358350 504408 363836 558054 28278 20686 2958 18458 17118 24766 38092 22608 20904 2073600 2073600 4 14 136245 990720 993600 55307 55231 54723 54584 14 14 0 0 38 4 4 4 4 1920 1080 
[ 2288.944814] MESSAGE_B= 0 4 4 60 10 1 192 0 248 179 0 947 1082 941 1082 2095 1810 2092 1814 274 317 268 324 164 189 166 190 0 31 255 255 255 255 33 94 9 82 0 0 0 0 0 0 0 0 10 1 9944 215158 574308 1010836 466460 1070340 986828 358350 504408 363836 558054 28278 20686 2958 18458 17118 24766 38092 22608 20904 2073600 2073600 2 14 134461 994560 993600 54931 54237 53980 53879 14 14 0 0 41 4 4 4 4 1920 1080 
[ 2289.231817] MESSAGE_B= 4 4 4 62 10 1 192 0 248 179 0 1003 992 1001 991 2867 2349 2863 2348 288 245 288 249 413 337 417 331 0 0 255 255 250 254 27 79 27 74 0 0 0 0 2 2 2 2 10 1 8798 704126 574308 1010836 466460 1070340 986828 358350 504408 363836 558054 28278 20686 2958 18458 17118 24766 38092 22608 20904 2073600 2073600 5 0 195015 990720 993600 55444 54989 95683 95522 14 14 0 0 65 4 4 4 4 1920 1080 
[ 2289.390804] MESSAGE_B= 4 4 4 48 8 1 192 0 248 179 0 949 904 941 909 2642 2199 2633 2196 280 215 276 218 602 487 595 483 0 0 255 255 253 255 31 155 33 156 0 0 0 0 2 2 2 2 8 1 16208 639904 574308 1010836 466460 1070340 986828 358350 504408 363836 558054 28278 20686 2958 18458 17118 24766 38092 22608 20904 2073600 2073600 4 0 167869 994560 993600 51417 51454 82108 82466 14 14 0 0 108 4 4 4 4 1920 1080 
[ 2289.668818] MESSAGE_B= 0 4 4 46 9 1 192 0 248 179 0 1013 1006 1008 1005 2888 2374 2876 2384 295 246 292 247 406 300 404 297 0 0 255 255 248 254 16 77 22 72 0 0 0 0 2 2 2 2 9 1 10888 958554 574308 1010836 466460 1070340 986828 358350 504408 363836 558054 28278 20686 2958 18458 17118 24766 38092 22608 20904 2073600 2073600 2 0 195463 990720 993600 55679 55131 95766 95759 14 14 0 0 108 4 4 4 4 1920 1080 
[ 2289.949803] MESSAGE_B= 4 4 4 62 12 1 192 0 248 179 0 1644 1515 1643 1532 1626 1551 1627 1547 282 222 292 224 373 353 377 345 0 31 254 254 254 255 10 17 8 15 0 0 0 0 2 0 2 0 12 1 10628 931156 1824806 512702 698726 486078 335168 1229536 800504 1478198 1676246 9668 37326 44642 45714 11614 12766 15540 19410 13874 2073600 2073600 5 15 214002 994560 993600 44434 44328 62964 62276 15 15 15 15 108 4 4 4 4 1920 1080 
[ 2290.235804] MESSAGE_B= 4 4 4 63 12 1 192 0 248 179 0 1594 1408 1591 1422 1492 1502 1499 1491 233 157 234 155 237 298 242 290 0 31 255 255 255 255 22 8 33 12 0 0 0 0 0 0 0 0 12 1 6842 959348 1824806 512702 698726 486078 335168 1229536 800504 1478198 1676246 9668 37326 44642 45714 11614 12766 15540 19410 13874 2073600 2073600 5 15 214170 990720 993600 44414 44229 62908 62619 15 15 15 15 33 4 4 4 4 1920 1080 
[ 2290.513830] MESSAGE_B= 4 4 4 63 12 1 192 0 248 179 0 1526 1407 1525 1420 1519 1555 1519 1548 214 149 223 152 207 279 204 276 0 31 255 255 255 255 34 0 39 11 0 0 0 0 0 0 0 0 12 1 9200 384820 1824806 512702 698726 486078 335168 1229536 800504 1478198 1676246 9668 37326 44642 45714 11614 12766 15540 19410 13874 2073600 2073600 5 15 209390 994560 993600 45894 45612 58988 58896 15 15 15 15 32 4 4 4 4 1920 1080 
[ 2290.805807] MESSAGE_B= 4 4 4 67 10 1 192 0 248 179 0 1209 994 1207 997 1805 1932 1811 1931 265 239 261 244 327 323 323 335 0 0 255 255 255 253 43 61 48 57 0 0 0 0 2 0 2 2 10 1 8972 561922 1824806 512702 698726 486078 335168 1229536 800504 1478198 1676246 9668 37326 44642 45714 11614 12766 15540 19410 13874 2073600 2073600 5 0 148050 990720 993600 37300 37142 73272 73223 12 12 0 0 213 4 4 4 4 1920 1080 
[ 2290.962819] MESSAGE_B= 4 4 4 51 8 1 192 0 248 179 0 1085 923 1079 920 1771 1864 1774 1868 200 215 196 215 447 381 449 386 0 0 255 255 255 253 115 113 116 123 0 0 0 0 2 2 2 2 8 1 13066 364324 1824806 512702 698726 486078 335168 1229536 800504 1478198 1676246 9668 37326 44642 45714 11614 12766 15540 19410 13874 2073600 2073600 5 0 165621 994560 993600 37161 37779 82219 81938 13 13 0 0 213 4 4 4 4 1920 1080 
[ 2291.242778] MESSAGE_B= 4 4 4 52 12 1 192 0 248 179 0 1220 942 1220 939 1217 1810 1227 1818 162 241 165 247 267 358 288 357 0 0 255 255 255 254 22 117 6 117 0 0 0 0 2 2 2 2 12 1 14000 811064 1824806 512702 698726 486078 335168 1229536 800504 1478198 1676246 9668 37326 44642 45714 11614 12766 15540 19410 13874 2073600 2073600 5 0 173542 990720 993600 36604 37774 84197 83664 7 7 0 0 131 4 4 4 4 1920 1080 
[ 2291.519823] MESSAGE_B= 4 4 4 51 10 1 192 0 248 179 0 1243 930 1240 934 1148 1817 1180 1821 200 239 200 243 319 333 357 335 0 0 255 255 255 254 15 119 4 113 0 0 0 0 2 2 2 2 10 1 10334 624570 1824806 512702 698726 486078 335168 1229536 800504 1478198 1676246 9668 37326 44642 45714 11614 12766 15540 19410 13874 2073600 2073600 5 0 173363 994560 993600 36854 37223 84055 83683 7 7 0 0 97 4 4 4 4 1920 1080 
[ 2291.796815] MESSAGE_B= 4 4 4 57 9 1 192 0 248 179 0 1030 920 1030 925 1145 1808 1173 1812 117 241 117 244 325 337 356 335 0 0 252 255 255 254 43 114 55 116 0 0 0 0 2 2 2 2 9 1 10232 805294 1824806 512702 698726 486078 335168 1229536 800504 1478198 1676246 9668 37326 44642 45714 11614 12766 15540 19410 13874 2073600 2073600 5 0 185723 990720 993600 38215 38691 84163 83796 7 7 0 0 55 4 4 4 4 1920 1080 
[ 2292.082493] MESSAGE_B= 4 4 4 53 9 1 192 0 248 179 0 1008 923 1009 926 1132 1813 1157 1815 122 242 123 242 311 335 337 338 0 0 253 255 255 255 39 119 56 117 0 0 0 0 2 2 2 2 9 1 7654 602586 1824806 512702 698726 486078 335168 1229536 800504 1478198 1676246 9668 37326 44642 45714 11614 12766 15540 19410 13874 2073600 2073600 5 0 189169 994560 993600 37687 38223 84088 83716 7 7 0 0 10 4 4 4 4 1920 1080 

