[ 5127.084780] MESSAGE_B= 0 4 0 249 0 0 192 0 248 179 0 0 728 0 773 1037 977 1025 1074 0 0 0 0 0 0 0 0 1 12 250 251 238 245 8 31 10 33 0 0 0 0 0 0 0 0 0 0 3674 63564 2 51478 60190 62396 2 2 10408 12356 2 2 155410 187406 2 2 2 6780 2524 2 2073600 2073600 2 12 467825 994560 993600 121733 121613 112168 112311 12 12 12 12 3 4 4 4 4 1920 1080 
[ 5127.239247] MESSAGE_B= 0 4 4 249 0 0 192 0 248 179 0 0 728 0 773 1037 977 1025 1074 0 0 0 0 0 0 0 0 1 12 250 251 238 245 8 31 10 33 0 0 0 0 0 0 0 0 0 0 21210 193566 2 51478 60190 62396 2 2 10408 12356 2 2 155410 187406 2 2 2 6780 2524 2 2073600 2073600 1 12 467828 990720 993600 121733 121613 112169 112313 12 12 12 12 3 4 4 4 4 1920 1080 
[ 5127.512782] MESSAGE_B= 0 4 4 249 0 0 192 0 248 179 0 0 728 0 772 1037 978 1025 1074 0 0 0 0 0 0 0 0 1 12 250 251 238 245 8 31 10 33 0 0 0 0 0 0 0 0 0 0 3614 63560 2 51478 60190 62396 2 2 10408 12356 2 2 155410 187406 2 2 2 6780 2524 2 2073600 2073600 2 12 467834 994560 993600 121735 121616 112170 112313 12 12 12 12 3 4 4 4 4 1920 1080 
[ 5127.784786] MESSAGE_B= 0 4 4 249 0 0 192 0 248 179 0 0 728 0 773 1037 977 1025 1074 0 0 0 0 0 0 0 0 1 12 250 251 238 245 8 31 10 33 0 0 0 0 0 0 0 0 0 0 21136 193510 2 51478 60190 62396 2 2 10408 12356 2 2 155410 187406 2 2 2 6780 2524 2 2073600 2073600 1 12 467831 990720 993600 121735 121613 112170 112313 12 12 12 12 3 4 4 4 4 1920 1080 
[ 5128.066793] MESSAGE_B= 0 4 4 249 0 0 192 0 248 179 0 0 743 0 776 1064 985 1048 1073 0 0 0 0 0 0 0 0 1 12 250 237 241 249 8 29 10 31 0 0 0 0 0 0 0 0 0 0 3646 63590 2 51478 60190 62396 2 2 10408 12356 2 2 155410 187406 2 2 2 6780 2524 2 2073600 2073600 2 12 467805 994560 993600 121607 121540 112265 112393 12 12 12 12 3 4 4 4 4 1920 1080 
[ 5128.352585] MESSAGE_B= 0 4 4 249 0 0 192 0 248 179 0 0 728 0 772 1037 977 1025 1073 0 0 0 0 0 0 0 0 1 12 250 251 238 245 8 31 10 33 0 0 0 0 0 0 0 0 0 0 21138 193530 2 51478 60190 62396 2 2 10408 12356 2 2 155410 187406 2 2 2 6780 2524 2 2073600 2073600 1 12 467836 990720 993600 121733 121614 112168 112321 12 12 12 12 4 4 4 4 4 1920 1080 
[ 5128.634148] MESSAGE_B= 0 4 4 249 0 0 192 0 248 179 0 0 743 0 776 1064 985 1048 1073 0 0 0 0 0 0 0 0 1 12 250 237 241 249 8 29 10 31 0 0 0 0 0 0 0 0 0 0 3662 63568 198112 8366 137480 188766 206688 204746 203142 161136 198874 16962 274 5658 17610 16986 17786 14532 9798 17686 2073600 2073600 2 12 467805 994560 993600 121607 121540 112265 112393 12 12 12 12 4 4 4 4 4 1920 1080 
[ 5128.792370] MESSAGE_B= 0 4 4 249 0 0 192 0 248 179 0 0 743 0 776 1064 984 1048 1074 0 0 0 0 0 0 0 0 1 12 250 237 241 249 8 29 10 31 0 0 0 0 0 0 0 0 0 0 21100 193524 198112 8366 137480 188766 206688 204746 203142 161136 198874 16962 274 5658 17610 16986 17786 14532 9798 17686 2073600 2073600 1 12 467803 990720 993600 121606 121540 112266 112391 12 12 12 12 3 4 4 4 4 1920 1080 
[ 5129.071791] MESSAGE_B= 0 4 4 249 0 0 192 0 248 179 0 0 728 0 773 1037 977 1025 1074 0 0 0 0 0 0 0 0 1 12 250 251 238 245 8 31 10 33 0 0 0 0 0 0 0 0 0 0 3620 63566 198112 8366 137480 188766 206688 204746 203142 161136 198874 16962 274 5658 17610 16986 17786 14532 9798 17686 2073600 2073600 2 12 467831 994560 993600 121735 121613 112170 112313 12 12 12 12 3 4 4 4 4 1920 1080 
[ 5129.351782] MESSAGE_B= 0 4 4 249 0 0 192 0 248 179 0 0 728 0 772 1037 977 1025 1074 0 0 0 0 0 0 0 0 1 12 250 251 238 245 8 31 10 33 0 0 0 0 0 0 0 0 0 0 21040 193456 198112 8366 137480 188766 206688 204746 203142 161136 198874 16962 274 5658 17610 16986 17786 14532 9798 17686 2073600 2073600 1 12 467836 990720 993600 121735 121616 112171 112314 12 12 12 12 3 4 4 4 4 1920 1080 
[ 5129.627784] MESSAGE_B= 0 4 4 249 0 0 192 0 248 179 0 0 743 0 776 1064 984 1048 1074 0 0 0 0 0 0 0 0 1 12 250 237 241 249 8 29 10 31 0 0 0 0 0 0 0 0 0 0 3618 63566 198112 8366 137480 188766 206688 204746 203142 161136 198874 16962 274 5658 17610 16986 17786 14532 9798 17686 2073600 2073600 2 12 467808 994560 993600 121607 121540 112268 112393 12 12 12 12 3 4 4 4 4 1920 1080 
[ 5129.902785] MESSAGE_B= 0 4 4 249 0 0 192 0 248 179 0 0 743 0 776 1064 985 1048 1073 0 0 0 0 0 0 0 0 1 12 250 237 241 249 8 29 10 31 0 0 0 0 0 0 0 0 0 0 21066 193428 198112 8366 137480 188766 206688 204746 203142 161136 198874 16962 274 5658 17610 16986 17786 14532 9798 17686 2073600 2073600 1 12 467805 990720 993600 121607 121540 112265 112393 12 12 12 12 3 4 4 4 4 1920 1080 
[ 5130.177786] MESSAGE_B= 0 4 4 249 0 0 192 0 248 179 0 0 728 0 773 1037 977 1025 1074 0 0 0 0 0 0 0 0 1 12 250 251 238 245 8 31 10 33 0 0 0 0 0 0 0 0 0 0 3626 63582 198112 8366 137480 188766 206688 204746 203142 161136 198874 16962 274 5658 17610 16986 17786 14532 9798 17686 2073600 2073600 2 12 467825 994560 993600 121733 121613 112168 112311 12 12 12 12 3 4 4 4 4 1920 1080 
[ 5130.461912] MESSAGE_B= 0 4 4 249 0 0 192 0 248 179 0 0 743 0 776 1064 984 1048 1073 0 0 0 0 0 0 0 0 1 12 250 237 241 249 8 29 10 31 0 0 0 0 0 0 0 0 0 0 21030 193530 198112 8366 137480 188766 206688 204746 203142 161136 198874 16962 274 5658 17610 16986 17786 14532 9798 17686 2073600 2073600 1 12 467811 990720 993600 121607 121540 112270 112394 12 12 12 12 3 4 4 4 4 1920 1080 
[ 5130.743784] MESSAGE_B= 0 4 4 249 0 0 192 0 248 179 0 0 729 0 773 1037 980 1023 1074 0 0 0 0 0 0 0 0 1 12 250 251 238 247 6 29 10 33 0 0 0 0 0 0 0 0 0 0 3652 63580 198112 8366 137480 188766 206688 204746 203142 161136 198874 16962 274 5658 17610 16986 17786 14532 9798 17686 2073600 2073600 2 12 467823 994560 993600 121729 121616 112156 112322 12 12 12 12 4 4 4 4 4 1920 1080 
[ 5131.021803] MESSAGE_B= 0 4 4 249 0 0 192 0 248 179 0 0 743 0 776 1064 985 1048 1075 0 0 0 0 0 0 0 0 1 12 250 237 241 249 8 29 10 31 0 0 0 0 0 0 0 0 0 0 21066 193520 198162 59402 142022 188702 206742 204716 203128 161016 198868 16992 686 5942 17442 16738 17790 14226 9786 17682 2073600 2073600 1 12 467794 990720 993600 121607 121540 112263 112384 12 12 12 12 4 4 4 4 4 1920 1080 
[ 5131.176796] MESSAGE_B= 0 4 4 249 0 0 192 0 248 179 0 0 728 0 772 1037 977 1025 1074 0 0 0 0 0 0 0 0 1 12 250 251 238 245 8 30 10 31 0 0 0 0 0 0 0 0 0 0 3626 63592 198162 59402 142022 188702 206742 204716 203128 161016 198868 16992 686 5942 17442 16738 17790 14226 9786 17682 2073600 2073600 2 12 467820 994560 993600 121735 121616 112164 112305 12 12 12 12 4 4 4 4 4 1920 1080 
[ 5131.460028] MESSAGE_B= 0 4 4 249 0 0 192 0 248 179 0 0 742 0 776 1064 984 1048 1075 0 0 0 0 0 0 0 0 1 12 250 237 241 249 6 29 8 31 0 0 0 0 0 0 0 0 0 0 21076 193574 198162 59402 142022 188702 206742 204716 203128 161016 198868 16992 686 5942 17442 16738 17790 14226 9786 17682 2073600 2073600 1 12 467806 990720 993600 121610 121539 112270 112387 12 12 12 12 4 4 4 4 4 1920 1080 
[ 5131.736781] MESSAGE_B= 0 4 4 249 0 0 192 0 248 179 0 0 743 0 776 1064 984 1048 1075 0 0 0 0 0 0 0 0 1 12 250 237 241 244 6 20 8 21 0 0 0 0 0 0 0 0 0 0 3654 63578 198162 59402 142022 188702 206742 204716 203128 161016 198868 16992 686 5942 17442 16738 17790 14226 9786 17682 2073600 2073600 2 12 469574 994560 993600 121607 121540 113156 113271 12 12 12 12 21 4 4 4 4 1920 1080 
[ 5132.011785] MESSAGE_B= 0 4 4 249 0 0 192 0 248 179 0 0 728 0 773 1037 977 1026 1072 0 0 0 0 0 0 0 0 1 12 250 251 238 246 8 14 10 16 0 0 0 0 0 0 0 0 0 0 20804 192818 198162 59402 142022 188702 206742 204716 203128 161016 198868 16992 686 5942 17442 16738 17790 14226 9786 17682 2073600 2073600 1 12 470241 990720 993600 121732 121612 113500 113397 12 12 12 12 28 4 4 4 4 1920 1080 
[ 5132.295625] MESSAGE_B= 0 4 4 249 0 0 192 0 248 179 0 0 743 0 775 1064 986 1048 1072 0 0 0 0 0 0 0 0 1 12 250 237 241 244 8 12 10 16 0 0 0 0 0 0 0 0 0 0 3610 63562 198162 59402 142022 188702 206742 204716 203128 161016 198868 16992 686 5942 17442 16738 17790 14226 9786 17682 2073600 2073600 2 12 470204 994560 993600 121606 121544 113515 113539 12 12 12 12 28 4 4 4 4 1920 1080 
[ 5132.573309] MESSAGE_B= 0 4 4 249 0 0 192 0 248 179 0 0 728 0 773 1036 978 1026 1073 0 0 0 0 0 0 0 0 1 12 250 255 238 246 8 12 10 16 0 0 0 0 0 0 0 0 0 0 22330 173218 198162 59402 142022 188702 206742 204716 203128 161016 198868 16992 686 5942 17442 16738 17790 14226 9786 17682 2073600 2073600 1 12 470218 990720 993600 121738 121611 113475 113394 12 12 12 12 17 4 4 4 4 1920 1080 
[ 5132.848790] MESSAGE_B= 0 4 4 249 0 0 192 0 248 179 0 0 728 0 773 1037 976 1025 1072 0 0 0 0 0 0 0 0 1 12 250 251 238 246 8 12 10 16 0 0 0 0 0 0 0 0 0 0 3696 63508 198162 59402 142022 188702 206742 204716 203128 161016 198868 16992 686 5942 17442 16738 17790 14226 9786 17682 2073600 2073600 2 12 470227 994560 993600 121735 121612 113486 113394 12 12 12 12 3 4 4 4 4 1920 1080 
[ 5133.124799] MESSAGE_B= 0 4 4 249 0 0 192 0 248 179 0 0 744 0 776 1064 984 1048 1072 0 0 0 0 0 0 0 0 1 12 250 237 241 244 8 12 8 16 0 0 0 0 0 0 0 0 0 0 23610 173666 198162 59402 142022 188702 206742 204716 203128 161016 198868 16992 686 5942 17442 16738 17790 14226 9786 17682 2073600 2073600 1 12 470200 990720 993600 121606 121540 113524 113530 12 12 12 12 3 4 4 4 4 1920 1080 
[ 5133.399792] MESSAGE_B= 0 4 4 249 0 0 192 0 248 179 0 0 744 0 776 1064 985 1048 1073 0 0 0 0 0 0 0 0 1 12 250 237 241 244 8 12 8 16 0 0 0 0 0 0 0 0 0 0 3704 63536 179254 59382 144190 188594 201096 188278 193142 156206 180180 17414 694 5968 17752 19246 18178 14034 9650 16224 2073600 2073600 2 12 470193 994560 993600 121606 121540 113521 113526 12 12 12 12 3 4 4 4 4 1920 1080 
[ 5133.674790] MESSAGE_B= 0 4 4 249 0 0 192 0 248 179 0 0 728 0 773 1036 976 1025 1074 0 0 0 0 0 0 0 0 1 12 250 251 238 246 8 12 10 16 0 0 0 0 0 0 0 0 0 0 23654 173730 179254 59382 144190 188594 201096 188278 193142 156206 180180 17414 694 5968 17752 19246 18178 14034 9650 16224 2073600 2073600 1 12 470221 990720 993600 121736 121614 113487 113384 12 12 12 12 3 4 4 4 4 1920 1080 
[ 5133.958117] MESSAGE_B= 0 4 4 249 0 0 192 0 248 179 0 0 743 0 776 1064 985 1048 1073 0 0 0 0 0 0 0 0 1 12 250 237 241 244 8 12 8 16 0 0 0 0 0 0 0 0 0 0 3672 63542 179254 59382 144190 188594 201096 188278 193142 156206 180180 17414 694 5968 17752 19246 18178 14034 9650 16224 2073600 2073600 2 12 470197 994560 993600 121607 121540 113522 113528 12 12 12 12 3 4 4 4 4 1920 1080 
[ 5134.236776] MESSAGE_B= 0 4 4 249 0 0 192 0 248 179 0 0 744 0 776 1064 985 1048 1072 0 0 0 0 0 0 0 0 1 12 250 237 241 244 8 12 8 16 0 0 0 0 0 0 0 0 0 0 24024 173672 179254 59382 144190 188594 201096 188278 193142 156206 180180 17414 694 5968 17752 19246 18178 14034 9650 16224 2073600 2073600 1 12 470200 990720 993600 121606 121540 113522 113532 12 12 12 12 3 4 4 4 4 1920 1080 
[ 5134.391791] MESSAGE_B= 0 4 4 249 0 0 192 0 248 179 0 0 744 0 776 1063 985 1048 1073 0 0 0 0 0 0 0 0 1 12 250 237 241 244 8 12 10 16 0 0 0 0 0 0 0 0 0 0 24024 173672 179254 59382 144190 188594 201096 188278 193142 156206 180180 17414 694 5968 17752 19246 18178 14034 9650 16224 2073600 2073600 1 12 470195 990720 993600 121607 121540 113520 113528 12 12 12 12 3 4 4 4 4 1920 1080 
[ 5134.561295] MESSAGE_B= 0 4 4 249 0 0 192 0 248 179 0 0 743 0 776 1064 985 1048 1073 0 0 0 0 0 0 0 0 1 12 250 237 241 244 8 12 8 16 0 0 0 0 0 0 0 0 0 0 3666 63542 179254 59382 144190 188594 201096 188278 193142 156206 180180 17414 694 5968 17752 19246 18178 14034 9650 16224 2073600 2073600 2 12 470197 994560 993600 121607 121540 113522 113528 12 12 12 12 3 4 4 4 4 1920 1080 
[ 5134.716779] MESSAGE_B= 4 4 4 249 0 0 192 0 248 179 0 0 728 0 773 1036 976 1025 1075 0 0 0 0 0 0 0 0 1 12 250 251 238 246 8 12 10 16 0 0 0 0 0 0 0 0 0 0 3666 63542 179254 59382 144190 188594 201096 188278 193142 156206 180180 17414 694 5968 17752 19246 18178 14034 9650 16224 2073600 2073600 5 12 470218 994560 993600 121736 121612 113490 113380 12 12 12 12 3 4 4 4 4 1920 1080 
[ 5135.233786] MESSAGE_B= 0 4 4 249 0 0 192 0 248 179 0 0 743 0 776 1063 983 1048 1073 0 0 0 0 0 0 0 0 1 12 250 237 241 244 8 12 8 16 0 0 0 0 0 0 0 0 0 0 23782 173670 179254 59382 144190 188594 201096 188278 193142 156206 180180 17414 694 5968 17752 19246 18178 14034 9650 16224 2073600 2073600 1 12 470214 990720 993600 121611 121539 113535 113529 12 12 12 12 4 4 4 4 4 1920 1080 
[ 5135.516784] MESSAGE_B= 0 4 4 249 0 0 192 0 248 179 0 0 728 0 773 1036 976 1025 1074 0 0 0 0 0 0 0 0 1 12 250 251 238 246 8 12 10 16 0 0 0 0 0 0 0 0 0 0 3660 63550 179254 59382 144190 188594 201096 188278 193142 156206 180180 17414 694 5968 17752 19246 18178 14034 9650 16224 2073600 2073600 2 12 470221 994560 993600 121736 121614 113487 113384 12 12 12 12 4 4 4 4 4 1920 1080 
[ 5135.800880] MESSAGE_B= 4 4 4 249 16 0 192 0 248 179 0 1717 1873 1825 2011 792 772 890 1010 717 569 749 522 197 299 252 316 0 0 250 242 241 222 160 92 157 35 0 0 0 0 0 0 0 0 16 0 23766 173654 179204 63270 133430 176046 187054 185810 194618 157104 180134 17424 1730 5794 17008 19518 19078 13798 9346 16274 2073600 2073600 4 0 306737 990720 993600 83475 88125 79782 55355 0 0 0 0 244 4 4 4 4 1920 1080 
[ 5136.082965] MESSAGE_B= 0 4 4 16 17 0 192 0 248 179 0 1711 1873 1859 2033 810 780 909 1012 733 575 729 526 203 303 240 326 0 0 251 240 238 227 183 92 168 26 0 0 0 0 0 0 0 0 17 0 109800 63534 179204 63270 133430 176046 187054 185810 194618 157104 180134 17424 1730 5794 17008 19518 19078 13798 9346 16274 2073600 2073600 2 0 306968 994560 993600 83756 87930 80128 55154 0 0 0 0 244 4 4 4 4 1920 1080 
[ 5136.238814] MESSAGE_B= 4 4 4 16 18 0 192 0 248 179 0 1703 1856 1844 2027 824 799 925 1021 744 578 744 527 196 315 245 320 0 0 250 242 239 222 171 87 171 14 0 0 0 0 0 0 0 0 18 0 95940 640268 179204 63270 133430 176046 187054 185810 194618 157104 180134 17424 1730 5794 17008 19518 19078 13798 9346 16274 2073600 2073600 4 0 306037 990720 993600 83625 88165 79783 54464 0 0 0 0 24 4 4 4 4 1920 1080 
[ 5136.525794] MESSAGE_B= 4 4 4 16 21 0 192 0 248 179 0 1733 1876 1846 2018 850 792 951 1014 756 573 779 521 205 316 238 329 0 0 251 240 242 223 162 87 170 23 0 0 0 0 0 0 0 0 21 0 110004 334424 179204 63270 133430 176046 187054 185810 194618 157104 180134 17424 1730 5794 17008 19518 19078 13798 9346 16274 2073600 2073600 4 0 308565 994560 993600 83939 88182 80863 55581 0 0 0 0 24 4 4 4 4 1920 1080 
[ 5136.804802] MESSAGE_B= 4 4 4 15 21 0 192 0 248 179 0 1741 1878 1863 2019 866 779 980 989 748 579 779 535 223 324 247 337 0 0 251 242 243 229 148 100 166 31 0 0 0 0 0 0 0 0 21 0 92822 631198 179204 63270 133430 176046 187054 185810 194618 157104 180134 17424 1730 5794 17008 19518 19078 13798 9346 16274 2073600 2073600 4 0 311553 990720 993600 83896 88014 82262 57381 0 0 0 0 24 4 4 4 4 1920 1080 
[ 5137.081801] MESSAGE_B= 4 4 4 15 19 0 192 0 248 179 0 1744 1885 1875 2018 887 794 1003 1009 767 588 780 523 221 315 259 345 0 0 251 240 238 230 140 98 157 47 0 0 0 0 0 0 0 0 19 0 106468 331328 179204 63270 133430 176046 187054 185810 194618 157104 180134 17424 1730 5794 17008 19518 19078 13798 9346 16274 2073600 2073600 4 0 310389 994560 993600 84427 88725 81552 55685 0 0 0 0 22 4 4 4 4 1920 1080 
[ 5137.361228] MESSAGE_B= 4 4 4 15 18 0 192 0 248 179 0 1742 1864 1854 2006 895 803 1022 991 768 593 827 542 220 320 249 330 0 0 252 238 243 231 139 100 150 48 0 0 0 0 0 0 0 0 18 0 91590 622094 179204 63270 133430 176046 187054 185810 194618 157104 180134 17424 1730 5794 17008 19518 19078 13798 9346 16274 2073600 2073600 4 0 310287 990720 993600 84637 89318 81298 55034 0 0 0 0 24 4 4 4 4 1920 1080 
[ 5137.656799] MESSAGE_B= 4 4 4 15 17 1 192 0 248 179 0 1755 1887 1880 2031 896 816 1031 1019 771 564 803 523 233 314 256 340 0 0 252 242 243 231 136 94 145 58 0 0 0 0 0 0 0 0 17 1 107510 330458 179204 63270 133430 176046 187054 185810 194618 157104 180134 17424 1730 5794 17008 19518 19078 13798 9346 16274 2073600 2073600 4 0 312571 994560 993600 84468 89241 82942 55920 0 0 0 0 24 4 4 4 4 1920 1080 
[ 5137.939798] MESSAGE_B= 4 4 4 15 20 0 192 0 248 179 0 1735 1880 1876 1990 919 827 1059 1039 765 598 786 571 240 327 256 349 0 0 252 246 241 233 121 98 133 80 0 0 0 0 0 0 0 0 20 0 91116 620704 179204 63270 133430 176046 187054 185810 194618 157104 180134 17424 1730 5794 17008 19518 19078 13798 9346 16274 2073600 2073600 4 0 312877 990720 993600 84616 89401 83150 55710 0 0 0 0 26 4 4 4 4 1920 1080 
[ 5138.106799] MESSAGE_B= 4 4 4 15 19 0 192 0 248 179 0 1731 1874 1864 2015 926 827 1086 1052 745 614 792 557 249 338 258 361 0 0 251 246 241 230 110 99 112 76 0 0 0 0 0 0 0 0 19 0 107488 320262 678948 139468 1065990 650382 726070 844416 969002 582818 788810 73808 215952 127586 51830 102840 158212 403574 163926 107246 2073600 2073600 4 0 312349 994560 993600 84754 89478 83107 55010 0 0 0 0 27 4 4 4 4 1920 1080 
[ 5138.384798] MESSAGE_B= 4 4 4 14 18 0 192 0 248 179 0 1736 1883 1842 2028 945 835 1113 1065 755 578 806 483 251 358 265 366 0 0 252 238 234 227 87 85 93 67 0 0 0 0 0 0 0 0 18 0 94972 614716 678948 139468 1065990 650382 726070 844416 969002 582818 788810 73808 215952 127586 51830 102840 158212 403574 163926 107246 2073600 2073600 4 0 314858 990720 993600 85055 89622 84324 55857 0 0 0 0 27 4 4 4 4 1920 1080 
[ 5138.663826] MESSAGE_B= 4 4 4 14 20 0 192 0 248 179 0 1716 1907 1842 2035 972 855 1133 1085 765 590 799 536 263 374 263 379 0 0 251 246 238 236 81 86 76 77 0 0 0 0 0 0 0 2 20 0 106708 319486 678948 139468 1065990 650382 726070 844416 969002 582818 788810 73808 215952 127586 51830 102840 158212 403574 163926 107246 2073600 2073600 4 0 316987 994560 993600 85086 89950 84777 57174 0 0 0 0 27 4 4 4 4 1920 1080 
[ 5138.950229] MESSAGE_B= 4 4 4 14 21 0 192 0 248 179 0 1699 1887 1830 2025 995 869 1166 1088 756 635 807 556 271 333 275 368 0 0 251 244 240 226 76 87 67 80 0 0 0 0 0 0 0 2 21 0 95170 590928 678948 139468 1065990 650382 726070 844416 969002 582818 788810 73808 215952 127586 51830 102840 158212 403574 163926 107246 2073600 2073600 4 0 318545 990720 993600 85520 90683 85449 56893 0 0 0 0 27 4 4 4 4 1920 1080 
[ 5139.232784] MESSAGE_B= 4 4 4 237 79 0 192 0 248 179 0 2690 2535 2697 2570 2476 2373 2474 2418 87 123 67 130 91 117 90 111 0 31 255 255 255 255 218 84 187 130 0 0 0 0 0 0 0 0 79 0 105242 322228 678948 139468 1065990 650382 726070 844416 969002 582818 788810 73808 215952 127586 51830 102840 158212 403574 163926 107246 2073600 2073600 4 19 223889 994560 993600 48422 48785 63130 63552 19 19 19 19 27 4 4 4 4 1920 1080 
[ 5139.511799] MESSAGE_B= 4 4 4 238 89 0 192 0 248 179 0 2687 2538 2693 2574 2456 2381 2453 2425 81 121 76 120 98 112 90 105 0 31 250 255 254 255 176 58 140 97 0 0 0 0 0 0 0 0 89 0 123612 429474 678948 139468 1065990 650382 726070 844416 969002 582818 788810 73808 215952 127586 51830 102840 158212 403574 163926 107246 2073600 2073600 4 19 224663 990720 993600 48824 49080 63207 63552 19 19 19 19 10 4 4 4 4 1920 1080 
[ 5139.669789] MESSAGE_B= 4 4 4 237 95 1 192 0 248 179 0 2681 2537 2686 2574 2440 2387 2437 2430 91 123 95 113 86 112 105 107 0 31 254 255 255 254 138 62 154 91 0 0 0 0 0 0 0 0 95 1 122576 262408 678948 139468 1065990 650382 726070 844416 969002 582818 788810 73808 215952 127586 51830 102840 158212 403574 163926 107246 2073600 2073600 4 19 225321 994560 993600 48881 49110 63397 63933 19 19 19 19 11 4 4 4 4 1920 1080 
[ 5139.948804] MESSAGE_B= 4 4 4 237 79 0 192 0 248 179 0 2650 2549 2655 2587 2382 2405 2379 2447 86 104 97 106 142 150 132 142 0 31 255 255 255 255 67 111 28 135 0 0 0 0 0 0 0 0 79 0 123192 421124 678948 139468 1065990 650382 726070 844416 969002 582818 788810 73808 215952 127586 51830 102840 158212 403574 163926 107246 2073600 2073600 4 19 225439 990720 993600 49168 49269 63434 63568 19 19 19 19 19 4 4 4 4 1920 1080 
[ 5140.227796] MESSAGE_B= 4 4 4 237 72 0 192 0 248 179 0 2849 2749 2844 2811 2442 2625 2437 2690 208 123 208 125 365 140 375 139 0 19 254 243 253 253 106 189 109 193 0 0 0 0 0 0 0 0 72 0 122078 271730 678948 139468 1065990 650382 726070 844416 969002 582818 788810 73808 215952 127586 51830 102840 158212 403574 163926 107246 2073600 2073600 4 19 227880 994560 993600 49794 49350 63972 64764 19 19 19 19 19 4 4 4 4 1920 1080 
[ 5140.512788] MESSAGE_B= 4 4 4 30 31 1 192 0 248 179 0 1880 752 1841 631 609 333 768 374 935 366 1011 270 166 68 188 61 0 0 246 229 193 241 22 59 8 21 0 0 0 0 0 0 0 0 31 1 127884 412200 515736 103908 1033764 621104 698298 549316 613076 329934 551328 61554 236696 117056 52522 73556 160780 424514 354414 64844 2073600 2073600 4 0 292198 990720 993600 76831 83402 71029 60936 0 0 0 0 51 4 4 4 4 1920 1080 
[ 5140.790792] MESSAGE_B= 4 4 4 26 60 1 192 0 248 179 0 2042 663 1998 606 550 358 719 414 889 344 940 245 189 57 250 48 0 0 245 222 182 203 21 111 25 42 0 0 0 0 0 0 0 0 60 1 74940 281080 515736 103908 1033764 621104 698298 549316 613076 329934 551328 61554 236696 117056 52522 73556 160780 424514 354414 64844 2073600 2073600 4 0 301032 994560 993600 77949 84104 74459 64520 0 0 0 0 51 4 4 4 4 1920 1080 
[ 5141.068795] MESSAGE_B= 4 4 4 26 54 1 192 0 248 179 0 2105 645 2084 598 542 393 748 465 869 335 929 255 224 55 287 60 0 0 244 231 165 167 39 125 15 100 0 0 0 0 0 0 0 0 54 1 67380 266490 515736 103908 1033764 621104 698298 549316 613076 329934 551328 61554 236696 117056 52522 73556 160780 424514 354414 64844 2073600 2073600 4 0 312210 990720 993600 80862 85758 78165 67425 0 0 0 0 47 4 4 4 4 1920 1080 
[ 5141.345791] MESSAGE_B= 4 4 4 27 72 1 192 0 248 179 0 2227 643 2238 586 637 389 914 476 751 342 851 254 276 71 261 65 0 0 245 223 190 188 44 93 51 70 0 0 0 0 0 0 0 0 72 1 87104 263934 515736 103908 1033764 621104 698298 549316 613076 329934 551328 61554 236696 117056 52522 73556 160780 424514 354414 64844 2073600 2073600 4 0 323863 994560 993600 83551 90186 81345 68781 0 0 0 0 50 4 4 4 4 1920 1080 
[ 5141.625791] MESSAGE_B= 4 4 4 26 33 1 192 0 248 179 0 2385 618 2332 579 713 391 953 483 655 325 805 276 437 74 312 75 0 0 240 235 219 186 92 57 96 45 0 0 0 0 0 0 0 0 33 1 86886 256316 515736 103908 1033764 621104 698298 549316 613076 329934 551328 61554 236696 117056 52522 73556 160780 424514 354414 64844 2073600 2073600 4 0 332458 990720 993600 84293 92310 84211 71644 0 0 0 0 58 4 4 4 4 1920 1080 
[ 5141.907139] MESSAGE_B= 4 4 4 25 37 1 192 0 248 179 0 2387 683 2361 614 635 374 796 494 672 335 779 268 388 79 267 101 0 0 241 234 219 145 20 28 99 33 0 0 0 0 0 0 0 0 37 1 95342 273416 515736 103908 1033764 621104 698298 549316 613076 329934 551328 61554 236696 117056 52522 73556 160780 424514 354414 64844 2073600 2073600 4 0 342174 994560 993600 83727 91881 89767 76799 0 0 0 0 60 4 4 4 4 1920 1080 
[ 5142.183790] MESSAGE_B= 4 4 4 25 45 1 192 0 248 179 0 1827 713 1663 631 861 427 903 549 594 308 755 226 377 134 199 184 0 0 235 227 130 226 127 24 6 6 0 0 2 0 2 0 0 0 45 1 96818 269526 515736 103908 1033764 621104 698298 549316 613076 329934 551328 61554 236696 117056 52522 73556 160780 424514 354414 64844 2073600 2073600 4 0 355970 990720 993600 87667 94312 93599 80392 0 0 0 0 60 4 4 4 4 1920 1080 
[ 5142.341788] MESSAGE_B= 4 4 4 20 38 1 192 0 248 179 0 1654 661 1274 627 1100 466 1052 580 426 271 384 265 225 151 195 205 0 0 191 234 182 233 65 24 87 18 0 0 2 0 2 0 2 0 38 1 60184 304320 515736 103908 1033764 621104 698298 549316 613076 329934 551328 61554 236696 117056 52522 73556 160780 424514 354414 64844 2073600 2073600 4 0 362191 994560 993600 87897 94941 96299 83054 0 0 0 0 60 4 4 4 4 1920 1080 
[ 5142.621794] MESSAGE_B= 4 4 4 16 38 1 192 0 248 179 0 1665 716 1239 547 732 557 878 650 400 204 372 162 280 185 189 256 0 0 171 175 222 234 122 36 83 39 0 0 0 0 0 0 0 0 38 1 80442 216878 515736 103908 1033764 621104 698298 549316 613076 329934 551328 61554 236696 117056 52522 73556 160780 424514 354414 64844 2073600 2073600 4 0 362218 990720 993600 87514 96144 95924 82636 0 0 0 0 57 4 4 4 4 1920 1080 
[ 5142.900789] MESSAGE_B= 4 4 4 17 33 1 192 0 248 179 0 1929 1056 1638 646 602 606 717 704 653 310 561 183 298 229 261 333 0 0 224 169 247 221 99 44 60 17 0 0 0 0 0 0 0 0 33 1 47954 271780 332820 247198 543464 434138 297896 433592 625662 530684 350682 55468 31818 121704 85770 144264 161958 326876 161338 86446 2073600 2073600 4 0 361062 994560 993600 86149 97068 94840 83005 0 0 0 0 57 4 4 4 4 1920 1080 
[ 5143.178804] MESSAGE_B= 4 4 4 18 22 1 192 0 248 179 0 1850 1400 1653 887 596 629 713 735 682 443 627 365 264 315 247 393 0 0 234 215 239 218 117 88 2 79 0 0 0 0 0 0 0 0 22 1 97142 218300 332820 247198 543464 434138 297896 433592 625662 530684 350682 55468 31818 121704 85770 144264 161958 326876 161338 86446 2073600 2073600 4 0 365342 990720 993600 86256 98621 96280 84185 0 0 0 0 54 4 4 4 4 1920 1080 
[ 5143.455798] MESSAGE_B= 4 4 4 10 37 0 192 0 248 179 0 1697 1687 1487 1442 1992 2230 1869 2025 319 343 332 300 438 493 441 407 0 0 223 235 234 233 4 5 47 48 0 0 2 0 2 2 0 0 37 0 62986 272054 332820 247198 543464 434138 297896 433592 625662 530684 350682 55468 31818 121704 85770 144264 161958 326876 161338 86446 2073600 2073600 4 0 328332 994560 993600 48936 67663 108797 102936 0 0 0 0 50 4 4 4 4 1920 1080 
[ 5143.734798] MESSAGE_B= 4 4 4 9 22 0 192 0 248 179 0 1662 1675 1455 1444 2061 2232 1894 2051 301 335 305 280 460 428 446 365 0 0 223 236 236 228 4 15 39 43 0 0 2 0 2 2 0 0 22 0 63770 598042 332820 247198 543464 434138 297896 433592 625662 530684 350682 55468 31818 121704 85770 144264 161958 326876 161338 86446 2073600 2073600 4 0 321574 990720 993600 47514 66861 107623 99576 0 0 0 0 26 4 4 4 4 1920 1080 
[ 5144.012782] MESSAGE_B= 4 4 4 9 24 0 192 0 248 179 0 1668 1690 1430 1427 2060 2258 2014 2010 298 346 292 274 540 467 516 426 0 0 221 232 242 234 22 29 3 8 0 0 2 0 2 2 0 0 24 0 104752 544550 332820 247198 543464 434138 297896 433592 625662 530684 350682 55468 31818 121704 85770 144264 161958 326876 161338 86446 2073600 2073600 4 0 327045 994560 993600 48351 67881 108276 102537 0 0 0 0 26 4 4 4 4 1920 1080 
[ 5144.170796] MESSAGE_B= 4 4 4 29 31 0 192 0 248 179 0 1683 1674 1484 1441 2154 2205 2054 1973 316 340 327 277 553 498 526 438 0 0 230 231 245 238 23 25 56 26 0 0 2 0 2 2 0 0 31 0 60824 619478 332820 247198 543464 434138 297896 433592 625662 530684 350682 55468 31818 121704 85770 144264 161958 326876 161338 86446 2073600 2073600 4 0 324907 990720 993600 48552 67348 107672 101335 0 0 0 0 26 4 4 4 4 1920 1080 
[ 5144.449784] MESSAGE_B= 4 4 4 9 44 0 192 0 248 179 0 1691 1663 1499 1427 2173 2179 2057 1941 307 341 306 273 570 531 514 464 0 0 229 229 243 237 23 24 46 13 0 0 2 0 2 2 0 0 44 0 105796 523196 332820 247198 543464 434138 297896 433592 625662 530684 350682 55468 31818 121704 85770 144264 161958 326876 161338 86446 2073600 2073600 4 0 321465 994560 993600 47394 66612 107236 100223 0 0 0 0 23 4 4 4 4 1920 1080 
[ 5144.732784] MESSAGE_B= 4 4 4 11 41 1 192 0 248 179 0 929 1545 680 1235 1177 1399 1075 1475 400 324 277 240 312 566 187 334 0 0 217 185 138 222 182 206 51 154 0 0 2 0 2 2 2 0 41 1 58396 629264 332820 247198 543464 434138 297896 433592 625662 530684 350682 55468 31818 121704 85770 144264 161958 326876 161338 86446 2073600 2073600 4 0 353065 990720 993600 64164 77353 113861 97687 0 0 0 0 23 4 4 4 4 1920 1080 
[ 5145.010801] MESSAGE_B= 4 4 4 10 45 1 192 0 248 179 0 952 1553 706 1227 1139 1480 1085 1513 410 334 278 242 333 572 190 352 0 0 217 189 202 231 203 205 72 144 0 0 2 0 2 2 0 0 45 1 52332 229722 332820 247198 543464 434138 297896 433592 625662 530684 350682 55468 31818 121704 85770 144264 161958 326876 161338 86446 2073600 2073600 4 0 349806 994560 993600 63532 77067 112879 96328 0 0 0 0 21 4 4 4 4 1920 1080 
[ 5145.288816] MESSAGE_B= 4 4 4 10 46 1 192 0 248 179 0 997 1560 703 1228 1209 1517 1178 1516 439 343 288 252 391 551 246 339 0 0 220 184 169 215 199 187 109 130 0 0 2 0 2 2 0 0 46 1 78752 381430 525008 70734 449802 1059278 1052650 1071376 635600 741790 502972 21552 23906 35010 64108 126494 141020 186422 119124 56546 2073600 2073600 4 0 350652 990720 993600 63396 77759 112771 96726 0 0 0 0 21 4 4 4 4 1920 1080 
[ 5145.570797] MESSAGE_B= 4 4 4 10 45 1 192 0 248 179 0 1053 1539 724 1210 1113 1487 1124 1493 462 354 294 248 337 498 242 317 0 0 217 175 179 216 186 179 105 119 0 0 2 2 2 2 0 0 45 1 36596 250636 525008 70734 449802 1059278 1052650 1071376 635600 741790 502972 21552 23906 35010 64108 126494 141020 186422 119124 56546 2073600 2073600 4 0 347454 994560 993600 62015 77170 112384 95885 0 0 0 0 20 4 4 4 4 1920 1080 
[ 5145.848790] MESSAGE_B= 4 4 4 10 21 1 192 0 248 179 0 1597 1936 1647 1926 1249 1479 1233 1401 235 340 255 355 112 175 141 164 0 31 251 255 245 254 132 161 161 175 0 0 0 0 0 0 0 0 21 1 80566 356936 525008 70734 449802 1059278 1052650 1071376 635600 741790 502972 21552 23906 35010 64108 126494 141020 186422 119124 56546 2073600 2073600 4 15 175405 990720 993600 45185 46700 45265 49147 15 15 15 6 191 4 4 4 4 1920 1080 
[ 5146.130086] MESSAGE_B= 4 4 4 26 24 1 192 0 248 179 0 1849 1983 1830 2001 1533 1259 1490 1173 542 546 599 566 489 242 477 209 0 0 248 249 251 210 158 82 158 43 0 0 0 0 0 0 0 2 24 1 83672 273162 525008 70734 449802 1059278 1052650 1071376 635600 741790 502972 21552 23906 35010 64108 126494 141020 186422 119124 56546 2073600 2073600 4 0 346380 994560 993600 96441 102172 76900 70867 0 0 0 0 218 4 4 4 4 1920 1080 
[ 5146.409807] MESSAGE_B= 4 4 4 9 26 1 192 0 248 179 0 1866 2017 1871 2026 1517 1352 1484 1256 545 527 571 538 478 351 471 257 0 0 250 249 250 231 168 142 169 110 0 0 0 0 0 0 0 2 26 1 41964 236682 525008 70734 449802 1059278 1052650 1071376 635600 741790 502972 21552 23906 35010 64108 126494 141020 186422 119124 56546 2073600 2073600 4 0 344866 990720 993600 95726 100420 76787 71933 0 0 0 0 218 4 4 4 4 1920 1080 
[ 5146.569802] MESSAGE_B= 4 4 4 8 26 1 192 0 248 179 0 1885 2029 1885 2025 1514 1387 1484 1300 517 477 547 507 500 350 486 268 0 0 249 249 251 225 180 150 177 112 0 0 0 0 0 0 0 0 26 1 71414 713044 525008 70734 449802 1059278 1052650 1071376 635600 741790 502972 21552 23906 35010 64108 126494 141020 186422 119124 56546 2073600 2073600 4 0 342813 994560 993600 94660 99641 76516 71996 0 0 0 0 218 4 4 4 4 1920 1080 
[ 5146.851790] MESSAGE_B= 4 4 4 9 26 1 192 0 248 179 0 1942 2094 1929 2095 1433 1374 1434 1320 455 472 508 503 554 342 509 306 0 0 246 246 251 243 170 72 170 58 0 0 0 0 0 0 0 0 26 1 46890 437250 525008 70734 449802 1059278 1052650 1071376 635600 741790 502972 21552 23906 35010 64108 126494 141020 186422 119124 56546 2073600 2073600 4 0 340209 990720 993600 91950 98547 77558 72154 0 0 0 0 24 4 4 4 4 1920 1080 
[ 5147.131792] MESSAGE_B= 4 4 4 10 27 1 192 0 248 179 0 1952 2098 1931 2102 1421 1358 1422 1300 451 482 518 516 535 349 489 301 0 0 245 244 252 241 153 76 141 45 0 0 0 0 0 0 0 0 27 1 80208 721724 525008 70734 449802 1059278 1052650 1071376 635600 741790 502972 21552 23906 35010 64108 126494 141020 186422 119124 56546 2073600 2073600 4 0 340265 994560 993600 92309 98480 77671 71805 0 0 0 0 24 4 4 4 4 1920 1080 
[ 5147.418544] MESSAGE_B= 4 4 4 10 26 1 192 0 248 179 0 1988 2099 1947 2090 1435 1380 1443 1329 408 476 492 516 525 349 475 299 0 0 246 246 251 235 146 84 144 50 0 0 0 0 0 0 2 0 26 1 45768 446568 525008 70734 449802 1059278 1052650 1071376 635600 741790 502972 21552 23906 35010 64108 126494 141020 186422 119124 56546 2073600 2073600 4 0 335628 990720 993600 90619 98741 75766 70502 0 0 0 0 23 4 4 4 4 1920 1080 
[ 5147.700789] MESSAGE_B= 4 4 4 10 27 1 192 0 248 179 0 1982 2090 1924 2085 1440 1402 1448 1311 403 473 492 521 529 376 476 308 0 0 244 245 252 230 141 89 143 42 0 0 0 0 0 0 0 0 27 1 78228 730272 1042614 740446 521466 553360 500946 1067338 527114 682576 1107584 66528 195986 191198 77142 31698 91416 120900 138472 72182 2073600 2073600 4 0 336361 994560 993600 90345 98511 76321 71184 0 0 0 0 23 4 4 4 4 1920 1080 
[ 5147.980789] MESSAGE_B= 4 4 4 10 26 1 192 0 248 179 0 1933 2082 1881 2086 1450 1370 1456 1312 447 458 527 515 538 356 480 300 0 0 245 242 252 238 116 96 122 47 0 0 0 0 0 0 0 0 26 1 49006 428678 1042614 740446 521466 553360 500946 1067338 527114 682576 1107584 66528 195986 191198 77142 31698 91416 120900 138472 72182 2073600 2073600 4 0 338173 990720 993600 91270 98861 76755 71287 0 0 0 0 23 4 4 4 4 1920 1080 
[ 5148.138795] MESSAGE_B= 4 4 4 10 26 1 192 0 248 179 0 1910 2065 1863 2066 1445 1350 1457 1310 448 449 514 494 532 351 477 300 0 0 243 242 252 238 106 96 109 51 0 0 0 0 0 0 0 0 26 1 83352 715114 1042614 740446 521466 553360 500946 1067338 527114 682576 1107584 66528 195986 191198 77142 31698 91416 120900 138472 72182 2073600 2073600 4 0 339621 994560 993600 91707 99445 77117 71352 0 0 0 0 13 4 4 4 4 1920 1080 
[ 5148.417784] MESSAGE_B= 4 4 4 10 27 1 192 0 248 179 0 1877 2066 1825 2088 1468 1361 1463 1308 428 456 499 499 534 336 483 298 0 0 242 237 252 238 61 82 71 36 0 0 0 0 0 0 0 0 27 1 49010 411130 1042614 740446 521466 553360 500946 1067338 527114 682576 1107584 66528 195986 191198 77142 31698 91416 120900 138472 72182 2073600 2073600 4 0 338140 990720 993600 92222 98277 76362 71279 0 0 0 0 20 4 4 4 4 1920 1080 
[ 5148.819873] MESSAGE_B= 4 4 4 10 26 1 192 0 248 179 0 1816 2099 1863 2095 1452 1303 1429 1237 405 469 473 506 511 307 435 274 0 0 217 245 250 226 52 48 95 4 0 0 0 0 0 0 2 0 26 1 75432 736466 1042614 740446 521466 553360 500946 1067338 527114 682576 1107584 66528 195986 191198 77142 31698 91416 120900 138472 72182 2073600 2073600 4 0 339757 994560 993600 93533 98467 76018 71739 0 0 0 0 16 4 4 4 4 1920 1080 
[ 5148.977919] MESSAGE_B= 4 4 4 10 27 1 192 0 248 179 0 1779 2103 1852 2092 1431 1285 1406 1233 439 470 485 513 490 317 429 276 0 0 208 245 249 228 74 46 114 3 0 0 0 0 2 0 2 0 27 1 52880 416124 1042614 740446 521466 553360 500946 1067338 527114 682576 1107584 66528 195986 191198 77142 31698 91416 120900 138472 72182 2073600 2073600 4 0 343864 990720 993600 94341 100397 76595 72531 0 0 0 0 24 4 4 4 4 1920 1080 
[ 5149.381061] MESSAGE_B= 4 4 4 10 26 1 192 0 248 179 0 1879 2074 1916 2094 1349 1230 1286 1226 404 468 455 517 505 335 446 287 0 0 212 235 245 218 139 52 173 9 0 0 0 0 0 0 0 0 26 1 69544 698972 1042614 740446 521466 553360 500946 1067338 527114 682576 1107584 66528 195986 191198 77142 31698 91416 120900 138472 72182 2073600 2073600 4 0 351312 994560 993600 97260 101153 78855 74044 0 0 0 0 31 4 4 4 4 1920 1080 
[ 5149.547794] MESSAGE_B= 4 4 4 9 26 1 192 0 248 179 0 1897 2079 1943 2095 1379 1200 1272 1290 395 457 456 506 522 339 446 309 0 0 217 230 239 186 145 61 179 32 0 0 0 0 0 0 0 0 26 1 49932 439484 1042614 740446 521466 553360 500946 1067338 527114 682576 1107584 66528 195986 191198 77142 31698 91416 120900 138472 72182 2073600 2073600 4 0 352322 990720 993600 97440 100954 79685 74243 0 0 0 0 31 4 4 4 4 1920 1080 
[ 5149.826801] MESSAGE_B= 4 4 4 9 26 1 192 0 248 179 0 1941 2064 2052 2076 1389 1268 1379 1306 413 441 486 515 529 370 508 323 0 0 223 210 247 202 155 164 176 36 0 0 0 0 0 0 0 0 26 1 72900 670322 1042614 740446 521466 553360 500946 1067338 527114 682576 1107584 66528 195986 191198 77142 31698 91416 120900 138472 72182 2073600 2073600 4 0 355033 994560 993600 98793 101338 81783 73119 0 0 0 0 29 4 4 4 4 1920 1080 
[ 5150.105992] MESSAGE_B= 4 4 4 9 26 1 192 0 248 179 0 1901 2080 2005 2110 1300 1344 1495 1311 411 353 409 507 514 366 522 327 0 0 188 182 249 222 178 143 151 42 0 0 0 0 0 0 0 0 26 1 43462 466320 1025934 435326 579014 1050952 1126898 1056028 533626 641372 1051848 80482 84442 60900 66194 40130 95810 108352 93526 75286 2073600 2073600 4 0 359859 990720 993600 98922 100617 83072 77248 0 0 0 0 49 4 4 4 4 1920 1080 
[ 5150.386794] MESSAGE_B= 4 4 4 8 26 1 192 0 248 179 0 1911 2014 1973 2110 1301 1277 1674 1308 373 462 367 517 537 367 629 324 0 0 192 191 229 213 178 146 124 39 0 0 0 0 0 0 0 0 26 1 74878 663872 1025934 435326 579014 1050952 1126898 1056028 533626 641372 1051848 80482 84442 60900 66194 40130 95810 108352 93526 75286 2073600 2073600 4 0 372058 994560 993600 101004 101533 83719 85802 0 0 0 0 49 4 4 4 4 1920 1080 
[ 5150.667794] MESSAGE_B= 4 4 4 8 25 1 192 0 248 179 0 1955 2054 1867 2121 1501 1346 2269 1315 407 575 410 483 434 450 398 313 0 0 193 190 123 230 195 140 164 63 0 0 2 0 0 2 2 0 25 1 94332 453746 1025934 435326 579014 1050952 1126898 1056028 533626 641372 1051848 80482 84442 60900 66194 40130 95810 108352 93526 75286 2073600 2073600 4 0 386342 990720 993600 105947 99545 85718 95132 0 0 0 0 96 4 4 4 4 1920 1080 
[ 5150.947946] MESSAGE_B= 4 0 4 6 18 1 192 0 248 179 0 1907 2093 2080 2098 1580 1960 2019 1562 263 125 112 365 212 83 95 188 0 0 159 89 44 37 183 31 91 150 0 0 0 0 0 0 0 0 18 1 82392 614226 1025934 435326 579014 1050952 1126898 1056028 533626 641372 1051848 80482 84442 60900 66194 40130 95810 108352 93526 75286 2073600 2073600 4 0 407581 994560 993600 101889 102592 101950 101150 0 0 0 0 114 5 0 0 0 1920 1080 
[ 5151.225812] MESSAGE_B= 4 4 4 6 112 1 192 0 248 179 0 2708 2731 2684 2789 2325 2231 2247 2286 142 115 147 79 161 152 179 174 0 31 255 255 252 255 217 156 216 135 0 0 0 0 0 0 0 0 112 1 98980 447354 1025934 435326 579014 1050952 1126898 1056028 533626 641372 1051848 80482 84442 60900 66194 40130 95810 108352 93526 75286 2073600 2073600 4 20 227241 990720 993600 52063 54624 60320 60276 20 20 20 19 120 4 4 4 4 1920 1080 
[ 5151.508795] MESSAGE_B= 4 4 4 203 137 1 192 0 248 179 0 2674 2790 2657 2836 2299 2306 2228 2352 175 113 191 109 175 158 192 182 0 31 255 247 253 255 210 114 212 74 0 0 0 0 0 0 0 0 137 1 112054 375618 1025934 435326 579014 1050952 1126898 1056028 533626 641372 1051848 80482 84442 60900 66194 40130 95810 108352 93526 75286 2073600 2073600 4 20 231290 994560 993600 52454 54703 62072 62061 20 20 20 20 120 4 4 4 4 1920 1080 
[ 5151.670727] MESSAGE_B= 4 4 4 205 120 1 192 0 248 179 0 2673 2743 2654 2797 2236 2252 2176 2298 122 86 137 90 186 131 209 152 0 31 253 245 255 255 115 171 140 114 0 0 0 0 0 0 0 0 120 1 118870 497942 1025934 435326 579014 1050952 1126898 1056028 533626 641372 1051848 80482 84442 60900 66194 40130 95810 108352 93526 75286 2073600 2073600 4 20 224355 990720 993600 52240 54500 58257 59358 20 20 20 20 41 4 4 4 4 1920 1080 
[ 5151.955816] MESSAGE_B= 4 4 4 198 109 1 192 0 248 179 0 2682 2767 2664 2816 2292 2274 2221 2325 155 112 170 84 223 172 242 183 0 31 255 255 255 255 200 126 194 65 0 0 0 0 0 0 0 0 109 1 102618 452096 1025934 435326 579014 1050952 1126898 1056028 533626 641372 1051848 80482 84442 60900 66194 40130 95810 108352 93526 75286 2073600 2073600 4 20 222163 994560 993600 52512 54696 57241 57714 20 20 20 20 41 4 4 4 4 1920 1080 
[ 5152.234793] MESSAGE_B= 4 4 4 199 126 1 192 0 248 179 0 2729 2641 2709 2699 2274 2319 2208 2353 80 90 96 72 162 73 166 89 0 31 255 255 252 248 121 156 110 158 0 0 0 0 0 0 0 0 126 1 108636 451470 1025934 435326 579014 1050952 1126898 1056028 533626 641372 1051848 80482 84442 60900 66194 40130 95810 108352 93526 75286 2073600 2073600 4 20 230033 990720 993600 50641 52966 63936 62490 20 20 20 20 39 4 4 4 4 1920 1080 
[ 5152.513786] MESSAGE_B= 4 4 4 187 104 1 192 0 248 179 0 2744 2643 2725 2690 2360 2343 2299 2371 108 103 114 97 157 75 172 81 0 31 253 249 254 230 208 16 201 98 0 0 0 0 0 0 0 0 104 1 93820 434480 781908 495488 450904 1068214 632646 729500 940658 510536 742756 77708 26526 52630 126740 198208 167012 614062 314560 85532 2073600 2073600 4 20 212086 994560 993600 47725 50029 56634 57698 20 20 20 20 49 4 4 4 4 1920 1080 
[ 5152.791799] MESSAGE_B= 4 4 4 17 37 0 192 0 248 179 0 1185 1236 1279 1238 1058 1129 993 1008 145 151 140 125 84 105 132 132 0 31 245 251 215 242 108 137 80 114 0 0 0 0 0 0 0 0 37 0 101012 447780 781908 495488 450904 1068214 632646 729500 940658 510536 742756 77708 26526 52630 126740 198208 167012 614062 314560 85532 2073600 2073600 4 0 207792 990720 993600 53024 59992 47684 47092 0 0 0 0 49 4 4 4 4 1920 1080 
[ 5153.072100] MESSAGE_B= 4 4 4 16 22 0 192 0 248 179 0 1215 1325 1319 1313 1069 1205 1026 1052 149 169 155 143 94 120 136 134 0 31 249 253 220 234 56 88 57 97 0 0 0 0 0 0 0 0 22 0 147798 273394 781908 495488 450904 1068214 632646 729500 940658 510536 742756 77708 26526 52630 126740 198208 167012 614062 314560 85532 2073600 2073600 4 0 221082 994560 993600 54199 65506 50257 51120 0 0 0 0 36 4 4 4 4 1920 1080 
[ 5153.349790] MESSAGE_B= 4 4 4 16 49 0 192 0 248 179 0 1278 1391 1405 1405 1114 1276 1089 1122 155 181 158 155 106 128 147 145 0 31 250 250 224 234 27 62 47 59 0 0 0 0 0 0 0 0 49 0 168936 368736 781908 495488 450904 1068214 632646 729500 940658 510536 742756 77708 26526 52630 126740 198208 167012 614062 314560 85532 2073600 2073600 4 0 241503 990720 993600 57841 72895 55071 55696 0 0 0 0 36 4 4 4 4 1920 1080 
[ 5153.631802] MESSAGE_B= 4 4 4 17 59 0 192 0 248 179 0 1378 1390 1441 1420 1195 1224 1119 1135 156 181 171 167 122 141 159 153 0 31 251 252 236 241 9 32 15 23 0 0 0 0 0 0 0 0 59 0 148942 290832 781908 495488 450904 1068214 632646 729500 940658 510536 742756 77708 26526 52630 126740 198208 167012 614062 314560 85532 2073600 2073600 4 0 244515 994560 993600 57955 73683 57108 55769 0 0 0 0 37 4 4 4 4 1920 1080 
[ 5153.909805] MESSAGE_B= 4 4 4 18 41 0 192 0 248 179 0 1374 1377 1439 1424 1196 1219 1119 1124 169 165 154 159 135 136 147 165 0 31 249 250 229 238 64 19 21 21 0 0 0 0 0 0 0 0 41 0 144276 376696 781908 495488 450904 1068214 632646 729500 940658 510536 742756 77708 26526 52630 126740 198208 167012 614062 314560 85532 2073600 2073600 4 0 233258 990720 993600 55370 73080 53538 51270 0 0 0 0 37 4 4 4 4 1920 1080 
[ 5154.191794] MESSAGE_B= 4 4 4 18 39 0 192 0 248 179 0 1342 1346 1404 1394 1169 1187 1090 1097 147 132 131 132 118 128 125 151 0 31 247 248 221 235 102 32 54 54 0 0 0 0 0 0 0 0 39 0 157254 353258 781908 495488 450904 1068214 632646 729500 940658 510536 742756 77708 26526 52630 126740 198208 167012 614062 314560 85532 2073600 2073600 4 0 234080 994560 993600 56366 72646 53122 51946 0 0 0 0 36 4 4 4 4 1920 1080 
[ 5154.469798] MESSAGE_B= 4 4 4 20 40 0 192 0 248 179 0 1314 1319 1375 1371 1135 1156 1064 1074 122 110 116 107 111 118 119 143 0 31 243 248 221 234 132 15 116 37 0 0 0 0 0 0 0 0 40 0 148354 357768 781908 495488 450904 1068214 632646 729500 940658 510536 742756 77708 26526 52630 126740 198208 167012 614062 314560 85532 2073600 2073600 4 0 234669 990720 993600 58739 71941 51639 52350 0 0 0 0 36 4 4 4 4 1920 1080 
[ 5154.750960] MESSAGE_B= 4 4 4 22 38 0 192 0 248 179 0 1268 1274 1330 1322 1092 1140 1032 1048 109 93 108 99 103 113 120 142 0 31 240 245 224 223 80 49 107 22 0 0 0 0 0 0 0 0 38 0 160898 309540 781908 495488 450904 1068214 632646 729500 940658 510536 742756 77708 26526 52630 126740 198208 167012 614062 314560 85532 2073600 2073600 4 0 239204 994560 993600 61329 71060 52826 53989 0 0 0 0 38 4 4 4 4 1920 1080 
[ 5154.908793] MESSAGE_B= 4 4 4 24 29 0 192 0 248 179 0 1241 1238 1301 1288 1075 1136 1020 1048 92 85 100 91 111 109 124 126 0 31 236 244 231 220 27 32 91 13 0 0 0 0 0 0 0 0 29 0 151450 350440 588316 528756 288492 505540 436606 539826 558494 391524 591004 97320 83034 130988 146864 194718 243984 247564 285228 149996 2073600 2073600 4 0 238294 990720 993600 61958 69597 52689 54050 0 0 0 0 38 4 4 4 4 1920 1080 
[ 5155.187795] MESSAGE_B= 4 4 4 27 21 0 192 0 248 179 0 1179 1185 1239 1217 1056 1102 1002 1026 77 87 94 84 125 111 140 118 0 0 233 248 243 229 13 1 112 43 0 0 0 0 0 0 0 0 21 0 155750 288468 588316 528756 288492 505540 436606 539826 558494 391524 591004 97320 83034 130988 146864 194718 243984 247564 285228 149996 2073600 2073600 4 0 237240 994560 993600 64296 67989 50715 54240 0 0 0 0 37 4 4 4 4 1920 1080 
[ 5155.470788] MESSAGE_B= 4 4 4 29 18 0 192 0 248 179 0 592 588 543 530 741 657 670 604 183 147 168 139 290 194 302 213 0 0 222 211 253 249 57 70 10 64 0 0 0 0 0 0 0 0 18 0 159568 344696 588316 528756 288492 505540 436606 539826 558494 391524 591004 97320 83034 130988 146864 194718 243984 247564 285228 149996 2073600 2073600 4 0 245989 990720 993600 67605 71616 51706 55062 0 0 0 0 37 4 4 4 4 1920 1080 
[ 5155.747794] MESSAGE_B= 4 4 4 31 10 0 192 0 248 179 0 574 570 507 511 740 665 694 604 163 156 142 125 295 191 313 207 0 0 198 197 252 250 48 125 58 91 0 0 0 0 0 0 0 0 10 0 159630 266820 588316 528756 288492 505540 436606 539826 558494 391524 591004 97320 83034 130988 146864 194718 243984 247564 285228 149996 2073600 2073600 4 0 265957 994560 993600 73845 77730 55621 58761 0 0 0 0 36 4 4 4 4 1920 1080 
[ 5156.027560] MESSAGE_B= 0 4 4 31 6 0 192 0 248 179 0 565 628 520 549 788 720 743 652 164 187 153 152 294 193 314 204 0 0 219 200 250 248 64 139 94 124 0 0 0 0 0 0 0 0 6 0 165132 344894 588316 528756 288492 505540 436606 539826 558494 391524 591004 97320 83034 130988 146864 194718 243984 247564 285228 149996 2073600 2073600 2 0 291292 990720 993600 81081 84264 61878 64069 0 0 0 0 36 4 4 4 4 1920 1080 
[ 5156.308805] MESSAGE_B= 0 4 4 29 7 0 192 0 248 179 0 615 736 563 608 850 817 794 727 195 217 178 169 272 221 301 218 0 0 230 197 247 246 68 120 98 130 0 0 0 0 0 0 0 0 7 0 137326 264944 588316 528756 288492 505540 436606 539826 558494 391524 591004 97320 83034 130988 146864 194718 243984 247564 285228 149996 2073600 2073600 2 0 320308 994560 993600 88393 91895 69136 70884 0 0 0 0 35 4 4 4 4 1920 1080 
[ 5156.601786] MESSAGE_B= 4 4 4 25 41 0 192 0 248 179 0 1829 1811 1953 1761 1460 1548 1406 1608 459 471 444 477 397 404 399 363 0 0 250 225 237 245 13 17 40 2 0 0 0 0 0 0 0 0 41 0 124528 352532 588316 528756 288492 505540 436606 539826 558494 391524 591004 97320 83034 130988 146864 194718 243984 247564 285228 149996 2073600 2073600 4 0 355474 990720 993600 97358 97491 81672 78953 0 0 0 0 35 4 4 4 4 1920 1080 
[ 5156.882784] MESSAGE_B= 4 4 4 8 41 0 192 0 248 179 0 1836 1844 1960 1785 1373 1506 1365 1576 433 444 409 496 382 367 375 332 0 0 243 216 250 243 26 16 26 32 0 0 0 0 0 0 0 0 41 0 182020 322176 588316 528756 288492 505540 436606 539826 558494 391524 591004 97320 83034 130988 146864 194718 243984 247564 285228 149996 2073600 2073600 4 0 353865 994560 993600 97682 98220 80048 77915 0 0 0 0 31 4 4 4 4 1920 1080 
[ 5157.162793] MESSAGE_B= 4 4 4 8 40 0 192 0 248 179 0 1701 1371 1714 1119 1255 1259 1168 1288 797 372 754 314 291 270 284 359 0 0 252 208 250 246 32 35 16 9 0 0 0 0 2 2 2 2 40 0 63386 458416 588316 528756 288492 505540 436606 539826 558494 391524 591004 97320 83034 130988 146864 194718 243984 247564 285228 149996 2073600 2073600 4 0 360715 990720 993600 108031 111097 70443 71144 0 0 0 0 194 4 4 4 4 1920 1080 
[ 5157.319788] MESSAGE_B= 4 4 4 10 32 0 192 0 248 179 0 1666 1213 1657 1006 1413 1165 1311 1194 695 379 678 299 327 159 280 241 0 0 249 173 241 232 147 21 153 4 0 0 0 0 2 2 2 2 32 0 188228 473624 821070 279494 451552 538848 519454 444972 523730 485328 430820 60346 54800 142812 106132 200628 224502 206670 126096 156424 2073600 2073600 4 0 361959 994560 993600 110263 112551 69143 70002 0 0 0 0 194 4 4 4 4 1920 1080 
[ 5157.600792] MESSAGE_B= 4 4 4 12 37 0 192 0 248 179 0 1740 1463 1605 1165 1491 847 1388 821 464 571 400 503 341 193 293 197 0 0 208 204 241 228 108 44 128 135 0 0 0 0 2 0 2 2 37 0 64844 503458 821070 279494 451552 538848 519454 444972 523730 485328 430820 60346 54800 142812 106132 200628 224502 206670 126096 156424 2073600 2073600 4 0 364632 990720 993600 111703 114552 68693 69684 0 0 0 0 194 4 4 4 4 1920 1080 
[ 5157.881787] MESSAGE_B= 4 4 4 12 39 0 192 0 248 179 0 1524 1676 1547 1483 1583 930 1556 852 569 663 537 737 357 229 336 218 0 0 249 248 252 241 125 91 145 118 0 0 0 0 2 0 2 0 39 0 109668 484502 821070 279494 451552 538848 519454 444972 523730 485328 430820 60346 54800 142812 106132 200628 224502 206670 126096 156424 2073600 2073600 4 0 357356 994560 993600 106701 109717 70152 70786 0 0 0 0 33 4 4 4 4 1920 1080 
[ 5158.160788] MESSAGE_B= 4 4 4 28 23 1 192 0 248 179 0 1175 856 1177 829 1819 1641 1749 1574 461 169 431 160 319 844 293 822 0 0 254 232 250 253 118 109 184 108 0 0 0 0 0 0 2 0 23 1 59630 530566 821070 279494 451552 538848 519454 444972 523730 485328 430820 60346 54800 142812 106132 200628 224502 206670 126096 156424 2073600 2073600 4 0 304527 990720 993600 65407 59439 89424 90257 0 0 0 0 33 4 4 4 4 1920 1080 
[ 5158.442801] MESSAGE_B= 4 4 4 29 25 1 192 0 248 179 0 1166 868 1179 836 1821 1708 1747 1635 468 168 448 163 332 729 296 718 0 0 254 233 249 255 156 127 193 120 0 0 0 0 0 0 2 0 25 1 192182 395412 821070 279494 451552 538848 519454 444972 523730 485328 430820 60346 54800 142812 106132 200628 224502 206670 126096 156424 2073600 2073600 4 0 300154 994560 993600 65300 60114 87018 87722 0 0 0 0 25 4 4 4 4 1920 1080 
[ 5158.720800] MESSAGE_B= 4 4 4 31 24 1 192 0 248 179 0 1156 867 1166 836 1781 1702 1710 1646 471 163 446 160 317 623 292 622 0 0 255 234 248 253 151 102 196 101 0 0 0 0 2 0 2 0 24 1 96924 427378 821070 279494 451552 538848 519454 444972 523730 485328 430820 60346 54800 142812 106132 200628 224502 206670 126096 156424 2073600 2073600 4 0 296888 990720 993600 65072 59680 85487 86649 0 0 0 0 25 4 4 4 4 1920 1080 
[ 5159.003364] MESSAGE_B= 4 4 4 32 25 1 192 0 248 179 0 1166 879 1176 847 1778 1783 1694 1683 477 161 459 166 324 687 289 684 0 0 254 235 245 253 105 81 215 100 0 0 0 0 0 0 2 0 25 1 195380 367638 821070 279494 451552 538848 519454 444972 523730 485328 430820 60346 54800 142812 106132 200628 224502 206670 126096 156424 2073600 2073600 4 0 297060 994560 993600 64816 59775 85616 86853 0 0 0 0 23 4 4 4 4 1920 1080 
[ 5159.163725] MESSAGE_B= 4 4 4 32 25 1 192 0 248 179 0 1162 879 1172 848 1749 1818 1676 1717 472 179 453 182 298 722 284 715 0 0 254 239 240 252 91 80 204 96 0 0 0 0 0 0 2 0 25 1 94848 396108 821070 279494 451552 538848 519454 444972 523730 485328 430820 60346 54800 142812 106132 200628 224502 206670 126096 156424 2073600 2073600 4 0 294136 990720 993600 64217 59243 84682 85994 0 0 0 0 23 4 4 4 4 1920 1080 
[ 5159.444340] MESSAGE_B= 4 4 4 33 24 1 192 0 248 179 0 1170 905 1174 880 1752 1848 1719 1789 472 194 445 194 294 761 310 780 0 0 254 243 246 252 113 49 203 29 0 0 0 0 0 0 2 0 24 1 203946 362454 821070 279494 451552 538848 519454 444972 523730 485328 430820 60346 54800 142812 106132 200628 224502 206670 126096 156424 2073600 2073600 4 0 292211 994560 993600 63887 58537 84554 85233 0 0 0 0 27 4 4 4 4 1920 1080 
[ 5159.721795] MESSAGE_B= 4 4 4 34 24 1 192 0 248 179 0 1149 917 1156 898 1733 2038 1740 1998 466 255 443 278 302 751 327 775 0 0 254 247 229 251 139 39 166 3 0 0 0 0 0 0 0 0 24 1 109794 391134 636446 566612 661938 794554 594054 666054 424822 466562 651854 61906 66640 29376 51386 291974 79082 291266 300608 91666 2073600 2073600 4 0 286182 990720 993600 63210 58540 81019 83413 0 0 0 0 30 4 4 4 4 1920 1080 
[ 5160.006796] MESSAGE_B= 4 4 4 34 24 1 192 0 248 179 0 1147 935 1163 892 1749 2261 2012 2123 464 209 442 202 297 707 423 717 0 0 253 237 234 246 150 16 158 69 0 0 0 0 0 0 0 0 24 1 207826 411162 636446 566612 661938 794554 594054 666054 424822 466562 651854 61906 66640 29376 51386 291974 79082 291266 300608 91666 2073600 2073600 4 0 277348 994560 993600 63503 59503 73624 80718 0 0 0 0 39 4 4 4 4 1920 1080 
[ 5160.286797] MESSAGE_B= 4 4 4 32 23 1 192 0 248 179 0 1136 1042 1203 1017 2001 2216 2329 2078 464 311 457 325 532 767 375 765 0 0 243 249 214 232 94 69 36 129 0 0 0 0 0 0 0 0 23 1 102048 386092 636446 566612 661938 794554 594054 666054 424822 466562 651854 61906 66640 29376 51386 291974 79082 291266 300608 91666 2073600 2073600 4 0 270745 990720 993600 62180 58045 70568 79952 0 0 0 0 46 4 4 4 4 1920 1080 
[ 5160.575795] MESSAGE_B= 4 4 4 33 22 1 192 0 248 179 0 1157 1223 1368 1108 2003 2234 2489 2119 466 453 611 354 468 800 286 807 0 0 202 240 53 249 76 175 131 180 0 0 0 0 0 0 0 0 22 1 201558 486936 636446 566612 661938 794554 594054 666054 424822 466562 651854 61906 66640 29376 51386 291974 79082 291266 300608 91666 2073600 2073600 4 0 262908 994560 993600 60332 55791 71888 74897 0 0 0 0 57 4 4 4 4 1920 1080 
[ 5160.732785] MESSAGE_B= 4 4 4 30 20 1 192 0 248 179 0 1242 1315 1414 1138 2090 2256 2453 2064 510 504 655 350 454 856 290 816 0 0 236 233 101 251 76 220 28 188 0 0 0 0 0 2 0 0 20 1 98096 375018 636446 566612 661938 794554 594054 666054 424822 466562 651854 61906 66640 29376 51386 291974 79082 291266 300608 91666 2073600 2073600 4 0 256778 990720 993600 58940 54767 70100 72971 0 0 0 0 63 4 4 4 4 1920 1080 
[ 5161.013792] MESSAGE_B= 4 4 4 35 18 1 192 0 248 179 0 1348 1404 1521 1155 2016 2344 2638 2009 606 575 778 342 303 927 297 874 0 0 248 233 51 238 133 220 144 162 0 0 0 0 0 2 2 0 18 1 162520 557920 636446 566612 661938 794554 594054 666054 424822 466562 651854 61906 66640 29376 51386 291974 79082 291266 300608 91666 2073600 2073600 4 0 255250 994560 993600 58635 53073 70476 73066 0 0 0 0 68 4 4 4 4 1920 1080 
[ 5161.293790] MESSAGE_B= 4 4 4 40 18 1 192 0 248 179 0 1368 1530 1594 1225 2150 2106 2611 2005 589 627 785 403 486 840 230 849 0 0 247 220 185 244 137 217 118 189 0 0 0 0 0 0 2 0 18 1 86000 329814 636446 566612 661938 794554 594054 666054 424822 466562 651854 61906 66640 29376 51386 291974 79082 291266 300608 91666 2073600 2073600 4 0 252840 990720 993600 58586 50749 70860 72645 0 0 0 0 71 4 4 4 4 1920 1080 
[ 5161.574803] MESSAGE_B= 4 0 4 39 21 1 192 0 248 179 0 1520 1878 1966 1182 2320 2380 2565 1890 755 564 897 220 420 732 298 840 0 0 251 131 111 235 76 221 84 122 0 0 0 0 0 0 0 0 21 1 142272 559976 636446 566612 661938 794554 594054 666054 424822 466562 651854 61906 66640 29376 51386 291974 79082 291266 300608 91666 2073600 2073600 4 0 246171 994560 993600 53737 48973 70102 73359 0 0 0 0 71 4 0 0 0 1920 1080 
[ 5161.855800] MESSAGE_B= 4 0 4 30 22 1 192 0 248 179 0 1353 1669 1648 1041 2203 2568 2610 1897 683 511 806 193 254 778 226 854 0 0 239 20 74 239 63 101 21 115 0 0 0 0 0 0 0 0 22 1 105748 282948 636446 566612 661938 794554 594054 666054 424822 466562 651854 61906 66640 29376 51386 291974 79082 291266 300608 91666 2073600 2073600 4 0 248991 990720 993600 55320 53212 67873 72586 0 0 0 0 66 4 0 0 0 1920 1080 
[ 5162.136819] MESSAGE_B= 4 7 4 30 23 1 192 0 248 179 0 1333 1352 1507 1222 2053 2353 2394 1813 324 293 479 107 118 462 274 290 0 31 249 135 193 242 22 208 157 104 0 0 0 0 0 0 0 0 23 1 177606 455762 665522 540238 364374 616188 621692 695642 283834 420374 628190 108974 135022 111748 62300 243680 75100 222564 233744 153026 2073600 2073600 4 0 239155 994560 993600 56341 53317 63491 66006 0 0 0 0 72 4 4 20 20 1920 1080 
[ 5162.416077] MESSAGE_B= 4 0 0 34 23 1 192 0 248 179 0 1277 1125 1364 963 2381 2400 2814 1862 583 304 641 294 383 1003 222 876 0 0 249 141 122 243 79 146 111 30 0 0 0 0 0 0 0 0 23 1 85586 311536 665522 540238 364374 616188 621692 695642 283834 420374 628190 108974 135022 111748 62300 243680 75100 222564 233744 153026 2073600 2073600 4 0 245129 990720 993600 57884 54202 66090 66953 0 0 0 0 72 4 0 0 0 1920 1080 
[ 5162.700353] MESSAGE_B= 4 0 0 33 24 1 192 0 248 179 0 1331 1127 1484 970 2182 2281 2853 1660 664 358 802 345 249 889 269 810 0 0 251 137 3 237 14 88 184 63 0 0 0 0 0 0 0 0 24 1 157466 606954 665522 540238 364374 616188 621692 695642 283834 420374 628190 108974 135022 111748 62300 243680 75100 222564 233744 153026 2073600 2073600 4 0 253770 994560 993600 58734 50363 71164 73509 0 0 0 0 67 4 0 0 0 1920 1080 
[ 5162.858802] MESSAGE_B= 4 4 0 37 23 1 192 0 248 179 0 1199 1071 1311 947 1927 2106 2441 1598 501 266 595 287 261 870 215 822 0 0 246 202 53 244 91 42 33 64 0 0 0 0 0 0 0 0 23 1 89998 380188 665522 540238 364374 616188 621692 695642 283834 420374 628190 108974 135022 111748 62300 243680 75100 222564 233744 153026 2073600 2073600 4 0 271611 990720 993600 61054 56094 75662 78801 0 0 0 0 67 4 4 4 4 1920 1080 
[ 5163.136801] MESSAGE_B= 4 4 0 35 23 1 192 0 248 179 0 1155 1035 1270 905 1897 2218 2583 1573 481 252 529 236 340 846 292 811 0 0 234 171 62 218 140 164 106 22 0 0 0 0 0 0 0 0 23 1 190656 546952 665522 540238 364374 616188 621692 695642 283834 420374 628190 108974 135022 111748 62300 243680 75100 222564 233744 153026 2073600 2073600 4 0 272175 994560 993600 60205 56339 74827 80804 0 0 0 0 47 4 4 4 4 1920 1080 
[ 5163.416788] MESSAGE_B= 4 4 0 32 24 1 192 0 248 179 0 1162 1013 1214 956 1970 1955 2310 1650 471 283 462 294 417 760 278 744 0 0 249 244 220 247 113 117 51 97 0 0 0 0 0 0 0 0 24 1 121544 370470 665522 540238 364374 616188 621692 695642 283834 420374 628190 108974 135022 111748 62300 243680 75100 222564 233744 153026 2073600 2073600 4 0 273518 990720 993600 59843 56012 75926 81737 0 0 0 0 40 4 4 4 4 1920 1080 
[ 5163.702430] MESSAGE_B= 4 4 4 33 27 0 192 0 248 179 0 1722 1659 1859 1688 1158 1203 1194 1212 345 575 328 580 334 486 355 447 0 0 238 253 251 254 157 179 137 183 0 0 0 0 0 0 0 0 27 0 206020 490994 665522 540238 364374 616188 621692 695642 283834 420374 628190 108974 135022 111748 62300 243680 75100 222564 233744 153026 2073600 2073600 4 0 339713 994560 993600 91131 91113 80200 77269 0 0 0 0 207 4 4 4 4 1920 1080 
[ 5163.989610] MESSAGE_B= 4 4 4 21 28 0 192 0 248 179 0 1742 1586 1883 1598 1125 1223 1162 1151 311 502 308 525 336 353 359 317 0 0 240 254 251 206 171 87 131 4 0 0 0 0 0 0 0 0 28 0 95490 379004 665522 540238 364374 616188 621692 695642 283834 420374 628190 108974 135022 111748 62300 243680 75100 222564 233744 153026 2073600 2073600 4 0 346000 990720 993600 88561 87590 86666 83183 0 0 0 0 207 4 4 4 4 1920 1080 
[ 5164.268789] MESSAGE_B= 4 4 4 18 42 0 192 0 248 179 0 801 720 744 649 867 663 856 759 198 202 167 147 225 114 233 221 0 0 216 207 248 202 147 128 107 31 0 0 0 0 0 0 0 0 42 0 125890 346640 665522 540238 364374 616188 621692 695642 283834 420374 628190 108974 135022 111748 62300 243680 75100 222564 233744 153026 2073600 2073600 4 0 300274 994560 993600 72452 82157 74675 70990 0 0 0 0 41 4 4 4 4 1920 1080 
[ 5164.556392] MESSAGE_B= 4 4 4 8 47 0 192 0 248 179 0 777 636 703 582 869 668 844 743 118 145 117 149 219 153 246 186 0 0 181 217 246 209 71 2 28 68 0 0 0 0 0 0 0 0 47 0 92306 437144 421210 544588 370464 761870 616148 698856 345636 490582 493420 159612 88748 123054 78940 263770 88388 240578 153730 108338 2073600 2073600 4 0 297505 990720 993600 71224 79561 74903 71817 0 0 0 0 39 4 4 4 4 1920 1080 
[ 5164.715796] MESSAGE_B= 4 4 4 8 53 1 192 0 248 179 0 763 641 689 568 865 685 839 801 101 119 124 139 250 201 276 201 0 0 165 178 247 199 50 36 54 97 0 0 0 0 0 0 0 0 53 1 187992 318334 421210 544588 370464 761870 616148 698856 345636 490582 493420 159612 88748 123054 78940 263770 88388 240578 153730 108338 2073600 2073600 4 0 295960 994560 993600 70161 78667 75556 71576 0 0 0 0 24 4 4 4 4 1920 1080 
[ 5164.993785] MESSAGE_B= 4 4 4 8 58 1 192 0 248 179 0 740 694 676 574 848 693 823 841 133 145 152 152 288 224 310 247 0 0 205 183 246 192 27 63 43 103 0 0 0 0 0 0 0 0 58 1 110944 313352 421210 544588 370464 761870 616148 698856 345636 490582 493420 159612 88748 123054 78940 263770 88388 240578 153730 108338 2073600 2073600 4 0 295716 990720 993600 70131 78923 75708 70954 0 0 0 0 25 4 4 4 4 1920 1080 
[ 5165.274793] MESSAGE_B= 4 4 4 8 67 1 192 0 248 179 0 760 721 684 585 827 680 810 879 144 194 158 177 318 260 335 336 0 0 214 204 248 219 19 57 75 110 0 0 0 0 0 0 0 0 67 1 179630 372554 421210 544588 370464 761870 616148 698856 345636 490582 493420 159612 88748 123054 78940 263770 88388 240578 153730 108338 2073600 2073600 4 0 298949 994560 993600 72018 80405 76452 70074 0 0 0 0 26 4 4 4 4 1920 1080 
[ 5165.553793] MESSAGE_B= 4 4 4 8 49 0 192 0 248 179 0 1673 1321 1711 1420 1206 939 1204 976 281 599 328 572 381 311 402 270 0 0 251 253 254 228 117 74 150 51 0 0 0 0 0 2 0 2 49 0 112078 383464 421210 544588 370464 761870 616148 698856 345636 490582 493420 159612 88748 123054 78940 263770 88388 240578 153730 108338 2073600 2073600 4 0 350673 990720 993600 91289 93009 84691 81684 0 0 0 0 26 4 4 4 4 1920 1080 
[ 5165.832785] MESSAGE_B= 4 4 4 11 45 0 192 0 248 179 0 1689 1250 1744 1319 1328 1115 1269 1103 261 603 288 601 538 396 548 322 0 0 246 255 254 227 188 95 218 21 0 0 0 0 0 2 0 2 45 0 169394 335850 421210 544588 370464 761870 616148 698856 345636 490582 493420 159612 88748 123054 78940 263770 88388 240578 153730 108338 2073600 2073600 4 0 357253 994560 993600 89217 90498 89486 88052 0 0 0 0 26 4 4 4 4 1920 1080 
[ 5166.118539] MESSAGE_B= 4 4 4 11 36 0 192 0 248 179 0 1805 1274 1844 1352 1347 928 1284 970 180 564 230 545 534 307 527 271 0 0 240 253 254 235 157 78 189 23 0 0 0 0 0 2 0 2 36 0 34798 293218 421210 544588 370464 761870 616148 698856 345636 490582 493420 159612 88748 123054 78940 263770 88388 240578 153730 108338 2073600 2073600 4 0 362286 990720 993600 91805 93322 89120 88039 0 0 0 0 26 4 4 4 4 1920 1080 
[ 5166.396786] MESSAGE_B= 4 4 4 11 40 1 192 0 248 179 0 1790 1396 1823 1552 1090 1147 980 1229 178 523 219 550 348 470 294 463 0 0 240 242 236 248 207 151 224 117 0 0 0 0 0 2 0 2 40 1 74854 339450 421210 544588 370464 761870 616148 698856 345636 490582 493420 159612 88748 123054 78940 263770 88388 240578 153730 108338 2073600 2073600 4 0 364557 994560 993600 93537 94791 88473 87756 0 0 0 0 27 4 4 4 4 1920 1080 
[ 5166.553801] MESSAGE_B= 4 4 4 11 42 1 192 0 248 179 0 1774 1458 1800 1658 955 1178 917 1255 172 514 225 590 245 542 266 543 0 0 244 236 242 250 196 154 212 97 0 0 0 0 0 2 0 2 42 1 47186 277788 421210 544588 370464 761870 616148 698856 345636 490582 493420 159612 88748 123054 78940 263770 88388 240578 153730 108338 2073600 2073600 4 0 362286 990720 993600 93741 94631 87458 86456 0 0 0 0 27 4 4 4 4 1920 1080 
[ 5166.831789] MESSAGE_B= 4 4 4 12 39 1 192 0 248 179 0 1759 1370 1794 1584 937 941 924 1037 178 489 219 435 255 227 271 245 0 0 243 223 245 209 191 135 213 76 0 0 0 0 0 2 0 2 39 1 83052 265564 490570 65896 268486 450770 438864 474442 735424 557210 578402 60666 69280 79528 148822 140314 53804 66678 126220 43150 2073600 2073600 4 0 366722 994560 993600 94387 94957 89432 87946 0 0 0 0 27 4 4 4 4 1920 1080 
[ 5167.108799] MESSAGE_B= 4 4 4 12 47 1 192 0 248 179 0 1758 1364 1791 1578 962 950 964 1061 175 442 208 380 260 296 289 249 0 0 241 225 244 229 183 118 208 95 0 0 0 0 0 2 0 2 47 1 47946 314684 490570 65896 268486 450770 438864 474442 735424 557210 578402 60666 69280 79528 148822 140314 53804 66678 126220 43150 2073600 2073600 4 0 363212 990720 993600 94763 94735 88214 85500 0 0 0 0 24 4 4 4 4 1920 1080 
[ 5167.388005] MESSAGE_B= 4 4 4 13 41 1 192 0 248 179 0 1737 1305 1769 1458 1013 1071 1018 1171 155 389 192 348 272 365 322 348 0 0 240 246 248 241 171 162 212 145 0 0 0 0 0 2 0 2 41 1 82528 239676 490570 65896 268486 450770 438864 474442 735424 557210 578402 60666 69280 79528 148822 140314 53804 66678 126220 43150 2073600 2073600 4 0 360680 994560 993600 92653 92494 88926 86607 0 0 0 0 26 4 4 4 4 1920 1080 
[ 5167.668816] MESSAGE_B= 4 4 4 13 41 1 192 0 248 179 0 1729 1453 1763 1603 1093 995 1104 1070 141 348 177 315 320 280 384 260 0 0 236 235 248 248 157 133 206 84 0 0 0 0 0 2 0 0 41 1 47046 285386 490570 65896 268486 450770 438864 474442 735424 557210 578402 60666 69280 79528 148822 140314 53804 66678 126220 43150 2073600 2073600 4 0 360366 990720 993600 95729 95287 85594 83756 0 0 0 0 26 4 4 4 4 1920 1080 
[ 5167.956224] MESSAGE_B= 4 4 4 12 31 1 192 0 248 179 0 1709 1635 1746 1691 1139 1079 1105 1156 128 417 159 362 370 465 404 468 0 0 228 247 251 250 194 44 221 75 0 0 0 0 0 2 0 2 31 1 78880 276790 490570 65896 268486 450770 438864 474442 735424 557210 578402 60666 69280 79528 148822 140314 53804 66678 126220 43150 2073600 2073600 4 0 368336 994560 993600 98628 98044 86623 85041 0 0 0 0 33 4 4 4 4 1920 1080 
[ 5168.237809] MESSAGE_B= 4 4 4 13 36 1 192 0 248 179 0 1693 1677 1718 1749 1175 1290 1111 1344 141 358 167 305 393 473 386 451 0 0 228 242 254 252 184 14 234 10 0 0 0 0 0 2 0 2 36 1 38844 282058 490570 65896 268486 450770 438864 474442 735424 557210 578402 60666 69280 79528 148822 140314 53804 66678 126220 43150 2073600 2073600 4 0 366067 990720 993600 97155 96280 87104 85528 0 0 0 0 33 4 4 4 4 1920 1080 

