[ 8316.098790] MESSAGE_B= 0 0 0 90 0 5 192 0 248 179 0 0 3370 0 906 1209 1616 891 935 0 67 0 40 218 278 61 82 0 6 0 255 3 11 0 122 127 0 1 2 2 0 1 0 2 2 0 5 200646 963138 315662 54098 166654 2 2 2 176706 105316 2 162750 35958 64078 2 2 2 321266 293710 2 2073600 2073600 3 6 312536 994560 993600 85356 82910 71425 72845 6 6 6 6 6 0 0 0 0 1920 1080 
[ 8316.374047] MESSAGE_B= 0 0 0 91 0 5 192 0 248 179 0 0 3368 0 896 1215 1597 891 931 0 8 0 16 203 249 62 83 0 6 0 255 2 6 0 132 127 255 1 2 2 0 1 0 2 2 0 5 294120 958378 315662 54098 166654 2 2 2 176706 105316 2 162750 35958 64078 2 2 2 321266 293710 2 2073600 2073600 3 6 313949 990720 993600 85641 83016 71440 73852 6 6 6 6 6 0 0 0 0 1920 1080 
[ 8316.647787] MESSAGE_B= 0 0 0 91 0 5 192 0 248 179 0 0 3392 0 880 1206 1635 893 938 0 0 0 0 213 256 64 71 0 6 0 0 1 18 0 160 82 255 1 2 2 0 1 0 2 2 0 5 232882 965378 315662 54098 166654 2 2 2 176706 105316 2 162750 35958 64078 2 2 2 321266 293710 2 2073600 2073600 3 6 313284 994560 993600 85845 83058 71319 73062 6 6 6 6 6 0 0 0 0 1920 1080 
[ 8316.921798] MESSAGE_B= 0 0 0 90 0 5 192 0 248 179 0 0 3360 0 864 1208 1642 896 932 0 0 0 0 200 259 59 82 0 6 0 0 22 19 0 136 91 0 1 2 2 0 1 0 2 2 0 5 300344 958132 315662 54098 166654 2 2 2 176706 105316 2 162750 35958 64078 2 2 2 321266 293710 2 2073600 2073600 3 6 313469 990720 993600 85875 82940 71613 73041 6 6 6 6 7 0 0 0 0 1920 1080 
[ 8317.081789] MESSAGE_B= 0 0 0 89 0 5 192 0 248 179 0 0 3376 0 880 1246 1607 895 944 0 0 0 0 298 252 68 73 0 6 0 0 60 18 0 155 62 213 1 2 2 0 1 0 2 2 0 5 250648 964034 315662 54098 166654 2 2 2 176706 105316 2 162750 35958 64078 2 2 2 321266 293710 2 2073600 2073600 3 6 312599 994560 993600 85767 82987 71148 72697 6 6 6 6 7 0 0 0 0 1920 1080 
[ 8317.357827] MESSAGE_B= 0 0 0 88 0 5 192 0 248 179 0 0 3352 0 896 1234 1733 897 932 0 8 0 16 230 324 72 86 0 6 0 255 27 136 0 136 38 254 1 2 2 0 1 0 2 2 0 5 297742 958052 315662 54098 166654 2 2 2 176706 105316 2 162750 35958 64078 2 2 2 321266 293710 2 2073600 2073600 3 6 313366 990720 993600 85451 82932 71568 73415 6 6 6 6 7 0 0 0 0 1920 1080 
[ 8317.635798] MESSAGE_B= 0 0 0 87 0 5 192 0 248 179 0 0 3312 0 896 1256 1726 904 934 0 0 0 32 253 489 70 81 0 6 0 0 50 181 0 108 101 245 1 2 2 0 1 0 2 2 0 5 265966 964690 1356178 819598 1392018 1376628 1380194 1178690 1180062 851024 1358714 339238 285734 261732 315670 373688 218452 394350 474890 391754 2073600 2073600 3 6 309156 994560 993600 84651 82923 68902 72680 6 6 6 6 8 0 0 0 0 1920 1080 
[ 8317.912798] MESSAGE_B= 0 0 0 86 0 5 192 0 248 179 0 0 3296 0 888 1292 1984 921 925 0 0 0 24 282 490 62 83 0 6 0 0 37 152 0 69 28 240 1 2 2 0 1 0 0 2 0 5 305778 951258 1356178 819598 1392018 1376628 1380194 1178690 1180062 851024 1358714 339238 285734 261732 315670 373688 218452 394350 474890 391754 2073600 2073600 3 6 308108 990720 993600 83865 82768 69457 72018 6 6 6 6 9 0 0 0 0 1920 1080 
[ 8318.189799] MESSAGE_B= 0 0 0 85 0 5 192 0 248 179 0 2859 2961 2864 2440 1450 1380 1073 1045 131 221 313 329 343 251 248 196 0 31 226 239 183 82 121 202 14 35 0 0 0 0 2 2 2 2 0 5 280174 964624 1356178 819598 1392018 1376628 1380194 1178690 1180062 851024 1358714 339238 285734 261732 315670 373688 218452 394350 474890 391754 2073600 2073600 3 6 154788 994560 993600 54746 70733 43201 77160 5 6 7 7 9 4 4 0 0 1920 1080 
[ 8318.468817] MESSAGE_B= 0 0 0 85 1 5 192 0 248 179 0 0 3312 0 896 1647 1836 915 930 0 0 0 16 507 481 71 73 0 6 0 0 150 192 0 129 16 247 1 2 2 0 1 0 0 2 1 5 353892 943660 1356178 819598 1392018 1376628 1380194 1178690 1180062 851024 1358714 339238 285734 261732 315670 373688 218452 394350 474890 391754 2073600 2073600 3 6 306147 990720 993600 83341 82844 68249 71713 6 6 6 6 10 0 0 0 0 1920 1080 
[ 8318.745793] MESSAGE_B= 0 0 0 87 1 5 192 0 248 179 0 2835 2939 2855 2428 1695 1396 1056 1034 146 246 325 342 417 264 240 186 0 31 240 246 93 33 73 187 11 22 0 0 0 0 2 2 2 2 1 5 285762 945156 1356178 819598 1392018 1376628 1380194 1178690 1180062 851024 1358714 339238 285734 261732 315670 373688 218452 394350 474890 391754 2073600 2073600 3 6 159548 994560 993600 49767 70548 39330 78572 5 6 7 7 12 4 0 0 0 1920 1080 
[ 8318.904917] MESSAGE_B= 0 0 0 86 1 5 192 0 248 179 0 2828 2932 2851 2428 1741 1440 1050 1030 145 254 331 353 411 294 232 186 0 6 249 246 71 2 78 159 34 47 0 0 0 0 2 2 2 2 1 5 390780 935978 1356178 819598 1392018 1376628 1380194 1178690 1180062 851024 1358714 339238 285734 261732 315670 373688 218452 394350 474890 391754 2073600 2073600 3 6 306754 990720 993600 83903 83352 68936 70563 6 6 6 6 14 4 0 0 0 1920 1080 
[ 8319.182799] MESSAGE_B= 0 0 0 82 1 5 192 0 248 179 0 0 0 0 0 2229 2035 876 918 0 0 0 0 435 511 60 74 0 6 0 0 234 218 0 130 100 186 1 1 2 0 1 0 2 2 1 5 257274 903742 1356178 819598 1392018 1376628 1380194 1178690 1180062 851024 1358714 339238 285734 261732 315670 373688 218452 394350 474890 391754 2073600 2073600 3 6 302851 994560 993600 84535 83601 66120 68595 6 6 6 6 15 0 0 0 0 1920 1080 
[ 8319.463788] MESSAGE_B= 0 4 0 77 1 4 192 0 248 179 0 0 0 0 0 2689 1915 900 896 0 0 0 0 156 570 60 79 0 6 0 0 68 191 0 83 90 0 1 1 2 0 1 0 0 2 1 4 448162 890238 1356178 819598 1392018 1376628 1380194 1178690 1180062 851024 1358714 339238 285734 261732 315670 373688 218452 394350 474890 391754 2073600 2073600 3 6 302846 990720 993600 84768 83793 68060 66225 6 6 6 6 17 4 4 4 4 1920 1080 
[ 8319.739812] MESSAGE_B= 0 0 0 77 1 5 192 0 248 179 0 0 0 0 0 1513 1538 910 898 0 0 0 0 137 430 66 89 0 6 0 0 78 197 0 160 56 0 1 1 0 0 1 0 0 1 1 5 238124 897522 1356178 819598 1392018 1376628 1380194 1178690 1180062 851024 1358714 339238 285734 261732 315670 373688 218452 394350 474890 391754 2073600 2073600 3 6 302562 994560 993600 84485 83948 69830 64299 6 6 6 6 18 4 0 0 0 1920 1080 
[ 8320.019796] MESSAGE_B= 0 0 0 81 1 4 192 0 248 179 0 0 0 0 0 1325 1236 880 891 0 0 0 0 163 265 62 83 0 6 0 0 22 198 0 84 128 0 1 1 0 0 1 0 2 1 1 4 465666 875914 1297656 1073822 1364302 1334032 1326760 1127724 1224664 723370 1262830 426158 306090 400756 434638 436942 347810 486590 512974 511002 2073600 2073600 3 6 299326 990720 993600 83915 84070 67165 64176 6 6 6 6 18 4 0 0 0 1920 1080 
[ 8320.295787] MESSAGE_B= 0 0 0 80 1 4 192 0 248 179 0 0 0 0 0 1357 1030 872 884 0 0 0 0 275 163 74 88 0 6 0 0 70 59 0 33 65 0 1 1 0 0 1 0 2 1 1 4 179230 976844 1297656 1073822 1364302 1334032 1326760 1127724 1224664 723370 1262830 426158 306090 400756 434638 436942 347810 486590 512974 511002 2073600 2073600 3 6 301712 994560 993600 82877 84697 70826 63312 6 6 6 6 18 4 0 0 0 1920 1080 
[ 8320.583520] MESSAGE_B= 0 0 0 74 1 5 192 0 248 179 0 0 0 0 0 983 880 859 850 0 0 0 0 76 57 71 85 0 6 0 0 173 254 0 35 103 0 1 1 0 2 1 2 2 1 1 5 351250 941628 1297656 1073822 1364302 1334032 1326760 1127724 1224664 723370 1262830 426158 306090 400756 434638 436942 347810 486590 512974 511002 2073600 2073600 3 6 295215 990720 993600 81982 85535 66062 61636 6 6 6 6 13 0 0 0 0 1920 1080 
[ 8320.867248] MESSAGE_B= 0 0 0 71 1 5 192 0 248 179 0 0 0 0 0 961 949 864 869 0 0 0 0 240 157 63 92 0 6 0 0 135 201 0 33 35 0 1 1 0 0 1 0 2 1 1 5 177436 989628 1297656 1073822 1364302 1334032 1326760 1127724 1224664 723370 1262830 426158 306090 400756 434638 436942 347810 486590 512974 511002 2073600 2073600 3 6 288469 994560 993600 84129 86097 60091 58152 6 6 6 6 12 4 0 0 0 1920 1080 
[ 8321.143793] MESSAGE_B= 0 0 0 70 0 7 192 0 248 179 0 0 0 0 0 1005 899 855 847 0 0 0 0 328 103 76 97 0 6 0 0 140 239 0 7 104 0 1 1 0 0 1 2 2 1 0 7 144428 988068 1297656 1073822 1364302 1334032 1326760 1127724 1224664 723370 1262830 426158 306090 400756 434638 436942 347810 486590 512974 511002 2073600 2073600 3 6 285921 990720 993600 87551 88255 57595 52520 6 6 6 6 13 4 0 0 0 1920 1080 
[ 8321.423800] MESSAGE_B= 0 4 0 68 1 5 192 0 248 179 0 0 0 0 0 949 927 847 848 0 0 0 0 110 108 69 104 0 6 0 0 191 206 0 71 216 0 1 1 0 0 1 2 2 1 1 5 179372 988616 1297656 1073822 1364302 1334032 1326760 1127724 1224664 723370 1262830 426158 306090 400756 434638 436942 347810 486590 512974 511002 2073600 2073600 3 6 285204 994560 993600 91716 91157 52995 49336 6 6 6 6 14 4 4 4 4 1920 1080 
[ 8321.578817] MESSAGE_B= 0 0 0 67 0 7 192 0 248 179 0 0 0 0 0 949 943 857 872 0 0 0 0 130 159 70 97 0 6 0 0 169 203 0 7 71 0 1 1 0 0 1 2 2 1 0 7 182860 987052 1297656 1073822 1364302 1334032 1326760 1127724 1224664 723370 1262830 426158 306090 400756 434638 436942 347810 486590 512974 511002 2073600 2073600 3 6 285415 990720 993600 92587 92034 52323 48563 6 6 6 7 14 4 0 0 0 1920 1080 
[ 8321.859784] MESSAGE_B= 0 4 0 66 0 5 192 0 248 179 0 0 0 0 0 921 913 843 872 0 0 0 0 77 111 65 92 0 6 0 0 222 216 0 230 255 0 1 1 0 0 1 2 2 1 0 5 124816 990336 1297656 1073822 1364302 1334032 1326760 1127724 1224664 723370 1262830 426158 306090 400756 434638 436942 347810 486590 512974 511002 2073600 2073600 3 6 300312 994560 993600 95749 94883 54999 54681 6 6 6 6 14 4 4 4 4 1920 1080 
[ 8322.135793] MESSAGE_B= 0 0 0 65 1 3 192 0 248 179 0 0 0 0 0 881 901 834 866 0 0 0 0 66 110 50 88 0 6 0 0 254 231 0 0 0 0 1 1 2 0 1 1 1 1 1 3 128542 988146 1297656 1073822 1364302 1334032 1326760 1127724 1224664 723370 1262830 426158 306090 400756 434638 436942 347810 486590 512974 511002 2073600 2073600 3 6 317465 990720 993600 96981 97030 62491 60963 6 6 6 6 11 0 0 0 0 1920 1080 
[ 8322.413792] MESSAGE_B= 0 4 4 64 1 4 192 0 248 179 0 0 0 0 0 826 827 800 808 0 0 0 0 48 63 53 50 0 6 0 0 241 239 0 42 0 0 1 1 0 0 1 2 1 1 1 4 109102 990602 1501146 1182688 1367110 1441204 1446354 1171334 1397250 909314 1510524 222796 174274 190546 213972 165500 138828 94604 141502 138632 2073600 2073600 3 6 289966 994560 993600 96088 96818 49959 49933 6 6 6 7 12 4 4 4 4 1920 1080 
[ 8322.696795] MESSAGE_B= 0 4 4 63 1 5 192 0 248 179 0 0 0 0 0 779 771 743 753 0 0 0 0 56 68 68 83 0 6 0 0 229 235 0 156 223 0 1 1 0 0 1 2 2 1 1 5 62304 989024 1501146 1182688 1367110 1441204 1446354 1171334 1397250 909314 1510524 222796 174274 190546 213972 165500 138828 94604 141502 138632 2073600 2073600 3 6 254634 990720 993600 95695 96261 61006 70282 6 6 7 7 15 4 4 4 4 1920 1080 
[ 8322.972782] MESSAGE_B= 0 0 4 63 1 7 192 0 248 179 0 0 0 0 0 724 719 692 718 0 0 0 0 71 78 76 85 0 6 0 0 249 255 0 0 156 0 1 1 2 0 1 2 2 1 1 7 163700 990620 1501146 1182688 1367110 1441204 1446354 1171334 1397250 909314 1510524 222796 174274 190546 213972 165500 138828 94604 141502 138632 2073600 2073600 3 6 265084 994560 993600 95405 95686 60935 58931 6 6 7 7 15 0 0 0 0 1920 1080 
[ 8323.252789] MESSAGE_B= 0 0 4 64 1 9 192 0 248 179 0 0 0 0 0 661 642 637 638 0 0 0 0 82 66 69 75 0 6 0 0 255 251 0 0 0 0 1 1 2 2 1 1 1 1 1 9 107116 990358 1501146 1182688 1367110 1441204 1446354 1171334 1397250 909314 1510524 222796 174274 190546 213972 165500 138828 94604 141502 138632 2073600 2073600 3 6 249595 990720 993600 94293 94352 58521 61067 6 6 7 7 13 0 0 0 0 1920 1080 
[ 8323.532814] MESSAGE_B= 0 0 4 68 1 7 192 0 248 179 0 742 1399 1417 732 619 609 605 604 25 451 272 26 68 62 65 66 0 6 107 8 234 250 0 0 0 0 2 2 2 0 1 1 1 1 1 7 84812 993536 1501146 1182688 1367110 1441204 1446354 1171334 1397250 909314 1510524 222796 174274 190546 213972 165500 138828 94604 141502 138632 2073600 2073600 3 6 252609 994560 993600 92407 92936 55377 60214 6 6 12 12 12 0 0 0 0 1920 1080 
[ 8323.813426] MESSAGE_B= 0 4 4 66 1 4 192 0 248 179 0 0 2256 0 648 573 564 563 562 0 80 0 40 42 39 25 34 0 6 0 255 246 197 0 0 0 0 1 0 0 0 1 1 1 1 1 4 52388 984794 1501146 1182688 1367110 1441204 1446354 1171334 1397250 909314 1510524 222796 174274 190546 213972 165500 138828 94604 141502 138632 2073600 2073600 3 6 233269 990720 993600 95208 94533 77158 77815 6 6 12 12 12 4 4 4 4 1920 1080 
[ 8324.089793] MESSAGE_B= 0 0 0 66 1 3 192 0 248 179 0 656 2210 933 620 566 556 805 563 0 538 52 34 25 22 627 33 0 6 0 145 188 255 0 0 0 0 0 0 0 0 1 1 1 1 1 3 71440 991584 1501146 1182688 1367110 1441204 1446354 1171334 1397250 909314 1510524 222796 174274 190546 213972 165500 138828 94604 141502 138632 2073600 2073600 3 12 234792 994560 993600 95008 92887 85854 86672 6 6 12 12 10 4 0 0 0 1920 1080 
[ 8324.245785] MESSAGE_B= 0 0 0 66 2 2 192 0 248 179 0 640 1895 1728 588 561 666 800 561 11 284 927 20 30 445 717 33 0 6 245 110 111 24 0 0 0 0 0 0 0 0 1 1 1 1 2 2 64484 974542 1501146 1182688 1367110 1441204 1446354 1171334 1397250 909314 1510524 222796 174274 190546 213972 165500 138828 94604 141502 138632 2073600 2073600 1 12 242600 990720 993600 93032 92954 89758 90580 6 6 12 12 10 0 0 0 0 1920 1080 
[ 8324.529968] MESSAGE_B= 0 0 0 66 1 2 192 0 248 179 0 648 1166 597 581 556 637 645 561 8 728 21 24 16 143 142 33 0 6 255 152 78 52 0 0 0 0 0 0 0 0 1 1 1 1 1 2 126518 989186 1501146 1182688 1367110 1441204 1446354 1171334 1397250 909314 1510524 222796 174274 190546 213972 165500 138828 94604 141502 138632 2073600 2073600 3 12 259238 994560 993600 91615 92850 98486 98457 6 6 12 12 10 4 0 0 0 1920 1080 
[ 8324.808790] MESSAGE_B= 0 4 0 66 1 2 192 0 248 179 0 739 736 730 721 555 708 648 566 111 113 121 127 20 130 104 29 0 12 240 246 84 190 0 0 0 0 0 0 0 0 1 1 1 1 1 2 59788 990668 737750 1411226 1356246 1525558 1381222 1065046 1279676 314856 1198792 88788 109082 129794 92436 111300 28346 74860 67414 76080 2073600 2073600 3 12 275786 990720 993600 86681 88772 106727 106609 6 6 12 12 10 4 4 4 4 1920 1080 
[ 8325.095307] MESSAGE_B= 0 4 0 65 1 2 192 0 248 179 0 707 695 692 689 552 600 570 561 107 115 119 118 34 34 32 35 0 12 250 254 140 215 0 0 0 0 0 0 0 0 1 1 1 1 1 2 111066 987878 737750 1411226 1356246 1525558 1381222 1065046 1279676 314856 1198792 88788 109082 129794 92436 111300 28346 74860 67414 76080 2073600 2073600 3 12 286750 994560 993600 81133 80874 112303 111534 6 6 12 12 9 4 4 4 4 1920 1080 
[ 8325.379783] MESSAGE_B= 0 4 0 66 2 3 192 0 248 179 0 675 668 667 665 553 575 559 557 110 110 108 115 28 26 16 19 0 12 254 255 255 215 0 255 0 0 0 0 0 0 1 2 2 1 2 3 64850 990462 737750 1411226 1356246 1525558 1381222 1065046 1279676 314856 1198792 88788 109082 129794 92436 111300 28346 74860 67414 76080 2073600 2073600 3 12 297957 990720 993600 76210 71979 118328 114296 6 6 12 12 8 4 4 4 4 1920 1080 
[ 8325.664837] MESSAGE_B= 0 0 0 65 1 2 192 0 248 179 0 657 660 659 645 548 566 568 550 93 96 94 100 31 15 27 15 0 12 252 249 244 162 0 89 6 255 0 0 2 2 1 2 2 2 1 2 79870 988168 737750 1411226 1356246 1525558 1381222 1065046 1279676 314856 1198792 88788 109082 129794 92436 111300 28346 74860 67414 76080 2073600 2073600 3 12 308567 994560 993600 75261 67590 119415 115613 6 6 12 12 8 0 0 0 0 1920 1080 
[ 8325.825160] MESSAGE_B= 0 0 4 66 0 4 192 0 248 179 0 644 648 654 633 544 560 572 547 82 86 85 88 0 0 32 16 0 12 248 247 0 0 0 201 221 255 0 0 2 2 1 2 2 2 0 4 66882 986388 737750 1411226 1356246 1525558 1381222 1065046 1279676 314856 1198792 88788 109082 129794 92436 111300 28346 74860 67414 76080 2073600 2073600 3 12 319923 990720 993600 73351 67240 122710 118715 6 6 12 12 8 0 0 0 0 1920 1080 
[ 8326.105798] MESSAGE_B= 0 4 4 72 0 5 192 0 248 179 0 625 638 641 614 0 571 0 566 70 70 80 79 0 16 0 38 0 12 240 246 0 221 0 156 136 25 0 0 1 2 1 2 2 2 0 5 57722 984708 737750 1411226 1356246 1525558 1381222 1065046 1279676 314856 1198792 88788 109082 129794 92436 111300 28346 74860 67414 76080 2073600 2073600 3 12 338602 994560 993600 68045 65040 123524 120428 6 6 12 12 9 4 4 4 4 1920 1080 
[ 8326.381788] MESSAGE_B= 0 4 4 74 0 2 192 0 248 179 0 615 643 620 613 0 596 0 596 66 58 66 65 0 21 0 42 0 12 225 242 0 255 0 0 0 0 0 0 1 0 1 1 1 1 0 2 80500 963424 737750 1411226 1356246 1525558 1381222 1065046 1279676 314856 1198792 88788 109082 129794 92436 111300 28346 74860 67414 76080 2073600 2073600 3 12 361017 990720 993600 58565 57948 125037 121216 12 6 12 12 15 4 4 4 4 1920 1080 
[ 8326.657796] MESSAGE_B= 0 0 0 82 1 1 192 0 248 179 0 609 644 617 588 0 672 0 560 68 61 43 46 0 0 0 0 0 12 201 210 0 0 162 223 0 0 2 2 1 0 2 2 2 1 1 1 75580 923224 737750 1411226 1356246 1525558 1381222 1065046 1279676 314856 1198792 88788 109082 129794 92436 111300 28346 74860 67414 76080 2073600 2073600 1 12 395645 994560 993600 73356 74974 123680 123635 12 12 12 12 17 0 0 0 0 1920 1080 
[ 8326.936877] MESSAGE_B= 0 0 0 88 3 1 192 0 248 179 0 657 692 670 605 604 646 544 632 59 70 53 52 33 35 0 35 0 12 95 134 0 79 13 155 98 0 2 2 2 0 2 2 2 1 3 1 133460 977886 737750 1411226 1356246 1525558 1381222 1065046 1279676 314856 1198792 88788 109082 129794 92436 111300 28346 74860 67414 76080 2073600 2073600 2 12 428951 990720 993600 89431 97855 119444 122221 12 12 12 12 17 0 0 0 0 1920 1080 
[ 8327.213803] MESSAGE_B= 0 0 0 104 3 1 192 0 248 179 0 867 782 903 649 732 859 574 781 100 167 67 61 112 125 55 59 0 12 11 174 90 190 73 7 0 0 2 2 2 2 2 2 1 1 3 1 130608 800438 672022 527798 344086 707458 1234698 25178 818174 253150 1112544 91486 60066 43654 52140 98308 6304 126764 94212 122558 2073600 2073600 2 12 435450 994560 993600 102432 109915 106994 116109 12 12 12 12 22 0 0 0 0 1920 1080 
[ 8327.493806] MESSAGE_B= 0 0 0 140 3 1 192 0 248 179 0 1206 1398 948 651 929 993 622 688 244 262 49 51 330 155 95 69 0 12 26 49 171 189 60 0 0 0 2 2 2 2 2 1 1 1 3 1 92312 598604 672022 527798 344086 707458 1234698 25178 818174 253150 1112544 91486 60066 43654 52140 98308 6304 126764 94212 122558 2073600 2073600 2 12 436048 990720 993600 115898 113270 94948 111932 12 12 12 12 25 0 0 0 0 1920 1080 
[ 8327.773950] MESSAGE_B= 0 0 0 161 2 1 192 0 248 179 0 2326 1709 961 678 1096 1228 614 753 145 463 56 109 534 202 86 100 0 12 55 111 181 112 0 0 0 0 0 2 2 2 1 1 1 1 2 1 269756 505810 672022 527798 344086 707458 1234698 25178 818174 253150 1112544 91486 60066 43654 52140 98308 6304 126764 94212 122558 2073600 2073600 2 12 437699 994560 993600 124157 114867 90896 107779 12 12 12 12 25 0 0 0 0 1920 1080 
[ 8328.051792] MESSAGE_B= 0 0 0 170 7 0 192 0 248 179 0 1866 2253 1080 660 1162 2020 616 776 60 299 45 95 663 286 98 88 0 12 73 227 70 155 0 0 0 0 0 2 2 2 1 1 1 1 7 0 264924 584470 672022 527798 344086 707458 1234698 25178 818174 253150 1112544 91486 60066 43654 52140 98308 6304 126764 94212 122558 2073600 2073600 2 12 433860 990720 993600 124452 114179 89871 105358 12 12 12 12 21 0 0 0 0 1920 1080 
[ 8328.210337] MESSAGE_B= 0 0 0 169 4 0 192 0 248 179 0 1917 2329 1287 654 1114 2273 620 796 76 347 207 93 542 300 111 81 0 12 60 188 90 177 0 0 0 0 0 2 2 2 1 1 1 1 4 0 401682 853284 672022 527798 344086 707458 1234698 25178 818174 253150 1112544 91486 60066 43654 52140 98308 6304 126764 94212 122558 2073600 2073600 2 12 433337 994560 993600 124347 113718 89836 105436 12 12 12 12 15 0 0 0 0 1920 1080 
[ 8328.488318] MESSAGE_B= 0 0 0 170 13 0 192 0 248 179 0 2009 2597 1990 660 1124 2585 712 808 81 305 406 83 545 342 340 49 0 12 97 153 141 130 0 0 0 0 0 2 2 2 1 1 1 1 13 0 265620 198272 672022 527798 344086 707458 1234698 25178 818174 253150 1112544 91486 60066 43654 52140 98308 6304 126764 94212 122558 2073600 2073600 2 12 432584 990720 993600 125089 112713 90136 104646 12 12 12 12 15 0 0 0 0 1920 1080 
[ 8328.768791] MESSAGE_B= 4 0 0 172 14 0 192 0 248 179 0 2242 2609 2789 925 1161 2432 737 1160 112 213 197 235 602 400 473 308 0 12 76 209 122 187 0 0 0 0 0 2 2 2 1 1 1 1 14 0 417510 881104 672022 527798 344086 707458 1234698 25178 818174 253150 1112544 91486 60066 43654 52140 98308 6304 126764 94212 122558 2073600 2073600 4 12 434385 994560 993600 125046 114018 90047 105274 12 12 12 12 15 0 0 0 0 1920 1080 
[ 8329.047716] MESSAGE_B= 0 0 0 172 14 0 192 0 248 179 0 2136 2630 2712 977 1158 2552 739 1534 128 230 471 265 609 399 486 198 0 12 53 191 123 216 0 0 0 0 0 2 2 2 1 1 1 1 14 0 270090 207384 672022 527798 344086 707458 1234698 25178 818174 253150 1112544 91486 60066 43654 52140 98308 6304 126764 94212 122558 2073600 2073600 2 12 434714 990720 993600 124943 114214 89875 105682 12 12 12 12 15 0 0 0 0 1920 1080 
[ 8329.328788] MESSAGE_B= 4 0 0 172 16 0 192 0 248 179 0 2197 2670 2785 1072 1176 2571 759 1549 126 220 192 245 607 347 508 260 0 12 110 190 125 221 0 0 0 0 0 2 2 2 1 1 1 1 16 0 414492 880232 672022 527798 344086 707458 1234698 25178 818174 253150 1112544 91486 60066 43654 52140 98308 6304 126764 94212 122558 2073600 2073600 4 12 434688 994560 993600 124942 114224 89863 105659 12 12 12 12 13 0 0 0 0 1920 1080 
[ 8329.607797] MESSAGE_B= 0 0 0 172 16 0 192 0 248 179 0 2244 2698 2708 1168 1170 2656 767 1694 146 310 321 207 598 289 526 170 0 12 62 152 124 204 0 0 0 0 0 2 2 2 1 1 1 1 16 0 275752 217652 451322 135526 87970 470270 876090 36106 680858 808638 808456 141436 114934 52622 266026 560814 41204 483674 545766 489572 2073600 2073600 2 12 434338 990720 993600 124850 114111 89757 105620 12 12 12 12 13 0 0 0 0 1920 1080 
[ 8329.886799] MESSAGE_B= 4 0 0 172 15 0 192 0 248 179 0 2303 2700 2717 1161 1182 2659 788 1632 167 365 390 221 608 401 554 221 0 12 8 169 127 200 0 0 0 0 0 2 2 2 1 1 1 1 15 0 414266 880078 451322 135526 87970 470270 876090 36106 680858 808638 808456 141436 114934 52622 266026 560814 41204 483674 545766 489572 2073600 2073600 4 12 434175 994560 993600 124844 114001 89939 105391 12 12 12 12 14 0 0 0 0 1920 1080 
[ 8330.165789] MESSAGE_B= 0 0 0 172 14 0 192 0 248 179 0 2248 2765 2747 1178 1177 2625 768 1582 168 189 466 168 596 385 522 269 0 12 29 180 123 224 0 0 0 0 0 2 2 2 1 1 1 1 14 0 277096 218834 451322 135526 87970 470270 876090 36106 680858 808638 808456 141436 114934 52622 266026 560814 41204 483674 545766 489572 2073600 2073600 2 12 434022 990720 993600 124775 114109 89818 105320 12 12 12 12 14 0 0 0 0 1920 1080 
[ 8330.445796] MESSAGE_B= 4 0 0 172 13 0 192 0 248 179 0 2222 2745 2745 1199 1180 2683 771 1641 150 333 373 153 597 375 529 244 0 12 5 148 126 230 0 0 0 0 0 2 2 2 1 1 1 1 13 0 410998 880054 451322 135526 87970 470270 876090 36106 680858 808638 808456 141436 114934 52622 266026 560814 41204 483674 545766 489572 2073600 2073600 4 12 434059 994560 993600 124587 114226 89843 105403 12 12 12 12 14 0 0 0 0 1920 1080 
[ 8330.604791] MESSAGE_B= 0 0 0 172 13 0 192 0 248 179 0 2338 2771 2831 1223 1184 2657 776 1657 147 282 317 194 605 420 542 233 0 12 9 100 129 223 0 0 0 0 0 2 2 2 1 1 1 1 13 0 276964 219464 451322 135526 87970 470270 876090 36106 680858 808638 808456 141436 114934 52622 266026 560814 41204 483674 545766 489572 2073600 2073600 2 12 433724 990720 993600 124629 114151 89547 105397 12 12 12 12 14 0 0 0 0 1920 1080 
[ 8330.891784] MESSAGE_B= 4 0 0 172 12 0 192 0 248 179 0 2323 2800 2809 1229 1191 2651 788 1642 138 239 455 188 604 409 553 283 0 12 17 183 128 233 0 0 0 0 0 2 2 2 1 1 1 1 12 0 411524 879090 451322 135526 87970 470270 876090 36106 680858 808638 808456 141436 114934 52622 266026 560814 41204 483674 545766 489572 2073600 2073600 4 12 433837 994560 993600 124686 114406 89660 105085 12 12 12 12 14 0 0 0 0 1920 1080 
[ 8331.179791] MESSAGE_B= 0 0 0 175 11 0 192 0 248 179 0 0 616 0 1450 964 1069 642 775 0 0 0 0 0 0 0 0 1 12 0 7 9 0 0 0 0 0 0 0 0 0 0 0 0 0 11 0 277696 221062 451322 135526 87970 470270 876090 36106 680858 808638 808456 141436 114934 52622 266026 560814 41204 483674 545766 489572 2073600 2073600 2 12 475221 990720 993600 124782 122837 107450 120152 12 12 12 12 21 0 0 0 0 1920 1080 
[ 8331.459811] MESSAGE_B= 0 0 0 194 8 0 192 0 248 179 0 0 663 0 1451 1081 446 455 674 0 0 0 0 0 0 0 0 1 12 7 12 0 0 0 0 0 0 0 0 0 0 0 0 0 0 8 0 380310 874954 451322 135526 87970 470270 876090 36106 680858 808638 808456 141436 114934 52622 266026 560814 41204 483674 545766 489572 2073600 2073600 2 12 500249 994560 993600 125200 125378 123267 126404 12 12 12 12 25 0 0 0 0 1920 1080 
[ 8331.748783] MESSAGE_B= 0 7 0 233 4 1 192 0 248 179 0 0 0 0 0 0 0 0 0 0 0 0 0 0 0 0 0 1 12 0 0 0 0 0 0 0 0 1 1 1 1 1 1 1 1 4 1 274826 225066 451322 135526 87970 470270 876090 36106 680858 808638 808456 141436 114934 52622 266026 560814 41204 483674 545766 489572 2073600 2073600 2 12 512416 990720 993600 128104 128104 128104 128104 12 12 12 12 75 0 0 0 0 1920 1080 
[ 8332.024781] MESSAGE_B= 4 7 0 251 13 2 192 0 248 179 0 0 0 0 0 0 0 0 0 0 0 0 0 0 0 0 0 1 12 0 0 0 0 0 0 0 0 1 1 1 1 1 1 1 1 13 2 135082 647726 15390 608014 90758 552180 912270 39512 671894 864760 506382 4008 192626 63646 258136 570944 44806 448296 442896 53446 2073600 2073600 4 12 512416 994560 993600 128104 128104 128104 128104 12 12 12 12 75 0 0 0 0 1920 1080 
[ 8332.303805] MESSAGE_B= 0 7 0 255 0 2 192 0 248 179 0 0 0 0 0 0 0 0 0 0 0 0 0 0 0 0 0 1 12 0 0 0 0 0 0 0 0 1 1 1 1 1 1 1 1 0 2 0 100562 15390 608014 90758 552180 912270 39512 671894 864760 506382 4008 192626 63646 258136 570944 44806 448296 442896 53446 2073600 2073600 2 12 512416 990720 993600 128104 128104 128104 128104 12 12 12 12 62 0 0 0 0 1920 1080 
[ 8332.461793] MESSAGE_B= 4 0 0 80 2 3 192 0 248 179 0 0 1540 0 684 0 1825 0 682 0 195 0 47 0 55 0 52 0 12 0 177 0 165 0 152 0 0 1 2 1 2 1 2 1 1 2 3 0 0 15390 608014 90758 552180 912270 39512 671894 864760 506382 4008 192626 63646 258136 570944 44806 448296 442896 53446 2073600 2073600 4 12 435580 994560 993600 115504 110382 85379 124315 12 12 12 12 94 0 0 0 0 1920 1080 
[ 8332.740786] MESSAGE_B= 5 0 0 89 2 1 192 0 248 179 0 528 1506 2098 1138 877 1574 1036 1160 0 380 184 384 315 311 340 253 0 12 0 223 195 232 0 244 226 247 2 0 2 0 1 2 2 2 2 1 341166 3888 15390 608014 90758 552180 912270 39512 671894 864760 506382 4008 192626 63646 258136 570944 44806 448296 442896 53446 2073600 2073600 7 12 306506 990720 993600 111031 71064 75104 78794 12 12 12 0 94 0 0 0 0 1920 1080 
[ 8333.018798] MESSAGE_B= 0 0 0 76 1 3 192 0 248 179 0 0 1089 0 697 588 938 780 865 0 131 0 58 29 137 113 97 0 12 0 208 32 3 0 199 222 191 1 0 2 0 1 2 2 2 1 3 351516 764628 15390 608014 90758 552180 912270 39512 671894 864760 506382 4008 192626 63646 258136 570944 44806 448296 442896 53446 2073600 2073600 3 12 356128 994560 993600 121285 88592 86150 67998 12 12 12 0 93 4 0 0 0 1920 1080 
[ 8333.294787] MESSAGE_B= 0 4 0 76 2 3 192 0 248 179 0 700 1163 2385 1110 938 1915 1613 1464 65 405 221 369 123 357 476 225 0 0 168 255 212 200 94 238 253 222 2 0 0 0 2 2 2 2 2 3 266180 295316 15390 608014 90758 552180 912270 39512 671894 864760 506382 4008 192626 63646 258136 570944 44806 448296 442896 53446 2073600 2073600 3 0 289574 990720 993600 85415 69486 85458 92896 12 0 0 0 164 4 4 4 4 1920 1080 
[ 8333.571795] MESSAGE_B= 0 0 0 75 0 9 192 0 248 179 0 1020 1497 2853 1414 1577 2697 2328 2089 327 706 585 523 65 355 538 325 0 0 159 251 102 211 98 245 240 246 2 0 0 0 2 2 2 2 0 9 324726 840256 15390 608014 90758 552180 912270 39512 671894 864760 506382 4008 192626 63646 258136 570944 44806 448296 442896 53446 2073600 2073600 3 0 321774 994560 993600 65147 71275 89974 95378 0 0 0 0 238 4 0 0 0 1920 1080 
[ 8333.858626] MESSAGE_B= 0 4 0 70 2 2 192 0 248 179 0 763 1235 2693 1389 890 1937 1569 1506 85 421 155 357 105 378 542 320 0 0 70 245 200 208 91 249 246 206 2 0 0 0 2 2 2 2 2 2 276838 445494 15390 608014 90758 552180 912270 39512 671894 864760 506382 4008 192626 63646 258136 570944 44806 448296 442896 53446 2073600 2073600 1 0 285357 990720 993600 84433 64060 86309 92637 12 0 0 0 238 4 4 4 4 1920 1080 
[ 8334.145101] MESSAGE_B= 0 0 0 76 1 2 192 0 248 179 0 0 3388 0 3282 0 3376 0 3257 0 67 0 50 0 79 0 76 0 0 0 255 0 235 0 123 0 0 1 0 1 2 1 2 1 1 1 2 343758 851882 15390 608014 90758 552180 912270 39512 671894 864760 506382 4008 192626 63646 258136 570944 44806 448296 442896 53446 2073600 2073600 3 0 270988 994560 993600 86504 49288 74546 60650 0 0 0 0 157 0 0 0 0 1920 1080 
[ 8334.420788] MESSAGE_B= 0 0 0 89 1 1 192 0 248 179 0 0 3393 0 3227 0 3389 0 3238 0 67 0 20 0 75 0 84 0 0 0 255 0 203 0 0 0 0 1 2 1 2 1 1 1 1 1 1 238318 525102 365214 56706 87430 265610 329444 753162 549680 571516 686216 489972 89734 209862 341384 59802 501726 84476 302324 427628 2073600 2073600 1 0 279224 990720 993600 91685 54015 82777 62616 0 1 0 0 58 0 0 0 0 1920 1080 
[ 8334.697788] MESSAGE_B= 0 0 0 85 1 2 192 0 248 179 0 0 3398 0 3120 0 3389 0 3217 0 52 0 91 0 49 0 63 0 0 0 46 0 214 0 0 0 0 1 0 1 0 1 1 1 1 1 2 511094 701338 365214 56706 87430 265610 329444 753162 549680 571516 686216 489972 89734 209862 341384 59802 501726 84476 302324 427628 2073600 2073600 3 0 346653 994560 993600 94266 73429 91408 87550 0 0 0 0 52 4 0 0 0 1920 1080 
[ 8334.865870] MESSAGE_B= 0 0 0 65 2 1 192 0 248 179 0 3241 0 3393 0 3163 3380 3404 3263 28 0 76 0 58 35 61 70 0 0 255 0 246 185 0 0 0 0 2 1 2 0 1 1 1 1 2 1 262790 611808 365214 56706 87430 265610 329444 753162 549680 571516 686216 489972 89734 209862 341384 59802 501726 84476 302324 427628 2073600 2073600 2 0 317321 990720 993600 86040 74253 71783 85245 0 0 0 0 52 0 0 0 0 1920 1080 
[ 8335.141785] MESSAGE_B= 0 4 0 64 5 1 192 0 248 179 0 3163 0 3376 0 3207 0 3373 0 66 0 85 0 71 0 70 0 0 0 215 0 225 0 0 0 0 0 0 1 0 1 1 1 1 1 5 1 349280 687054 365214 56706 87430 265610 329444 753162 549680 571516 686216 489972 89734 209862 341384 59802 501726 84476 302324 427628 2073600 2073600 2 0 244437 994560 993600 67168 77059 89111 78855 0 12 0 12 58 4 4 4 4 1920 1080 
[ 8335.421798] MESSAGE_B= 0 0 0 72 2 1 192 0 248 179 0 3226 0 3382 0 3331 0 3312 0 98 0 49 0 37 0 108 0 0 0 252 0 58 0 0 81 0 0 2 1 0 1 1 2 1 1 2 1 532358 665710 365214 56706 87430 265610 329444 753162 549680 571516 686216 489972 89734 209862 341384 59802 501726 84476 302324 427628 2073600 2073600 2 12 256392 990720 993600 55201 86751 75048 93496 0 12 0 12 71 0 0 0 0 1920 1080 
[ 8335.701306] MESSAGE_B= 0 0 0 76 2 2 192 0 248 179 0 1945 0 1829 0 1091 0 1067 0 302 0 331 0 234 0 315 0 0 12 136 0 127 0 128 35 64 0 0 1 0 1 2 2 2 1 2 2 523098 447934 365214 56706 87430 265610 329444 753162 549680 571516 686216 489972 89734 209862 341384 59802 501726 84476 302324 427628 2073600 2073600 1 12 311280 994560 993600 79613 96246 66305 112481 0 12 12 12 75 4 0 0 0 1920 1080 
[ 8335.977779] MESSAGE_B= 0 0 0 94 2 2 192 0 248 179 0 1941 0 1807 0 836 0 1165 0 301 0 340 0 202 0 344 0 0 12 56 0 247 0 161 223 99 0 0 1 2 1 2 2 2 1 2 2 463684 591074 365214 56706 87430 265610 329444 753162 549680 571516 686216 489972 89734 209862 341384 59802 501726 84476 302324 427628 2073600 2073600 1 12 327257 990720 993600 60026 96691 76368 105041 0 12 12 12 75 0 0 0 0 1920 1080 
[ 8336.263701] MESSAGE_B= 0 0 0 103 1 2 192 0 248 179 0 1359 0 1784 0 697 0 1489 0 273 0 528 0 68 0 151 0 0 12 23 0 247 0 0 18 37 0 0 1 2 1 1 2 2 1 1 2 481140 257756 365214 56706 87430 265610 329444 753162 549680 571516 686216 489972 89734 209862 341384 59802 501726 84476 302324 427628 2073600 2073600 3 12 362157 994560 993600 62878 101781 87920 109578 12 12 12 12 103 0 0 0 0 1920 1080 
[ 8336.541087] MESSAGE_B= 0 0 0 111 1 2 192 0 248 179 0 802 0 1731 0 0 0 0 0 84 0 425 0 0 0 0 0 0 12 9 0 0 0 0 127 46 0 2 1 1 1 1 2 2 1 1 2 207054 538886 365214 56706 87430 265610 329444 753162 549680 571516 686216 489972 89734 209862 341384 59802 501726 84476 302324 427628 2073600 2073600 3 12 380928 990720 993600 74581 102476 91813 112058 12 12 12 12 103 0 0 0 0 1920 1080 
[ 8336.700792] MESSAGE_B= 0 0 0 119 1 2 192 0 248 179 0 670 0 1561 0 0 0 0 0 30 0 198 0 0 0 0 0 0 12 21 0 0 0 0 20 62 0 2 1 1 1 1 2 2 1 1 2 312588 171030 354838 289946 244078 160828 245556 363582 660956 300144 434668 402362 428456 266994 629666 1058312 895166 661588 678276 476424 2073600 2073600 3 12 387562 994560 993600 78189 103980 94075 111318 12 12 12 12 103 0 0 0 0 1920 1080 
[ 8336.975792] MESSAGE_B= 0 0 0 128 2 1 192 0 248 179 0 0 0 0 0 0 0 0 0 0 0 0 0 0 0 0 0 0 12 0 0 0 0 0 232 174 0 1 1 1 1 1 2 2 1 2 1 168174 367262 354838 289946 244078 160828 245556 363582 660956 300144 434668 402362 428456 266994 629666 1058312 895166 661588 678276 476424 2073600 2073600 2 12 402678 990720 993600 83380 104949 100005 114344 12 12 12 12 39 0 0 0 0 1920 1080 
[ 8337.254796] MESSAGE_B= 0 0 0 127 2 2 192 0 248 179 0 0 0 0 0 0 0 0 0 0 0 0 0 0 0 0 0 0 12 0 0 0 0 0 144 54 0 1 1 1 1 1 2 2 1 2 2 227720 120924 354838 289946 244078 160828 245556 363582 660956 300144 434668 402362 428456 266994 629666 1058312 895166 661588 678276 476424 2073600 2073600 1 12 397248 994560 993600 81918 98216 102180 114934 12 12 12 12 44 0 0 0 0 1920 1080 
[ 8337.529783] MESSAGE_B= 0 0 0 124 2 2 192 0 248 179 0 0 0 0 0 0 0 0 0 0 0 0 0 0 0 0 0 0 12 0 0 0 0 0 69 163 0 1 1 1 1 1 2 2 1 2 2 118872 355420 354838 289946 244078 160828 245556 363582 660956 300144 434668 402362 428456 266994 629666 1058312 895166 661588 678276 476424 2073600 2073600 1 12 399148 990720 993600 83811 96281 104507 114549 12 12 12 12 44 0 0 0 0 1920 1080 
[ 8337.804791] MESSAGE_B= 0 0 0 124 2 2 192 0 248 179 0 0 0 0 0 0 0 0 0 0 0 0 0 0 0 0 0 0 12 0 0 0 0 0 215 156 0 1 1 1 1 1 2 2 1 2 2 112296 78230 354838 289946 244078 160828 245556 363582 660956 300144 434668 402362 428456 266994 629666 1058312 895166 661588 678276 476424 2073600 2073600 1 12 400396 994560 993600 90603 91045 105386 113362 12 12 12 12 47 0 0 0 0 1920 1080 
[ 8338.079782] MESSAGE_B= 0 0 0 132 2 2 192 0 248 179 0 0 0 0 0 0 0 0 0 0 0 0 0 0 0 0 0 0 12 0 0 0 0 0 100 19 0 1 1 1 1 1 2 2 1 2 2 87496 417116 354838 289946 244078 160828 245556 363582 660956 300144 434668 402362 428456 266994 629666 1058312 895166 661588 678276 476424 2073600 2073600 1 12 411929 990720 993600 97749 90580 108355 115245 12 12 12 12 68 0 0 0 0 1920 1080 
[ 8338.357778] MESSAGE_B= 0 0 0 132 1 7 192 0 248 179 0 0 2710 0 813 0 0 0 0 0 81 0 65 0 0 0 0 0 12 0 163 0 0 0 11 1 0 1 2 1 1 1 2 2 1 1 7 81578 76820 354838 289946 244078 160828 245556 363582 660956 300144 434668 402362 428456 266994 629666 1058312 895166 661588 678276 476424 2073600 2073600 3 12 391919 994560 993600 97242 79330 105189 110158 12 12 12 12 165 0 0 0 0 1920 1080 
[ 8338.636798] MESSAGE_B= 0 0 0 83 2 2 192 0 248 179 0 0 2427 0 869 0 2420 0 658 0 83 0 114 0 36 0 58 0 12 0 202 0 255 0 40 248 0 1 2 1 2 1 2 2 1 2 2 58178 384054 354838 289946 244078 160828 245556 363582 660956 300144 434668 402362 428456 266994 629666 1058312 895166 661588 678276 476424 2073600 2073600 1 12 360878 990720 993600 88403 70752 102213 99510 12 12 12 12 165 0 0 0 0 1920 1080 
[ 8338.918795] MESSAGE_B= 0 0 0 98 1 2 192 0 248 179 0 0 2490 0 687 0 0 0 0 0 42 0 38 0 0 0 0 0 12 0 139 0 0 0 86 243 0 1 2 1 1 1 2 2 1 1 2 181796 274742 354838 289946 244078 160828 245556 363582 660956 300144 434668 402362 428456 266994 629666 1058312 895166 661588 678276 476424 2073600 2073600 3 12 389722 994560 993600 95773 79946 108763 105240 12 12 12 12 37 0 0 0 0 1920 1080 
[ 8339.201150] MESSAGE_B= 0 0 0 123 1 2 192 0 248 179 0 0 0 0 0 0 0 0 0 0 0 0 0 0 0 0 0 0 12 0 0 0 0 0 139 239 0 1 1 1 1 1 2 2 1 1 2 55256 555084 314874 277762 163786 309078 316614 308016 308988 250464 331658 178422 332238 200748 228456 154116 44682 253380 290974 178590 2073600 2073600 3 12 406412 990720 993600 100600 85653 113564 106595 12 12 12 12 37 0 0 0 0 1920 1080 
[ 8339.478781] MESSAGE_B= 0 0 0 125 1 1 192 0 248 179 0 0 0 0 0 0 0 0 0 0 0 0 0 0 0 0 0 0 12 0 0 0 0 0 180 242 0 1 1 1 1 1 2 2 1 1 1 165182 192204 314874 277762 163786 309078 316614 308016 308988 250464 331658 178422 332238 200748 228456 154116 44682 253380 290974 178590 2073600 2073600 1 12 390279 994560 993600 95509 83323 109776 101671 12 12 12 12 30 0 0 0 0 1920 1080 
[ 8339.762556] MESSAGE_B= 0 0 0 88 1 2 192 0 248 179 0 757 2493 2941 876 662 2157 2686 777 103 291 123 146 85 301 197 105 0 12 237 254 248 254 0 245 248 0 2 2 2 2 1 2 2 1 1 2 99136 408980 314874 277762 163786 309078 316614 308016 308988 250464 331658 178422 332238 200748 228456 154116 44682 253380 290974 178590 2073600 2073600 3 12 317077 990720 993600 72806 68139 90222 85910 12 12 12 12 41 0 0 0 0 1920 1080 
[ 8339.928928] MESSAGE_B= 0 0 0 78 0 3 192 0 248 179 0 1035 2740 2929 1116 868 2100 2320 923 208 373 314 210 175 669 670 195 0 0 243 244 246 251 224 247 244 228 0 0 2 2 2 2 2 2 0 3 133300 210110 314874 277762 163786 309078 316614 308016 308988 250464 331658 178422 332238 200748 228456 154116 44682 253380 290974 178590 2073600 2073600 3 0 281957 994560 993600 75171 70255 68202 68329 0 0 0 0 44 0 0 0 0 1920 1080 
[ 8340.213896] MESSAGE_B= 0 4 0 63 0 29 192 0 248 179 0 2899 3264 3278 2916 2751 3101 3118 2758 122 94 117 116 212 198 196 208 0 0 246 252 255 255 205 137 156 202 0 0 0 0 2 2 2 2 0 29 58068 612928 314874 277762 163786 309078 316614 308016 308988 250464 331658 178422 332238 200748 228456 154116 44682 253380 290974 178590 2073600 2073600 3 0 244924 990720 993600 56492 49712 70972 67748 0 0 0 0 133 4 4 4 4 1920 1080 
[ 8340.499550] MESSAGE_B= 0 0 0 63 0 1 192 0 248 179 0 3072 3364 3328 3101 3156 3377 3377 3161 49 70 28 78 85 82 58 87 0 1 252 254 234 234 132 0 0 164 2 2 2 2 2 1 1 2 0 1 43072 478568 314874 277762 163786 309078 316614 308016 308988 250464 331658 178422 332238 200748 228456 154116 44682 253380 290974 178590 2073600 2073600 1 1 333688 994560 993600 84549 86328 81205 81606 1 1 1 1 133 0 0 0 0 1920 1080 
[ 8340.776814] MESSAGE_B= 0 0 0 63 0 0 192 0 248 179 0 3016 3314 3312 3020 3105 3356 3352 3107 66 66 59 78 96 72 50 74 0 1 222 229 234 218 34 255 0 29 2 2 2 2 2 2 2 2 0 0 29500 677326 314874 277762 163786 309078 316614 308016 308988 250464 331658 178422 332238 200748 228456 154116 44682 253380 290974 178590 2073600 2073600 1 1 323721 990720 993600 81879 83077 79254 79511 1 1 1 1 16 0 0 0 0 1920 1080 
[ 8341.055798] MESSAGE_B= 0 0 0 63 0 0 192 0 248 179 0 3080 3323 3343 3030 3077 3330 3340 3085 96 39 62 89 111 41 43 88 0 1 212 255 255 196 134 0 220 4 2 2 2 2 2 2 2 2 0 0 7324 508004 314874 277762 163786 309078 316614 308016 308988 250464 331658 178422 332238 200748 228456 154116 44682 253380 290974 178590 2073600 2073600 2 1 308846 994560 993600 77904 78302 76157 76483 1 1 1 1 5 0 0 0 0 1920 1080 
[ 8341.333836] MESSAGE_B= 0 0 0 63 1 1 192 0 248 179 0 3126 3002 3025 3110 3106 2830 2878 3105 109 221 208 93 112 398 355 98 0 1 116 118 115 106 51 200 206 33 0 0 2 2 2 2 2 2 1 1 24612 529152 314874 277762 163786 309078 316614 308016 308988 250464 331658 178422 332238 200748 228456 154116 44682 253380 290974 178590 2073600 2073600 1 1 290822 990720 993600 73639 74514 70530 72139 1 1 1 1 10 0 0 0 0 1920 1080 
[ 8341.613797] MESSAGE_B= 0 0 0 65 1 1 192 0 248 179 0 3125 2684 2664 3108 3108 2449 2523 3104 112 441 429 104 84 750 665 86 0 1 144 131 182 142 56 209 226 50 0 0 2 2 2 2 2 2 1 1 14688 479228 74900 285560 170852 299838 330366 318586 146596 125326 76698 52894 202914 90514 152242 74428 36096 55586 59242 30224 2073600 2073600 1 1 285962 994560 993600 71590 72753 70254 71365 1 1 1 1 10 0 0 0 0 1920 1080 
[ 8341.892790] MESSAGE_B= 0 0 0 65 1 1 192 0 248 179 0 3117 2298 2213 3106 3105 2343 2433 3099 94 734 746 99 90 823 775 91 0 1 164 133 145 134 67 218 204 27 2 2 2 2 2 2 2 2 1 1 48562 539108 74900 285560 170852 299838 330366 318586 146596 125326 76698 52894 202914 90514 152242 74428 36096 55586 59242 30224 2073600 2073600 1 1 256999 990720 993600 64287 66240 62443 64029 1 1 1 1 7 0 0 0 0 1920 1080 
[ 8342.178893] MESSAGE_B= 0 0 0 68 1 1 192 0 248 179 0 3118 2282 2201 3107 3105 2324 2397 3097 78 730 787 75 83 828 798 100 0 1 191 178 163 123 4 220 219 21 2 2 2 2 2 2 2 2 1 1 13868 518818 74900 285560 170852 299838 330366 318586 146596 125326 76698 52894 202914 90514 152242 74428 36096 55586 59242 30224 2073600 2073600 2 1 257515 994560 993600 64360 66494 62448 64213 1 1 1 1 7 0 0 0 0 1920 1080 
[ 8342.457788] MESSAGE_B= 0 0 0 68 1 1 192 0 248 179 0 3117 2290 2215 3107 3105 2299 2356 3099 96 743 782 68 99 830 802 90 0 1 153 202 138 135 75 217 216 27 2 2 2 2 2 2 2 2 1 1 47198 539742 74900 285560 170852 299838 330366 318586 146596 125326 76698 52894 202914 90514 152242 74428 36096 55586 59242 30224 2073600 2073600 1 1 257259 990720 993600 64363 66328 62375 64193 1 1 1 1 1 0 0 0 0 1920 1080 
[ 8342.614814] MESSAGE_B= 0 0 0 68 1 1 192 0 248 179 0 3117 2286 2205 3107 3106 2285 2376 3099 96 741 781 68 103 833 816 90 0 1 149 199 119 141 75 219 197 27 2 2 2 2 2 2 2 2 1 1 13408 504182 74900 285560 170852 299838 330366 318586 146596 125326 76698 52894 202914 90514 152242 74428 36096 55586 59242 30224 2073600 2073600 2 1 257234 994560 993600 64406 66350 62342 64136 1 1 1 1 1 0 0 0 0 1920 1080 
[ 8342.892797] MESSAGE_B= 0 0 0 68 1 1 192 0 248 179 0 3117 2285 2186 3107 3106 2285 2370 3099 88 742 774 68 93 842 815 99 0 1 168 196 133 123 7 214 196 27 2 2 2 2 2 2 2 2 1 1 43728 536498 74900 285560 170852 299838 330366 318586 146596 125326 76698 52894 202914 90514 152242 74428 36096 55586 59242 30224 2073600 2073600 1 1 257325 990720 993600 64379 66398 62429 64119 1 1 1 1 1 0 0 0 0 1920 1080 
[ 8343.184793] MESSAGE_B= 0 0 0 68 1 1 192 0 248 179 0 3117 2284 2186 3107 3107 2285 2372 3099 88 744 774 68 67 843 812 99 0 1 172 194 199 121 7 211 197 27 2 2 2 2 2 2 2 2 1 1 13084 501522 74900 285560 170852 299838 330366 318586 146596 125326 76698 52894 202914 90514 152242 74428 36096 55586 59242 30224 2073600 2073600 2 1 257301 994560 993600 64382 66399 62438 64082 1 1 1 1 1 0 0 0 0 1920 1080 
[ 8343.461797] MESSAGE_B= 0 0 0 68 1 1 192 0 248 179 0 2810 2734 2743 2813 2810 2658 2697 2816 105 251 239 114 107 451 399 118 0 21 163 134 65 54 99 94 85 172 0 0 0 0 2 2 2 2 1 1 43648 536212 74900 285560 170852 299838 330366 318586 146596 125326 76698 52894 202914 90514 152242 74428 36096 55586 59242 30224 2073600 2073600 1 21 293499 990720 993600 74878 75873 70673 72075 21 21 21 21 40 4 0 0 0 1920 1080 
[ 8343.740791] MESSAGE_B= 0 0 0 66 1 1 192 0 248 179 0 1622 1786 1803 1630 1622 1786 1788 1634 120 74 71 114 112 91 103 114 0 17 114 51 93 84 179 85 0 190 0 0 0 0 2 2 2 2 1 1 14262 498338 74900 285560 170852 299838 330366 318586 146596 125326 76698 52894 202914 90514 152242 74428 36096 55586 59242 30224 2073600 2073600 2 17 304437 994560 993600 76202 77217 74712 76306 17 17 17 17 71 4 0 0 0 1920 1080 
[ 8344.022780] MESSAGE_B= 0 7 0 166 1 2 192 0 248 179 0 0 0 0 0 0 0 0 0 0 0 0 0 0 0 0 0 1 12 0 0 0 0 0 0 0 0 1 1 1 1 1 1 1 1 1 2 41194 541380 62988 109970 122818 62026 41402 75708 145344 139856 94086 44250 38486 67018 47104 46164 38128 55100 76986 34554 2073600 2073600 1 12 512393 990720 993600 128096 128096 128100 128101 12 12 12 12 74 4 0 0 0 1920 1080 
[ 8344.315305] MESSAGE_B= 0 7 0 64 0 60 192 0 248 179 0 0 0 0 0 0 0 0 0 0 0 0 0 0 0 0 0 1 12 0 0 0 0 0 0 0 0 1 1 1 1 1 1 1 1 0 60 11254 490408 62988 109970 122818 62026 41402 75708 145344 139856 94086 44250 38486 67018 47104 46164 38128 55100 76986 34554 2073600 2073600 2 12 512416 994560 993600 128104 128104 128104 128104 12 12 12 12 74 4 0 0 0 1920 1080 
[ 8344.594026] MESSAGE_B= 4 7 0 212 0 0 192 0 248 179 0 0 0 0 0 0 0 0 0 0 0 0 0 0 0 0 0 1 12 0 0 0 0 0 0 0 0 1 1 1 1 1 1 1 1 0 0 0 423738 62988 109970 122818 62026 41402 75708 145344 139856 94086 44250 38486 67018 47104 46164 38128 55100 76986 34554 2073600 2073600 5 12 512416 990720 993600 128104 128104 128104 128104 12 12 12 12 23 4 0 0 0 1920 1080 
[ 8344.745791] MESSAGE_B= 4 7 0 212 0 0 192 0 248 179 0 0 0 0 0 0 0 0 0 0 0 0 0 0 0 0 0 1 12 0 0 0 0 0 0 0 0 1 1 1 1 1 1 1 1 0 0 0 0 62988 109970 122818 62026 41402 75708 145344 139856 94086 44250 38486 67018 47104 46164 38128 55100 76986 34554 2073600 2073600 4 12 512416 994560 993600 128104 128104 128104 128104 12 12 12 12 0 4 0 0 0 1920 1080 
[ 8345.020778] MESSAGE_B= 4 7 0 213 0 1 192 0 248 179 0 0 0 0 0 0 0 0 0 0 0 0 0 0 0 0 0 1 12 0 0 0 0 0 0 0 0 1 1 1 1 1 1 1 1 0 1 0 0 62988 109970 122818 62026 41402 75708 145344 139856 94086 44250 38486 67018 47104 46164 38128 55100 76986 34554 2073600 2073600 4 12 512416 990720 993600 128104 128104 128104 128104 12 12 12 12 21 4 0 0 0 1920 1080 
[ 8345.294773] MESSAGE_B= 5 7 0 213 0 1 192 0 248 179 0 0 0 0 0 0 0 0 0 0 0 0 0 0 0 0 0 1 12 0 0 0 0 0 0 0 0 1 1 1 1 1 1 1 1 0 1 3318 0 62988 109970 122818 62026 41402 75708 145344 139856 94086 44250 38486 67018 47104 46164 38128 55100 76986 34554 2073600 2073600 6 12 512399 994560 993600 128091 128104 128104 128100 12 12 12 12 32 4 0 0 0 1920 1080 
[ 8345.573930] MESSAGE_B= 5 7 0 214 2 1 192 0 248 179 0 0 0 0 0 0 0 0 0 0 0 0 0 0 0 0 0 1 12 0 0 0 0 0 0 0 0 1 1 1 1 1 1 1 1 2 1 3370 42 62988 109970 122818 62026 41402 75708 145344 139856 94086 44250 38486 67018 47104 46164 38128 55100 76986 34554 2073600 2073600 6 12 510605 990720 993600 127721 127436 127817 127631 12 12 12 12 51 4 0 0 0 1920 1080 
[ 8345.848002] MESSAGE_B= 5 0 0 214 1 1 192 0 248 179 0 0 0 0 0 0 0 0 0 0 0 0 0 0 0 0 0 1 12 0 0 0 0 0 0 0 0 1 1 1 1 1 0 1 1 1 1 4280 184 62988 109970 122818 62026 41402 75708 145344 139856 94086 44250 38486 67018 47104 46164 38128 55100 76986 34554 2073600 2073600 6 12 510158 994560 993600 127641 127387 127654 127476 12 12 12 12 51 4 0 0 0 1920 1080 
[ 8346.120794] MESSAGE_B= 5 0 0 214 2 1 192 0 248 179 0 0 0 0 0 0 0 0 0 0 0 0 0 0 0 0 0 1 12 0 0 0 0 0 0 0 0 1 1 1 1 1 0 1 1 2 1 3288 224 62988 109970 122818 62026 41402 75708 145344 139856 94086 44250 38486 67018 47104 46164 38128 55100 76986 34554 2073600 2073600 6 12 509984 990720 993600 127574 127339 127617 127454 12 12 12 12 47 4 0 0 0 1920 1080 
[ 8346.399798] MESSAGE_B= 5 0 0 214 3 1 192 0 248 179 0 0 0 0 0 0 0 0 0 0 0 0 0 0 0 0 0 1 12 0 0 0 0 0 0 0 0 1 1 1 1 1 0 1 1 3 1 4496 278 3450 71358 97554 2 2 1358 125880 114774 2958 7052 40242 9818 2 2 5580 32130 31398 6664 2073600 2073600 6 12 509909 994560 993600 127503 127228 127638 127540 12 12 12 12 24 4 0 0 0 1920 1080 
[ 8346.673922] MESSAGE_B= 5 0 0 214 3 1 192 0 248 179 0 0 0 0 0 0 0 0 0 0 0 0 0 0 0 0 0 1 12 0 0 0 0 0 0 0 0 1 1 1 1 1 0 1 1 3 1 3244 286 3450 71358 97554 2 2 1358 125880 114774 2958 7052 40242 9818 2 2 5580 32130 31398 6664 2073600 2073600 6 12 509908 990720 993600 127504 127227 127636 127541 12 12 12 12 9 4 0 0 0 1920 1080 
[ 8346.944780] MESSAGE_B= 5 0 0 214 3 1 192 0 248 179 0 0 0 0 0 0 0 0 0 0 0 0 0 0 0 0 0 1 12 0 0 0 0 0 0 0 0 1 1 1 1 1 0 1 1 3 1 4518 288 3450 71358 97554 2 2 1358 125880 114774 2958 7052 40242 9818 2 2 5580 32130 31398 6664 2073600 2073600 6 12 509906 994560 993600 127504 127225 127637 127540 12 12 12 12 6 4 0 0 0 1920 1080 
[ 8347.216782] MESSAGE_B= 5 0 0 214 3 1 192 0 248 179 0 0 0 0 0 0 0 0 0 0 0 0 0 0 0 0 0 1 12 0 0 0 0 0 0 0 0 1 1 1 1 1 0 1 1 3 1 3260 274 3450 71358 97554 2 2 1358 125880 114774 2958 7052 40242 9818 2 2 5580 32130 31398 6664 2073600 2073600 6 12 509945 990720 993600 127560 127328 127609 127448 12 12 12 12 5 4 0 0 0 1920 1080 
[ 8347.488897] MESSAGE_B= 5 0 0 214 3 1 192 0 248 179 0 0 0 0 0 0 0 0 0 0 0 0 0 0 0 0 0 1 12 0 0 0 0 0 0 0 0 1 1 1 1 1 0 1 1 3 1 4514 288 3450 71358 97554 2 2 1358 125880 114774 2958 7052 40242 9818 2 2 5580 32130 31398 6664 2073600 2073600 6 12 509945 994560 993600 127560 127328 127609 127448 12 12 12 12 5 4 0 0 0 1920 1080 
[ 8347.769797] MESSAGE_B= 5 0 0 214 3 1 192 0 248 179 0 0 0 0 0 0 0 0 0 0 0 0 0 0 0 0 0 1 12 0 0 0 0 0 0 0 0 1 1 1 1 1 0 1 1 3 1 3260 274 3450 71358 97554 2 2 1358 125880 114774 2958 7052 40242 9818 2 2 5580 32130 31398 6664 2073600 2073600 6 12 509906 990720 993600 127505 127225 127636 127540 12 12 12 12 5 4 0 0 0 1920 1080 
[ 8348.045782] MESSAGE_B= 5 0 0 213 3 1 192 0 248 179 0 0 0 0 0 0 0 0 0 0 0 0 0 0 0 0 0 1 12 0 0 0 0 0 0 0 0 1 1 1 1 1 0 1 1 3 1 4518 288 3450 71358 97554 2 2 1358 125880 114774 2958 7052 40242 9818 2 2 5580 32130 31398 6664 2073600 2073600 6 12 510063 994560 993600 127569 127266 127675 127553 12 12 12 12 37 4 0 0 0 1920 1080 
[ 8348.317788] MESSAGE_B= 5 7 0 213 2 1 192 0 248 179 0 0 0 0 0 0 0 0 0 0 0 0 0 0 0 0 0 1 12 0 0 0 0 0 0 0 0 1 1 1 1 1 1 1 1 2 1 3282 272 3450 71358 97554 2 2 1358 125880 114774 2958 7052 40242 9818 2 2 5580 32130 31398 6664 2073600 2073600 6 12 510732 990720 993600 127794 127495 127838 127605 12 12 12 12 60 4 0 0 0 1920 1080 
[ 8348.588777] MESSAGE_B= 5 7 0 214 3 1 192 0 248 179 0 0 0 0 0 0 0 0 0 0 0 0 0 0 0 0 0 1 12 0 0 0 0 0 0 0 0 1 1 1 1 1 1 1 1 3 1 4328 272 3450 71358 97554 2 2 1358 125880 114774 2958 7052 40242 9818 2 2 5580 32130 31398 6664 2073600 2073600 6 12 512415 994560 993600 128104 128104 128104 128103 12 12 12 12 60 4 0 0 0 1920 1080 
[ 8348.867376] MESSAGE_B= 5 7 0 214 0 1 192 0 248 179 0 0 0 0 0 0 0 0 0 0 0 0 0 0 0 0 0 1 12 0 0 0 0 0 0 0 0 1 1 1 1 1 1 1 1 0 1 3094 178 2782 80166 124134 3674 3372 3558 125854 116388 2848 6610 31006 14618 7060 6838 6080 33922 31884 6666 2073600 2073600 6 12 512416 990720 993600 128104 128104 128104 128104 12 12 12 12 38 4 0 0 0 1920 1080 
[ 8349.138964] MESSAGE_B= 4 7 0 214 0 1 192 0 248 179 0 0 0 0 0 0 0 0 0 0 0 0 0 0 0 0 0 1 12 0 0 0 0 0 0 0 0 1 1 1 1 1 1 1 1 0 1 0 90 2782 80166 124134 3674 3372 3558 125854 116388 2848 6610 31006 14618 7060 6838 6080 33922 31884 6666 2073600 2073600 4 12 512416 994560 993600 128104 128104 128104 128104 12 12 12 12 31 4 0 0 0 1920 1080 
[ 8349.414793] MESSAGE_B= 4 7 0 214 0 1 192 0 248 179 0 0 0 0 0 0 0 0 0 0 0 0 0 0 0 0 0 1 12 0 0 0 0 0 0 0 0 1 1 1 1 1 1 1 1 0 1 0 0 2782 80166 124134 3674 3372 3558 125854 116388 2848 6610 31006 14618 7060 6838 6080 33922 31884 6666 2073600 2073600 4 12 512416 990720 993600 128104 128104 128104 128104 12 12 12 12 0 4 0 0 0 1920 1080 
[ 8349.695785] MESSAGE_B= 4 7 0 214 0 1 192 0 248 179 0 0 0 0 0 0 0 0 0 0 0 0 0 0 0 0 0 1 12 0 0 0 0 0 0 0 0 1 1 1 1 1 1 1 1 0 1 0 0 2782 80166 124134 3674 3372 3558 125854 116388 2848 6610 31006 14618 7060 6838 6080 33922 31884 6666 2073600 2073600 4 12 512416 994560 993600 128104 128104 128104 128104 12 12 12 12 0 4 0 0 0 1920 1080 
[ 8349.851787] MESSAGE_B= 4 7 0 214 0 1 192 0 248 179 0 0 0 0 0 0 0 0 0 0 0 0 0 0 0 0 0 1 12 0 0 0 0 0 0 0 0 1 1 1 1 1 1 1 1 0 1 0 0 2782 80166 124134 3674 3372 3558 125854 116388 2848 6610 31006 14618 7060 6838 6080 33922 31884 6666 2073600 2073600 4 12 512416 990720 993600 128104 128104 128104 128104 12 12 12 12 0 4 0 0 0 1920 1080 
[ 8350.141784] MESSAGE_B= 4 7 0 214 11 1 192 0 248 179 0 0 0 0 0 0 0 0 0 0 0 0 0 0 0 0 0 1 12 0 0 0 0 0 0 0 0 1 1 1 1 1 1 1 1 11 1 0 0 2782 80166 124134 3674 3372 3558 125854 116388 2848 6610 31006 14618 7060 6838 6080 33922 31884 6666 2073600 2073600 4 12 512416 994560 993600 128104 128104 128104 128104 12 12 12 12 21 4 0 0 0 1920 1080 
[ 8350.419760] MESSAGE_B= 5 7 0 215 7 1 192 0 248 179 0 0 0 0 0 0 0 0 0 0 0 0 0 0 0 0 0 1 12 0 0 0 0 0 0 0 0 1 1 1 1 1 1 1 1 7 1 2270 0 2782 80166 124134 3674 3372 3558 125854 116388 2848 6610 31006 14618 7060 6838 6080 33922 31884 6666 2073600 2073600 6 12 511665 990720 993600 127916 127942 127957 127850 12 12 12 12 29 4 0 0 0 1920 1080 
[ 8350.696781] MESSAGE_B= 0 0 0 215 8 1 192 0 248 179 0 0 0 0 0 0 0 0 0 0 0 0 0 0 0 0 0 1 12 0 0 0 0 0 0 0 0 0 0 0 0 1 0 0 1 8 1 1204 11072 2782 80166 124134 3674 3372 3558 125854 116388 2848 6610 31006 14618 7060 6838 6080 33922 31884 6666 2073600 2073600 2 12 509931 994560 993600 127485 127533 127668 127245 12 12 12 12 53 4 0 0 0 1920 1080 
[ 8350.977341] MESSAGE_B= 0 0 0 215 7 1 192 0 248 179 0 0 0 0 0 0 0 0 0 0 0 0 0 0 0 0 0 1 12 0 0 0 0 0 0 0 0 0 0 0 0 1 0 0 1 7 1 5620 15104 2782 80166 124134 3674 3372 3558 125854 116388 2848 6610 31006 14618 7060 6838 6080 33922 31884 6666 2073600 2073600 2 12 509224 990720 993600 127272 127352 127524 127076 12 12 12 12 57 4 0 0 0 1920 1080 
[ 8351.248787] MESSAGE_B= 0 0 0 215 6 1 192 0 248 179 0 0 0 0 0 0 0 0 0 0 0 0 0 0 0 0 0 1 12 0 0 0 0 0 0 0 0 0 0 0 0 1 0 0 1 6 1 1932 17624 1732 84960 122138 2 2 2 128194 120226 1618 4334 37594 5430 2 2 2 38744 33768 3962 2073600 2073600 2 12 508940 994560 993600 127163 127320 127469 126988 12 12 12 12 57 4 0 0 0 1920 1080 
[ 8351.518792] MESSAGE_B= 0 0 0 215 6 1 192 0 248 179 0 0 0 0 0 0 0 0 0 0 0 0 0 0 0 0 0 1 12 0 0 0 0 0 0 0 0 0 0 0 0 1 0 0 1 6 1 6200 18246 1732 84960 122138 2 2 2 128194 120226 1618 4334 37594 5430 2 2 2 38744 33768 3962 2073600 2073600 2 12 508911 990720 993600 127160 127318 127463 126970 12 12 12 12 35 4 0 0 0 1920 1080 
[ 8351.794519] MESSAGE_B= 0 0 0 215 6 1 192 0 248 179 0 0 0 0 0 0 0 0 0 0 0 0 0 0 0 0 0 1 12 0 0 0 0 0 0 0 0 0 0 0 0 1 0 0 1 6 1 2108 18962 1732 84960 122138 2 2 2 128194 120226 1618 4334 37594 5430 2 2 2 38744 33768 3962 2073600 2073600 2 12 508905 994560 993600 127156 127318 127463 126968 12 12 12 12 12 4 0 0 0 1920 1080 
[ 8352.065785] MESSAGE_B= 0 0 0 215 6 1 192 0 248 179 0 0 0 0 0 0 0 0 0 0 0 0 0 0 0 0 0 1 12 0 0 0 0 0 0 0 0 0 0 0 0 1 0 0 1 6 1 6274 18484 1732 84960 122138 2 2 2 128194 120226 1618 4334 37594 5430 2 2 2 38744 33768 3962 2073600 2073600 2 12 508883 990720 993600 127174 127278 127462 126969 12 12 12 12 6 4 0 0 0 1920 1080 
[ 8352.335941] MESSAGE_B= 0 0 0 215 6 1 192 0 248 179 0 0 0 0 0 0 0 0 0 0 0 0 0 0 0 0 0 1 12 0 0 0 0 0 0 0 0 0 0 0 0 1 0 0 1 6 1 2046 19026 1732 84960 122138 2 2 2 128194 120226 1618 4334 37594 5430 2 2 2 38744 33768 3962 2073600 2073600 2 12 508883 994560 993600 127174 127278 127462 126969 12 12 12 12 6 4 0 0 0 1920 1080 
[ 8352.614518] MESSAGE_B= 0 0 0 215 6 1 192 0 248 179 0 0 0 0 0 0 0 0 0 0 0 0 0 0 0 0 0 1 12 0 0 0 0 0 0 0 0 0 0 0 0 1 0 0 1 6 1 6282 18494 1732 84960 122138 2 2 2 128194 120226 1618 4334 37594 5430 2 2 2 38744 33768 3962 2073600 2073600 2 12 508905 990720 993600 127158 127318 127463 126966 12 12 12 12 6 4 0 0 0 1920 1080 
[ 8352.886792] MESSAGE_B= 0 0 0 215 6 1 192 0 248 179 0 0 0 0 0 0 0 0 0 0 0 0 0 0 0 0 0 1 12 0 0 0 0 0 0 0 0 0 0 0 0 1 0 0 1 6 1 2050 19028 1732 84960 122138 2 2 2 128194 120226 1618 4334 37594 5430 2 2 2 38744 33768 3962 2073600 2073600 2 12 508960 994560 993600 127173 127325 127478 126984 12 12 12 12 6 4 0 0 0 1920 1080 
[ 8353.163043] MESSAGE_B= 0 0 0 215 6 1 192 0 248 179 0 0 0 0 0 0 0 0 0 0 0 0 0 0 0 0 0 1 12 0 0 0 0 0 0 0 0 0 0 0 0 1 0 0 1 6 1 6286 18494 1732 84960 122138 2 2 2 128194 120226 1618 4334 37594 5430 2 2 2 38744 33768 3962 2073600 2073600 2 12 509561 990720 993600 127359 127445 127595 127162 12 12 12 12 70 4 0 0 0 1920 1080 
[ 8353.435034] MESSAGE_B= 0 7 0 215 7 1 192 0 248 179 0 0 0 0 0 0 0 0 0 0 0 0 0 0 0 0 0 1 12 0 0 0 0 0 0 0 0 1 1 1 1 1 1 1 1 7 1 1960 18846 1732 84960 122138 2 2 2 128194 120226 1618 4334 37594 5430 2 2 2 38744 33768 3962 2073600 2073600 2 12 511903 994560 993600 127946 127998 127998 127961 12 12 12 12 70 4 0 0 0 1920 1080 
[ 8353.706790] MESSAGE_B= 0 7 0 215 7 2 192 0 248 179 0 0 0 0 0 0 0 0 0 0 0 0 0 0 0 0 0 1 12 0 0 0 0 0 0 0 0 1 1 1 1 1 1 1 1 7 2 5464 17306 1644 93202 114346 1604 1644 1638 133908 125660 1442 3288 26898 2622 4510 4284 4660 36636 26912 4026 2073600 2073600 2 12 512416 990720 993600 128104 128104 128104 128104 12 12 12 12 70 4 0 0 0 1920 1080 
[ 8353.857784] MESSAGE_B= 4 7 0 215 7 2 192 0 248 179 0 0 0 0 0 0 0 0 0 0 0 0 0 0 0 0 0 1 12 0 0 0 0 0 0 0 0 1 1 1 1 1 1 1 1 7 2 752 13650 1644 93202 114346 1604 1644 1638 133908 125660 1442 3288 26898 2622 4510 4284 4660 36636 26912 4026 2073600 2073600 4 12 512416 994560 993600 128104 128104 128104 128104 12 12 12 12 70 4 0 0 0 1920 1080 
[ 8354.137296] MESSAGE_B= 4 7 0 216 4 1 192 0 248 179 0 0 0 0 0 0 0 0 0 0 0 0 0 0 0 0 0 1 12 0 0 0 0 0 0 0 0 1 1 1 1 1 1 1 1 4 1 0 178 1644 93202 114346 1604 1644 1638 133908 125660 1442 3288 26898 2622 4510 4284 4660 36636 26912 4026 2073600 2073600 4 12 512416 990720 993600 128104 128104 128104 128104 12 12 12 12 16 4 0 0 0 1920 1080 
[ 8354.408828] MESSAGE_B= 4 7 0 216 5 1 192 0 248 179 0 0 0 0 0 0 0 0 0 0 0 0 0 0 0 0 0 1 12 0 0 0 0 0 0 0 0 1 1 1 1 1 1 1 1 5 1 0 0 1644 93202 114346 1604 1644 1638 133908 125660 1442 3288 26898 2622 4510 4284 4660 36636 26912 4026 2073600 2073600 4 12 512416 994560 993600 128104 128104 128104 128104 12 12 12 12 0 4 0 0 0 1920 1080 
[ 8354.680785] MESSAGE_B= 4 7 0 216 5 1 192 0 248 179 0 0 0 0 0 0 0 0 0 0 0 0 0 0 0 0 0 1 12 0 0 0 0 0 0 0 0 1 1 1 1 1 1 1 1 5 1 0 0 1644 93202 114346 1604 1644 1638 133908 125660 1442 3288 26898 2622 4510 4284 4660 36636 26912 4026 2073600 2073600 4 12 512416 990720 993600 128104 128104 128104 128104 12 12 12 12 0 4 0 0 0 1920 1080 
[ 8354.953786] MESSAGE_B= 4 7 0 216 5 2 192 0 248 179 0 0 0 0 0 0 0 0 0 0 0 0 0 0 0 0 0 1 12 0 0 0 0 0 0 0 0 1 1 1 1 1 1 1 1 5 2 0 0 1644 93202 114346 1604 1644 1638 133908 125660 1442 3288 26898 2622 4510 4284 4660 36636 26912 4026 2073600 2073600 4 12 512416 994560 993600 128104 128104 128104 128104 12 12 12 12 0 4 0 0 0 1920 1080 
[ 8355.224778] MESSAGE_B= 4 7 0 216 5 1 192 0 248 179 0 0 0 0 0 0 0 0 0 0 0 0 0 0 0 0 0 1 12 0 0 0 0 0 0 0 0 1 1 1 1 1 1 1 1 5 1 0 0 1644 93202 114346 1604 1644 1638 133908 125660 1442 3288 26898 2622 4510 4284 4660 36636 26912 4026 2073600 2073600 4 12 512416 990720 993600 128104 128104 128104 128104 12 12 12 12 28 4 0 0 0 1920 1080 
[ 8355.495780] MESSAGE_B= 5 7 0 215 3 1 192 0 248 179 0 0 0 0 0 0 0 0 0 0 0 0 0 0 0 0 0 1 12 0 0 0 0 0 0 0 0 1 1 1 1 1 1 1 1 3 1 1796 0 1644 93202 114346 1604 1644 1638 133908 125660 1442 3288 26898 2622 4510 4284 4660 36636 26912 4026 2073600 2073600 6 12 512151 994560 993600 127935 128104 128008 128104 12 12 12 12 28 4 0 0 0 1920 1080 
[ 8355.780783] MESSAGE_B= 0 0 0 215 3 1 192 0 248 179 0 0 0 0 0 0 0 0 0 0 0 0 0 0 0 0 0 1 12 0 0 0 0 0 0 0 0 1 0 1 0 1 0 1 1 3 1 3754 1826 1644 93202 114346 1604 1644 1638 133908 125660 1442 3288 26898 2622 4510 4284 4660 36636 26912 4026 2073600 2073600 2 12 510754 990720 993600 127423 127890 127527 127914 12 12 12 12 27 4 0 0 0 1920 1080 
[ 8356.064206] MESSAGE_B= 0 0 0 215 3 1 192 0 248 179 0 0 0 0 0 0 0 0 0 0 0 0 0 0 0 0 0 1 12 0 0 0 0 0 0 0 0 1 0 1 0 1 0 1 1 3 1 4320 1402 2332 91466 123334 2 2 2 131112 123362 2030 7412 35072 2402 2 2 2 38634 27776 6300 2073600 2073600 2 12 510378 994560 993600 127337 127697 127510 127834 12 12 12 12 27 4 0 0 0 1920 1080 
[ 8356.335785] MESSAGE_B= 0 0 0 215 3 1 192 0 248 179 0 0 0 0 0 0 0 0 0 0 0 0 0 0 0 0 0 1 12 0 0 0 0 0 0 0 0 1 0 1 0 1 0 1 1 3 1 3574 2222 2332 91466 123334 2 2 2 131112 123362 2030 7412 35072 2402 2 2 2 38634 27776 6300 2073600 2073600 2 12 510326 990720 993600 127326 127679 127505 127816 12 12 12 12 23 4 0 0 0 1920 1080 
[ 8356.615714] MESSAGE_B= 0 0 0 215 3 1 192 0 248 179 0 0 0 0 0 0 0 0 0 0 0 0 0 0 0 0 0 1 12 0 0 0 0 0 0 0 0 1 0 1 0 1 0 1 1 3 1 4352 1550 2332 91466 123334 2 2 2 131112 123362 2030 7412 35072 2402 2 2 2 38634 27776 6300 2073600 2073600 2 12 510354 994560 993600 127375 127720 127473 127786 12 12 12 12 8 4 0 0 0 1920 1080 
[ 8356.894907] MESSAGE_B= 0 0 0 215 3 1 192 0 248 179 0 0 0 0 0 0 0 0 0 0 0 0 0 0 0 0 0 1 12 0 0 0 0 0 0 0 0 1 0 1 0 1 0 1 1 3 1 3722 2276 2332 91466 123334 2 2 2 131112 123362 2030 7412 35072 2402 2 2 2 38634 27776 6300 2073600 2073600 2 12 510351 990720 993600 127374 127719 127473 127785 12 12 12 12 6 4 0 0 0 1920 1080 
[ 8357.043817] MESSAGE_B= 0 0 0 215 3 1 192 0 248 179 0 0 0 0 0 0 0 0 0 0 0 0 0 0 0 0 0 1 12 0 0 0 0 0 0 0 0 1 0 1 0 1 0 1 1 3 1 4376 1554 2332 91466 123334 2 2 2 131112 123362 2030 7412 35072 2402 2 2 2 38634 27776 6300 2073600 2073600 2 12 510326 994560 993600 127326 127683 127504 127813 12 12 12 12 6 4 0 0 0 1920 1080 
[ 8357.318785] MESSAGE_B= 0 0 0 215 3 1 192 0 248 179 0 0 0 0 0 0 0 0 0 0 0 0 0 0 0 0 0 1 12 0 0 0 0 0 0 0 0 1 0 1 0 1 0 1 1 3 1 3732 2280 2332 91466 123334 2 2 2 131112 123362 2030 7412 35072 2402 2 2 2 38634 27776 6300 2073600 2073600 2 12 510353 990720 993600 127374 127720 127474 127785 12 12 12 12 5 4 0 0 0 1920 1080 
[ 8357.592783] MESSAGE_B= 0 0 0 215 3 1 192 0 248 179 0 0 0 0 0 0 0 0 0 0 0 0 0 0 0 0 0 1 12 0 0 0 0 0 0 0 0 1 0 1 0 1 0 1 1 3 1 4390 1558 2332 91466 123334 2 2 2 131112 123362 2030 7412 35072 2402 2 2 2 38634 27776 6300 2073600 2073600 2 12 510353 994560 993600 127374 127720 127474 127785 12 12 12 12 5 4 0 0 0 1920 1080 
[ 8357.862779] MESSAGE_B= 0 0 0 215 3 1 192 0 248 179 0 0 0 0 0 0 0 0 0 0 0 0 0 0 0 0 0 1 12 0 0 0 0 0 0 0 0 1 0 1 0 1 0 1 1 3 1 3732 2280 2332 91466 123334 2 2 2 131112 123362 2030 7412 35072 2402 2 2 2 38634 27776 6300 2073600 2073600 2 12 510356 990720 993600 127375 127720 127473 127788 12 12 12 12 5 4 0 0 0 1920 1080 
[ 8358.133790] MESSAGE_B= 0 0 0 215 3 1 192 0 248 179 0 0 0 0 0 0 0 0 0 0 0 0 0 0 0 0 0 1 12 0 0 0 0 0 0 0 0 1 0 1 0 1 0 1 1 3 1 4356 1558 2332 91466 123334 2 2 2 131112 123362 2030 7412 35072 2402 2 2 2 38634 27776 6300 2073600 2073600 2 12 510605 994560 993600 127389 127781 127542 127893 12 12 12 12 19 4 0 0 0 1920 1080 
[ 8358.414801] MESSAGE_B= 0 7 0 215 3 1 192 0 248 179 0 0 0 0 0 0 0 0 0 0 0 0 0 0 0 0 0 1 12 0 0 0 0 0 0 0 0 1 1 1 1 1 1 1 1 3 1 3512 2260 2348 91118 125238 2422 2418 2716 132788 125588 2590 5650 31154 12758 7190 7138 7080 35290 26552 7000 2073600 2073600 2 12 512267 990720 993600 128015 128104 128044 128104 12 12 12 12 26 4 0 0 0 1920 1080 
[ 8358.694784] MESSAGE_B= 0 7 0 215 2 1 192 0 248 179 0 0 0 0 0 0 0 0 0 0 0 0 0 0 0 0 0 1 12 0 0 0 0 0 0 0 0 1 1 1 1 1 1 1 1 2 1 3776 1454 2348 91118 125238 2422 2418 2716 132788 125588 2590 5650 31154 12758 7190 7138 7080 35290 26552 7000 2073600 2073600 2 12 512416 994560 993600 128104 128104 128104 128104 12 12 12 12 33 4 0 0 0 1920 1080 
[ 8358.968791] MESSAGE_B= 4 7 0 216 4 1 192 0 248 179 0 0 0 0 0 0 0 0 0 0 0 0 0 0 0 0 0 1 12 0 0 0 0 0 0 0 0 1 1 1 1 1 1 1 1 4 1 682 1824 2348 91118 125238 2422 2418 2716 132788 125588 2590 5650 31154 12758 7190 7138 7080 35290 26552 7000 2073600 2073600 4 12 512416 990720 993600 128104 128104 128104 128104 12 12 12 12 33 4 0 0 0 1920 1080 
[ 8359.247786] MESSAGE_B= 4 7 0 216 4 1 192 0 248 179 0 0 0 0 0 0 0 0 0 0 0 0 0 0 0 0 0 1 12 0 0 0 0 0 0 0 0 1 1 1 1 1 1 1 1 4 1 0 0 2348 91118 125238 2422 2418 2716 132788 125588 2590 5650 31154 12758 7190 7138 7080 35290 26552 7000 2073600 2073600 4 12 512416 994560 993600 128104 128104 128104 128104 12 12 12 12 0 4 0 0 0 1920 1080 
[ 8359.518813] MESSAGE_B= 4 0 0 62 1 1 192 0 248 179 0 16 809 16 1774 411 717 908 1231 0 539 0 987 516 803 1120 1084 0 0 0 213 247 208 0 4 57 83 2 0 2 2 1 0 2 2 1 1 0 0 2348 91118 125238 2422 2418 2716 132788 125588 2590 5650 31154 12758 7190 7138 7080 35290 26552 7000 2073600 2073600 4 0 271352 990720 993600 72040 58050 74592 66670 0 0 0 0 4 0 0 0 0 1920 1080 
[ 8359.794798] MESSAGE_B= 0 0 0 62 1 1 192 0 248 179 0 1062 0 865 0 815 0 1168 0 80 0 127 0 35 0 100 0 0 1 4 0 115 0 45 56 140 0 2 1 0 1 2 2 2 1 1 1 519364 559750 2348 91118 125238 2422 2418 2716 132788 125588 2590 5650 31154 12758 7190 7138 7080 35290 26552 7000 2073600 2073600 1 1 266450 994560 993600 69428 64212 60513 72297 1 1 1 1 5 0 0 0 0 1920 1080 
[ 8360.067809] MESSAGE_B= 0 0 0 62 1 1 192 0 248 179 0 1083 0 858 0 813 0 1167 0 83 0 133 0 38 0 98 0 0 1 20 0 117 0 56 21 235 0 2 1 0 1 2 2 2 1 1 1 453106 522128 2348 91118 125238 2422 2418 2716 132788 125588 2590 5650 31154 12758 7190 7138 7080 35290 26552 7000 2073600 2073600 1 1 266979 990720 993600 68784 64178 61560 72457 1 1 1 1 5 0 0 0 0 1920 1080 
[ 8360.343783] MESSAGE_B= 0 0 0 62 1 1 192 0 248 179 0 1061 0 858 0 811 0 1166 0 99 0 134 0 36 0 104 0 0 1 20 0 132 0 49 8 216 0 2 1 0 1 2 2 2 1 1 1 519812 558168 2348 91118 125238 2422 2418 2716 132788 125588 2590 5650 31154 12758 7190 7138 7080 35290 26552 7000 2073600 2073600 1 1 267289 994560 993600 68858 64234 61640 72557 1 1 1 1 6 0 0 0 0 1920 1080 
[ 8360.616810] MESSAGE_B= 0 0 0 62 1 1 192 0 248 179 0 1059 0 783 0 812 0 1101 0 69 0 145 0 35 0 110 0 0 1 97 0 67 0 52 47 185 0 2 1 0 1 2 2 2 1 1 1 451162 524316 2348 91118 125238 2422 2418 2716 132788 125588 2590 5650 31154 12758 7190 7138 7080 35290 26552 7000 2073600 2073600 1 1 267318 990720 993600 67419 64712 62135 73052 1 1 1 1 11 0 0 0 0 1920 1080 
[ 8360.890794] MESSAGE_B= 0 0 0 62 1 1 192 0 248 179 0 1025 0 780 0 814 0 1046 0 79 0 249 0 41 0 98 0 0 1 38 0 96 0 83 207 54 0 2 1 0 1 2 2 2 1 1 1 520434 552122 327064 93154 123946 2 2 383074 230102 388108 394746 803336 28544 4158 2 809904 826468 201562 776512 798610 2073600 2073600 1 1 266294 994560 993600 65762 66735 60648 73149 1 1 1 1 12 0 0 0 0 1920 1080 
[ 8361.170812] MESSAGE_B= 0 0 0 62 1 1 192 0 248 179 0 1021 0 809 0 815 0 1005 0 67 0 352 0 25 0 109 0 0 1 98 0 97 0 34 6 118 0 2 1 2 1 2 2 2 1 1 1 431408 531848 327064 93154 123946 2 2 383074 230102 388108 394746 803336 28544 4158 2 809904 826468 201562 776512 798610 2073600 2073600 1 1 266405 990720 993600 65478 68592 59657 72678 1 1 1 1 12 0 0 0 0 1920 1080 
[ 8361.326783] MESSAGE_B= 0 0 0 62 1 1 192 0 248 179 0 1040 0 802 0 815 0 993 0 86 0 348 0 33 0 116 0 0 1 40 0 96 0 118 73 99 0 2 1 2 1 2 2 2 1 1 1 512512 547390 327064 93154 123946 2 2 383074 230102 388108 394746 803336 28544 4158 2 809904 826468 201562 776512 798610 2073600 2073600 1 1 268476 994560 993600 67112 69897 58795 72672 1 1 1 1 11 0 0 0 0 1920 1080 
[ 8361.608123] MESSAGE_B= 0 0 0 62 1 1 192 0 248 179 0 1028 0 807 0 821 0 992 0 88 0 483 0 37 0 126 0 0 1 65 0 139 0 147 3 0 0 2 1 2 1 2 2 2 1 1 1 431746 552540 327064 93154 123946 2 2 383074 230102 388108 394746 803336 28544 4158 2 809904 826468 201562 776512 798610 2073600 2073600 1 1 272893 990720 993600 68893 71789 58734 73477 1 1 1 1 14 0 0 0 0 1920 1080 
[ 8361.884108] MESSAGE_B= 0 0 0 62 1 1 192 0 248 179 0 1024 0 857 0 834 0 998 0 102 0 452 0 42 0 115 0 0 1 30 0 125 0 14 137 63 0 2 1 2 1 2 2 2 1 1 1 528920 584604 327064 93154 123946 2 2 383074 230102 388108 394746 803336 28544 4158 2 809904 826468 201562 776512 798610 2073600 2073600 1 1 272263 994560 993600 67608 74649 55971 74035 1 1 1 1 17 0 0 0 0 1920 1080 
[ 8362.158789] MESSAGE_B= 0 0 0 62 0 1 192 0 248 179 0 996 0 1061 0 852 0 999 0 99 0 497 0 65 0 120 0 0 1 111 0 89 0 11 85 122 0 2 1 2 1 2 2 2 1 0 1 451722 565362 327064 93154 123946 2 2 383074 230102 388108 394746 803336 28544 4158 2 809904 826468 201562 776512 798610 2073600 2073600 3 1 272295 990720 993600 64639 78587 53998 76649 1 1 12 1 17 0 0 0 0 1920 1080 
[ 8362.443476] MESSAGE_B= 0 0 0 62 0 1 192 0 248 179 0 881 0 980 0 859 0 1043 0 83 0 299 0 57 0 129 0 0 1 8 0 55 0 28 84 156 0 2 1 0 1 2 2 2 1 0 1 543394 612434 327064 93154 123946 2 2 383074 230102 388108 394746 803336 28544 4158 2 809904 826468 201562 776512 798610 2073600 2073600 3 1 271217 994560 993600 62090 82560 56719 79937 1 1 12 1 28 0 0 0 0 1920 1080 
[ 8362.718790] MESSAGE_B= 0 0 0 62 1 2 192 0 248 179 0 904 0 1033 0 840 0 1124 0 75 0 460 0 52 0 137 0 0 1 44 0 25 0 33 12 255 0 2 1 2 1 2 2 2 1 1 2 468398 591176 327064 93154 123946 2 2 383074 230102 388108 394746 803336 28544 4158 2 809904 826468 201562 776512 798610 2073600 2073600 3 1 268778 990720 993600 60247 87575 57195 83021 12 1 12 1 31 0 0 0 0 1920 1080 
[ 8363.003630] MESSAGE_B= 0 0 0 62 0 2 192 0 248 179 0 1004 1493 2196 2382 1166 1363 1754 1702 177 503 207 104 618 599 366 165 0 12 204 143 240 161 174 76 128 255 0 2 0 0 2 2 2 2 0 2 613898 610906 327064 93154 123946 2 2 383074 230102 388108 394746 803336 28544 4158 2 809904 826468 201562 776512 798610 2073600 2073600 3 1 257703 994560 993600 63881 90973 54885 81946 12 1 12 1 41 4 0 0 0 1920 1080 
[ 8363.287791] MESSAGE_B= 0 0 0 62 1 1 192 0 248 179 0 904 1778 2196 822 1193 1390 1572 1017 247 512 190 64 719 577 226 446 0 12 161 179 204 12 156 67 162 11 0 0 0 2 2 2 2 2 1 1 425088 578756 392736 177150 94118 342382 478470 440920 173396 464510 414206 795944 969078 851914 855068 832604 876666 323978 761954 946178 2073600 2073600 1 12 249428 990720 993600 69079 61613 56128 69195 12 1 12 12 68 4 0 0 0 1920 1080 
[ 8363.565797] MESSAGE_B= 0 0 0 63 0 1 192 0 248 179 0 1036 0 593 0 1299 1293 730 2888 405 0 9 0 673 94 122 428 0 12 2 0 127 20 177 134 60 0 2 1 2 2 2 2 2 1 0 1 447808 661184 392736 177150 94118 342382 478470 440920 173396 464510 414206 795944 969078 851914 855068 832604 876666 323978 761954 946178 2073600 2073600 3 12 364391 994560 993600 74756 115236 57549 116850 12 12 12 12 68 0 0 0 0 1920 1080 
[ 8363.727826] MESSAGE_B= 0 0 0 63 1 3 192 0 248 179 0 0 0 0 0 0 1117 0 2928 0 0 0 0 0 126 0 450 0 12 0 0 0 11 149 72 0 0 1 1 1 2 2 2 1 1 1 3 356152 602912 392736 177150 94118 342382 478470 440920 173396 464510 414206 795944 969078 851914 855068 832604 876666 323978 761954 946178 2073600 2073600 3 12 422268 990720 993600 93666 128104 73290 127208 12 12 12 12 68 0 0 0 0 1920 1080 
