[ 6081.194794] MESSAGE_B= 5 5 0 36 0 113 192 0 248 179 0 2491 2366 2271 2282 2494 2368 2268 2279 333 392 454 397 332 396 453 393 0 31 240 231 241 230 255 255 255 255 0 0 0 0 0 0 0 0 0 113 245684 15536 2 127990 119102 100100 99006 8086 17366 32474 2 2 172500 211478 145338 157602 2 6910 3768 2 2073600 2073600 6 4 236833 990720 993600 56590 61787 56341 62115 4 4 4 4 53 5 5 5 5 1920 1080 
[ 6081.474178] MESSAGE_B= 5 5 5 35 0 79 192 0 248 179 0 3052 2908 2793 2807 3056 2911 2791 2801 406 477 549 480 404 477 545 481 0 31 239 230 239 231 255 255 255 255 0 0 0 0 0 0 0 0 0 79 236156 28400 2 127990 119102 100100 99006 8086 17366 32474 2 2 172500 211478 145338 157602 2 6910 3768 2 2073600 2073600 6 4 242462 994560 993600 57837 63357 57805 63463 4 4 4 4 53 5 5 5 5 1920 1080 
[ 6081.751788] MESSAGE_B= 0 5 5 35 0 71 192 0 248 179 0 3051 2917 2798 2810 3054 2918 2796 2802 410 480 550 485 411 480 545 488 0 31 240 229 240 229 255 255 255 255 0 0 0 0 0 0 0 0 0 71 254522 4210 2 127990 119102 100100 99006 8086 17366 32474 2 2 172500 211478 145338 157602 2 6910 3768 2 2073600 2073600 3 4 242090 990720 993600 57811 63284 57647 63348 4 4 4 4 49 5 5 5 5 1920 1080 
[ 6082.030796] MESSAGE_B= 5 5 5 36 0 67 192 0 248 179 0 3053 2927 2808 2809 3056 2929 2797 2804 408 472 537 492 405 477 538 488 0 31 241 225 242 226 255 255 255 255 0 0 0 0 0 0 0 0 0 67 239420 4310 2 127990 119102 100100 99006 8086 17366 32474 2 2 172500 211478 145338 157602 2 6910 3768 2 2073600 2073600 7 4 241693 994560 993600 57611 63107 57472 63503 4 4 4 4 18 5 5 5 5 1920 1080 
[ 6082.305796] MESSAGE_B= 5 5 5 36 0 69 192 0 248 179 0 3050 2931 2819 2814 3056 2932 2810 2809 411 478 522 488 413 475 524 487 0 31 242 224 243 224 255 255 255 255 0 0 0 0 0 0 0 0 0 69 257292 4996 2 127990 119102 100100 99006 8086 17366 32474 2 2 172500 211478 145338 157602 2 6910 3768 2 2073600 2073600 7 4 241020 990720 993600 57576 62722 57676 63046 4 4 4 4 15 5 5 5 5 1920 1080 
[ 6082.580789] MESSAGE_B= 5 5 5 36 0 65 192 0 248 179 0 3044 2930 2835 2813 3048 2932 2833 2809 410 472 499 491 412 477 495 486 0 31 243 227 242 226 255 255 255 255 0 0 0 0 0 0 0 0 0 65 239752 4540 2 127990 119102 100100 99006 8086 17366 32474 2 2 172500 211478 145338 157602 2 6910 3768 2 2073600 2073600 7 4 240248 994560 993600 57698 62428 57449 62673 4 4 4 4 15 5 5 5 5 1920 1080 
[ 6082.860794] MESSAGE_B= 5 5 5 35 0 72 192 0 248 179 0 3043 2932 2836 2814 3047 2940 2839 2809 406 470 491 488 408 474 488 486 0 31 245 228 243 227 255 255 255 255 0 0 0 0 0 0 0 0 0 72 256698 5818 3962 8282 3778 4834 7474 11930 6384 10586 4896 387616 38182 265916 385184 375164 478492 143518 380142 421464 2073600 2073600 7 4 240867 990720 993600 57843 62533 57636 62855 4 4 4 4 15 5 5 5 5 1920 1080 
[ 6083.142790] MESSAGE_B= 5 5 5 35 1 68 192 0 248 179 0 3045 2934 2824 2816 3048 2944 2825 2812 407 470 511 489 410 470 506 484 0 31 243 230 240 228 255 255 255 255 0 0 0 0 0 0 0 0 1 68 234384 6120 3962 6472 3778 4834 7474 11930 6384 10586 4896 387616 104700 265916 385184 375164 478492 143518 380142 421464 2073600 2073600 7 4 241838 994560 993600 58101 62915 57648 63174 4 4 4 4 16 5 5 5 5 1920 1080 
[ 6083.419793] MESSAGE_B= 5 5 5 35 1 75 192 0 248 179 0 3042 2930 2820 2816 3046 2940 2817 2811 410 473 521 483 408 468 523 482 0 31 238 230 238 229 255 255 255 255 0 0 0 0 0 0 0 0 1 75 260508 8160 3962 6472 3794 4834 7474 11930 6384 10586 4896 387616 104700 261986 385184 375164 478492 143518 380142 421464 2073600 2073600 7 4 242915 990720 993600 58145 63370 57701 63699 4 4 4 4 17 5 5 5 5 1920 1080 
[ 6083.698800] MESSAGE_B= 5 5 5 35 1 76 192 0 248 179 0 3040 2924 2817 2812 3045 2932 2809 2808 405 467 529 484 406 471 530 478 0 31 233 231 233 230 255 255 255 255 0 0 0 0 0 0 0 0 1 76 235030 5400 3962 6472 3794 4246 7474 11930 6384 10586 4896 387616 104700 261986 397434 375164 478492 143518 380142 421464 2073600 2073600 7 4 242746 994560 993600 58053 63419 57655 63619 4 4 4 4 17 5 5 5 5 1920 1080 
[ 6083.976803] MESSAGE_B= 5 5 5 34 1 83 192 0 248 179 0 3037 2920 2812 2811 3042 2927 2803 2806 406 467 539 480 409 471 541 480 0 31 231 231 231 230 255 255 255 255 0 0 0 0 0 0 0 0 1 83 256388 4198 3962 6472 3794 4246 5104 11930 6384 10586 4896 387616 104700 261986 397434 355722 478492 143518 380142 421464 2073600 2073600 7 4 242510 990720 993600 57888 63457 57447 63718 4 4 4 4 17 5 5 5 5 1920 1080 
[ 6084.132983] MESSAGE_B= 5 5 5 34 0 79 192 0 248 179 0 3040 2921 2811 2811 3044 2928 2803 2806 406 467 547 477 410 471 543 475 0 31 230 231 230 230 255 255 255 255 0 0 0 0 0 0 0 0 0 79 230266 4496 3962 6472 3794 4246 5104 8142 6384 10586 4896 387616 104700 261986 397434 355722 460642 143518 380142 421464 2073600 2073600 7 4 243016 994560 993600 57939 63653 57608 63816 4 4 4 4 17 5 5 5 5 1920 1080 
[ 6084.413788] MESSAGE_B= 5 5 5 34 1 75 192 0 248 179 0 3040 2919 2811 2811 3045 2927 2803 2805 405 471 550 477 409 469 549 479 0 31 227 232 228 231 255 255 255 255 0 0 0 0 0 0 0 0 1 75 252744 4616 3962 6472 3794 4246 5104 8142 4992 10586 4896 387616 104700 261986 397434 355722 460642 120782 380142 421464 2073600 2073600 7 4 243367 990720 993600 58014 63680 57603 64070 4 4 4 4 16 5 5 5 5 1920 1080 
[ 6084.694107] MESSAGE_B= 5 5 5 34 1 71 192 0 248 179 0 3042 2918 2811 2808 3046 2926 2803 2804 407 470 551 475 413 469 551 471 0 31 225 232 225 231 255 255 255 255 0 0 0 0 0 0 0 0 1 71 225274 4530 3962 6472 3794 4246 5104 8142 4992 8934 4896 387616 104700 261986 397434 355722 460642 120782 385884 421464 2073600 2073600 7 4 242956 994560 993600 57801 63590 57561 64004 4 4 4 4 14 5 5 5 5 1920 1080 
[ 6084.978792] MESSAGE_B= 5 5 5 34 0 85 192 0 248 179 0 3040 2915 2812 2806 3045 2922 2804 2802 403 468 550 480 406 470 551 476 0 31 225 233 226 232 255 255 255 255 0 0 0 0 0 0 0 0 0 85 251390 4194 3962 6472 3794 4246 5104 8142 4992 8934 4980 387616 104700 261986 397434 355722 460642 120782 385884 399958 2073600 2073600 7 4 243148 990720 993600 57904 63514 57605 64125 4 4 4 4 11 5 5 5 5 1920 1080 
[ 6085.264782] MESSAGE_B= 5 5 5 34 0 90 192 0 248 179 0 3043 2914 2813 2806 3047 2922 2806 2801 403 470 552 480 404 468 550 476 0 31 226 233 226 232 255 255 255 255 0 0 0 0 0 0 0 0 0 90 222358 4034 3962 6472 3794 4246 5104 8142 4992 8934 4980 387616 104700 261986 397434 355722 460642 120782 385884 399958 2073600 2073600 7 4 242690 994560 993600 57894 63445 57453 63898 4 4 4 4 17 5 5 5 5 1920 1080 
[ 6085.541806] MESSAGE_B= 5 5 5 34 0 96 192 0 248 179 0 3047 2915 2819 2808 3052 2923 2812 2804 402 467 554 485 405 468 549 483 0 31 227 234 226 233 255 255 255 255 0 0 0 0 0 0 0 0 0 96 252184 3592 3962 6472 3794 4246 5104 8142 4992 8934 4980 387616 104700 261986 397434 355722 460642 120782 385884 399958 2073600 2073600 7 4 243764 990720 993600 58227 63660 57819 64058 4 4 4 4 21 5 5 5 5 1920 1080 
[ 6085.820785] MESSAGE_B= 5 5 5 34 0 103 192 0 248 179 0 3052 2914 2824 2808 3055 2921 2815 2804 400 470 553 491 403 473 552 489 0 31 226 236 227 235 255 255 255 255 0 0 0 0 0 0 0 0 0 103 228780 5540 3962 6472 3794 4246 5104 8142 4992 8934 4980 387616 104700 261986 397434 355722 460642 120782 385884 399958 2073600 2073600 7 4 243967 994560 993600 58230 63714 57879 64144 4 4 4 4 23 5 5 5 5 1920 1080 
[ 6085.976809] MESSAGE_B= 5 5 5 35 0 103 192 0 248 179 0 3052 2912 2825 2807 3057 2920 2818 2803 404 474 556 496 402 473 553 491 0 31 227 237 227 235 255 255 255 255 0 0 0 0 0 0 0 0 0 103 262032 4298 3962 6472 3794 4246 5104 8142 4992 8934 4980 387616 104700 261986 397434 355722 460642 120782 385884 399958 2073600 2073600 7 4 242504 990720 993600 58117 63166 57653 63568 4 4 4 4 23 5 5 5 5 1920 1080 
[ 6086.262871] MESSAGE_B= 5 5 5 36 1 89 192 0 248 179 0 3060 2913 2831 2808 3064 2920 2824 2804 402 476 560 500 401 477 558 500 0 31 227 238 229 237 255 255 255 255 0 0 0 0 0 0 0 0 1 89 242398 4580 3962 6472 3794 4246 5104 8142 4992 8934 4980 387616 104700 261986 397434 355722 460642 120782 385884 399958 2073600 2073600 7 4 240978 994560 993600 57668 62870 57256 63184 4 4 4 4 24 5 5 5 5 1920 1080 
[ 6086.539798] MESSAGE_B= 5 5 5 37 1 76 192 0 248 179 0 3066 2915 2839 2811 3070 2924 2831 2806 400 483 566 508 402 480 565 508 0 31 229 238 230 238 255 255 255 255 0 0 0 0 0 0 0 0 1 76 270810 4146 3962 6472 3794 4246 5104 8142 4992 8934 4980 387616 104700 261986 397434 355722 460642 120782 385884 399958 2073600 2073600 7 4 239363 990720 993600 57305 62486 56851 62721 4 4 4 4 24 5 5 5 5 1920 1080 
[ 6086.695796] MESSAGE_B= 5 5 5 38 1 80 192 0 248 179 0 3067 2630 2700 2814 3070 2630 2701 2808 399 645 589 508 400 650 584 508 0 31 222 218 222 216 255 255 255 255 0 0 0 0 0 0 0 0 1 80 270810 4146 3962 6472 3794 4246 5104 8142 4992 8934 4980 387616 104700 261986 397434 355722 460642 120782 385884 399958 2073600 2073600 7 4 227516 990720 993600 53556 60305 53101 60554 4 4 4 4 63 5 5 5 5 1920 1080 
[ 6086.851797] MESSAGE_B= 5 5 5 41 1 35 192 0 248 179 0 3031 2487 2696 2894 3057 2492 2785 2870 383 648 580 480 392 527 587 448 0 31 170 0 102 100 252 246 240 240 0 0 0 0 0 0 0 0 1 35 270810 4146 3962 6472 3794 4246 5104 8142 4992 8934 4980 387616 104700 261986 397434 355722 460642 120782 385884 399958 2073600 2073600 7 4 181378 990720 993600 45830 45808 41017 48723 4 4 4 4 143 5 5 5 5 1920 1080 
[ 6087.022636] MESSAGE_B= 5 5 5 45 1 64 192 0 248 179 0 3070 2695 2691 2929 3092 2646 2823 2864 407 791 628 466 409 720 588 463 0 31 200 139 181 186 253 247 244 248 0 0 0 0 0 0 0 0 1 64 254686 4664 3962 6472 3794 4246 5104 8142 4992 8934 4980 387616 104700 261986 397434 355722 460642 120782 385884 399958 2073600 2073600 7 4 199977 994560 993600 49460 50813 46586 53118 4 4 4 4 143 5 5 5 5 1920 1080 
[ 6087.180900] MESSAGE_B= 5 5 5 45 0 79 192 0 248 179 0 3062 2719 2793 2836 3090 2704 2850 2812 387 710 529 470 386 649 538 470 0 31 227 220 210 231 253 247 245 254 0 0 0 0 0 0 0 0 0 79 254686 4664 3962 6472 3794 4246 5104 8142 4992 8934 4980 387616 104700 261986 397434 355722 460642 120782 385884 399958 2073600 2073600 7 4 221803 994560 993600 53253 57286 51721 59543 4 4 4 4 143 5 5 5 5 1920 1080 
[ 6087.595827] MESSAGE_B= 5 5 5 35 1 72 192 0 248 179 0 3041 2590 2701 2759 3056 2583 2685 2754 392 758 575 478 379 768 566 475 0 31 222 173 230 171 254 255 254 255 0 0 0 0 0 0 0 0 1 72 258796 13556 11316 2566 2562 6234 6054 7972 6384 25738 32226 440914 103478 264662 403748 385814 505678 140576 268420 392812 2073600 2073600 7 4 234507 990720 993600 54121 62847 53675 63864 4 4 4 4 100 5 5 5 5 1920 1080 

