[10489.347805] MESSAGE_B= 0 0 0 204 0 1 192 0 248 179 0 157 321 126 341 16 16 16 16 259 318 203 444 0 0 0 0 0 6 255 213 0 0 0 0 3 3 2 0 0 2 1 1 2 2 0 1 424682 870398 453344 4466 5006 2 2 2 5560 25216 2 790014 986 21298 2 2 2 22272 4228 2 2073600 2073600 3 6 339512 994560 993600 81954 69412 95122 93024 6 6 6 6 67 0 0 0 0 1920 1080 
[10489.627519] MESSAGE_B= 0 4 0 203 0 2 192 0 248 179 0 1639 820 694 818 1780 1617 1248 1639 1006 565 467 598 1031 945 727 956 0 31 243 254 252 255 133 160 155 171 0 0 0 0 0 0 0 0 0 2 563612 744608 453344 4466 5006 2 2 2 5560 25216 2 790014 986 21298 2 2 2 22272 4228 2 2073600 2073600 3 7 170726 990720 993600 42352 81141 67186 48706 6 7 6 6 14 4 4 4 4 1920 1080 
[10489.904792] MESSAGE_B= 0 0 0 203 1 1 192 0 248 179 0 181 337 141 435 16 16 16 16 277 327 209 717 0 0 0 0 0 6 255 183 0 0 0 0 22 236 2 0 0 0 1 1 2 2 1 1 388174 891620 453344 4466 5006 2 2 2 5560 25216 2 790014 986 21298 2 2 2 22272 4228 2 2073600 2073600 1 6 338277 994560 993600 81439 68746 95122 92970 6 6 6 6 14 4 0 0 0 1920 1080 
[10490.179784] MESSAGE_B= 0 0 0 202 1 1 192 0 248 179 0 179 334 139 339 16 16 16 16 273 319 208 418 0 0 0 0 0 6 255 213 0 0 0 0 1 232 2 0 0 0 1 1 2 2 1 1 519888 762870 453344 4466 5006 2 2 2 5560 25216 2 790014 986 21298 2 2 2 22272 4228 2 2073600 2073600 1 6 338096 990720 993600 81450 68607 95121 92918 6 6 6 6 14 4 0 0 0 1920 1080 
[10490.453730] MESSAGE_B= 0 0 0 202 1 1 192 0 248 179 0 181 316 143 298 16 16 16 16 271 314 209 303 0 0 0 0 0 6 255 255 0 0 0 0 40 237 2 0 0 0 1 1 2 2 1 1 360820 904690 453344 4466 5006 2 2 2 5560 25216 2 790014 986 21298 2 2 2 22272 4228 2 2073600 2073600 1 6 339116 994560 993600 82249 68902 95120 92845 6 6 6 6 15 4 0 0 0 1920 1080 
[10490.725792] MESSAGE_B= 0 0 0 202 2 1 192 0 248 179 0 159 314 125 295 16 16 16 16 256 312 195 299 0 0 0 0 0 6 255 254 0 0 0 0 4 244 2 0 0 0 1 1 2 2 2 1 466246 774884 453344 4466 5006 2 2 2 5560 25216 2 790014 986 21298 2 2 2 22272 4228 2 2073600 2073600 2 6 340891 990720 993600 82997 70071 95121 92702 6 6 6 6 20 4 0 0 0 1920 1080 
[10490.997786] MESSAGE_B= 0 0 0 201 2 1 192 0 248 179 0 173 355 137 333 16 16 16 16 263 325 203 312 0 0 0 0 0 6 255 255 0 0 0 0 242 249 2 0 0 0 1 1 2 2 2 1 302782 908230 453344 4466 5006 2 2 2 5560 25216 2 790014 986 21298 2 2 2 22272 4228 2 2073600 2073600 2 6 339663 994560 993600 82124 69644 95121 92774 6 6 6 6 21 4 0 0 0 1920 1080 
[10491.271797] MESSAGE_B= 0 0 0 202 2 2 192 0 248 179 0 184 359 141 338 16 16 16 16 270 320 203 308 0 0 0 0 0 6 255 254 0 0 0 0 171 233 2 0 0 0 1 1 2 2 2 2 370852 743250 453344 4466 5006 2 2 2 5560 25216 2 790014 986 21298 2 2 2 22272 4228 2 2073600 2073600 1 6 338200 990720 993600 81050 68281 95122 93747 6 6 6 6 28 4 0 0 0 1920 1080 
[10491.542790] MESSAGE_B= 0 0 0 203 1 2 192 0 248 179 0 180 363 140 338 16 16 16 16 264 326 201 308 0 0 0 0 0 6 255 255 0 0 0 0 214 255 2 0 0 0 1 1 2 2 1 2 298750 908754 1005860 679770 888566 926644 1021906 374562 490848 364300 979264 447538 238598 749834 791410 752968 541058 656900 440518 533614 2073600 2073600 3 6 337923 994560 993600 81189 68309 95119 93306 6 6 6 6 37 4 0 0 0 1920 1080 
[10491.824780] MESSAGE_B= 0 0 0 201 1 1 192 0 248 179 0 205 369 157 343 16 16 16 16 279 323 210 307 0 0 0 0 0 6 255 255 0 0 0 0 90 0 2 0 0 0 1 1 2 2 1 1 250266 748996 1005860 679770 888566 926644 1021906 374562 490848 364300 979264 447538 238598 749834 791410 752968 541058 656900 440518 533614 2073600 2073600 1 6 336510 990720 993600 80410 68198 95122 92780 6 6 6 6 43 4 0 0 0 1920 1080 
[10491.982764] MESSAGE_B= 0 0 0 205 1 2 192 0 248 179 0 275 374 205 340 16 16 16 16 277 295 208 283 0 0 0 0 0 6 255 253 0 0 0 0 156 89 2 0 0 0 1 2 2 2 1 2 257158 911134 1005860 679770 888566 926644 1021906 374562 490848 364300 979264 447538 238598 749834 791410 752968 541058 656900 440518 533614 2073600 2073600 3 6 313647 994560 993600 69802 57052 95103 92237 6 12 6 6 57 4 0 0 0 1920 1080 
[10492.266129] MESSAGE_B= 0 0 0 217 1 2 192 0 248 179 0 630 635 616 635 0 784 0 768 29 59 79 60 0 0 0 0 0 12 140 246 0 0 0 0 0 0 2 0 1 0 1 1 2 1 1 2 240716 756328 1005860 679770 888566 926644 1021906 374562 490848 364300 979264 447538 238598 749834 791410 752968 541058 656900 440518 533614 2073600 2073600 3 12 258920 990720 993600 90459 102396 93961 89842 12 12 6 6 63 4 0 0 0 1920 1080 
[10492.551802] MESSAGE_B= 0 0 0 237 2 6 192 0 248 179 0 0 576 0 697 669 642 754 640 0 17 0 43 25 64 320 76 0 6 0 85 171 243 0 74 255 0 1 0 2 0 1 2 2 1 2 6 240126 984928 1005860 679770 888566 926644 1021906 374562 490848 364300 979264 447538 238598 749834 791410 752968 541058 656900 440518 533614 2073600 2073600 3 6 262600 994560 993600 81961 79191 66026 76932 6 6 6 12 73 4 0 0 0 1920 1080 
[10492.827798] MESSAGE_B= 0 0 0 253 2 3 192 0 248 179 0 16 16 16 16 16 208 16 241 0 0 0 0 0 193 0 232 0 6 0 0 0 255 0 0 0 0 0 0 0 0 1 1 1 1 2 3 238710 746442 1005860 679770 888566 926644 1021906 374562 490848 364300 979264 447538 238598 749834 791410 752968 541058 656900 440518 533614 2073600 2073600 3 6 368619 990720 993600 95122 95122 90630 87745 6 6 6 6 73 4 0 0 0 1920 1080 
[10493.103792] MESSAGE_B= 0 0 0 255 1 6 192 0 248 179 0 16 16 16 16 16 16 16 16 0 0 0 0 0 0 0 0 0 6 0 0 0 0 0 0 0 0 0 0 0 0 1 1 1 1 1 6 277272 886616 1005860 679770 888566 926644 1021906 374562 490848 364300 979264 447538 238598 749834 791410 752968 541058 656900 440518 533614 2073600 2073600 3 6 380488 994560 993600 95122 95122 95122 95122 6 6 6 6 52 4 0 0 0 1920 1080 
[10493.381785] MESSAGE_B= 0 0 0 255 2 4 192 0 248 179 0 16 16 16 16 16 16 16 16 0 0 0 0 0 0 0 0 0 6 0 0 0 0 0 0 0 0 0 0 0 0 1 1 1 1 2 4 148238 862706 1005860 679770 888566 926644 1021906 374562 490848 364300 979264 447538 238598 749834 791410 752968 541058 656900 440518 533614 2073600 2073600 3 6 380488 990720 993600 95122 95122 95122 95122 6 6 6 6 80 4 0 0 0 1920 1080 
[10493.656789] MESSAGE_B= 0 0 0 242 2 3 192 0 248 179 0 16 16 16 16 16 16 16 16 0 0 0 0 0 0 0 0 0 6 0 0 0 0 0 0 0 0 0 0 0 0 1 1 1 1 2 3 274392 795070 1005860 679770 888566 926644 1021906 374562 490848 364300 979264 447538 238598 749834 791410 752968 541058 656900 440518 533614 2073600 2073600 3 6 380488 994560 993600 95122 95122 95122 95122 6 6 6 6 80 4 0 0 0 1920 1080 
[10493.939962] MESSAGE_B= 0 0 0 248 2 4 192 0 248 179 0 16 16 16 16 16 16 16 16 0 0 0 0 0 0 0 0 0 6 0 0 0 0 0 0 0 0 0 0 0 0 1 1 1 1 2 4 284338 816878 380740 246550 983102 1060780 1341096 164778 292092 188248 518346 375892 163306 319522 348890 386016 25708 224124 300462 336796 2073600 2073600 3 6 380488 990720 993600 95122 95122 95122 95122 6 6 6 6 81 4 0 0 0 1920 1080 
[10494.093063] MESSAGE_B= 0 0 0 252 1 4 192 0 248 179 0 16 16 16 16 16 16 16 16 0 0 0 0 0 0 0 0 0 6 0 0 0 0 0 0 0 0 0 0 0 0 1 1 1 1 1 4 271606 667620 380740 246550 983102 1060780 1341096 164778 292092 188248 518346 375892 163306 319522 348890 386016 25708 224124 300462 336796 2073600 2073600 3 6 380488 994560 993600 95122 95122 95122 95122 6 6 6 6 81 4 0 0 0 1920 1080 
[10494.368792] MESSAGE_B= 0 0 0 207 1 3 192 0 248 179 0 16 16 16 16 16 16 16 16 0 0 0 0 0 0 0 0 0 6 0 0 0 0 0 0 0 0 0 0 0 0 1 1 1 1 1 3 191220 582774 380740 246550 983102 1060780 1341096 164778 292092 188248 518346 375892 163306 319522 348890 386016 25708 224124 300462 336796 2073600 2073600 3 6 380328 990720 993600 95115 94969 95122 95122 6 6 6 6 81 4 0 0 0 1920 1080 
[10494.652801] MESSAGE_B= 0 0 0 127 2 2 192 0 248 179 0 0 0 0 0 0 0 0 0 0 0 0 0 0 0 0 0 0 6 0 0 0 0 0 0 0 0 1 1 1 1 1 1 1 1 2 2 218180 927184 380740 246550 983102 1060780 1341096 164778 292092 188248 518346 375892 163306 319522 348890 386016 25708 224124 300462 336796 2073600 2073600 1 6 380142 994560 993600 95121 95118 95057 94846 6 6 6 6 82 0 0 0 0 1920 1080 
[10494.927789] MESSAGE_B= 0 0 0 143 2 2 192 0 248 179 0 0 0 0 0 0 0 0 0 0 0 0 0 0 0 0 0 0 6 0 0 0 0 0 0 0 0 1 1 1 1 1 1 1 1 2 2 139222 799048 380740 246550 983102 1060780 1341096 164778 292092 188248 518346 375892 163306 319522 348890 386016 25708 224124 300462 336796 2073600 2073600 1 6 378551 990720 993600 95122 93342 95117 94970 6 6 6 6 82 0 0 0 0 1920 1080 
[10495.207800] MESSAGE_B= 0 0 0 174 1 2 192 0 248 179 0 0 583 0 695 0 0 0 0 0 31 0 108 0 0 0 0 0 6 0 151 0 0 0 0 0 0 1 0 1 1 1 1 1 1 1 2 449918 678274 380740 246550 983102 1060780 1341096 164778 292092 188248 518346 375892 163306 319522 348890 386016 25708 224124 300462 336796 2073600 2073600 3 6 367049 994560 993600 92941 84379 95110 94619 6 6 6 6 70 0 0 0 0 1920 1080 
[10495.482794] MESSAGE_B= 0 0 0 188 2 2 192 0 248 179 0 0 578 0 622 0 0 0 0 0 31 0 39 0 0 0 0 0 6 0 197 0 0 0 0 0 255 1 2 1 1 1 1 2 2 2 2 397642 685786 380740 246550 983102 1060780 1341096 164778 292092 188248 518346 375892 163306 319522 348890 386016 25708 224124 300462 336796 2073600 2073600 1 6 333318 990720 993600 80921 63930 95120 93347 6 6 6 6 57 0 0 0 0 1920 1080 
[10495.757791] MESSAGE_B= 0 0 0 199 1 2 192 0 248 179 0 0 571 0 601 0 0 0 0 0 30 0 38 0 0 0 0 0 6 0 219 0 0 0 0 255 0 1 2 1 1 1 1 2 2 1 2 310100 865366 380740 246550 983102 1060780 1341096 164778 292092 188248 518346 375892 163306 319522 348890 386016 25708 224124 300462 336796 2073600 2073600 3 6 310737 994560 993600 70704 67114 95115 93262 6 12 6 6 47 0 0 0 0 1920 1080 
[10496.032789] MESSAGE_B= 0 0 0 207 1 2 192 0 248 179 0 16 192 16 282 16 16 16 16 0 144 0 216 0 0 0 0 0 6 0 250 0 0 0 0 172 255 2 0 0 0 1 2 2 2 1 2 384288 738996 380740 246550 983102 1060780 1341096 164778 292092 188248 518346 375892 163306 319522 348890 386016 25708 224124 300462 336796 2073600 2073600 3 6 299310 990720 993600 63612 72035 95122 93260 6 12 6 6 36 4 0 0 0 1920 1080 
[10496.312001] MESSAGE_B= 0 0 0 212 1 1 192 0 248 179 0 588 0 1700 0 0 0 0 0 13 0 94 0 0 0 0 0 0 12 244 0 0 0 0 0 255 0 2 1 1 1 1 1 2 1 1 1 263426 891696 942670 246550 197194 1000516 312380 644274 469734 303464 965516 430788 124954 282918 310732 524446 698510 305910 515866 521476 2073600 2073600 1 6 294251 994560 993600 66172 72349 95120 93305 12 12 6 6 30 0 0 0 0 1920 1080 
[10496.589796] MESSAGE_B= 0 0 0 216 1 1 192 0 248 179 0 590 0 1609 0 0 0 0 0 33 0 316 0 0 0 0 0 0 12 87 0 0 0 0 0 96 255 2 1 1 1 1 1 2 2 1 1 287098 801682 942670 246550 197194 1000516 312380 644274 469734 303464 965516 430788 124954 282918 310732 524446 698510 305910 515866 521476 2073600 2073600 1 6 289082 990720 993600 71590 70068 95122 93204 12 12 6 6 27 0 0 0 0 1920 1080 
[10496.872664] MESSAGE_B= 0 0 0 218 1 1 192 0 248 179 0 586 0 1789 0 0 0 0 0 36 0 186 0 0 0 0 0 0 12 147 0 0 0 0 0 255 0 2 1 1 1 1 1 2 1 1 1 258774 928300 942670 246550 197194 1000516 312380 644274 469734 303464 965516 430788 124954 282918 310732 524446 698510 305910 515866 521476 2073600 2073600 1 6 287827 994560 993600 74291 68737 95117 93202 12 12 6 6 25 0 0 0 0 1920 1080 
[10497.026789] MESSAGE_B= 0 0 0 221 1 1 192 0 248 179 0 596 0 1802 0 0 0 0 0 43 0 390 0 0 0 0 0 0 12 17 0 0 0 0 0 156 0 2 1 1 1 1 1 2 1 1 1 212686 835790 942670 246550 197194 1000516 312380 644274 469734 303464 965516 430788 124954 282918 310732 524446 698510 305910 515866 521476 2073600 2073600 1 6 287591 990720 993600 75306 67589 95116 93126 12 12 6 6 25 0 0 0 0 1920 1080 
[10497.305994] MESSAGE_B= 0 0 0 224 0 1 192 0 248 179 0 602 0 2017 0 0 0 0 0 46 0 467 0 0 0 0 0 0 12 136 0 0 0 0 0 255 0 2 1 1 1 1 1 2 1 0 1 256094 958570 942670 246550 197194 1000516 312380 644274 469734 303464 965516 430788 124954 282918 310732 524446 698510 305910 515866 521476 2073600 2073600 3 6 287729 994560 993600 77489 66828 94975 93335 12 12 6 6 24 0 0 0 0 1920 1080 
[10497.588802] MESSAGE_B= 0 0 0 228 1 1 192 0 248 179 0 603 0 1833 0 0 0 0 0 34 0 412 0 0 0 0 0 0 12 167 0 0 0 0 0 24 0 2 1 1 1 1 1 2 1 1 1 266550 863110 942670 246550 197194 1000516 312380 644274 469734 303464 965516 430788 124954 282918 310732 524446 698510 305910 515866 521476 2073600 2073600 1 6 287100 990720 993600 79568 65150 94855 93600 12 12 6 6 23 0 0 0 0 1920 1080 
[10497.865795] MESSAGE_B= 0 0 0 230 1 2 192 0 248 179 0 228 142 590 236 16 16 16 16 168 121 730 222 0 0 0 0 0 6 215 244 0 0 0 235 252 0 0 2 0 0 2 2 2 1 1 2 261792 970702 942670 246550 197194 1000516 312380 644274 469734 303464 965516 430788 124954 282918 310732 524446 698510 305910 515866 521476 2073600 2073600 3 6 288686 994560 993600 81465 63550 94647 93786 12 12 6 6 26 4 0 0 0 1920 1080 
[10498.142782] MESSAGE_B= 0 0 0 230 1 1 192 0 248 179 0 202 171 442 237 16 16 16 16 152 159 536 223 0 0 0 0 0 6 204 238 0 0 0 228 223 0 0 2 0 0 2 2 2 1 1 1 288182 860470 942670 246550 197194 1000516 312380 644274 469734 303464 965516 430788 124954 282918 310732 524446 698510 305910 515866 521476 2073600 2073600 1 6 289473 990720 993600 81147 63148 94334 93953 12 12 6 6 26 4 0 0 0 1920 1080 
[10498.419794] MESSAGE_B= 0 0 0 227 1 1 192 0 248 179 0 204 224 408 241 16 16 16 16 160 234 582 227 0 0 0 0 0 6 169 239 0 0 0 143 213 0 0 2 0 0 2 2 2 1 1 1 259890 973976 942670 246550 197194 1000516 312380 644274 469734 303464 965516 430788 124954 282918 310732 524446 698510 305910 515866 521476 2073600 2073600 1 6 291343 994560 993600 79246 61854 92770 93762 12 6 6 6 26 4 0 0 0 1920 1080 
[10498.697787] MESSAGE_B= 0 0 0 226 2 2 192 0 248 179 0 211 255 415 241 16 16 16 16 169 282 665 226 0 0 0 0 0 6 154 239 0 0 0 193 202 0 2 2 0 2 2 2 2 1 2 2 276162 874046 1164834 998426 1005594 1038116 1136976 309426 860370 256120 1175002 388730 331202 203226 311590 360400 103678 271332 113428 388458 2073600 2073600 1 6 286048 990720 993600 75903 63514 86676 93711 12 6 6 6 26 0 0 0 0 1920 1080 
[10498.984810] MESSAGE_B= 0 0 0 225 2 2 192 0 248 179 0 196 220 230 229 16 16 16 16 165 259 206 232 0 0 0 0 0 6 248 241 0 0 0 200 207 0 0 2 0 2 2 2 2 1 2 2 270594 981508 1164834 998426 1005594 1038116 1136976 309426 860370 256120 1175002 388730 331202 203226 311590 360400 103678 271332 113428 388458 2073600 2073600 1 6 289304 994560 993600 72133 65495 85010 94577 12 6 6 6 25 0 0 0 0 1920 1080 
[10499.261797] MESSAGE_B= 0 4 0 226 4 2 192 0 248 179 0 482 795 586 789 1500 1560 1532 1435 429 615 492 607 880 910 897 830 0 31 250 252 254 253 196 185 190 193 0 0 0 0 0 0 0 0 4 2 255780 889034 1164834 998426 1005594 1038116 1136976 309426 860370 256120 1175002 388730 331202 203226 311590 360400 103678 271332 113428 388458 2073600 2073600 2 6 198657 990720 993600 68666 59949 63271 76890 12 12 6 6 28 4 4 4 4 1920 1080 
[10499.419831] MESSAGE_B= 0 0 0 226 2 2 192 0 248 179 0 218 293 228 286 16 287 16 289 182 323 190 274 0 839 0 846 0 6 251 244 0 255 153 243 0 0 0 2 0 2 2 2 1 2 2 2 217476 981312 1164834 998426 1005594 1038116 1136976 309426 860370 256120 1175002 388730 331202 203226 311590 360400 103678 271332 113428 388458 2073600 2073600 1 6 295093 994560 993600 66311 65396 84022 94862 12 6 6 6 30 0 0 0 0 1920 1080 
[10499.699804] MESSAGE_B= 0 4 0 219 1 2 192 0 248 179 0 517 836 625 844 1432 1655 1455 1659 426 661 536 668 842 967 845 961 0 31 254 252 250 251 187 183 205 203 0 0 0 0 0 0 0 0 1 2 229032 862340 1164834 998426 1005594 1038116 1136976 309426 860370 256120 1175002 388730 331202 203226 311590 360400 103678 271332 113428 388458 2073600 2073600 3 6 200330 990720 993600 63539 56400 57781 77171 12 12 6 6 39 4 4 4 4 1920 1080 
[10499.982796] MESSAGE_B= 0 0 0 214 1 2 192 0 248 179 0 237 344 279 387 16 258 16 243 201 319 246 361 0 811 0 760 0 6 242 235 0 255 235 238 0 0 0 2 0 2 2 2 1 2 1 2 149364 982928 1164834 998426 1005594 1038116 1136976 309426 860370 256120 1175002 388730 331202 203226 311590 360400 103678 271332 113428 388458 2073600 2073600 3 6 304718 994560 993600 61935 66929 83371 94835 12 6 6 6 43 0 0 0 0 1920 1080 
[10500.259794] MESSAGE_B= 0 0 0 214 2 2 192 0 248 179 0 587 823 708 902 1434 1761 1542 1471 459 666 638 665 853 1030 893 852 0 31 250 253 244 251 174 197 221 184 0 0 0 0 0 0 0 0 2 2 232456 820404 1164834 998426 1005594 1038116 1136976 309426 860370 256120 1175002 388730 331202 203226 311590 360400 103678 271332 113428 388458 2073600 2073600 1 6 193789 990720 993600 62246 52465 50140 82253 12 12 6 6 48 4 4 0 4 1920 1080 
[10500.539793] MESSAGE_B= 0 0 0 213 1 2 192 0 248 179 0 267 295 293 394 16 16 16 16 230 301 266 372 0 0 0 0 0 6 209 244 0 0 106 247 0 0 0 2 2 2 2 2 1 1 1 2 168560 983502 1164834 998426 1005594 1038116 1136976 309426 860370 256120 1175002 388730 331202 203226 311590 360400 103678 271332 113428 388458 2073600 2073600 3 6 298519 994560 993600 64308 67133 82570 95004 12 6 6 6 51 0 0 0 0 1920 1080 
[10500.816798] MESSAGE_B= 0 0 0 214 1 2 192 0 248 179 0 334 190 320 347 16 16 16 16 310 254 285 390 0 0 0 0 0 6 200 237 0 0 212 250 0 0 2 2 2 0 2 2 1 1 1 2 288816 778138 1164834 998426 1005594 1038116 1136976 309426 860370 256120 1175002 388730 331202 203226 311590 360400 103678 271332 113428 388458 2073600 2073600 3 6 300084 990720 993600 64847 68981 83659 95122 12 6 6 6 52 0 0 0 0 1920 1080 
[10501.093808] MESSAGE_B= 0 0 0 218 2 2 192 0 248 179 0 383 157 335 335 16 16 16 16 362 169 300 382 0 0 0 0 0 6 231 255 0 0 236 0 0 0 0 2 2 0 2 1 1 1 2 2 220136 980042 1012866 949266 1100098 1208940 1218086 476326 1013942 436892 1070974 661074 448370 205694 338238 261652 153184 406772 397700 391082 2073600 2073600 1 6 307278 994560 993600 65213 72310 86285 95121 12 6 6 6 52 0 0 0 0 1920 1080 
[10501.377114] MESSAGE_B= 0 0 0 221 2 2 192 0 248 179 0 874 698 785 878 1792 1506 1228 1452 674 663 602 586 1041 871 716 846 0 31 251 227 252 251 186 227 167 139 0 0 0 0 0 0 0 0 2 2 541504 762658 1012866 949266 1100098 1208940 1218086 476326 1013942 436892 1070974 661074 448370 205694 338238 261652 153184 406772 397700 391082 2073600 2073600 1 6 199826 990720 993600 63969 62810 63545 81577 12 7 6 6 50 4 4 0 0 1920 1080 
[10501.656414] MESSAGE_B= 0 0 0 215 1 2 192 0 248 179 0 331 135 365 285 16 16 16 16 330 150 323 335 0 0 0 0 0 6 247 255 0 0 252 0 0 0 0 2 0 0 2 1 1 1 1 2 302862 982236 1012866 949266 1100098 1208940 1218086 476326 1013942 436892 1070974 661074 448370 205694 338238 261652 153184 406772 397700 391082 2073600 2073600 3 6 321762 994560 993600 65453 80079 92674 94851 12 6 6 6 50 4 0 0 0 1920 1080 
[10501.938631] MESSAGE_B= 0 0 0 210 1 2 192 0 248 179 0 240 121 391 243 16 16 16 16 288 152 378 317 0 0 0 0 0 6 219 254 0 0 0 0 222 0 0 2 0 0 1 1 2 1 1 2 281402 755074 1012866 949266 1100098 1208940 1218086 476326 1013942 436892 1070974 661074 448370 205694 338238 261652 153184 406772 397700 391082 2073600 2073600 3 6 324247 990720 993600 66709 83680 95071 93351 12 6 6 6 49 4 0 0 0 1920 1080 
[10502.219307] MESSAGE_B= 0 0 0 212 1 2 192 0 248 179 0 218 22 422 30 16 16 16 16 195 40 401 86 0 0 0 0 0 6 255 255 0 0 0 0 224 0 2 2 2 0 1 1 2 1 1 2 339774 990382 1012866 949266 1100098 1208940 1218086 476326 1013942 436892 1070974 661074 448370 205694 338238 261652 153184 406772 397700 391082 2073600 2073600 3 6 329757 994560 993600 61243 87365 95122 91468 12 6 6 6 49 0 0 0 0 1920 1080 
[10502.495791] MESSAGE_B= 0 0 0 208 1 2 192 0 248 179 0 113 16 190 16 16 16 16 16 151 0 273 0 0 0 0 0 0 6 255 0 0 0 0 185 201 0 2 2 2 0 1 2 2 2 1 2 551758 758602 1012866 949266 1100098 1208940 1218086 476326 1013942 436892 1070974 661074 448370 205694 338238 261652 153184 406772 397700 391082 2073600 2073600 3 6 338614 990720 993600 59644 93203 94117 91650 6 6 6 6 52 0 0 0 0 1920 1080 
[10502.774890] MESSAGE_B= 0 0 0 207 2 2 192 0 248 179 0 16 16 16 16 16 16 16 16 0 0 0 0 0 0 0 0 0 6 0 0 0 0 0 63 0 0 2 0 0 0 1 2 1 2 2 2 361512 907524 1012866 949266 1100098 1208940 1218086 476326 1013942 436892 1070974 661074 448370 205694 338238 261652 153184 406772 397700 391082 2073600 2073600 1 6 359231 994560 993600 76240 95065 93499 94427 6 6 6 6 54 0 0 0 0 1920 1080 
[10503.051795] MESSAGE_B= 0 0 0 204 2 1 192 0 248 179 0 16 16 16 16 16 16 16 16 0 0 0 0 0 0 0 0 0 6 0 0 0 0 0 0 0 0 0 0 0 0 1 1 1 2 2 1 356322 822252 1012866 949266 1100098 1208940 1218086 476326 1013942 436892 1070974 661074 448370 205694 338238 261652 153184 406772 397700 391082 2073600 2073600 2 6 375813 990720 993600 95035 94873 94797 91108 6 6 6 6 54 4 0 0 0 1920 1080 
[10503.205801] MESSAGE_B= 0 0 0 209 1 1 192 0 248 179 0 16 16 16 16 16 16 16 16 0 0 0 0 0 0 0 0 0 6 0 0 0 0 0 0 0 235 0 0 0 0 1 1 1 2 1 1 512268 838434 1012866 949266 1100098 1208940 1218086 476326 1013942 436892 1070974 661074 448370 205694 338238 261652 153184 406772 397700 391082 2073600 2073600 1 6 375637 994560 993600 95089 94882 94946 90720 6 6 6 6 55 0 0 0 0 1920 1080 
[10503.484788] MESSAGE_B= 0 0 0 213 2 1 192 0 248 179 0 16 16 16 16 16 16 16 16 0 0 0 0 0 0 0 0 0 6 0 0 0 0 0 0 0 0 0 0 0 0 1 1 1 1 2 1 319130 728410 813234 787946 989090 981852 974664 538216 743232 583718 887020 646714 493006 358026 499798 495614 556410 542878 289262 678990 2073600 2073600 2 6 380027 990720 993600 95114 95083 94782 95048 6 6 6 6 55 4 0 0 0 1920 1080 
[10503.763785] MESSAGE_B= 0 0 0 213 1 2 192 0 248 179 0 16 16 16 16 16 16 16 16 0 0 0 0 0 0 0 0 0 6 0 0 0 0 0 0 0 0 0 0 0 0 1 1 1 1 1 2 486752 828746 813234 787946 989090 981852 974664 538216 743232 583718 887020 646714 493006 358026 499798 495614 556410 542878 289262 678990 2073600 2073600 3 6 380482 994560 993600 95122 95122 95116 95122 6 6 6 6 51 4 0 0 0 1920 1080 
[10504.037801] MESSAGE_B= 0 0 0 182 1 3 192 0 248 179 0 0 0 0 0 0 0 0 0 0 0 0 0 0 0 0 0 0 6 0 0 0 0 0 0 0 0 1 1 1 1 1 1 1 1 1 3 603220 598702 813234 787946 989090 981852 974664 538216 743232 583718 887020 646714 493006 358026 499798 495614 556410 542878 289262 678990 2073600 2073600 3 6 380488 990720 993600 95122 95122 95122 95122 6 6 6 6 42 0 0 0 0 1920 1080 
[10504.330789] MESSAGE_B= 0 0 0 119 1 3 192 0 248 179 0 0 0 0 0 0 0 0 0 0 0 0 0 0 0 0 0 0 6 0 0 0 0 0 0 0 0 1 1 1 1 1 1 1 1 1 3 700230 650706 813234 787946 989090 981852 974664 538216 743232 583718 887020 646714 493006 358026 499798 495614 556410 542878 289262 678990 2073600 2073600 3 6 380488 994560 993600 95122 95122 95122 95122 6 6 6 6 42 0 0 0 0 1920 1080 
[10504.620438] MESSAGE_B= 0 0 0 67 1 3 192 0 248 179 0 0 0 0 0 0 0 0 0 0 0 0 0 0 0 0 0 0 6 0 0 0 0 0 0 0 0 1 1 1 1 1 1 1 1 1 3 424776 550994 813234 787946 989090 981852 974664 538216 743232 583718 887020 646714 493006 358026 499798 495614 556410 542878 289262 678990 2073600 2073600 3 6 380488 990720 993600 95122 95122 95122 95122 6 6 6 6 35 0 0 0 0 1920 1080 
[10504.896796] MESSAGE_B= 0 0 0 130 1 3 192 0 248 179 0 0 0 0 0 0 0 0 0 0 0 0 0 0 0 0 0 0 6 0 0 0 0 0 0 0 0 1 1 1 1 1 1 1 1 1 3 626040 727876 813234 787946 989090 981852 974664 538216 743232 583718 887020 646714 493006 358026 499798 495614 556410 542878 289262 678990 2073600 2073600 3 6 365992 994560 993600 95121 81077 95122 94672 6 6 6 6 39 0 0 0 0 1920 1080 
[10505.053659] MESSAGE_B= 0 0 0 179 2 2 192 0 248 179 0 0 0 0 0 0 0 0 0 0 0 0 0 0 0 0 0 0 6 0 0 0 0 0 0 0 0 1 1 1 1 1 1 1 1 2 2 623670 570058 813234 787946 989090 981852 974664 538216 743232 583718 887020 646714 493006 358026 499798 495614 556410 542878 289262 678990 2073600 2073600 1 6 328946 990720 993600 94935 70848 95122 83258 6 12 6 6 45 0 0 0 0 1920 1080 
[10505.330784] MESSAGE_B= 0 0 0 211 1 2 192 0 248 179 0 3012 688 610 592 0 2629 0 2768 78 0 32 0 0 67 0 266 0 6 63 0 0 11 0 0 0 0 0 2 1 0 1 1 1 1 1 2 613484 760452 813234 787946 989090 981852 974664 538216 743232 583718 887020 646714 493006 358026 499798 495614 556410 542878 289262 678990 2073600 2073600 3 6 274191 994560 993600 68411 80224 88462 75239 6 12 6 6 45 4 0 0 0 1920 1080 
[10505.606790] MESSAGE_B= 0 0 0 216 1 2 192 0 248 179 0 1073 261 264 237 1446 1100 1307 1113 1280 222 228 161 1361 1202 1237 1239 0 6 221 221 254 248 255 225 238 161 2 0 0 0 2 2 2 2 1 2 438180 718616 813234 787946 989090 981852 974664 538216 743232 583718 887020 646714 493006 358026 499798 495614 556410 542878 289262 678990 2073600 2073600 3 6 256624 990720 993600 62215 80308 80005 75511 12 12 6 6 43 4 4 0 4 1920 1080 
[10505.893791] MESSAGE_B= 0 0 0 216 1 2 192 0 248 179 0 1147 257 264 237 1315 1074 1234 1094 1317 219 226 159 1273 1188 1201 1241 0 6 215 220 255 248 244 221 234 157 2 0 0 0 2 2 2 2 1 2 335146 851316 933718 458882 334778 518790 128130 652852 157232 375060 930614 400818 1074654 255278 1358354 597744 1297632 964546 564230 592236 2073600 2073600 3 6 258049 994560 993600 61938 79763 79814 76575 12 12 6 6 29 4 4 0 4 1920 1080 
[10506.173796] MESSAGE_B= 0 0 0 214 1 3 192 0 248 179 0 1164 253 275 236 1313 1095 1257 1116 1326 218 242 161 1284 1223 1235 1268 0 6 217 223 255 249 245 210 233 156 2 0 0 0 2 2 2 2 1 3 209264 789952 933718 458882 334778 518790 128130 652852 157232 375060 930614 400818 1074654 255278 1358354 597744 1297632 964546 564230 592236 2073600 2073600 3 6 258412 990720 993600 62135 79616 79905 77051 12 12 6 6 22 4 4 0 4 1920 1080 
[10506.471303] MESSAGE_B= 0 0 0 215 1 3 192 0 248 179 0 1147 263 279 243 1339 1126 1277 1143 1317 230 250 169 1318 1256 1265 1297 0 6 220 227 255 249 245 225 228 152 2 0 0 0 2 2 2 2 1 3 313514 848408 933718 458882 334778 518790 128130 652852 157232 375060 930614 400818 1074654 255278 1358354 597744 1297632 964546 564230 592236 2073600 2073600 3 6 259510 994560 993600 62010 79059 80177 77429 12 12 6 6 22 4 4 0 4 1920 1080 
[10506.758786] MESSAGE_B= 0 0 0 215 1 3 192 0 248 179 0 1124 252 269 236 1381 1189 1328 1204 1302 218 241 163 1348 1297 1302 1338 0 6 219 225 255 250 244 207 222 151 2 0 0 0 2 2 2 2 1 3 196114 776076 933718 458882 334778 518790 128130 652852 157232 375060 930614 400818 1074654 255278 1358354 597744 1297632 964546 564230 592236 2073600 2073600 3 6 258940 990720 993600 62000 78560 79391 76775 12 12 6 6 20 4 4 0 4 1920 1080 
[10506.919131] MESSAGE_B= 0 0 0 215 1 3 192 0 248 179 0 1157 252 280 235 1401 1176 1345 1186 1315 216 252 161 1364 1303 1314 1339 0 6 221 225 255 249 241 201 223 151 2 0 0 0 2 2 2 2 1 3 309332 847330 933718 458882 334778 518790 128130 652852 157232 375060 930614 400818 1074654 255278 1358354 597744 1297632 964546 564230 592236 2073600 2073600 3 6 259043 994560 993600 62034 78352 79146 76698 12 12 6 6 19 4 4 0 4 1920 1080 
[10507.204794] MESSAGE_B= 0 0 0 215 1 3 192 0 248 179 0 1113 258 271 243 1401 1222 1364 1211 1298 224 244 168 1375 1323 1320 1354 0 6 222 226 254 247 238 198 221 145 2 0 0 0 2 2 2 2 1 3 126896 772866 933718 458882 334778 518790 128130 652852 157232 375060 930614 400818 1074654 255278 1358354 597744 1297632 964546 564230 592236 2073600 2073600 3 6 258871 990720 993600 61823 77794 78678 76324 12 12 6 6 15 4 4 0 4 1920 1080 
[10507.485819] MESSAGE_B= 0 0 0 215 1 3 192 0 248 179 0 1119 259 264 241 1392 1219 1353 1196 1305 223 232 167 1377 1323 1313 1352 0 6 223 228 253 244 233 197 216 146 2 0 0 0 2 2 2 2 1 3 307942 845282 933718 458882 334778 518790 128130 652852 157232 375060 930614 400818 1074654 255278 1358354 597744 1297632 964546 564230 592236 2073600 2073600 3 6 257954 994560 993600 61806 77342 77968 75361 12 12 6 6 13 4 4 0 4 1920 1080 
[10507.766790] MESSAGE_B= 0 0 0 215 1 3 192 0 248 179 0 1112 257 264 240 1406 1209 1358 1199 1298 223 235 168 1384 1324 1325 1356 0 6 224 228 255 246 234 197 212 150 2 0 0 0 2 2 2 2 1 3 164814 769218 933718 458882 334778 518790 128130 652852 157232 375060 930614 400818 1074654 255278 1358354 597744 1297632 964546 564230 592236 2073600 2073600 3 6 258142 990720 993600 61780 76648 77697 75260 12 12 6 6 9 4 4 0 4 1920 1080 
[10508.049790] MESSAGE_B= 0 0 0 215 1 2 192 0 248 179 0 1128 258 277 242 1392 1216 1348 1180 1298 223 252 169 1375 1325 1319 1341 0 6 226 230 254 244 235 201 214 150 2 0 0 0 2 2 2 2 1 2 313662 842512 933718 458882 334778 518790 128130 652852 157232 375060 930614 400818 1074654 255278 1358354 597744 1297632 964546 564230 592236 2073600 2073600 3 6 259413 994560 993600 61701 75593 77700 75247 12 12 6 6 7 4 4 0 4 1920 1080 
[10508.333863] MESSAGE_B= 0 0 0 215 1 2 192 0 248 179 0 1104 256 268 240 1401 1227 1355 1206 1287 223 240 169 1379 1333 1323 1354 0 6 227 229 255 245 235 201 212 151 2 0 0 0 2 2 2 2 1 2 160196 767424 848280 696618 793716 890500 911242 260456 744916 300230 884172 230682 244692 330148 329378 290222 71616 164284 66162 278404 2073600 2073600 3 6 260416 990720 993600 61578 75258 77715 75116 12 12 6 6 8 4 4 0 4 1920 1080 
[10508.491790] MESSAGE_B= 0 0 0 215 1 2 192 0 248 179 0 1075 258 263 244 1390 1216 1351 1182 1271 224 236 173 1372 1328 1317 1344 0 6 229 232 255 244 233 199 214 150 2 0 0 0 2 2 2 2 1 2 314020 839590 848280 696618 793716 890500 911242 260456 744916 300230 884172 230682 244692 330148 329378 290222 71616 164284 66162 278404 2073600 2073600 3 6 260405 994560 993600 61496 74632 77578 75247 12 12 6 6 8 4 4 0 4 1920 1080 
[10508.771804] MESSAGE_B= 0 0 0 215 1 2 192 0 248 179 0 1073 259 267 243 1409 1210 1369 1201 1274 224 243 174 1378 1325 1329 1359 0 6 229 233 255 246 234 204 213 151 2 0 0 0 2 2 2 2 1 2 158914 765898 848280 696618 793716 890500 911242 260456 744916 300230 884172 230682 244692 330148 329378 290222 71616 164284 66162 278404 2073600 2073600 3 6 261131 990720 993600 61401 74174 77759 75186 12 12 6 6 7 4 4 0 4 1920 1080 
[10509.050794] MESSAGE_B= 0 0 0 224 1 2 192 0 248 179 0 0 0 0 0 1081 1032 1031 1089 0 0 0 0 80 54 68 54 0 12 0 0 238 163 0 0 0 0 1 1 0 0 1 1 1 1 1 2 314526 836128 848280 696618 793716 890500 911242 260456 744916 300230 884172 230682 244692 330148 329378 290222 71616 164284 66162 278404 2073600 2073600 3 12 367575 994560 993600 84820 117769 88268 76718 12 12 12 12 65 4 0 0 0 1920 1080 
[10509.330784] MESSAGE_B= 0 7 0 227 1 6 192 0 248 179 0 0 0 0 0 0 0 0 0 0 0 0 0 0 0 0 0 1 12 0 0 0 0 0 0 0 0 1 1 1 1 1 1 1 1 1 6 144640 749602 848280 696618 793716 890500 911242 260456 744916 300230 884172 230682 244692 330148 329378 290222 71616 164284 66162 278404 2073600 2073600 3 12 512416 990720 993600 128104 128104 128104 128104 12 12 12 12 65 4 0 0 0 1920 1080 
[10509.607781] MESSAGE_B= 0 7 0 245 0 5 192 0 248 179 0 0 0 0 0 0 0 0 0 0 0 0 0 0 0 0 0 1 12 0 0 0 0 0 0 0 0 1 1 1 1 1 1 1 1 0 5 16 665136 848280 696618 793716 890500 911242 260456 744916 300230 884172 230682 244692 330148 329378 290222 71616 164284 66162 278404 2073600 2073600 2 12 512416 994560 993600 128104 128104 128104 128104 12 12 12 12 60 4 0 0 0 1920 1080 
[10509.882793] MESSAGE_B= 4 7 0 246 0 5 192 0 248 179 0 0 0 0 0 0 0 0 0 0 0 0 0 0 0 0 0 1 12 0 0 0 0 0 0 0 0 1 1 1 1 1 1 1 1 0 5 0 0 848280 696618 793716 890500 911242 260456 744916 300230 884172 230682 244692 330148 329378 290222 71616 164284 66162 278404 2073600 2073600 4 12 512416 990720 993600 128104 128104 128104 128104 12 12 12 12 0 4 0 0 0 1920 1080 
[10510.165543] MESSAGE_B= 4 7 0 246 0 5 192 0 248 179 0 0 0 0 0 0 0 0 0 0 0 0 0 0 0 0 0 1 12 0 0 0 0 0 0 0 0 1 1 1 1 1 1 1 1 0 5 0 0 848280 696618 793716 890500 911242 260456 744916 300230 884172 230682 244692 330148 329378 290222 71616 164284 66162 278404 2073600 2073600 4 12 512416 994560 993600 128104 128104 128104 128104 12 12 12 12 0 4 0 0 0 1920 1080 
[10510.418784] MESSAGE_B= 4 7 0 246 0 5 192 0 248 179 0 0 0 0 0 0 0 0 0 0 0 0 0 0 0 0 0 1 12 0 0 0 0 0 0 0 0 1 1 1 1 1 1 1 1 0 5 0 0 848280 696618 793716 890500 911242 260456 744916 300230 884172 230682 244692 330148 329378 290222 71616 164284 66162 278404 2073600 2073600 4 12 512416 990720 993600 128104 128104 128104 128104 12 12 12 12 0 4 0 0 0 1920 1080 
[10510.699790] MESSAGE_B= 4 7 0 246 0 5 192 0 248 179 0 0 0 0 0 0 0 0 0 0 0 0 0 0 0 0 0 1 12 0 0 0 0 0 0 0 0 1 1 1 1 1 1 1 1 0 5 0 0 2 767750 741818 879110 850062 2 338448 78362 2 2 230490 247534 230000 235578 2 217062 36770 2 2073600 2073600 4 12 512416 994560 993600 128104 128104 128104 128104 12 12 12 12 23 4 0 0 0 1920 1080 
[10510.857787] MESSAGE_B= 4 7 0 246 0 4 192 0 248 179 0 0 0 0 0 0 0 0 0 0 0 0 0 0 0 0 0 1 12 0 0 0 0 0 0 0 0 1 1 1 1 1 1 1 1 0 4 0 0 2 767750 741818 879110 850062 2 338448 78362 2 2 230490 247534 230000 235578 2 217062 36770 2 2073600 2073600 4 12 512416 990720 993600 128104 128104 128104 128104 12 12 12 12 32 4 0 0 0 1920 1080 
[10511.134134] MESSAGE_B= 5 7 0 242 1 3 192 0 248 179 0 0 0 0 0 0 0 0 0 0 0 0 0 0 0 0 0 1 12 0 0 0 0 0 0 0 0 1 1 1 1 1 1 1 1 1 3 18 4 2 767750 741818 879110 850062 2 338448 78362 2 2 230490 247534 230000 235578 2 217062 36770 2 2073600 2073600 6 12 512404 994560 993600 128100 128098 128103 128103 12 12 12 12 51 4 0 0 0 1920 1080 
[10511.406100] MESSAGE_B= 5 7 0 232 1 2 192 0 248 179 0 0 16 0 16 0 0 0 0 0 0 0 0 0 0 0 0 1 12 0 0 0 0 0 0 0 0 1 1 1 1 1 1 1 1 1 2 11314 158 2 767750 741818 879110 850062 2 338448 78362 2 2 230490 247534 230000 235578 2 217062 36770 2 2073600 2073600 6 12 512383 990720 993600 128095 128097 128103 128088 12 12 12 12 51 4 0 0 0 1920 1080 
[10511.677785] MESSAGE_B= 4 0 0 235 1 3 192 0 248 179 0 0 0 0 0 0 770 0 27 0 0 0 0 0 0 0 0 1 12 0 0 0 0 0 0 0 0 1 1 0 0 0 1 1 0 1 3 140 332 2 767750 741818 879110 850062 2 338448 78362 2 2 230490 247534 230000 235578 2 217062 36770 2 2073600 2073600 4 12 510788 994560 993600 128094 128103 127522 127069 12 12 12 12 43 4 0 0 0 1920 1080 
[10511.955506] MESSAGE_B= 0 0 0 228 2 4 192 0 248 179 0 0 0 0 0 0 702 0 42 0 0 0 0 0 0 0 0 1 12 0 0 0 10 0 0 0 0 1 1 0 0 0 0 1 0 2 4 94466 228578 2 767750 741818 879110 850062 2 338448 78362 2 2 230490 247534 230000 235578 2 217062 36770 2 2073600 2073600 3 12 504479 990720 993600 128088 128103 122923 125365 12 12 12 12 50 4 0 0 0 1920 1080 
[10512.228780] MESSAGE_B= 4 0 0 223 1 2 192 0 248 179 0 0 0 0 0 0 582 0 48 0 0 0 0 0 0 0 0 1 12 0 0 0 24 0 0 0 0 1 1 0 0 0 0 1 0 1 2 250 20080 2 767750 741818 879110 850062 2 338448 78362 2 2 230490 247534 230000 235578 2 217062 36770 2 2073600 2073600 4 12 504297 994560 993600 128077 128104 122852 125264 12 12 12 12 50 4 0 0 0 1920 1080 
[10512.510787] MESSAGE_B= 0 0 0 215 1 2 192 0 248 179 0 0 0 0 0 0 613 0 53 0 0 0 0 0 0 0 0 1 12 0 0 5 9 0 0 0 0 1 1 0 0 0 0 1 0 1 2 119812 506566 2 767750 741818 879110 850062 2 338448 78362 2 2 230490 247534 230000 235578 2 217062 36770 2 2073600 2073600 3 12 505103 990720 993600 128050 128103 123391 125559 12 12 12 12 39 4 0 0 0 1920 1080 
[10512.784791] MESSAGE_B= 0 0 0 212 1 2 192 0 248 179 0 0 0 0 0 0 355 0 1869 0 0 0 0 0 0 0 0 1 12 0 0 0 40 0 0 0 0 1 1 0 0 0 0 0 0 1 2 998 243472 2 767750 741818 879110 850062 2 338448 78362 2 2 230490 247534 230000 235578 2 217062 36770 2 2073600 2073600 2 12 497839 994560 993600 128039 128104 120647 121049 12 12 12 12 30 4 0 0 0 1920 1080 
[10513.061379] MESSAGE_B= 0 0 0 206 1 2 192 0 248 179 0 0 0 0 0 0 1676 0 3042 0 0 0 0 0 0 0 0 1 12 0 0 35 85 0 0 0 0 1 1 0 0 0 0 0 0 1 2 186104 517866 534126 79310 93208 5176 118328 110694 369598 512564 615566 163698 6474 104762 20704 59144 74374 186778 211214 121706 2073600 2073600 3 12 485723 990720 993600 128040 128104 114970 114609 12 12 12 12 28 4 0 0 0 1920 1080 
[10513.336793] MESSAGE_B= 0 0 0 202 1 3 192 0 248 179 0 0 0 0 0 0 2279 0 2939 0 0 0 0 0 0 0 0 1 12 0 0 74 103 0 0 0 0 1 1 0 0 0 0 0 0 1 3 1256 481070 534126 79310 93208 5176 118328 110694 369598 512564 615566 163698 6474 104762 20704 59144 74374 186778 211214 121706 2073600 2073600 2 12 471622 994560 993600 128019 128104 107859 107640 12 12 12 12 30 4 0 0 0 1920 1080 
[10513.616002] MESSAGE_B= 0 0 0 197 1 2 192 0 248 179 0 0 0 0 0 811 764 932 800 0 0 0 0 242 179 245 133 0 12 0 0 254 144 0 0 0 0 1 1 0 0 1 1 1 1 1 2 209566 517914 534126 79310 93208 5176 118328 110694 369598 512564 615566 163698 6474 104762 20704 59144 74374 186778 211214 121706 2073600 2073600 3 12 457573 990720 993600 128016 128104 100815 100638 12 12 12 12 30 4 0 0 0 1920 1080 
[10513.771802] MESSAGE_B= 0 0 0 192 1 2 192 0 248 179 0 0 0 0 0 858 791 968 817 0 0 0 0 277 204 255 151 0 12 0 0 250 180 0 0 0 0 1 1 2 0 1 1 1 1 1 2 2250 675056 534126 79310 93208 5176 118328 110694 369598 512564 615566 163698 6474 104762 20704 59144 74374 186778 211214 121706 2073600 2073600 2 12 452897 994560 993600 128010 128104 98427 98356 12 12 12 12 30 0 0 0 0 1920 1080 
[10514.049801] MESSAGE_B= 0 0 0 187 0 4 192 0 248 179 0 0 0 0 0 960 856 1024 1164 0 0 0 0 327 250 253 381 0 12 0 0 237 236 0 0 0 0 1 1 2 0 1 1 1 1 0 4 203782 518218 534126 79310 93208 5176 118328 110694 369598 512564 615566 163698 6474 104762 20704 59144 74374 186778 211214 121706 2073600 2073600 3 12 440102 990720 993600 128018 128086 92685 91313 12 12 12 12 29 0 0 0 0 1920 1080 
[10514.326787] MESSAGE_B= 0 0 0 182 0 3 192 0 248 179 0 0 0 0 0 1068 936 1203 1364 0 0 0 0 381 328 357 246 0 12 0 0 241 162 0 0 0 0 1 1 2 2 1 1 1 1 0 3 21700 818936 534126 79310 93208 5176 118328 110694 369598 512564 615566 163698 6474 104762 20704 59144 74374 186778 211214 121706 2073600 2073600 1 12 423310 994560 993600 128028 127738 87995 79549 12 12 12 12 32 0 0 0 0 1920 1080 
[10514.605640] MESSAGE_B= 0 0 0 180 1 3 192 0 248 179 0 0 0 0 0 1070 1027 1331 1147 0 0 0 0 363 436 341 95 0 12 0 0 242 41 0 0 0 30 1 1 2 2 1 1 1 2 1 3 233650 515478 534126 79310 93208 5176 118328 110694 369598 512564 615566 163698 6474 104762 20704 59144 74374 186778 211214 121706 2073600 2073600 3 12 396382 990720 993600 128037 119334 84549 64462 12 12 12 12 33 0 0 0 0 1920 1080 
[10514.895040] MESSAGE_B= 0 0 0 188 1 3 192 0 248 179 0 0 0 0 0 1025 1171 1218 995 0 0 0 0 318 469 186 73 0 12 0 0 200 231 0 0 0 48 1 1 2 2 1 1 1 2 1 3 117402 924348 534126 79310 93208 5176 118328 110694 369598 512564 615566 163698 6474 104762 20704 59144 74374 186778 211214 121706 2073600 2073600 3 12 373642 994560 993600 127891 111932 80437 59789 12 12 12 6 33 0 0 0 0 1920 1080 
[10515.174791] MESSAGE_B= 0 0 0 189 1 3 192 0 248 179 0 701 0 948 0 930 1128 1089 1026 67 0 31 0 284 389 122 52 0 12 155 0 182 207 0 0 0 66 0 1 2 2 1 1 1 2 1 3 281370 439742 534126 79310 93208 5176 118328 110694 369598 512564 615566 163698 6474 104762 20704 59144 74374 186778 211214 121706 2073600 2073600 3 12 367801 990720 993600 127592 116605 76849 72752 12 12 12 6 32 0 0 0 0 1920 1080 
[10515.418798] MESSAGE_B= 0 0 0 202 1 4 192 0 248 179 0 686 0 1021 0 909 1086 1043 1030 61 0 42 0 253 323 114 39 0 12 170 0 78 96 0 0 0 0 0 1 2 2 1 1 1 1 1 4 205448 980616 1006124 156598 338826 890708 1275024 743208 659314 938566 1183352 378484 107166 139414 166768 124432 252300 226302 114668 408884 2073600 2073600 3 12 360314 994560 993600 127171 118195 72497 80330 12 12 12 6 32 0 0 0 0 1920 1080 
[10515.703770] MESSAGE_B= 0 0 0 209 1 3 192 0 248 179 0 663 1664 1334 1088 888 1056 1036 980 67 240 108 16 217 265 84 45 0 12 220 255 77 154 0 0 0 0 0 2 0 2 1 1 1 2 1 3 392086 453090 1006124 156598 338826 890708 1275024 743208 659314 938566 1183352 378484 107166 139414 166768 124432 252300 226302 114668 408884 2073600 2073600 3 12 346963 990720 993600 126453 115042 66511 86076 12 12 12 6 29 0 0 0 0 1920 1080 
[10515.862778] MESSAGE_B= 0 0 0 208 1 4 192 0 248 179 0 649 1776 1321 1232 1042 1018 1055 954 67 0 121 0 171 261 72 80 0 12 140 0 97 222 0 0 0 0 0 0 0 2 1 1 1 1 1 4 133542 992760 1006124 156598 338826 890708 1275024 743208 659314 938566 1183352 378484 107166 139414 166768 124432 252300 226302 114668 408884 2073600 2073600 3 12 337798 994560 993600 126107 113866 60716 87987 12 12 12 6 34 4 0 0 0 1920 1080 
[10516.139797] MESSAGE_B= 0 0 0 195 1 4 192 0 248 179 0 722 1936 1252 1584 1179 978 1056 1052 95 0 141 0 165 251 55 145 0 12 104 0 85 220 0 0 0 0 0 2 0 2 1 1 1 1 1 4 350042 438356 1006124 156598 338826 890708 1275024 743208 659314 938566 1183352 378484 107166 139414 166768 124432 252300 226302 114668 408884 2073600 2073600 3 12 328440 990720 993600 125458 114178 53791 84261 12 12 12 6 38 0 0 0 0 1920 1080 
[10516.422800] MESSAGE_B= 0 0 0 192 1 3 192 0 248 179 0 841 1460 1186 1548 1194 1024 1047 1065 85 112 105 20 190 245 47 130 0 12 159 202 39 232 42 0 0 0 2 2 0 0 2 1 1 2 1 3 134510 993550 1006124 156598 338826 890708 1275024 743208 659314 938566 1183352 378484 107166 139414 166768 124432 252300 226302 114668 408884 2073600 2073600 3 12 314880 994560 993600 120908 111464 57929 88182 12 12 6 6 41 0 0 0 0 1920 1080 
[10516.700830] MESSAGE_B= 0 0 0 185 1 3 192 0 248 179 0 823 1236 1234 1337 1397 1325 1023 1014 53 121 141 43 398 245 75 93 0 12 120 50 194 74 158 0 0 19 2 2 0 0 2 1 1 2 1 3 278310 436868 1006124 156598 338826 890708 1275024 743208 659314 938566 1183352 378484 107166 139414 166768 124432 252300 226302 114668 408884 2073600 2073600 3 12 289622 990720 993600 114929 94583 47088 91215 12 12 12 6 42 0 0 0 0 1920 1080 
[10516.979796] MESSAGE_B= 0 0 0 179 1 2 192 0 248 179 0 850 1603 1314 1190 1474 1585 1028 1040 34 135 183 21 315 182 93 127 0 12 61 164 192 137 206 0 0 222 2 2 0 0 2 1 1 2 1 2 198038 989886 1006124 156598 338826 890708 1275024 743208 659314 938566 1183352 378484 107166 139414 166768 124432 252300 226302 114668 408884 2073600 2073600 3 12 262868 994560 993600 108657 81928 39294 86344 12 12 12 6 52 0 0 0 0 1920 1080 
[10517.265001] MESSAGE_B= 0 0 0 162 2 2 192 0 248 179 0 991 698 1283 1008 1385 1426 1060 1074 71 42 168 0 194 138 112 130 0 12 30 0 114 140 172 0 0 16 2 2 0 0 2 1 1 2 2 2 492088 304638 1006124 156598 338826 890708 1275024 743208 659314 938566 1183352 378484 107166 139414 166768 124432 252300 226302 114668 408884 2073600 2073600 1 12 246471 990720 993600 104060 70356 39073 86691 12 12 12 6 139 0 0 0 0 1920 1080 
[10517.542815] MESSAGE_B= 0 0 0 156 1 3 192 0 248 179 0 1081 1371 1485 876 1180 1241 2400 1732 61 387 309 45 123 175 448 338 0 12 47 47 119 66 82 0 180 204 2 2 0 0 2 1 2 2 1 3 302634 817602 1006124 156598 338826 890708 1275024 743208 659314 938566 1183352 378484 107166 139414 166768 124432 252300 226302 114668 408884 2073600 2073600 3 12 226556 994560 993600 95816 59944 57086 44873 12 12 6 6 139 0 0 0 0 1920 1080 
[10517.702818] MESSAGE_B= 0 0 0 142 2 3 192 0 248 179 0 1100 775 982 952 1153 1183 1045 1086 49 179 84 36 71 136 109 88 0 6 178 63 93 229 119 0 195 124 2 2 0 0 2 1 2 2 2 3 416804 463624 798596 946714 895018 1184310 1264434 493940 943128 431750 813484 721864 429278 419554 290240 309500 154388 533300 477888 647708 2073600 2073600 3 6 245343 990720 993600 92715 68150 63614 89804 12 6 6 6 116 0 0 0 0 1920 1080 
[10517.983799] MESSAGE_B= 0 0 0 130 1 2 192 0 248 179 0 1485 991 1300 1799 1761 1711 1686 1808 103 299 219 63 169 126 62 53 0 31 163 142 190 56 21 129 61 205 0 2 0 0 2 2 2 2 1 2 379876 846176 798596 946714 895018 1184310 1264434 493940 943128 431750 813484 721864 429278 419554 290240 309500 154388 533300 477888 647708 2073600 2073600 3 6 177856 994560 993600 56950 67055 48404 46419 12 6 17 6 116 4 0 0 0 1920 1080 
[10518.262790] MESSAGE_B= 0 0 0 81 2 2 192 0 248 179 0 1529 1513 2092 1435 1650 1368 1636 1514 116 100 97 35 190 97 158 193 0 6 4 139 86 171 84 224 91 174 0 0 0 0 2 2 2 2 2 2 305860 760194 798596 946714 895018 1184310 1264434 493940 943128 431750 813484 721864 429278 419554 290240 309500 154388 533300 477888 647708 2073600 2073600 1 6 185117 990720 993600 75062 72550 48397 41077 6 6 15 12 100 4 0 0 0 1920 1080 
[10518.541785] MESSAGE_B= 4 0 0 104 10 2 192 0 248 179 0 1928 1156 1602 1456 1757 1304 1691 1861 153 235 56 147 236 179 298 324 0 31 71 221 104 41 116 169 20 26 0 2 0 0 2 2 2 2 10 2 348406 743068 798596 946714 895018 1184310 1264434 493940 943128 431750 813484 721864 429278 419554 290240 309500 154388 533300 477888 647708 2073600 2073600 4 12 160776 994560 993600 52854 55953 33357 36597 12 6 6 12 105 4 0 0 0 1920 1080 
[10518.828938] MESSAGE_B= 0 0 0 121 1 2 192 0 248 179 0 2031 1486 1581 1552 1808 1651 2187 2142 142 107 148 69 173 278 236 124 0 31 80 65 144 13 47 170 40 38 0 0 0 0 2 2 2 2 1 2 501122 682770 798596 946714 895018 1184310 1264434 493940 943128 431750 813484 721864 429278 419554 290240 309500 154388 533300 477888 647708 2073600 2073600 3 12 140071 990720 993600 34376 36878 38911 37350 12 12 6 0 119 4 0 0 0 1920 1080 
[10519.118546] MESSAGE_B= 0 0 0 123 1 2 192 0 248 179 0 1918 1709 1991 1706 2003 2169 2658 2471 207 197 231 128 232 343 107 165 0 31 171 137 33 158 209 184 56 77 0 0 0 0 2 2 2 2 1 2 268012 612042 798596 946714 895018 1184310 1264434 493940 943128 431750 813484 721864 429278 419554 290240 309500 154388 533300 477888 647708 2073600 2073600 3 12 137675 994560 993600 33641 35834 33069 43588 12 12 12 0 129 4 0 0 0 1920 1080 
[10519.397799] MESSAGE_B= 0 0 0 116 1 2 192 0 248 179 0 1984 2119 2067 1837 2348 2259 2497 2684 220 182 188 329 179 369 200 207 0 31 148 37 39 149 86 124 108 173 0 0 0 0 2 2 2 2 1 2 409256 597094 798596 946714 895018 1184310 1264434 493940 943128 431750 813484 721864 429278 419554 290240 309500 154388 533300 477888 647708 2073600 2073600 3 12 137466 990720 993600 34504 34665 33593 34704 12 12 12 12 137 4 0 0 0 1920 1080 
[10519.679980] MESSAGE_B= 0 0 0 114 2 2 192 0 248 179 0 1884 1959 1971 2242 2275 2619 2112 1997 436 139 206 332 356 186 511 688 0 31 204 87 78 74 189 97 211 191 0 0 0 0 2 2 2 2 2 2 240914 592994 798596 946714 895018 1184310 1264434 493940 943128 431750 813484 721864 429278 419554 290240 309500 154388 533300 477888 647708 2073600 2073600 1 12 136309 994560 993600 33766 34382 34396 33765 12 12 12 12 154 4 0 0 0 1920 1080 
[10519.963799] MESSAGE_B= 0 0 0 123 1 2 192 0 248 179 0 1482 1966 2237 2371 2818 2349 1960 1801 349 102 287 239 166 249 530 751 0 31 30 44 65 208 56 33 44 6 0 0 0 0 2 2 2 2 1 2 272542 598456 798596 946714 895018 1184310 1264434 493940 943128 431750 813484 721864 429278 419554 290240 309500 154388 533300 477888 647708 2073600 2073600 3 12 137306 990720 993600 46668 33978 36325 34754 6 12 12 6 154 4 0 0 0 1920 1080 
[10520.120934] MESSAGE_B= 0 0 0 123 1 1 192 0 248 179 0 1639 1942 2047 2408 2717 2294 1915 1670 252 155 434 362 194 320 457 636 0 31 138 129 5 211 43 80 2 120 0 0 0 0 2 2 2 2 1 1 311150 568308 437952 481634 504690 540618 389478 348438 293068 293102 557050 316482 535594 448386 431724 627308 414866 282660 281974 221646 2073600 2073600 1 12 137657 994560 993600 44692 33869 37008 35285 6 12 12 6 154 4 0 0 0 1920 1080 
[10520.400789] MESSAGE_B= 0 0 0 126 1 2 192 0 248 179 0 1256 1606 1726 1852 2062 2272 1893 1574 175 425 661 609 352 355 375 532 0 31 139 160 105 187 45 160 20 177 0 0 0 0 2 2 2 2 1 2 288382 502546 437952 481634 504690 540618 389478 348438 293068 293102 557050 316482 535594 448386 431724 627308 414866 282660 281974 221646 2073600 2073600 3 6 162365 990720 993600 56352 46669 37598 34079 6 6 12 6 134 4 0 0 0 1920 1080 
[10520.686792] MESSAGE_B= 0 0 0 135 1 4 192 0 248 179 0 1912 2252 2132 2060 2604 2743 2186 1828 827 692 931 958 284 262 334 348 0 6 69 74 121 142 101 110 84 8 2 0 0 0 2 2 2 2 1 4 274982 565892 437952 481634 504690 540618 389478 348438 293068 293102 557050 316482 535594 448386 431724 627308 414866 282660 281974 221646 2073600 2073600 3 6 178637 994560 993600 57124 60870 38111 34942 6 6 12 6 117 4 0 0 0 1920 1080 
[10520.964809] MESSAGE_B= 0 0 0 146 1 3 192 0 248 179 0 1942 2244 1947 1906 2808 2706 2192 1827 930 858 1101 1093 397 268 346 410 0 6 25 141 160 185 1 193 166 30 2 2 0 0 2 2 2 2 1 3 384828 477456 437952 481634 504690 540618 389478 348438 293068 293102 557050 316482 535594 448386 431724 627308 414866 282660 281974 221646 2073600 2073600 3 6 176944 990720 993600 60563 61270 37869 35923 6 6 12 6 105 0 0 0 0 1920 1080 
[10521.242804] MESSAGE_B= 0 0 0 153 1 3 192 0 248 179 0 1082 1416 1238 814 2342 2108 1826 1454 401 604 702 176 303 414 441 534 0 31 145 153 86 233 24 189 131 47 0 0 0 0 2 2 2 2 1 3 154620 790334 437952 481634 504690 540618 389478 348438 293068 293102 557050 316482 535594 448386 431724 627308 414866 282660 281974 221646 2073600 2073600 3 12 152241 994560 993600 37598 42444 37588 34611 12 12 12 12 89 4 0 0 0 1920 1080 
[10521.521807] MESSAGE_B= 0 0 0 154 1 3 192 0 248 179 0 1684 1498 1862 593 2352 2706 2187 1815 911 867 850 44 486 250 397 384 0 6 128 145 182 167 47 185 41 46 2 2 0 0 2 2 2 2 1 3 218618 584060 437952 481634 504690 540618 389478 348438 293068 293102 557050 316482 535594 448386 431724 627308 414866 282660 281974 221646 2073600 2073600 3 6 192383 990720 993600 62503 58998 38306 39355 6 6 12 6 84 0 0 0 0 1920 1080 
[10521.800801] MESSAGE_B= 0 0 0 154 1 3 192 0 248 179 0 817 1318 1053 785 1625 1967 1775 1373 177 527 462 170 435 386 498 527 0 31 198 195 163 225 139 122 185 64 0 0 0 0 2 2 2 2 1 3 230230 907994 437952 481634 504690 540618 389478 348438 293068 293102 557050 316482 535594 448386 431724 627308 414866 282660 281974 221646 2073600 2073600 3 12 160256 994560 993600 40571 44976 39963 35999 7 12 12 12 72 4 4 0 0 1920 1080 
[10522.081795] MESSAGE_B= 0 0 0 155 2 3 192 0 248 179 0 556 1480 555 613 1998 2652 2158 1768 16 842 24 46 387 280 406 430 0 6 234 151 175 164 57 54 19 103 2 2 0 2 2 2 2 2 2 3 160906 617368 437952 481634 504690 540618 389478 348438 293068 293102 557050 316482 535594 448386 431724 627308 414866 282660 281974 221646 2073600 2073600 3 6 200099 990720 993600 64673 59073 41889 46451 6 6 12 6 64 0 0 0 0 1920 1080 
[10522.360795] MESSAGE_B= 0 0 0 156 2 3 192 0 248 179 0 570 1428 637 615 1979 2671 2130 1771 50 882 402 50 410 241 420 439 0 6 212 170 176 102 34 27 12 134 2 2 2 2 2 2 2 2 2 3 275876 914872 437952 481634 504690 540618 389478 348438 293068 293102 557050 316482 535594 448386 431724 627308 414866 282660 281974 221646 2073600 2073600 3 6 200405 994560 993600 64291 58305 42723 49526 6 6 12 6 49 0 0 0 0 1920 1080 
[10522.638791] MESSAGE_B= 0 0 0 157 2 2 192 0 248 179 0 571 1394 574 608 1934 2623 2086 1761 18 866 34 30 418 271 456 432 0 6 225 167 193 105 105 29 52 89 2 2 2 2 2 2 2 2 2 2 169686 581650 823942 398502 428790 667970 827152 780734 900842 780314 835696 197622 266336 199098 249704 314192 281466 314784 398822 236238 2073600 2073600 1 6 202870 990720 993600 65130 58540 42586 51759 6 6 12 6 44 0 0 0 0 1920 1080 
[10522.926299] MESSAGE_B= 0 0 0 159 2 3 192 0 248 179 0 590 1354 833 597 1903 2583 2082 1773 42 874 638 40 420 239 476 393 0 6 209 120 194 111 119 59 34 77 2 2 2 2 2 2 2 2 2 3 286308 915904 823942 398502 428790 667970 827152 780734 900842 780314 835696 197622 266336 199098 249704 314192 281466 314784 398822 236238 2073600 2073600 3 6 204928 994560 993600 65187 58498 43224 54812 6 6 12 6 42 0 0 0 0 1920 1080 
[10523.083796] MESSAGE_B= 0 0 0 159 2 2 192 0 248 179 0 591 1375 735 594 1909 2569 2061 1764 37 877 518 42 417 242 471 379 0 6 193 134 184 90 82 40 73 113 2 2 2 2 2 2 2 2 2 2 173930 588896 823942 398502 428790 667970 827152 780734 900842 780314 835696 197622 266336 199098 249704 314192 281466 314784 398822 236238 2073600 2073600 1 6 205461 990720 993600 64879 58627 43307 56027 6 6 12 6 41 0 0 0 0 1920 1080 
[10523.362789] MESSAGE_B= 0 0 0 160 2 2 192 0 248 179 0 600 1355 650 597 1915 2550 2061 1788 34 874 219 32 439 222 488 372 0 6 147 190 200 97 75 34 120 79 2 2 2 2 2 2 2 2 2 2 279932 920480 823942 398502 428790 667970 827152 780734 900842 780314 835696 197622 266336 199098 249704 314192 281466 314784 398822 236238 2073600 2073600 1 6 207152 994560 993600 64948 58938 43040 57559 6 6 12 6 41 0 0 0 0 1920 1080 
[10523.641796] MESSAGE_B= 0 0 0 162 2 2 192 0 248 179 0 642 1336 923 593 1939 2522 2084 1801 94 797 689 43 432 241 490 361 0 6 209 145 203 115 44 31 54 67 2 2 2 2 2 2 2 2 2 2 191766 589756 823942 398502 428790 667970 827152 780734 900842 780314 835696 197622 266336 199098 249704 314192 281466 314784 398822 236238 2073600 2073600 1 6 206841 990720 993600 64143 58732 42921 58761 6 6 12 6 37 0 0 0 0 1920 1080 
[10523.919803] MESSAGE_B= 0 0 0 162 2 3 192 0 248 179 0 657 1345 1056 591 1916 2521 2132 1811 100 768 775 27 429 246 490 343 0 6 199 221 196 118 42 31 46 128 2 2 2 2 2 2 2 2 2 3 263458 920264 823942 398502 428790 667970 827152 780734 900842 780314 835696 197622 266336 199098 249704 314192 281466 314784 398822 236238 2073600 2073600 3 6 207824 994560 993600 64838 58971 43755 59286 6 6 12 6 35 0 0 0 0 1920 1080 
[10524.198989] MESSAGE_B= 0 0 0 164 2 2 192 0 248 179 0 640 1380 944 595 1814 2504 2135 1840 58 778 653 37 493 257 503 329 0 6 242 182 135 118 17 41 63 89 2 2 2 2 2 2 2 2 2 2 212486 600000 823942 398502 428790 667970 827152 780734 900842 780314 835696 197622 266336 199098 249704 314192 281466 314784 398822 236238 2073600 2073600 1 6 205856 990720 993600 63904 58230 43435 59439 6 6 12 6 33 0 0 0 0 1920 1080 
[10524.478137] MESSAGE_B= 0 0 0 163 2 2 192 0 248 179 0 680 1347 1110 597 1844 2512 2100 1844 116 714 811 40 468 256 507 337 0 6 215 160 182 97 95 38 82 90 2 2 2 2 2 2 2 2 2 2 249514 921046 823942 398502 428790 667970 827152 780734 900842 780314 835696 197622 266336 199098 249704 314192 281466 314784 398822 236238 2073600 2073600 1 6 208733 994560 993600 65320 59255 43219 59818 6 6 12 6 28 0 0 0 0 1920 1080 
[10524.757791] MESSAGE_B= 0 0 0 162 2 2 192 0 248 179 0 682 1320 1198 596 1832 2521 2089 1852 110 682 911 36 485 267 512 344 0 6 211 145 192 95 87 25 4 55 2 2 2 2 2 2 2 2 2 2 228356 607702 823942 398502 428790 667970 827152 780734 900842 780314 835696 197622 266336 199098 249704 314192 281466 314784 398822 236238 2073600 2073600 1 6 209993 990720 993600 66146 60060 43608 59624 6 6 12 6 23 0 0 0 0 1920 1080 
[10525.036790] MESSAGE_B= 0 0 0 162 2 2 192 0 248 179 0 688 1364 1229 595 1857 2513 2048 1861 114 711 907 44 488 283 487 347 0 6 220 137 177 89 92 11 47 81 2 2 2 2 2 2 2 2 2 2 242412 915236 756750 718382 678378 825082 758046 694730 877084 691820 778790 255740 234224 285698 176636 156778 367646 373276 483786 260676 2073600 2073600 1 6 210960 994560 993600 66493 60215 42767 59614 6 6 12 6 15 0 0 0 0 1920 1080 
[10525.314798] MESSAGE_B= 0 0 0 162 2 2 192 0 248 179 0 690 1414 1202 597 1862 2513 2052 1855 111 710 871 42 494 342 484 358 0 6 212 134 160 79 156 12 63 66 2 2 2 2 2 2 2 2 2 2 232304 607640 756750 718382 678378 825082 758046 694730 877084 691820 778790 255740 234224 285698 176636 156778 367646 373276 483786 260676 2073600 2073600 1 6 211059 990720 993600 67103 60750 42966 59054 6 6 12 6 10 0 0 0 0 1920 1080 
[10525.472787] MESSAGE_B= 0 0 0 162 1 2 192 0 248 179 0 704 1339 1271 593 1857 2542 2086 1872 124 696 889 28 508 341 494 357 0 6 215 193 170 85 191 13 50 43 2 2 2 2 2 2 2 2 1 2 241358 915634 756750 718382 678378 825082 758046 694730 877084 691820 778790 255740 234224 285698 176636 156778 367646 373276 483786 260676 2073600 2073600 3 6 211771 994560 993600 67486 61463 42795 58858 6 6 12 6 10 0 0 0 0 1920 1080 
[10525.750794] MESSAGE_B= 0 0 0 162 1 2 192 0 248 179 0 723 1331 1358 592 1877 2557 2123 1870 132 656 880 38 504 391 527 361 0 6 207 129 165 78 178 19 44 73 2 2 2 2 2 2 2 2 1 2 231728 610436 756750 718382 678378 825082 758046 694730 877084 691820 778790 255740 234224 285698 176636 156778 367646 373276 483786 260676 2073600 2073600 3 6 213234 990720 993600 68644 62200 43098 58563 6 6 12 6 10 0 0 0 0 1920 1080 
[10526.028785] MESSAGE_B= 0 0 0 162 1 2 192 0 248 179 0 736 1351 1326 593 1895 2575 2133 1877 137 658 835 35 504 386 530 368 0 6 214 152 164 82 194 24 29 63 2 2 2 2 2 2 2 2 1 2 242226 912656 756750 718382 678378 825082 758046 694730 877084 691820 778790 255740 234224 285698 176636 156778 367646 373276 483786 260676 2073600 2073600 3 6 212993 994560 993600 68555 62375 42956 58316 6 6 12 6 9 0 0 0 0 1920 1080 
[10526.309787] MESSAGE_B= 0 0 0 162 1 2 192 0 248 179 0 731 1357 1269 595 1902 2587 2154 1884 138 673 791 40 513 372 515 380 0 6 211 137 169 89 128 30 37 64 2 2 2 2 2 2 2 2 1 2 228674 607542 756750 718382 678378 825082 758046 694730 877084 691820 778790 255740 234224 285698 176636 156778 367646 373276 483786 260676 2073600 2073600 3 6 212594 990720 993600 68357 62301 42561 58210 6 6 12 6 9 0 0 0 0 1920 1080 
[10526.604191] MESSAGE_B= 0 0 0 161 1 2 192 0 248 179 0 736 1389 1267 589 1917 2606 2168 1867 146 676 773 39 515 374 516 396 0 6 211 135 168 87 111 30 41 78 2 2 2 2 2 2 2 2 1 2 243550 909368 756750 718382 678378 825082 758046 694730 877084 691820 778790 255740 234224 285698 176636 156778 367646 373276 483786 260676 2073600 2073600 3 6 213984 994560 993600 69130 63037 42664 58016 6 6 12 6 9 0 0 0 0 1920 1080 
[10526.761794] MESSAGE_B= 0 0 0 162 1 2 192 0 248 179 0 754 1408 1331 594 1917 2605 2169 1881 148 660 771 37 518 390 520 394 0 6 207 137 160 90 180 37 50 92 2 2 2 2 2 2 2 2 1 2 225178 603256 756750 718382 678378 825082 758046 694730 877084 691820 778790 255740 234224 285698 176636 156778 367646 373276 483786 260676 2073600 2073600 3 6 215088 990720 993600 69753 63795 42893 57859 6 6 12 6 9 0 0 0 0 1920 1080 
[10527.040785] MESSAGE_B= 0 0 0 161 1 2 192 0 248 179 0 758 1405 1315 593 1943 2623 2198 1876 153 691 753 32 521 375 514 406 0 6 206 137 164 97 148 42 55 65 2 2 2 2 2 2 2 2 1 2 245286 906022 756750 718382 678378 825082 758046 694730 877084 691820 778790 255740 234224 285698 176636 156778 367646 373276 483786 260676 2073600 2073600 3 6 215898 994560 993600 70225 64448 42557 57560 6 6 12 6 8 0 0 0 0 1920 1080 
[10527.320804] MESSAGE_B= 0 0 0 161 1 2 192 0 248 179 0 810 1472 1427 596 1974 2639 2203 1887 165 700 717 40 518 386 522 416 0 6 203 144 157 92 128 56 84 81 2 2 2 2 2 2 2 2 1 2 222538 606484 763008 638348 634390 789456 783288 680992 895132 689668 771308 248924 310576 389054 231974 160618 385726 395330 480118 281880 2073600 2073600 3 6 219096 990720 993600 71266 67092 42383 57125 6 6 12 6 13 0 0 0 0 1920 1080 
[10527.598813] MESSAGE_B= 0 0 0 160 1 2 192 0 248 179 0 602 1980 1542 549 1552 2154 1779 1405 73 204 438 27 411 335 460 366 0 12 34 66 157 91 84 10 68 19 2 2 2 2 2 2 2 2 1 2 247420 901884 763008 638348 634390 789456 783288 680992 895132 689668 771308 248924 310576 389054 231974 160618 385726 395330 480118 281880 2073600 2073600 3 12 247942 994560 993600 74217 76534 51823 52784 12 12 12 6 40 0 0 0 0 1920 1080 
[10527.877793] MESSAGE_B= 0 0 0 161 1 3 192 0 248 179 0 0 0 0 0 982 1262 977 940 0 0 0 0 205 157 244 167 0 12 0 0 38 34 0 9 154 0 1 1 2 2 1 2 2 1 1 3 221636 611038 763008 638348 634390 789456 783288 680992 895132 689668 771308 248924 310576 389054 231974 160618 385726 395330 480118 281880 2073600 2073600 3 12 439833 990720 993600 122085 122305 88622 106821 12 12 12 12 40 0 0 0 0 1920 1080 
[10528.158779] MESSAGE_B= 0 0 0 178 1 5 192 0 248 179 0 0 0 0 0 0 80 0 496 0 0 0 0 0 0 0 0 1 12 0 0 0 0 0 0 0 0 0 0 0 0 1 0 0 1 1 5 161092 892194 763008 638348 634390 789456 783288 680992 895132 689668 771308 248924 310576 389054 231974 160618 385726 395330 480118 281880 2073600 2073600 3 12 505220 994560 993600 127021 127439 123765 126995 12 12 12 12 37 0 0 0 0 1920 1080 
[10528.435356] MESSAGE_B= 0 7 0 178 2 8 192 0 248 179 0 0 0 0 0 0 0 0 0 0 0 0 0 0 0 0 0 1 12 0 0 0 0 0 0 0 0 1 1 1 1 1 1 1 1 2 8 204490 555972 763008 638348 634390 789456 783288 680992 895132 689668 771308 248924 310576 389054 231974 160618 385726 395330 480118 281880 2073600 2073600 3 12 512416 990720 993600 128104 128104 128104 128104 12 12 12 12 66 0 0 0 0 1920 1080 
[10528.588814] MESSAGE_B= 0 7 0 238 3 9 192 0 248 179 0 0 0 0 0 0 0 0 0 0 0 0 0 0 0 0 0 1 12 0 0 0 0 0 0 0 0 1 1 1 1 1 1 1 1 3 9 5434 442258 763008 638348 634390 789456 783288 680992 895132 689668 771308 248924 310576 389054 231974 160618 385726 395330 480118 281880 2073600 2073600 2 12 512416 994560 993600 128104 128104 128104 128104 12 12 12 12 66 0 0 0 0 1920 1080 
[10528.866789] MESSAGE_B= 4 7 0 243 3 9 192 0 248 179 0 0 0 0 0 0 0 0 0 0 0 0 0 0 0 0 0 1 12 0 0 0 0 0 0 0 0 1 1 1 1 1 1 1 1 3 9 0 0 763008 638348 634390 789456 783288 680992 895132 689668 771308 248924 310576 389054 231974 160618 385726 395330 480118 281880 2073600 2073600 4 12 512416 990720 993600 128104 128104 128104 128104 12 12 12 12 0 0 0 0 0 1920 1080 
[10529.141799] MESSAGE_B= 4 7 0 243 3 9 192 0 248 179 0 0 0 0 0 0 0 0 0 0 0 0 0 0 0 0 0 1 12 0 0 0 0 0 0 0 0 1 1 1 1 1 1 1 1 3 9 0 0 763008 638348 634390 789456 783288 680992 895132 689668 771308 248924 310576 389054 231974 160618 385726 395330 480118 281880 2073600 2073600 4 12 512416 994560 993600 128104 128104 128104 128104 12 12 12 12 0 0 0 0 0 1920 1080 
[10529.419790] MESSAGE_B= 4 0 0 242 1 9 192 0 248 179 0 0 196 0 281 0 0 0 0 0 0 0 0 0 0 0 0 1 12 51 0 0 0 0 0 0 0 1 0 1 1 1 0 1 1 1 9 0 0 763008 638348 634390 789456 783288 680992 895132 689668 771308 248924 310576 389054 231974 160618 385726 395330 480118 281880 2073600 2073600 4 12 511169 990720 993600 127117 127883 128070 128099 12 12 12 12 52 0 0 0 0 1920 1080 
[10529.695777] MESSAGE_B= 5 0 0 238 3 9 192 0 248 179 0 0 344 0 936 1507 146 136 1057 0 0 0 0 0 0 0 0 1 12 0 0 0 0 0 0 18 0 0 0 0 0 0 0 0 1 3 9 9044 0 13340 658334 629010 777336 645804 69014 699822 158830 2 17196 321382 286916 211520 73266 2 274928 50036 1298 2073600 2073600 6 12 497213 994560 993600 125666 126626 121686 123235 12 12 12 12 62 0 0 0 0 1920 1080 
[10529.969785] MESSAGE_B= 0 0 0 238 2 4 192 0 248 179 0 0 445 0 1263 1616 179 307 1464 0 0 0 0 0 0 0 0 1 12 0 0 0 0 0 0 0 0 0 0 0 0 0 0 0 0 2 4 14958 37434 13340 658334 629010 777336 645804 69014 699822 158830 2 17196 321382 286916 211520 73266 2 274928 50036 1298 2073600 2073600 3 12 494140 990720 993600 125094 125862 121128 122056 12 12 12 12 62 0 0 0 0 1920 1080 
[10530.244782] MESSAGE_B= 0 0 0 238 2 4 192 0 248 179 0 0 457 0 1340 1672 197 435 1538 0 0 0 0 0 0 0 0 1 12 0 0 0 0 0 0 2 0 0 0 0 0 0 0 0 0 2 4 7828 39276 13340 658334 629010 777336 645804 69014 699822 158830 2 17196 321382 286916 211520 73266 2 274928 50036 1298 2073600 2073600 3 12 493244 994560 993600 124835 125574 120989 121846 12 12 12 12 32 0 0 0 0 1920 1080 
[10530.518805] MESSAGE_B= 4 0 0 238 1 4 192 0 248 179 0 0 516 0 1426 1696 209 454 1553 0 0 0 0 0 0 0 0 1 12 0 0 0 0 0 0 0 0 0 0 0 0 0 0 0 0 1 4 12894 56250 13340 658334 629010 777336 645804 69014 699822 158830 2 17196 321382 286916 211520 73266 2 274928 50036 1298 2073600 2073600 5 12 492402 990720 993600 124373 125307 120931 121791 12 12 12 12 35 0 0 0 0 1920 1080 
[10530.793783] MESSAGE_B= 0 0 0 238 1 4 192 0 248 179 0 0 525 0 1436 1689 221 477 1550 0 0 0 0 0 0 0 0 1 12 0 0 0 0 0 0 0 0 0 0 0 0 0 0 0 0 1 4 10108 43716 13340 658334 629010 777336 645804 69014 699822 158830 2 17196 321382 286916 211520 73266 2 274928 50036 1298 2073600 2073600 3 12 491918 994560 993600 124089 125127 120926 121776 12 12 12 12 35 0 0 0 0 1920 1080 
[10531.069793] MESSAGE_B= 4 0 0 238 1 4 192 0 248 179 0 0 515 0 1428 1667 225 441 1587 0 0 0 0 0 0 0 0 1 12 0 0 0 0 0 0 0 0 0 0 0 0 0 0 0 0 1 4 12620 51128 13340 658334 629010 777336 645804 69014 699822 158830 2 17196 321382 286916 211520 73266 2 274928 50036 1298 2073600 2073600 5 12 491625 990720 993600 124002 125103 120843 121677 12 12 12 12 21 0 0 0 0 1920 1080 
[10531.347330] MESSAGE_B= 0 0 0 238 1 4 192 0 248 179 0 0 527 0 1428 1651 232 446 1545 0 0 0 0 0 0 0 0 1 12 0 0 0 0 0 0 0 0 0 0 0 0 0 0 0 0 1 4 11510 45316 13340 658334 629010 777336 645804 69014 699822 158830 2 17196 321382 286916 211520 73266 2 274928 50036 1298 2073600 2073600 3 12 491951 994560 993600 124050 125155 120981 121765 12 12 12 12 21 0 0 0 0 1920 1080 
[10531.623782] MESSAGE_B= 4 0 0 238 1 4 192 0 248 179 0 0 511 0 1394 1633 237 439 1532 0 0 0 0 0 0 0 0 1 12 0 0 0 0 0 0 0 0 0 0 0 0 0 0 0 0 1 4 11578 50746 13340 658334 629010 777336 645804 69014 699822 158830 2 17196 321382 286916 211520 73266 2 274928 50036 1298 2073600 2073600 5 12 492177 990720 993600 124214 125241 120940 121782 12 12 12 12 19 0 0 0 0 1920 1080 
[10531.897793] MESSAGE_B= 0 0 0 238 2 4 192 0 248 179 0 0 490 0 1402 1615 235 432 1563 0 0 0 0 0 0 0 0 1 12 0 0 0 0 0 0 0 0 0 0 0 0 0 0 0 0 2 4 10954 46074 13340 658334 629010 777336 645804 69014 699822 158830 2 17196 321382 286916 211520 73266 2 274928 50036 1298 2073600 2073600 3 12 491958 994560 993600 124325 125180 120839 121614 12 12 12 12 20 0 0 0 0 1920 1080 
[10532.171786] MESSAGE_B= 4 0 0 238 0 4 192 0 248 179 0 0 489 0 1382 1584 291 428 1427 0 0 0 0 0 0 0 0 1 12 0 0 0 0 0 0 0 0 0 0 0 0 0 0 0 0 0 4 9590 54342 65090 501094 645010 66632 59812 68078 679910 208358 64110 15460 219206 223344 19606 22076 15076 229202 45150 18056 2073600 2073600 5 12 500819 990720 993600 124760 125419 125185 125455 12 12 12 12 26 0 0 0 0 1920 1080 
[10532.451816] MESSAGE_B= 0 0 0 238 0 4 192 0 248 179 0 0 242 0 1149 1331 220 299 1276 0 0 0 0 0 0 0 0 1 12 0 0 0 0 0 0 0 0 0 0 0 0 0 0 0 0 0 4 8838 46796 65090 501094 645010 66632 59812 68078 679910 208358 64110 15460 219206 223344 19606 22076 15076 229202 45150 18056 2073600 2073600 3 12 503159 994560 993600 125654 125942 125667 125896 12 12 12 12 72 0 0 0 0 1920 1080 
[10532.729780] MESSAGE_B= 4 0 0 238 0 4 192 0 248 179 0 0 16 0 968 734 16 52 298 0 0 0 0 0 0 0 0 1 12 0 0 0 0 0 0 0 0 0 0 0 0 1 0 0 1 0 4 3802 67460 65090 501094 645010 66632 59812 68078 679910 208358 64110 15460 219206 223344 19606 22076 15076 229202 45150 18056 2073600 2073600 5 12 509691 990720 993600 127419 127387 127460 127425 12 12 12 12 72 0 0 0 0 1920 1080 
[10533.005781] MESSAGE_B= 0 7 0 239 0 4 192 0 248 179 0 0 0 0 0 0 0 0 0 0 0 0 0 0 0 0 0 1 12 0 0 0 0 0 0 0 0 1 1 1 1 1 1 1 1 0 4 3786 43550 65090 501094 645010 66632 59812 68078 679910 208358 64110 15460 219206 223344 19606 22076 15076 229202 45150 18056 2073600 2073600 3 12 512416 994560 993600 128104 128104 128104 128104 12 12 12 12 68 0 0 0 0 1920 1080 
[10533.160780] MESSAGE_B= 0 7 0 241 1 4 192 0 248 179 0 0 0 0 0 0 0 0 0 0 0 0 0 0 0 0 0 1 12 0 0 0 0 0 0 0 0 1 1 1 1 1 1 1 1 1 4 1552 41120 65090 501094 645010 66632 59812 68078 679910 208358 64110 15460 219206 223344 19606 22076 15076 229202 45150 18056 2073600 2073600 3 12 512416 990720 993600 128104 128104 128104 128104 12 12 12 12 56 0 0 0 0 1920 1080 
[10533.444465] MESSAGE_B= 4 7 0 243 2 4 192 0 248 179 0 0 0 0 0 0 0 0 0 0 0 0 0 0 0 0 0 1 12 0 0 0 0 0 0 0 0 1 1 1 1 1 1 1 1 2 4 0 0 65090 501094 645010 66632 59812 68078 679910 208358 64110 15460 219206 223344 19606 22076 15076 229202 45150 18056 2073600 2073600 4 12 512416 994560 993600 128104 128104 128104 128104 12 12 12 12 24 0 0 0 0 1920 1080 
[10533.716796] MESSAGE_B= 4 7 0 243 2 4 192 0 248 179 0 0 0 0 0 0 0 0 0 0 0 0 0 0 0 0 0 1 12 0 0 0 0 0 0 0 0 1 1 1 1 1 1 1 1 2 4 0 0 65090 501094 645010 66632 59812 68078 679910 208358 64110 15460 219206 223344 19606 22076 15076 229202 45150 18056 2073600 2073600 4 12 512416 990720 993600 128104 128104 128104 128104 12 12 12 12 3 0 0 0 0 1920 1080 
[10533.990789] MESSAGE_B= 4 7 0 243 1 4 192 0 248 179 0 0 0 0 0 0 0 0 0 0 0 0 0 0 0 0 0 1 12 0 0 0 0 0 0 0 0 1 1 1 1 1 1 1 1 1 4 0 0 65090 501094 645010 66632 59812 68078 679910 208358 64110 15460 219206 223344 19606 22076 15076 229202 45150 18056 2073600 2073600 4 12 511543 994560 993600 127581 127754 128104 128104 12 12 12 12 112 0 0 0 0 1920 1080 
[10534.267794] MESSAGE_B= 4 0 0 243 1 9 192 0 248 179 0 0 0 0 0 0 0 0 0 0 0 0 0 0 0 0 0 1 12 0 0 0 0 0 0 0 0 0 0 0 0 1 0 0 1 1 9 0 0 65090 501094 645010 66632 59812 68078 679910 208358 64110 15460 219206 223344 19606 22076 15076 229202 45150 18056 2073600 2073600 4 12 508265 990720 993600 127306 127384 126706 126869 12 12 12 12 112 0 0 0 0 1920 1080 
[10534.541785] MESSAGE_B= 5 0 0 242 1 6 192 0 248 179 0 0 0 0 0 0 0 0 0 0 0 0 0 0 0 0 0 1 12 0 0 0 0 0 0 0 0 0 0 0 0 1 0 0 1 1 6 1812 0 16578 415802 709902 4162 486 2 710252 221830 7708 2976 211038 221406 4292 110 2 229066 36400 2992 2073600 2073600 6 12 507252 994560 993600 127303 127341 126188 126420 12 12 12 12 51 0 0 0 0 1920 1080 
[10534.694822] MESSAGE_B= 0 0 0 241 1 5 192 0 248 179 0 0 0 0 0 0 0 0 0 0 0 0 0 0 0 0 0 1 12 0 0 0 0 0 0 0 0 0 0 0 0 1 0 0 1 1 5 3476 16218 16578 415802 709902 4162 486 2 710252 221830 7708 2976 211038 221406 4292 110 2 229066 36400 2992 2073600 2073600 3 12 506581 990720 993600 127245 127344 125875 126117 12 12 12 12 34 0 0 0 0 1920 1080 
[10534.972784] MESSAGE_B= 0 0 0 241 1 4 192 0 248 179 0 0 0 0 0 0 0 0 0 0 0 0 0 0 0 0 0 1 12 0 0 0 0 0 0 0 0 0 0 0 0 1 0 0 1 1 4 1854 10396 16578 415802 709902 4162 486 2 710252 221830 7708 2976 211038 221406 4292 110 2 229066 36400 2992 2073600 2073600 3 12 506381 994560 993600 127261 127327 125699 126094 12 12 12 12 30 0 0 0 0 1920 1080 
[10535.245786] MESSAGE_B= 0 0 0 241 1 4 192 0 248 179 0 0 0 0 0 0 0 0 0 0 0 0 0 0 0 0 0 1 12 0 0 0 0 0 0 0 0 0 0 0 0 1 0 0 1 1 4 6256 16196 16578 415802 709902 4162 486 2 710252 221830 7708 2976 211038 221406 4292 110 2 229066 36400 2992 2073600 2073600 3 12 506158 990720 993600 127235 127323 125540 126060 12 12 12 12 15 0 0 0 0 1920 1080 
[10535.518791] MESSAGE_B= 0 0 0 241 1 5 192 0 248 179 0 0 0 0 0 0 0 0 0 0 0 0 0 0 0 0 0 1 12 0 0 0 0 0 0 0 0 0 0 0 0 1 0 0 1 1 5 3944 11934 16578 415802 709902 4162 486 2 710252 221830 7708 2976 211038 221406 4292 110 2 229066 36400 2992 2073600 2073600 3 12 505993 994560 993600 127199 127357 125453 125984 12 12 12 12 15 0 0 0 0 1920 1080 
[10535.790791] MESSAGE_B= 0 0 0 241 1 5 192 0 248 179 0 0 0 0 0 0 0 0 0 0 0 0 0 0 0 0 0 1 12 0 0 0 0 0 0 0 0 0 0 0 0 1 0 0 1 1 5 7538 16442 16578 415802 709902 4162 486 2 710252 221830 7708 2976 211038 221406 4292 110 2 229066 36400 2992 2073600 2073600 3 12 505954 990720 993600 127207 127364 125418 125965 12 12 12 12 16 0 0 0 0 1920 1080 
[10536.063795] MESSAGE_B= 0 0 0 241 1 5 192 0 248 179 0 0 0 0 0 0 0 0 0 0 0 0 0 0 0 0 0 1 12 0 0 0 0 0 0 0 0 0 0 0 0 1 0 0 1 1 5 4594 12532 16578 415802 709902 4162 486 2 710252 221830 7708 2976 211038 221406 4292 110 2 229066 36400 2992 2073600 2073600 3 12 506004 994560 993600 127194 127329 125451 126030 12 12 12 12 16 0 0 0 0 1920 1080 
[10536.343621] MESSAGE_B= 0 0 0 241 1 4 192 0 248 179 0 0 0 0 0 0 0 0 0 0 0 0 0 0 0 0 0 1 12 0 0 0 0 0 0 0 0 0 0 0 0 1 0 0 1 1 4 7400 16552 16578 415802 709902 4162 486 2 710252 221830 7708 2976 211038 221406 4292 110 2 229066 36400 2992 2073600 2073600 3 12 508548 990720 993600 127226 127328 126840 127154 12 12 12 12 32 0 0 0 0 1920 1080 
[10536.618793] MESSAGE_B= 0 0 0 241 1 4 192 0 248 179 0 0 0 0 0 0 0 0 0 0 0 0 0 0 0 0 0 1 12 0 0 0 0 0 0 0 0 0 0 0 0 1 0 0 1 1 4 3722 12696 16578 415802 709902 4162 486 2 710252 221830 7708 2976 211038 221406 4292 110 2 229066 36400 2992 2073600 2073600 3 12 509227 994560 993600 127365 127431 127160 127271 12 12 12 12 62 0 0 0 0 1920 1080 
[10536.890779] MESSAGE_B= 0 0 0 242 1 3 192 0 248 179 0 0 0 0 0 0 0 0 0 0 0 0 0 0 0 0 0 1 12 0 0 0 0 0 0 0 0 1 1 1 1 1 0 0 1 1 3 3962 16938 5916 426316 678622 25990 28426 23844 696578 224424 8340 2232 211290 218046 7274 11418 3022 229820 37802 5816 2073600 2073600 3 12 511423 990720 993600 127981 127941 127747 127754 12 12 12 12 62 0 0 0 0 1920 1080 
[10537.175703] MESSAGE_B= 0 7 0 242 1 5 192 0 248 179 0 0 0 0 0 0 0 0 0 0 0 0 0 0 0 0 0 1 12 0 0 0 0 0 0 0 0 1 1 1 1 1 1 1 1 1 5 1048 10834 5916 426316 678622 25990 28426 23844 696578 224424 8340 2232 211290 218046 7274 11418 3022 229820 37802 5816 2073600 2073600 3 12 512416 994560 993600 128104 128104 128104 128104 12 12 12 12 39 0 0 0 0 1920 1080 
[10537.450796] MESSAGE_B= 4 7 0 242 1 9 192 0 248 179 0 0 0 0 0 0 0 0 0 0 0 0 0 0 0 0 0 1 12 0 0 0 0 0 0 0 0 1 1 1 1 1 1 1 1 1 9 412 10758 5916 426316 678622 25990 28426 23844 696578 224424 8340 2232 211290 218046 7274 11418 3022 229820 37802 5816 2073600 2073600 4 12 512416 990720 993600 128104 128104 128104 128104 12 12 12 12 37 0 0 0 0 1920 1080 
[10537.724786] MESSAGE_B= 4 7 0 242 1 9 192 0 248 179 0 0 0 0 0 0 0 0 0 0 0 0 0 0 0 0 0 1 12 0 0 0 0 0 0 0 0 1 1 1 1 1 1 1 1 1 9 0 0 5916 426316 678622 25990 28426 23844 696578 224424 8340 2232 211290 218046 7274 11418 3022 229820 37802 5816 2073600 2073600 4 12 512416 994560 993600 128104 128104 128104 128104 12 12 12 12 3 0 0 0 0 1920 1080 
[10537.878944] MESSAGE_B= 4 7 0 242 1 9 192 0 248 179 0 0 0 0 0 0 0 0 0 0 0 0 0 0 0 0 0 1 12 0 0 0 0 0 0 0 0 1 1 1 1 1 1 1 1 1 9 0 0 5916 426316 678622 25990 28426 23844 696578 224424 8340 2232 211290 218046 7274 11418 3022 229820 37802 5816 2073600 2073600 4 12 512416 990720 993600 128104 128104 128104 128104 12 12 12 12 3 0 0 0 0 1920 1080 
[10538.155814] MESSAGE_B= 4 7 0 242 1 11 192 0 248 179 0 0 0 0 0 0 0 0 0 0 0 0 0 0 0 0 0 1 12 0 0 0 0 0 0 0 0 1 1 1 1 1 1 1 1 1 11 0 0 5916 426316 678622 25990 28426 23844 696578 224424 8340 2232 211290 218046 7274 11418 3022 229820 37802 5816 2073600 2073600 4 12 512416 994560 993600 128104 128104 128104 128104 12 12 12 12 0 0 0 0 0 1920 1080 
[10538.431789] MESSAGE_B= 4 7 0 242 1 11 192 0 248 179 0 0 0 0 0 0 0 0 0 0 0 0 0 0 0 0 0 1 12 0 0 0 0 0 0 0 0 1 1 1 1 1 1 1 1 1 11 0 0 5916 426316 678622 25990 28426 23844 696578 224424 8340 2232 211290 218046 7274 11418 3022 229820 37802 5816 2073600 2073600 4 12 512416 990720 993600 128104 128104 128104 128104 12 12 12 12 0 0 0 0 0 1920 1080 
[10538.708776] MESSAGE_B= 4 7 0 242 1 11 192 0 248 179 0 0 0 0 0 0 0 0 0 0 0 0 0 0 0 0 0 1 12 0 0 0 0 0 0 0 0 1 1 1 1 1 1 1 1 1 11 0 0 5916 426316 678622 25990 28426 23844 696578 224424 8340 2232 211290 218046 7274 11418 3022 229820 37802 5816 2073600 2073600 4 12 512416 994560 993600 128104 128104 128104 128104 12 12 12 12 0 0 0 0 0 1920 1080 
[10538.980790] MESSAGE_B= 4 7 0 242 1 11 192 0 248 179 0 0 0 0 0 0 0 0 0 0 0 0 0 0 0 0 0 1 12 0 0 0 0 0 0 0 0 1 1 1 1 1 1 1 1 1 11 0 0 5916 426316 678622 25990 28426 23844 696578 224424 8340 2232 211290 218046 7274 11418 3022 229820 37802 5816 2073600 2073600 4 12 512416 990720 993600 128104 128104 128104 128104 12 12 12 12 0 0 0 0 0 1920 1080 
[10539.269997] MESSAGE_B= 4 0 0 242 1 11 192 0 248 179 0 0 0 0 0 0 0 0 0 0 0 0 0 0 0 0 0 1 12 0 0 0 0 0 0 0 0 1 1 0 0 1 0 0 1 1 11 0 0 2 405878 693062 2 6 2 706732 226642 2 2 210042 218082 2 6 2 226292 32318 2 2073600 2073600 4 12 506071 994560 993600 128104 128104 125257 124606 12 12 12 12 0 0 0 0 0 1920 1080 
[10539.419992] MESSAGE_B= 4 0 0 242 0 18 192 0 248 179 0 0 0 0 0 0 0 0 0 0 0 0 0 0 0 0 0 1 12 0 0 0 0 0 0 0 0 1 1 0 0 1 0 0 1 0 18 0 0 2 405878 693062 2 6 2 706732 226642 2 2 210042 218082 2 6 2 226292 32318 2 2073600 2073600 4 12 505941 990720 993600 128104 128104 125151 124582 12 12 12 12 0 0 0 0 0 1920 1080 
[10539.692781] MESSAGE_B= 4 0 0 243 0 18 192 0 248 179 0 0 0 0 0 0 0 0 0 0 0 0 0 0 0 0 0 1 12 0 0 0 0 0 0 0 0 1 1 0 0 1 0 0 1 0 18 0 0 2 405878 693062 2 6 2 706732 226642 2 2 210042 218082 2 6 2 226292 32318 2 2073600 2073600 4 12 505941 994560 993600 128104 128104 125151 124582 12 12 12 12 3 0 0 0 0 1920 1080 
[10539.970167] MESSAGE_B= 4 0 0 243 0 18 192 0 248 179 0 0 0 0 0 0 0 0 0 0 0 0 0 0 0 0 0 1 12 0 0 0 0 0 0 0 0 1 1 0 0 1 0 0 1 0 18 6228 62492 2 405878 693062 2 6 2 706732 226642 2 2 210042 218082 2 6 2 226292 32318 2 2073600 2073600 5 12 506071 990720 993600 128104 128104 125257 124606 12 12 12 12 3 0 0 0 0 1920 1080 
[10540.240789] MESSAGE_B= 4 0 0 243 0 18 192 0 248 179 0 0 0 0 0 0 0 0 0 0 0 0 0 0 0 0 0 1 12 0 0 0 0 0 0 0 0 1 1 0 0 1 0 0 1 0 18 0 0 2 405878 693062 2 6 2 706732 226642 2 2 210042 218082 2 6 2 226292 32318 2 2073600 2073600 4 12 506071 994560 993600 128104 128104 125257 124606 12 12 12 12 3 0 0 0 0 1920 1080 
[10540.509795] MESSAGE_B= 4 0 0 243 0 18 192 0 248 179 0 0 0 0 0 0 0 0 0 0 0 0 0 0 0 0 0 1 12 0 0 0 0 0 0 0 0 1 1 0 0 1 0 0 1 0 18 6216 62490 2 405878 693062 2 6 2 706732 226642 2 2 210042 218082 2 6 2 226292 32318 2 2073600 2073600 5 12 506071 990720 993600 128104 128104 125257 124606 12 12 12 12 3 0 0 0 0 1920 1080 
[10540.789784] MESSAGE_B= 4 0 0 243 0 18 192 0 248 179 0 0 0 0 0 0 0 0 0 0 0 0 0 0 0 0 0 1 12 0 0 0 0 0 0 0 0 1 1 0 0 1 0 0 1 0 18 0 0 2 405878 693062 2 6 2 706732 226642 2 2 210042 218082 2 6 2 226292 32318 2 2073600 2073600 4 12 505941 994560 993600 128104 128104 125151 124582 12 12 12 12 3 0 0 0 0 1920 1080 
[10541.059777] MESSAGE_B= 4 0 0 243 0 18 192 0 248 179 0 0 0 0 0 0 0 0 0 0 0 0 0 0 0 0 0 1 12 0 0 0 0 0 0 0 0 1 1 0 0 1 0 0 1 0 18 6216 62490 2 405878 693062 2 6 2 706732 226642 2 2 210042 218082 2 6 2 226292 32318 2 2073600 2073600 5 12 505941 990720 993600 128104 128104 125151 124582 12 12 12 12 3 0 0 0 0 1920 1080 
[10541.340790] MESSAGE_B= 4 0 0 243 0 18 192 0 248 179 0 0 0 0 0 0 0 0 0 0 0 0 0 0 0 0 0 1 12 0 0 0 0 0 0 0 0 1 1 0 0 1 0 0 1 0 18 0 0 2 405878 693062 2 6 2 706732 226642 2 2 210042 218082 2 6 2 226292 32318 2 2073600 2073600 4 12 506071 994560 993600 128104 128104 125257 124606 12 12 12 12 3 0 0 0 0 1920 1080 
[10541.618676] MESSAGE_B= 4 0 0 243 0 18 192 0 248 179 0 0 0 0 0 0 0 0 0 0 0 0 0 0 0 0 0 1 12 0 0 0 0 0 0 0 0 1 1 0 0 1 0 0 1 0 18 6216 62490 57580 402410 656826 58400 57606 57648 674502 234872 57676 5820 204932 223118 6092 5896 5872 225916 32730 5892 2073600 2073600 5 12 505941 990720 993600 128104 128104 125151 124582 12 12 12 12 3 0 0 0 0 1920 1080 
[10541.899812] MESSAGE_B= 4 0 0 243 0 18 192 0 248 179 0 0 0 0 0 0 0 0 0 0 0 0 0 0 0 0 0 1 12 0 0 0 0 0 0 0 0 1 1 0 0 1 0 0 1 0 18 0 0 57580 402410 656826 58400 57606 57648 674502 234872 57676 5820 204932 223118 6092 5896 5872 225916 32730 5892 2073600 2073600 4 12 506071 994560 993600 128104 128104 125257 124606 12 12 12 12 3 0 0 0 0 1920 1080 
[10542.173784] MESSAGE_B= 4 0 0 243 0 18 192 0 248 179 0 0 0 0 0 0 0 0 0 0 0 0 0 0 0 0 0 1 12 0 0 0 0 0 0 0 0 1 1 0 0 1 0 0 1 0 18 6216 62490 57580 402410 656826 58400 57606 57648 674502 234872 57676 5820 204932 223118 6092 5896 5872 225916 32730 5892 2073600 2073600 5 12 506071 990720 993600 128104 128104 125257 124606 12 12 12 12 3 0 0 0 0 1920 1080 
[10542.447805] MESSAGE_B= 4 0 0 243 0 18 192 0 248 179 0 0 0 0 0 0 0 0 0 0 0 0 0 0 0 0 0 1 12 0 0 0 0 0 0 0 0 1 1 0 0 1 0 0 1 0 18 0 0 57580 402410 656826 58400 57606 57648 674502 234872 57676 5820 204932 223118 6092 5896 5872 225916 32730 5892 2073600 2073600 4 12 505941 994560 993600 128104 128104 125151 124582 12 12 12 12 3 0 0 0 0 1920 1080 
[10542.598784] MESSAGE_B= 4 0 0 243 0 18 192 0 248 179 0 0 0 0 0 0 0 0 0 0 0 0 0 0 0 0 0 1 12 0 0 0 0 0 0 0 0 1 1 0 0 1 0 0 1 0 18 6216 62490 57580 402410 656826 58400 57606 57648 674502 234872 57676 5820 204932 223118 6092 5896 5872 225916 32730 5892 2073600 2073600 5 12 506071 990720 993600 128104 128104 125257 124606 12 12 12 12 3 0 0 0 0 1920 1080 
[10542.872779] MESSAGE_B= 4 0 0 243 0 18 192 0 248 179 0 0 0 0 0 0 0 0 0 0 0 0 0 0 0 0 0 1 12 0 0 0 0 0 0 0 0 1 1 0 0 1 0 0 1 0 18 0 0 57580 402410 656826 58400 57606 57648 674502 234872 57676 5820 204932 223118 6092 5896 5872 225916 32730 5892 2073600 2073600 4 12 506071 994560 993600 128104 128104 125257 124606 12 12 12 12 3 0 0 0 0 1920 1080 
[10543.144778] MESSAGE_B= 4 0 0 243 0 18 192 0 248 179 0 0 0 0 0 0 0 0 0 0 0 0 0 0 0 0 0 1 12 0 0 0 0 0 0 0 0 1 1 0 0 1 0 0 1 0 18 6216 62490 57580 402410 656826 58400 57606 57648 674502 234872 57676 5820 204932 223118 6092 5896 5872 225916 32730 5892 2073600 2073600 5 12 506071 990720 993600 128104 128104 125257 124606 12 12 12 12 3 0 0 0 0 1920 1080 
[10543.419778] MESSAGE_B= 4 0 0 243 0 18 192 0 248 179 0 0 0 0 0 0 0 0 0 0 0 0 0 0 0 0 0 1 12 0 0 0 0 0 0 0 0 1 1 0 0 1 0 0 1 0 18 0 0 57580 402410 656826 58400 57606 57648 674502 234872 57676 5820 204932 223118 6092 5896 5872 225916 32730 5892 2073600 2073600 4 12 505941 994560 993600 128104 128104 125151 124582 12 12 12 12 3 0 0 0 0 1920 1080 
[10543.692788] MESSAGE_B= 4 0 0 243 0 18 192 0 248 179 0 0 0 0 0 0 0 0 0 0 0 0 0 0 0 0 0 1 12 0 0 0 0 0 0 0 0 1 1 0 0 1 0 0 1 0 18 6216 62490 57580 402410 656826 58400 57606 57648 674502 234872 57676 5820 204932 223118 6092 5896 5872 225916 32730 5892 2073600 2073600 5 12 505568 990720 993600 127731 128104 125151 124582 12 12 12 12 31 0 0 0 0 1920 1080 
[10543.968789] MESSAGE_B= 5 0 0 237 0 15 192 0 248 179 0 0 125 0 64 160 0 24 0 0 0 0 0 0 0 0 0 1 12 0 0 0 0 0 0 0 0 0 0 0 0 0 0 0 1 0 15 42262 18 53730 444314 656826 58400 57606 57648 674502 234872 57676 53552 205278 223118 6098 5896 5872 225916 32730 5890 2073600 2073600 6 12 503256 994560 993600 125356 128037 125257 124606 12 12 12 12 31 0 0 0 0 1920 1080 
[10544.243781] MESSAGE_B= 0 0 0 235 0 3 192 0 248 179 0 0 253 0 82 0 0 0 0 0 0 0 0 0 0 0 0 1 12 4 0 0 0 0 0 0 0 0 0 0 0 0 0 0 1 0 3 6782 52312 53730 444314 656826 58400 57606 57648 674502 234872 57676 53552 205278 223118 6098 5896 5872 225916 32730 5890 2073600 2073600 2 12 501797 990720 993600 123968 127966 125257 124606 12 12 12 12 51 0 0 0 0 1920 1080 
[10544.521606] MESSAGE_B= 0 0 0 232 1 2 192 0 248 179 0 0 368 0 122 141 368 105 16 0 0 0 0 0 0 0 0 1 12 4 0 0 0 0 0 0 0 0 0 0 1 0 0 0 1 1 2 75512 21582 53730 444314 656826 58400 57606 57648 674502 234872 57676 53552 205278 223118 6098 5896 5872 225916 32730 5890 2073600 2073600 3 12 505509 994560 993600 123453 127556 126397 128103 12 12 12 12 101 0 0 0 0 1920 1080 
[10544.803976] MESSAGE_B= 0 0 0 227 1 3 192 0 248 179 0 0 356 0 136 0 1280 0 16 0 0 0 0 0 0 0 0 1 12 5 0 0 0 0 0 0 0 0 0 0 0 0 0 0 1 1 3 7774 49014 53730 444314 656826 58400 57606 57648 674502 234872 57676 53552 205278 223118 6098 5896 5872 225916 32730 5890 2073600 2073600 2 12 497830 990720 993600 120457 127451 123447 126475 12 12 12 12 101 0 0 0 0 1920 1080 
[10545.078777] MESSAGE_B= 0 0 0 214 1 2 192 0 248 179 0 0 473 0 142 240 0 80 0 0 0 0 0 0 0 0 0 1 12 15 0 0 0 0 0 0 0 0 0 0 0 0 0 0 0 1 2 75088 27720 53730 444314 656826 58400 57606 57648 674502 234872 57676 53552 205278 223118 6098 5896 5872 225916 32730 5890 2073600 2073600 3 12 494768 994560 993600 117489 126954 123887 126438 12 12 12 12 115 0 0 0 0 1920 1080 
[10545.352792] MESSAGE_B= 0 0 0 204 1 2 192 0 248 179 0 0 547 0 185 229 1050 134 26 0 0 0 0 0 0 0 0 1 12 4 6 0 0 8 0 0 0 0 0 0 0 0 0 0 1 1 2 33864 80208 53730 444314 656826 58400 57606 57648 674502 234872 57676 53552 205278 223118 6098 5896 5872 225916 32730 5890 2073600 2073600 1 12 478861 990720 993600 117386 126638 108569 126268 12 12 12 12 118 0 0 0 0 1920 1080 
[10545.627789] MESSAGE_B= 0 0 0 198 1 2 192 0 248 179 0 1147 808 905 1248 0 0 0 0 310 24 178 80 0 0 0 0 0 12 91 255 0 0 98 17 0 0 2 0 1 1 2 2 1 1 1 2 133762 43504 53730 444314 656826 58400 57606 57648 674502 234872 57676 53552 205278 223118 6098 5896 5872 225916 32730 5890 2073600 2073600 3 12 458234 994560 993600 114516 126601 90904 126213 12 12 12 12 126 0 0 0 0 1920 1080 
[10545.902799] MESSAGE_B= 0 0 0 188 1 3 192 0 248 179 0 1271 0 869 0 764 0 796 0 316 0 163 0 123 0 67 0 0 12 170 0 83 0 8 128 0 0 2 1 2 1 2 2 1 1 1 3 379834 79358 53730 444314 656826 58400 57606 57648 674502 234872 57676 53552 205278 223118 6098 5896 5872 225916 32730 5890 2073600 2073600 3 12 458347 990720 993600 111495 125641 96380 124831 12 12 12 12 126 0 0 0 0 1920 1080 
[10546.178788] MESSAGE_B= 0 0 0 166 2 3 192 0 248 179 0 1524 2272 956 1194 754 1032 798 920 151 408 183 338 112 275 160 271 0 12 102 43 102 127 174 175 66 21 2 2 2 2 2 2 2 2 2 3 262884 183328 53730 444314 656826 58400 57606 57648 674502 234872 57676 53552 205278 223118 6098 5896 5872 225916 32730 5890 2073600 2073600 3 12 434584 994560 993600 107866 124612 92687 109419 12 12 12 12 123 0 0 0 0 1920 1080 
[10546.336034] MESSAGE_B= 0 0 0 143 1 3 192 0 248 179 0 1433 1699 939 984 809 1090 864 736 156 456 212 283 183 276 144 125 0 12 44 96 1 86 93 212 77 32 2 2 2 2 2 2 2 2 1 3 163712 85038 371910 349840 536702 77452 85052 97766 334502 185900 161920 380954 278832 256266 76612 143242 111960 559906 564502 430378 2073600 2073600 3 12 419507 990720 993600 103416 123182 93083 99826 12 12 12 12 123 0 0 0 0 1920 1080 
[10546.615993] MESSAGE_B= 0 0 0 117 1 3 192 0 248 179 0 1317 1275 945 1289 860 898 893 2293 229 410 204 480 215 227 129 253 0 12 21 116 62 135 50 23 64 18 2 2 2 2 2 2 2 2 1 3 238188 490232 371910 349840 536702 77452 85052 97766 334502 185900 161920 380954 278832 256266 76612 143242 111960 559906 564502 430378 2073600 2073600 3 12 377692 994560 993600 96958 113262 99750 67722 12 12 12 12 95 0 0 0 0 1920 1080 
[10546.905801] MESSAGE_B= 0 0 0 114 1 3 192 0 248 179 0 985 967 918 1287 650 890 1018 2013 168 198 197 444 72 364 182 233 0 12 33 114 57 33 117 162 10 0 2 2 2 2 2 2 2 2 1 3 275704 177120 371910 349840 536702 77452 85052 97766 334502 185900 161920 380954 278832 256266 76612 143242 111960 559906 564502 430378 2073600 2073600 3 12 354214 990720 993600 84067 109087 96722 64338 12 12 12 12 116 0 0 0 0 1920 1080 
[10547.190503] MESSAGE_B= 0 0 0 132 3 3 192 0 248 179 0 722 925 938 1292 709 1118 1116 1729 87 267 228 367 122 921 121 338 0 12 8 92 212 5 191 45 17 101 2 2 2 2 2 2 2 2 3 3 359354 791780 371910 349840 536702 77452 85052 97766 334502 185900 161920 380954 278832 256266 76612 143242 111960 559906 564502 430378 2073600 2073600 1 12 397604 994560 993600 112814 108943 112389 63458 12 12 12 12 116 0 0 0 0 1920 1080 
[10547.469798] MESSAGE_B= 0 0 0 146 3 2 192 0 248 179 0 0 936 0 1151 0 2169 0 1537 0 310 0 427 0 1299 0 292 0 12 0 18 0 177 0 47 89 116 1 2 1 2 1 2 2 2 3 2 444978 304146 371910 349840 536702 77452 85052 97766 334502 185900 161920 380954 278832 256266 76612 143242 111960 559906 564502 430378 2073600 2073600 2 12 409783 990720 993600 118555 110852 122090 58286 12 12 12 12 102 0 0 0 0 1920 1080 
[10547.747794] MESSAGE_B= 0 0 0 149 3 2 192 0 248 179 0 0 824 0 1220 606 1206 1528 1572 0 185 0 357 54 857 172 146 0 12 0 26 116 146 0 64 89 73 1 2 2 2 1 2 2 2 3 2 124930 529506 371910 349840 536702 77452 85052 97766 334502 185900 161920 380954 278832 256266 76612 143242 111960 559906 564502 430378 2073600 2073600 2 12 406715 994560 993600 120269 113202 117194 56050 12 12 12 12 96 0 0 0 0 1920 1080 
[10548.031790] MESSAGE_B= 0 0 0 147 2 3 192 0 248 179 0 762 919 965 667 771 953 1449 1286 45 184 55 131 117 203 321 310 0 12 54 194 166 178 7 28 11 5 2 2 2 2 2 2 2 2 2 3 626768 246680 371910 349840 536702 77452 85052 97766 334502 185900 161920 380954 278832 256266 76612 143242 111960 559906 564502 430378 2073600 2073600 3 12 362195 990720 993600 121234 113351 68205 59405 12 12 12 12 93 0 0 0 0 1920 1080 
[10548.187963] MESSAGE_B= 0 0 0 125 2 3 192 0 248 179 0 688 800 1024 869 863 1062 1529 1146 0 99 0 334 138 224 327 373 0 12 0 74 198 116 18 37 15 0 2 2 2 2 2 2 2 2 2 3 186748 703240 371910 349840 536702 77452 85052 97766 334502 185900 161920 380954 278832 256266 76612 143242 111960 559906 564502 430378 2073600 2073600 3 12 346125 994560 993600 121318 112664 59867 63188 12 12 5 12 87 0 0 0 0 1920 1080 
[10548.467795] MESSAGE_B= 0 0 0 126 2 3 192 0 248 179 0 658 701 1326 763 967 1174 1635 919 150 91 416 42 97 137 284 351 0 12 92 20 122 6 3 61 10 0 2 2 0 2 2 2 2 1 2 3 270290 366142 371910 349840 536702 77452 85052 97766 334502 185900 161920 380954 278832 256266 76612 143242 111960 559906 564502 430378 2073600 2073600 3 12 336493 990720 993600 116729 112568 60066 73653 12 12 5 12 77 0 0 0 0 1920 1080 

