[10404.731790] MESSAGE_B= 0 0 0 248 1 4 192 0 248 179 0 0 22 0 21 26 0 21 0 0 0 0 0 0 0 0 0 1 12 0 0 0 0 0 0 0 0 1 1 0 0 1 0 0 0 1 4 79258 895748 2 125774 119098 166722 2 2 214386 185648 2 2 7570 324146 2 2 2 395434 397156 2 2073600 2073600 3 6 509549 990720 993600 127904 127953 127167 126525 6 6 6 6 36 0 0 0 0 1920 1080 
[10405.011105] MESSAGE_B= 0 0 0 244 1 3 192 0 248 179 0 0 20 0 24 25 0 22 0 0 0 0 0 0 0 0 0 1 12 0 0 0 0 0 0 0 0 1 1 0 0 1 0 0 0 1 3 169832 984152 2 125774 119098 166722 2 2 214386 185648 2 2 7570 324146 2 2 2 395434 397156 2 2073600 2073600 3 6 509644 994560 993600 127923 127962 127181 126578 6 6 6 6 8 0 0 0 0 1920 1080 
[10405.284777] MESSAGE_B= 0 0 0 244 1 3 192 0 248 179 0 0 21 0 24 24 0 22 0 0 0 0 0 0 0 0 0 1 12 0 0 0 0 0 0 0 0 1 1 0 0 1 0 0 0 1 3 137622 929052 2 125774 119098 166722 2 2 214386 185648 2 2 7570 324146 2 2 2 395434 397156 2 2073600 2073600 3 6 509566 990720 993600 127905 127957 127167 126537 6 6 6 6 6 0 0 0 0 1920 1080 
[10405.555817] MESSAGE_B= 0 0 0 244 2 3 192 0 248 179 0 0 21 0 24 23 0 28 0 0 0 0 0 0 0 0 0 1 12 0 0 0 0 0 0 0 0 1 1 0 0 1 0 0 0 2 3 164142 984544 1705210 17214 116550 2 457706 11372 16542 272354 1721994 231342 5646 325290 128 72136 7222 41242 179480 142770 2073600 2073600 3 6 509718 994560 993600 127928 127956 127208 126626 6 6 6 6 7 0 0 0 0 1920 1080 
[10405.833806] MESSAGE_B= 0 0 0 245 2 3 192 0 248 179 0 0 28 0 26 26 0 28 0 0 0 0 0 0 0 0 0 1 12 0 0 0 0 0 0 0 0 1 1 0 0 1 0 0 0 2 3 132022 927934 1705210 17214 116550 2 457706 11372 16542 272354 1721994 231342 5646 325290 128 72136 7222 41242 179480 142770 2073600 2073600 3 6 509824 990720 993600 127887 127957 127245 126735 6 6 6 6 8 0 0 0 0 1920 1080 
[10406.113785] MESSAGE_B= 0 0 0 247 2 3 192 0 248 179 0 0 25 0 27 23 0 22 0 0 0 0 0 0 0 0 0 1 12 0 0 0 0 0 0 0 0 1 1 0 0 1 0 0 0 2 3 162642 982718 1705210 17214 116550 2 457706 11372 16542 272354 1721994 231342 5646 325290 128 72136 7222 41242 179480 142770 2073600 2073600 3 6 510255 994560 993600 127889 127962 127426 126978 6 6 6 6 9 0 0 0 0 1920 1080 
[10406.266836] MESSAGE_B= 0 0 0 250 2 3 192 0 248 179 0 0 24 0 29 24 0 20 0 0 0 0 0 0 0 0 0 1 12 0 0 0 0 0 0 0 0 1 1 0 0 1 0 0 0 2 3 178184 913128 1705210 17214 116550 2 457706 11372 16542 272354 1721994 231342 5646 325290 128 72136 7222 41242 179480 142770 2073600 2073600 3 6 510620 990720 993600 127918 127985 127546 127171 6 6 6 6 10 0 0 0 0 1920 1080 
[10406.544793] MESSAGE_B= 0 0 0 252 2 3 192 0 248 179 0 0 25 0 29 0 0 0 0 0 0 0 0 0 0 0 0 1 12 0 0 0 0 0 0 0 0 1 1 1 0 1 0 1 1 2 3 137584 975074 1705210 17214 116550 2 457706 11372 16542 272354 1721994 231342 5646 325290 128 72136 7222 41242 179480 142770 2073600 2073600 3 6 511468 994560 993600 127991 127952 127690 127835 6 6 6 6 12 0 0 0 0 1920 1080 
[10406.818780] MESSAGE_B= 0 0 0 253 1 5 192 0 248 179 0 0 16 0 16 16 0 32 0 0 0 0 0 0 0 0 0 1 12 0 0 0 0 0 0 0 0 1 1 1 0 1 0 1 1 1 5 298718 748262 1705210 17214 116550 2 457706 11372 16542 272354 1721994 231342 5646 325290 128 72136 7222 41242 179480 142770 2073600 2073600 3 6 511855 990720 993600 128073 128072 127664 128046 6 6 6 6 14 0 0 0 0 1920 1080 
[10407.096697] MESSAGE_B= 0 0 0 253 2 4 192 0 248 179 0 0 0 0 0 0 0 0 0 0 0 0 0 0 0 0 0 1 12 0 0 0 0 0 0 0 0 1 1 1 0 1 0 1 1 2 4 275876 968388 1705210 17214 116550 2 457706 11372 16542 272354 1721994 231342 5646 325290 128 72136 7222 41242 179480 142770 2073600 2073600 3 6 511622 994560 993600 128102 127971 127461 128088 6 6 6 6 14 0 0 0 0 1920 1080 
[10407.369775] MESSAGE_B= 0 0 0 252 2 3 192 0 248 179 0 0 0 0 0 0 0 0 0 0 0 0 0 0 0 0 0 1 12 0 0 0 0 0 0 0 0 1 0 1 1 1 1 1 0 2 3 284246 615628 1705210 17214 116550 2 457706 11372 16542 272354 1721994 231342 5646 325290 128 72136 7222 41242 179480 142770 2073600 2073600 3 6 512009 990720 993600 128101 127700 128104 128104 6 6 6 6 14 0 0 0 0 1920 1080 
[10407.644785] MESSAGE_B= 0 0 0 252 1 6 192 0 248 179 0 0 0 0 0 0 0 0 0 0 0 0 0 0 0 0 0 1 12 0 0 0 0 0 0 0 0 1 0 1 1 1 1 1 0 1 6 421596 884970 1705210 17214 116550 2 457706 11372 16542 272354 1721994 231342 5646 325290 128 72136 7222 41242 179480 142770 2073600 2073600 3 6 511241 994560 993600 128098 126935 128104 128104 6 6 6 6 13 0 0 0 0 1920 1080 
[10407.917786] MESSAGE_B= 0 0 0 251 1 4 192 0 248 179 0 0 0 0 0 0 0 0 0 0 0 0 0 0 0 0 0 1 12 0 0 0 0 0 0 0 0 1 0 1 1 1 1 1 0 1 4 423232 583968 927610 878954 1589846 1817558 1612714 51162 820370 90580 1056906 336206 239828 274898 267968 399784 32448 163410 66968 387104 2073600 2073600 3 6 511021 990720 993600 128103 126710 128104 128104 6 6 6 6 13 0 0 0 0 1920 1080 
[10408.196798] MESSAGE_B= 0 7 0 252 1 6 192 0 248 179 0 0 0 0 0 0 0 0 0 0 0 0 0 0 0 0 0 1 12 0 0 0 0 0 0 0 0 1 1 1 1 1 1 1 1 1 6 157506 944052 927610 878954 1589846 1817558 1612714 51162 820370 90580 1056906 336206 239828 274898 267968 399784 32448 163410 66968 387104 2073600 2073600 3 6 512226 994560 993600 128101 127917 128104 128104 6 6 6 6 13 0 0 0 0 1920 1080 
[10408.478791] MESSAGE_B= 0 7 0 254 1 11 192 0 248 179 0 0 0 0 0 0 0 0 0 0 0 0 0 0 0 0 0 1 12 0 0 0 0 0 0 0 0 1 1 1 1 1 1 1 1 1 11 134386 649272 927610 878954 1589846 1817558 1612714 51162 820370 90580 1056906 336206 239828 274898 267968 399784 32448 163410 66968 387104 2073600 2073600 3 6 512416 990720 993600 128104 128104 128104 128104 6 6 6 6 13 0 0 0 0 1920 1080 
[10408.631819] MESSAGE_B= 0 7 0 251 1 8 192 0 248 179 0 0 0 0 0 0 0 0 0 0 0 0 0 0 0 0 0 1 12 0 0 0 0 0 0 0 0 1 1 1 1 1 1 1 1 1 8 77258 340888 927610 878954 1589846 1817558 1612714 51162 820370 90580 1056906 336206 239828 274898 267968 399784 32448 163410 66968 387104 2073600 2073600 3 6 512199 994560 993600 128104 128104 128104 127887 6 6 6 6 15 0 0 0 0 1920 1080 
[10408.906791] MESSAGE_B= 0 0 0 208 2 3 192 0 248 179 0 0 32 0 2672 491 0 2087 0 0 0 0 0 0 0 0 0 1 12 0 0 0 8 0 0 0 0 0 0 0 0 1 0 0 0 2 3 345580 592828 927610 878954 1589846 1817558 1612714 51162 820370 90580 1056906 336206 239828 274898 267968 399784 32448 163410 66968 387104 2073600 2073600 3 6 482848 990720 993600 126902 110527 127100 118319 6 6 6 6 18 0 0 0 0 1920 1080 
[10409.191912] MESSAGE_B= 0 0 0 173 1 4 192 0 248 179 0 2158 2295 2243 2342 0 0 0 0 53 111 70 102 0 0 0 0 0 6 36 193 0 0 0 0 0 0 2 2 1 1 1 1 1 1 1 4 189020 540810 927610 878954 1589846 1817558 1612714 51162 820370 90580 1056906 336206 239828 274898 267968 399784 32448 163410 66968 387104 2073600 2073600 3 6 448534 994560 993600 111970 82942 127559 126063 6 6 6 6 21 0 0 0 0 1920 1080 
[10409.468787] MESSAGE_B= 0 0 0 154 1 3 192 0 248 179 0 2198 2325 2257 2356 0 0 0 0 92 146 71 112 0 0 0 0 0 6 7 178 0 0 0 0 0 0 2 2 1 1 1 1 1 1 1 3 111642 987102 927610 878954 1589846 1817558 1612714 51162 820370 90580 1056906 336206 239828 274898 267968 399784 32448 163410 66968 387104 2073600 2073600 3 6 437278 990720 993600 103321 78583 127505 127869 6 6 6 6 23 0 0 0 0 1920 1080 
[10409.746786] MESSAGE_B= 0 0 0 150 1 2 192 0 248 179 0 2203 2362 2255 2361 0 0 0 0 102 141 47 116 0 0 0 0 0 6 84 129 0 0 0 0 0 0 2 2 1 1 1 1 1 1 1 2 272864 656832 927610 878954 1589846 1817558 1612714 51162 820370 90580 1056906 336206 239828 274898 267968 399784 32448 163410 66968 387104 2073600 2073600 3 6 439033 994560 993600 102269 80675 128021 128068 6 6 6 6 23 0 0 0 0 1920 1080 
[10410.023798] MESSAGE_B= 0 0 0 150 1 3 192 0 248 179 0 2208 2368 2247 2352 0 0 0 0 97 150 75 122 0 0 0 0 0 6 103 137 0 0 0 0 0 0 2 0 1 1 1 1 1 1 1 3 264602 939018 927610 878954 1589846 1817558 1612714 51162 820370 90580 1056906 336206 239828 274898 267968 399784 32448 163410 66968 387104 2073600 2073600 3 6 444591 990720 993600 104630 83922 128002 128037 6 6 6 6 22 0 0 0 0 1920 1080 
[10410.299801] MESSAGE_B= 0 0 0 152 1 3 192 0 248 179 0 2201 2394 2239 2348 0 0 0 0 111 130 66 102 0 0 0 0 0 6 157 123 0 0 0 0 0 0 2 2 1 1 1 1 1 1 1 3 246384 972486 1633328 136922 143426 709602 1154352 299482 447862 1206672 1781774 263784 20670 55074 184312 341790 330654 220086 274034 415346 2073600 2073600 3 6 447810 994560 993600 106163 85620 128006 128021 6 6 6 6 21 0 0 0 0 1920 1080 
[10410.582791] MESSAGE_B= 0 0 0 155 1 2 192 0 248 179 0 2211 2411 2235 2347 0 0 0 0 103 136 64 130 0 0 0 0 0 6 175 138 0 0 0 0 0 0 2 0 1 1 1 1 1 1 1 2 222272 925554 1633328 136922 143426 709602 1154352 299482 447862 1206672 1781774 263784 20670 55074 184312 341790 330654 220086 274034 415346 2073600 2073600 3 6 451091 990720 993600 108187 86925 127937 128042 6 6 6 6 21 0 0 0 0 1920 1080 
[10410.859791] MESSAGE_B= 0 0 0 161 1 2 192 0 248 179 0 2225 2422 2230 2352 0 0 0 0 110 137 59 115 0 0 0 0 0 6 195 145 0 0 0 0 0 0 2 0 1 1 1 1 1 1 1 2 291310 939950 1633328 136922 143426 709602 1154352 299482 447862 1206672 1781774 263784 20670 55074 184312 341790 330654 220086 274034 415346 2073600 2073600 3 6 454779 994560 993600 109897 89006 127880 127996 6 6 6 6 21 0 0 0 0 1920 1080 
[10411.147787] MESSAGE_B= 0 0 0 165 1 3 192 0 248 179 0 2230 2434 2226 2355 0 0 0 0 86 138 35 125 0 0 0 0 0 6 157 179 0 0 0 0 0 0 2 0 1 1 1 1 1 1 1 3 110424 867520 1633328 136922 143426 709602 1154352 299482 447862 1206672 1781774 263784 20670 55074 184312 341790 330654 220086 274034 415346 2073600 2073600 3 6 457770 990720 993600 111592 90554 127760 127864 6 6 6 6 21 0 0 0 0 1920 1080 
[10411.423791] MESSAGE_B= 0 0 0 169 1 2 192 0 248 179 0 2261 2443 2228 2363 0 0 0 0 83 127 62 105 0 0 0 0 0 6 211 177 0 0 0 0 0 0 2 0 1 1 1 1 1 1 1 2 297414 969288 1633328 136922 143426 709602 1154352 299482 447862 1206672 1781774 263784 20670 55074 184312 341790 330654 220086 274034 415346 2073600 2073600 3 6 458668 994560 993600 112158 92078 127370 127062 6 6 6 6 22 0 0 0 0 1920 1080 
[10411.579814] MESSAGE_B= 0 0 0 170 1 2 192 0 248 179 0 2268 2441 2227 2367 0 0 0 0 61 123 70 95 0 0 0 0 0 6 205 173 0 0 0 0 0 0 2 0 1 1 1 1 1 1 1 2 170778 810588 1633328 136922 143426 709602 1154352 299482 447862 1206672 1781774 263784 20670 55074 184312 341790 330654 220086 274034 415346 2073600 2073600 3 6 459032 990720 993600 112425 92745 126997 126865 6 6 6 6 22 0 0 0 0 1920 1080 
[10411.872702] MESSAGE_B= 0 0 0 171 2 2 192 0 248 179 0 2273 2438 2227 2366 0 0 0 0 49 135 68 102 0 0 0 0 0 6 214 199 0 0 0 0 0 0 2 0 1 1 1 1 1 1 2 2 291470 971204 1633328 136922 143426 709602 1154352 299482 447862 1206672 1781774 263784 20670 55074 184312 341790 330654 220086 274034 415346 2073600 2073600 1 6 461147 994560 993600 113316 94413 126614 126804 6 6 6 6 22 0 0 0 0 1920 1080 
[10412.156798] MESSAGE_B= 0 0 0 174 2 2 192 0 248 179 0 2280 2453 2230 2379 0 0 0 0 50 133 70 92 0 0 0 0 0 6 206 191 0 0 0 0 0 181 2 0 1 1 1 1 1 2 2 2 232882 832390 1633328 136922 143426 709602 1154352 299482 447862 1206672 1781774 263784 20670 55074 184312 341790 330654 220086 274034 415346 2073600 2073600 1 6 462336 990720 993600 113510 95459 126791 126576 6 6 6 6 21 0 0 0 0 1920 1080 
[10412.435080] MESSAGE_B= 0 0 0 175 2 2 192 0 248 179 0 2008 2190 2097 2162 1049 1032 1024 925 190 237 194 254 188 200 234 208 0 6 218 247 84 209 121 175 153 201 0 2 2 2 2 2 2 2 2 2 280006 984792 1633328 136922 143426 709602 1154352 299482 447862 1206672 1781774 263784 20670 55074 184312 341790 330654 220086 274034 415346 2073600 2073600 1 6 463528 994560 993600 113754 96858 126530 126386 6 6 6 6 21 0 0 0 0 1920 1080 
[10412.715781] MESSAGE_B= 0 0 0 174 2 2 192 0 248 179 0 2028 2217 2109 2177 1015 1017 1018 905 200 224 184 246 197 222 284 213 0 6 222 247 104 221 95 174 147 192 0 2 2 2 2 2 2 2 2 2 425278 870226 1461988 1274258 437274 1426836 1615058 1150082 414132 1082536 1530554 548936 48210 139054 312814 323066 236094 223558 239006 627744 2073600 2073600 1 6 462659 990720 993600 112957 97236 126092 126374 6 6 6 6 19 0 0 0 0 1920 1080 
[10412.995808] MESSAGE_B= 0 0 0 173 2 2 192 0 248 179 0 2043 2236 2112 2190 1000 1000 1033 891 195 211 183 230 197 234 308 220 0 6 221 245 122 217 134 175 155 170 0 0 2 2 2 2 2 2 2 2 255978 985094 1461988 1274258 437274 1426836 1615058 1150082 414132 1082536 1530554 548936 48210 139054 312814 323066 236094 223558 239006 627744 2073600 2073600 1 6 462226 994560 993600 112431 97922 125878 125995 6 6 6 6 18 0 0 0 0 1920 1080 
[10413.163817] MESSAGE_B= 0 4 0 171 1 2 192 0 248 179 0 2045 2213 2112 2147 1071 1162 1100 989 204 222 190 281 217 309 315 268 0 7 221 241 125 218 139 179 164 156 0 0 2 0 2 2 0 0 1 2 412258 819132 1461988 1274258 437274 1426836 1615058 1150082 414132 1082536 1530554 548936 48210 139054 312814 323066 236094 223558 239006 627744 2073600 2073600 3 7 443200 990720 993600 108421 116055 115670 103054 7 7 7 7 18 4 4 4 4 1920 1080 
[10413.442813] MESSAGE_B= 0 0 0 169 2 2 192 0 248 179 0 1914 2004 1884 1859 1128 1085 1196 980 267 446 256 412 151 222 184 248 0 7 238 240 33 163 169 145 141 182 0 2 0 0 2 2 2 2 2 2 237862 983240 1461988 1274258 437274 1426836 1615058 1150082 414132 1082536 1530554 548936 48210 139054 312814 323066 236094 223558 239006 627744 2073600 2073600 1 7 431411 994560 993600 106236 112757 109818 102600 7 7 7 7 18 4 0 0 0 1920 1080 
[10413.722351] MESSAGE_B= 0 0 0 124 2 2 192 0 248 179 0 2054 1934 1907 1917 1441 1207 854 1107 182 458 257 238 154 239 145 187 0 7 241 208 71 126 159 126 155 236 2 0 2 0 2 2 2 2 2 2 378266 816216 1461988 1274258 437274 1426836 1615058 1150082 414132 1082536 1530554 548936 48210 139054 312814 323066 236094 223558 239006 627744 2073600 2073600 1 7 411408 990720 993600 102103 105236 109679 94390 7 7 7 7 53 0 0 0 0 1920 1080 
[10414.002794] MESSAGE_B= 0 0 0 147 4 2 192 0 248 179 0 2109 2219 1719 2199 1177 1110 1187 985 178 216 370 250 328 264 434 268 0 6 90 246 166 132 129 159 151 124 0 0 2 2 2 2 2 2 4 2 274672 979744 1461988 1274258 437274 1426836 1615058 1150082 414132 1082536 1530554 548936 48210 139054 312814 323066 236094 223558 239006 627744 2073600 2073600 2 6 462418 994560 993600 111084 103019 122457 125858 6 6 6 6 53 0 0 0 0 1920 1080 
[10414.283825] MESSAGE_B= 0 0 0 154 5 2 192 0 248 179 0 2054 2025 1986 1943 1352 1313 1235 1368 195 322 208 273 161 234 289 171 0 7 241 223 74 149 209 220 49 237 2 0 0 2 2 2 2 2 5 2 291832 763042 1461988 1274258 437274 1426836 1615058 1150082 414132 1082536 1530554 548936 48210 139054 312814 323066 236094 223558 239006 627744 2073600 2073600 2 7 299080 990720 993600 84216 94730 82401 78238 7 7 6 7 33 0 0 0 0 1920 1080 
[10414.563783] MESSAGE_B= 0 0 0 146 5 2 192 0 248 179 0 2085 2293 1920 2205 1371 1348 1314 1049 259 367 285 348 157 227 245 257 0 6 97 221 101 186 127 196 90 184 2 0 0 0 2 2 2 2 5 2 263754 905090 1461988 1274258 437274 1426836 1615058 1150082 414132 1082536 1530554 548936 48210 139054 312814 323066 236094 223558 239006 627744 2073600 2073600 2 6 456654 994560 993600 109424 97135 124236 125859 6 6 6 6 25 4 0 0 0 1920 1080 
[10414.843799] MESSAGE_B= 0 0 0 142 4 3 192 0 248 179 0 2340 2502 2328 2424 0 696 0 976 60 168 76 162 0 216 0 224 0 6 213 46 0 255 0 80 0 0 2 2 1 2 1 2 1 2 4 3 406476 827058 1461988 1274258 437274 1426836 1615058 1150082 414132 1082536 1530554 548936 48210 139054 312814 323066 236094 223558 239006 627744 2073600 2073600 2 6 453551 990720 993600 109633 94710 124011 125197 6 6 6 6 25 0 0 0 0 1920 1080 
[10415.120787] MESSAGE_B= 0 0 0 142 3 3 192 0 248 179 0 2305 2500 2301 2500 0 1120 0 784 89 135 73 198 0 13 0 128 0 6 152 16 0 249 0 28 56 0 2 2 1 2 1 2 2 1 3 3 225812 905642 1461484 1224304 924898 1478856 1656356 895318 312534 1244310 1597110 567148 187848 295906 513682 296470 366452 107446 206366 500626 2073600 2073600 1 6 448083 994560 993600 108594 92004 123703 123782 6 6 6 6 26 0 0 0 0 1920 1080 
[10415.398787] MESSAGE_B= 0 0 0 145 3 2 192 0 248 179 0 2285 2484 2336 2591 1593 1072 1035 732 81 148 58 252 289 73 147 47 0 6 157 52 148 224 0 37 42 255 2 2 2 2 1 2 2 2 3 2 457302 838784 1461484 1224304 924898 1478856 1656356 895318 312534 1244310 1597110 567148 187848 295906 513682 296470 366452 107446 206366 500626 2073600 2073600 2 6 433983 990720 993600 106505 82759 122681 122038 6 6 6 6 28 0 0 0 0 1920 1080 
[10415.680462] MESSAGE_B= 0 0 0 134 3 3 192 0 248 179 0 2275 2439 2314 2622 1705 846 1043 1647 121 115 159 223 120 186 232 258 0 6 3 54 103 168 0 90 56 127 2 2 2 2 1 2 2 2 3 3 230198 920056 1461484 1224304 924898 1478856 1656356 895318 312534 1244310 1597110 567148 187848 295906 513682 296470 366452 107446 206366 500626 2073600 2073600 1 6 425279 994560 993600 106637 76695 122446 119501 6 6 6 6 33 0 0 0 0 1920 1080 
[10415.962804] MESSAGE_B= 0 0 0 126 2 3 192 0 248 179 0 2572 2338 2267 2794 2584 1359 1680 1791 231 108 178 109 40 350 16 728 0 6 117 30 255 174 0 6 106 105 2 2 2 2 1 2 0 0 2 3 374458 906318 1461484 1224304 924898 1478856 1656356 895318 312534 1244310 1597110 567148 187848 295906 513682 296470 366452 107446 206366 500626 2073600 2073600 3 6 323773 990720 993600 102425 58633 123597 44194 6 7 6 7 82 5 0 0 0 1920 1080 
[10416.240799] MESSAGE_B= 0 0 0 79 5 2 192 0 248 179 0 2936 2671 2400 2810 1568 1492 1686 2242 158 142 154 394 458 346 402 593 0 31 143 34 224 219 132 6 143 236 0 0 0 0 0 0 0 0 5 2 437996 929158 1461484 1224304 924898 1478856 1656356 895318 312534 1244310 1597110 567148 187848 295906 513682 296470 366452 107446 206366 500626 2073600 2073600 2 6 284971 994560 993600 61308 49546 117357 57210 7 6 6 6 82 4 0 0 0 1920 1080 
[10416.399789] MESSAGE_B= 0 0 0 37 4 2 192 0 248 179 0 2842 2936 2768 3002 3098 2021 2557 2702 252 202 163 257 432 542 220 328 0 6 60 146 61 115 62 168 96 119 2 2 2 2 2 2 0 2 4 2 782426 945452 1461484 1224304 924898 1478856 1656356 895318 312534 1244310 1597110 567148 187848 295906 513682 296470 366452 107446 206366 500626 2073600 2073600 1 6 271778 990720 993600 70082 43613 109133 48950 6 6 6 6 112 0 0 0 0 1920 1080 
[10416.686824] MESSAGE_B= 0 0 0 50 2 3 192 0 248 179 0 2627 2779 3071 3172 2808 1919 2849 3148 159 217 83 366 384 571 153 212 0 6 17 84 95 169 39 87 67 135 2 2 2 2 2 2 2 0 2 3 369776 535340 1461484 1224304 924898 1478856 1656356 895318 312534 1244310 1597110 567148 187848 295906 513682 296470 366452 107446 206366 500626 2073600 2073600 3 6 267898 994560 993600 96514 51068 100877 50355 6 7 6 7 118 0 0 0 0 1920 1080 
[10416.964788] MESSAGE_B= 0 0 0 67 2 2 192 0 248 179 0 2702 2802 3108 3288 2401 1489 3068 3078 208 162 165 249 199 627 250 272 0 6 24 43 168 165 99 146 170 68 2 2 2 0 2 2 0 2 2 2 625542 714758 1461484 1224304 924898 1478856 1656356 895318 312534 1244310 1597110 567148 187848 295906 513682 296470 366452 107446 206366 500626 2073600 2073600 1 6 299286 990720 993600 107759 56120 100837 56389 6 7 6 6 118 0 0 0 0 1920 1080 
[10417.243810] MESSAGE_B= 0 0 0 82 3 2 192 0 248 179 0 2584 2793 3043 3306 2053 1295 2661 3022 351 163 201 171 395 615 575 325 0 6 113 47 241 65 102 49 178 58 2 2 2 2 2 2 2 2 3 2 705366 415664 1461484 1224304 924898 1478856 1656356 895318 312534 1244310 1597110 567148 187848 295906 513682 296470 366452 107446 206366 500626 2073600 2073600 2 6 325029 994560 993600 116298 51487 98553 65374 6 7 6 6 115 0 0 0 0 1920 1080 
[10417.529788] MESSAGE_B= 0 0 0 97 3 2 192 0 248 179 0 2473 2740 2885 3122 1971 1339 2430 2892 444 257 217 132 473 622 672 485 0 6 236 18 232 123 225 15 151 0 2 2 2 2 2 2 2 2 3 2 451544 842440 843624 1544982 452318 1617942 1724190 625008 420308 337230 834306 1160050 295124 491918 614542 639856 614848 952878 1269578 1107330 2073600 2073600 2 6 332710 990720 993600 121564 50538 96216 64392 6 6 6 6 100 0 0 0 0 1920 1080 
[10417.808797] MESSAGE_B= 0 0 0 102 4 2 192 0 248 179 0 2162 2492 2841 3013 1984 1417 2390 2908 125 488 74 140 454 542 505 551 0 6 89 59 206 161 0 46 120 107 2 2 2 2 2 2 2 2 4 2 782798 406856 843624 1544982 452318 1617942 1724190 625008 420308 337230 834306 1160050 295124 491918 614542 639856 614848 952878 1269578 1107330 2073600 2073600 2 6 347756 994560 993600 124258 69934 95452 58112 6 6 6 6 82 0 0 0 0 1920 1080 
[10418.097237] MESSAGE_B= 0 0 0 102 4 2 192 0 248 179 0 2030 2329 2988 2902 1936 1819 2493 2898 128 112 57 199 443 344 390 556 0 6 53 176 228 157 0 145 204 97 2 2 2 2 1 2 2 2 4 2 476042 884502 843624 1544982 452318 1617942 1724190 625008 420308 337230 834306 1160050 295124 491918 614542 639856 614848 952878 1269578 1107330 2073600 2073600 2 6 361199 990720 993600 125072 87336 93120 55671 6 6 6 6 70 0 0 0 0 1920 1080 
[10418.381785] MESSAGE_B= 0 0 0 102 3 1 192 0 248 179 0 2007 2284 2579 2749 1934 2249 2600 2933 123 171 61 97 462 301 350 485 0 6 0 238 182 183 137 92 196 89 2 0 2 2 2 2 2 2 3 1 823568 465654 843624 1544982 452318 1617942 1724190 625008 420308 337230 834306 1160050 295124 491918 614542 639856 614848 952878 1269578 1107330 2073600 2073600 2 6 371943 994560 993600 125199 101929 84477 60338 6 6 6 6 62 0 0 0 0 1920 1080 
[10418.539992] MESSAGE_B= 0 0 0 106 2 2 192 0 248 179 0 2000 2453 2592 2783 1916 2377 2521 2908 124 205 48 85 477 369 503 524 0 6 37 56 248 133 41 118 116 109 2 2 2 2 2 2 2 2 2 2 528188 834128 843624 1544982 452318 1617942 1724190 625008 420308 337230 834306 1160050 295124 491918 614542 639856 614848 952878 1269578 1107330 2073600 2073600 1 6 371959 990720 993600 118760 109606 81528 62065 6 6 6 6 60 0 0 0 0 1920 1080 
[10418.820785] MESSAGE_B= 0 0 0 101 2 2 192 0 248 179 0 1976 2421 2483 2705 1859 2420 2451 2819 138 73 97 73 553 350 490 614 0 6 173 154 246 47 3 166 133 4 2 0 2 2 2 2 2 2 2 2 575238 554942 843624 1544982 452318 1617942 1724190 625008 420308 337230 834306 1160050 295124 491918 614542 639856 614848 952878 1269578 1107330 2073600 2073600 1 6 380625 994560 993600 124280 117231 74559 64555 6 6 6 6 59 0 0 0 0 1920 1080 
[10419.098803] MESSAGE_B= 0 0 0 105 4 1 192 0 248 179 0 0 2624 0 2448 2073 2664 2611 2717 0 0 0 26 463 308 228 567 0 6 0 0 105 146 0 70 6 0 1 2 2 2 1 2 2 1 4 1 444566 757948 843624 1544982 452318 1617942 1724190 625008 420308 337230 834306 1160050 295124 491918 614542 639856 614848 952878 1269578 1107330 2073600 2073600 2 6 373378 990720 993600 123049 119817 64508 66004 6 6 6 6 63 0 0 0 0 1920 1080 
[10419.375793] MESSAGE_B= 0 0 0 109 4 2 192 0 248 179 0 0 0 0 0 2170 2750 2609 2626 0 0 0 0 388 343 234 586 0 6 0 0 17 49 0 48 37 0 1 1 2 2 1 2 2 1 4 2 336046 596658 843624 1544982 452318 1617942 1724190 625008 420308 337230 834306 1160050 295124 491918 614542 639856 614848 952878 1269578 1107330 2073600 2073600 2 6 370260 994560 993600 119831 119346 61645 69438 6 6 6 6 63 0 0 0 0 1920 1080 
[10419.655792] MESSAGE_B= 0 0 0 119 3 2 192 0 248 179 0 2376 0 1960 0 2297 2772 2518 2403 81 0 79 0 337 316 216 731 0 6 109 0 53 37 0 44 36 0 2 1 2 2 2 2 2 1 3 2 316360 745312 843624 1544982 452318 1617942 1724190 625008 420308 337230 834306 1160050 295124 491918 614542 639856 614848 952878 1269578 1107330 2073600 2073600 2 6 369734 990720 993600 118512 121326 58504 71392 6 6 6 6 61 0 0 0 0 1920 1080 
[10419.932793] MESSAGE_B= 0 0 0 126 2 1 192 0 248 179 0 2337 0 1825 0 2267 2626 2387 2264 56 0 92 0 514 442 301 815 0 6 102 0 172 152 196 72 91 0 2 1 2 2 2 2 2 1 2 1 286034 756912 1092926 823758 818758 850404 1018044 354314 879522 825354 1108382 345334 1136942 952426 1150662 915040 666536 209550 362896 408166 2073600 2073600 2 6 367741 994560 993600 117859 119160 56884 73838 6 6 6 6 57 0 0 0 0 1920 1080 
[10420.214982] MESSAGE_B= 0 0 0 128 2 1 192 0 248 179 0 2312 0 1937 0 2199 2542 2337 2183 57 0 144 0 590 477 300 838 0 6 55 0 127 222 29 125 138 0 2 1 2 2 2 2 2 1 2 1 251224 731848 1092926 823758 818758 850404 1018044 354314 879522 825354 1108382 345334 1136942 952426 1150662 915040 666536 209550 362896 408166 2073600 2073600 2 6 361840 990720 993600 118644 112653 54401 76142 6 6 6 6 56 0 0 0 0 1920 1080 
[10420.494801] MESSAGE_B= 0 0 0 132 2 1 192 0 248 179 0 2346 0 2456 0 2205 2485 2308 2151 65 0 42 0 643 495 394 872 0 6 143 0 73 240 0 162 115 0 2 1 2 2 2 2 2 1 2 1 338902 798546 1092926 823758 818758 850404 1018044 354314 879522 825354 1108382 345334 1136942 952426 1150662 915040 666536 209550 362896 408166 2073600 2073600 2 6 354631 994560 993600 118372 107585 51069 77605 6 6 6 6 53 0 0 0 0 1920 1080 
[10420.771812] MESSAGE_B= 0 0 0 134 2 1 192 0 248 179 0 2320 0 2541 0 2420 2316 2285 2239 28 0 63 0 456 628 518 754 0 6 90 0 76 196 28 157 112 0 2 1 2 2 2 2 0 1 2 1 157444 706646 1092926 823758 818758 850404 1018044 354314 879522 825354 1108382 345334 1136942 952426 1150662 915040 666536 209550 362896 408166 2073600 2073600 2 6 356778 990720 993600 118652 105392 50709 82025 6 6 6 6 50 0 0 0 0 1920 1080 
[10420.927788] MESSAGE_B= 0 0 0 135 2 2 192 0 248 179 0 2327 0 2465 0 2429 2271 2289 2269 54 0 91 0 485 606 521 665 0 6 61 0 96 207 255 177 168 0 2 1 2 2 2 2 0 1 2 2 459520 786810 1092926 823758 818758 850404 1018044 354314 879522 825354 1108382 345334 1136942 952426 1150662 915040 666536 209550 362896 408166 2073600 2073600 1 6 359763 994560 993600 119439 104464 51711 84149 6 6 6 6 50 0 0 0 0 1920 1080 
[10421.221495] MESSAGE_B= 0 0 0 135 2 2 192 0 248 179 0 2320 0 2283 0 2519 2350 2370 2399 53 0 75 0 360 474 486 500 0 6 60 0 120 217 0 159 143 0 2 1 2 2 1 2 2 1 2 2 213168 694382 1092926 823758 818758 850404 1018044 354314 879522 825354 1108382 345334 1136942 952426 1150662 915040 666536 209550 362896 408166 2073600 2073600 1 6 373253 990720 993600 122167 106100 55635 89351 6 6 6 6 47 0 0 0 0 1920 1080 
[10421.506801] MESSAGE_B= 0 0 0 135 3 1 192 0 248 179 0 2349 0 2038 0 2585 2376 2401 2448 54 0 94 0 296 389 395 473 0 6 153 0 78 174 0 139 91 0 2 1 2 2 1 2 2 1 3 1 496334 809040 1092926 823758 818758 850404 1018044 354314 879522 825354 1108382 345334 1136942 952426 1150662 915040 666536 209550 362896 408166 2073600 2073600 2 6 381515 994560 993600 122506 108258 57344 93407 6 6 6 6 46 0 0 0 0 1920 1080 
[10421.783784] MESSAGE_B= 0 0 0 139 3 1 192 0 248 179 0 2366 0 1816 0 2635 2241 2390 2461 74 0 98 0 236 436 349 532 0 6 75 0 27 155 0 144 123 0 2 1 2 2 1 2 2 1 3 1 253514 696380 1092926 823758 818758 850404 1018044 354314 879522 825354 1108382 345334 1136942 952426 1150662 915040 666536 209550 362896 408166 2073600 2073600 2 6 389561 990720 993600 122004 111151 59832 96574 6 6 6 6 42 0 0 0 0 1920 1080 
[10422.060802] MESSAGE_B= 0 0 0 142 3 1 192 0 248 179 0 2369 0 1877 0 2603 2219 2262 2499 82 0 127 0 392 463 456 508 0 6 27 0 144 199 255 147 78 0 2 1 2 2 2 2 2 1 3 1 485218 792530 1092926 823758 818758 850404 1018044 354314 879522 825354 1108382 345334 1136942 952426 1150662 915040 666536 209550 362896 408166 2073600 2073600 2 6 395803 994560 993600 120871 113650 62301 98981 6 6 6 6 40 0 0 0 0 1920 1080 
[10422.220849] MESSAGE_B= 0 0 0 145 2 1 192 0 248 179 0 2369 0 1648 0 2565 1921 2142 2138 95 0 190 0 508 623 557 928 0 6 82 0 176 236 0 156 68 0 2 1 2 2 1 2 2 1 2 1 287312 741076 859586 1012824 1259288 1098256 1230618 1060994 788658 1094266 1152300 502458 309468 230464 391148 545902 187380 240578 295514 487296 2073600 2073600 2 6 396024 990720 993600 120073 114275 61898 99778 6 6 6 6 38 0 0 0 0 1920 1080 
[10422.498801] MESSAGE_B= 0 0 0 149 2 2 192 0 248 179 0 2385 0 1580 0 2420 2011 2037 2405 65 0 222 0 750 356 597 764 0 6 29 0 189 169 255 165 55 0 2 1 2 2 2 2 2 1 2 2 469948 811616 859586 1012824 1259288 1098256 1230618 1060994 788658 1094266 1152300 502458 309468 230464 391148 545902 187380 240578 295514 487296 2073600 2073600 1 6 396667 994560 993600 119381 114501 61084 101701 6 6 6 6 36 0 0 0 0 1920 1080 
[10422.780785] MESSAGE_B= 0 0 0 149 2 2 192 0 248 179 0 2395 0 1690 0 2225 2129 1944 2696 89 0 191 0 915 276 614 227 0 6 130 0 201 16 154 92 13 0 2 1 0 2 2 2 2 1 2 2 294606 791986 859586 1012824 1259288 1098256 1230618 1060994 788658 1094266 1152300 502458 309468 230464 391148 545902 187380 240578 295514 487296 2073600 2073600 1 6 393606 990720 993600 118744 114106 58414 102342 6 6 6 6 34 0 0 0 0 1920 1080 
[10423.061800] MESSAGE_B= 0 0 0 148 2 2 192 0 248 179 0 2422 0 1865 0 2213 2166 1867 2735 112 0 267 0 837 261 620 202 0 6 151 0 199 58 193 56 46 0 2 1 0 2 2 2 2 1 2 2 468718 834024 859586 1012824 1259288 1098256 1230618 1060994 788658 1094266 1152300 502458 309468 230464 391148 545902 187380 240578 295514 487296 2073600 2073600 1 6 386976 994560 993600 116945 113146 54086 102799 6 6 6 6 33 0 0 0 0 1920 1080 
[10423.340799] MESSAGE_B= 0 0 0 145 2 2 192 0 248 179 0 2458 0 2048 0 2249 2020 1826 2381 149 0 328 0 730 378 650 673 0 6 118 0 177 200 118 84 134 0 2 1 2 2 2 2 2 1 2 2 344208 801984 859586 1012824 1259288 1098256 1230618 1060994 788658 1094266 1152300 502458 309468 230464 391148 545902 187380 240578 295514 487296 2073600 2073600 1 6 382973 990720 993600 115660 110129 53245 103939 6 6 6 6 33 0 0 0 0 1920 1080 
[10423.622806] MESSAGE_B= 0 0 0 144 2 1 192 0 248 179 0 2495 0 2140 0 2257 2198 1806 2679 169 0 369 0 680 294 651 258 0 6 134 0 172 125 137 59 176 0 2 1 2 2 2 2 2 1 2 1 452284 814558 859586 1012824 1259288 1098256 1230618 1060994 788658 1094266 1152300 502458 309468 230464 391148 545902 187380 240578 295514 487296 2073600 2073600 2 6 383550 994560 993600 113918 110126 54761 104745 6 6 6 6 33 0 0 0 0 1920 1080 
[10423.901796] MESSAGE_B= 0 0 0 144 2 1 192 0 248 179 0 2521 0 2158 0 2257 2223 1748 2645 202 0 345 0 625 287 703 300 0 6 96 0 180 132 191 106 209 0 2 1 2 2 2 2 2 1 2 1 442048 773346 859586 1012824 1259288 1098256 1230618 1060994 788658 1094266 1152300 502458 309468 230464 391148 545902 187380 240578 295514 487296 2073600 2073600 2 6 385251 990720 993600 112653 110622 57882 104094 6 6 6 6 32 0 0 0 0 1920 1080 
[10424.058793] MESSAGE_B= 0 0 0 145 2 2 192 0 248 179 0 2558 0 2139 0 2335 2227 1772 2646 218 0 315 0 520 291 685 270 0 6 89 0 182 115 146 106 195 0 2 1 2 2 2 2 2 1 2 2 442610 774144 859586 1012824 1259288 1098256 1230618 1060994 788658 1094266 1152300 502458 309468 230464 391148 545902 187380 240578 295514 487296 2073600 2073600 1 6 384219 994560 993600 111247 110435 58622 103915 6 6 6 6 32 0 0 0 0 1920 1080 
[10424.337795] MESSAGE_B= 0 0 0 145 2 2 192 0 248 179 0 2583 0 2113 0 2295 2268 1652 2629 245 0 258 0 473 313 722 261 0 6 89 0 197 101 207 21 193 0 2 1 2 2 2 2 2 1 2 2 495390 764438 859586 1012824 1259288 1098256 1230618 1060994 788658 1094266 1152300 502458 309468 230464 391148 545902 187380 240578 295514 487296 2073600 2073600 1 6 383531 990720 993600 109549 111037 58317 104628 6 6 6 6 32 0 0 0 0 1920 1080 
[10424.615794] MESSAGE_B= 0 0 0 147 2 2 192 0 248 179 0 2591 0 2084 0 2333 2282 1736 2649 273 0 196 0 446 314 685 216 0 6 17 0 191 84 207 36 198 0 2 1 0 2 2 2 2 1 2 2 434994 787718 943958 939852 1224452 860342 1320470 933956 895758 952290 1200486 759362 264100 443528 604856 539352 424176 382988 542498 735578 2073600 2073600 1 6 389229 994560 993600 108527 111940 62655 106107 6 6 6 6 31 0 0 0 0 1920 1080 
[10424.893794] MESSAGE_B= 0 0 0 149 2 2 192 0 248 179 0 2582 0 1986 0 2347 2292 1842 2421 294 0 250 0 414 403 683 685 0 6 145 0 181 161 38 21 195 0 2 1 0 2 2 2 2 1 2 2 452018 755224 943958 939852 1224452 860342 1320470 933956 895758 952290 1200486 759362 264100 443528 604856 539352 424176 382988 542498 735578 2073600 2073600 1 6 400533 990720 993600 109107 114441 70621 106364 6 6 6 6 31 0 0 0 0 1920 1080 
[10425.171792] MESSAGE_B= 0 0 0 151 2 1 192 0 248 179 0 2561 0 1996 0 2409 1935 2044 1612 309 0 277 0 363 511 607 1073 0 6 217 0 157 219 255 47 201 0 2 1 2 2 2 2 2 1 2 1 430370 782572 943958 939852 1224452 860342 1320470 933956 895758 952290 1200486 759362 264100 443528 604856 539352 424176 382988 542498 735578 2073600 2073600 2 6 402439 994560 993600 111399 116022 72480 102538 6 6 6 6 28 0 0 0 0 1920 1080 
[10425.457812] MESSAGE_B= 0 0 0 152 2 1 192 0 248 179 0 2541 0 1987 0 2338 1812 2162 1298 330 0 383 0 572 443 555 1039 0 6 229 0 163 224 11 55 183 0 2 1 2 2 2 2 2 1 2 1 379696 813910 943958 939852 1224452 860342 1320470 933956 895758 952290 1200486 759362 264100 443528 604856 539352 424176 382988 542498 735578 2073600 2073600 2 6 398604 990720 993600 112465 116664 69513 99962 6 6 6 6 26 0 0 0 0 1920 1080 
[10425.735785] MESSAGE_B= 0 0 0 153 2 1 192 0 248 179 0 2520 0 1916 0 2102 1845 2045 1220 338 0 416 0 816 449 601 1011 0 6 233 0 191 232 85 93 173 0 2 1 2 2 2 2 2 1 2 1 375084 738884 943958 939852 1224452 860342 1320470 933956 895758 952290 1200486 759362 264100 443528 604856 539352 424176 382988 542498 735578 2073600 2073600 2 6 395416 994560 993600 112237 116968 68046 98165 6 6 6 6 25 0 0 0 0 1920 1080 
[10426.013782] MESSAGE_B= 0 0 0 155 2 1 192 0 248 179 0 2491 0 1901 0 1994 1861 2010 1140 344 0 397 0 890 468 610 985 0 6 231 0 200 239 74 244 158 0 2 1 2 2 2 2 2 1 2 1 326068 827350 943958 939852 1224452 860342 1320470 933956 895758 952290 1200486 759362 264100 443528 604856 539352 424176 382988 542498 735578 2073600 2073600 2 6 394636 990720 993600 111972 118063 67569 97032 6 6 6 6 24 0 0 0 0 1920 1080 
[10426.292800] MESSAGE_B= 0 0 0 156 2 1 192 0 248 179 0 2464 3136 1872 960 1851 1807 1941 1063 359 0 410 0 952 431 625 946 0 6 232 0 207 239 38 214 124 202 2 2 2 2 2 2 2 2 2 1 326382 694080 943958 939852 1224452 860342 1320470 933956 895758 952290 1200486 759362 264100 443528 604856 539352 424176 382988 542498 735578 2073600 2073600 2 6 392318 994560 993600 112149 117806 66068 96295 6 6 6 6 22 0 0 0 0 1920 1080 
[10426.581444] MESSAGE_B= 0 0 0 157 2 1 192 0 248 179 0 2427 0 1851 0 1808 1757 1937 964 369 0 438 0 961 458 628 911 0 6 233 0 209 240 104 85 73 73 0 1 2 2 2 2 2 2 2 1 321696 818090 943958 939852 1224452 860342 1320470 933956 895758 952290 1200486 759362 264100 443528 604856 539352 424176 382988 542498 735578 2073600 2073600 2 6 392972 990720 993600 112322 119436 65672 95542 6 6 6 6 18 0 0 0 0 1920 1080 
[10426.738804] MESSAGE_B= 0 0 0 158 2 1 192 0 248 179 0 2397 0 1842 0 1822 1707 1960 866 378 0 448 0 948 436 626 861 0 6 234 0 204 237 139 128 111 117 0 1 2 2 2 2 2 2 2 1 281588 649620 943958 939852 1224452 860342 1320470 933956 895758 952290 1200486 759362 264100 443528 604856 539352 424176 382988 542498 735578 2073600 2073600 2 6 386591 994560 993600 112563 115192 64225 94611 6 6 6 6 19 0 0 0 0 1920 1080 
[10427.016787] MESSAGE_B= 0 0 0 161 2 1 192 0 248 179 0 2385 0 1858 0 1655 1654 1887 812 373 0 434 0 990 414 629 795 0 6 232 0 204 228 213 91 106 43 0 1 2 2 2 2 2 2 2 1 328010 769886 837502 1252190 1273036 762578 1158102 585822 509322 632052 914778 335290 183296 287200 489466 428334 294500 315362 361964 376134 2073600 2073600 2 6 382989 990720 993600 112583 114618 63351 92437 6 6 6 6 19 0 0 0 0 1920 1080 
[10427.295787] MESSAGE_B= 0 0 0 164 2 1 192 0 248 179 0 2343 0 1835 0 1572 1643 1855 763 394 0 440 0 989 448 628 763 0 6 233 0 202 215 205 135 133 164 0 1 2 2 2 2 2 2 2 1 247278 594770 837502 1252190 1273036 762578 1158102 585822 509322 632052 914778 335290 183296 287200 489466 428334 294500 315362 361964 376134 2073600 2073600 2 6 377312 994560 993600 112293 111207 62426 91386 6 6 6 6 18 0 0 0 0 1920 1080 
[10427.573798] MESSAGE_B= 0 0 0 167 2 1 192 0 248 179 0 2317 0 1858 0 1427 1699 1834 721 391 0 427 0 982 477 615 718 0 6 232 0 193 204 216 141 105 150 2 1 2 2 2 2 2 2 2 1 325206 747406 837502 1252190 1273036 762578 1158102 585822 509322 632052 914778 335290 183296 287200 489466 428334 294500 315362 361964 376134 2073600 2073600 2 6 373027 990720 993600 111777 109840 60965 90445 6 6 6 6 16 0 0 0 0 1920 1080 
[10427.853534] MESSAGE_B= 0 0 0 167 2 2 192 0 248 179 0 2286 0 1873 0 1335 1699 1812 668 402 0 418 0 974 464 599 682 0 6 234 0 192 196 219 148 69 111 2 1 2 2 2 2 2 2 2 2 234232 614856 837502 1252190 1273036 762578 1158102 585822 509322 632052 914778 335290 183296 287200 489466 428334 294500 315362 361964 376134 2073600 2073600 1 6 366194 994560 993600 109418 108105 59908 88763 6 6 6 6 17 0 0 0 0 1920 1080 
[10428.136786] MESSAGE_B= 0 0 0 168 2 2 192 0 248 179 0 2295 0 1872 0 1308 1717 1854 667 403 0 428 0 971 473 554 673 0 6 232 0 184 194 223 103 67 110 2 1 2 2 2 2 2 2 2 2 311646 708726 837502 1252190 1273036 762578 1158102 585822 509322 632052 914778 335290 183296 287200 489466 428334 294500 315362 361964 376134 2073600 2073600 1 6 362656 990720 993600 108676 107896 58617 87467 6 6 6 6 17 0 0 0 0 1920 1080 
[10428.419797] MESSAGE_B= 0 0 0 168 2 2 192 0 248 179 0 2289 0 1855 0 1286 1699 1872 657 397 0 442 0 973 480 545 669 0 6 234 0 177 187 225 132 47 94 2 1 2 2 2 2 2 2 2 2 225578 634576 837502 1252190 1273036 762578 1158102 585822 509322 632052 914778 335290 183296 287200 489466 428334 294500 315362 361964 376134 2073600 2073600 1 6 362286 994560 993600 109500 107502 58744 86540 6 6 6 6 15 0 0 0 0 1920 1080 
[10428.699779] MESSAGE_B= 0 0 0 169 2 2 192 0 248 179 0 2292 0 1860 0 1295 1751 1924 667 398 0 440 0 973 485 529 673 0 6 234 0 161 181 214 181 98 99 2 1 2 2 2 2 2 2 2 2 304502 683136 837502 1252190 1273036 762578 1158102 585822 509322 632052 914778 335290 183296 287200 489466 428334 294500 315362 361964 376134 2073600 2073600 1 6 361836 990720 993600 109024 107708 59126 85978 6 6 6 6 12 0 0 0 0 1920 1080 
[10428.976801] MESSAGE_B= 0 0 0 169 2 2 192 0 248 179 0 2292 0 1870 0 1310 1789 1969 674 399 0 440 0 976 506 523 682 0 6 231 0 149 179 221 180 131 94 2 1 2 2 2 2 2 2 2 2 232524 635534 837502 1252190 1273036 762578 1158102 585822 509322 632052 914778 335290 183296 287200 489466 428334 294500 315362 361964 376134 2073600 2073600 1 6 361490 994560 993600 109299 107435 58908 85848 6 6 6 6 12 0 0 0 0 1920 1080 
[10429.134832] MESSAGE_B= 0 0 0 170 2 1 192 0 248 179 0 2289 0 1864 0 1327 1802 1997 658 402 0 444 0 977 505 525 664 0 6 232 0 139 177 205 174 114 127 2 1 2 2 2 2 2 2 2 1 290832 678982 837502 1252190 1273036 762578 1158102 585822 509322 632052 914778 335290 183296 287200 489466 428334 294500 315362 361964 376134 2073600 2073600 2 6 360440 990720 993600 108756 107655 58742 85287 6 6 6 6 12 0 0 0 0 1920 1080 
[10429.419812] MESSAGE_B= 0 0 0 170 2 1 192 0 248 179 0 2279 0 1849 0 1316 1832 2022 672 403 0 454 0 973 497 517 676 0 6 234 0 129 177 210 185 120 125 2 1 2 2 2 2 2 2 2 1 249220 632354 831270 1343088 1088404 701700 925288 704990 430772 824204 887364 290536 156690 246684 308846 305032 349712 241026 340676 313784 2073600 2073600 2 6 359867 994560 993600 109225 107385 58147 85110 6 6 6 6 12 0 0 0 0 1920 1080 
[10429.705796] MESSAGE_B= 0 0 0 170 2 2 192 0 248 179 0 2295 0 1872 0 1313 1910 2046 691 397 0 443 0 978 488 520 689 0 6 233 0 116 169 214 209 112 167 2 1 2 2 2 2 2 2 2 2 279848 678378 831270 1343088 1088404 701700 925288 704990 430772 824204 887364 290536 156690 246684 308846 305032 349712 241026 340676 313784 2073600 2073600 1 6 359930 990720 993600 109056 107459 58699 84716 6 6 6 6 10 0 0 0 0 1920 1080 
[10429.990582] MESSAGE_B= 0 0 0 171 2 1 192 0 248 179 0 2296 0 1863 0 1294 1906 2056 666 403 0 447 0 978 522 511 668 0 6 234 0 113 160 212 188 95 103 2 1 2 2 2 2 2 2 2 1 248206 629806 831270 1343088 1088404 701700 925288 704990 430772 824204 887364 290536 156690 246684 308846 305032 349712 241026 340676 313784 2073600 2073600 2 6 360849 994560 993600 109142 108139 59019 84549 6 6 6 6 11 0 0 0 0 1920 1080 
[10430.277543] MESSAGE_B= 0 0 0 171 2 2 192 0 248 179 0 2292 0 1864 0 1312 1916 2091 676 401 0 446 0 972 505 506 677 0 6 234 0 93 160 213 185 101 100 2 1 2 2 2 2 2 2 2 2 274090 676172 831270 1343088 1088404 701700 925288 704990 430772 824204 887364 290536 156690 246684 308846 305032 349712 241026 340676 313784 2073600 2073600 1 6 358585 990720 993600 108881 107566 57852 84286 6 6 6 6 11 0 0 0 0 1920 1080 
[10430.443800] MESSAGE_B= 0 0 0 172 2 1 192 0 248 179 0 2286 0 1853 0 1335 1982 2108 689 404 0 453 0 972 481 505 689 0 6 232 0 87 155 215 189 57 143 2 1 2 2 2 2 2 2 2 1 250588 629454 831270 1343088 1088404 701700 925288 704990 430772 824204 887364 290536 156690 246684 308846 305032 349712 241026 340676 313784 2073600 2073600 2 6 359650 994560 993600 109084 107855 58530 84181 6 6 6 6 11 0 0 0 0 1920 1080 
[10430.721797] MESSAGE_B= 0 0 0 172 2 1 192 0 248 179 0 2294 0 1870 0 1318 1986 2110 681 401 0 440 0 972 500 513 675 0 6 232 0 83 154 212 196 65 91 2 1 2 2 2 2 2 2 2 1 273992 676314 831270 1343088 1088404 701700 925288 704990 430772 824204 887364 290536 156690 246684 308846 305032 349712 241026 340676 313784 2073600 2073600 2 6 358733 990720 993600 108678 107904 58230 83921 6 6 6 6 9 0 0 0 0 1920 1080 
[10431.008356] MESSAGE_B= 0 0 0 172 2 1 192 0 248 179 0 2298 0 1877 0 1283 1998 2099 684 400 0 435 0 974 526 514 682 0 6 231 0 88 145 208 193 111 106 2 1 2 2 2 2 2 2 2 1 251452 628916 831270 1343088 1088404 701700 925288 704990 430772 824204 887364 290536 156690 246684 308846 305032 349712 241026 340676 313784 2073600 2073600 2 6 359055 994560 993600 108948 107798 58346 83963 6 6 6 6 9 0 0 0 0 1920 1080 
[10431.287797] MESSAGE_B= 0 0 0 172 2 1 192 0 248 179 0 2306 0 1882 0 1287 1975 2120 665 398 0 433 0 974 519 510 666 0 6 232 0 77 147 210 212 80 92 2 1 2 2 2 2 2 2 2 1 271758 676636 831270 1343088 1088404 701700 925288 704990 430772 824204 887364 290536 156690 246684 308846 305032 349712 241026 340676 313784 2073600 2073600 2 6 358179 990720 993600 108559 107869 57969 83782 6 6 6 6 8 0 0 0 0 1920 1080 
[10431.566789] MESSAGE_B= 0 0 0 172 2 1 192 0 248 179 0 2299 0 1865 0 1282 2009 2126 667 398 0 440 0 974 522 500 666 0 6 233 0 76 142 207 196 95 123 2 1 2 2 2 2 2 2 2 1 250480 629040 831270 1343088 1088404 701700 925288 704990 430772 824204 887364 290536 156690 246684 308846 305032 349712 241026 340676 313784 2073600 2073600 2 6 358645 994560 993600 108688 107850 58123 83984 6 6 6 6 7 0 0 0 0 1920 1080 
[10431.847781] MESSAGE_B= 0 0 0 172 2 1 192 0 248 179 0 2296 0 1874 0 1290 2068 2133 694 399 0 438 0 976 466 500 685 0 6 232 0 78 147 218 166 78 89 2 1 2 2 2 2 2 2 2 1 274468 678934 846192 1271686 977380 780958 943726 725776 452670 829660 925438 288282 221734 200542 274964 303328 313336 228198 326810 305272 2073600 2073600 2 6 359653 990720 993600 109239 107551 58576 84287 6 6 6 6 7 0 0 0 0 1920 1080 
[10432.125806] MESSAGE_B= 0 0 0 173 2 1 192 0 248 179 0 2298 0 1868 0 1270 1989 2109 671 399 0 442 0 974 530 510 672 0 6 231 0 77 149 214 198 89 90 2 1 2 2 2 2 2 2 2 1 251766 629064 846192 1271686 977380 780958 943726 725776 452670 829660 925438 288282 221734 200542 274964 303328 313336 228198 326810 305272 2073600 2073600 2 6 358033 994560 993600 109016 107763 57674 83580 6 6 6 6 7 0 0 0 0 1920 1080 
[10432.283812] MESSAGE_B= 0 0 0 172 2 1 192 0 248 179 0 2296 0 1871 0 1306 2066 2143 700 398 0 441 0 977 469 500 691 0 6 230 0 71 149 216 180 68 110 2 1 2 2 2 2 2 2 2 1 275432 676996 846192 1271686 977380 780958 943726 725776 452670 829660 925438 288282 221734 200542 274964 303328 313336 228198 326810 305272 2073600 2073600 2 6 359844 990720 993600 109185 107918 58653 84088 6 6 6 6 6 0 0 0 0 1920 1080 
[10432.562784] MESSAGE_B= 0 0 0 172 2 1 192 0 248 179 0 2295 0 1866 0 1299 1961 2143 657 402 0 443 0 973 550 516 665 0 6 231 0 71 146 205 182 79 98 2 1 2 2 2 2 2 2 2 1 249232 629052 846192 1271686 977380 780958 943726 725776 452670 829660 925438 288282 221734 200542 274964 303328 313336 228198 326810 305272 2073600 2073600 2 6 359445 994560 993600 108988 108183 58380 83894 6 6 6 6 6 0 0 0 0 1920 1080 
[10432.839804] MESSAGE_B= 0 0 0 172 2 2 192 0 248 179 0 2289 0 1857 0 1298 2032 2145 681 396 0 451 0 976 512 508 681 0 6 231 0 75 144 215 188 92 113 2 1 2 2 2 2 2 2 2 2 274380 678498 846192 1271686 977380 780958 943726 725776 452670 829660 925438 288282 221734 200542 274964 303328 313336 228198 326810 305272 2073600 2073600 1 6 359197 990720 993600 109137 107572 58585 83903 6 6 6 6 6 0 0 0 0 1920 1080 
[10433.117788] MESSAGE_B= 0 0 0 172 2 2 192 0 248 179 0 2288 0 1857 0 1286 2027 2135 677 401 0 448 0 975 517 514 678 0 6 230 0 78 144 216 199 90 81 2 1 2 2 2 2 2 2 2 2 249916 630190 846192 1271686 977380 780958 943726 725776 452670 829660 925438 288282 221734 200542 274964 303328 313336 228198 326810 305272 2073600 2073600 1 6 360350 994560 993600 109370 108073 58825 84082 6 6 6 6 7 0 0 0 0 1920 1080 
[10433.395788] MESSAGE_B= 0 0 0 173 2 2 192 0 248 179 0 1576 0 1275 0 869 1141 1398 367 315 0 306 0 670 578 515 356 0 6 213 0 122 116 207 180 117 57 2 1 2 2 2 2 2 2 2 2 273942 679678 846192 1271686 977380 780958 943726 725776 452670 829660 925438 288282 221734 200542 274964 303328 313336 228198 326810 305272 2073600 2073600 1 6 337179 990720 993600 109501 108490 50832 68356 6 6 6 6 48 0 0 0 0 1920 1080 
[10433.672798] MESSAGE_B= 0 0 0 191 1 2 192 0 248 179 0 629 738 647 562 666 848 857 641 63 61 62 32 57 90 81 64 0 12 247 203 41 7 0 134 39 0 2 2 2 2 1 2 2 1 1 2 236572 629368 846192 1271686 977380 780958 943726 725776 452670 829660 925438 288282 221734 200542 274964 303328 313336 228198 326810 305272 2073600 2073600 3 12 385319 994560 993600 86763 102721 97844 97991 12 12 12 12 48 0 0 0 0 1920 1080 
[10433.950789] MESSAGE_B= 0 0 0 192 1 2 192 0 248 179 0 0 0 0 0 0 48 0 32 0 0 0 0 0 0 0 0 1 12 0 0 0 0 0 0 0 0 1 1 0 0 1 0 0 1 1 2 258602 669954 846192 1271686 977380 780958 943726 725776 452670 829660 925438 288282 221734 200542 274964 303328 313336 228198 326810 305272 2073600 2073600 3 12 510110 990720 993600 128030 128081 126959 127040 12 12 12 12 33 0 0 0 0 1920 1080 
[10434.227790] MESSAGE_B= 0 7 0 176 1 5 192 0 248 179 0 0 0 0 0 0 0 0 0 0 0 0 0 0 0 0 0 1 12 0 0 0 0 0 0 0 0 1 1 1 1 1 1 1 1 1 5 141720 348478 322244 1273574 969850 788792 944048 729544 442126 824936 784392 49004 220954 197594 276520 305334 312730 225606 311718 215108 2073600 2073600 3 12 512416 994560 993600 128104 128104 128104 128104 12 12 12 12 58 0 0 0 0 1920 1080 
[10434.501802] MESSAGE_B= 0 4 0 7 1 94 192 0 248 179 0 1145 1145 1145 1144 1225 1213 1226 1220 91 88 95 90 50 79 63 56 0 31 255 255 250 255 197 192 189 204 0 0 0 0 0 0 0 0 1 94 1308 594122 322244 1273574 969850 788792 944048 729544 442126 824936 784392 49004 220954 197594 276520 305334 312730 225606 311718 215108 2073600 2073600 2 6 504304 990720 993600 127859 127748 124146 124551 6 6 6 6 159 4 4 4 4 1920 1080 
[10434.781011] MESSAGE_B= 5 4 0 0 2 7 192 0 248 179 0 2683 2682 2684 2683 1261 1227 1649 1281 91 100 86 89 608 622 694 839 0 6 255 255 175 179 44 40 91 120 0 0 0 0 2 2 2 2 2 7 7732 8 322244 1273574 969850 788792 944048 729544 442126 824936 784392 49004 220954 197594 276520 305334 312730 225606 311718 215108 2073600 2073600 6 6 507422 994560 993600 128104 128104 125423 125791 6 6 6 6 159 4 4 4 4 1920 1080 
[10435.059319] MESSAGE_B= 0 0 0 0 1 10 192 0 248 179 0 3065 3064 3066 3064 898 1000 1006 1054 163 153 150 147 231 492 324 718 0 6 255 255 138 189 11 5 1 120 0 0 0 0 2 2 2 2 1 10 21752 236626 322244 1273574 969850 788792 944048 729544 442126 824936 784392 49004 220954 197594 276520 305334 312730 225606 311718 215108 2073600 2073600 1 6 507060 990720 993600 128104 128104 125514 125338 6 6 6 6 114 4 0 0 0 1920 1080 
[10435.316785] MESSAGE_B= 0 4 4 0 1 10 192 0 248 179 0 3066 3066 3066 3065 942 950 1100 1182 155 151 150 160 392 381 521 388 0 6 255 255 192 232 78 17 91 99 0 0 0 0 2 2 2 2 1 10 7418 988244 322244 1273574 969850 788792 944048 729544 442126 824936 784392 49004 220954 197594 276520 305334 312730 225606 311718 215108 2073600 2073600 2 6 506790 994560 993600 128104 127159 125489 126038 6 6 6 6 3 4 4 4 4 1920 1080 
[10435.595788] MESSAGE_B= 0 0 4 1 1 2 192 0 248 179 0 3066 3064 3066 3063 920 978 1070 1702 163 159 155 162 215 450 409 532 0 6 255 255 152 103 9 33 129 2 0 0 0 0 2 2 2 2 1 2 38162 876520 322244 1273574 969850 788792 944048 729544 442126 824936 784392 49004 220954 197594 276520 305334 312730 225606 311718 215108 2073600 2073600 1 6 504960 990720 993600 128104 126634 125496 124726 6 6 6 6 5 4 0 0 0 1920 1080 
[10435.874813] MESSAGE_B= 0 0 4 1 1 3 192 0 248 179 0 3064 3065 3065 3066 943 964 1269 1580 165 150 159 154 393 383 484 408 0 6 255 255 194 171 52 8 129 78 0 0 0 0 2 2 2 2 1 3 32034 985736 322244 1273574 969850 788792 944048 729544 442126 824936 784392 49004 220954 197594 276520 305334 312730 225606 311718 215108 2073600 2073600 1 6 505741 994560 993600 128104 127012 125494 125131 6 6 6 6 7 4 0 0 0 1920 1080 
[10436.155348] MESSAGE_B= 0 0 0 1 1 3 192 0 248 179 0 3066 3066 3066 3066 896 1218 1494 1549 159 167 160 166 233 781 366 851 0 6 255 255 75 131 1 125 134 61 0 0 0 0 2 2 2 2 1 3 48216 915954 322244 1273574 969850 788792 944048 729544 442126 824936 784392 49004 220954 197594 276520 305334 312730 225606 311718 215108 2073600 2073600 3 6 505495 990720 993600 128104 126814 125543 125034 6 6 6 6 8 4 0 0 0 1920 1080 
[10436.435791] MESSAGE_B= 0 4 0 1 1 2 192 0 248 179 0 3069 3066 3069 3067 991 988 1869 1019 157 167 159 155 508 453 409 445 0 6 255 255 143 217 10 85 59 28 0 0 0 0 2 2 2 2 1 2 29884 978542 322244 1273574 969850 788792 944048 729544 442126 824936 784392 49004 220954 197594 276520 305334 312730 225606 311718 215108 2073600 2073600 1 6 505385 994560 993600 128104 127323 125513 124445 6 6 6 6 8 4 4 4 4 1920 1080 
[10436.719787] MESSAGE_B= 0 0 0 1 1 4 192 0 248 179 0 3068 3067 3067 3067 974 1111 1635 990 151 150 157 169 498 458 745 392 0 6 255 255 104 203 54 132 34 34 2 0 0 0 2 2 2 2 1 4 43844 911498 1507798 173890 6270 1329292 1496066 1716196 358928 510220 1586194 36606 10130 19346 32208 31932 48030 29138 59368 36598 2073600 2073600 1 6 506204 990720 993600 128104 127156 125519 125425 6 6 6 6 8 4 0 0 0 1920 1080 
[10436.877794] MESSAGE_B= 0 4 0 0 2 2 192 0 248 179 0 3066 3066 3065 3066 1005 1002 1969 993 164 153 164 159 491 417 346 392 0 6 255 255 187 215 60 141 14 42 0 0 0 0 2 2 2 2 2 2 43844 911498 1507798 173890 6270 1329292 1496066 1716196 358928 510220 1586194 36606 10130 19346 32208 31932 48030 29138 59368 36598 2073600 2073600 1 6 506050 990720 993600 128104 127249 125485 125212 6 6 6 6 8 4 4 4 4 1920 1080 
[10437.036783] MESSAGE_B= 0 0 0 1 1 2 192 0 248 179 0 3066 3065 3065 3066 978 1437 1523 996 150 149 154 153 485 790 647 390 0 6 255 255 135 92 79 107 61 39 0 0 0 0 2 2 2 2 1 2 26918 969318 1507798 173890 6270 1329292 1496066 1716196 358928 510220 1586194 36606 10130 19346 32208 31932 48030 29138 59368 36598 2073600 2073600 1 6 505838 994560 993600 127239 127929 125290 125380 6 6 6 6 9 4 0 0 0 1920 1080 
[10437.196005] MESSAGE_B= 0 0 0 1 1 2 192 0 248 179 0 3065 3064 3064 3065 881 1761 979 999 165 167 162 165 234 548 334 432 0 6 255 255 123 107 3 109 27 11 0 0 0 0 2 2 2 2 1 2 26918 969318 1507798 173890 6270 1329292 1496066 1716196 358928 510220 1586194 36606 10130 19346 32208 31932 48030 29138 59368 36598 2073600 2073600 1 6 506262 994560 993600 127182 128104 125191 125785 6 6 6 6 9 4 0 0 0 1920 1080 
[10437.717790] MESSAGE_B= 0 0 0 1 1 3 192 0 248 179 0 3065 3065 3065 3065 1264 1612 1030 985 151 159 164 153 374 506 440 390 0 6 255 255 130 112 41 66 30 36 0 0 0 0 2 2 2 2 1 3 43924 856242 1507798 173890 6270 1329292 1496066 1716196 358928 510220 1586194 36606 10130 19346 32208 31932 48030 29138 59368 36598 2073600 2073600 1 6 505552 990720 993600 127567 128104 124125 125756 6 6 6 6 8 4 0 0 0 1920 1080 
[10437.998790] MESSAGE_B= 0 0 0 1 1 5 192 0 248 179 0 3065 3064 3066 3064 1424 1577 976 996 149 164 157 152 251 541 301 431 0 6 255 255 107 118 69 66 23 2 0 0 0 0 2 2 2 2 1 5 22926 976672 1507798 173890 6270 1329292 1496066 1716196 358928 510220 1586194 36606 10130 19346 32208 31932 48030 29138 59368 36598 2073600 2073600 1 6 505530 994560 993600 127793 128104 123854 125779 6 6 6 6 7 4 0 0 0 1920 1080 
[10438.280787] MESSAGE_B= 0 0 0 1 1 2 192 0 248 179 0 3065 3066 3066 3065 1220 1531 1016 990 149 160 153 151 432 610 435 388 0 6 255 255 131 104 186 114 12 14 0 0 0 0 2 2 2 2 1 2 39662 787526 1507798 173890 6270 1329292 1496066 1716196 358928 510220 1586194 36606 10130 19346 32208 31932 48030 29138 59368 36598 2073600 2073600 1 6 505203 990720 993600 127121 128104 124224 125754 6 6 6 6 6 4 0 0 0 1920 1080 
[10438.452402] MESSAGE_B= 0 0 0 1 1 2 192 0 248 179 0 3064 3064 3066 3064 1217 1529 1020 979 160 166 161 151 435 581 439 394 0 6 255 255 130 110 129 131 26 37 0 0 0 0 2 2 2 2 1 2 65842 981876 1507798 173890 6270 1329292 1496066 1716196 358928 510220 1586194 36606 10130 19346 32208 31932 48030 29138 59368 36598 2073600 2073600 3 6 505250 994560 993600 127133 128104 124269 125744 6 6 6 6 6 4 0 0 0 1920 1080 
[10438.734986] MESSAGE_B= 0 0 0 1 1 2 192 0 248 179 0 3066 3064 3065 3066 1306 1694 1018 983 159 165 156 152 308 540 309 432 0 6 255 255 36 96 135 23 23 1 0 0 0 0 2 2 2 2 1 2 34680 804388 1507798 173890 6270 1329292 1496066 1716196 358928 510220 1586194 36606 10130 19346 32208 31932 48030 29138 59368 36598 2073600 2073600 1 6 505203 990720 993600 127143 128104 124184 125772 6 6 6 6 7 4 0 0 0 1920 1080 
[10439.013799] MESSAGE_B= 0 0 0 1 1 3 192 0 248 179 0 3058 3059 3067 3067 1270 1959 1016 979 162 154 159 155 483 483 431 392 0 6 255 255 107 32 156 60 29 23 0 0 0 0 2 2 2 2 1 3 57820 980870 1503718 56710 541322 1616618 1460040 1671642 352906 499042 1553134 48480 5866 39422 48698 47284 64562 26076 47838 53690 2073600 2073600 3 6 505327 994560 993600 127808 128104 123674 125741 6 6 6 6 7 4 0 0 0 1920 1080 
[10439.299787] MESSAGE_B= 0 0 0 1 1 4 192 0 248 179 0 3063 3060 3074 3066 1225 1786 992 984 159 156 157 145 406 530 308 433 0 6 255 255 39 51 128 19 11 7 0 0 0 0 2 2 2 2 1 4 39806 781436 1503718 56710 541322 1616618 1460040 1671642 352906 499042 1553134 48480 5866 39422 48698 47284 64562 26076 47838 53690 2073600 2073600 1 6 505381 990720 993600 127792 128104 123716 125769 6 6 6 6 7 4 0 0 0 1920 1080 
[10439.580783] MESSAGE_B= 0 0 0 1 1 5 192 0 248 179 0 3066 3065 3065 3061 1320 1912 1039 979 156 166 159 151 421 501 436 392 0 6 255 255 131 58 173 5 22 24 0 0 0 0 2 2 2 2 1 5 75430 978800 1503718 56710 541322 1616618 1460040 1671642 352906 499042 1553134 48480 5866 39422 48698 47284 64562 26076 47838 53690 2073600 2073600 3 6 505112 994560 993600 127217 128104 124054 125737 6 6 6 6 8 4 0 0 0 1920 1080 
[10439.736796] MESSAGE_B= 0 0 0 1 1 6 192 0 248 179 0 3066 3065 3065 3064 950 1120 1075 979 158 155 168 153 401 713 467 394 0 6 255 255 178 106 54 109 69 37 0 2 0 0 2 2 2 2 1 6 42742 765428 1503718 56710 541322 1616618 1460040 1671642 352906 499042 1553134 48480 5866 39422 48698 47284 64562 26076 47838 53690 2073600 2073600 1 6 506022 990720 993600 126787 128104 125396 125735 6 6 6 6 9 4 0 0 0 1920 1080 
[10440.017420] MESSAGE_B= 0 0 0 1 1 8 192 0 248 179 0 3064 3066 3065 3065 950 1027 1061 961 165 151 151 146 401 569 469 391 0 6 255 255 175 143 72 90 29 14 0 0 0 0 2 2 2 2 1 8 48246 977554 1503718 56710 541322 1616618 1460040 1671642 352906 499042 1553134 48480 5866 39422 48698 47284 64562 26076 47838 53690 2073600 2073600 3 6 505658 994560 993600 126969 128104 124850 125735 6 6 6 6 9 4 0 0 0 1920 1080 
[10440.312974] MESSAGE_B= 0 4 0 1 1 6 192 0 248 179 0 3065 3069 3065 3065 950 917 1071 963 161 168 158 148 401 506 468 391 0 6 255 255 179 168 75 63 24 22 0 0 0 0 2 2 2 2 1 6 12702 799184 1503718 56710 541322 1616618 1460040 1671642 352906 499042 1553134 48480 5866 39422 48698 47284 64562 26076 47838 53690 2073600 2073600 2 6 505769 990720 993600 126510 128104 125418 125737 6 6 6 6 8 4 4 4 4 1920 1080 
[10440.603485] MESSAGE_B= 0 0 0 1 1 3 192 0 248 179 0 3065 3065 3064 3064 950 1256 1074 960 150 168 152 162 401 747 467 393 0 6 255 255 174 49 75 66 97 11 0 0 0 0 2 2 2 2 1 3 25604 984838 1503718 56710 541322 1616618 1460040 1671642 352906 499042 1553134 48480 5866 39422 48698 47284 64562 26076 47838 53690 2073600 2073600 1 6 505905 994560 993600 127224 128104 124841 125736 6 6 6 6 8 4 0 0 0 1920 1080 
[10440.884789] MESSAGE_B= 0 0 0 1 1 7 192 0 248 179 0 3065 3065 3064 3064 948 1029 1071 974 154 158 161 156 401 517 477 390 0 6 255 255 179 149 58 47 111 26 0 2 0 0 2 2 2 2 1 7 23638 828588 1503718 56710 541322 1616618 1460040 1671642 352906 499042 1553134 48480 5866 39422 48698 47284 64562 26076 47838 53690 2073600 2073600 1 6 506007 990720 993600 126759 128104 125417 125727 6 6 6 6 8 4 0 0 0 1920 1080 
[10441.041059] MESSAGE_B= 0 0 0 1 1 2 192 0 248 179 0 3065 3063 3065 3064 948 1408 1071 964 164 151 152 153 401 665 473 392 0 6 255 255 177 99 76 59 84 30 0 0 0 0 2 2 2 2 1 2 25466 982456 1503718 56710 541322 1616618 1460040 1671642 352906 499042 1553134 48480 5866 39422 48698 47284 64562 26076 47838 53690 2073600 2073600 1 6 506238 994560 993600 127286 128104 125115 125733 6 6 6 6 8 4 0 0 0 1920 1080 
[10441.319784] MESSAGE_B= 0 0 0 1 1 7 192 0 248 179 0 3065 3063 3064 3067 903 1083 1050 972 150 168 164 154 229 547 419 431 0 6 255 244 139 173 5 17 81 13 0 0 0 0 2 2 2 2 1 7 45138 813454 1519290 68934 742938 1588998 1445526 1687106 383242 465658 1572318 30288 27678 22182 58356 29350 42408 28052 41472 22800 2073600 2073600 1 6 506170 990720 993600 126821 128104 125492 125753 6 6 6 6 9 4 0 0 0 1920 1080 
[10441.598787] MESSAGE_B= 0 0 0 0 1 3 192 0 248 179 0 3065 3065 3064 3064 903 1639 1135 965 162 158 153 153 229 602 518 433 0 6 255 255 82 93 7 30 94 10 0 0 0 0 2 2 2 2 1 3 21062 983290 1519290 68934 742938 1588998 1445526 1687106 383242 465658 1572318 30288 27678 22182 58356 29350 42408 28052 41472 22800 2073600 2073600 1 6 506527 994560 993600 127465 128104 125192 125766 6 6 6 6 9 4 0 0 0 1920 1080 
[10441.877806] MESSAGE_B= 0 0 0 1 1 1 192 0 248 179 0 3064 3029 3066 3064 948 1189 1068 967 163 125 154 159 401 550 483 391 0 6 255 230 175 139 56 67 77 14 0 0 0 0 2 2 2 2 1 1 38234 821570 1519290 68934 742938 1588998 1445526 1687106 383242 465658 1572318 30288 27678 22182 58356 29350 42408 28052 41472 22800 2073600 2073600 1 6 506081 990720 993600 126742 128104 125495 125740 6 6 6 6 9 4 0 0 0 1920 1080 
[10442.164134] MESSAGE_B= 0 0 0 0 1 6 192 0 248 179 0 3066 3039 3064 3065 903 1010 994 969 151 140 163 155 229 531 328 427 0 6 255 230 161 189 6 58 9 15 0 0 0 0 2 2 2 2 1 6 23670 980182 1519290 68934 742938 1588998 1445526 1687106 383242 465658 1572318 30288 27678 22182 58356 29350 42408 28052 41472 22800 2073600 2073600 1 6 506196 994560 993600 126816 128104 125516 125760 6 6 6 6 9 4 0 0 0 1920 1080 
[10442.444783] MESSAGE_B= 0 0 0 0 1 2 192 0 248 179 0 3066 3061 3065 3062 948 1735 1154 971 161 160 165 149 399 551 579 391 0 6 255 255 152 106 64 87 127 36 0 0 0 0 2 2 2 2 1 2 19180 819764 1519290 68934 742938 1588998 1445526 1687106 383242 465658 1572318 30288 27678 22182 58356 29350 42408 28052 41472 22800 2073600 2073600 1 6 506188 990720 993600 127359 128104 124983 125742 6 6 6 6 9 4 0 0 0 1920 1080 
[10442.726798] MESSAGE_B= 0 0 0 1 1 1 192 0 248 179 0 3066 3062 3064 3062 903 1661 1126 973 153 164 164 164 233 571 468 426 0 6 255 255 112 134 7 131 111 26 0 0 0 0 2 2 2 2 1 1 13444 981536 1519290 68934 742938 1588998 1445526 1687106 383242 465658 1572318 30288 27678 22182 58356 29350 42408 28052 41472 22800 2073600 2073600 2 6 506485 994560 993600 127293 128104 125321 125767 6 6 6 6 9 4 0 0 0 1920 1080 
[10442.883996] MESSAGE_B= 0 0 0 0 1 2 192 0 248 179 0 3066 3061 3064 3062 946 1789 1084 969 150 163 157 151 398 548 469 395 0 6 255 255 170 109 62 53 32 19 0 0 0 0 2 2 2 2 1 2 27932 821008 1519290 68934 742938 1588998 1445526 1687106 383242 465658 1572318 30288 27678 22182 58356 29350 42408 28052 41472 22800 2073600 2073600 1 6 506047 990720 993600 127606 128104 124594 125743 6 6 6 6 8 4 0 0 0 1920 1080 
[10443.161784] MESSAGE_B= 0 0 0 1 1 1 192 0 248 179 0 3068 3063 3066 3064 903 2040 1007 984 151 151 161 159 233 539 317 429 0 6 255 255 151 66 7 28 12 7 0 0 0 0 2 2 2 2 1 1 17484 984492 1519290 68934 742938 1588998 1445526 1687106 383242 465658 1572318 30288 27678 22182 58356 29350 42408 28052 41472 22800 2073600 2073600 1 6 506145 994560 993600 128023 128104 124258 125760 6 6 6 6 8 4 0 0 0 1920 1080 
[10443.442795] MESSAGE_B= 0 0 0 1 1 2 192 0 248 179 0 3066 3062 3066 3062 946 1883 1086 988 161 152 158 159 398 536 471 393 0 6 255 255 170 70 168 64 29 28 0 0 0 0 2 2 2 2 1 2 33004 825976 1519290 68934 742938 1588998 1445526 1687106 383242 465658 1572318 30288 27678 22182 58356 29350 42408 28052 41472 22800 2073600 2073600 1 6 504996 990720 993600 127558 128104 123597 125737 6 6 6 6 6 4 0 0 0 1920 1080 
[10443.721796] MESSAGE_B= 0 0 0 1 1 2 192 0 248 179 0 3065 3064 3064 3063 903 1831 1006 989 159 161 156 164 233 592 311 429 0 6 255 255 150 80 8 57 180 161 0 0 0 0 2 2 2 2 1 2 18114 983338 1513616 32874 873962 1620028 1443916 1710516 370916 478264 1570910 34538 23498 15326 23262 33466 30212 22602 30086 39272 2073600 2073600 1 6 505955 994560 993600 127603 128104 124488 125760 6 6 6 6 6 4 0 0 0 1920 1080 
[10444.001789] MESSAGE_B= 0 0 0 1 1 2 192 0 248 179 0 3064 3064 3064 3062 906 1835 1006 992 163 148 166 149 231 600 307 426 0 6 255 255 148 74 3 69 174 159 0 0 0 0 2 2 2 2 1 2 20470 814092 1513616 32874 873962 1620028 1443916 1710516 370916 478264 1570910 34538 23498 15326 23262 33466 30212 22602 30086 39272 2073600 2073600 1 6 505938 990720 993600 127643 128104 124433 125758 6 6 6 6 6 4 0 0 0 1920 1080 
[10444.280802] MESSAGE_B= 0 4 0 1 1 2 192 0 248 179 0 3065 3064 3066 3064 944 1858 1118 952 163 164 154 163 401 574 476 402 0 6 255 255 180 32 48 64 176 173 0 0 0 0 2 2 2 2 1 2 12946 978500 1513616 32874 873962 1620028 1443916 1710516 370916 478264 1570910 34538 23498 15326 23262 33466 30212 22602 30086 39272 2073600 2073600 2 6 505807 994560 993600 127666 128104 124344 125693 6 6 6 6 5 4 4 4 4 1920 1080 
[10444.560791] MESSAGE_B= 0 0 0 1 1 2 192 0 248 179 0 3066 3065 3065 3063 935 1828 1085 999 148 147 166 158 261 533 351 471 0 6 255 255 100 136 3 72 169 134 0 0 0 0 2 2 2 2 1 2 19492 817928 1513616 32874 873962 1620028 1443916 1710516 370916 478264 1570910 34538 23498 15326 23262 33466 30212 22602 30086 39272 2073600 2073600 1 6 505759 990720 993600 127470 128104 124426 125759 6 6 6 6 7 4 0 0 0 1920 1080 
[10444.837793] MESSAGE_B= 0 0 0 1 1 3 192 0 248 179 0 3063 3063 3064 3065 949 1653 1096 950 153 153 153 161 404 447 486 404 0 6 255 255 181 104 64 164 176 166 0 0 0 0 2 2 2 2 1 3 15686 981436 1513616 32874 873962 1620028 1443916 1710516 370916 478264 1570910 34538 23498 15326 23262 33466 30212 22602 30086 39272 2073600 2073600 1 6 505620 994560 993600 126796 128104 125030 125690 6 6 6 6 7 4 0 0 0 1920 1080 
[10445.116785] MESSAGE_B= 0 0 0 0 1 4 192 0 248 179 0 3060 3064 3063 3064 961 1647 1102 949 152 165 150 150 399 433 487 404 0 6 255 255 183 103 70 193 159 173 0 0 0 0 2 2 2 2 1 4 35784 796792 1513616 32874 873962 1620028 1443916 1710516 370916 478264 1570910 34538 23498 15326 23262 33466 30212 22602 30086 39272 2073600 2073600 1 6 505670 990720 993600 126691 128104 125193 125682 6 6 6 6 7 4 0 0 0 1920 1080 
[10445.273791] MESSAGE_B= 0 0 0 0 1 4 192 0 248 179 0 3063 3065 3066 3065 961 1647 1099 949 156 152 153 149 399 433 486 404 0 6 255 255 181 103 72 180 150 153 0 0 0 0 2 2 2 2 1 4 18102 981432 1513616 32874 873962 1620028 1443916 1710516 370916 478264 1570910 34538 23498 15326 23262 33466 30212 22602 30086 39272 2073600 2073600 1 6 505656 994560 993600 126691 128104 125178 125683 6 6 6 6 7 4 0 0 0 1920 1080 
[10445.555995] MESSAGE_B= 0 4 0 1 1 4 192 0 248 179 0 3063 3065 3066 3065 1020 1686 1116 995 157 157 161 156 521 473 561 465 0 6 255 255 217 146 4 152 112 134 0 0 0 0 2 2 2 2 1 4 66266 848530 1513616 32874 873962 1620028 1443916 1710516 370916 478264 1570910 34538 23498 15326 23262 33466 30212 22602 30086 39272 2073600 2073600 3 6 505770 990720 993600 126675 128104 125247 125744 6 6 6 6 5 4 4 4 4 1920 1080 
[10445.833801] MESSAGE_B= 0 0 0 0 1 4 192 0 248 179 0 2831 2832 2831 2831 818 1527 928 893 160 146 153 143 248 434 293 414 0 6 255 255 132 159 96 157 137 129 0 0 0 0 2 2 2 2 1 4 18856 981740 1513616 32874 873962 1620028 1443916 1710516 370916 478264 1570910 34538 23498 15326 23262 33466 30212 22602 30086 39272 2073600 2073600 1 6 505712 994560 993600 126671 128104 125234 125703 6 6 6 6 37 4 0 0 0 1920 1080 
[10446.113793] MESSAGE_B= 0 4 0 0 1 4 192 0 248 179 0 2103 2103 2103 2104 553 1031 647 579 151 145 138 144 333 344 310 321 0 6 255 255 221 172 128 143 200 161 0 0 0 0 2 2 2 2 1 4 273082 920914 1518416 54950 967090 1624018 1449978 1708426 361276 509110 1580284 81954 22070 17086 18622 22356 84162 19626 97786 71406 2073600 2073600 3 6 504762 990720 993600 126680 128104 124696 125282 6 6 6 6 54 4 4 4 4 1920 1080 
[10446.392805] MESSAGE_B= 0 4 0 1 2 4 192 0 248 179 0 1066 1068 1067 1065 1140 1143 1137 1130 83 87 84 79 51 53 51 47 0 31 255 255 218 226 206 198 191 207 0 0 0 0 0 0 0 0 2 4 18308 983632 1518416 54950 967090 1624018 1449978 1708426 361276 509110 1580284 81954 22070 17086 18622 22356 84162 19626 97786 71406 2073600 2073600 1 6 501355 994560 993600 126550 127981 123211 123613 6 6 6 6 65 4 4 4 4 1920 1080 
[10446.671948] MESSAGE_B= 0 7 0 0 1 1 192 0 248 179 0 0 0 0 0 0 0 0 0 0 0 0 0 0 0 0 0 1 12 0 0 0 0 0 0 0 0 1 1 1 1 1 1 1 1 1 1 185640 659988 1518416 54950 967090 1624018 1449978 1708426 361276 509110 1580284 81954 22070 17086 18622 22356 84162 19626 97786 71406 2073600 2073600 1 12 512416 990720 993600 128104 128104 128104 128104 12 12 12 12 84 4 4 4 4 1920 1080 
[10446.948787] MESSAGE_B= 0 0 0 14 2 3 192 0 248 179 0 1315 1318 1316 1327 1346 1332 1357 1337 45 43 33 64 34 43 63 49 0 31 229 142 61 175 149 165 221 146 0 0 0 0 0 0 0 0 2 3 0 930234 1518416 54950 967090 1624018 1449978 1708426 361276 509110 1580284 81954 22070 17086 18622 22356 84162 19626 97786 71406 2073600 2073600 2 6 433954 994560 993600 118412 103203 100144 112195 6 6 6 6 84 5 0 0 0 1920 1080 
[10447.104803] MESSAGE_B= 0 0 0 16 2 3 192 0 248 179 0 2206 2206 2205 2243 2250 2231 2276 2224 41 63 48 109 72 76 87 55 0 31 149 87 35 131 88 118 133 110 0 0 0 0 0 0 0 0 2 3 180066 0 1518416 54950 967090 1624018 1449978 1708426 361276 509110 1580284 81954 22070 17086 18622 22356 84162 19626 97786 71406 2073600 2073600 3 6 431134 990720 993600 118171 102104 98988 111871 6 6 6 6 77 5 0 0 0 1920 1080 
[10447.383941] MESSAGE_B= 0 0 0 15 2 3 192 0 248 179 0 3522 3037 3616 3361 3410 3161 3403 3249 232 61 27 233 363 105 278 131 0 6 0 68 82 241 201 237 241 124 2 2 2 2 2 2 2 2 2 3 222592 778084 1518416 54950 967090 1624018 1449978 1708426 361276 509110 1580284 81954 22070 17086 18622 22356 84162 19626 97786 71406 2073600 2073600 3 6 430696 994560 993600 118897 104071 98344 109384 6 6 6 6 80 0 0 0 0 1920 1080 
[10447.669252] MESSAGE_B= 0 0 0 23 2 0 192 0 248 179 0 3223 3063 3007 3067 3503 1688 3239 1418 338 286 371 454 482 1020 724 867 0 6 200 157 18 255 127 26 16 7 2 2 2 2 2 2 2 2 2 0 104690 883312 1518416 54950 967090 1624018 1449978 1708426 361276 509110 1580284 81954 22070 17086 18622 22356 84162 19626 97786 71406 2073600 2073600 2 6 420495 990720 993600 113281 98415 98593 110206 6 6 6 6 80 0 0 0 0 1920 1080 
[10447.949782] MESSAGE_B= 0 0 0 24 2 0 192 0 248 179 0 3111 2977 2882 2932 3502 1948 3202 1630 324 295 396 521 483 1188 768 1052 0 6 220 160 16 254 224 45 43 18 2 2 2 2 2 2 2 2 2 0 237090 748938 1518416 54950 967090 1624018 1449978 1708426 361276 509110 1580284 81954 22070 17086 18622 22356 84162 19626 97786 71406 2073600 2073600 2 6 420625 994560 993600 113639 98867 98315 109804 6 6 6 6 29 0 0 0 0 1920 1080 
[10448.238786] MESSAGE_B= 0 0 0 24 2 0 192 0 248 179 0 3110 2981 2882 2945 3500 1946 3204 1630 328 295 399 530 481 1186 771 1052 0 6 221 159 15 254 186 47 48 19 2 2 2 2 2 2 2 2 2 0 150228 891098 1518416 54950 967090 1624018 1449978 1708426 361276 509110 1580284 81954 22070 17086 18622 22356 84162 19626 97786 71406 2073600 2073600 2 6 420521 990720 993600 113607 98872 98213 109829 6 6 6 6 6 0 0 0 0 1920 1080 
[10448.521517] MESSAGE_B= 0 0 0 24 2 0 192 0 248 179 0 3121 2999 2900 2956 3495 1766 3214 1458 306 275 383 526 493 1185 772 1029 0 6 216 162 12 254 170 30 49 4 2 2 2 2 2 2 2 2 2 0 237142 782634 1522432 86224 993952 2 573948 1119770 698704 1151782 716104 273646 17244 2788 15600 105934 170612 104382 206294 142404 2073600 2073600 2 6 420603 994560 993600 113473 98792 98383 109955 6 6 6 6 6 0 0 0 0 1920 1080 
[10448.678025] MESSAGE_B= 0 0 0 24 2 0 192 0 248 179 0 3110 2988 2882 2945 3502 1950 3213 1636 329 294 401 527 492 1190 772 1043 0 6 220 159 14 254 172 36 46 9 2 2 2 2 2 2 2 2 2 0 150342 891156 1522432 86224 993952 2 573948 1119770 698704 1151782 716104 273646 17244 2788 15600 105934 170612 104382 206294 142404 2073600 2073600 2 6 420384 990720 993600 113525 98757 98232 109870 6 6 6 6 6 0 0 0 0 1920 1080 
[10448.959788] MESSAGE_B= 0 0 0 24 2 0 192 0 248 179 0 3121 3003 2899 2957 3496 1776 3216 1456 306 270 381 526 502 1173 776 1033 0 6 216 161 8 254 209 31 48 57 2 2 2 2 2 2 2 2 2 0 233996 783314 1522432 86224 993952 2 573948 1119770 698704 1151782 716104 273646 17244 2788 15600 105934 170612 104382 206294 142404 2073600 2073600 2 6 420750 994560 993600 113547 98826 98393 109984 6 6 6 6 6 0 0 0 0 1920 1080 
[10449.237829] MESSAGE_B= 0 0 0 24 2 0 192 0 248 179 0 3109 2985 2882 2947 3488 1950 3210 1646 326 293 401 529 499 1190 773 1035 0 6 222 155 8 254 177 56 45 39 2 2 2 2 2 2 2 2 2 0 150548 890100 1522432 86224 993952 2 573948 1119770 698704 1151782 716104 273646 17244 2788 15600 105934 170612 104382 206294 142404 2073600 2073600 2 6 420878 990720 993600 113692 99035 98238 109913 6 6 6 6 6 0 0 0 0 1920 1080 
[10449.518783] MESSAGE_B= 0 0 0 24 2 0 192 0 248 179 0 3108 2989 2883 2963 3496 1954 3216 1646 326 286 398 533 503 1186 780 1035 0 6 220 155 5 254 194 47 50 41 2 2 2 2 2 2 2 2 2 0 233432 784154 1522432 86224 993952 2 573948 1119770 698704 1151782 716104 273646 17244 2788 15600 105934 170612 104382 206294 142404 2073600 2073600 2 6 420702 994560 993600 113637 99002 98130 109933 6 6 6 6 6 0 0 0 0 1920 1080 
[10449.796794] MESSAGE_B= 0 0 0 24 2 0 192 0 248 179 0 3120 3004 2901 2978 3492 1773 3221 1456 304 274 382 532 512 1176 781 1033 0 6 218 157 2 254 187 51 43 92 2 2 2 2 2 2 2 2 2 0 150978 889966 1522432 86224 993952 2 573948 1119770 698704 1151782 716104 273646 17244 2788 15600 105934 170612 104382 206294 142404 2073600 2073600 2 6 420829 990720 993600 113588 98999 98298 109944 6 6 6 6 6 0 0 0 0 1920 1080 
[10450.075795] MESSAGE_B= 0 0 0 24 2 0 192 0 248 179 0 3107 2993 2882 2972 3486 1958 3226 1646 330 286 402 537 516 1188 779 1035 0 6 221 153 1 254 176 40 49 59 2 2 2 2 2 2 2 2 2 0 233160 783954 1522432 86224 993952 2 573948 1119770 698704 1151782 716104 273646 17244 2788 15600 105934 170612 104382 206294 142404 2073600 2073600 2 6 420680 994560 993600 113612 99038 98143 109887 6 6 6 6 6 0 0 0 0 1920 1080 
[10450.353799] MESSAGE_B= 0 0 0 24 2 0 192 0 248 179 0 3120 3008 2902 2978 3488 1785 3226 1456 304 272 380 533 507 1175 782 1033 0 6 216 160 1 254 171 8 44 100 2 2 2 2 2 2 2 2 2 0 151386 889320 1522432 86224 993952 2 573948 1119770 698704 1151782 716104 273646 17244 2788 15600 105934 170612 104382 206294 142404 2073600 2073600 2 6 420592 990720 993600 113518 98926 98219 109929 6 6 6 6 6 0 0 0 0 1920 1080 
[10450.634646] MESSAGE_B= 0 0 0 24 2 0 192 0 248 179 0 3120 3006 2902 2965 3489 1785 3228 1456 304 277 379 530 518 1168 782 1033 0 6 216 161 1 253 159 10 48 106 2 2 2 2 2 2 2 2 2 0 232146 784466 1522432 86224 993952 2 573948 1119770 698704 1151782 716104 273646 17244 2788 15600 105934 170612 104382 206294 142404 2073600 2073600 2 6 420566 994560 993600 113498 98974 98187 109907 6 6 6 6 6 0 0 0 0 1920 1080 
[10450.912711] MESSAGE_B= 0 0 0 24 2 0 192 0 248 179 0 3108 2993 2886 2986 3478 1972 3228 1646 325 275 397 528 513 1177 779 1035 0 6 222 152 0 254 167 34 48 65 2 2 2 2 2 2 2 2 2 0 151462 889394 1526862 1287870 265406 1392604 206208 1027512 761508 1155512 688580 270878 166920 91158 284188 101484 116982 100062 199394 142352 2073600 2073600 2 6 420537 990720 993600 113669 99039 98064 109765 6 6 6 6 6 0 0 0 0 1920 1080 
[10451.070803] MESSAGE_B= 0 0 0 24 2 0 192 0 248 179 0 3107 2996 2887 2997 3481 1980 3222 1646 330 282 393 530 510 1171 777 1035 0 6 220 152 0 254 158 25 44 67 2 2 2 2 2 2 2 2 2 0 230766 784958 1526862 1287870 265406 1392604 206208 1027512 761508 1155512 688580 270878 166920 91158 284188 101484 116982 100062 199394 142352 2073600 2073600 2 6 420498 994560 993600 113719 99079 97971 109729 6 6 6 6 6 0 0 0 0 1920 1080 
[10451.350950] MESSAGE_B= 0 0 0 22 5 1 192 0 248 179 0 3128 3126 3122 3202 3207 3195 3247 3182 79 86 77 145 92 125 142 74 0 31 170 24 17 69 136 60 117 46 0 0 0 0 0 0 0 0 5 1 151808 890668 1526862 1287870 265406 1392604 206208 1027512 761508 1155512 688580 270878 166920 91158 284188 101484 116982 100062 199394 142352 2073600 2073600 2 6 430831 990720 993600 119079 104458 97921 109373 6 6 6 6 22 5 0 0 0 1920 1080 
[10451.631593] MESSAGE_B= 0 0 0 15 2 4 192 0 248 179 0 0 3054 0 3402 3476 3203 3368 3249 0 49 0 205 331 141 351 145 0 6 0 192 87 231 207 160 237 49 1 2 2 2 2 2 2 2 2 4 235100 785110 1526862 1287870 265406 1392604 206208 1027512 761508 1155512 688580 270878 166920 91158 284188 101484 116982 100062 199394 142352 2073600 2073600 3 6 427507 994560 993600 119174 104453 97167 106713 6 6 6 6 37 0 0 0 0 1920 1080 

