[ 7698.303784] MESSAGE_B= 4 0 0 253 26 3 192 0 248 179 0 0 0 0 0 0 0 0 0 0 0 0 0 0 0 0 0 1 12 0 0 0 0 0 0 0 0 0 0 0 0 1 0 0 1 26 3 1918 17750 17186 162926 9318 2 2 2 123202 87256 20034 2302 59774 24114 2 2 2 59700 47212 1520 2073600 2073600 4 12 506722 990720 993600 126820 126840 126477 126585 12 12 12 12 52 0 0 0 0 1920 1080 
[ 7698.464792] MESSAGE_B= 5 0 0 253 27 3 192 0 248 179 0 0 0 0 0 0 0 0 0 0 0 0 0 0 0 0 0 1 12 0 0 0 0 0 0 0 0 0 0 0 0 1 0 0 1 27 3 1890 0 17186 162926 9318 2 2 2 123202 87256 20034 2302 59774 24114 2 2 2 59700 47212 1520 2073600 2073600 6 12 506637 994560 993600 126789 126786 126477 126585 12 12 12 12 52 0 0 0 0 1920 1080 
[ 7698.744587] MESSAGE_B= 4 0 0 252 16 3 192 0 248 179 0 0 0 0 0 0 0 0 0 0 0 0 0 0 0 0 0 1 12 0 0 0 0 0 0 0 0 0 0 0 0 1 0 0 1 16 3 1920 20152 17186 162926 9318 2 2 2 123202 87256 20034 2302 59774 24114 2 2 2 59700 47212 1520 2073600 2073600 4 12 506387 990720 993600 126736 126731 126445 126475 12 12 12 12 49 0 0 0 0 1920 1080 
[ 7699.014800] MESSAGE_B= 5 0 0 253 24 3 192 0 248 179 0 0 0 0 0 0 0 0 0 0 0 0 0 0 0 0 0 1 12 0 0 0 0 0 0 0 0 0 0 0 0 1 0 0 1 24 3 2584 0 17186 162926 9318 2 2 2 123202 87256 20034 2302 59774 24114 2 2 2 59700 47212 1520 2073600 2073600 6 12 506337 994560 993600 126687 126730 126445 126475 12 12 12 12 59 0 0 0 0 1920 1080 
[ 7699.284783] MESSAGE_B= 4 0 0 252 21 3 192 0 248 179 0 0 0 0 0 0 0 0 0 0 0 0 0 0 0 0 0 1 12 0 0 0 0 0 0 0 0 0 0 0 0 1 0 0 1 21 3 1920 21740 17186 162926 9318 2 2 2 123202 87256 20034 2302 59774 24114 2 2 2 59700 47212 1520 2073600 2073600 4 12 506347 990720 993600 126710 126717 126445 126475 12 12 12 12 62 0 0 0 0 1920 1080 
[ 7699.561799] MESSAGE_B= 5 0 0 252 22 3 192 0 248 179 0 0 0 0 0 0 0 0 0 0 0 0 0 0 0 0 0 1 12 0 0 0 0 0 0 0 0 0 0 0 0 1 0 0 1 22 3 1638 0 17186 162926 9318 2 2 2 123202 87256 20034 2302 59774 24114 2 2 2 59700 47212 1520 2073600 2073600 6 12 506544 994560 993600 126723 126759 126477 126585 12 12 12 12 62 0 0 0 0 1920 1080 
[ 7699.840782] MESSAGE_B= 4 0 0 253 17 3 192 0 248 179 0 0 0 0 0 0 0 0 0 0 0 0 0 0 0 0 0 1 12 0 0 0 0 0 0 0 0 0 0 0 0 1 0 0 1 17 3 1926 21478 17186 162926 9318 2 2 2 123202 87256 20034 2302 59774 24114 2 2 2 59700 47212 1520 2073600 2073600 4 12 506560 990720 993600 126734 126764 126477 126585 12 12 12 12 50 0 0 0 0 1920 1080 
[ 7700.117273] MESSAGE_B= 5 0 0 252 15 3 192 0 248 179 0 0 0 0 0 0 0 0 0 0 0 0 0 0 0 0 0 1 12 0 0 0 0 0 0 0 0 0 0 0 0 1 0 0 1 15 3 1980 0 17186 162926 9318 2 2 2 123202 87256 20034 2302 59774 24114 2 2 2 59700 47212 1520 2073600 2073600 6 12 506384 994560 993600 126721 126743 126445 126475 12 12 12 12 77 0 0 0 0 1920 1080 
[ 7700.387788] MESSAGE_B= 4 0 0 253 13 3 192 0 248 179 0 0 0 0 0 0 0 0 0 0 0 0 0 0 0 0 0 1 12 0 0 0 0 0 0 0 0 0 0 0 0 1 0 0 1 13 3 1920 21128 17186 162926 9318 2 2 2 123202 87256 20034 2302 59774 24114 2 2 2 59700 47212 1520 2073600 2073600 4 12 506375 990720 993600 126722 126733 126445 126475 12 12 12 12 77 0 0 0 0 1920 1080 
[ 7700.537798] MESSAGE_B= 5 0 0 252 14 3 192 0 248 179 0 0 0 0 0 0 0 0 0 0 0 0 0 0 0 0 0 1 12 0 0 0 0 0 0 0 0 0 0 0 0 1 0 0 1 14 3 2314 0 15314 150676 21634 14534 20338 5348 142510 128180 18774 2540 62630 23370 3090 1582 2956 58694 42804 2798 2073600 2073600 6 12 506496 994560 993600 126706 126728 126477 126585 12 12 12 12 77 0 0 0 0 1920 1080 
[ 7700.810787] MESSAGE_B= 4 0 0 253 14 3 192 0 248 179 0 0 0 0 0 0 0 0 0 0 0 0 0 0 0 0 0 1 12 0 0 0 0 0 0 0 0 0 0 0 0 1 0 0 1 14 3 1920 21046 15314 150676 21634 14534 20338 5348 142510 128180 18774 2540 62630 23370 3090 1582 2956 58694 42804 2798 2073600 2073600 4 12 506405 990720 993600 126722 126763 126445 126475 12 12 12 12 51 0 0 0 0 1920 1080 
[ 7701.084789] MESSAGE_B= 5 0 0 253 15 3 192 0 248 179 0 0 0 0 0 0 0 0 0 0 0 0 0 0 0 0 0 1 12 0 0 0 0 0 0 0 0 0 0 0 0 1 0 0 1 15 3 2322 0 15314 150676 21634 14534 20338 5348 142510 128180 18774 2540 62630 23370 3090 1582 2956 58694 42804 2798 2073600 2073600 6 12 506395 994560 993600 126736 126739 126445 126475 12 12 12 12 51 0 0 0 0 1920 1080 
[ 7701.357782] MESSAGE_B= 4 0 0 253 21 3 192 0 248 179 0 0 0 0 0 0 0 0 0 0 0 0 0 0 0 0 0 1 12 0 0 0 0 0 0 0 0 0 0 0 0 1 0 0 1 21 3 1920 21126 15314 150676 21634 14534 20338 5348 142510 128180 18774 2540 62630 23370 3090 1582 2956 58694 42804 2798 2073600 2073600 4 12 506370 990720 993600 126723 126727 126445 126475 12 12 12 12 30 0 0 0 0 1920 1080 
[ 7701.630804] MESSAGE_B= 5 0 0 253 14 3 192 0 248 179 0 0 0 0 0 0 0 0 0 0 0 0 0 0 0 0 0 1 12 0 0 0 0 0 0 0 0 0 0 0 0 1 0 0 1 14 3 2012 0 15314 150676 21634 14534 20338 5348 142510 128180 18774 2540 62630 23370 3090 1582 2956 58694 42804 2798 2073600 2073600 6 12 506575 994560 993600 126752 126761 126477 126585 12 12 12 12 66 0 0 0 0 1920 1080 
[ 7701.905697] MESSAGE_B= 4 0 0 252 16 3 192 0 248 179 0 0 0 0 0 0 0 0 0 0 0 0 0 0 0 0 0 1 12 0 0 0 0 0 0 0 0 0 0 0 0 1 0 0 1 16 3 1920 20662 15314 150676 21634 14534 20338 5348 142510 128180 18774 2540 62630 23370 3090 1582 2956 58694 42804 2798 2073600 2073600 4 12 506521 990720 993600 126733 126726 126477 126585 12 12 12 12 72 0 0 0 0 1920 1080 
[ 7702.149785] MESSAGE_B= 5 0 0 253 21 3 192 0 248 179 0 0 0 0 0 0 0 0 0 0 0 0 0 0 0 0 0 1 12 0 0 0 0 0 0 0 0 0 0 0 0 1 0 0 1 21 3 2046 0 15314 150676 21634 14534 20338 5348 142510 128180 18774 2540 62630 23370 3090 1582 2956 58694 42804 2798 2073600 2073600 6 12 506387 994560 993600 126706 126761 126445 126475 12 12 12 12 72 0 0 0 0 1920 1080 
[ 7702.423784] MESSAGE_B= 4 0 0 253 10 3 192 0 248 179 0 0 0 0 0 0 0 0 0 0 0 0 0 0 0 0 0 1 12 0 0 0 0 0 0 0 0 0 0 0 0 1 0 0 1 10 3 1920 20726 15314 150676 21634 14534 20338 5348 142510 128180 18774 2540 62630 23370 3090 1582 2956 58694 42804 2798 2073600 2073600 4 12 506410 990720 993600 126716 126774 126445 126475 12 12 12 12 21 0 0 0 0 1920 1080 
[ 7702.696791] MESSAGE_B= 5 0 0 253 15 3 192 0 248 179 0 0 0 0 0 0 0 0 0 0 0 0 0 0 0 0 0 1 12 0 0 0 0 0 0 0 0 0 0 0 0 1 0 0 1 15 3 2484 0 15314 150676 21634 14534 20338 5348 142510 128180 18774 2540 62630 23370 3090 1582 2956 58694 42804 2798 2073600 2073600 6 12 506493 994560 993600 126693 126738 126477 126585 12 12 12 12 28 0 0 0 0 1920 1080 
[ 7702.973796] MESSAGE_B= 4 0 0 253 10 3 192 0 248 179 0 0 0 0 0 0 0 0 0 0 0 0 0 0 0 0 0 1 12 0 0 0 0 0 0 0 0 0 0 0 0 1 0 0 1 10 3 1920 20340 15600 156846 21598 14034 19900 5386 141434 127300 18730 2176 59934 25166 2298 1684 3422 59014 43138 3508 2073600 2073600 4 12 506552 990720 993600 126758 126732 126477 126585 12 12 12 12 39 0 0 0 0 1920 1080 
[ 7703.254739] MESSAGE_B= 5 0 0 253 15 3 192 0 248 179 0 0 0 0 0 0 0 0 0 0 0 0 0 0 0 0 0 1 12 0 0 0 0 0 0 0 0 0 0 0 0 1 0 0 1 15 3 2010 0 15600 156846 21598 14034 19900 5386 141434 127300 18730 2176 59934 25166 2298 1684 3422 59014 43138 3508 2073600 2073600 6 12 506465 994560 993600 126763 126782 126445 126475 12 12 12 12 39 0 0 0 0 1920 1080 
[ 7703.527791] MESSAGE_B= 4 0 0 253 24 3 192 0 248 179 0 0 0 0 0 0 0 0 0 0 0 0 0 0 0 0 0 1 12 0 0 0 0 0 0 0 0 0 0 0 0 1 0 0 1 24 3 1920 20270 15600 156846 21598 14034 19900 5386 141434 127300 18730 2176 59934 25166 2298 1684 3422 59014 43138 3508 2073600 2073600 4 12 506744 990720 993600 126854 126828 126477 126585 12 12 12 12 60 0 0 0 0 1920 1080 
[ 7703.800789] MESSAGE_B= 5 0 0 252 30 3 192 0 248 179 0 0 0 0 0 0 0 0 0 0 0 0 0 0 0 0 0 1 12 0 0 0 0 0 0 0 0 0 0 0 0 1 0 0 1 30 3 1906 0 15600 156846 21598 14034 19900 5386 141434 127300 18730 2176 59934 25166 2298 1684 3422 59014 43138 3508 2073600 2073600 6 12 507109 994560 993600 127032 127015 126477 126585 12 12 12 12 60 0 0 0 0 1920 1080 
[ 7704.074783] MESSAGE_B= 4 0 0 253 37 3 192 0 248 179 0 0 0 0 0 0 0 0 0 0 0 0 0 0 0 0 0 1 12 0 0 0 0 0 0 0 0 0 0 0 0 1 0 0 1 37 3 1920 19132 15600 156846 21598 14034 19900 5386 141434 127300 18730 2176 59934 25166 2298 1684 3422 59014 43138 3508 2073600 2073600 4 12 507356 990720 993600 127140 127154 126477 126585 12 12 12 12 53 0 0 0 0 1920 1080 
[ 7704.353806] MESSAGE_B= 5 0 0 252 36 3 192 0 248 179 0 0 0 0 0 0 0 0 0 0 0 0 0 0 0 0 0 1 12 0 0 0 0 0 0 0 0 1 1 0 0 1 0 0 1 36 3 2008 0 15600 156846 21598 14034 19900 5386 141434 127300 18730 2176 59934 25166 2298 1684 3422 59014 43138 3508 2073600 2073600 6 12 508876 994560 993600 127993 127963 126445 126475 12 12 12 12 27 0 0 0 0 1920 1080 
[ 7704.627791] MESSAGE_B= 4 7 0 252 43 3 192 0 248 179 0 0 0 0 0 0 0 0 0 0 0 0 0 0 0 0 0 1 12 0 0 0 0 0 0 0 0 1 1 1 1 1 1 1 1 43 3 1920 24504 15600 156846 21598 14034 19900 5386 141434 127300 18730 2176 59934 25166 2298 1684 3422 59014 43138 3508 2073600 2073600 4 12 512416 990720 993600 128104 128104 128104 128104 12 12 12 12 27 0 0 0 0 1920 1080 
[ 7704.785212] MESSAGE_B= 4 7 0 253 1 3 192 0 248 179 0 0 0 0 0 0 0 0 0 0 0 0 0 0 0 0 0 1 12 0 0 0 0 0 0 0 0 1 1 1 1 1 1 1 1 1 3 0 0 15600 156846 21598 14034 19900 5386 141434 127300 18730 2176 59934 25166 2298 1684 3422 59014 43138 3508 2073600 2073600 4 12 512416 994560 993600 128104 128104 128104 128104 12 12 12 12 17 0 0 0 0 1920 1080 
[ 7705.057783] MESSAGE_B= 4 7 0 253 1 3 192 0 248 179 0 0 0 0 0 0 0 0 0 0 0 0 0 0 0 0 0 1 12 0 0 0 0 0 0 0 0 1 1 1 1 1 1 1 1 1 3 0 0 15600 156846 21598 14034 19900 5386 141434 127300 18730 2176 59934 25166 2298 1684 3422 59014 43138 3508 2073600 2073600 4 12 512416 990720 993600 128104 128104 128104 128104 12 12 12 12 0 0 0 0 0 1920 1080 
[ 7705.332780] MESSAGE_B= 4 7 0 253 1 3 192 0 248 179 0 0 0 0 0 0 0 0 0 0 0 0 0 0 0 0 0 1 12 0 0 0 0 0 0 0 0 1 1 1 1 1 1 1 1 1 3 0 0 2 150066 22958 14720 16934 21238 155242 97078 2 2 61006 21614 3010 1214 2732 57256 45222 2 2073600 2073600 4 12 512416 994560 993600 128104 128104 128104 128104 12 12 12 12 0 0 0 0 0 1920 1080 
[ 7705.606789] MESSAGE_B= 4 0 0 252 4 3 192 0 248 179 0 0 238 0 711 771 0 241 0 0 0 0 0 0 0 0 0 1 12 0 0 0 0 0 0 0 0 1 1 0 1 1 1 0 1 4 3 0 0 2 150066 22958 14720 16934 21238 155242 97078 2 2 61006 21614 3010 1214 2732 57256 45222 2 2073600 2073600 4 12 510879 990720 993600 127444 127464 128104 127867 12 12 12 12 51 0 0 0 0 1920 1080 
[ 7705.879792] MESSAGE_B= 4 0 0 252 15 3 192 0 248 179 0 0 414 0 1310 1358 0 400 0 0 0 0 0 0 0 0 0 1 12 0 0 0 0 0 0 0 0 0 1 0 1 0 1 0 1 15 3 816 2702 2 150066 22958 14720 16934 21238 155242 97078 2 2 61006 21614 3010 1214 2732 57256 45222 2 2073600 2073600 4 12 509574 994560 993600 126855 126928 128104 127687 12 12 12 12 51 0 0 0 0 1920 1080 
[ 7706.155790] MESSAGE_B= 4 0 0 252 19 3 192 0 248 179 0 0 456 0 1324 1506 0 434 0 0 0 0 0 0 0 0 0 1 12 0 0 0 0 0 0 0 0 0 0 0 1 0 1 0 0 19 3 4476 24394 2 150066 22958 14720 16934 21238 155242 97078 2 2 61006 21614 3010 1214 2732 57256 45222 2 2073600 2073600 4 12 509225 990720 993600 126701 126800 128104 127620 12 12 12 12 82 0 0 0 0 1920 1080 
[ 7706.432790] MESSAGE_B= 0 0 0 252 3 3 192 0 248 179 0 0 490 0 1536 1574 0 465 0 0 0 0 0 0 0 0 0 1 12 0 0 0 0 0 0 0 0 0 0 0 0 0 0 0 0 3 3 1474 4644 2 150066 22958 14720 16934 21238 155242 97078 2 2 61006 21614 3010 1214 2732 57256 45222 2 2073600 2073600 1 12 503069 994560 993600 126525 126603 125260 124681 12 12 12 12 82 0 0 0 0 1920 1080 
[ 7706.711765] MESSAGE_B= 0 0 0 252 3 3 192 0 248 179 0 0 521 0 1505 1749 0 493 0 0 0 0 0 0 0 0 0 1 12 0 0 0 0 0 0 0 0 0 0 0 0 0 0 0 1 3 3 7960 27402 2 150066 22958 14720 16934 21238 155242 97078 2 2 61006 21614 3010 1214 2732 57256 45222 2 2073600 2073600 1 12 502901 990720 993600 126403 126636 125255 124607 12 12 12 12 46 0 0 0 0 1920 1080 
[ 7706.987783] MESSAGE_B= 0 0 0 252 3 3 192 0 248 179 0 0 530 0 1632 1669 0 492 0 0 0 0 0 0 0 0 0 1 12 0 0 0 0 0 0 0 0 0 0 0 0 0 0 0 0 3 3 2200 5212 2 150066 22958 14720 16934 21238 155242 97078 2 2 61006 21614 3010 1214 2732 57256 45222 2 2073600 2073600 1 12 502789 994560 993600 126408 126511 125255 124615 12 12 12 12 37 0 0 0 0 1920 1080 
[ 7707.260791] MESSAGE_B= 0 0 0 252 4 3 192 0 248 179 0 0 542 0 1648 1730 0 490 0 0 0 0 0 0 0 0 0 1 12 0 0 0 0 0 0 0 0 0 0 0 0 0 0 0 0 4 3 8174 30808 2 150066 22958 14720 16934 21238 155242 97078 2 2 61006 21614 3010 1214 2732 57256 45222 2 2073600 2073600 2 12 502781 990720 993600 126369 126500 125260 124652 12 12 12 12 39 0 0 0 0 1920 1080 
[ 7707.532799] MESSAGE_B= 0 0 0 252 3 3 192 0 248 179 0 0 540 0 1641 1721 0 484 0 0 0 0 0 0 0 0 0 1 12 0 0 0 0 0 0 0 0 0 0 0 0 0 0 0 0 3 3 1984 5412 2 150066 22958 14720 16934 21238 155242 97078 2 2 61006 21614 3010 1214 2732 57256 45222 2 2073600 2073600 1 12 502789 994560 993600 126375 126510 125260 124644 12 12 12 12 52 0 0 0 0 1920 1080 
[ 7707.703625] MESSAGE_B= 0 0 0 252 4 3 192 0 248 179 0 0 517 0 1618 1654 0 490 0 0 0 0 0 0 0 0 0 1 12 0 21 0 0 0 0 0 0 0 0 0 0 0 0 0 0 4 3 8000 31334 34878 113614 97828 20830 22946 34112 179662 113844 39426 6260 70938 10390 3420 5498 5966 67784 58600 5590 2073600 2073600 2 12 502900 990720 993600 126444 126522 125260 124674 12 12 12 12 52 0 0 0 0 1920 1080 
[ 7707.985788] MESSAGE_B= 0 0 0 252 3 3 192 0 248 179 0 0 506 0 1520 1762 0 504 0 0 0 0 0 0 0 0 0 1 12 0 0 0 0 0 0 0 0 0 0 0 0 0 0 0 0 3 3 2266 5492 34878 113614 97828 20830 22946 34112 179662 113844 39426 6260 70938 10390 3420 5498 5966 67784 58600 5590 2073600 2073600 1 12 502872 994560 993600 126408 126605 125255 124604 12 12 12 12 52 0 0 0 0 1920 1080 
[ 7708.260791] MESSAGE_B= 0 0 0 252 3 3 192 0 248 179 0 0 525 0 1652 1725 0 476 0 0 0 0 0 0 0 0 0 1 12 0 0 0 0 0 0 0 0 0 0 0 0 0 0 0 0 3 3 8430 31648 34878 113614 97828 20830 22946 34112 179662 113844 39426 6260 70938 10390 3420 5498 5966 67784 58600 5590 2073600 2073600 1 12 502806 990720 993600 126382 126508 125260 124656 12 12 12 12 52 0 0 0 0 1920 1080 
[ 7708.534785] MESSAGE_B= 0 0 0 252 4 3 192 0 248 179 0 0 529 0 1633 1729 0 482 0 0 0 0 0 0 0 0 0 1 12 0 0 0 0 0 0 0 0 0 0 0 0 0 0 0 0 4 3 2008 5548 34878 113614 97828 20830 22946 34112 179662 113844 39426 6260 70938 10390 3420 5498 5966 67784 58600 5590 2073600 2073600 2 12 502809 994560 993600 126380 126517 125260 124652 12 12 12 12 41 0 0 0 0 1920 1080 
[ 7708.812678] MESSAGE_B= 0 0 0 252 4 3 192 0 248 179 0 0 524 0 1621 1656 0 492 0 0 0 0 0 0 0 0 0 1 12 0 0 0 0 0 0 0 0 0 0 0 0 0 0 0 0 4 3 8414 31574 34878 113614 97828 20830 22946 34112 179662 113844 39426 6260 70938 10390 3420 5498 5966 67784 58600 5590 2073600 2073600 2 12 502817 990720 993600 126439 126519 125255 124604 12 12 12 12 41 0 0 0 0 1920 1080 
[ 7709.089780] MESSAGE_B= 0 0 0 252 3 3 192 0 248 179 0 0 512 0 1598 1622 0 484 0 0 0 0 0 0 0 0 0 1 12 0 0 0 0 0 0 0 0 0 0 0 0 0 0 0 0 3 3 1638 5494 34878 113614 97828 20830 22946 34112 179662 113844 39426 6260 70938 10390 3420 5498 5966 67784 58600 5590 2073600 2073600 1 12 502885 994560 993600 126473 126542 125255 124615 12 12 12 12 26 0 0 0 0 1920 1080 
[ 7709.363789] MESSAGE_B= 0 0 0 252 4 3 192 0 248 179 0 0 538 0 1534 1761 0 501 0 0 0 0 0 0 0 0 0 1 12 0 0 0 0 0 0 0 0 0 0 0 0 0 0 0 1 4 3 8324 31722 34878 113614 97828 20830 22946 34112 179662 113844 39426 6260 70938 10390 3420 5498 5966 67784 58600 5590 2073600 2073600 2 12 502901 990720 993600 126375 126608 125260 124658 12 12 12 12 38 0 0 0 0 1920 1080 
[ 7709.643790] MESSAGE_B= 0 0 0 252 3 3 192 0 248 179 0 0 512 0 1616 1597 0 486 0 0 0 0 0 0 0 0 0 1 12 0 0 0 0 0 0 0 0 0 0 0 0 0 0 0 0 3 3 2038 5456 34878 113614 97828 20830 22946 34112 179662 113844 39426 6260 70938 10390 3420 5498 5966 67784 58600 5590 2073600 2073600 1 12 502874 994560 993600 126488 126527 125255 124604 12 12 12 12 38 0 0 0 0 1920 1080 
[ 7709.917788] MESSAGE_B= 0 0 0 252 4 3 192 0 248 179 0 0 525 0 1642 1720 0 493 0 0 0 0 0 0 0 0 0 1 12 0 0 0 0 0 0 0 0 0 0 0 0 0 0 0 0 4 3 8162 31126 34878 113614 97828 20830 22946 34112 179662 113844 39426 6260 70938 10390 3420 5498 5966 67784 58600 5590 2073600 2073600 2 12 502737 990720 993600 126389 126502 125255 124591 12 12 12 12 15 0 0 0 0 1920 1080 
[ 7710.194786] MESSAGE_B= 0 0 0 252 4 3 192 0 248 179 0 0 508 0 1536 1746 0 504 0 0 0 0 0 0 0 0 0 1 12 0 0 0 0 0 0 0 0 0 0 0 0 0 0 0 0 4 3 1888 5488 34158 142754 71958 32850 17758 27752 173858 114402 39810 5714 77622 14170 6086 5904 6454 66694 57758 6194 2073600 2073600 2 12 502902 994560 993600 126396 126591 125260 124655 12 12 12 12 54 0 0 0 0 1920 1080 
[ 7710.472786] MESSAGE_B= 0 0 0 252 4 3 192 0 248 179 0 0 530 0 1578 1733 0 501 0 0 0 0 0 0 0 0 0 1 12 18 0 0 0 0 0 3 0 0 0 0 0 0 0 0 1 4 3 8320 31204 34158 142754 71958 32850 17758 27752 173858 114402 39810 5714 77622 14170 6086 5904 6454 66694 57758 6194 2073600 2073600 2 12 502879 990720 993600 126389 126575 125260 124655 12 12 12 12 54 0 0 0 0 1920 1080 
[ 7710.745791] MESSAGE_B= 0 0 0 252 4 3 192 0 248 179 0 0 505 0 1522 1741 0 496 0 0 0 0 0 0 0 0 0 1 12 0 0 0 0 0 0 0 0 0 0 0 0 0 0 0 1 4 3 1790 5486 34158 142754 71958 32850 17758 27752 173858 114402 39810 5714 77622 14170 6086 5904 6454 66694 57758 6194 2073600 2073600 2 12 502875 994560 993600 126415 126620 125255 124585 12 12 12 12 27 0 0 0 0 1920 1080 
[ 7710.907842] MESSAGE_B= 0 0 0 252 4 3 192 0 248 179 0 0 524 0 1641 1732 0 482 0 0 0 0 0 0 0 0 0 1 12 0 0 0 0 0 0 0 0 0 0 0 0 0 0 0 0 4 3 8352 31344 34158 142754 71958 32850 17758 27752 173858 114402 39810 5714 77622 14170 6086 5904 6454 66694 57758 6194 2073600 2073600 2 12 502806 990720 993600 126380 126511 125260 124655 12 12 12 12 27 0 0 0 0 1920 1080 
[ 7711.183777] MESSAGE_B= 0 0 0 252 4 3 192 0 248 179 0 0 524 0 1642 1704 0 496 0 0 0 0 0 0 0 0 0 1 12 0 0 0 0 0 0 0 0 0 0 0 0 0 0 0 0 4 3 2172 5472 34158 142754 71958 32850 17758 27752 173858 114402 39810 5714 77622 14170 6086 5904 6454 66694 57758 6194 2073600 2073600 2 12 502752 994560 993600 126403 126500 125255 124594 12 12 12 12 26 0 0 0 0 1920 1080 
[ 7711.456793] MESSAGE_B= 0 0 0 252 3 3 192 0 248 179 0 0 514 0 1586 1784 0 501 0 0 0 0 0 0 0 0 0 1 12 0 0 0 0 0 4 0 0 0 0 0 0 0 0 0 0 3 3 8378 31924 34158 142754 71958 32850 17758 27752 173858 114402 39810 5714 77622 14170 6086 5904 6454 66694 57758 6194 2073600 2073600 1 12 502833 990720 993600 126415 126552 125255 124611 12 12 12 12 26 0 0 0 0 1920 1080 
[ 7711.732787] MESSAGE_B= 0 0 0 252 3 3 192 0 248 179 0 0 518 0 1638 1709 0 470 0 0 0 0 0 0 0 0 0 1 12 0 0 0 0 0 0 0 0 0 0 0 0 0 0 0 0 3 3 1918 5408 34158 142754 71958 32850 17758 27752 173858 114402 39810 5714 77622 14170 6086 5904 6454 66694 57758 6194 2073600 2073600 1 12 502837 994560 993600 126400 126522 125260 124655 12 12 12 12 22 0 0 0 0 1920 1080 
[ 7712.007783] MESSAGE_B= 0 0 0 252 4 3 192 0 248 179 0 0 534 0 1593 1744 0 504 0 0 0 0 0 0 0 0 0 1 12 18 0 0 0 0 0 3 0 0 0 0 0 0 0 0 1 4 3 8162 31810 34158 142754 71958 32850 17758 27752 173858 114402 39810 5714 77622 14170 6086 5904 6454 66694 57758 6194 2073600 2073600 2 12 502857 990720 993600 126378 126562 125260 124657 12 12 12 12 63 0 0 0 0 1920 1080 
[ 7712.282794] MESSAGE_B= 0 0 0 252 4 3 192 0 248 179 0 0 518 0 1630 1644 0 493 0 0 0 0 0 0 0 0 0 1 12 0 21 0 0 0 0 0 0 0 0 0 0 0 0 0 0 4 3 1838 5484 34158 142754 71958 32850 17758 27752 173858 114402 39810 5714 77622 14170 6086 5904 6454 66694 57758 6194 2073600 2073600 2 12 502829 994560 993600 126451 126511 125255 124612 12 12 12 12 63 0 0 0 0 1920 1080 
[ 7712.565682] MESSAGE_B= 0 0 0 252 4 3 192 0 248 179 0 0 521 0 1646 1712 0 477 0 0 0 0 0 0 0 0 0 1 12 0 0 0 0 0 0 0 0 0 0 0 0 0 0 0 0 4 3 8298 31830 34528 147554 70074 32460 17764 27288 174124 111712 39310 5708 77702 14022 6264 6374 6602 67406 57604 5688 2073600 2073600 2 12 502829 990720 993600 126398 126511 125260 124660 12 12 12 12 25 0 0 0 0 1920 1080 
[ 7712.841311] MESSAGE_B= 0 0 0 252 4 3 192 0 248 179 0 0 532 0 1646 1718 0 473 0 0 0 0 0 0 0 0 0 1 12 0 0 0 0 0 0 0 0 0 0 0 0 0 0 0 0 4 3 1976 5494 34528 147554 70074 32460 17764 27288 174124 111712 39310 5708 77702 14022 6264 6374 6602 67406 57604 5688 2073600 2073600 2 12 502804 994560 993600 126383 126514 125260 124647 12 12 12 12 49 0 0 0 0 1920 1080 
[ 7713.118783] MESSAGE_B= 0 0 0 252 4 3 192 0 248 179 0 0 512 0 1640 1650 0 486 0 0 0 0 0 0 0 0 0 1 12 0 21 0 0 0 0 0 0 0 0 0 0 0 0 0 0 4 3 8276 31854 34528 147554 70074 32460 17764 27288 174124 111712 39310 5708 77702 14022 6264 6374 6602 67406 57604 5688 2073600 2073600 2 12 502788 990720 993600 126423 126509 125255 124601 12 12 12 12 54 0 0 0 0 1920 1080 
[ 7713.397536] MESSAGE_B= 0 0 0 252 3 3 192 0 248 179 0 0 521 0 1638 1722 0 484 0 0 0 0 0 0 0 0 0 1 12 0 0 0 0 0 0 0 0 0 0 0 0 0 0 0 0 3 3 2136 5476 34528 147554 70074 32460 17764 27288 174124 111712 39310 5708 77702 14022 6264 6374 6602 67406 57604 5688 2073600 2073600 1 12 502813 994560 993600 126389 126512 125260 124652 12 12 12 12 54 0 0 0 0 1920 1080 
[ 7713.681175] MESSAGE_B= 0 0 0 252 4 3 192 0 248 179 0 0 516 0 1640 1654 0 492 0 0 0 0 0 0 0 0 0 1 12 0 21 0 0 0 0 0 0 0 0 0 0 0 0 0 0 4 3 8282 31738 34528 147554 70074 32460 17764 27288 174124 111712 39310 5708 77702 14022 6264 6374 6602 67406 57604 5688 2073600 2073600 2 12 502807 990720 993600 126444 126505 125255 124603 12 12 12 12 20 0 0 0 0 1920 1080 
[ 7713.956782] MESSAGE_B= 0 0 0 252 4 4 192 0 248 179 0 0 530 0 1520 1658 0 488 0 0 0 0 0 0 0 0 0 1 12 0 0 0 0 0 0 0 0 0 0 0 0 0 0 0 0 4 4 2116 5500 34528 147554 70074 32460 17764 27288 174124 111712 39310 5708 77702 14022 6264 6374 6602 67406 57604 5688 2073600 2073600 1 12 502669 994560 993600 126333 126503 125255 124578 12 12 12 12 54 0 0 0 0 1920 1080 
[ 7714.238880] MESSAGE_B= 0 0 0 251 3 2 192 0 248 179 0 0 561 0 1692 1792 20 500 992 0 0 0 0 0 0 0 0 1 12 0 0 0 0 0 0 0 0 0 0 0 0 0 0 0 0 3 2 8242 31360 34528 147554 70074 32460 17764 27288 174124 111712 39310 5708 77702 14022 6264 6374 6602 67406 57604 5688 2073600 2073600 2 12 502495 990720 993600 126286 126395 125204 124610 12 12 12 12 54 0 0 0 0 1920 1080 
[ 7714.393797] MESSAGE_B= 0 0 0 237 3 2 192 0 248 179 0 0 157 0 398 316 39 119 525 0 0 0 0 0 0 0 0 1 12 0 19 0 0 0 0 0 0 0 0 0 0 0 0 0 0 3 2 21994 5724 34528 147554 70074 32460 17764 27288 174124 111712 39310 5708 77702 14022 6264 6374 6602 67406 57604 5688 2073600 2073600 2 12 500614 994560 993600 125689 125942 124749 124234 12 12 12 12 39 0 0 0 0 1920 1080 
[ 7714.667793] MESSAGE_B= 0 0 0 229 3 1 192 0 248 179 0 685 700 874 664 588 844 2224 577 174 492 754 374 35 666 1097 25 0 12 240 251 24 33 12 98 5 28 2 0 2 0 0 0 2 0 3 1 224552 66008 34528 147554 70074 32460 17764 27288 174124 111712 39310 5708 77702 14022 6264 6374 6602 67406 57604 5688 2073600 2073600 2 12 376741 990720 993600 76010 109919 76940 113872 12 12 12 12 30 0 0 0 0 1920 1080 
[ 7714.945803] MESSAGE_B= 0 0 0 228 2 1 192 0 248 179 0 1872 885 1472 734 0 1554 0 461 1175 851 1031 591 0 1023 0 31 0 5 170 239 0 58 0 95 79 71 2 2 1 2 1 2 2 2 2 1 421896 96012 74398 142170 72494 33332 17636 26962 186782 23018 54608 584842 78434 12422 5928 6010 7110 493886 29250 299898 2073600 2073600 2 5 304863 994560 993600 103690 63703 109526 67887 5 4 5 4 30 0 0 0 0 1920 1080 
[ 7715.221810] MESSAGE_B= 0 0 0 239 3 1 192 0 248 179 0 0 117 0 761 377 16 208 745 0 0 0 0 0 0 0 0 1 12 0 24 0 33 0 17 53 53 0 0 0 0 0 0 0 0 3 1 476272 90866 74398 142170 72494 33332 17636 26962 186782 23018 54608 584842 78434 12422 5928 6010 7110 493886 29250 299898 2073600 2073600 2 5 461389 990720 993600 119424 111853 122049 108063 5 5 5 5 30 0 0 0 0 1920 1080 
[ 7715.500781] MESSAGE_B= 0 0 0 239 2 1 192 0 248 179 0 0 86 0 294 401 16 149 323 0 0 0 0 0 0 0 0 1 12 0 0 0 9 0 0 0 0 0 0 0 0 0 0 0 0 2 1 381430 49878 74398 142170 72494 33332 17636 26962 186782 23018 54608 584842 78434 12422 5928 6010 7110 493886 29250 299898 2073600 2073600 2 5 493393 994560 993600 124890 124564 123581 120358 5 5 5 5 33 0 0 0 0 1920 1080 
[ 7715.773787] MESSAGE_B= 0 0 0 240 2 2 192 0 248 179 0 0 352 0 1056 1580 16 477 493 0 0 0 0 0 0 0 0 1 12 0 0 0 0 0 0 0 0 0 0 0 0 0 0 0 1 2 2 504838 137188 74398 142170 72494 33332 17636 26962 186782 23018 54608 584842 78434 12422 5928 6010 7110 493886 29250 299898 2073600 2073600 1 5 498148 990720 993600 126013 126049 123611 122475 5 5 5 5 33 0 0 0 0 1920 1080 
[ 7716.047793] MESSAGE_B= 0 0 0 240 3 1 192 0 248 179 0 0 321 0 848 1333 17 385 306 0 0 0 0 0 0 0 0 1 12 0 0 0 0 0 0 0 0 0 1 0 1 0 1 0 1 3 1 317616 136868 74398 142170 72494 33332 17636 26962 186782 23018 54608 584842 78434 12422 5928 6010 7110 493886 29250 299898 2073600 2073600 2 5 508666 994560 993600 126472 126675 128058 127461 5 5 5 5 36 0 0 0 0 1920 1080 
[ 7716.200783] MESSAGE_B= 0 0 0 241 3 1 192 0 248 179 0 0 279 0 596 657 16 293 245 0 0 0 0 0 0 0 0 1 12 0 0 0 0 0 0 0 0 0 1 1 1 1 1 0 1 3 1 360192 157658 74398 142170 72494 33332 17636 26962 186782 23018 54608 584842 78434 12422 5928 6010 7110 493886 29250 299898 2073600 2073600 2 5 510432 990720 993600 127251 127348 128080 127753 5 5 5 5 36 0 0 0 0 1920 1080 
[ 7716.477785] MESSAGE_B= 0 7 0 233 2 2 192 0 248 179 0 0 52 0 33 53 16 16 24 0 0 0 0 0 0 0 0 1 12 0 0 0 0 0 0 0 0 1 1 1 1 1 1 1 1 2 2 335190 86062 74398 142170 72494 33332 17636 26962 186782 23018 54608 584842 78434 12422 5928 6010 7110 493886 29250 299898 2073600 2073600 1 5 511985 994560 993600 127948 127914 128086 128037 5 5 5 5 31 0 0 0 0 1920 1080 
[ 7716.753774] MESSAGE_B= 0 7 0 224 2 2 192 0 248 179 0 0 16 0 48 0 0 0 0 0 0 0 0 0 0 0 0 1 12 0 0 0 0 0 0 0 0 1 1 1 1 1 1 1 1 2 2 395822 100264 74398 142170 72494 33332 17636 26962 186782 23018 54608 584842 78434 12422 5928 6010 7110 493886 29250 299898 2073600 2073600 1 5 512187 990720 993600 128022 128011 128096 128058 5 5 5 5 37 0 0 0 0 1920 1080 
[ 7717.028824] MESSAGE_B= 0 7 0 199 2 2 192 0 248 179 0 0 16 0 16 0 16 0 24 0 0 0 0 0 0 0 0 1 12 0 0 0 0 0 0 0 0 1 1 1 1 1 1 1 1 2 2 357220 127452 74398 142170 72494 33332 17636 26962 186782 23018 54608 584842 78434 12422 5928 6010 7110 493886 29250 299898 2073600 2073600 1 5 512245 994560 993600 128039 128052 128091 128063 5 5 5 5 53 0 0 0 0 1920 1080 
[ 7717.301795] MESSAGE_B= 0 0 0 206 3 2 192 0 248 179 0 2288 1883 1691 1882 2264 2029 1613 1938 74 164 217 168 68 173 117 197 0 5 47 4 83 126 139 102 28 41 2 0 2 0 0 0 0 0 3 2 463266 64408 108470 52210 205802 145296 255722 20008 134180 37784 132224 648008 1035256 339954 473982 753562 11196 1067440 64924 596002 2073600 2073600 2 5 512180 990720 993600 128052 127978 128079 128071 5 5 5 5 53 5 0 0 0 1920 1080 
[ 7717.580797] MESSAGE_B= 0 0 0 202 2 2 192 0 248 179 0 2276 1928 1732 1893 2254 2021 1601 1976 63 180 191 173 49 154 106 190 0 5 0 1 75 133 164 79 88 25 2 0 2 0 0 0 0 0 2 2 453710 191190 108470 52210 205802 145296 255722 20008 134180 37784 132224 648008 1035256 339954 473982 753562 11196 1067440 64924 596002 2073600 2073600 1 5 512215 994560 993600 128078 128053 128057 128027 5 5 5 5 61 5 0 0 0 1920 1080 
[ 7717.860801] MESSAGE_B= 0 0 0 200 3 2 192 0 248 179 0 2284 1863 1704 1830 2275 1892 1593 1842 78 164 165 178 75 214 97 180 0 5 1 10 75 169 168 69 71 49 2 0 2 0 0 0 0 0 3 2 449004 96386 108470 52210 205802 145296 255722 20008 134180 37784 132224 648008 1035256 339954 473982 753562 11196 1067440 64924 596002 2073600 2073600 2 5 512130 990720 993600 128029 128047 128059 127995 5 5 5 5 61 0 0 0 0 1920 1080 
[ 7718.021788] MESSAGE_B= 0 0 0 195 2 2 192 0 248 179 0 2266 1892 1693 1848 2240 1874 1566 1780 67 156 165 184 65 239 91 191 0 5 34 0 62 182 171 57 67 66 2 0 0 0 0 0 0 0 2 2 449004 96386 108470 52210 205802 145296 255722 20008 134180 37784 132224 648008 1035256 339954 473982 753562 11196 1067440 64924 596002 2073600 2073600 1 5 496941 990720 993600 119222 127585 122471 127663 5 5 5 5 56 5 0 0 0 1920 1080 
[ 7718.178795] MESSAGE_B= 0 0 0 207 2 2 192 0 248 179 0 2273 1867 1650 1885 2239 1932 1524 1861 67 144 125 174 72 193 82 217 0 5 0 22 107 185 163 27 59 124 2 0 0 0 0 0 0 0 2 2 449004 96386 108470 52210 205802 145296 255722 20008 134180 37784 132224 648008 1035256 339954 473982 753562 11196 1067440 64924 596002 2073600 2073600 1 5 497827 990720 993600 120080 127660 122612 127475 5 5 5 5 63 4 0 0 0 1920 1080 
[ 7718.345328] MESSAGE_B= 0 0 0 203 3 1 192 0 248 179 0 2256 1771 1624 2019 2253 1847 1543 1920 51 128 119 141 65 189 86 321 0 5 92 18 61 157 130 42 19 136 2 0 0 0 0 0 0 0 3 1 443194 95662 108470 52210 205802 145296 255722 20008 134180 37784 132224 648008 1035256 339954 473982 753562 11196 1067440 64924 596002 2073600 2073600 2 5 504383 994560 993600 123596 127826 125456 127505 5 5 5 5 63 5 0 0 0 1920 1080 
[ 7718.864801] MESSAGE_B= 0 0 0 209 3 2 192 0 248 179 0 2267 1953 1868 1903 2217 1951 1668 1545 37 150 206 173 71 203 120 541 0 5 27 7 34 202 188 97 24 64 2 0 2 0 0 0 0 0 3 2 386532 124442 108470 52210 205802 145296 255722 20008 134180 37784 132224 648008 1035256 339954 473982 753562 11196 1067440 64924 596002 2073600 2073600 2 5 494483 990720 993600 120698 127786 122937 123062 5 5 5 5 66 0 0 0 0 1920 1080 
[ 7719.142797] MESSAGE_B= 0 0 0 208 2 2 192 0 248 179 0 2266 1934 1773 1867 2250 2008 1714 1355 59 179 196 186 71 155 161 589 0 5 78 16 12 140 133 90 61 141 2 0 2 0 0 0 0 0 2 2 438112 117800 108470 52210 205802 145296 255722 20008 134180 37784 132224 648008 1035256 339954 473982 753562 11196 1067440 64924 596002 2073600 2073600 1 5 493385 994560 993600 120204 127574 124117 121490 5 5 5 5 66 5 0 0 0 1920 1080 
[ 7719.422794] MESSAGE_B= 0 0 0 202 4 1 192 0 248 179 0 2237 1825 1631 1879 2262 1868 1570 1250 63 168 150 157 33 152 84 536 0 5 59 78 145 123 114 105 39 101 2 0 2 0 0 0 0 0 4 1 582168 157048 108470 52210 205802 145296 255722 20008 134180 37784 132224 648008 1035256 339954 473982 753562 11196 1067440 64924 596002 2073600 2073600 2 5 491899 990720 993600 123533 127707 121819 118840 5 5 5 5 60 0 0 0 0 1920 1080 
[ 7719.702857] MESSAGE_B= 0 0 0 210 3 2 192 0 248 179 0 2258 1878 1757 2067 2227 1692 1554 1186 54 145 189 130 75 153 119 472 0 5 86 36 82 135 96 3 66 33 2 0 2 2 0 0 0 2 3 2 377482 68104 133786 10306 52260 55274 150328 22980 162904 138216 147738 682146 553766 1055160 641634 896074 50466 635838 93320 749476 2073600 2073600 2 5 497235 994560 993600 123902 127934 125286 120113 5 5 5 5 58 5 0 0 0 1920 1080 
[ 7719.981788] MESSAGE_B= 0 0 0 228 2 2 192 0 248 179 0 2269 1849 1867 2136 2222 1966 1802 1413 71 204 205 97 35 172 163 423 0 5 118 129 93 12 166 143 68 10 2 0 2 2 0 0 0 2 2 2 474114 173864 133786 10306 52260 55274 150328 22980 162904 138216 147738 682146 553766 1055160 641634 896074 50466 635838 93320 749476 2073600 2073600 1 5 501905 990720 993600 124323 127920 126010 123652 5 5 5 5 58 0 0 0 0 1920 1080 
[ 7720.259787] MESSAGE_B= 0 0 0 231 2 3 192 0 248 179 0 0 280 0 24 28 237 26 28 0 0 0 0 0 0 0 0 1 12 0 0 0 0 85 0 0 0 0 1 0 0 0 1 1 0 2 3 334358 196232 133786 10306 52260 55274 150328 22980 162904 138216 147738 682146 553766 1055160 641634 896074 50466 635838 93320 749476 2073600 2073600 3 5 487661 994560 993600 122640 127880 124329 112812 5 5 5 5 57 0 0 0 0 1920 1080 
[ 7720.535785] MESSAGE_B= 0 0 0 223 3 2 192 0 248 179 0 0 167 0 26 51 101 16 44 0 0 0 0 0 0 0 0 1 12 0 0 0 0 32 0 0 0 0 1 0 0 0 1 1 0 3 2 530974 99332 133786 10306 52260 55274 150328 22980 162904 138216 147738 682146 553766 1055160 641634 896074 50466 635838 93320 749476 2073600 2073600 2 5 485898 990720 993600 123720 128053 126201 107924 5 5 5 5 64 0 0 0 0 1920 1080 
[ 7720.813789] MESSAGE_B= 0 0 0 207 2 2 192 0 248 179 0 2278 1778 1643 1950 2256 1750 1423 971 47 190 183 237 72 144 234 475 0 5 93 133 46 39 187 126 111 49 2 0 0 2 0 0 0 2 2 2 458686 174998 133786 10306 52260 55274 150328 22980 162904 138216 147738 682146 553766 1055160 641634 896074 50466 635838 93320 749476 2073600 2073600 1 5 475566 994560 993600 120498 127887 123086 104095 5 5 5 5 65 5 0 0 0 1920 1080 
[ 7721.092815] MESSAGE_B= 0 0 0 197 2 2 192 0 248 179 0 2243 1669 1512 1655 2231 1653 1277 985 84 172 109 205 52 104 328 446 0 5 123 117 29 87 12 47 123 6 0 0 0 2 0 0 0 2 2 2 560530 282038 133786 10306 52260 55274 150328 22980 162904 138216 147738 682146 553766 1055160 641634 896074 50466 635838 93320 749476 2073600 2073600 1 5 476759 990720 993600 123247 127687 125274 100551 5 5 5 5 65 4 0 0 0 1920 1080 
[ 7721.378906] MESSAGE_B= 0 0 0 210 2 1 192 0 248 179 0 2216 1568 1449 1593 2212 1579 1130 1075 90 105 97 124 62 106 404 442 0 5 79 6 5 106 73 32 139 81 0 0 0 0 0 0 0 2 2 1 398672 286864 133786 10306 52260 55274 150328 22980 162904 138216 147738 682146 553766 1055160 641634 896074 50466 635838 93320 749476 2073600 2073600 2 5 469886 994560 993600 122101 126615 124018 97152 5 5 5 5 67 5 0 0 0 1920 1080 
[ 7721.544799] MESSAGE_B= 0 0 0 217 2 2 192 0 248 179 0 2200 1594 1458 1678 2226 1620 1108 1139 102 145 115 145 75 124 465 462 0 5 65 19 9 98 103 46 103 11 0 0 0 2 0 0 0 2 2 2 500684 131260 133786 10306 52260 55274 150328 22980 162904 138216 147738 682146 553766 1055160 641634 896074 50466 635838 93320 749476 2073600 2073600 1 5 476344 990720 993600 126183 127140 126272 96749 5 5 5 5 67 5 0 0 0 1920 1080 
[ 7721.824789] MESSAGE_B= 0 0 0 205 2 2 192 0 248 179 0 2336 0 1005 0 2378 1312 484 618 100 0 264 0 115 26 176 60 0 5 115 0 59 80 201 0 15 0 0 1 2 2 2 1 2 1 2 2 409536 283778 133786 10306 52260 55274 150328 22980 162904 138216 147738 682146 553766 1055160 641634 896074 50466 635838 93320 749476 2073600 2073600 1 5 468514 994560 993600 124632 125457 125279 93146 5 5 5 5 67 0 0 0 0 1920 1080 
[ 7722.101795] MESSAGE_B= 0 0 0 207 2 2 192 0 248 179 0 2331 0 696 0 2280 0 268 0 93 0 81 0 70 0 105 0 0 5 74 0 83 0 0 0 0 0 0 1 2 1 1 1 1 1 2 2 520614 113414 355376 124290 211764 269228 315208 73584 223216 112896 366616 595976 682708 259670 809024 843566 358626 943864 295464 677458 2073600 2073600 1 5 471174 990720 993600 125332 126313 125993 93536 5 5 5 5 59 0 0 0 0 1920 1080 
[ 7722.380180] MESSAGE_B= 0 0 0 220 3 2 192 0 248 179 0 2025 0 941 0 2312 414 530 698 609 0 268 0 58 249 142 250 0 5 218 0 216 151 0 0 95 0 2 1 2 2 1 0 2 1 3 2 356296 320948 355376 124290 211764 269228 315208 73584 223216 112896 366616 595976 682708 259670 809024 843566 358626 943864 295464 677458 2073600 2073600 2 5 463206 994560 993600 124996 122853 124352 91005 5 5 5 5 68 0 0 0 0 1920 1080 
[ 7722.659787] MESSAGE_B= 0 0 0 216 2 2 192 0 248 179 0 0 0 0 0 2404 131 329 797 0 0 0 0 98 56 68 756 0 5 0 0 6 55 0 0 0 0 1 1 2 2 1 1 1 1 2 2 500964 139462 355376 124290 211764 269228 315208 73584 223216 112896 366616 595976 682708 259670 809024 843566 358626 943864 295464 677458 2073600 2073600 1 5 469842 990720 993600 126865 125821 122042 95114 5 5 5 5 68 0 0 0 0 1920 1080 
[ 7722.936790] MESSAGE_B= 0 0 0 225 2 2 192 0 248 179 0 0 418 0 2176 2202 88 408 549 0 114 0 300 132 55 268 618 0 5 0 204 198 23 151 0 0 0 1 0 2 2 2 1 1 2 2 2 186530 342034 355376 124290 211764 269228 315208 73584 223216 112896 366616 595976 682708 259670 809024 843566 358626 943864 295464 677458 2073600 2073600 1 5 461831 994560 993600 123132 125571 117525 95603 5 5 5 5 67 0 0 0 0 1920 1080 
[ 7723.213798] MESSAGE_B= 0 0 0 220 2 2 192 0 248 179 0 2188 1320 828 2808 2266 126 182 366 23 136 54 72 113 76 234 336 0 5 253 255 51 96 21 0 255 168 2 0 2 2 2 1 2 2 2 2 395190 164158 355376 124290 211764 269228 315208 73584 223216 112896 366616 595976 682708 259670 809024 843566 358626 943864 295464 677458 2073600 2073600 1 5 453676 990720 993600 122698 125953 115222 89803 5 5 5 5 67 0 0 0 0 1920 1080 
[ 7723.498254] MESSAGE_B= 0 0 0 214 2 2 192 0 248 179 0 0 632 0 1730 2384 157 70 381 0 88 0 217 67 73 20 302 0 5 0 16 255 98 118 0 0 15 1 2 2 2 0 1 1 2 2 2 171068 414526 355376 124290 211764 269228 315208 73584 223216 112896 366616 595976 682708 259670 809024 843566 358626 943864 295464 677458 2073600 2073600 1 5 444838 994560 993600 122811 125350 113231 83446 5 5 5 5 72 0 0 0 0 1920 1080 
[ 7723.654784] MESSAGE_B= 0 0 0 210 1 3 192 0 248 179 0 0 590 0 924 0 196 0 356 0 114 0 350 0 139 0 286 0 5 0 84 0 3 0 0 0 239 1 0 1 2 1 1 1 2 1 3 435828 176424 355376 124290 211764 269228 315208 73584 223216 112896 366616 595976 682708 259670 809024 843566 358626 943864 295464 677458 2073600 2073600 3 5 444958 990720 993600 123853 126521 112816 81768 5 5 5 5 72 0 0 0 0 1920 1080 
[ 7723.930568] MESSAGE_B= 0 0 0 214 3 3 192 0 248 179 0 0 790 0 1154 435 251 305 392 0 251 0 353 199 207 315 319 0 5 0 145 95 74 109 0 0 218 1 0 2 2 2 1 1 2 3 3 121360 458084 355376 124290 211764 269228 315208 73584 223216 112896 366616 595976 682708 259670 809024 843566 358626 943864 295464 677458 2073600 2073600 1 5 431496 994560 993600 121913 124943 109735 74905 5 5 5 5 72 0 0 0 0 1920 1080 
[ 7724.171790] MESSAGE_B= 0 0 0 222 2 3 192 0 248 179 0 1159 992 2257 984 483 287 670 396 572 294 274 242 320 201 914 323 0 5 133 156 40 198 39 0 0 225 2 0 2 2 2 1 1 2 2 3 448994 205462 355376 124290 211764 269228 315208 73584 223216 112896 366616 595976 682708 259670 809024 843566 358626 943864 295464 677458 2073600 2073600 3 5 422702 990720 993600 120570 124097 107849 70186 5 5 5 5 70 0 0 0 0 1920 1080 
[ 7724.450790] MESSAGE_B= 0 0 0 210 3 2 192 0 248 179 0 1658 1317 1562 761 640 514 404 542 552 261 270 170 478 380 363 290 0 5 134 82 47 210 208 0 75 224 2 2 0 2 2 1 2 2 3 2 134092 567008 810922 362980 403380 352436 462760 99826 434556 169522 686568 517066 540256 680532 336626 458886 31012 685996 116072 470592 2073600 2073600 2 5 392930 994560 993600 119702 112451 105105 59860 5 5 5 12 72 0 0 0 0 1920 1080 
[ 7724.728790] MESSAGE_B= 0 0 0 221 2 3 192 0 248 179 0 1770 1489 1641 1338 1027 796 717 1002 277 131 114 95 477 477 349 270 0 5 141 179 13 218 98 0 193 227 2 2 2 2 2 1 2 2 2 3 480280 290756 810922 362980 403380 352436 462760 99826 434556 169522 686568 517066 540256 680532 336626 458886 31012 685996 116072 470592 2073600 2073600 3 5 351329 990720 993600 113330 98879 99886 50091 5 5 5 12 72 0 0 0 0 1920 1080 
[ 7725.011797] MESSAGE_B= 0 0 0 231 3 2 192 0 248 179 0 2194 2087 2309 2302 1849 1374 1090 1509 189 167 177 249 355 343 458 249 0 5 228 237 123 9 134 2 236 245 0 2 0 2 2 2 2 2 3 2 172330 673360 810922 362980 403380 352436 462760 99826 434556 169522 686568 517066 540256 680532 336626 458886 31012 685996 116072 470592 2073600 2073600 2 5 287938 994560 993600 93144 76577 87541 87630 5 5 5 6 63 0 0 0 0 1920 1080 
[ 7725.291801] MESSAGE_B= 0 0 0 249 3 2 192 0 248 179 0 2530 2235 2087 2220 1886 1670 1159 1298 148 89 155 301 153 235 236 199 0 31 235 185 140 61 13 83 190 245 0 0 0 0 0 0 0 0 3 2 451548 457848 810922 362980 403380 352436 462760 99826 434556 169522 686568 517066 540256 680532 336626 458886 31012 685996 116072 470592 2073600 2073600 2 6 283145 990720 993600 72069 69667 74372 98907 6 5 5 6 62 4 0 0 0 1920 1080 
[ 7725.578487] MESSAGE_B= 0 0 0 250 3 2 192 0 248 179 0 2619 2432 2299 2484 2255 1886 1815 1960 132 224 333 221 341 119 66 41 0 5 171 224 106 79 115 27 71 97 2 2 2 2 0 2 2 0 3 2 366576 943516 810922 362980 403380 352436 462760 99826 434556 169522 686568 517066 540256 680532 336626 458886 31012 685996 116072 470592 2073600 2073600 2 5 511916 994560 993600 128058 128101 127679 128078 5 5 5 5 53 0 0 0 0 1920 1080 
[ 7725.863841] MESSAGE_B= 0 0 0 254 3 2 192 0 248 179 0 2491 2271 2121 2135 2125 1707 1383 1450 139 107 196 138 196 211 212 168 0 6 226 192 98 0 105 63 152 158 2 0 2 2 0 0 2 2 3 2 379520 707594 810922 362980 403380 352436 462760 99826 434556 169522 686568 517066 540256 680532 336626 458886 31012 685996 116072 470592 2073600 2073600 2 6 307056 990720 993600 67806 76297 73133 114310 6 5 6 6 53 0 0 0 0 1920 1080 
[ 7726.142793] MESSAGE_B= 0 0 0 252 3 2 192 0 248 179 0 0 0 0 0 0 400 0 541 0 0 0 0 0 125 0 129 0 5 0 0 0 96 0 0 0 184 1 1 1 2 1 1 2 2 3 2 508062 814624 810922 362980 403380 352436 462760 99826 434556 169522 686568 517066 540256 680532 336626 458886 31012 685996 116072 470592 2073600 2073600 2 5 449082 994560 993600 128098 118313 121396 81275 5 5 5 5 50 0 0 0 0 1920 1080 
[ 7726.425736] MESSAGE_B= 0 0 0 242 2 2 192 0 248 179 0 0 0 0 0 616 361 264 552 0 0 0 0 151 174 31 188 0 5 0 0 0 98 0 0 119 81 1 1 2 0 1 1 2 0 2 2 768658 495518 810922 362980 403380 352436 462760 99826 434556 169522 686568 517066 540256 680532 336626 458886 31012 685996 116072 470592 2073600 2073600 1 5 413986 990720 993600 128085 107262 107797 70842 5 5 5 5 54 0 0 0 0 1920 1080 
[ 7726.700790] MESSAGE_B= 0 0 0 234 2 2 192 0 248 179 0 0 564 0 985 739 311 336 420 0 112 0 119 121 163 38 127 0 5 0 204 140 87 0 212 100 103 1 2 2 0 1 2 2 0 2 2 645942 802892 810922 362980 403380 352436 462760 99826 434556 169522 686568 517066 540256 680532 336626 458886 31012 685996 116072 470592 2073600 2073600 1 5 388292 994560 993600 127788 101372 98705 60427 5 5 5 5 55 0 0 0 0 1920 1080 
[ 7726.857786] MESSAGE_B= 0 0 0 230 2 2 192 0 248 179 0 0 616 0 1074 961 302 473 436 0 205 0 108 229 212 101 134 0 5 0 15 185 3 0 115 14 45 1 2 2 0 1 2 2 0 2 2 558886 483588 985392 717242 907158 1258446 1564818 70994 433140 17624 1173068 965082 389938 896690 586400 476254 21902 350724 116632 877242 2073600 2073600 1 5 355237 990720 993600 127474 94589 91596 61972 5 5 5 12 57 0 0 0 0 1920 1080 
[ 7727.137790] MESSAGE_B= 0 0 0 233 2 2 192 0 248 179 0 0 432 0 757 593 162 387 327 0 188 0 167 215 132 133 111 0 5 0 70 36 29 0 2 11 30 1 2 2 0 1 2 2 0 2 2 621612 677108 985392 717242 907158 1258446 1564818 70994 433140 17624 1173068 965082 389938 896690 586400 476254 21902 350724 116632 877242 2073600 2073600 1 5 345096 994560 993600 127187 94510 82621 71756 5 5 5 12 57 0 0 0 0 1920 1080 
[ 7727.421790] MESSAGE_B= 0 0 0 226 3 2 192 0 248 179 0 0 379 0 675 449 173 427 383 0 113 0 103 196 141 122 145 0 5 0 101 94 117 0 84 7 124 1 2 2 0 1 2 2 0 3 2 462594 494076 985392 717242 907158 1258446 1564818 70994 433140 17624 1173068 965082 389938 896690 586400 476254 21902 350724 116632 877242 2073600 2073600 2 5 338384 990720 993600 126322 92450 75452 65302 5 5 5 12 63 0 0 0 0 1920 1080 
[ 7727.702782] MESSAGE_B= 0 0 0 227 3 2 192 0 248 179 0 0 533 0 517 476 228 388 318 0 92 0 202 116 156 112 147 0 5 0 150 50 135 0 30 164 115 1 2 2 0 1 2 2 0 3 2 516512 650806 985392 717242 907158 1258446 1564818 70994 433140 17624 1173068 965082 389938 896690 586400 476254 21902 350724 116632 877242 2073600 2073600 2 5 339793 994560 993600 125510 94543 73638 67140 5 5 5 12 63 0 0 0 0 1920 1080 
[ 7727.979796] MESSAGE_B= 0 0 0 226 3 2 192 0 248 179 0 0 690 0 524 444 175 314 273 0 160 0 183 120 126 84 156 0 5 0 33 41 98 0 1 150 40 1 2 2 0 1 2 2 0 3 2 361888 435828 985392 717242 907158 1258446 1564818 70994 433140 17624 1173068 965082 389938 896690 586400 476254 21902 350724 116632 877242 2073600 2073600 2 5 327779 990720 993600 124407 93235 68371 72284 5 5 5 12 58 0 0 0 0 1920 1080 
[ 7728.258998] MESSAGE_B= 0 0 0 226 2 3 192 0 248 179 0 0 771 0 458 342 183 323 292 0 173 0 202 110 127 90 171 0 5 0 12 18 118 0 110 197 69 1 2 2 0 1 2 2 0 2 3 515474 626840 985392 717242 907158 1258446 1564818 70994 433140 17624 1173068 965082 389938 896690 586400 476254 21902 350724 116632 877242 2073600 2073600 3 5 330412 994560 993600 123638 94039 65917 67273 5 5 5 12 58 0 0 0 0 1920 1080 
[ 7728.536791] MESSAGE_B= 0 0 0 219 2 2 192 0 248 179 0 665 838 761 463 222 199 377 403 204 202 127 162 84 116 130 250 0 5 121 105 105 128 70 38 192 164 2 2 2 0 2 2 2 0 2 2 301802 483854 985392 717242 907158 1258446 1564818 70994 433140 17624 1173068 965082 389938 896690 586400 476254 21902 350724 116632 877242 2073600 2073600 1 5 331455 990720 993600 123253 92737 62262 59128 5 5 12 12 76 0 0 0 0 1920 1080 
[ 7728.820797] MESSAGE_B= 0 0 0 219 2 2 192 0 248 179 0 526 871 782 387 258 288 381 447 121 219 164 147 89 117 137 215 0 5 105 15 48 106 112 8 206 96 2 2 2 2 2 2 0 0 2 2 435778 620540 985392 717242 907158 1258446 1564818 70994 433140 17624 1173068 965082 389938 896690 586400 476254 21902 350724 116632 877242 2073600 2073600 1 5 333432 994560 993600 121168 91920 61690 61590 5 5 12 5 76 0 0 0 0 1920 1080 
[ 7728.976828] MESSAGE_B= 0 0 0 214 2 2 192 0 248 179 0 2156 1679 1141 1771 1447 421 574 962 143 274 220 206 539 176 188 141 0 31 118 212 166 213 35 121 52 93 0 0 0 0 0 0 0 0 2 2 397582 440028 985392 717242 907158 1258446 1564818 70994 433140 17624 1173068 965082 389938 896690 586400 476254 21902 350724 116632 877242 2073600 2073600 1 5 203911 990720 993600 87353 53124 60442 59513 5 5 12 6 60 4 0 0 0 1920 1080 
[ 7729.256782] MESSAGE_B= 0 0 0 220 3 2 192 0 248 179 0 684 1096 709 1085 387 342 398 507 247 92 195 76 217 137 151 179 0 5 205 122 67 149 149 95 160 59 2 2 2 2 2 2 0 2 3 2 410610 631494 1069484 811272 1007442 983126 974228 211718 575052 233252 960566 757782 733298 912814 828744 815820 54646 820220 125954 585582 2073600 2073600 2 5 323527 994560 993600 119348 95964 60163 56335 5 5 12 5 60 0 0 0 0 1920 1080 
[ 7729.534795] MESSAGE_B= 0 0 0 229 2 3 192 0 248 179 0 795 925 601 1149 401 285 320 461 269 168 229 414 259 98 127 173 0 5 171 32 20 100 144 1 51 15 2 2 2 2 2 2 0 2 2 3 345814 510332 1069484 811272 1007442 983126 974228 211718 575052 233252 960566 757782 733298 912814 828744 815820 54646 820220 125954 585582 2073600 2073600 3 5 308077 990720 993600 111495 95635 69339 56260 5 5 12 5 52 0 0 0 0 1920 1080 
[ 7729.812802] MESSAGE_B= 0 0 0 231 2 2 192 0 248 179 0 1274 0 876 0 377 314 292 408 360 0 375 0 253 95 110 192 0 5 211 0 51 40 139 86 57 0 2 1 0 2 2 2 2 1 2 2 350182 658054 1069484 811272 1007442 983126 974228 211718 575052 233252 960566 757782 733298 912814 828744 815820 54646 820220 125954 585582 2073600 2073600 1 5 352188 994560 993600 119309 110892 61291 67581 5 5 12 5 52 0 0 0 0 1920 1080 
[ 7730.103786] MESSAGE_B= 0 0 0 228 3 2 192 0 248 179 0 676 0 639 0 360 338 361 930 178 0 90 0 246 62 91 477 0 5 155 0 2 151 13 108 14 0 2 1 0 2 2 2 0 1 3 2 160924 499238 1069484 811272 1007442 983126 974228 211718 575052 233252 960566 757782 733298 912814 828744 815820 54646 820220 125954 585582 2073600 2073600 2 5 382248 990720 993600 123549 109037 58603 91059 5 5 5 5 41 0 0 0 0 1920 1080 
[ 7730.379802] MESSAGE_B= 0 0 0 229 3 2 192 0 248 179 0 742 0 745 0 427 589 490 2245 99 0 81 0 249 21 140 216 0 5 203 0 2 163 97 98 3 0 2 1 0 2 2 2 2 1 3 2 273474 733178 1069484 811272 1007442 983126 974228 211718 575052 233252 960566 757782 733298 912814 828744 815820 54646 820220 125954 585582 2073600 2073600 2 5 413113 994560 993600 125882 114645 69587 102999 5 5 5 5 50 0 0 0 0 1920 1080 
[ 7730.667495] MESSAGE_B= 0 0 0 232 2 3 192 0 248 179 0 1005 1355 970 701 639 895 738 754 208 109 151 235 202 72 150 386 0 5 214 60 77 39 141 18 49 191 2 0 0 2 2 2 0 2 2 3 359300 563126 1069484 811272 1007442 983126 974228 211718 575052 233252 960566 757782 733298 912814 828744 815820 54646 820220 125954 585582 2073600 2073600 3 5 421336 990720 993600 124460 104146 88437 104293 5 5 5 5 50 0 0 0 0 1920 1080 
[ 7730.948792] MESSAGE_B= 0 0 0 229 3 2 192 0 248 179 0 2340 1969 683 2093 1857 453 707 1109 175 236 307 210 296 131 267 251 0 6 59 205 15 139 1 74 181 122 0 2 0 0 0 2 0 0 3 2 403710 634208 1069484 811272 1007442 983126 974228 211718 575052 233252 960566 757782 733298 912814 828744 815820 54646 820220 125954 585582 2073600 2073600 2 6 240777 994560 993600 71062 59448 81176 42103 6 5 6 6 40 5 0 0 0 1920 1080 
[ 7731.227810] MESSAGE_B= 0 0 0 224 2 2 192 0 248 179 0 2218 1702 898 1911 1419 584 647 1158 306 318 277 239 319 123 248 224 0 31 122 171 94 163 46 78 131 156 0 0 0 0 0 0 0 0 2 2 424206 425314 1069484 811272 1007442 983126 974228 211718 575052 233252 960566 757782 733298 912814 828744 815820 54646 820220 125954 585582 2073600 2073600 1 6 201701 990720 993600 71336 60472 57902 49879 6 5 6 12 37 4 0 0 0 1920 1080 
[ 7731.385802] MESSAGE_B= 0 0 0 224 3 2 192 0 248 179 0 754 1124 411 424 398 414 309 461 197 144 180 175 216 111 122 288 0 5 175 15 149 139 99 144 56 25 2 0 0 2 2 2 0 2 3 2 302702 595380 1069484 811272 1007442 983126 974228 211718 575052 233252 960566 757782 733298 912814 828744 815820 54646 820220 125954 585582 2073600 2073600 2 5 331640 994560 993600 118662 90942 56624 65412 5 5 5 5 37 0 0 0 0 1920 1080 
[ 7731.664795] MESSAGE_B= 0 0 0 224 2 2 192 0 248 179 0 2149 1647 849 1869 1296 462 643 1225 329 343 309 157 388 140 251 204 0 31 120 127 117 140 22 129 117 136 0 0 0 0 0 0 0 0 2 2 339278 395846 835260 981050 1039152 1074502 869452 163294 475440 207768 840568 395750 261768 386146 282196 548214 192698 350752 128068 481554 2073600 2073600 1 5 214727 990720 993600 75663 61955 61036 46869 5 5 12 12 37 4 0 0 0 1920 1080 
[ 7731.948321] MESSAGE_B= 0 0 0 224 3 2 192 0 248 179 0 496 1078 393 605 300 375 331 470 228 168 179 303 165 102 125 298 0 5 195 36 95 158 83 107 93 90 2 0 0 2 2 2 0 2 3 2 307594 572806 835260 981050 1039152 1074502 869452 163294 475440 207768 840568 395750 261768 386146 282196 548214 192698 350752 128068 481554 2073600 2073600 2 5 325054 994560 993600 116695 89312 61180 66834 5 5 12 5 35 0 0 0 0 1920 1080 
[ 7732.238794] MESSAGE_B= 0 0 0 223 2 2 192 0 248 179 0 2224 1694 900 1848 1351 491 699 1293 327 319 320 156 375 133 246 174 0 31 108 61 133 133 46 119 84 104 0 0 0 0 0 0 0 0 2 2 248260 353076 835260 981050 1039152 1074502 869452 163294 475440 207768 840568 395750 261768 386146 282196 548214 192698 350752 128068 481554 2073600 2073600 1 6 200077 990720 993600 72342 57287 56446 44916 6 5 12 6 35 4 0 0 0 1920 1080 
[ 7732.516794] MESSAGE_B= 0 0 0 225 2 2 192 0 248 179 0 703 1142 513 556 347 407 346 619 238 160 242 313 200 116 145 362 0 5 216 30 112 127 38 47 94 131 2 0 0 2 2 2 0 2 2 2 368478 555754 835260 981050 1039152 1074502 869452 163294 475440 207768 840568 395750 261768 386146 282196 548214 192698 350752 128068 481554 2073600 2073600 1 5 330329 994560 993600 115976 91280 56920 71331 5 5 12 5 36 0 0 0 0 1920 1080 
[ 7732.794795] MESSAGE_B= 0 0 0 223 2 2 192 0 248 179 0 2120 1607 974 1816 1349 596 670 1320 292 293 318 129 369 111 224 176 0 31 108 135 159 194 66 123 9 83 0 0 0 0 0 0 0 0 2 2 257734 375636 835260 981050 1039152 1074502 869452 163294 475440 207768 840568 395750 261768 386146 282196 548214 192698 350752 128068 481554 2073600 2073600 1 5 201058 990720 993600 69129 59271 49141 48270 5 5 6 6 36 4 0 0 0 1920 1080 
[ 7733.073786] MESSAGE_B= 0 0 0 232 2 2 192 0 248 179 0 663 1017 529 511 387 420 339 529 260 245 207 206 224 74 141 209 0 5 198 158 79 132 196 69 91 28 2 2 0 2 2 2 0 2 2 2 299668 550216 835260 981050 1039152 1074502 869452 163294 475440 207768 840568 395750 261768 386146 282196 548214 192698 350752 128068 481554 2073600 2073600 1 5 323068 994560 993600 114690 93031 56372 63015 5 5 12 5 37 0 0 0 0 1920 1080 
[ 7733.353322] MESSAGE_B= 0 0 0 235 2 2 192 0 248 179 0 793 993 438 478 366 278 253 619 212 272 182 292 236 73 97 193 0 5 181 172 98 29 175 70 162 78 2 2 0 2 2 2 0 2 2 2 320548 402486 835260 981050 1039152 1074502 869452 163294 475440 207768 840568 395750 261768 386146 282196 548214 192698 350752 128068 481554 2073600 2073600 1 5 294228 990720 993600 108716 83272 68236 57316 5 5 12 12 37 0 0 0 0 1920 1080 
[ 7733.518799] MESSAGE_B= 0 0 0 240 3 2 192 0 248 179 0 705 994 451 480 306 274 285 663 275 290 195 324 224 66 93 228 0 5 202 194 79 131 197 69 205 152 2 2 2 2 2 2 0 2 3 2 305348 568232 835260 981050 1039152 1074502 869452 163294 475440 207768 840568 395750 261768 386146 282196 548214 192698 350752 128068 481554 2073600 2073600 2 5 285921 994560 993600 103607 81370 74698 58993 5 5 12 5 37 0 0 0 0 1920 1080 
[ 7733.801783] MESSAGE_B= 0 0 0 242 3 2 192 0 248 179 0 1276 825 805 799 756 639 592 1021 152 123 104 113 53 30 34 98 0 5 155 57 136 76 0 49 54 53 2 2 2 2 1 2 2 2 3 2 310140 416542 835260 981050 1039152 1074502 869452 163294 475440 207768 840568 395750 261768 386146 282196 548214 192698 350752 128068 481554 2073600 2073600 2 5 250796 990720 993600 97392 74160 82946 73192 5 5 12 12 37 0 0 0 0 1920 1080 
[ 7734.085788] MESSAGE_B= 0 0 0 242 2 2 192 0 248 179 0 985 752 685 928 0 0 0 0 62 0 52 0 0 0 0 0 0 5 136 0 0 0 0 0 0 0 2 2 1 1 1 1 1 2 2 2 266604 563350 877086 771302 847272 810492 865196 204510 515656 133662 844624 276574 633202 479256 433574 482780 34598 378482 96532 268846 2073600 2073600 1 12 264408 994560 993600 91748 68161 93826 91086 5 5 12 12 34 0 0 0 0 1920 1080 
[ 7734.368529] MESSAGE_B= 0 0 0 244 2 2 192 0 248 179 0 668 575 629 589 568 0 615 0 28 24 81 55 15 0 52 0 0 12 13 93 50 0 80 0 29 21 2 2 2 1 2 1 0 2 2 2 153256 433166 877086 771302 847272 810492 865196 204510 515656 133662 844624 276574 633202 479256 433574 482780 34598 378482 96532 268846 2073600 2073600 1 12 423759 990720 993600 74359 102166 123062 124172 12 12 12 12 34 0 0 0 0 1920 1080 
[ 7734.645794] MESSAGE_B= 0 7 0 245 2 2 192 0 248 179 0 0 0 0 0 0 0 0 0 0 0 0 0 0 0 0 0 1 12 0 0 0 0 0 0 0 0 1 1 1 1 1 1 1 1 2 2 297552 615122 877086 771302 847272 810492 865196 204510 515656 133662 844624 276574 633202 479256 433574 482780 34598 378482 96532 268846 2073600 2073600 1 12 512373 994560 993600 128104 128073 128101 128095 12 12 12 12 31 0 0 0 0 1920 1080 
[ 7734.799840] MESSAGE_B= 0 7 0 253 2 3 192 0 248 179 0 0 0 0 0 0 0 0 0 0 0 0 0 0 0 0 0 1 12 0 0 0 0 0 0 0 0 1 1 1 1 1 1 1 1 2 3 134282 373932 877086 771302 847272 810492 865196 204510 515656 133662 844624 276574 633202 479256 433574 482780 34598 378482 96532 268846 2073600 2073600 3 12 512416 990720 993600 128104 128104 128104 128104 12 12 12 12 31 0 0 0 0 1920 1080 
[ 7735.081989] MESSAGE_B= 0 7 0 255 2 4 192 0 248 179 0 0 0 0 0 0 0 0 0 0 0 0 0 0 0 0 0 1 12 0 0 0 0 0 0 0 0 1 1 1 1 1 1 1 1 2 4 20610 534516 877086 771302 847272 810492 865196 204510 515656 133662 844624 276574 633202 479256 433574 482780 34598 378482 96532 268846 2073600 2073600 1 12 512416 994560 993600 128104 128104 128104 128104 12 12 12 12 23 0 0 0 0 1920 1080 
[ 7735.360807] MESSAGE_B= 4 7 0 255 2 4 192 0 248 179 0 0 0 0 0 0 0 0 0 0 0 0 0 0 0 0 0 1 12 0 0 0 0 0 0 0 0 1 1 1 1 1 1 1 1 2 4 50 2030 877086 771302 847272 810492 865196 204510 515656 133662 844624 276574 633202 479256 433574 482780 34598 378482 96532 268846 2073600 2073600 4 12 512416 990720 993600 128104 128104 128104 128104 12 12 12 12 0 0 0 0 0 1920 1080 
[ 7735.633821] MESSAGE_B= 4 7 0 255 0 82 192 0 248 179 0 0 0 0 0 0 0 0 0 0 0 0 0 0 0 0 0 1 12 0 0 0 0 0 0 0 0 1 1 1 1 1 1 1 1 0 82 0 2 877086 771302 847272 810492 865196 204510 515656 133662 844624 276574 633202 479256 433574 482780 34598 378482 96532 268846 2073600 2073600 4 12 512416 994560 993600 128104 128104 128104 128104 12 12 12 12 0 0 0 0 0 1920 1080 
[ 7735.907779] MESSAGE_B= 4 7 0 255 1 8 192 0 248 179 0 0 0 0 0 0 0 0 0 0 0 0 0 0 0 0 0 1 12 0 0 0 0 0 0 0 0 1 1 1 1 1 1 1 1 1 8 0 48 877086 771302 847272 810492 865196 204510 515656 133662 844624 276574 633202 479256 433574 482780 34598 378482 96532 268846 2073600 2073600 4 12 512416 990720 993600 128104 128104 128104 128104 12 12 12 12 38 0 0 0 0 1920 1080 
[ 7736.181785] MESSAGE_B= 5 0 0 250 2 2 192 0 248 179 0 0 16 0 16 41 166 64 500 0 0 0 0 0 0 0 0 1 12 0 0 6 0 0 0 0 30 1 0 0 0 0 0 0 0 2 2 792 0 877086 771302 847272 810492 865196 204510 515656 133662 844624 276574 633202 479256 433574 482780 34598 378482 96532 268846 2073600 2073600 6 12 497926 994560 993600 127619 125802 126503 118002 12 12 12 12 42 0 0 0 0 1920 1080 
[ 7736.455789] MESSAGE_B= 0 0 0 226 2 1 192 0 248 179 0 641 570 588 681 646 582 764 696 57 27 39 39 65 44 60 40 0 12 5 90 69 26 54 136 30 140 2 2 0 0 0 2 2 0 2 1 250112 81586 219054 971548 826612 806174 10 2 3294 2754 6 295796 411918 332254 283766 2 2 4084 586 29196 2073600 2073600 2 12 338071 990720 993600 99955 75571 91858 70687 12 12 12 12 42 0 0 0 0 1920 1080 
[ 7736.730794] MESSAGE_B= 0 0 0 227 2 2 192 0 248 179 0 233 266 166 133 220 124 177 203 83 106 110 59 62 89 59 46 0 5 159 114 5 68 51 23 3 73 2 2 0 2 0 2 2 2 2 2 176898 209874 219054 971548 826612 806174 10 2 3294 2754 6 295796 411918 332254 283766 2 2 4084 586 29196 2073600 2073600 1 5 351647 994560 993600 83051 91315 91817 85464 5 5 5 5 47 0 0 0 0 1920 1080 
[ 7736.886784] MESSAGE_B= 0 0 0 214 2 2 192 0 248 179 0 365 346 163 131 323 172 211 214 101 132 110 56 106 120 75 56 0 5 142 78 32 69 38 25 29 103 2 2 0 2 0 2 2 2 2 2 304154 280286 219054 971548 826612 806174 10 2 3294 2754 6 295796 411918 332254 283766 2 2 4084 586 29196 2073600 2073600 1 5 369459 990720 993600 88001 96453 92406 92599 5 5 5 5 48 0 0 0 0 1920 1080 
[ 7737.161790] MESSAGE_B= 0 0 0 181 2 2 192 0 248 179 0 527 541 231 146 487 369 293 257 143 135 149 59 152 199 99 86 0 5 97 45 51 60 49 39 34 20 2 2 0 2 0 2 2 2 2 2 270720 273428 219054 971548 826612 806174 10 2 3294 2754 6 295796 411918 332254 283766 2 2 4084 586 29196 2073600 2073600 1 5 385663 994560 993600 92043 99551 94334 99735 5 5 5 5 52 0 0 0 0 1920 1080 
[ 7737.435792] MESSAGE_B= 0 0 0 138 3 2 192 0 248 179 0 657 673 301 183 632 546 403 340 150 168 169 70 169 269 127 111 0 5 72 9 44 46 54 67 26 10 2 2 0 2 0 2 2 2 3 2 294972 269612 219054 971548 826612 806174 10 2 3294 2754 6 295796 411918 332254 283766 2 2 4084 586 29196 2073600 2073600 2 5 387526 990720 993600 91129 100813 93551 102033 5 5 5 5 62 0 0 0 0 1920 1080 

