[ 8165.865796] MESSAGE_B= 4 0 0 64 0 1 192 0 248 179 0 3392 3404 3386 3400 0 3392 0 3408 132 117 147 113 0 0 0 0 0 7 255 255 0 0 0 0 0 0 0 0 1 0 1 1 1 1 0 1 5684 441600 572 12826 5714 2 2 2 12066 29768 2 3602 10614 18838 2 2 2 20818 17506 2 2073600 2073600 5 7 381846 990720 993600 95046 94966 96048 95786 7 7 7 7 24 4 0 0 0 1920 1080 
[ 8166.136789] MESSAGE_B= 4 4 0 64 0 1 192 0 248 179 0 3392 3404 3386 3404 0 3424 0 3448 132 117 147 115 0 32 0 40 0 7 255 255 0 255 0 0 0 0 0 0 1 0 1 1 1 1 0 1 6714 441600 572 12826 5714 2 2 2 12066 29768 2 3602 10614 18838 2 2 2 20818 17506 2 2073600 2073600 5 7 381865 994560 993600 95051 94973 96045 95796 7 7 7 7 7 4 4 4 4 1920 1080 
[ 8166.287799] MESSAGE_B= 4 0 0 64 0 1 192 0 248 179 0 3496 3482 3488 3477 0 3440 0 3456 24 69 16 52 0 0 0 0 0 7 255 255 0 0 0 0 0 0 0 0 1 0 1 1 1 1 0 1 4380 441600 572 12826 5714 2 2 2 12066 29768 2 3602 10614 18838 2 2 2 20818 17506 2 2073600 2073600 5 7 382375 990720 993600 95261 95209 96101 95804 7 7 7 7 0 4 0 0 0 1920 1080 
[ 8166.561790] MESSAGE_B= 4 4 0 64 0 1 192 0 248 179 0 3392 3404 3386 3404 0 3424 0 3448 132 117 147 115 0 32 0 40 0 7 255 255 0 255 0 0 0 0 0 0 1 0 1 1 1 1 0 1 5736 448702 572 12826 5714 2 2 2 12066 29768 2 3602 10614 18838 2 2 2 20818 17506 2 2073600 2073600 5 7 381864 994560 993600 95052 94973 96050 95789 7 7 7 7 0 4 4 4 4 1920 1080 
[ 8166.834788] MESSAGE_B= 4 4 0 64 0 1 192 0 248 179 0 3392 3404 3386 3400 0 3424 0 3456 132 117 147 113 0 32 0 32 0 7 255 255 0 255 0 0 0 0 0 0 1 0 1 1 1 1 0 1 4466 441600 572 12826 5714 2 2 2 12066 29768 2 3602 10614 18838 2 2 2 20818 17506 2 2073600 2073600 5 7 381865 990720 993600 95049 94978 96048 95790 7 7 7 7 0 4 4 4 4 1920 1080 
[ 8167.110791] MESSAGE_B= 4 0 0 64 0 1 192 0 248 179 0 3488 3482 3488 3477 0 3440 0 3520 16 69 16 52 0 0 0 0 0 7 255 255 0 0 0 0 0 0 0 0 1 0 1 1 1 1 0 1 5760 448880 572 12826 5714 2 2 2 12066 29768 2 3602 10614 18838 2 2 2 20818 17506 2 2073600 2073600 5 7 382385 994560 993600 95266 95207 96111 95801 7 7 7 7 0 4 0 0 0 1920 1080 
[ 8167.383799] MESSAGE_B= 4 0 0 64 0 1 192 0 248 179 0 3496 3482 3488 3477 0 3440 0 3520 24 69 16 52 0 0 0 0 0 7 255 255 0 0 0 0 0 0 0 0 1 0 1 1 1 1 0 1 4414 441600 22824 27694 6902 21686 31212 63608 27350 63692 63368 4278 4424 1112 6556 13224 19876 32552 26476 15564 2073600 2073600 5 7 382373 990720 993600 95268 95201 96105 95799 7 7 7 7 0 4 0 0 0 1920 1080 
[ 8167.668789] MESSAGE_B= 4 0 0 64 0 1 192 0 248 179 0 3392 3404 3386 3400 0 3392 0 3424 132 117 147 113 0 0 0 0 0 7 255 255 0 0 0 0 0 0 0 0 1 0 1 1 1 1 0 1 5734 449004 22824 27694 6902 21686 31212 63608 27350 63692 63368 4278 4424 1112 6556 13224 19876 32552 26476 15564 2073600 2073600 5 7 381851 994560 993600 95052 94968 96043 95788 7 7 7 7 0 4 0 0 0 1920 1080 
[ 8167.942792] MESSAGE_B= 4 0 0 64 0 1 192 0 248 179 0 3392 3404 3386 3400 0 3392 0 3424 132 117 147 113 0 0 0 0 0 7 255 255 0 0 0 0 0 0 0 0 1 0 1 1 1 1 0 1 4382 441600 22824 27694 6902 21686 31212 63608 27350 63692 63368 4278 4424 1112 6556 13224 19876 32552 26476 15564 2073600 2073600 5 7 381851 990720 993600 95051 94967 96044 95789 7 7 7 7 0 4 0 0 0 1920 1080 
[ 8168.095785] MESSAGE_B= 4 0 0 64 0 1 192 0 248 179 0 3392 3404 3386 3400 0 3392 0 3424 132 117 147 113 0 0 0 0 0 7 255 255 0 0 0 0 0 0 0 0 1 0 1 1 1 1 0 1 5598 448958 22824 27694 6902 21686 31212 63608 27350 63692 63368 4278 4424 1112 6556 13224 19876 32552 26476 15564 2073600 2073600 5 7 381851 994560 993600 95051 94967 96043 95790 7 7 7 7 0 4 0 0 0 1920 1080 
[ 8168.371783] MESSAGE_B= 4 0 0 64 0 1 192 0 248 179 0 3392 3404 3386 3400 0 3392 0 3424 132 117 147 113 0 0 0 0 0 7 255 255 0 0 0 0 0 0 0 0 1 0 1 1 1 1 0 1 4462 441600 22824 27694 6902 21686 31212 63608 27350 63692 63368 4278 4424 1112 6556 13224 19876 32552 26476 15564 2073600 2073600 5 7 381861 990720 993600 95053 94969 96046 95793 7 7 7 7 0 4 0 0 0 1920 1080 
[ 8168.645802] MESSAGE_B= 4 0 0 64 0 1 192 0 248 179 0 3496 3482 3488 3477 0 3440 0 3520 24 69 16 52 0 0 0 0 0 7 255 255 0 0 0 0 0 0 0 0 1 0 1 1 1 1 0 1 5358 449102 22824 27694 6902 21686 31212 63608 27350 63692 63368 4278 4424 1112 6556 13224 19876 32552 26476 15564 2073600 2073600 5 7 382350 994560 993600 95257 95200 96101 95792 7 7 7 7 0 4 0 0 0 1920 1080 
[ 8168.919796] MESSAGE_B= 4 0 0 64 0 1 192 0 248 179 0 3488 3482 3488 3477 0 3440 0 3520 16 69 16 52 0 0 0 0 0 7 255 255 0 0 0 0 0 0 0 0 1 0 1 1 1 1 0 1 4422 441600 22824 27694 6902 21686 31212 63608 27350 63692 63368 4278 4424 1112 6556 13224 19876 32552 26476 15564 2073600 2073600 5 7 382346 990720 993600 95255 95201 96102 95788 7 7 7 7 0 4 0 0 0 1920 1080 
[ 8169.194789] MESSAGE_B= 4 0 0 64 0 1 192 0 248 179 0 3392 3404 3386 3400 0 3392 0 3424 132 117 147 113 0 0 0 0 0 7 255 255 0 0 0 0 0 0 0 0 1 0 1 1 1 1 0 1 5076 449154 22824 27694 6902 21686 31212 63608 27350 63692 63368 4278 4424 1112 6556 13224 19876 32552 26476 15564 2073600 2073600 5 7 381851 994560 993600 95051 94969 96042 95789 7 7 7 7 0 4 0 0 0 1920 1080 
[ 8169.474093] MESSAGE_B= 4 0 0 64 0 1 192 0 248 179 0 3392 3404 3386 3400 0 3392 0 3424 132 117 147 113 0 0 0 0 0 7 255 255 0 0 0 0 0 0 0 0 1 0 1 1 1 1 0 1 4360 441600 22824 27694 6902 21686 31212 63608 27350 63692 63368 4278 4424 1112 6556 13224 19876 32552 26476 15564 2073600 2073600 5 7 381854 990720 993600 95051 94972 96043 95788 7 7 7 7 0 4 0 0 0 1920 1080 
[ 8169.754685] MESSAGE_B= 4 0 0 64 0 1 192 0 248 179 0 3488 3482 3488 3477 0 3440 0 3504 16 69 16 52 0 0 0 0 0 7 255 255 0 0 0 0 0 0 0 0 1 0 1 1 1 1 0 1 5150 449132 22874 26870 7370 24188 30310 62742 27706 63170 62630 4300 11294 1710 4678 12838 21012 32792 26020 15758 2073600 2073600 5 7 382346 994560 993600 95255 95203 96100 95788 7 7 7 7 0 4 0 0 0 1920 1080 
[ 8170.030795] MESSAGE_B= 4 0 0 64 0 1 192 0 248 179 0 3392 3404 3386 3400 0 3392 0 3424 132 117 147 113 0 0 0 0 0 7 255 255 0 0 0 0 0 0 0 0 1 0 1 1 1 1 0 1 4428 441600 22874 26870 7370 24188 30310 62742 27706 63170 62630 4300 11294 1710 4678 12838 21012 32792 26020 15758 2073600 2073600 5 7 381863 990720 993600 95052 94974 96048 95789 7 7 7 7 0 4 0 0 0 1920 1080 
[ 8170.305783] MESSAGE_B= 4 0 0 64 0 1 192 0 248 179 0 3392 3404 3386 3400 0 3392 0 3424 132 117 147 113 0 0 0 0 0 7 255 255 0 0 0 0 0 0 0 0 1 0 1 1 1 1 0 1 5126 449132 22874 26870 7370 24188 30310 62742 27706 63170 62630 4300 11294 1710 4678 12838 21012 32792 26020 15758 2073600 2073600 5 7 381863 994560 993600 95049 94978 96046 95790 7 7 7 7 0 4 0 0 0 1920 1080 
[ 8170.580802] MESSAGE_B= 4 0 0 64 0 1 192 0 248 179 0 3488 3482 3488 3477 0 3440 0 3504 16 69 16 52 0 0 0 0 0 7 255 255 0 0 0 0 0 0 0 0 1 0 1 1 1 1 0 1 4354 441600 22874 26870 7370 24188 30310 62742 27706 63170 62630 4300 11294 1710 4678 12838 21012 32792 26020 15758 2073600 2073600 5 7 382362 990720 993600 95257 95212 96099 95794 7 7 7 7 0 4 0 0 0 1920 1080 
[ 8170.737957] MESSAGE_B= 4 0 0 64 0 1 192 0 248 179 0 3386 3408 3386 3400 0 3392 0 3424 143 119 147 113 0 0 0 0 0 7 255 255 0 0 0 0 0 0 0 0 1 0 1 1 1 1 0 1 4696 449314 22874 26870 7370 24188 30310 62742 27706 63170 62630 4300 11294 1710 4678 12838 21012 32792 26020 15758 2073600 2073600 5 7 381846 994560 993600 95045 94973 96043 95785 7 7 7 7 0 4 0 0 0 1920 1080 
[ 8171.011791] MESSAGE_B= 4 0 0 64 0 1 192 0 248 179 0 3488 3482 3480 3477 0 3440 0 3504 16 69 24 52 0 0 0 0 0 7 255 255 0 0 0 0 0 0 0 0 1 0 1 1 1 1 0 1 4278 441600 22874 26870 7370 24188 30310 62742 27706 63170 62630 4300 11294 1710 4678 12838 21012 32792 26020 15758 2073600 2073600 5 7 382365 990720 993600 95256 95211 96101 95797 7 7 7 7 0 4 0 0 0 1920 1080 
[ 8171.287782] MESSAGE_B= 4 0 0 64 0 1 192 0 248 179 0 3488 3482 3480 3477 0 3424 0 3504 16 69 24 52 0 0 0 0 0 7 255 255 0 0 0 0 0 0 0 0 1 0 1 1 1 1 0 1 4670 449520 22874 26870 7370 24188 30310 62742 27706 63170 62630 4300 11294 1710 4678 12838 21012 32792 26020 15758 2073600 2073600 5 7 382366 994560 993600 95256 95210 96100 95800 7 7 7 7 0 4 0 0 0 1920 1080 
[ 8171.570842] MESSAGE_B= 4 0 0 64 0 1 192 0 248 179 0 3386 3408 3386 3404 0 3392 0 3424 143 119 147 115 0 0 0 0 0 7 255 255 0 0 0 0 0 0 0 0 1 0 1 1 1 1 0 1 4390 441600 22874 26870 7370 24188 30310 62742 27706 63170 62630 4300 11294 1710 4678 12838 21012 32792 26020 15758 2073600 2073600 5 7 381868 990720 993600 95047 94978 96052 95791 7 7 7 7 0 4 0 0 0 1920 1080 
[ 8171.844796] MESSAGE_B= 4 0 0 64 0 1 192 0 248 179 0 3112 3109 3120 3109 0 3072 0 3152 24 49 32 49 0 0 0 0 0 7 255 255 0 0 0 0 0 0 0 0 1 0 1 1 1 1 0 1 4398 449602 22874 26870 7370 24188 30310 62742 27706 63170 62630 4300 11294 1710 4678 12838 21012 32792 26020 15758 2073600 2073600 5 7 382577 994560 993600 95313 95265 96143 95856 7 7 7 7 24 4 0 0 0 1920 1080 
[ 8172.119301] MESSAGE_B= 4 0 0 64 0 1 192 0 248 179 0 2152 2144 2160 2152 0 2096 0 2128 8 16 16 24 0 0 0 0 0 7 255 255 0 0 0 0 0 0 0 0 1 0 1 1 1 1 0 1 6218 441600 21600 26978 7318 24130 30174 62440 27104 63120 63202 4232 11130 1686 4618 12294 21424 32020 25712 15748 2073600 2073600 5 7 382880 990720 993600 95388 95335 96209 95948 7 7 7 7 24 4 0 0 0 1920 1080 
[ 8172.393982] MESSAGE_B= 4 0 0 64 0 1 192 0 248 179 0 832 844 842 844 0 832 0 848 56 55 72 55 0 0 0 0 0 31 255 255 0 0 0 0 0 0 0 0 1 0 1 1 1 1 0 1 5116 441600 21600 26978 7318 24130 30174 62440 27104 63120 63202 4232 11130 1686 4618 12294 21424 32020 25712 15748 2073600 2073600 5 7 379480 994560 993600 94320 94396 95591 95173 7 7 7 7 57 4 0 0 0 1920 1080 
[ 8172.675360] MESSAGE_B= 4 7 0 69 0 2 192 0 248 179 0 0 0 0 0 0 0 0 0 0 0 0 0 0 0 0 0 1 12 0 0 0 0 0 0 0 0 1 1 1 1 1 1 1 1 0 2 5732 441600 21600 26978 7318 24130 30174 62440 27104 63120 63202 4232 11130 1686 4618 12294 21424 32020 25712 15748 2073600 2073600 5 12 512416 990720 993600 128104 128104 128104 128104 12 12 12 12 84 4 0 0 0 1920 1080 
[ 8172.948787] MESSAGE_B= 4 7 0 254 0 48 192 0 248 179 0 0 0 0 0 0 0 0 0 0 0 0 0 0 0 0 0 1 12 0 0 0 0 0 0 0 0 1 1 1 1 1 1 1 1 0 48 3166 441600 21600 26978 7318 24130 30174 62440 27104 63120 63202 4232 11130 1686 4618 12294 21424 32020 25712 15748 2073600 2073600 5 12 512416 994560 993600 128104 128104 128104 128104 12 12 12 12 84 4 0 0 0 1920 1080 
[ 8173.221785] MESSAGE_B= 4 7 0 165 0 48 192 0 248 179 0 0 0 0 0 0 0 0 0 0 0 0 0 0 0 0 0 1 12 0 0 0 0 0 0 0 0 1 1 1 1 1 1 1 1 0 48 0 0 21600 26978 7318 24130 30174 62440 27104 63120 63202 4232 11130 1686 4618 12294 21424 32020 25712 15748 2073600 2073600 4 12 512416 990720 993600 128104 128104 128104 128104 12 12 12 12 0 4 0 0 0 1920 1080 
[ 8173.376823] MESSAGE_B= 4 7 0 165 0 48 192 0 248 179 0 0 0 0 0 0 0 0 0 0 0 0 0 0 0 0 0 1 12 0 0 0 0 0 0 0 0 1 1 1 1 1 1 1 1 0 48 0 0 21600 26978 7318 24130 30174 62440 27104 63120 63202 4232 11130 1686 4618 12294 21424 32020 25712 15748 2073600 2073600 4 12 512416 994560 993600 128104 128104 128104 128104 12 12 12 12 0 4 0 0 0 1920 1080 
[ 8173.655784] MESSAGE_B= 4 7 0 165 0 48 192 0 248 179 0 0 0 0 0 0 0 0 0 0 0 0 0 0 0 0 0 1 12 0 0 0 0 0 0 0 0 1 1 1 1 1 1 1 1 0 48 0 0 21600 26978 7318 24130 30174 62440 27104 63120 63202 4232 11130 1686 4618 12294 21424 32020 25712 15748 2073600 2073600 4 12 512416 990720 993600 128104 128104 128104 128104 12 12 12 12 0 4 0 0 0 1920 1080 
[ 8173.927792] MESSAGE_B= 4 7 0 165 0 48 192 0 248 179 0 0 0 0 0 0 0 0 0 0 0 0 0 0 0 0 0 1 12 0 0 0 0 0 0 0 0 1 1 1 1 1 1 1 1 0 48 0 0 21600 26978 7318 24130 30174 62440 27104 63120 63202 4232 11130 1686 4618 12294 21424 32020 25712 15748 2073600 2073600 4 12 512416 994560 993600 128104 128104 128104 128104 12 12 12 12 0 4 0 0 0 1920 1080 
[ 8174.218782] MESSAGE_B= 4 7 0 165 0 48 192 0 248 179 0 0 0 0 0 0 0 0 0 0 0 0 0 0 0 0 0 1 12 0 0 0 0 0 0 0 0 1 1 1 1 1 1 1 1 0 48 0 0 21600 26978 7318 24130 30174 62440 27104 63120 63202 4232 11130 1686 4618 12294 21424 32020 25712 15748 2073600 2073600 4 12 512416 990720 993600 128104 128104 128104 128104 12 12 12 12 0 4 0 0 0 1920 1080 
[ 8174.493791] MESSAGE_B= 4 7 0 165 0 48 192 0 248 179 0 0 0 0 0 0 0 0 0 0 0 0 0 0 0 0 0 1 12 0 0 0 0 0 0 0 0 1 1 1 1 1 1 1 1 0 48 0 0 2 24308 39762 15694 2 2 41116 20866 2 2 3280 2 2 2 2 10520 4494 2 2073600 2073600 4 12 512416 994560 993600 128104 128104 128104 128104 12 12 12 12 0 4 0 0 0 1920 1080 
[ 8174.762801] MESSAGE_B= 4 7 0 165 0 48 192 0 248 179 0 0 0 0 0 0 0 0 0 0 0 0 0 0 0 0 0 1 12 0 0 0 0 0 0 0 0 1 1 1 1 1 1 1 1 0 48 0 0 2 24308 39762 15694 2 2 41116 20866 2 2 3280 2 2 2 2 10520 4494 2 2073600 2073600 4 12 512416 990720 993600 128104 128104 128104 128104 12 12 12 12 0 4 0 0 0 1920 1080 
[ 8175.037780] MESSAGE_B= 4 7 0 165 0 48 192 0 248 179 0 0 0 0 0 0 0 0 0 0 0 0 0 0 0 0 0 1 12 0 0 0 0 0 0 0 0 1 1 1 1 1 1 1 1 0 48 0 0 2 24308 39762 15694 2 2 41116 20866 2 2 3280 2 2 2 2 10520 4494 2 2073600 2073600 4 12 512416 994560 993600 128104 128104 128104 128104 12 12 12 12 0 4 0 0 0 1920 1080 
[ 8175.307779] MESSAGE_B= 4 7 0 165 0 48 192 0 248 179 0 0 0 0 0 0 0 0 0 0 0 0 0 0 0 0 0 1 12 0 0 0 0 0 0 0 0 1 1 1 1 1 1 1 1 0 48 0 0 2 24308 39762 15694 2 2 41116 20866 2 2 3280 2 2 2 2 10520 4494 2 2073600 2073600 4 12 512416 990720 993600 128104 128104 128104 128104 12 12 12 12 0 4 0 0 0 1920 1080 
[ 8175.586788] MESSAGE_B= 4 7 0 165 0 48 192 0 248 179 0 0 0 0 0 0 0 0 0 0 0 0 0 0 0 0 0 1 12 0 0 0 0 0 0 0 0 1 1 1 1 1 1 1 1 0 48 0 0 2 24308 39762 15694 2 2 41116 20866 2 2 3280 2 2 2 2 10520 4494 2 2073600 2073600 4 12 512416 994560 993600 128104 128104 128104 128104 12 12 12 12 0 4 0 0 0 1920 1080 
[ 8175.857793] MESSAGE_B= 4 0 0 166 4 4 192 0 248 179 0 0 0 0 0 0 0 0 0 0 0 0 0 0 0 0 0 1 12 0 0 0 0 0 0 0 0 1 1 0 0 1 0 0 1 4 4 0 0 2 24308 39762 15694 2 2 41116 20866 2 2 3280 2 2 2 2 10520 4494 2 2073600 2073600 4 12 510234 990720 993600 127925 127976 127202 127131 12 12 12 12 8 4 0 0 0 1920 1080 
[ 8176.016318] MESSAGE_B= 5 0 0 165 4 4 192 0 248 179 0 0 0 0 0 0 0 0 0 0 0 0 0 0 0 0 0 1 12 0 0 0 0 0 0 0 0 1 1 0 0 1 0 0 1 4 4 648 34 2 24308 39762 15694 2 2 41116 20866 2 2 3280 2 2 2 2 10520 4494 2 2073600 2073600 6 12 510232 994560 993600 127924 127975 127202 127131 12 12 12 12 8 4 0 0 0 1920 1080 
[ 8176.286779] MESSAGE_B= 5 0 0 165 4 4 192 0 248 179 0 0 0 0 0 0 0 0 0 0 0 0 0 0 0 0 0 1 12 0 0 0 0 0 0 0 0 1 1 0 0 1 0 0 1 4 4 1094 0 2 24308 39762 15694 2 2 41116 20866 2 2 3280 2 2 2 2 10520 4494 2 2073600 2073600 6 12 510229 990720 993600 127922 127974 127203 127130 12 12 12 12 4 4 0 0 0 1920 1080 
[ 8176.555790] MESSAGE_B= 4 0 0 165 4 4 192 0 248 179 0 0 0 0 0 0 0 0 0 0 0 0 0 0 0 0 0 1 12 0 0 0 0 0 0 0 0 1 1 0 0 1 0 0 1 4 4 662 7574 2 24308 39762 15694 2 2 41116 20866 2 2 3280 2 2 2 2 10520 4494 2 2073600 2073600 4 12 510226 994560 993600 127922 127974 127198 127132 12 12 12 12 4 4 0 0 0 1920 1080 
[ 8176.827784] MESSAGE_B= 5 0 0 165 4 4 192 0 248 179 0 0 0 0 0 0 0 0 0 0 0 0 0 0 0 0 0 1 12 0 0 0 0 0 0 0 0 1 1 0 0 1 0 0 1 4 4 1042 0 14660 42 40546 2 2 2 57548 38776 14632 724 366 2614 2 2 2 5372 3636 790 2073600 2073600 6 12 510203 990720 993600 127929 127985 127167 127122 12 12 12 12 4 4 0 0 0 1920 1080 
[ 8177.098792] MESSAGE_B= 4 0 0 165 4 4 192 0 248 179 0 0 0 0 0 0 0 0 0 0 0 0 0 0 0 0 0 1 12 0 0 0 0 0 0 0 0 1 1 0 0 1 0 0 1 4 4 654 7566 14660 42 40546 2 2 2 57548 38776 14632 724 366 2614 2 2 2 5372 3636 790 2073600 2073600 4 12 510202 994560 993600 127929 127985 127168 127120 12 12 12 12 4 4 0 0 0 1920 1080 
[ 8177.374778] MESSAGE_B= 5 0 0 165 4 4 192 0 248 179 0 0 0 0 0 0 0 0 0 0 0 0 0 0 0 0 0 1 12 0 0 0 0 0 0 0 0 1 1 0 0 1 0 0 1 4 4 1010 0 14660 42 40546 2 2 2 57548 38776 14632 724 366 2614 2 2 2 5372 3636 790 2073600 2073600 6 12 510201 990720 993600 127929 127985 127169 127118 12 12 12 12 4 4 0 0 0 1920 1080 
[ 8177.652617] MESSAGE_B= 4 0 0 165 4 4 192 0 248 179 0 0 0 0 0 0 0 0 0 0 0 0 0 0 0 0 0 1 12 0 0 0 0 0 0 0 0 1 1 0 0 1 0 0 1 4 4 668 7568 14660 42 40546 2 2 2 57548 38776 14632 724 366 2614 2 2 2 5372 3636 790 2073600 2073600 4 12 510232 994560 993600 127921 127977 127204 127130 12 12 12 12 4 4 0 0 0 1920 1080 
[ 8177.921788] MESSAGE_B= 5 0 0 165 4 4 192 0 248 179 0 0 0 0 0 0 0 0 0 0 0 0 0 0 0 0 0 1 12 0 0 0 0 0 0 0 0 1 1 0 0 1 0 0 1 4 4 1038 0 14660 42 40546 2 2 2 57548 38776 14632 724 366 2614 2 2 2 5372 3636 790 2073600 2073600 6 12 510233 990720 993600 127923 127976 127203 127131 12 12 12 12 4 4 0 0 0 1920 1080 
[ 8178.201973] MESSAGE_B= 4 0 0 165 4 4 192 0 248 179 0 0 0 0 0 0 0 0 0 0 0 0 0 0 0 0 0 1 12 0 0 0 0 0 0 0 0 1 1 0 0 1 0 0 1 4 4 646 7580 14660 42 40546 2 2 2 57548 38776 14632 724 366 2614 2 2 2 5372 3636 790 2073600 2073600 4 12 510204 994560 993600 127929 127985 127173 127117 12 12 12 12 4 4 0 0 0 1920 1080 
[ 8178.482624] MESSAGE_B= 5 0 0 165 4 4 192 0 248 179 0 0 0 0 0 0 0 0 0 0 0 0 0 0 0 0 0 1 12 0 0 0 0 0 0 0 0 1 1 0 0 1 0 0 1 4 4 1024 0 14660 42 40546 2 2 2 57548 38776 14632 724 366 2614 2 2 2 5372 3636 790 2073600 2073600 6 12 510229 990720 993600 127922 127976 127202 127129 12 12 12 12 4 4 0 0 0 1920 1080 
[ 8178.760143] MESSAGE_B= 4 0 0 165 4 4 192 0 248 179 0 0 0 0 0 0 0 0 0 0 0 0 0 0 0 0 0 1 12 0 0 0 0 0 0 0 0 1 1 0 0 1 0 0 1 4 4 636 7576 14660 42 40546 2 2 2 57548 38776 14632 724 366 2614 2 2 2 5372 3636 790 2073600 2073600 4 12 510205 994560 993600 127930 127985 127171 127119 12 12 12 12 4 4 0 0 0 1920 1080 
[ 8179.028791] MESSAGE_B= 5 0 0 165 4 4 192 0 248 179 0 0 0 0 0 0 0 0 0 0 0 0 0 0 0 0 0 1 12 0 0 0 0 0 0 0 0 1 1 0 0 1 0 0 1 4 4 1032 0 14660 42 40546 2 2 2 57548 38776 14632 724 366 2614 2 2 2 5372 3636 790 2073600 2073600 6 12 510201 990720 993600 127930 127985 127168 127118 12 12 12 12 4 4 0 0 0 1920 1080 
[ 8179.177817] MESSAGE_B= 4 0 0 165 4 4 192 0 248 179 0 0 0 0 0 0 0 0 0 0 0 0 0 0 0 0 0 1 12 0 0 0 0 0 0 0 0 1 1 0 0 1 0 0 1 4 4 636 7576 14646 21374 44886 14804 14558 14690 57376 39052 14644 756 1186 706 778 818 836 5694 3504 844 2073600 2073600 4 12 510231 994560 993600 127923 127978 127203 127127 12 12 12 12 4 4 0 0 0 1920 1080 
[ 8179.452783] MESSAGE_B= 5 0 0 165 4 4 192 0 248 179 0 0 0 0 0 0 0 0 0 0 0 0 0 0 0 0 0 1 12 0 0 0 0 0 0 0 0 1 1 0 0 1 0 0 1 4 4 998 0 14646 21374 44886 14804 14558 14690 57376 39052 14644 756 1186 706 778 818 836 5694 3504 844 2073600 2073600 6 12 510236 990720 993600 127923 127977 127203 127133 12 12 12 12 4 4 0 0 0 1920 1080 
[ 8179.724785] MESSAGE_B= 4 0 0 165 4 4 192 0 248 179 0 0 0 0 0 0 0 0 0 0 0 0 0 0 0 0 0 1 12 0 0 0 0 0 0 0 0 1 1 0 0 1 0 0 1 4 4 642 7570 14646 21374 44886 14804 14558 14690 57376 39052 14644 756 1186 706 778 818 836 5694 3504 844 2073600 2073600 4 12 510232 994560 993600 127923 127978 127202 127129 12 12 12 12 4 4 0 0 0 1920 1080 
[ 8180.004247] MESSAGE_B= 5 0 0 165 4 4 192 0 248 179 0 0 0 0 0 0 0 0 0 0 0 0 0 0 0 0 0 1 12 0 0 0 0 0 0 0 0 1 1 0 0 1 0 0 1 4 4 1010 0 14646 21374 44886 14804 14558 14690 57376 39052 14644 756 1186 706 778 818 836 5694 3504 844 2073600 2073600 6 12 510204 990720 993600 127930 127985 127170 127119 12 12 12 12 4 4 0 0 0 1920 1080 
[ 8180.276820] MESSAGE_B= 4 0 0 165 4 4 192 0 248 179 0 0 0 0 0 0 0 0 0 0 0 0 0 0 0 0 0 1 12 0 0 0 0 0 0 0 0 1 1 0 0 1 0 0 1 4 4 632 7566 14646 21374 44886 14804 14558 14690 57376 39052 14644 756 1186 706 778 818 836 5694 3504 844 2073600 2073600 4 12 510230 994560 993600 127921 127979 127199 127131 12 12 12 12 4 4 0 0 0 1920 1080 
[ 8180.554607] MESSAGE_B= 5 0 0 165 4 4 192 0 248 179 0 0 0 0 0 0 0 0 0 0 0 0 0 0 0 0 0 1 12 0 0 0 0 0 0 0 0 1 1 0 0 1 0 0 1 4 4 1008 0 14646 21374 44886 14804 14558 14690 57376 39052 14644 756 1186 706 778 818 836 5694 3504 844 2073600 2073600 6 12 510230 990720 993600 127921 127979 127199 127131 12 12 12 12 4 4 0 0 0 1920 1080 
[ 8180.830790] MESSAGE_B= 4 0 0 165 4 4 192 0 248 179 0 0 0 0 0 0 0 0 0 0 0 0 0 0 0 0 0 1 12 0 0 0 0 0 0 0 0 1 1 0 0 1 0 0 1 4 4 636 7576 14646 21374 44886 14804 14558 14690 57376 39052 14644 756 1186 706 778 818 836 5694 3504 844 2073600 2073600 4 12 510204 994560 993600 127930 127987 127170 127117 12 12 12 12 4 4 0 0 0 1920 1080 
[ 8181.102782] MESSAGE_B= 5 0 0 170 2 13 192 0 248 179 0 0 0 0 0 0 0 0 0 0 0 0 0 0 0 0 0 1 12 0 0 0 0 0 0 0 0 0 0 0 0 1 0 0 1 2 13 1014 0 14646 21374 44886 14804 14558 14690 57376 39052 14644 756 1186 706 778 818 836 5694 3504 844 2073600 2073600 6 12 503151 990720 993600 125591 126053 125649 125858 12 12 12 12 4 4 0 0 0 1920 1080 
[ 8181.379126] MESSAGE_B= 4 0 0 169 2 13 192 0 248 179 0 0 0 0 0 0 0 0 0 0 0 0 0 0 0 0 0 1 12 0 0 0 0 0 0 0 0 0 0 0 0 1 0 0 1 2 13 5898 50848 14646 21374 44886 14804 14558 14690 57376 39052 14644 756 1186 706 778 818 836 5694 3504 844 2073600 2073600 5 12 503225 994560 993600 125589 126061 125692 125883 12 12 12 12 4 4 0 0 0 1920 1080 
[ 8181.654191] MESSAGE_B= 0 0 0 169 2 13 192 0 248 179 0 0 0 0 0 0 0 0 0 0 0 0 0 0 0 0 0 1 12 0 0 0 0 0 0 0 0 0 0 0 0 1 0 0 1 2 13 2656 46422 3120 21166 44494 14804 14590 14688 57504 39318 3780 6282 942 738 786 854 794 5852 7552 6650 2073600 2073600 3 12 503227 990720 993600 125587 126063 125694 125883 12 12 12 12 4 4 0 0 0 1920 1080 
[ 8181.926784] MESSAGE_B= 4 0 0 169 2 13 192 0 248 179 0 0 0 0 0 0 0 0 0 0 0 0 0 0 0 0 0 1 12 0 0 0 0 0 0 0 0 0 0 0 0 1 0 0 1 2 13 5900 48364 3120 21166 44494 14804 14590 14688 57504 39318 3780 6282 942 738 786 854 794 5852 7552 6650 2073600 2073600 5 12 503156 994560 993600 125594 126049 125652 125861 12 12 12 12 4 4 0 0 0 1920 1080 
[ 8182.087809] MESSAGE_B= 0 0 0 169 2 13 192 0 248 179 0 0 0 0 0 0 0 0 0 0 0 0 0 0 0 0 0 1 12 0 0 0 0 0 0 0 0 0 0 0 0 1 0 0 1 2 13 2638 46432 3120 21166 44494 14804 14590 14688 57504 39318 3780 6282 942 738 786 854 794 5852 7552 6650 2073600 2073600 3 12 503236 990720 993600 125592 126066 125694 125884 12 12 12 12 4 4 0 0 0 1920 1080 
[ 8182.359788] MESSAGE_B= 4 0 0 169 2 13 192 0 248 179 0 0 0 0 0 0 0 0 0 0 0 0 0 0 0 0 0 1 12 0 0 0 0 0 0 0 0 0 0 0 0 1 0 0 1 2 13 5922 48384 3120 21166 44494 14804 14590 14688 57504 39318 3780 6282 942 738 786 854 794 5852 7552 6650 2073600 2073600 5 12 503154 994560 993600 125594 126048 125649 125863 12 12 12 12 4 4 0 0 0 1920 1080 
[ 8182.632458] MESSAGE_B= 0 0 0 169 2 13 192 0 248 179 0 0 0 0 0 0 0 0 0 0 0 0 0 0 0 0 0 1 12 0 0 0 0 0 0 0 0 0 0 0 0 1 0 0 1 2 13 2662 46408 3120 21166 44494 14804 14590 14688 57504 39318 3780 6282 942 738 786 854 794 5852 7552 6650 2073600 2073600 3 12 503160 990720 993600 125598 126050 125650 125862 12 12 12 12 4 4 0 0 0 1920 1080 
[ 8182.903783] MESSAGE_B= 4 0 0 169 2 13 192 0 248 179 0 0 0 0 0 0 0 0 0 0 0 0 0 0 0 0 0 1 12 0 0 0 0 0 0 0 0 0 0 0 0 1 0 0 1 2 13 5934 48402 3120 21166 44494 14804 14590 14688 57504 39318 3780 6282 942 738 786 854 794 5852 7552 6650 2073600 2073600 5 12 503160 994560 993600 125594 126052 125651 125863 12 12 12 12 4 4 0 0 0 1920 1080 
[ 8183.175786] MESSAGE_B= 0 0 0 169 2 13 192 0 248 179 0 0 0 0 0 0 0 0 0 0 0 0 0 0 0 0 0 1 12 0 0 0 0 0 0 0 0 0 0 0 0 1 0 0 1 2 13 2600 46440 3120 21166 44494 14804 14590 14688 57504 39318 3780 6282 942 738 786 854 794 5852 7552 6650 2073600 2073600 3 12 503151 990720 993600 125589 126051 125650 125861 12 12 12 12 4 4 0 0 0 1920 1080 
[ 8183.454976] MESSAGE_B= 4 0 0 169 2 13 192 0 248 179 0 0 0 0 0 0 0 0 0 0 0 0 0 0 0 0 0 1 12 0 0 0 0 0 0 0 0 0 0 0 0 1 0 0 1 2 13 5954 48422 3120 21166 44494 14804 14590 14688 57504 39318 3780 6282 942 738 786 854 794 5852 7552 6650 2073600 2073600 5 12 503230 994560 993600 125591 126065 125694 125880 12 12 12 12 4 4 0 0 0 1920 1080 
[ 8183.725783] MESSAGE_B= 0 0 0 169 2 13 192 0 248 179 0 0 0 0 0 0 0 0 0 0 0 0 0 0 0 0 0 1 12 0 0 0 0 0 0 0 0 0 0 0 0 1 0 0 1 2 13 2638 46456 3120 21166 44494 14804 14590 14688 57504 39318 3780 6282 942 738 786 854 794 5852 7552 6650 2073600 2073600 3 12 503230 990720 993600 125590 126063 125695 125882 12 12 12 12 4 4 0 0 0 1920 1080 
[ 8183.998278] MESSAGE_B= 4 0 0 169 2 13 192 0 248 179 0 0 0 0 0 0 0 0 0 0 0 0 0 0 0 0 0 1 12 0 0 0 0 0 0 0 0 0 0 0 0 1 0 0 1 2 13 5948 48452 3120 3510 48006 3634 3904 4608 59648 35756 3848 6334 11174 3310 6584 6592 6878 10772 7928 6694 2073600 2073600 5 12 503165 994560 993600 125594 126055 125655 125861 12 12 12 12 4 4 0 0 0 1920 1080 
[ 8184.148831] MESSAGE_B= 0 0 0 169 2 13 192 0 248 179 0 0 0 0 0 0 0 0 0 0 0 0 0 0 0 0 0 1 12 0 0 0 0 0 0 0 0 0 0 0 0 1 0 0 1 2 13 2682 46476 3120 3510 48006 3634 3904 4608 59648 35756 3848 6334 11174 3310 6584 6592 6878 10772 7928 6694 2073600 2073600 3 12 503232 990720 993600 125591 126063 125695 125883 12 12 12 12 4 4 0 0 0 1920 1080 
[ 8184.420783] MESSAGE_B= 4 0 0 169 2 13 192 0 248 179 0 0 0 0 0 0 0 0 0 0 0 0 0 0 0 0 0 1 12 0 0 0 0 0 0 0 0 0 0 0 0 1 0 0 1 2 13 5934 48422 3120 3510 48006 3634 3904 4608 59648 35756 3848 6334 11174 3310 6584 6592 6878 10772 7928 6694 2073600 2073600 5 12 503229 994560 993600 125591 126063 125695 125880 12 12 12 12 4 4 0 0 0 1920 1080 
[ 8184.695789] MESSAGE_B= 0 0 0 169 2 13 192 0 248 179 0 0 0 0 0 0 0 0 0 0 0 0 0 0 0 0 0 1 12 0 0 0 0 0 0 0 0 0 0 0 0 1 0 0 1 2 13 2656 46464 3120 3510 48006 3634 3904 4608 59648 35756 3848 6334 11174 3310 6584 6592 6878 10772 7928 6694 2073600 2073600 3 12 503157 990720 993600 125598 126049 125647 125863 12 12 12 12 4 4 0 0 0 1920 1080 
[ 8184.976245] MESSAGE_B= 4 0 0 169 2 13 192 0 248 179 0 0 0 0 0 0 0 0 0 0 0 0 0 0 0 0 0 1 12 0 0 0 0 0 0 0 0 0 0 0 0 1 0 0 1 2 13 5910 48442 3120 3510 48006 3634 3904 4608 59648 35756 3848 6334 11174 3310 6584 6592 6878 10772 7928 6694 2073600 2073600 5 12 503229 994560 993600 125592 126061 125694 125882 12 12 12 12 4 4 0 0 0 1920 1080 
[ 8185.247788] MESSAGE_B= 0 0 0 169 2 13 192 0 248 179 0 0 0 0 0 0 0 0 0 0 0 0 0 0 0 0 0 1 12 0 0 0 0 0 0 0 0 0 0 0 0 1 0 0 1 2 13 2642 46460 3120 3510 48006 3634 3904 4608 59648 35756 3848 6334 11174 3310 6584 6592 6878 10772 7928 6694 2073600 2073600 3 12 503235 990720 993600 125596 126061 125696 125882 12 12 12 12 4 4 0 0 0 1920 1080 
[ 8185.519784] MESSAGE_B= 4 0 0 169 2 13 192 0 248 179 0 0 0 0 0 0 0 0 0 0 0 0 0 0 0 0 0 1 12 0 0 0 0 0 0 0 0 0 0 0 0 1 0 0 1 2 13 5912 48420 3120 3510 48006 3634 3904 4608 59648 35756 3848 6334 11174 3310 6584 6592 6878 10772 7928 6694 2073600 2073600 5 12 503226 994560 993600 125595 126060 125691 125880 12 12 12 12 3 4 0 0 0 1920 1080 
[ 8185.795783] MESSAGE_B= 0 0 0 169 2 13 192 0 248 179 0 0 0 0 0 0 0 0 0 0 0 0 0 0 0 0 0 1 12 0 0 0 0 0 0 0 0 0 0 0 0 1 0 0 1 2 13 2674 46454 3120 3510 48006 3634 3904 4608 59648 35756 3848 6334 11174 3310 6584 6592 6878 10772 7928 6694 2073600 2073600 3 12 503166 990720 993600 125597 126052 125648 125869 12 12 12 12 3 4 0 0 0 1920 1080 
[ 8186.070780] MESSAGE_B= 4 0 0 169 2 13 192 0 248 179 0 0 0 0 0 0 0 0 0 0 0 0 0 0 0 0 0 1 12 0 0 0 0 0 0 0 0 0 0 0 0 1 0 0 1 2 13 5936 48394 3120 3510 48006 3634 3904 4608 59648 35756 3848 6334 11174 3310 6584 6592 6878 10772 7928 6694 2073600 2073600 5 12 503169 994560 993600 125598 126051 125651 125869 12 12 12 12 4 4 0 0 0 1920 1080 
[ 8186.348780] MESSAGE_B= 0 0 0 169 2 13 192 0 248 179 0 0 0 0 0 0 0 0 0 0 0 0 0 0 0 0 0 1 12 0 0 0 0 0 0 0 0 0 0 0 0 1 0 0 1 2 13 2642 46476 3120 3130 47982 3808 3996 4720 59342 36478 3820 6364 11170 3062 6600 6698 6920 11846 8756 6686 2073600 2073600 3 12 503234 990720 993600 125592 126062 125697 125883 12 12 12 12 4 4 0 0 0 1920 1080 
[ 8186.621775] MESSAGE_B= 4 0 0 172 1 13 192 0 248 179 0 0 0 0 0 0 0 0 0 0 0 0 0 0 0 0 0 1 12 0 0 0 0 0 0 0 0 0 0 0 0 1 0 0 1 1 13 5896 48424 3120 3130 47982 3808 3996 4720 59342 36478 3820 6364 11170 3062 6600 6698 6920 11846 8756 6686 2073600 2073600 5 12 506579 994560 993600 126650 126723 126475 126731 12 12 12 12 3 4 0 0 0 1920 1080 
[ 8186.899622] MESSAGE_B= 0 0 0 172 1 13 192 0 248 179 0 0 0 0 0 0 0 0 0 0 0 0 0 0 0 0 0 1 12 0 0 0 0 0 0 0 0 0 0 0 0 1 0 0 1 1 13 2606 28634 3120 3130 47982 3808 3996 4720 59342 36478 3820 6364 11170 3062 6600 6698 6920 11846 8756 6686 2073600 2073600 3 12 506581 990720 993600 126653 126727 126468 126733 12 12 12 12 4 4 0 0 0 1920 1080 
[ 8187.179442] MESSAGE_B= 0 0 0 172 1 13 192 0 248 179 0 0 0 0 0 0 0 0 0 0 0 0 0 0 0 0 0 1 12 0 0 0 0 0 0 0 0 0 0 0 0 1 0 0 1 1 13 1670 31044 3120 3130 47982 3808 3996 4720 59342 36478 3820 6364 11170 3062 6600 6698 6920 11846 8756 6686 2073600 2073600 3 12 506575 994560 993600 126649 126720 126476 126730 12 12 12 12 4 4 0 0 0 1920 1080 
[ 8187.346262] MESSAGE_B= 0 0 0 172 1 13 192 0 248 179 0 0 0 0 0 0 0 0 0 0 0 0 0 0 0 0 0 1 12 0 0 0 0 0 0 0 0 0 0 0 0 1 0 0 1 1 13 2610 28674 3120 3130 47982 3808 3996 4720 59342 36478 3820 6364 11170 3062 6600 6698 6920 11846 8756 6686 2073600 2073600 3 12 506573 990720 993600 126647 126719 126476 126731 12 12 12 12 3 4 0 0 0 1920 1080 
[ 8187.617798] MESSAGE_B= 0 0 0 172 1 13 192 0 248 179 0 0 0 0 0 0 0 0 0 0 0 0 0 0 0 0 0 1 12 0 0 0 0 0 0 0 0 0 0 0 0 1 0 0 1 1 13 1600 31062 3120 3130 47982 3808 3996 4720 59342 36478 3820 6364 11170 3062 6600 6698 6920 11846 8756 6686 2073600 2073600 3 12 506579 994560 993600 126650 126722 126476 126731 12 12 12 12 4 4 0 0 0 1920 1080 
[ 8187.900580] MESSAGE_B= 0 0 0 172 1 13 192 0 248 179 0 0 0 0 0 0 0 0 0 0 0 0 0 0 0 0 0 1 12 0 0 0 0 0 0 0 0 0 0 0 0 1 0 0 1 1 13 2596 28656 3120 3130 47982 3808 3996 4720 59342 36478 3820 6364 11170 3062 6600 6698 6920 11846 8756 6686 2073600 2073600 3 12 506583 990720 993600 126651 126726 126474 126732 12 12 12 12 4 4 0 0 0 1920 1080 
[ 8188.181788] MESSAGE_B= 0 0 0 172 1 13 192 0 248 179 0 0 0 0 0 0 0 0 0 0 0 0 0 0 0 0 0 1 12 0 0 0 0 0 0 0 0 0 0 0 0 1 0 0 1 1 13 1514 31068 3120 3130 47982 3808 3996 4720 59342 36478 3820 6364 11170 3062 6600 6698 6920 11846 8756 6686 2073600 2073600 3 12 506570 994560 993600 126650 126720 126474 126726 12 12 12 12 3 4 0 0 0 1920 1080 
[ 8188.453793] MESSAGE_B= 0 0 0 172 1 13 192 0 248 179 0 0 0 0 0 0 0 0 0 0 0 0 0 0 0 0 0 1 12 0 0 0 0 0 0 0 0 0 0 0 0 1 0 0 1 1 13 2612 28682 3120 3130 47982 3808 3996 4720 59342 36478 3820 6364 11170 3062 6600 6698 6920 11846 8756 6686 2073600 2073600 3 12 506569 990720 993600 126649 126716 126476 126728 12 12 12 12 4 4 0 0 0 1920 1080 
[ 8188.725790] MESSAGE_B= 0 0 0 172 1 13 192 0 248 179 0 0 0 0 0 0 0 0 0 0 0 0 0 0 0 0 0 1 12 0 0 0 0 0 0 0 0 0 0 0 0 1 0 0 1 1 13 1596 31108 3140 1790 46770 3980 3984 4322 54372 29410 3902 2942 5666 4462 3050 2904 2996 7970 5322 2950 2073600 2073600 3 12 506576 994560 993600 126650 126727 126470 126729 12 12 12 12 4 4 0 0 0 1920 1080 
[ 8188.996791] MESSAGE_B= 0 0 0 172 1 13 192 0 248 179 0 0 0 0 0 0 0 0 0 0 0 0 0 0 0 0 0 1 12 0 0 0 0 0 0 0 0 0 0 0 0 1 0 0 1 1 13 2600 28680 3140 1790 46770 3980 3984 4322 54372 29410 3902 2942 5666 4462 3050 2904 2996 7970 5322 2950 2073600 2073600 3 12 506585 990720 993600 126652 126729 126475 126729 12 12 12 12 4 4 0 0 0 1920 1080 
[ 8189.272781] MESSAGE_B= 0 0 0 172 1 13 192 0 248 179 0 0 0 0 0 0 0 0 0 0 0 0 0 0 0 0 0 1 12 0 0 0 0 0 0 0 0 0 0 0 0 1 0 0 1 1 13 1584 31122 3140 1790 46770 3980 3984 4322 54372 29410 3902 2942 5666 4462 3050 2904 2996 7970 5322 2950 2073600 2073600 3 12 506579 994560 993600 126653 126727 126471 126728 12 12 12 12 4 4 0 0 0 1920 1080 
[ 8189.423903] MESSAGE_B= 0 0 0 172 1 13 192 0 248 179 0 0 0 0 0 0 0 0 0 0 0 0 0 0 0 0 0 1 12 0 0 0 0 0 0 0 0 0 0 0 0 1 0 0 1 1 13 2626 28680 3140 1790 46770 3980 3984 4322 54372 29410 3902 2942 5666 4462 3050 2904 2996 7970 5322 2950 2073600 2073600 3 12 506564 990720 993600 126649 126717 126474 126724 12 12 12 12 4 4 0 0 0 1920 1080 
[ 8189.703541] MESSAGE_B= 0 0 0 172 1 13 192 0 248 179 0 0 0 0 0 0 0 0 0 0 0 0 0 0 0 0 0 1 12 0 0 0 0 0 0 0 0 0 0 0 0 1 0 0 1 1 13 1608 31092 3140 1790 46770 3980 3984 4322 54372 29410 3902 2942 5666 4462 3050 2904 2996 7970 5322 2950 2073600 2073600 3 12 506574 994560 993600 126651 126721 126474 126728 12 12 12 12 4 4 0 0 0 1920 1080 
[ 8189.975115] MESSAGE_B= 0 7 0 172 0 13 192 0 248 179 0 0 0 0 0 0 0 0 0 0 0 0 0 0 0 0 0 1 12 0 0 0 0 0 0 0 0 1 1 1 1 1 1 1 1 0 13 2622 28668 3140 1790 46770 3980 3984 4322 54372 29410 3902 2942 5666 4462 3050 2904 2996 7970 5322 2950 2073600 2073600 3 12 512416 990720 993600 128104 128104 128104 128104 12 12 12 12 3 4 0 0 0 1920 1080 
[ 8190.249779] MESSAGE_B= 4 7 0 174 0 13 192 0 248 179 0 0 0 0 0 0 0 0 0 0 0 0 0 0 0 0 0 1 12 0 0 0 0 0 0 0 0 1 1 1 1 1 1 1 1 0 13 0 31106 3140 1790 46770 3980 3984 4322 54372 29410 3902 2942 5666 4462 3050 2904 2996 7970 5322 2950 2073600 2073600 4 12 512416 994560 993600 128104 128104 128104 128104 12 12 12 12 3 4 0 0 0 1920 1080 
[ 8190.524795] MESSAGE_B= 4 7 0 173 0 13 192 0 248 179 0 0 0 0 0 0 0 0 0 0 0 0 0 0 0 0 0 1 12 0 0 0 0 0 0 0 0 1 1 1 1 1 1 1 1 0 13 0 0 3140 1790 46770 3980 3984 4322 54372 29410 3902 2942 5666 4462 3050 2904 2996 7970 5322 2950 2073600 2073600 4 12 512416 990720 993600 128104 128104 128104 128104 12 12 12 12 39 4 0 0 0 1920 1080 
[ 8190.795792] MESSAGE_B= 4 7 0 174 0 13 192 0 248 179 0 0 0 0 0 0 0 0 0 0 0 0 0 0 0 0 0 1 12 0 0 0 0 0 0 0 0 1 1 1 1 1 1 1 1 0 13 0 0 3140 1790 46770 3980 3984 4322 54372 29410 3902 2942 5666 4462 3050 2904 2996 7970 5322 2950 2073600 2073600 4 12 512416 994560 993600 128104 128104 128104 128104 12 12 12 12 46 4 0 0 0 1920 1080 
[ 8191.066784] MESSAGE_B= 0 7 0 175 0 13 192 0 248 179 0 0 0 0 0 0 0 0 0 0 0 0 0 0 0 0 0 1 12 0 0 0 0 0 0 0 0 1 1 1 1 1 1 1 1 0 13 2264 2078 1580 1794 46326 3964 3966 4216 52744 27050 348 1932 6034 5138 3160 2804 2984 8130 5764 584 2073600 2073600 3 12 512271 990720 993600 127959 128104 128104 128104 12 12 12 12 56 4 0 0 0 1920 1080 
[ 8191.337781] MESSAGE_B= 5 0 0 175 0 3 192 0 248 179 0 0 0 0 0 0 0 0 0 0 0 0 0 0 0 0 0 1 12 0 0 0 0 0 0 0 0 1 0 1 0 1 0 1 1 0 3 11634 0 1580 1794 46326 3964 3966 4216 52744 27050 348 1932 6034 5138 3160 2804 2984 8130 5764 584 2073600 2073600 6 12 507081 994560 993600 126435 128104 124451 128091 12 12 12 12 64 4 0 0 0 1920 1080 
[ 8191.619784] MESSAGE_B= 0 0 0 174 3 3 192 0 248 179 0 0 0 0 0 0 0 0 0 0 0 0 0 0 0 0 0 1 12 0 0 0 0 0 0 0 0 1 0 1 0 1 0 1 1 3 3 26018 20298 1580 1794 46326 3964 3966 4216 52744 27050 348 1932 6034 5138 3160 2804 2984 8130 5764 584 2073600 2073600 1 12 499847 990720 993600 125348 128104 118338 128057 12 12 12 12 65 4 0 0 0 1920 1080 
[ 8191.891780] MESSAGE_B= 0 0 0 174 2 3 192 0 248 179 0 0 0 0 0 0 0 0 0 0 0 0 0 0 0 0 0 1 12 0 0 0 0 0 0 0 0 1 0 0 0 1 0 0 1 2 3 39772 41174 1580 1794 46326 3964 3966 4216 52744 27050 348 1932 6034 5138 3160 2804 2984 8130 5764 584 2073600 2073600 3 12 497015 994560 993600 125518 128030 120880 122587 12 12 12 12 71 4 0 0 0 1920 1080 
[ 8192.166784] MESSAGE_B= 0 0 0 180 3 2 192 0 248 179 0 0 0 0 0 0 0 0 0 0 0 0 0 0 0 0 0 1 12 0 0 0 0 0 0 0 0 0 0 0 1 1 0 0 1 3 2 53110 42176 1580 1794 46326 3964 3966 4216 52744 27050 348 1932 6034 5138 3160 2804 2984 8130 5764 584 2073600 2073600 1 12 497324 990720 993600 127265 125679 128104 116276 12 12 12 12 144 4 0 0 0 1920 1080 
[ 8192.439785] MESSAGE_B= 0 0 0 184 1 2 192 0 248 179 0 0 0 0 0 0 0 0 0 0 0 0 0 0 0 0 0 1 12 0 0 0 0 0 0 0 0 0 1 0 1 1 1 0 1 1 2 26902 75836 1580 1794 46326 3964 3966 4216 52744 27050 348 1932 6034 5138 3160 2804 2984 8130 5764 584 2073600 2073600 1 12 487300 994560 993600 128104 121096 128104 109996 12 12 12 12 144 4 0 0 0 1920 1080 
[ 8192.590945] MESSAGE_B= 0 0 0 186 2 2 192 0 248 179 0 0 0 0 0 0 0 0 0 0 0 0 0 0 0 0 0 1 12 0 0 0 0 0 0 0 0 0 0 0 0 1 1 0 0 2 2 141988 35356 1580 1794 46326 3964 3966 4216 52744 27050 348 1932 6034 5138 3160 2804 2984 8130 5764 584 2073600 2073600 1 12 481217 990720 993600 128104 118420 127955 106738 12 12 12 12 144 4 0 0 0 1920 1080 
[ 8192.863801] MESSAGE_B= 0 0 0 195 0 2 192 0 248 179 0 0 0 0 0 0 0 0 0 0 0 0 0 0 0 0 0 0 12 0 0 0 0 0 0 10 0 1 1 1 1 1 1 2 1 0 2 136890 92180 1580 1794 46326 3964 3966 4216 52744 27050 348 1932 6034 5138 3160 2804 2984 8130 5764 584 2073600 2073600 3 12 474266 994560 993600 128104 114925 128104 103133 12 12 12 12 103 0 0 0 0 1920 1080 
[ 8193.134786] MESSAGE_B= 0 0 0 204 1 2 192 0 248 179 0 0 0 0 0 0 0 0 0 0 0 0 0 0 0 0 0 0 12 0 0 0 0 0 0 149 0 1 1 1 1 1 1 2 1 1 2 225194 30294 1580 1794 46326 3964 3966 4216 52744 27050 348 1932 6034 5138 3160 2804 2984 8130 5764 584 2073600 2073600 3 12 474273 990720 993600 128104 114234 128104 103831 12 12 12 12 86 0 0 0 0 1920 1080 
[ 8193.407615] MESSAGE_B= 0 0 0 207 1 2 192 0 248 179 0 0 0 0 0 130 287 606 1598 0 0 0 0 0 0 0 0 1 12 0 0 0 0 0 0 0 0 0 0 0 0 0 1 0 0 1 2 164556 129468 118114 5124 18408 53000 57664 70802 118252 104958 114280 324036 20314 41036 114688 24036 135012 585368 370910 343186 2073600 2073600 3 12 484553 994560 993600 127928 119667 127599 109359 12 12 12 12 76 0 0 0 0 1920 1080 
[ 8193.689780] MESSAGE_B= 0 0 0 209 2 4 192 0 248 179 0 0 0 0 0 0 270 0 2293 0 0 0 0 0 0 0 0 1 12 0 0 0 0 0 4 8 0 0 0 0 0 0 0 0 0 2 4 176494 52500 118114 5124 18408 53000 57664 70802 118252 104958 114280 324036 20314 41036 114688 24036 135012 585368 370910 343186 2073600 2073600 3 12 481231 990720 993600 126421 126647 119656 108507 12 12 12 12 76 0 0 0 0 1920 1080 
[ 8193.963808] MESSAGE_B= 0 0 0 214 2 11 192 0 248 179 0 0 0 0 0 931 999 1199 1347 0 0 0 0 164 124 86 299 0 12 0 0 81 30 0 57 2 0 1 1 2 0 1 2 2 1 2 11 81990 84572 118114 5124 18408 53000 57664 70802 118252 104958 114280 324036 20314 41036 114688 24036 135012 585368 370910 343186 2073600 2073600 3 12 468996 994560 993600 125533 126762 115896 100805 12 12 12 12 90 0 0 0 0 1920 1080 
[ 8194.242788] MESSAGE_B= 0 0 0 218 2 5 192 0 248 179 0 0 0 0 0 858 813 1215 1294 0 0 0 0 198 160 238 82 0 12 0 0 66 19 0 120 98 0 1 1 2 2 1 2 2 1 2 5 117186 186814 118114 5124 18408 53000 57664 70802 118252 104958 114280 324036 20314 41036 114688 24036 135012 585368 370910 343186 2073600 2073600 3 12 458764 990720 993600 124769 126386 113442 94167 12 12 12 12 90 0 0 0 0 1920 1080 
[ 8194.519799] MESSAGE_B= 0 0 0 217 2 4 192 0 248 179 0 0 1787 0 1532 1099 1394 1560 1376 0 211 0 654 380 646 205 269 0 12 0 169 126 71 0 11 230 0 1 2 2 2 1 2 2 1 2 4 19778 148582 118114 5124 18408 53000 57664 70802 118252 104958 114280 324036 20314 41036 114688 24036 135012 585368 370910 343186 2073600 2073600 1 12 430486 994560 993600 122660 124911 101695 81220 12 12 12 12 91 0 0 0 0 1920 1080 
[ 8194.796800] MESSAGE_B= 0 0 0 216 1 2 192 0 248 179 0 0 1526 0 1035 1135 1468 1463 1148 0 468 0 280 329 555 166 361 0 12 0 249 99 130 0 45 160 102 1 2 2 2 1 2 2 2 1 2 217914 304090 118114 5124 18408 53000 57664 70802 118252 104958 114280 324036 20314 41036 114688 24036 135012 585368 370910 343186 2073600 2073600 3 12 415805 990720 993600 119389 117574 96749 82093 12 12 12 12 94 0 0 0 0 1920 1080 
[ 8195.073797] MESSAGE_B= 0 0 0 215 2 3 192 0 248 179 0 693 1620 1152 880 1026 1568 1156 1012 29 532 36 32 248 329 196 353 0 12 99 255 203 78 0 97 138 58 2 2 2 2 1 2 2 2 2 3 28274 319662 118114 5124 18408 53000 57664 70802 118252 104958 114280 324036 20314 41036 114688 24036 135012 585368 370910 343186 2073600 2073600 1 12 418549 994560 993600 115845 113062 96925 92717 12 12 12 12 94 0 0 0 0 1920 1080 
[ 8195.354813] MESSAGE_B= 0 0 0 221 2 3 192 0 248 179 0 0 199 0 1945 1058 598 234 2206 0 0 0 0 0 0 0 0 1 12 0 8 0 38 0 0 2 33 0 0 0 0 0 0 0 0 2 3 157450 442080 118114 5124 18408 53000 57664 70802 118252 104958 114280 324036 20314 41036 114688 24036 135012 585368 370910 343186 2073600 2073600 3 12 441638 990720 993600 117493 108936 108180 107029 12 12 12 12 93 0 0 0 0 1920 1080 
[ 8195.630811] MESSAGE_B= 0 0 0 223 1 3 192 0 248 179 0 0 277 0 2100 1218 814 212 2780 0 0 0 0 0 0 0 0 1 12 0 2 2 12 0 0 0 1 0 0 0 0 0 0 0 0 1 3 45946 484160 118114 5124 18408 53000 57664 70802 118252 104958 114280 324036 20314 41036 114688 24036 135012 585368 370910 343186 2073600 2073600 1 12 443087 994560 993600 117061 106800 111511 107715 12 12 12 12 62 0 0 0 0 1920 1080 
[ 8195.785786] MESSAGE_B= 0 0 0 222 1 1 192 0 248 179 0 733 1457 1528 1346 893 1607 1262 1426 54 88 145 67 135 350 243 514 0 12 40 0 71 124 0 42 174 71 2 2 2 2 1 2 2 2 1 1 151664 316068 436674 219374 271734 216928 102560 603684 672870 380230 360966 200414 494494 344034 115954 61456 189868 557070 224486 96876 2073600 2073600 1 12 436555 990720 993600 117767 106530 108865 103393 12 12 12 12 62 0 0 0 0 1920 1080 
[ 8196.067793] MESSAGE_B= 0 0 0 222 2 1 192 0 248 179 0 1057 1257 1313 1332 797 1554 1274 1364 216 258 312 255 131 490 249 491 0 12 24 13 129 215 0 148 200 0 2 2 2 0 1 2 2 1 2 1 94538 561678 436674 219374 271734 216928 102560 603684 672870 380230 360966 200414 494494 344034 115954 61456 189868 557070 224486 96876 2073600 2073600 2 12 431451 994560 993600 112441 110181 108029 100800 12 12 12 12 40 0 0 0 0 1920 1080 
[ 8196.345805] MESSAGE_B= 0 0 0 224 2 1 192 0 248 179 0 2101 1625 1294 1297 1369 1541 1532 1214 90 271 322 282 520 436 397 412 0 12 43 130 166 43 0 207 242 0 2 2 2 2 1 2 2 1 2 1 149350 241922 436674 219374 271734 216928 102560 603684 672870 380230 360966 200414 494494 344034 115954 61456 189868 557070 224486 96876 2073600 2073600 2 12 431217 990720 993600 113821 112838 106208 98350 12 12 12 12 41 0 0 0 0 1920 1080 
[ 8196.625926] MESSAGE_B= 0 0 0 225 2 2 192 0 248 179 0 948 0 1403 0 1420 1468 1659 980 278 0 162 0 579 393 430 233 0 12 238 0 202 53 0 60 4 0 2 1 2 2 1 2 2 1 2 2 53300 654912 436674 219374 271734 216928 102560 603684 672870 380230 360966 200414 494494 344034 115954 61456 189868 557070 224486 96876 2073600 2073600 1 12 436404 994560 993600 114387 116512 106913 98592 12 12 12 12 43 0 0 0 0 1920 1080 
[ 8196.902789] MESSAGE_B= 0 0 0 228 1 2 192 0 248 179 0 825 0 1459 0 915 1500 1531 1016 32 0 33 0 194 406 154 214 0 12 244 0 133 206 0 221 35 0 2 1 2 2 1 2 2 1 1 2 101552 219546 436674 219374 271734 216928 102560 603684 672870 380230 360966 200414 494494 344034 115954 61456 189868 557070 224486 96876 2073600 2073600 3 12 437560 990720 993600 117841 111713 107750 100256 12 12 12 12 43 0 0 0 0 1920 1080 
[ 8197.187225] MESSAGE_B= 0 0 0 232 2 2 192 0 248 179 0 933 0 1320 0 843 1366 1705 1017 52 0 42 0 147 389 284 218 0 12 111 0 176 180 0 10 14 0 2 1 2 2 1 2 2 1 2 2 44926 699706 436674 219374 271734 216928 102560 603684 672870 380230 360966 200414 494494 344034 115954 61456 189868 557070 224486 96876 2073600 2073600 1 12 441497 994560 993600 117133 115123 108075 101166 12 12 12 12 43 0 0 0 0 1920 1080 
[ 8197.350804] MESSAGE_B= 0 0 0 236 2 2 192 0 248 179 0 894 1497 1454 928 805 1371 1482 1023 28 36 78 27 165 410 237 227 0 12 160 119 209 210 0 2 172 0 2 2 2 2 1 2 2 1 2 2 84198 221808 436674 219374 271734 216928 102560 603684 672870 380230 360966 200414 494494 344034 115954 61456 189868 557070 224486 96876 2073600 2073600 1 12 442146 990720 993600 117169 114266 109214 101497 12 12 12 12 43 0 0 0 0 1920 1080 
[ 8197.636789] MESSAGE_B= 0 0 0 236 2 2 192 0 248 179 0 827 0 1555 0 777 1284 1376 1007 22 0 45 0 143 380 243 220 0 12 166 0 222 223 0 6 193 199 2 1 2 2 1 2 2 2 2 2 50250 663276 436674 219374 271734 216928 102560 603684 672870 380230 360966 200414 494494 344034 115954 61456 189868 557070 224486 96876 2073600 2073600 1 12 446168 994560 993600 118687 114622 109806 103053 12 12 12 12 43 0 0 0 0 1920 1080 
[ 8197.917783] MESSAGE_B= 0 0 0 236 2 3 192 0 248 179 0 824 1232 1658 1200 801 1289 1428 1107 39 0 115 0 173 401 246 343 0 12 153 0 171 141 0 59 17 0 2 2 2 2 1 2 2 1 2 3 84720 246364 436674 219374 271734 216928 102560 603684 672870 380230 360966 200414 494494 344034 115954 61456 189868 557070 224486 96876 2073600 2073600 3 12 446831 990720 993600 118985 114761 109113 103972 12 12 12 12 32 0 0 0 0 1920 1080 
[ 8198.195789] MESSAGE_B= 0 0 0 238 2 2 192 0 248 179 0 797 1125 1675 752 792 1438 1635 1187 81 28 84 47 173 440 217 423 0 12 30 17 177 192 0 42 56 147 2 2 2 0 1 2 2 2 2 2 56550 627620 575972 603998 254284 790898 125360 545490 928444 541604 338952 102256 290696 78662 90842 14940 117836 126770 77932 89480 2073600 2073600 1 12 444831 994560 993600 119003 115316 109354 101158 12 12 12 12 23 0 0 0 0 1920 1080 
[ 8198.474789] MESSAGE_B= 0 0 0 238 2 3 192 0 248 179 0 826 0 1681 0 781 1343 1540 1021 36 0 94 0 164 402 289 282 0 12 117 0 105 195 0 4 22 0 2 1 2 2 1 2 2 1 2 3 85658 270198 575972 603998 254284 790898 125360 545490 928444 541604 338952 102256 290696 78662 90842 14940 117836 126770 77932 89480 2073600 2073600 3 12 447898 990720 993600 118708 116768 110209 102213 12 12 12 12 23 0 0 0 0 1920 1080 
[ 8198.751794] MESSAGE_B= 0 0 0 240 2 3 192 0 248 179 0 851 0 1555 0 785 1316 1448 1019 32 0 62 0 153 385 195 247 0 12 214 0 225 198 0 59 39 0 2 1 2 2 1 2 2 1 2 3 62038 646226 575972 603998 254284 790898 125360 545490 928444 541604 338952 102256 290696 78662 90842 14940 117836 126770 77932 89480 2073600 2073600 3 12 449813 994560 993600 119432 117394 110336 102651 12 12 12 12 20 0 0 0 0 1920 1080 
[ 8199.031796] MESSAGE_B= 0 0 0 240 1 4 192 0 248 179 0 840 0 1369 0 779 1288 1467 1029 24 0 58 0 150 385 177 255 0 12 233 0 198 193 0 23 44 0 2 1 2 2 1 2 2 1 1 4 72300 215732 575972 603998 254284 790898 125360 545490 928444 541604 338952 102256 290696 78662 90842 14940 117836 126770 77932 89480 2073600 2073600 3 12 449792 990720 993600 119424 117824 110055 102489 12 12 12 12 16 0 0 0 0 1920 1080 
[ 8199.321784] MESSAGE_B= 0 0 0 240 1 3 192 0 248 179 0 841 0 1244 0 800 1270 1515 1017 35 0 55 0 150 388 211 256 0 12 230 0 228 188 0 81 30 0 2 1 2 2 1 2 2 1 1 3 45330 646300 575972 603998 254284 790898 125360 545490 928444 541604 338952 102256 290696 78662 90842 14940 117836 126770 77932 89480 2073600 2073600 1 12 450220 994560 993600 119429 118282 110252 102257 12 12 12 12 13 0 0 0 0 1920 1080 
[ 8199.481962] MESSAGE_B= 0 0 0 241 2 3 192 0 248 179 0 846 0 1196 0 782 1259 1512 1027 30 0 52 0 153 407 207 254 0 12 226 0 227 174 0 6 64 0 2 1 2 2 1 2 2 1 2 3 73006 277500 575972 603998 254284 790898 125360 545490 928444 541604 338952 102256 290696 78662 90842 14940 117836 126770 77932 89480 2073600 2073600 3 12 449945 990720 993600 119463 118479 109974 102029 12 12 12 12 10 0 0 0 0 1920 1080 
[ 8199.766879] MESSAGE_B= 0 0 0 241 1 3 192 0 248 179 0 844 0 1166 0 783 1282 1530 1024 39 0 39 0 152 390 226 255 0 12 238 0 228 192 0 1 41 0 2 1 2 2 1 2 2 1 1 3 26090 650992 575972 603998 254284 790898 125360 545490 928444 541604 338952 102256 290696 78662 90842 14940 117836 126770 77932 89480 2073600 2073600 1 12 449297 994560 993600 119446 118628 109605 101618 12 12 12 12 10 0 0 0 0 1920 1080 
[ 8200.043792] MESSAGE_B= 0 0 0 241 1 4 192 0 248 179 0 846 0 1152 0 780 1282 1485 1015 29 0 28 0 149 389 329 256 0 12 177 0 222 189 0 30 78 0 2 1 2 2 1 2 2 1 1 4 76532 291514 575972 603998 254284 790898 125360 545490 928444 541604 338952 102256 290696 78662 90842 14940 117836 126770 77932 89480 2073600 2073600 3 12 449094 990720 993600 119382 118657 109756 101299 12 12 12 12 9 0 0 0 0 1920 1080 
[ 8200.323789] MESSAGE_B= 0 0 0 241 2 4 192 0 248 179 0 804 0 1113 0 771 1261 1476 1005 39 0 45 0 139 378 328 262 0 12 215 0 228 189 0 79 93 0 2 1 2 2 1 2 2 1 2 4 12220 654574 575972 603998 254284 790898 125360 545490 928444 541604 338952 102256 290696 78662 90842 14940 117836 126770 77932 89480 2073600 2073600 2 12 449375 994560 993600 118972 118092 110378 101933 12 12 12 12 8 0 0 0 0 1920 1080 
[ 8200.611800] MESSAGE_B= 0 0 0 242 1 5 192 0 248 179 0 750 0 977 0 739 1234 1440 984 40 0 36 0 121 357 298 258 0 12 149 0 234 185 0 25 97 0 2 1 2 2 1 2 2 1 1 5 81224 294284 615402 541098 336642 862956 103336 565442 1027352 511084 396258 70426 120982 80134 70726 15680 83440 137560 51506 72182 2073600 2073600 3 12 444368 990720 993600 115695 114581 111153 102939 12 12 12 12 9 0 0 0 0 1920 1080 
[ 8200.888786] MESSAGE_B= 0 0 0 242 1 6 192 0 248 179 0 755 0 964 0 723 1183 1425 937 92 0 47 0 92 335 244 259 0 12 77 0 243 187 0 26 75 0 2 1 2 2 1 2 2 1 1 6 18610 652406 615402 541098 336642 862956 103336 565442 1027352 511084 396258 70426 120982 80134 70726 15680 83440 137560 51506 72182 2073600 2073600 1 12 441089 994560 993600 113290 111587 112145 104067 12 12 12 12 13 0 0 0 0 1920 1080 
[ 8201.167836] MESSAGE_B= 0 0 0 242 2 5 192 0 248 179 0 0 250 0 3501 3229 627 152 3420 0 0 0 0 0 0 0 0 1 12 0 0 0 7 0 0 0 0 0 0 0 0 0 0 0 0 2 5 76848 243852 615402 541098 336642 862956 103336 565442 1027352 511084 396258 70426 120982 80134 70726 15680 83440 137560 51506 72182 2073600 2073600 3 12 439088 990720 993600 111369 108422 113525 105772 12 12 12 12 14 0 0 0 0 1920 1080 
[ 8201.322781] MESSAGE_B= 0 0 0 242 2 5 192 0 248 179 0 0 274 0 3619 3332 600 177 3397 0 0 0 0 0 0 0 0 1 12 0 0 0 7 0 0 0 0 0 0 0 0 0 0 0 0 2 5 30946 628162 615402 541098 336642 862956 103336 565442 1027352 511084 396258 70426 120982 80134 70726 15680 83440 137560 51506 72182 2073600 2073600 1 12 438712 994560 993600 110438 107052 114290 106932 12 12 12 12 14 0 0 0 0 1920 1080 
[ 8201.600782] MESSAGE_B= 0 0 0 240 2 5 192 0 248 179 0 0 288 0 3736 3324 486 221 3363 0 0 0 0 0 0 0 0 1 12 0 0 0 16 0 0 0 0 0 0 0 0 0 0 0 0 2 5 84250 343572 615402 541098 336642 862956 103336 565442 1027352 511084 396258 70426 120982 80134 70726 15680 83440 137560 51506 72182 2073600 2073600 3 12 439501 990720 993600 109688 105697 115631 108485 12 12 12 12 14 0 0 0 0 1920 1080 
[ 8201.880502] MESSAGE_B= 0 0 0 240 2 4 192 0 248 179 0 0 302 0 3364 2936 341 215 3353 0 0 0 0 0 0 0 0 1 12 0 0 0 15 0 0 0 0 0 0 0 0 0 0 0 0 2 4 31346 571682 615402 541098 336642 862956 103336 565442 1027352 511084 396258 70426 120982 80134 70726 15680 83440 137560 51506 72182 2073600 2073600 1 12 444469 994560 993600 110483 106806 116955 110225 12 12 12 12 14 0 0 0 0 1920 1080 
[ 8202.155780] MESSAGE_B= 0 0 0 239 2 4 192 0 248 179 0 0 318 0 2815 2513 242 219 3284 0 0 0 0 0 0 0 0 1 12 0 0 0 15 0 0 0 0 0 0 0 0 0 0 0 0 2 4 89254 407778 615402 541098 336642 862956 103336 565442 1027352 511084 396258 70426 120982 80134 70726 15680 83440 137560 51506 72182 2073600 2073600 3 12 450830 990720 993600 111839 109010 118369 111612 12 12 12 12 14 0 0 0 0 1920 1080 
[ 8202.430785] MESSAGE_B= 0 0 0 238 2 4 192 0 248 179 0 0 324 0 2778 2482 228 223 3274 0 0 0 0 0 0 0 0 1 12 0 0 0 17 0 0 0 0 0 0 0 0 0 0 0 0 2 4 31220 509932 615402 541098 336642 862956 103336 565442 1027352 511084 396258 70426 120982 80134 70726 15680 83440 137560 51506 72182 2073600 2073600 1 12 452161 994560 993600 112080 109288 118703 112090 12 12 12 12 9 0 0 0 0 1920 1080 
[ 8202.706784] MESSAGE_B= 0 0 0 237 2 4 192 0 248 179 0 0 328 0 2786 2489 209 226 3282 0 0 0 0 0 0 0 0 1 12 0 0 0 15 0 0 0 0 0 0 0 0 0 0 0 0 2 4 90078 447288 615402 541098 336642 862956 103336 565442 1027352 511084 396258 70426 120982 80134 70726 15680 83440 137560 51506 72182 2073600 2073600 3 12 451832 990720 993600 111973 109273 118674 111912 12 12 12 12 7 0 0 0 0 1920 1080 
[ 8202.982930] MESSAGE_B= 0 0 0 237 2 3 192 0 248 179 0 0 327 0 2774 2445 206 223 3241 0 0 0 0 0 0 0 0 1 12 0 0 0 13 0 0 0 0 0 0 0 0 0 0 0 0 2 3 29882 489014 203970 559938 439642 676952 95400 207940 981858 362372 92048 86228 90626 53566 93954 10666 93038 113090 45824 94084 2073600 2073600 1 12 452162 994560 993600 112092 109277 118729 112064 12 12 12 12 5 0 0 0 0 1920 1080 
[ 8203.257790] MESSAGE_B= 0 0 0 237 1 3 192 0 248 179 0 646 1177 1288 2334 571 956 844 1976 60 195 574 194 28 281 404 853 0 12 80 116 108 215 34 194 84 205 2 0 2 0 2 2 2 2 1 3 89698 456870 203970 559938 439642 676952 95400 207940 981858 362372 92048 86228 90626 53566 93954 10666 93038 113090 45824 94084 2073600 2073600 3 12 293049 990720 993600 95595 61295 90076 61655 12 12 12 0 171 0 0 0 0 1920 1080 
[ 8203.535795] MESSAGE_B= 0 0 0 66 3 1 192 0 248 179 0 1423 1733 1059 2437 1560 1341 2234 2234 194 198 536 101 483 560 819 806 0 12 150 137 58 205 216 232 228 144 0 0 2 0 2 2 2 2 3 1 31296 486530 203970 559938 439642 676952 95400 207940 981858 362372 92048 86228 90626 53566 93954 10666 93038 113090 45824 94084 2073600 2073600 2 12 270966 994560 993600 77481 68258 84972 48471 12 12 12 0 171 4 0 0 0 1920 1080 
[ 8203.819783] MESSAGE_B= 0 0 0 69 1 2 192 0 248 179 0 1287 2231 1383 3394 1214 1851 1444 2923 169 329 633 114 593 833 568 1183 0 12 203 17 89 221 122 84 189 205 0 0 2 0 2 2 2 2 1 2 534582 666072 203970 559938 439642 676952 95400 207940 981858 362372 92048 86228 90626 53566 93954 10666 93038 113090 45824 94084 2073600 2073600 3 12 265377 990720 993600 75101 63106 83707 43463 12 12 12 12 91 4 0 0 0 1920 1080 
[ 8204.099392] MESSAGE_B= 0 0 0 68 2 1 192 0 248 179 0 2006 2229 1589 2063 1860 1549 1314 1949 733 413 1049 134 1040 586 908 750 0 12 233 175 46 234 188 216 164 20 0 0 2 0 2 2 2 2 2 1 300458 451320 203970 559938 439642 676952 95400 207940 981858 362372 92048 86228 90626 53566 93954 10666 93038 113090 45824 94084 2073600 2073600 2 12 285168 994560 993600 75837 66394 87553 55384 12 12 12 12 100 4 0 0 0 1920 1080 
[ 8204.256787] MESSAGE_B= 0 0 0 70 2 2 192 0 248 179 0 590 2907 2247 2742 0 2399 0 2398 49 94 375 236 0 1218 0 1128 0 12 94 161 0 245 0 78 73 193 2 0 1 0 1 2 2 2 2 2 293822 598212 203970 559938 439642 676952 95400 207940 981858 362372 92048 86228 90626 53566 93954 10666 93038 113090 45824 94084 2073600 2073600 1 12 306930 990720 993600 79377 73311 95603 58639 12 12 12 12 103 4 0 0 0 1920 1080 
[ 8204.536787] MESSAGE_B= 0 0 0 74 3 1 192 0 248 179 0 780 1127 1007 980 1037 1076 1298 801 99 170 184 145 298 147 300 186 0 12 212 53 125 46 59 41 69 74 0 2 0 2 2 2 2 2 3 1 275750 473514 203970 559938 439642 676952 95400 207940 981858 362372 92048 86228 90626 53566 93954 10666 93038 113090 45824 94084 2073600 2073600 2 12 310901 994560 993600 64846 76655 79956 93441 0 12 12 12 103 0 0 0 0 1920 1080 
[ 8204.821074] MESSAGE_B= 0 0 0 76 2 2 192 0 248 179 0 771 1024 1002 915 902 1068 1234 852 83 161 208 128 191 150 185 195 0 12 218 54 82 24 64 68 105 77 0 2 2 2 2 2 2 2 2 2 528688 543434 203970 559938 439642 676952 95400 207940 981858 362372 92048 86228 90626 53566 93954 10666 93038 113090 45824 94084 2073600 2073600 1 12 315255 990720 993600 63326 78141 81016 93005 0 12 12 12 56 0 0 0 0 1920 1080 
