[ 4374.078789] MESSAGE_B= 4 4 0 39 22 1 192 0 248 179 0 1533 1619 1540 1618 1197 1199 1192 1198 206 250 209 242 603 383 589 379 0 31 252 251 255 255 104 112 99 97 0 0 0 0 0 0 0 0 22 1 19176 445274 2 175418 215058 166810 131514 161890 20946 23196 2 2 78766 115258 101796 118970 113000 4704 1056 2 2073600 2073600 4 6 143388 994560 993600 49583 49759 37921 37515 6 6 12 12 118 4 4 4 4 1920 1080 
[ 4374.354792] MESSAGE_B= 4 4 0 41 50 2 192 0 248 179 0 1316 1677 1322 1678 1585 1291 1577 1296 97 194 112 188 418 267 412 271 0 31 241 252 255 255 69 37 51 60 0 0 0 0 0 0 0 0 50 2 15170 743478 2 175418 215058 166810 131514 161890 20946 23196 2 2 78766 115258 101796 118970 113000 4704 1056 2 2073600 2073600 4 6 158667 990720 993600 58326 59138 25973 25725 6 6 12 12 117 4 4 4 4 1920 1080 
[ 4374.634505] MESSAGE_B= 4 4 4 43 9 1 192 0 248 179 0 1362 1681 1368 1671 1738 1408 1699 1383 104 201 108 203 406 441 419 416 0 31 238 254 253 253 24 56 20 49 0 0 0 0 0 0 0 0 9 1 14630 382022 2 175418 215058 166810 131514 161890 20946 23196 2 2 78766 115258 101796 118970 113000 4704 1056 2 2073600 2073600 4 6 159496 994560 993600 61820 61990 21860 22244 6 6 12 12 167 4 4 4 4 1920 1080 
[ 4374.915607] MESSAGE_B= 4 7 4 49 15 1 192 0 248 179 0 1643 1597 1521 1613 1457 1431 2387 1384 228 200 304 228 389 271 519 268 0 31 174 246 170 216 203 167 128 96 0 0 0 0 0 0 0 0 15 1 17548 330018 2 175418 215058 166810 131514 161890 20946 23196 2 2 78766 115258 101796 118970 113000 4704 1056 2 2073600 2073600 4 7 120965 990720 993600 48697 52689 38895 38615 6 6 12 7 168 4 4 20 20 1920 1080 
[ 4375.196203] MESSAGE_B= 4 4 4 99 11 1 192 0 248 179 0 1545 1322 1552 1314 977 1156 983 1171 176 232 178 231 378 302 374 313 0 31 252 254 255 255 133 88 116 93 0 0 0 0 0 0 0 0 11 1 82220 390812 2 175418 215058 166810 131514 161890 20946 23196 2 2 78766 115258 101796 118970 113000 4704 1056 2 2073600 2073600 4 6 148859 994560 993600 58087 57922 46213 44937 6 6 12 12 168 4 4 4 4 1920 1080 
[ 4375.476803] MESSAGE_B= 4 4 4 46 9 1 192 0 248 179 0 1329 946 1327 942 1420 1164 1413 1153 192 216 192 223 436 188 431 186 0 31 253 245 255 255 124 123 126 133 0 0 0 0 0 0 0 0 9 1 163998 250826 582514 14250 9998 956812 725638 601332 730274 645126 600202 14432 58 4430 26040 27274 22024 20108 44946 251060 2073600 2073600 4 6 161952 990720 993600 45049 45263 35989 35651 6 6 6 6 149 4 4 4 4 1920 1080 
[ 4375.753788] MESSAGE_B= 4 4 4 50 7 1 192 0 248 179 0 1396 961 1404 961 1576 1245 1583 1228 265 173 274 181 256 207 264 207 0 31 254 250 255 254 39 83 59 83 0 0 0 0 0 0 0 0 7 1 14776 396186 582514 14250 9998 956812 725638 601332 730274 645126 600202 14432 58 4430 26040 27274 22024 20108 44946 251060 2073600 2073600 4 6 163379 994560 993600 50964 51734 30488 30193 6 6 6 6 134 4 4 4 4 1920 1080 
[ 4376.030785] MESSAGE_B= 4 4 4 48 11 1 192 0 248 179 0 1427 1091 1461 1085 1821 1379 1833 1361 251 129 230 130 307 274 313 264 0 31 252 242 255 255 130 51 103 77 0 0 0 0 0 0 0 0 11 1 14894 435390 582514 14250 9998 956812 725638 601332 730274 645126 600202 14432 58 4430 26040 27274 22024 20108 44946 251060 2073600 2073600 4 6 163786 990720 993600 50477 52390 30564 30355 6 6 6 6 150 4 4 4 4 1920 1080 
[ 4376.309794] MESSAGE_B= 0 4 4 56 14 1 192 0 248 179 0 1233 1510 1266 1507 1767 1480 1774 1463 346 237 346 204 257 218 263 217 0 12 253 249 254 254 168 4 190 8 0 0 0 0 2 0 2 0 14 1 11888 352746 582514 14250 9998 956812 725638 601332 730274 645126 600202 14432 58 4430 26040 27274 22024 20108 44946 251060 2073600 2073600 2 12 195495 994560 993600 71293 70817 29886 29812 12 12 6 6 150 4 4 4 4 1920 1080 
[ 4376.465883] MESSAGE_B= 4 4 4 102 14 2 192 0 248 179 0 944 1282 962 1262 1697 1305 1719 1290 47 245 49 230 327 305 328 300 0 31 223 251 255 255 60 75 87 81 0 0 0 0 0 0 0 0 14 2 22016 509950 582514 14250 9998 956812 725638 601332 730274 645126 600202 14432 58 4430 26040 27274 22024 20108 44946 251060 2073600 2073600 4 12 122293 990720 993600 43335 41167 29472 29440 13 13 6 6 150 4 4 4 4 1920 1080 
[ 4376.744794] MESSAGE_B= 4 4 4 120 13 1 192 0 248 179 0 1058 1326 1061 1315 1381 1173 1397 1145 106 288 112 249 302 239 311 239 0 31 233 252 255 254 32 23 37 24 0 0 0 0 0 0 0 0 13 1 56884 465360 582514 14250 9998 956812 725638 601332 730274 645126 600202 14432 58 4430 26040 27274 22024 20108 44946 251060 2073600 2073600 4 12 122758 994560 993600 35305 35271 32558 31733 16 16 14 14 150 4 4 4 4 1920 1080 
[ 4377.021785] MESSAGE_B= 4 4 4 115 15 1 192 0 248 179 0 1098 1342 1087 1339 1249 1431 1267 1406 155 336 164 301 126 297 132 313 0 31 234 254 253 255 139 163 140 151 0 0 0 0 0 0 0 0 15 1 26648 415268 582514 14250 9998 956812 725638 601332 730274 645126 600202 14432 58 4430 26040 27274 22024 20108 44946 251060 2073600 2073600 4 12 118303 990720 993600 39691 39790 34289 32675 12 12 14 14 79 4 4 4 4 1920 1080 
[ 4377.300798] MESSAGE_B= 4 4 4 107 14 2 192 0 248 179 0 1137 1217 1148 1220 1308 1540 1302 1518 234 233 229 193 243 238 233 251 0 31 248 253 255 255 192 1 195 12 0 0 0 0 0 0 0 0 14 2 28586 425960 582514 14250 9998 956812 725638 601332 730274 645126 600202 14432 58 4430 26040 27274 22024 20108 44946 251060 2073600 2073600 4 12 127548 994560 993600 48341 47011 43835 42556 12 12 15 15 80 4 4 4 4 1920 1080 
[ 4377.579804] MESSAGE_B= 4 4 4 103 23 2 192 0 248 179 0 1091 1014 1125 1023 1418 1501 1419 1487 325 330 354 319 386 190 380 196 0 31 252 254 255 254 47 104 39 81 0 0 0 0 0 0 0 0 23 2 36090 230236 582514 14250 9998 956812 725638 601332 730274 645126 600202 14432 58 4430 26040 27274 22024 20108 44946 251060 2073600 2073600 4 12 154089 990720 993600 59551 57850 42917 42426 12 12 15 15 89 4 4 4 4 1920 1080 
[ 4377.868618] MESSAGE_B= 4 4 4 80 20 1 192 0 248 179 0 1244 1082 1259 1078 1450 1505 1445 1491 502 132 501 133 395 238 387 235 0 31 252 251 255 255 121 74 116 73 0 0 0 0 0 0 0 0 20 1 24358 606078 811302 541066 494950 801428 863710 625338 590606 374268 750246 21410 3652 3066 30766 30658 62766 34944 21686 34350 2073600 2073600 4 14 146473 994560 993600 41639 42781 31106 30947 14 14 14 14 96 4 4 4 4 1920 1080 
[ 4378.146791] MESSAGE_B= 4 4 4 61 18 1 192 0 248 179 0 1320 1252 1335 1246 1306 1496 1315 1485 476 198 478 202 442 268 439 260 0 31 252 255 255 255 106 140 94 131 0 0 0 0 0 0 0 0 18 1 33798 613330 811302 541066 494950 801428 863710 625338 590606 374268 750246 21410 3652 3066 30766 30658 62766 34944 21686 34350 2073600 2073600 4 14 159333 990720 993600 42237 42946 36839 37311 14 14 14 14 97 4 4 4 4 1920 1080 
[ 4378.424800] MESSAGE_B= 4 4 4 61 16 1 192 0 248 179 0 1356 1168 1357 1159 1122 1232 1138 1232 220 154 222 159 394 367 413 372 0 31 252 252 255 255 177 101 178 96 0 0 0 0 0 0 0 0 16 1 16172 276722 811302 541066 494950 801428 863710 625338 590606 374268 750246 21410 3652 3066 30766 30658 62766 34944 21686 34350 2073600 2073600 4 12 121828 994560 993600 39411 39273 35919 36071 6 6 12 12 146 4 4 4 4 1920 1080 
[ 4378.707855] MESSAGE_B= 4 4 4 55 74 1 192 0 248 179 0 2158 2465 2732 2430 1558 2488 2239 2487 288 77 214 40 163 70 141 61 0 12 191 255 163 249 51 125 55 13 0 0 2 0 2 0 0 0 74 1 23862 344528 811302 541066 494950 801428 863710 625338 590606 374268 750246 21410 3652 3066 30766 30658 62766 34944 21686 34350 2073600 2073600 4 12 288877 990720 993600 76862 63503 79782 68730 12 12 12 12 213 4 4 4 4 1920 1080 
[ 4378.868135] MESSAGE_B= 0 4 4 210 2 0 192 0 248 179 0 2774 2723 2777 2695 3115 3564 3122 3613 395 504 409 446 630 153 392 171 0 12 253 251 226 19 105 185 162 156 0 0 0 0 2 2 2 2 2 0 38430 355112 811302 541066 494950 801428 863710 625338 590606 374268 750246 21410 3652 3066 30766 30658 62766 34944 21686 34350 2073600 2073600 2 12 399098 994560 993600 105456 106158 92340 95144 12 12 12 12 213 4 4 4 4 1920 1080 
[ 4379.147788] MESSAGE_B= 4 4 4 246 9 1 192 0 248 179 0 2535 2549 2531 3467 3085 3025 3047 3687 472 422 489 103 359 327 311 89 0 12 250 223 229 117 179 0 180 124 0 2 0 2 2 1 2 0 9 1 120756 351004 811302 541066 494950 801428 863710 625338 590606 374268 750246 21410 3652 3066 30766 30658 62766 34944 21686 34350 2073600 2073600 4 12 410814 990720 993600 116806 98361 108205 87442 12 12 12 12 201 4 4 4 4 1920 1080 
[ 4379.426784] MESSAGE_B= 0 4 4 235 3 1 192 0 248 179 0 0 1230 0 1168 597 554 641 548 0 0 0 0 0 0 0 0 1 12 250 255 248 252 0 0 0 0 0 0 0 0 0 0 0 0 3 1 112004 330856 811302 541066 494950 801428 863710 625338 590606 374268 750246 21410 3652 3066 30766 30658 62766 34944 21686 34350 2073600 2073600 2 12 474386 994560 993600 116978 117075 120133 120200 12 12 12 12 192 4 4 4 4 1920 1080 
[ 4379.706791] MESSAGE_B= 0 4 4 246 3 1 192 0 248 179 0 0 1237 0 1177 565 589 611 586 0 0 0 0 0 0 0 0 1 12 255 253 246 252 0 0 0 0 0 0 0 0 0 0 0 0 3 1 5846 349698 811302 541066 494950 801428 863710 625338 590606 374268 750246 21410 3652 3066 30766 30658 62766 34944 21686 34350 2073600 2073600 2 12 480296 990720 993600 117119 117205 123008 122964 12 12 12 12 114 4 4 4 4 1920 1080 
[ 4379.982783] MESSAGE_B= 4 4 4 201 0 5 192 0 248 179 0 0 1237 0 1177 565 1296 611 1270 0 0 0 0 0 0 0 0 1 12 255 253 248 252 0 0 0 0 0 0 0 0 0 0 0 0 0 5 2488 148070 811302 541066 494950 801428 863710 625338 590606 374268 750246 21410 3652 3066 30766 30658 62766 34944 21686 34350 2073600 2073600 5 12 468495 994560 993600 117116 117205 117097 117077 12 12 12 12 180 4 4 4 4 1920 1080 
[ 4380.257809] MESSAGE_B= 4 4 4 239 0 1 192 0 248 179 0 0 1336 0 1270 570 965 614 948 0 0 0 0 0 0 0 0 1 12 250 253 251 244 0 0 0 0 0 0 0 0 0 0 0 0 0 1 4574 540058 110058 699232 441592 452696 1286168 400198 97164 77750 95514 2518 12356 13642 24452 478176 18036 17028 12020 9748 2073600 2073600 5 12 473391 990720 993600 116507 116637 120157 120090 12 12 12 12 180 4 4 4 4 1920 1080 
[ 4380.532793] MESSAGE_B= 4 4 4 240 0 1 192 0 248 179 0 0 1711 0 1632 698 1338 752 1314 0 0 0 0 0 0 0 0 1 12 253 251 252 244 0 0 0 0 0 0 0 0 0 0 0 0 0 1 2582 171470 110058 699232 441592 452696 1286168 400198 97164 77750 95514 2518 12356 13642 24452 478176 18036 17028 12020 9748 2073600 2073600 5 12 450016 994560 993600 110098 110286 114855 114777 12 12 12 12 124 4 4 4 4 1920 1080 
[ 4380.811819] MESSAGE_B= 4 4 4 235 0 1 192 0 248 179 0 0 1618 0 1536 656 1244 722 1213 0 0 0 0 0 0 0 0 1 12 255 253 255 253 0 0 0 0 0 0 0 0 0 0 0 0 0 1 2842 224274 110058 699232 441592 452696 1286168 400198 97164 77750 95514 2518 12356 13642 24452 478176 18036 17028 12020 9748 2073600 2073600 5 12 451273 990720 993600 110181 110321 115396 115375 12 12 12 12 160 4 4 4 4 1920 1080 
[ 4381.088778] MESSAGE_B= 4 4 4 240 0 1 192 0 248 179 0 0 786 0 741 928 819 979 767 0 0 0 0 0 0 0 0 1 12 255 253 255 255 0 0 0 0 0 0 0 0 0 0 0 0 0 1 9418 302854 110058 699232 441592 452696 1286168 400198 97164 77750 95514 2518 12356 13642 24452 478176 18036 17028 12020 9748 2073600 2073600 5 12 458257 994560 993600 115176 115150 113982 113949 12 12 12 12 190 4 4 4 4 1920 1080 
[ 4381.366795] MESSAGE_B= 4 4 4 251 0 0 192 0 248 179 0 0 1072 0 1003 1024 1353 1092 1284 0 0 0 0 0 0 0 0 1 12 252 248 255 255 0 0 0 0 0 0 0 0 0 0 0 0 0 0 1992 329420 110058 699232 441592 452696 1286168 400198 97164 77750 95514 2518 12356 13642 24452 478176 18036 17028 12020 9748 2073600 2073600 5 12 426691 990720 993600 106211 106214 107121 107145 12 12 12 12 190 4 4 4 4 1920 1080 
[ 4381.642791] MESSAGE_B= 4 4 4 239 0 0 192 0 248 179 0 0 1191 0 1138 1122 1285 1170 1231 0 0 0 0 0 0 0 0 1 12 255 254 255 255 8 28 7 29 0 0 0 0 0 0 0 0 0 0 2254 272478 110058 699232 441592 452696 1286168 400198 97164 77750 95514 2518 12356 13642 24452 478176 18036 17028 12020 9748 2073600 2073600 5 12 421769 994560 993600 104510 104530 106352 106377 12 12 12 12 178 4 4 4 4 1920 1080 
[ 4381.797828] MESSAGE_B= 4 4 4 240 0 0 192 0 248 179 0 2622 2900 2634 2859 2723 2676 2720 2654 401 312 406 313 251 367 255 369 0 12 253 255 255 255 128 184 95 191 0 0 0 0 2 2 2 2 0 0 10144 335856 110058 699232 441592 452696 1286168 400198 97164 77750 95514 2518 12356 13642 24452 478176 18036 17028 12020 9748 2073600 2073600 5 12 397396 990720 993600 98997 98987 99709 99703 12 12 12 12 182 4 4 4 4 1920 1080 
[ 4382.078285] MESSAGE_B= 4 4 4 214 0 0 192 0 248 179 0 2495 1944 2504 1863 2616 2316 2647 2260 476 159 413 161 316 453 316 483 0 12 255 251 255 255 193 185 199 169 0 0 0 0 2 2 2 2 0 0 6542 308308 110058 699232 441592 452696 1286168 400198 97164 77750 95514 2518 12356 13642 24452 478176 18036 17028 12020 9748 2073600 2073600 5 12 375363 994560 993600 93397 93418 94258 94290 12 12 12 12 182 4 4 4 4 1920 1080 
[ 4382.356075] MESSAGE_B= 4 4 4 213 0 0 192 0 248 179 0 2478 1933 2487 1858 2605 2316 2638 2260 477 146 416 147 322 454 321 480 0 12 254 253 255 255 199 195 192 168 0 0 0 0 2 2 2 2 0 0 4442 352484 110058 699232 441592 452696 1286168 400198 97164 77750 95514 2518 12356 13642 24452 478176 18036 17028 12020 9748 2073600 2073600 5 12 375299 990720 993600 93474 93499 94150 94176 12 12 12 12 94 4 4 4 4 1920 1080 
[ 4382.633833] MESSAGE_B= 4 4 4 213 0 0 192 0 248 179 0 2411 1775 2367 1818 2617 2111 2600 2108 381 132 381 143 268 528 285 513 0 12 255 250 255 255 128 156 132 161 0 0 0 0 2 2 2 2 0 0 5266 318262 160660 98708 191062 69154 66712 51368 156416 212188 170020 4956 4410 5806 3630 3340 3308 11228 12356 6474 2073600 2073600 5 12 396338 994560 993600 99026 99089 99098 99125 12 12 12 12 131 4 4 4 4 1920 1080 
[ 4382.911798] MESSAGE_B= 4 4 4 227 0 0 192 0 248 179 0 0 1534 0 1513 908 1883 908 1886 0 0 0 0 0 0 0 0 1 12 255 255 255 255 0 0 0 0 0 0 0 0 0 0 0 0 0 0 5000 355100 160660 98708 191062 69154 66712 51368 156416 212188 170020 4956 4410 5806 3630 3340 3308 11228 12356 6474 2073600 2073600 5 12 446359 990720 993600 111867 112045 111236 111211 12 12 12 12 173 4 4 4 4 1920 1080 
[ 4383.193821] MESSAGE_B= 4 4 4 242 0 0 192 0 248 179 0 0 1208 0 1168 926 1523 927 1518 0 0 0 0 0 0 0 0 1 12 247 255 253 255 0 0 0 0 0 0 0 0 0 0 0 0 0 0 6072 346986 160660 98708 191062 69154 66712 51368 156416 212188 170020 4956 4410 5806 3630 3340 3308 11228 12356 6474 2073600 2073600 5 12 470797 994560 993600 118275 118516 116988 117018 12 12 12 12 173 4 4 4 4 1920 1080 
[ 4383.471790] MESSAGE_B= 4 4 4 245 0 0 192 0 248 179 0 0 1205 0 1165 922 1518 922 1511 0 0 0 0 0 0 0 0 1 12 247 255 253 255 0 0 0 0 0 0 0 0 0 0 0 0 0 0 4442 203932 160660 98708 191062 69154 66712 51368 156416 212188 170020 4956 4410 5806 3630 3340 3308 11228 12356 6474 2073600 2073600 5 12 470934 990720 993600 118300 118542 117026 117066 12 12 12 12 142 4 4 4 4 1920 1080 
[ 4383.748793] MESSAGE_B= 4 4 4 245 0 0 192 0 248 179 0 0 1219 0 1178 936 1527 936 1518 0 0 0 0 0 0 0 0 1 12 250 255 255 255 0 0 0 0 0 0 0 0 0 0 0 0 0 0 3986 173660 160660 98708 191062 69154 66712 51368 156416 212188 170020 4956 4410 5806 3630 3340 3308 11228 12356 6474 2073600 2073600 5 12 470888 994560 993600 118181 118434 117113 117160 12 12 12 12 4 4 4 4 4 1920 1080 
[ 4384.025797] MESSAGE_B= 4 4 4 245 0 0 192 0 248 179 0 0 1210 0 1170 922 1518 922 1509 0 0 0 0 0 0 0 0 1 12 247 255 253 255 0 0 0 0 0 0 0 0 0 0 0 0 0 0 2468 146128 160660 98708 191062 69154 66712 51368 156416 212188 170020 4956 4410 5806 3630 3340 3308 11228 12356 6474 2073600 2073600 5 12 470888 990720 993600 118272 118517 117023 117076 12 12 12 12 4 4 4 4 4 1920 1080 
[ 4384.185114] MESSAGE_B= 4 4 4 245 0 0 192 0 248 179 0 0 1222 0 1180 936 1528 936 1518 0 0 0 0 0 0 0 0 1 12 250 255 255 255 0 0 0 0 0 0 0 0 0 0 0 0 0 0 4158 173402 160660 98708 191062 69154 66712 51368 156416 212188 170020 4956 4410 5806 3630 3340 3308 11228 12356 6474 2073600 2073600 5 12 470853 994560 993600 118166 118420 117105 117162 12 12 12 12 4 4 4 4 4 1920 1080 
[ 4384.463784] MESSAGE_B= 4 4 4 245 0 0 192 0 248 179 0 0 1212 0 1172 922 1519 922 1510 0 0 0 0 0 0 0 0 1 12 247 255 253 255 0 0 0 0 0 0 0 0 0 0 0 0 0 0 2092 146616 160660 98708 191062 69154 66712 51368 156416 212188 170020 4956 4410 5806 3630 3340 3308 11228 12356 6474 2073600 2073600 5 12 470848 990720 993600 118262 118502 117015 117069 12 12 12 12 4 4 4 4 4 1920 1080 
[ 4384.738785] MESSAGE_B= 4 4 4 245 0 0 192 0 248 179 0 0 1212 0 1172 922 1522 922 1511 0 0 0 0 0 0 0 0 1 12 247 255 253 255 0 0 0 0 0 0 0 0 0 0 0 0 0 0 3838 173180 160660 98708 191062 69154 66712 51368 156416 212188 170020 4956 4410 5806 3630 3340 3308 11228 12356 6474 2073600 2073600 5 12 470822 994560 993600 118257 118500 117002 117063 12 12 12 12 4 4 4 4 4 1920 1080 
[ 4385.013784] MESSAGE_B= 4 4 4 245 0 0 192 0 248 179 0 0 1226 0 1184 936 1532 936 1523 0 0 0 0 0 0 0 0 1 12 250 255 255 255 0 0 0 0 0 0 0 0 0 0 0 0 0 0 2156 146638 55746 104738 218446 62952 45994 50056 212986 239072 49710 3062 5506 11566 3464 4388 4002 14928 22018 3506 2073600 2073600 5 12 470751 990720 993600 118141 118394 117082 117134 12 12 12 12 4 4 4 4 4 1920 1080 
[ 4385.292320] MESSAGE_B= 4 4 4 245 0 0 192 0 248 179 0 0 1217 0 1176 924 1525 924 1516 0 0 0 0 0 0 0 0 1 12 247 255 253 255 0 0 0 0 0 0 0 0 0 0 0 0 0 0 3898 173302 55746 104738 218446 62952 45994 50056 212986 239072 49710 3062 5506 11566 3464 4388 4002 14928 22018 3506 2073600 2073600 5 12 470717 994560 993600 118226 118473 116982 117036 12 12 12 12 4 4 4 4 4 1920 1080 
[ 4385.572458] MESSAGE_B= 4 4 4 245 0 0 192 0 248 179 0 0 1228 0 1185 936 1535 936 1525 0 0 0 0 0 0 0 0 1 12 250 255 255 255 0 0 0 0 0 0 0 0 0 0 0 0 0 0 2326 146644 55746 104738 218446 62952 45994 50056 212986 239072 49710 3062 5506 11566 3464 4388 4002 14928 22018 3506 2073600 2073600 5 12 470711 990720 993600 118133 118388 117067 117123 12 12 12 12 4 4 4 4 4 1920 1080 
[ 4385.852786] MESSAGE_B= 4 4 4 245 0 0 192 0 248 179 0 0 1227 0 1186 936 1535 936 1525 0 0 0 0 0 0 0 0 1 12 250 255 255 255 0 0 0 0 0 0 0 0 0 0 0 0 0 0 3788 173204 55746 104738 218446 62952 45994 50056 212986 239072 49710 3062 5506 11566 3464 4388 4002 14928 22018 3506 2073600 2073600 5 12 470714 994560 993600 118136 118387 117066 117125 12 12 12 12 3 4 4 4 4 1920 1080 
[ 4386.132714] MESSAGE_B= 4 4 4 245 0 0 192 0 248 179 0 0 1214 0 1175 922 1524 922 1515 0 0 0 0 0 0 0 0 1 12 247 255 253 255 0 0 0 0 0 0 0 0 0 0 0 0 0 0 2464 146662 55746 104738 218446 62952 45994 50056 212986 239072 49710 3062 5506 11566 3464 4388 4002 14928 22018 3506 2073600 2073600 5 12 470762 990720 993600 118246 118484 116989 117043 12 12 12 12 3 4 4 4 4 1920 1080 
[ 4386.390812] MESSAGE_B= 4 4 4 246 49 1 192 0 248 179 0 2012 1482 1990 1489 1087 1340 1059 1347 465 75 474 69 147 90 147 98 0 6 255 229 255 234 195 87 199 117 0 0 0 0 0 2 0 2 49 1 3786 173216 55746 104738 218446 62952 45994 50056 212986 239072 49710 3062 5506 11566 3464 4388 4002 14928 22018 3506 2073600 2073600 5 6 270236 994560 993600 91960 90086 44951 43239 6 6 6 6 249 4 4 4 4 1920 1080 
[ 4386.666795] MESSAGE_B= 4 4 4 13 48 1 192 0 248 179 0 2013 1482 1990 1491 1088 1341 1059 1347 467 74 476 62 147 95 144 94 0 6 255 222 255 234 196 92 202 110 0 0 0 0 0 2 0 2 48 1 24140 146726 55746 104738 218446 62952 45994 50056 212986 239072 49710 3062 5506 11566 3464 4388 4002 14928 22018 3506 2073600 2073600 4 6 270176 990720 993600 91968 90087 44887 43234 6 6 6 6 249 4 4 4 4 1920 1080 
[ 4386.953787] MESSAGE_B= 4 4 4 13 51 1 192 0 248 179 0 2010 1487 1986 1487 1084 1344 1055 1342 464 62 476 68 143 88 146 93 0 6 255 241 255 238 195 70 201 71 0 0 0 0 0 2 0 2 51 1 44988 686826 55746 104738 218446 62952 45994 50056 212986 239072 49710 3062 5506 11566 3464 4388 4002 14928 22018 3506 2073600 2073600 4 6 270331 994560 993600 91975 90037 44985 43334 6 6 6 6 3 4 4 4 4 1920 1080 
[ 4387.232797] MESSAGE_B= 4 4 4 13 50 1 192 0 248 179 0 2012 1516 1991 1491 1091 1365 1058 1348 467 60 476 49 139 101 149 97 0 6 255 194 255 237 199 66 199 98 0 0 0 0 0 2 0 2 50 1 25116 580840 55746 104738 218446 62952 45994 50056 212986 239072 49710 3062 5506 11566 3464 4388 4002 14928 22018 3506 2073600 2073600 4 6 270630 990720 993600 92025 90082 45149 43374 6 6 6 6 3 4 4 4 4 1920 1080 
[ 4387.512919] MESSAGE_B= 4 4 4 13 51 1 192 0 248 179 0 2006 1515 1985 1484 1082 1359 1055 1341 466 56 477 61 139 102 142 91 0 6 255 228 255 234 197 82 202 20 0 0 0 0 0 2 0 2 51 1 45106 686366 1254430 91276 205162 54472 42680 50332 907388 772730 1252014 53960 7730 10426 3424 3460 4052 44924 46308 53770 2073600 2073600 4 6 270574 994560 993600 91994 90046 45109 43425 6 6 6 6 3 4 4 4 4 1920 1080 
[ 4387.793047] MESSAGE_B= 4 4 4 13 50 1 192 0 248 179 0 2010 1554 1991 1488 1087 1381 1058 1349 464 73 475 51 138 103 148 92 0 6 255 224 255 237 197 95 200 43 0 0 0 0 0 2 0 2 50 1 27878 581410 1254430 91276 205162 54472 42680 50332 907388 772730 1252014 53960 7730 10426 3424 3460 4052 44924 46308 53770 2073600 2073600 4 6 270819 990720 993600 92063 90095 45207 43454 6 6 6 6 3 4 4 4 4 1920 1080 
[ 4387.952322] MESSAGE_B= 4 4 4 13 51 1 192 0 248 179 0 2007 1558 1985 1485 1083 1377 1055 1343 464 68 476 75 140 109 145 85 0 6 255 231 255 241 197 75 202 87 0 0 0 0 0 2 0 2 51 1 47310 685184 1254430 91276 205162 54472 42680 50332 907388 772730 1252014 53960 7730 10426 3424 3460 4052 44924 46308 53770 2073600 2073600 4 6 270634 994560 993600 92042 90045 45103 43444 6 6 6 6 3 4 4 4 4 1920 1080 
[ 4388.230789] MESSAGE_B= 4 4 4 22 37 1 192 0 248 179 0 2487 1975 2492 1999 1209 1830 1212 1800 436 196 464 199 699 256 684 262 0 0 254 246 255 252 166 66 178 53 0 0 0 0 0 0 0 0 37 1 34852 581712 1254430 91276 205162 54472 42680 50332 907388 772730 1252014 53960 7730 10426 3424 3460 4052 44924 46308 53770 2073600 2073600 4 0 203151 990720 993600 35365 34460 66279 67047 0 0 0 0 29 4 4 4 4 1920 1080 
[ 4388.507797] MESSAGE_B= 4 4 4 22 38 1 192 0 248 179 0 2427 2086 2435 2098 1409 1796 1402 1780 419 158 458 161 540 277 536 271 0 31 254 244 255 255 195 8 209 15 0 0 0 0 0 0 0 0 38 1 15814 403546 1254430 91276 205162 54472 42680 50332 907388 772730 1252014 53960 7730 10426 3424 3460 4052 44924 46308 53770 2073600 2073600 4 0 200965 994560 993600 37343 35897 63562 64163 0 0 0 0 31 4 4 4 4 1920 1080 
[ 4388.786296] MESSAGE_B= 0 4 4 21 38 1 192 0 248 179 0 2419 2102 2416 2123 1436 1729 1418 1721 455 190 502 184 566 315 548 329 0 31 252 250 255 254 197 9 214 9 0 0 0 0 0 0 0 0 38 1 10876 364294 1254430 91276 205162 54472 42680 50332 907388 772730 1252014 53960 7730 10426 3424 3460 4052 44924 46308 53770 2073600 2073600 2 0 196688 990720 993600 36975 35769 61732 62212 0 0 0 0 31 4 4 4 4 1920 1080 
[ 4389.066445] MESSAGE_B= 4 4 4 21 39 1 192 0 248 179 0 2432 2111 2436 2126 1445 1734 1431 1722 484 208 537 208 569 323 561 333 0 31 253 250 255 255 203 1 214 8 0 0 0 0 0 0 0 0 39 1 18000 392896 1254430 91276 205162 54472 42680 50332 907388 772730 1252014 53960 7730 10426 3424 3460 4052 44924 46308 53770 2073600 2073600 4 0 191558 994560 993600 35497 34437 60613 61011 0 0 0 0 23 4 4 4 4 1920 1080 
[ 4389.346789] MESSAGE_B= 4 4 4 23 40 1 192 0 248 179 0 2445 2085 2469 2098 1448 1724 1434 1712 469 163 513 175 577 301 565 300 0 31 253 246 255 254 202 10 211 6 0 0 0 0 0 0 0 0 40 1 15696 462324 1254430 91276 205162 54472 42680 50332 907388 772730 1252014 53960 7730 10426 3424 3460 4052 44924 46308 53770 2073600 2073600 4 0 189908 990720 993600 34751 33432 60795 60930 0 0 0 0 24 4 4 4 4 1920 1080 
[ 4389.624804] MESSAGE_B= 4 4 4 24 23 0 192 0 248 179 0 2290 0 2263 0 1558 1936 1549 1929 146 0 142 0 460 429 455 443 0 6 244 0 255 255 53 0 13 0 0 1 0 0 2 1 2 1 23 0 22260 394584 1254430 91276 205162 54472 42680 50332 907388 772730 1252014 53960 7730 10426 3424 3460 4052 44924 46308 53770 2073600 2073600 4 6 310136 994560 993600 125605 125565 28800 30166 6 6 6 6 24 4 4 4 4 1920 1080 
[ 4389.782906] MESSAGE_B= 4 4 4 13 23 0 192 0 248 179 0 2293 0 2268 0 1557 1930 1549 1922 149 0 153 0 462 431 454 446 0 6 243 0 255 255 47 0 14 0 0 1 0 0 2 1 2 1 23 0 25204 462916 1336414 913906 978580 1247130 673578 586638 637508 540950 667296 28746 34882 53020 16104 15680 16120 17698 17546 23430 2073600 2073600 4 6 309318 990720 993600 125605 125569 28416 29728 6 6 6 6 24 4 4 4 4 1920 1080 
[ 4390.059795] MESSAGE_B= 4 4 4 14 23 0 192 0 248 179 0 1959 0 1935 0 1562 1934 1551 1928 565 0 555 0 461 426 454 440 0 6 255 0 255 255 166 0 151 0 0 1 0 0 2 1 2 1 23 0 23718 947498 1336414 913906 978580 1247130 673578 586638 637508 540950 667296 28746 34882 53020 16104 15680 16120 17698 17546 23430 2073600 2073600 4 6 306359 994560 993600 123760 123749 28693 30157 6 6 6 6 7 4 4 4 4 1920 1080 
[ 4390.339798] MESSAGE_B= 4 4 4 14 24 0 192 0 248 179 0 1536 0 1526 0 1558 1930 1549 1924 827 0 814 0 462 430 454 445 0 6 255 0 255 255 21 0 42 0 0 1 0 0 2 1 2 1 24 0 27524 850736 1336414 913906 978580 1247130 673578 586638 637508 540950 667296 28746 34882 53020 16104 15680 16120 17698 17546 23430 2073600 2073600 4 6 299138 990720 993600 120539 120485 28368 29746 6 6 6 6 7 4 4 4 4 1920 1080 
[ 4390.615787] MESSAGE_B= 4 4 4 14 23 0 192 0 248 179 0 1670 2009 1661 2011 1554 1930 1544 1923 683 174 673 155 463 429 454 443 0 6 255 249 255 255 4 114 22 85 0 0 0 0 2 2 2 2 23 0 19480 865268 1336414 913906 978580 1247130 673578 586638 637508 540950 667296 28746 34882 53020 16104 15680 16120 17698 17546 23430 2073600 2073600 4 6 296306 994560 993600 118797 118733 28784 29992 6 6 6 6 7 4 4 4 4 1920 1080 
[ 4390.894796] MESSAGE_B= 4 4 4 15 24 0 192 0 248 179 0 1713 2113 1703 2140 1557 1933 1548 1926 661 455 650 482 464 431 457 443 0 6 255 254 255 255 4 32 17 20 0 0 0 0 2 2 2 2 24 0 27880 799022 1336414 913906 978580 1247130 673578 586638 637508 540950 667296 28746 34882 53020 16104 15680 16120 17698 17546 23430 2073600 2073600 4 6 295990 990720 993600 118449 118411 28893 30237 6 6 6 6 6 4 4 4 4 1920 1080 
[ 4391.173798] MESSAGE_B= 4 4 4 16 23 1 192 0 248 179 0 1720 2173 1710 2163 1556 1931 1547 1925 658 354 647 347 460 428 454 441 0 6 255 255 255 255 3 120 7 124 0 0 0 0 2 2 2 2 23 1 17360 818400 1336414 913906 978580 1247130 673578 586638 637508 540950 667296 28746 34882 53020 16104 15680 16120 17698 17546 23430 2073600 2073600 4 6 295405 994560 993600 118324 118311 28687 30083 6 6 6 6 6 4 4 4 4 1920 1080 
[ 4391.451801] MESSAGE_B= 4 4 4 16 25 0 192 0 248 179 0 1718 2149 1707 2133 1556 1931 1547 1924 656 329 644 323 462 429 456 440 0 6 255 255 255 255 7 132 8 123 0 0 0 0 2 2 2 2 25 0 27824 794716 1336414 913906 978580 1247130 673578 586638 637508 540950 667296 28746 34882 53020 16104 15680 16120 17698 17546 23430 2073600 2073600 4 6 295179 990720 993600 118304 118279 28639 29957 6 6 6 6 8 4 4 4 4 1920 1080 
[ 4391.610813] MESSAGE_B= 4 4 4 16 25 0 192 0 248 179 0 1719 2169 1708 2155 1554 1929 1543 1922 659 359 646 334 463 430 455 444 0 6 255 255 255 255 5 139 7 114 0 0 0 0 2 2 2 2 25 0 14862 827620 1336414 913906 978580 1247130 673578 586638 637508 540950 667296 28746 34882 53020 16104 15680 16120 17698 17546 23430 2073600 2073600 4 6 295501 994560 993600 118363 118322 28813 30003 6 6 6 6 8 4 4 4 4 1920 1080 
[ 4391.892795] MESSAGE_B= 4 4 4 16 26 0 192 0 248 179 0 1717 2110 1705 2100 1556 1931 1546 1925 659 498 649 491 465 428 457 444 0 6 255 255 255 255 3 47 19 32 0 0 0 0 2 2 2 2 26 0 27786 796210 1336414 913906 978580 1247130 673578 586638 637508 540950 667296 28746 34882 53020 16104 15680 16120 17698 17546 23430 2073600 2073600 4 6 295939 990720 993600 118419 118420 28845 30255 6 6 6 6 6 4 4 4 4 1920 1080 
[ 4392.178797] MESSAGE_B= 4 4 4 52 31 1 192 0 248 179 0 2222 2221 2260 2239 1213 1737 1231 1673 475 494 474 546 231 674 232 662 0 31 254 253 255 255 6 21 0 10 0 0 0 0 0 0 0 0 31 1 18432 827538 1117334 1963954 1628510 1351996 1295936 1478292 1035786 1637506 1247664 39636 8160 10102 24622 29608 33254 20192 27334 26346 2073600 2073600 4 6 87342 994560 993600 31309 31549 37220 36993 6 6 12 12 17 4 4 4 4 1920 1080 
[ 4392.457800] MESSAGE_B= 4 4 4 52 30 1 192 0 248 179 0 2225 2228 2264 2246 1214 1737 1231 1672 476 495 475 547 233 672 240 661 0 31 253 253 255 255 9 21 5 11 0 0 0 0 0 0 0 0 30 1 25582 783328 1117334 1963954 1628510 1351996 1295936 1478292 1035786 1637506 1247664 39636 8160 10102 24622 29608 33254 20192 27334 26346 2073600 2073600 4 12 86611 990720 993600 30777 31307 37115 37303 6 6 12 12 17 4 4 4 4 1920 1080 
[ 4392.745811] MESSAGE_B= 4 4 4 52 30 0 192 0 248 179 0 2225 2223 2263 2242 1211 1739 1229 1674 472 492 473 543 232 674 230 663 0 31 253 254 255 255 7 19 1 9 0 0 0 0 0 0 0 0 30 0 24092 644244 1117334 1963954 1628510 1351996 1295936 1478292 1035786 1637506 1247664 39636 8160 10102 24622 29608 33254 20192 27334 26346 2073600 2073600 4 6 88160 994560 993600 31475 31966 37559 37702 6 6 12 12 17 4 4 4 4 1920 1080 
[ 4393.025792] MESSAGE_B= 4 4 4 52 30 0 192 0 248 179 0 2229 2230 2267 2247 1214 1737 1230 1674 479 497 474 547 233 673 237 661 0 31 254 253 255 255 11 22 4 10 0 0 0 0 0 0 0 0 30 0 23202 461640 1117334 1963954 1628510 1351996 1295936 1478292 1035786 1637506 1247664 39636 8160 10102 24622 29608 33254 20192 27334 26346 2073600 2073600 4 6 87891 990720 993600 31439 31845 37174 37407 6 6 12 12 17 4 4 4 4 1920 1080 
[ 4393.307799] MESSAGE_B= 4 4 4 52 30 0 192 0 248 179 0 2217 2216 2255 2234 1202 1734 1219 1670 475 496 472 546 227 674 230 664 0 31 254 254 255 255 9 20 0 9 0 0 0 0 0 0 0 0 30 0 24054 646608 1117334 1963954 1628510 1351996 1295936 1478292 1035786 1637506 1247664 39636 8160 10102 24622 29608 33254 20192 27334 26346 2073600 2073600 4 12 88983 994560 993600 31075 31391 38318 38338 6 6 12 12 17 4 4 4 4 1920 1080 
[ 4393.465793] MESSAGE_B= 4 4 4 52 16 1 192 0 248 179 0 1827 2062 1811 2088 2436 2137 2401 2129 177 295 192 301 294 193 286 186 0 31 245 254 254 241 13 41 2 58 0 0 0 0 0 0 0 0 16 1 24284 459548 1117334 1963954 1628510 1351996 1295936 1478292 1035786 1637506 1247664 39636 8160 10102 24622 29608 33254 20192 27334 26346 2073600 2073600 4 6 112783 990720 993600 19592 20747 36429 36015 6 6 6 6 18 4 4 4 4 1920 1080 
[ 4393.744795] MESSAGE_B= 4 4 4 46 17 1 192 0 248 179 0 1860 2134 1843 2149 2440 2143 2404 2131 182 263 191 269 301 199 293 185 0 31 244 253 252 242 46 42 27 60 0 0 0 0 0 0 0 0 17 1 20924 649586 1117334 1963954 1628510 1351996 1295936 1478292 1035786 1637506 1247664 39636 8160 10102 24622 29608 33254 20192 27334 26346 2073600 2073600 4 6 110582 994560 993600 18733 19636 36163 36050 6 6 6 6 28 4 4 4 4 1920 1080 
[ 4394.023868] MESSAGE_B= 4 4 4 46 17 1 192 0 248 179 0 1869 2071 1853 2091 2436 2140 2404 2128 169 290 169 291 297 196 285 194 0 31 236 253 253 239 1 32 21 64 0 0 0 0 0 0 0 0 17 1 29756 272476 1117334 1963954 1628510 1351996 1295936 1478292 1035786 1637506 1247664 39636 8160 10102 24622 29608 33254 20192 27334 26346 2073600 2073600 4 6 111376 990720 993600 18893 20071 36257 36155 6 6 6 6 28 4 4 4 4 1920 1080 
[ 4394.302787] MESSAGE_B= 4 4 4 45 18 1 192 0 248 179 0 1804 2085 1788 2104 2428 2127 2394 2118 158 273 158 275 292 203 288 181 0 31 236 252 253 241 27 32 5 66 0 0 0 0 0 0 0 0 18 1 19236 244124 1117334 1963954 1628510 1351996 1295936 1478292 1035786 1637506 1247664 39636 8160 10102 24622 29608 33254 20192 27334 26346 2073600 2073600 4 6 114254 994560 993600 19879 21228 36504 36643 6 6 6 6 28 4 4 4 4 1920 1080 
[ 4394.585793] MESSAGE_B= 4 4 4 46 17 1 192 0 248 179 0 1846 2080 1850 2100 2427 2126 2394 2120 152 283 154 283 302 202 289 192 0 31 234 253 253 244 17 10 32 50 0 0 0 0 0 0 0 0 17 1 28262 272124 287516 618344 428328 1013102 1026670 759678 379228 280514 327294 36640 16046 19898 35646 37800 33744 29682 38382 26930 2073600 2073600 4 6 112577 990720 993600 19263 20560 36356 36398 6 6 6 6 38 4 4 4 4 1920 1080 
[ 4394.863783] MESSAGE_B= 4 4 4 46 15 2 192 0 248 179 0 2527 1898 2408 1927 2195 1581 2185 1589 404 400 398 426 294 169 330 203 0 18 228 248 240 243 121 62 151 81 0 0 0 0 2 2 2 2 15 2 24108 215110 287516 618344 428328 1013102 1026670 759678 379228 280514 327294 36640 16046 19898 35646 37800 33744 29682 38382 26930 2073600 2073600 4 18 362696 994560 993600 100026 99439 79371 83860 18 18 18 18 38 4 4 4 4 1920 1080 
[ 4395.141800] MESSAGE_B= 4 4 4 187 14 2 192 0 248 179 0 2450 1882 2377 1892 2194 1577 2190 1586 294 390 348 414 291 169 324 205 0 18 207 252 239 244 48 46 95 63 0 0 0 0 2 2 2 2 14 2 116892 263400 287516 618344 428328 1013102 1026670 759678 379228 280514 327294 36640 16046 19898 35646 37800 33744 29682 38382 26930 2073600 2073600 4 18 358914 990720 993600 98620 98019 79014 83261 18 18 18 18 23 4 4 4 4 1920 1080 
[ 4395.299633] MESSAGE_B= 4 4 4 179 14 2 192 0 248 179 0 2284 1885 2183 1914 2277 1567 2287 1575 463 412 419 441 313 166 346 204 0 18 239 246 237 245 30 48 30 65 0 0 0 0 2 2 2 2 14 2 31906 341334 287516 618344 428328 1013102 1026670 759678 379228 280514 327294 36640 16046 19898 35646 37800 33744 29682 38382 26930 2073600 2073600 4 18 357862 994560 993600 99777 99340 77179 81566 18 18 18 18 38 4 4 4 4 1920 1080 
[ 4395.579603] MESSAGE_B= 4 4 4 155 14 2 192 0 248 179 0 2429 1939 2350 1963 1831 1503 1870 1487 416 414 384 452 362 209 331 249 0 18 223 247 234 247 116 188 171 190 2 0 0 0 2 2 2 2 14 2 114008 249316 287516 618344 428328 1013102 1026670 759678 379228 280514 327294 36640 16046 19898 35646 37800 33744 29682 38382 26930 2073600 2073600 4 18 313807 990720 993600 97098 96762 57891 62056 18 18 18 18 68 4 4 4 4 1920 1080 
[ 4395.858791] MESSAGE_B= 4 4 4 128 18 2 192 0 248 179 0 2514 1931 2402 1959 2285 1558 2316 1592 375 525 374 553 318 426 299 443 0 18 219 250 241 254 137 15 161 5 0 0 0 0 2 2 2 2 18 2 39424 428622 287516 618344 428328 1013102 1026670 759678 379228 280514 327294 36640 16046 19898 35646 37800 33744 29682 38382 26930 2073600 2073600 4 18 291305 994560 993600 92881 92420 51349 54655 18 18 18 18 81 4 4 4 4 1920 1080 
[ 4396.136789] MESSAGE_B= 4 4 4 131 23 2 192 0 248 179 0 2276 1937 2179 1958 2160 1705 2163 1709 482 531 421 540 326 332 351 346 0 18 237 255 239 254 44 17 18 29 0 0 0 0 2 0 2 0 23 2 58810 470848 287516 618344 428328 1013102 1026670 759678 379228 280514 327294 36640 16046 19898 35646 37800 33744 29682 38382 26930 2073600 2073600 4 18 309866 990720 993600 85036 84309 68194 72327 18 18 18 18 81 4 4 4 4 1920 1080 
[ 4396.380786] MESSAGE_B= 4 4 4 146 20 2 192 0 248 179 0 2322 1918 2253 1936 2122 1642 2109 1688 585 406 483 424 636 392 661 450 0 18 243 248 254 253 46 167 26 168 0 0 0 0 2 2 2 2 20 2 52458 468188 287516 618344 428328 1013102 1026670 759678 379228 280514 327294 36640 16046 19898 35646 37800 33744 29682 38382 26930 2073600 2073600 4 18 284835 994560 993600 96186 95931 44289 48429 18 18 18 18 64 4 4 4 4 1920 1080 
[ 4396.659797] MESSAGE_B= 4 4 4 76 15 4 192 0 248 179 0 1215 1249 1203 1242 2455 1858 2477 1864 247 270 244 270 711 496 715 504 0 31 253 251 255 255 188 99 189 94 0 0 0 0 0 0 0 0 15 4 83506 445190 287516 618344 428328 1013102 1026670 759678 379228 280514 327294 36640 16046 19898 35646 37800 33744 29682 38382 26930 2073600 2073600 4 15 115079 990720 993600 48603 49037 36779 35637 15 15 2 2 86 4 4 4 4 1920 1080 
[ 4396.938655] MESSAGE_B= 4 4 4 92 14 4 192 0 248 179 0 1200 1209 1204 1202 2441 2210 2425 2243 204 288 194 284 725 676 722 676 0 31 255 255 255 255 198 113 202 119 0 0 0 0 0 0 0 0 14 4 23396 636804 1180290 320504 140562 527036 462530 684630 676836 338144 830460 42006 17616 22824 113226 98830 74904 317446 131214 40330 2073600 2073600 4 15 127070 994560 993600 55584 55546 36970 36985 15 15 23 23 86 4 4 4 4 1920 1080 
[ 4397.218795] MESSAGE_B= 4 4 4 95 12 4 192 0 248 179 0 1180 1191 1167 1185 2241 2528 2234 2541 200 265 208 257 576 642 577 647 0 31 253 253 255 255 173 169 170 176 0 0 0 0 0 0 0 0 12 4 32878 690346 1180290 320504 140562 527036 462530 684630 676836 338144 830460 42006 17616 22824 113226 98830 74904 317446 131214 40330 2073600 2073600 4 15 135096 990720 993600 60060 60114 42292 42982 15 15 18 18 83 4 4 4 4 1920 1080 
[ 4397.497794] MESSAGE_B= 4 4 4 96 13 3 192 0 248 179 0 1105 1160 1099 1146 2154 2318 2160 2305 212 265 198 270 559 617 561 614 0 31 255 254 255 255 157 161 156 172 0 0 0 0 0 0 0 0 13 3 26578 651802 1180290 320504 140562 527036 462530 684630 676836 338144 830460 42006 17616 22824 113226 98830 74904 317446 131214 40330 2073600 2073600 4 15 132598 994560 993600 59215 58975 52821 52536 15 15 18 18 86 4 4 4 4 1920 1080 
[ 4397.776799] MESSAGE_B= 4 4 4 90 15 4 192 0 248 179 0 1055 1113 1047 1102 2425 2186 2426 2184 237 350 227 345 889 592 907 602 0 31 252 255 255 255 64 89 67 89 0 0 0 0 0 0 0 0 15 4 35216 960960 1180290 320504 140562 527036 462530 684630 676836 338144 830460 42006 17616 22824 113226 98830 74904 317446 131214 40330 2073600 2073600 4 14 140035 990720 993600 55126 56012 45229 44600 14 14 18 18 86 4 4 4 4 1920 1080 
[ 4398.056185] MESSAGE_B= 4 4 4 112 10 6 192 0 248 179 0 1041 1062 1034 1050 2279 2307 2265 2322 240 236 238 234 860 767 859 786 0 31 255 253 255 255 58 115 55 122 0 0 0 0 0 0 0 0 10 6 33814 631422 1180290 320504 140562 527036 462530 684630 676836 338144 830460 42006 17616 22824 113226 98830 74904 317446 131214 40330 2073600 2073600 4 14 145374 994560 993600 53023 53136 39675 39831 14 14 19 19 86 4 4 4 4 1920 1080 
[ 4398.335798] MESSAGE_B= 0 4 4 117 16 4 192 0 248 179 0 1043 1019 1047 1019 2078 2313 2067 2322 169 149 186 145 706 902 694 894 0 31 247 246 255 255 52 152 77 157 0 0 0 0 0 0 0 0 16 4 13276 980166 1180290 320504 140562 527036 462530 684630 676836 338144 830460 42006 17616 22824 113226 98830 74904 317446 131214 40330 2073600 2073600 2 14 141681 990720 993600 46746 46001 48604 49706 14 14 19 19 77 4 4 4 4 1920 1080 
[ 4398.615802] MESSAGE_B= 4 4 4 124 25 4 192 0 248 179 0 1549 1129 1623 1131 1880 2128 1878 2129 509 198 526 180 519 839 496 832 0 31 255 251 255 255 217 80 223 81 0 0 0 0 0 0 0 0 25 4 13066 645776 1180290 320504 140562 527036 462530 684630 676836 338144 830460 42006 17616 22824 113226 98830 74904 317446 131214 40330 2073600 2073600 5 14 124614 994560 993600 35025 35365 51313 51746 14 6 19 19 88 4 4 4 4 1920 1080 
[ 4398.777809] MESSAGE_B= 4 4 4 114 30 3 192 0 248 179 0 1848 1113 1890 1123 1921 2054 1934 2049 563 127 583 151 314 787 285 783 0 31 254 242 255 255 193 36 188 5 0 0 0 0 0 0 0 0 30 3 14926 985498 1180290 320504 140562 527036 462530 684630 676836 338144 830460 42006 17616 22824 113226 98830 74904 317446 131214 40330 2073600 2073600 4 14 104430 990720 993600 42802 44984 49744 50000 6 6 19 19 93 4 4 4 4 1920 1080 
[ 4399.055796] MESSAGE_B= 4 4 4 99 21 2 192 0 248 179 0 1968 1186 2010 1213 1952 1983 1954 1979 652 205 660 241 314 742 319 738 0 31 255 249 255 255 199 135 185 165 0 0 0 0 0 0 0 0 21 2 30810 474262 1180290 320504 140562 527036 462530 684630 676836 338144 830460 42006 17616 22824 113226 98830 74904 317446 131214 40330 2073600 2073600 4 6 117274 994560 993600 56334 57975 49965 50205 6 6 19 19 93 4 4 4 4 1920 1080 
[ 4399.335005] MESSAGE_B= 0 4 4 92 17 1 192 0 248 179 0 1981 1196 2023 1220 1941 1970 1947 1965 660 214 666 256 335 743 338 737 0 31 255 250 255 255 198 152 185 172 0 0 0 0 0 0 0 0 17 1 12110 800970 792982 1107186 240786 1550904 1464056 1486838 1394984 1110970 836916 26362 15922 37326 44740 26174 15256 23716 30790 24710 2073600 2073600 2 6 119023 990720 993600 57234 59183 49797 49991 6 6 19 19 85 4 4 4 4 1920 1080 
[ 4399.613790] MESSAGE_B= 4 4 4 97 18 1 192 0 248 179 0 1973 1191 2015 1215 1938 1994 1943 1989 655 209 663 248 329 732 331 724 0 31 255 250 255 255 203 148 189 174 0 0 0 0 0 0 0 0 18 1 21366 601570 792982 1107186 240786 1550904 1464056 1486838 1394984 1110970 836916 26362 15922 37326 44740 26174 15256 23716 30790 24710 2073600 2073600 4 6 115225 994560 993600 55607 56878 50333 50666 6 6 19 19 51 4 4 4 4 1920 1080 
[ 4399.891791] MESSAGE_B= 4 4 4 95 17 1 192 0 248 179 0 1974 1192 2017 1217 1942 1995 1941 1994 654 209 659 247 326 734 331 727 0 31 255 250 255 255 201 145 191 171 0 0 0 0 0 0 0 0 17 1 15746 833886 792982 1107186 240786 1550904 1464056 1486838 1394984 1110970 836916 26362 15922 37326 44740 26174 15256 23716 30790 24710 2073600 2073600 4 6 117335 990720 993600 55961 57650 49850 50065 6 6 19 19 35 4 4 4 4 1920 1080 
[ 4400.179594] MESSAGE_B= 4 4 4 95 18 1 192 0 248 179 0 1967 1187 2009 1215 1946 1996 1946 1995 646 198 654 234 321 744 325 738 0 31 255 249 255 255 200 143 187 167 0 0 0 0 0 0 0 0 18 1 22050 596624 792982 1107186 240786 1550904 1464056 1486838 1394984 1110970 836916 26362 15922 37326 44740 26174 15256 23716 30790 24710 2073600 2073600 4 6 114455 994560 993600 54599 56559 49983 50183 6 6 19 19 40 4 4 4 4 1920 1080 
[ 4400.457811] MESSAGE_B= 0 4 4 94 17 1 192 0 248 179 0 1961 1183 2005 1212 1938 2015 1935 2010 640 193 648 230 316 734 322 728 0 31 255 249 255 255 206 139 194 164 0 0 0 0 0 0 0 0 17 1 10536 829360 792982 1107186 240786 1550904 1464056 1486838 1394984 1110970 836916 26362 15922 37326 44740 26174 15256 23716 30790 24710 2073600 2073600 2 6 112055 990720 993600 53369 55361 49305 49517 6 6 19 19 40 4 4 4 4 1920 1080 
[ 4400.740791] MESSAGE_B= 4 4 4 94 18 1 192 0 248 179 0 1957 1181 2000 1210 1944 2029 1945 2022 634 188 641 227 313 731 310 728 0 31 255 249 255 255 201 130 197 154 0 0 0 0 0 0 0 0 18 1 21140 605852 792982 1107186 240786 1550904 1464056 1486838 1394984 1110970 836916 26362 15922 37326 44740 26174 15256 23716 30790 24710 2073600 2073600 4 6 112586 994560 993600 54143 56047 49998 50254 6 6 19 19 38 4 4 4 4 1920 1080 
[ 4401.020789] MESSAGE_B= 0 4 4 97 19 1 192 0 248 179 0 1949 1174 1991 1204 1956 2025 1954 2021 634 185 643 219 296 743 297 739 0 31 254 247 255 255 205 123 193 153 0 0 0 0 0 0 0 0 19 1 10882 835566 792982 1107186 240786 1550904 1464056 1486838 1394984 1110970 836916 26362 15922 37326 44740 26174 15256 23716 30790 24710 2073600 2073600 2 6 112227 990720 993600 52695 54791 50415 50586 6 6 19 19 37 4 4 4 4 1920 1080 
[ 4401.301784] MESSAGE_B= 4 4 4 95 17 1 192 0 248 179 0 1950 1172 1991 1201 1944 2006 1943 2003 628 187 640 219 307 760 307 753 0 31 254 248 255 255 203 115 191 146 0 0 0 0 0 0 0 0 17 1 21858 583152 792982 1107186 240786 1550904 1464056 1486838 1394984 1110970 836916 26362 15922 37326 44740 26174 15256 23716 30790 24710 2073600 2073600 4 6 113536 994560 993600 53991 56061 49674 49769 6 6 19 19 34 4 4 4 4 1920 1080 
[ 4401.582809] MESSAGE_B= 0 4 4 97 17 1 192 0 248 179 0 1949 1176 1989 1204 1959 2035 1957 2033 621 178 632 215 291 749 289 743 0 31 255 248 255 255 207 107 198 136 0 0 0 0 0 0 0 0 17 1 10598 833728 792982 1107186 240786 1550904 1464056 1486838 1394984 1110970 836916 26362 15922 37326 44740 26174 15256 23716 30790 24710 2073600 2073600 2 6 111178 990720 993600 53323 55060 50530 50895 6 6 19 19 29 4 4 4 4 1920 1080 
[ 4401.744877] MESSAGE_B= 4 4 4 97 19 1 192 0 248 179 0 1943 1169 1982 1198 1953 2049 1951 2042 622 175 635 209 294 744 295 740 0 31 254 247 255 255 207 111 193 142 0 0 0 0 0 0 0 0 19 1 21814 600294 743944 1333738 1097738 711918 1094810 1139262 1289734 1244814 924468 22532 18758 23266 24924 32618 28112 26030 18262 25540 2073600 2073600 4 6 107900 994560 993600 51541 53340 50897 50932 6 6 19 19 29 4 4 4 4 1920 1080 
[ 4402.024792] MESSAGE_B= 0 4 4 220 17 1 192 0 248 179 0 2317 1991 2210 2070 1470 1627 1466 1631 373 258 414 261 276 627 272 609 0 17 240 212 253 253 168 167 125 183 0 0 0 0 2 2 2 2 17 1 11680 837658 743944 1333738 1097738 711918 1094810 1139262 1289734 1244814 924468 22532 18758 23266 24924 32618 28112 26030 18262 25540 2073600 2073600 2 17 295009 990720 993600 101111 101154 59154 58333 17 17 19 19 59 4 4 4 4 1920 1080 
[ 4402.307810] MESSAGE_B= 4 4 4 200 29 3 192 0 248 179 0 1159 1341 1183 1303 1242 1462 1258 1444 85 193 83 203 164 196 160 196 0 31 251 255 255 255 174 98 132 119 0 0 0 0 0 0 0 0 29 3 54132 751728 743944 1333738 1097738 711918 1094810 1139262 1289734 1244814 924468 22532 18758 23266 24924 32618 28112 26030 18262 25540 2073600 2073600 4 17 145410 994560 993600 43090 41570 29916 30834 17 17 17 17 194 4 4 4 4 1920 1080 
[ 4402.591795] MESSAGE_B= 4 4 4 164 9 1 192 0 248 179 0 2502 2381 2500 2379 2314 2343 2346 2343 568 270 651 276 498 493 443 507 0 18 241 244 253 253 10 68 151 72 0 0 0 0 2 2 2 2 9 1 29306 583552 743944 1333738 1097738 711918 1094810 1139262 1289734 1244814 924468 22532 18758 23266 24924 32618 28112 26030 18262 25540 2073600 2073600 4 18 317069 990720 993600 104806 104743 62670 61191 18 18 19 19 194 4 4 4 4 1920 1080 
[ 4402.877560] MESSAGE_B= 4 4 4 221 12 1 192 0 248 179 0 2254 2228 2221 2214 2452 2487 2446 2503 581 249 647 257 501 431 494 420 0 18 238 246 254 254 200 29 214 55 0 0 0 0 2 2 2 2 12 1 28618 383456 743944 1333738 1097738 711918 1094810 1139262 1289734 1244814 924468 22532 18758 23266 24924 32618 28112 26030 18262 25540 2073600 2073600 4 18 299328 994560 993600 105283 105203 44161 44681 18 18 18 18 117 4 4 4 4 1920 1080 
[ 4403.162529] MESSAGE_B= 4 4 4 186 17 1 192 0 248 179 0 2114 1985 2128 1982 2141 2138 2153 2170 606 391 660 399 525 682 555 663 0 18 252 253 249 255 206 209 171 202 0 0 0 0 2 0 2 0 17 1 24136 832734 743944 1333738 1097738 711918 1094810 1139262 1289734 1244814 924468 22532 18758 23266 24924 32618 28112 26030 18262 25540 2073600 2073600 4 18 359188 990720 993600 95759 95914 83248 84267 18 18 18 18 59 4 4 4 4 1920 1080 
[ 4403.330788] MESSAGE_B= 4 4 4 216 18 1 192 0 248 179 0 1935 1795 1948 1803 2057 1956 2060 1960 121 253 119 262 92 111 104 96 0 18 246 254 249 254 50 19 60 101 0 0 0 0 0 0 0 0 18 1 26448 677406 743944 1333738 1097738 711918 1094810 1139262 1289734 1244814 924468 22532 18758 23266 24924 32618 28112 26030 18262 25540 2073600 2073600 4 18 244889 994560 993600 56957 59072 65045 63815 18 18 18 18 175 4 4 4 4 1920 1080 
[ 4403.614786] MESSAGE_B= 4 4 4 143 14 2 192 0 248 179 0 1978 1778 1994 1779 2044 1961 2058 1954 139 261 127 250 152 84 156 73 0 31 252 254 254 255 50 89 70 130 0 0 0 0 0 0 0 0 14 2 30380 890126 743944 1333738 1097738 711918 1094810 1139262 1289734 1244814 924468 22532 18758 23266 24924 32618 28112 26030 18262 25540 2073600 2073600 4 18 240750 990720 993600 57781 60648 61635 60686 18 18 18 18 175 4 4 4 4 1920 1080 
[ 4403.898794] MESSAGE_B= 4 4 4 135 17 2 192 0 248 179 0 1979 1908 1965 1927 1988 1825 1980 1841 172 307 151 302 155 85 159 89 0 31 249 252 255 248 5 99 27 79 0 0 0 0 0 0 0 0 17 2 41798 565936 743944 1333738 1097738 711918 1094810 1139262 1289734 1244814 924468 22532 18758 23266 24924 32618 28112 26030 18262 25540 2073600 2073600 4 17 217216 994560 993600 56770 57595 62532 61175 18 18 17 17 122 4 4 4 4 1920 1080 
[ 4404.177796] MESSAGE_B= 4 4 4 132 12 4 192 0 248 179 0 2006 1858 2014 1851 1873 1759 1883 1758 441 362 444 377 174 138 186 144 0 31 255 254 255 254 83 53 86 46 0 0 0 0 0 0 0 0 12 4 35522 377592 795732 1318436 313856 512856 975618 1057980 412410 479844 944670 34758 50310 5278 60820 76354 24330 222442 61248 43022 2073600 2073600 4 17 243775 990720 993600 61534 60249 61529 60463 17 17 17 17 122 4 4 4 4 1920 1080 
[ 4404.462339] MESSAGE_B= 4 4 4 138 13 2 192 0 248 179 0 1754 1757 1725 1756 1841 1862 1835 1866 295 386 273 362 253 169 267 166 0 17 233 244 251 249 71 48 79 48 0 0 0 0 2 2 2 2 13 2 42786 622650 795732 1318436 313856 512856 975618 1057980 412410 479844 944670 34758 50310 5278 60820 76354 24330 222442 61248 43022 2073600 2073600 4 17 263997 994560 993600 65917 62987 67011 68082 17 17 17 17 119 4 4 4 4 1920 1080 
[ 4404.740810] MESSAGE_B= 4 4 4 141 9 2 192 0 248 179 0 1636 2085 1648 2053 1954 1816 1928 1819 324 195 362 191 268 160 261 164 0 17 254 212 234 253 15 35 19 49 0 0 0 0 2 2 2 2 9 2 18368 536312 795732 1318436 313856 512856 975618 1057980 412410 479844 944670 34758 50310 5278 60820 76354 24330 222442 61248 43022 2073600 2073600 4 17 255146 990720 993600 63380 59509 65491 66766 17 17 17 17 105 4 4 4 4 1920 1080 
[ 4405.028828] MESSAGE_B= 4 4 4 152 10 2 192 0 248 179 0 1822 1826 1808 1800 1795 1733 1765 1731 226 174 251 223 166 172 191 183 0 18 249 239 246 253 150 8 181 20 0 0 0 0 2 0 2 0 10 2 41756 495388 795732 1318436 313856 512856 975618 1057980 412410 479844 944670 34758 50310 5278 60820 76354 24330 222442 61248 43022 2073600 2073600 4 18 263913 994560 993600 69478 68091 62401 63943 18 18 18 18 105 4 4 4 4 1920 1080 
[ 4405.187787] MESSAGE_B= 4 4 4 163 12 1 192 0 248 179 0 1726 1931 1749 1921 1865 1706 1863 1710 243 291 255 277 278 163 310 156 0 18 253 247 251 255 95 113 93 125 0 0 0 0 2 2 2 0 12 1 16568 398386 795732 1318436 313856 512856 975618 1057980 412410 479844 944670 34758 50310 5278 60820 76354 24330 222442 61248 43022 2073600 2073600 4 18 267818 990720 993600 64549 63621 68728 70920 18 18 18 18 101 4 4 4 4 1920 1080 
[ 4405.466818] MESSAGE_B= 4 4 4 145 27 1 192 0 248 179 0 2155 2134 2110 2133 1889 2567 1859 2556 128 283 126 305 228 172 207 172 0 31 230 254 253 252 60 52 6 78 0 0 0 0 0 0 0 0 27 1 35526 457060 795732 1318436 313856 512856 975618 1057980 412410 479844 944670 34758 50310 5278 60820 76354 24330 222442 61248 43022 2073600 2073600 4 0 102993 994560 993600 37195 35693 38267 37641 18 18 0 0 26 4 4 4 4 1920 1080 
[ 4405.746648] MESSAGE_B= 4 4 4 47 39 1 192 0 248 179 0 2167 2138 2156 2136 1935 2542 1881 2540 147 275 155 306 199 176 188 177 0 31 242 254 251 249 97 26 101 88 0 0 0 0 0 0 0 0 39 1 30046 369600 795732 1318436 313856 512856 975618 1057980 412410 479844 944670 34758 50310 5278 60820 76354 24330 222442 61248 43022 2073600 2073600 4 0 99023 990720 993600 36405 34819 37652 36536 18 18 0 0 31 4 4 4 4 1920 1080 
[ 4406.032312] MESSAGE_B= 4 4 4 49 47 1 192 0 248 179 0 2164 2134 2159 2128 1947 2513 1914 2514 148 278 154 306 162 188 168 176 0 31 248 254 254 249 20 28 17 80 0 0 0 0 0 0 0 0 47 1 42882 503578 795732 1318436 313856 512856 975618 1057980 412410 479844 944670 34758 50310 5278 60820 76354 24330 222442 61248 43022 2073600 2073600 4 0 104121 994560 993600 37405 36752 37156 36585 18 18 0 0 31 4 4 4 4 1920 1080 
[ 4406.310802] MESSAGE_B= 4 4 4 49 39 1 192 0 248 179 0 2154 2127 2123 2115 1990 2496 1945 2495 138 275 123 302 163 195 151 181 0 31 253 253 253 249 24 31 23 71 0 0 0 0 0 0 0 0 39 1 30618 342848 795732 1318436 313856 512856 975618 1057980 412410 479844 944670 34758 50310 5278 60820 76354 24330 222442 61248 43022 2073600 2073600 4 0 110918 990720 993600 37795 36431 40113 39289 18 18 0 0 27 4 4 4 4 1920 1080 
[ 4406.469797] MESSAGE_B= 4 4 4 48 39 3 192 0 248 179 0 2887 2165 2915 2168 1404 1749 1406 1783 179 310 171 276 606 521 605 515 0 21 244 207 253 255 49 181 76 102 0 0 0 0 2 2 2 2 39 3 36388 482758 506104 567714 621450 635236 705452 481100 478982 451278 514940 41548 7038 35430 44696 49950 56080 42982 26858 38512 2073600 2073600 4 18 240658 994560 993600 70836 73507 82196 80437 21 21 18 18 30 4 4 4 4 1920 1080 
[ 4406.749796] MESSAGE_B= 4 4 4 19 36 2 192 0 248 179 0 2850 2170 2866 2169 1577 1564 1590 1555 194 418 178 370 689 444 715 425 0 21 239 232 255 249 41 68 46 57 0 0 0 0 2 2 2 0 36 2 23454 376058 506104 567714 621450 635236 705452 481100 478982 451278 514940 41548 7038 35430 44696 49950 56080 42982 26858 38512 2073600 2073600 4 18 241519 990720 993600 70574 73376 83323 81953 21 21 18 18 42 4 4 4 4 1920 1080 
[ 4407.029879] MESSAGE_B= 4 4 4 17 41 3 192 0 248 179 0 2889 2123 2884 2121 2608 1630 2622 1644 176 456 198 469 538 605 552 604 0 21 248 242 255 255 205 91 170 87 0 0 0 0 2 2 2 2 41 3 46404 552434 506104 567714 621450 635236 705452 481100 478982 451278 514940 41548 7038 35430 44696 49950 56080 42982 26858 38512 2073600 2073600 4 18 245101 994560 993600 69967 73015 85220 83762 21 21 18 18 42 4 4 4 4 1920 1080 
[ 4407.310796] MESSAGE_B= 4 4 4 18 40 2 192 0 248 179 0 2670 2243 2682 2234 1374 1676 1377 1706 215 495 210 502 558 399 566 394 0 21 251 244 255 254 230 116 183 72 0 0 0 0 2 2 2 2 40 2 24916 817370 506104 567714 621450 635236 705452 481100 478982 451278 514940 41548 7038 35430 44696 49950 56080 42982 26858 38512 2073600 2073600 4 18 215165 990720 993600 71133 74306 68358 66623 21 21 18 18 49 4 4 4 4 1920 1080 
[ 4407.588802] MESSAGE_B= 4 4 4 18 40 2 192 0 248 179 0 2885 2018 2899 2020 1676 1785 1666 1792 197 93 199 106 332 235 345 246 0 21 255 238 253 255 163 21 78 21 0 0 0 0 2 0 2 0 40 2 48434 387016 506104 567714 621450 635236 705452 481100 478982 451278 514940 41548 7038 35430 44696 49950 56080 42982 26858 38512 2073600 2073600 4 18 192496 994560 993600 70749 74582 57268 55604 21 21 18 18 57 4 4 4 4 1920 1080 
[ 4407.866782] MESSAGE_B= 4 4 4 21 44 2 192 0 248 179 0 2692 2250 2715 2279 1437 1662 1481 1647 258 432 261 424 668 800 695 790 0 21 255 243 253 254 157 18 5 13 0 0 0 0 2 0 2 0 44 2 36704 737884 506104 567714 621450 635236 705452 481100 478982 451278 514940 41548 7038 35430 44696 49950 56080 42982 26858 38512 2073600 2073600 4 18 225207 990720 993600 71932 75157 73213 72296 21 21 18 18 59 4 4 4 4 1920 1080 
[ 4408.145785] MESSAGE_B= 4 4 4 17 10 1 192 0 248 179 0 2049 1822 2037 1826 2097 1542 2096 1566 312 244 324 243 166 140 167 134 0 31 255 255 255 254 24 82 19 76 0 0 0 0 0 0 0 0 10 1 51662 485352 506104 567714 621450 635236 705452 481100 478982 451278 514940 41548 7038 35430 44696 49950 56080 42982 26858 38512 2073600 2073600 4 20 109478 994560 993600 28868 28949 32256 32257 18 18 20 20 81 4 4 4 4 1920 1080 
[ 4408.424397] MESSAGE_B= 4 4 4 100 10 1 192 0 248 179 0 2044 1824 2034 1824 2101 1559 2101 1569 311 258 318 249 161 135 162 132 0 31 255 255 255 253 35 98 41 87 0 0 0 0 0 0 0 0 10 1 22504 831060 506104 567714 621450 635236 705452 481100 478982 451278 514940 41548 7038 35430 44696 49950 56080 42982 26858 38512 2073600 2073600 4 20 110380 990720 993600 28494 28515 32526 32598 18 18 20 20 93 4 4 4 4 1920 1080 
[ 4408.705799] MESSAGE_B= 4 4 4 100 8 1 192 0 248 179 0 2034 1820 2026 1820 2097 1545 2096 1558 309 262 311 250 151 135 165 134 0 31 255 255 255 252 38 61 42 63 0 0 0 0 0 0 0 0 8 1 19130 412192 506104 567714 621450 635236 705452 481100 478982 451278 514940 41548 7038 35430 44696 49950 56080 42982 26858 38512 2073600 2073600 4 20 110470 994560 993600 27821 27754 32832 32712 18 18 20 20 93 4 4 4 4 1920 1080 
[ 4408.867564] MESSAGE_B= 4 4 4 103 9 1 192 0 248 179 0 2032 1827 2024 1829 2102 1541 2102 1559 308 268 314 256 143 136 158 135 0 31 255 255 255 253 49 72 47 60 0 0 0 0 0 0 0 0 9 1 20668 279562 544504 203134 366994 1121350 1090716 1067710 381930 530242 557738 26054 2906 75466 52108 52394 67198 53854 36820 30754 2073600 2073600 4 20 111230 990720 993600 27899 27934 32959 33100 18 18 20 20 89 4 4 4 4 1920 1080 
[ 4409.145987] MESSAGE_B= 4 4 4 100 8 1 192 0 248 179 0 2022 1835 2016 1825 2102 1559 2103 1569 304 274 303 266 160 136 159 135 0 31 255 255 255 252 48 70 73 57 0 0 0 0 0 0 0 0 8 1 18714 417740 544504 203134 366994 1121350 1090716 1067710 381930 530242 557738 26054 2906 75466 52108 52394 67198 53854 36820 30754 2073600 2073600 4 20 111568 994560 993600 27584 27459 33449 33380 18 18 20 20 80 4 4 4 4 1920 1080 
[ 4409.425789] MESSAGE_B= 4 4 4 103 8 1 192 0 248 179 0 2013 1836 2008 1832 2101 1570 2108 1575 307 286 308 271 154 132 152 133 0 31 255 255 255 254 63 50 80 49 0 0 0 0 0 0 0 0 8 1 25936 269416 544504 203134 366994 1121350 1090716 1067710 381930 530242 557738 26054 2906 75466 52108 52394 67198 53854 36820 30754 2073600 2073600 4 20 111703 990720 993600 27630 27446 33775 33736 18 18 20 20 84 4 4 4 4 1920 1080 
[ 4409.703792] MESSAGE_B= 4 4 4 102 10 1 192 0 248 179 0 2005 1827 2002 1832 2101 1567 2105 1578 302 285 303 274 155 132 152 125 0 31 255 255 255 252 68 55 80 54 0 0 0 0 0 0 0 0 10 1 19514 416260 544504 203134 366994 1121350 1090716 1067710 381930 530242 557738 26054 2906 75466 52108 52394 67198 53854 36820 30754 2073600 2073600 4 20 111624 994560 993600 26905 26953 34090 34028 18 18 20 20 91 4 4 4 4 1920 1080 
[ 4409.983049] MESSAGE_B= 4 4 4 100 9 1 192 0 248 179 0 1996 1828 1994 1824 2095 1546 2101 1565 298 291 307 285 150 129 154 129 0 31 255 254 255 253 90 56 71 51 0 0 0 0 0 0 0 0 9 1 25490 263238 544504 203134 366994 1121350 1090716 1067710 381930 530242 557738 26054 2906 75466 52108 52394 67198 53854 36820 30754 2073600 2073600 4 20 110692 990720 993600 26824 26755 33839 34170 18 18 20 20 91 4 4 4 4 1920 1080 
[ 4410.270131] MESSAGE_B= 4 4 4 100 17 2 192 0 248 179 0 1091 1484 1070 1474 1533 1803 1526 1789 193 380 195 402 433 504 421 520 0 18 251 255 255 255 131 160 145 164 0 0 0 0 2 2 2 2 17 2 19398 419246 544504 203134 366994 1121350 1090716 1067710 381930 530242 557738 26054 2906 75466 52108 52394 67198 53854 36820 30754 2073600 2073600 4 18 144056 994560 993600 28482 27885 67725 66503 11 11 18 18 122 4 4 4 4 1920 1080 
[ 4410.431300] MESSAGE_B= 4 4 4 39 17 1 192 0 248 179 0 1164 1414 1125 1435 1563 1834 1565 1818 190 400 175 397 446 416 427 435 0 31 253 255 255 255 142 146 161 147 0 0 0 0 2 2 2 2 17 1 20138 276528 544504 203134 366994 1121350 1090716 1067710 381930 530242 557738 26054 2906 75466 52108 52394 67198 53854 36820 30754 2073600 2073600 4 18 142213 990720 993600 27802 27823 64592 63784 11 11 18 18 122 4 4 4 4 1920 1080 
[ 4410.711784] MESSAGE_B= 4 4 4 40 12 1 192 0 248 179 0 1263 1330 1221 1340 1720 1973 1731 1975 214 363 208 371 407 310 401 327 0 31 254 254 255 255 173 70 162 73 0 0 0 0 0 0 0 0 12 1 24842 402710 544504 203134 366994 1121350 1090716 1067710 381930 530242 557738 26054 2906 75466 52108 52394 67198 53854 36820 30754 2073600 2073600 4 18 138228 994560 993600 27006 27545 62170 61358 11 12 18 18 122 4 4 4 4 1920 1080 
[ 4410.989823] MESSAGE_B= 4 4 4 43 11 2 192 0 248 179 0 1213 1187 1211 1172 1668 1902 1675 1906 214 284 187 290 419 294 412 312 0 31 253 249 255 255 149 17 152 5 0 0 0 0 0 0 0 0 11 2 32618 846558 544504 203134 366994 1121350 1090716 1067710 381930 530242 557738 26054 2906 75466 52108 52394 67198 53854 36820 30754 2073600 2073600 4 18 118676 990720 993600 33232 33590 53768 53219 12 12 18 18 120 4 4 4 4 1920 1080 
[ 4411.269739] MESSAGE_B= 4 4 4 42 13 1 192 0 248 179 0 1180 1058 1158 1060 1625 1828 1617 1844 245 306 233 299 404 313 401 333 0 31 253 254 255 255 96 43 121 49 0 0 0 0 0 0 0 0 13 1 25270 354906 1027158 159180 523948 531712 572604 472410 1141808 925510 1068500 22796 19820 59564 28310 31566 24804 49430 69188 33218 2073600 2073600 4 12 109280 994560 993600 40318 41229 44372 44911 12 12 18 18 120 4 4 4 4 1920 1080 
[ 4411.550376] MESSAGE_B= 4 4 4 43 23 2 192 0 248 179 0 1799 2061 1776 2079 1321 1612 1381 1590 400 453 422 452 458 444 462 439 0 31 254 254 255 255 101 40 95 36 0 0 0 0 0 0 0 0 23 2 19774 675916 1027158 159180 523948 531712 572604 472410 1141808 925510 1068500 22796 19820 59564 28310 31566 24804 49430 69188 33218 2073600 2073600 4 12 136831 990720 993600 42038 43316 55713 54961 1 1 12 12 110 4 4 4 4 1920 1080 
[ 4411.831800] MESSAGE_B= 4 4 4 37 20 1 192 0 248 179 0 1777 2105 1744 2106 1684 1604 1743 1595 329 502 324 520 410 431 425 419 0 31 252 254 254 254 113 3 99 20 0 0 0 0 0 0 0 0 20 1 35856 415378 1027158 159180 523948 531712 572604 472410 1141808 925510 1068500 22796 19820 59564 28310 31566 24804 49430 69188 33218 2073600 2073600 4 12 124409 994560 993600 44962 45743 49035 48119 1 1 12 12 114 4 4 4 4 1920 1080 
[ 4412.109792] MESSAGE_B= 4 4 4 41 20 1 192 0 248 179 0 1808 2051 1764 2067 1682 1910 1711 1934 293 636 295 623 536 471 509 491 0 31 252 254 255 254 89 170 68 180 0 0 0 0 0 0 0 0 20 1 27208 461016 1027158 159180 523948 531712 572604 472410 1141808 925510 1068500 22796 19820 59564 28310 31566 24804 49430 69188 33218 2073600 2073600 4 12 119753 990720 993600 35950 38086 43437 42651 1 1 12 12 119 4 4 4 4 1920 1080 
[ 4412.396023] MESSAGE_B= 4 4 4 42 21 1 192 0 248 179 0 1683 2001 1697 1956 1750 2033 1773 2060 220 587 244 558 421 452 407 449 0 31 252 255 255 254 39 163 26 163 0 0 0 0 0 0 0 0 21 1 31566 701050 1027158 159180 523948 531712 572604 472410 1141808 925510 1068500 22796 19820 59564 28310 31566 24804 49430 69188 33218 2073600 2073600 4 12 120287 994560 993600 37691 39460 40294 39699 1 1 12 12 119 4 4 4 4 1920 1080 
[ 4412.673818] MESSAGE_B= 4 4 4 39 18 1 192 0 248 179 0 1673 1470 1669 1490 1754 1890 1796 1906 263 206 292 210 140 368 130 343 0 31 254 253 251 253 23 60 2 69 0 0 0 0 0 0 0 0 18 1 20874 383586 1027158 159180 523948 531712 572604 472410 1141808 925510 1068500 22796 19820 59564 28310 31566 24804 49430 69188 33218 2073600 2073600 4 12 134422 990720 993600 42555 44253 42192 41569 1 1 12 12 113 4 4 4 4 1920 1080 
[ 4412.951790] MESSAGE_B= 4 4 4 35 24 1 192 0 248 179 0 1522 1187 1536 1220 1737 1804 1755 1842 259 284 308 284 253 316 243 297 0 31 243 248 255 254 8 57 14 111 0 0 0 0 0 0 0 0 24 1 33022 700058 1027158 159180 523948 531712 572604 472410 1141808 925510 1068500 22796 19820 59564 28310 31566 24804 49430 69188 33218 2073600 2073600 4 12 153685 994560 993600 36917 38780 42208 41782 1 1 12 12 117 4 4 4 4 1920 1080 
[ 4413.112164] MESSAGE_B= 4 4 4 39 25 1 192 0 248 179 0 1430 1074 1396 1123 1715 1769 1727 1793 327 285 342 283 212 349 221 354 0 31 253 252 255 255 42 18 45 4 0 0 0 0 0 0 0 0 25 1 35876 404024 1027158 159180 523948 531712 572604 472410 1141808 925510 1068500 22796 19820 59564 28310 31566 24804 49430 69188 33218 2073600 2073600 4 12 166230 990720 993600 41531 40745 42034 41920 12 12 12 12 117 4 4 4 4 1920 1080 
[ 4413.394789] MESSAGE_B= 4 4 4 42 26 1 192 0 248 179 0 1437 1062 1407 1112 1693 1762 1705 1789 334 296 348 296 229 341 237 343 0 31 253 254 255 255 26 12 34 2 0 0 0 0 0 0 0 0 26 1 45686 560892 1027158 159180 523948 531712 572604 472410 1141808 925510 1068500 22796 19820 59564 28310 31566 24804 49430 69188 33218 2073600 2073600 4 12 167585 994560 993600 41433 40733 42665 42754 12 12 12 12 117 4 4 4 4 1920 1080 
[ 4413.678787] MESSAGE_B= 4 4 4 42 25 1 192 0 248 179 0 1436 1055 1413 1100 1676 1768 1687 1795 334 289 347 289 241 335 254 339 0 31 252 255 255 255 20 3 22 5 0 0 0 0 0 0 0 0 25 1 41926 399718 692834 505000 610666 1003958 802356 831886 645516 568790 697360 42364 31056 35354 47214 32934 35084 68748 57360 38900 2073600 2073600 4 12 166351 990720 993600 40895 39961 42767 42728 12 12 12 12 38 4 4 4 4 1920 1080 
[ 4413.956794] MESSAGE_B= 4 4 4 41 25 1 192 0 248 179 0 1435 1046 1410 1090 1654 1770 1672 1799 353 304 358 302 278 331 282 329 0 31 253 255 255 255 47 21 46 19 0 0 0 0 0 0 0 0 25 1 54278 553430 692834 505000 610666 1003958 802356 831886 645516 568790 697360 42364 31056 35354 47214 32934 35084 68748 57360 38900 2073600 2073600 4 12 167145 994560 993600 40947 40279 43036 42883 12 12 12 12 39 4 4 4 4 1920 1080 
[ 4414.235789] MESSAGE_B= 4 4 4 43 23 1 192 0 248 179 0 1420 1029 1406 1070 1623 1762 1641 1795 383 317 375 314 302 331 305 323 0 31 252 255 254 255 86 31 92 27 0 0 0 0 0 0 0 0 23 1 43742 392718 692834 505000 610666 1003958 802356 831886 645516 568790 697360 42364 31056 35354 47214 32934 35084 68748 57360 38900 2073600 2073600 4 12 168743 990720 993600 41440 40517 43642 43144 12 12 12 12 40 4 4 4 4 1920 1080 
[ 4414.523656] MESSAGE_B= 4 4 4 41 24 1 192 0 248 179 0 1385 1036 1380 1071 1576 1751 1595 1782 435 321 422 316 335 335 345 325 0 31 255 255 255 254 109 48 118 41 0 0 0 0 0 0 0 0 24 1 60230 528824 692834 505000 610666 1003958 802356 831886 645516 568790 697360 42364 31056 35354 47214 32934 35084 68748 57360 38900 2073600 2073600 4 12 173340 994560 993600 42964 41541 44574 44261 12 12 12 12 40 4 4 4 4 1920 1080 
[ 4414.681806] MESSAGE_B= 4 4 4 46 23 1 192 0 248 179 0 1358 1040 1355 1077 1547 1747 1563 1777 466 324 455 319 348 340 366 324 0 31 254 255 255 255 107 53 118 39 0 0 0 0 0 0 0 0 23 1 41384 383174 692834 505000 610666 1003958 802356 831886 645516 568790 697360 42364 31056 35354 47214 32934 35084 68748 57360 38900 2073600 2073600 4 12 177599 990720 993600 44385 42716 45499 44999 12 12 12 12 40 4 4 4 4 1920 1080 
[ 4414.959792] MESSAGE_B= 4 4 4 43 20 1 192 0 248 179 0 1342 1042 1324 1078 1505 1712 1507 1742 486 344 499 340 354 323 393 307 0 31 255 255 255 253 109 70 125 60 0 0 0 0 0 0 0 0 20 1 58660 502978 692834 505000 610666 1003958 802356 831886 645516 568790 697360 42364 31056 35354 47214 32934 35084 68748 57360 38900 2073600 2073600 4 12 184976 994560 993600 45736 44901 47206 47133 12 12 12 12 40 4 4 4 4 1920 1080 
[ 4415.239353] MESSAGE_B= 4 4 4 45 18 1 192 0 248 179 0 1308 1040 1299 1074 1474 1681 1475 1705 516 343 521 339 346 304 388 291 0 31 254 255 253 252 98 94 127 89 0 0 0 0 0 0 0 0 18 1 36924 386788 692834 505000 610666 1003958 802356 831886 645516 568790 697360 42364 31056 35354 47214 32934 35084 68748 57360 38900 2073600 2073600 4 12 189669 990720 993600 47204 45650 48368 48447 12 12 12 12 41 4 4 4 4 1920 1080 
[ 4415.518804] MESSAGE_B= 4 4 4 46 16 1 192 0 248 179 0 1305 1037 1289 1068 1448 1656 1454 1673 528 354 546 354 346 283 387 262 0 31 255 255 253 251 96 125 116 126 0 0 0 0 0 0 0 0 16 1 54048 485926 692834 505000 610666 1003958 802356 831886 645516 568790 697360 42364 31056 35354 47214 32934 35084 68748 57360 38900 2073600 2073600 4 12 192741 994560 993600 47830 47153 48828 48930 12 12 12 12 42 4 4 4 4 1920 1080 
[ 4415.804812] MESSAGE_B= 4 4 4 47 16 1 192 0 248 179 0 1336 1039 1295 1070 1435 1638 1439 1654 507 363 537 365 359 269 394 258 0 31 254 255 253 252 114 147 128 143 0 0 0 0 0 0 0 0 16 1 35266 385570 692834 505000 610666 1003958 802356 831886 645516 568790 697360 42364 31056 35354 47214 32934 35084 68748 57360 38900 2073600 2073600 4 12 192651 990720 993600 46755 47194 49251 49451 12 12 12 12 44 4 4 4 4 1920 1080 
[ 4416.091071] MESSAGE_B= 4 4 4 46 16 1 192 0 248 179 0 1339 1037 1320 1067 1436 1625 1437 1646 493 395 514 392 350 289 384 276 0 31 255 255 254 254 130 126 142 125 0 0 0 0 0 0 0 0 16 1 54522 464932 665254 564308 204348 747692 635252 746242 584602 555468 644820 50308 27144 56982 96400 32938 31120 95468 80194 35588 2073600 2073600 4 12 191790 994560 993600 47115 46536 49023 49116 12 12 12 12 45 4 4 4 4 1920 1080 
[ 4416.368788] MESSAGE_B= 4 4 4 49 16 1 192 0 248 179 0 1332 1040 1303 1061 1437 1610 1438 1635 501 409 521 409 344 293 364 281 0 31 254 255 254 254 133 100 145 106 0 0 0 0 0 0 0 0 16 1 36370 378932 665254 564308 204348 747692 635252 746242 584602 555468 644820 50308 27144 56982 96400 32938 31120 95468 80194 35588 2073600 2073600 4 12 192584 990720 993600 47447 47445 48886 48806 12 12 12 12 45 4 4 4 4 1920 1080 
[ 4416.655842] MESSAGE_B= 4 4 4 48 20 1 192 0 248 179 0 1341 1083 1305 1082 1437 1565 1437 1595 503 395 523 405 348 282 354 271 0 31 254 255 254 254 148 90 153 92 0 0 0 0 0 0 0 0 20 1 49940 449964 665254 564308 204348 747692 635252 746242 584602 555468 644820 50308 27144 56982 96400 32938 31120 95468 80194 35588 2073600 2073600 4 12 192318 994560 993600 46550 46704 49608 49456 12 12 12 12 45 4 4 4 4 1920 1080 
[ 4416.814573] MESSAGE_B= 4 4 4 48 17 1 192 0 248 179 0 1330 1109 1298 1097 1428 1540 1429 1575 508 375 523 391 348 268 349 254 0 31 254 254 253 254 155 89 161 94 0 0 0 0 0 0 0 0 17 1 35438 360242 665254 564308 204348 747692 635252 746242 584602 555468 644820 50308 27144 56982 96400 32938 31120 95468 80194 35588 2073600 2073600 4 12 193496 990720 993600 46641 46650 50218 49987 12 12 12 12 47 4 4 4 4 1920 1080 
[ 4417.100671] MESSAGE_B= 4 4 4 82 17 2 192 0 248 179 0 2033 1991 2022 1992 1988 1381 2024 1378 424 640 433 642 198 369 191 367 0 31 255 255 249 255 49 160 6 157 0 0 0 0 0 0 0 0 17 2 37028 443844 665254 564308 204348 747692 635252 746242 584602 555468 644820 50308 27144 56982 96400 32938 31120 95468 80194 35588 2073600 2073600 4 19 95149 994560 993600 24320 24170 41070 42477 1 1 19 19 80 4 4 4 4 1920 1080 
[ 4417.385206] MESSAGE_B= 4 4 4 78 17 1 192 0 248 179 0 2003 1929 1990 1933 2042 1449 2071 1448 422 675 427 685 179 297 192 274 0 31 255 255 251 254 72 67 63 69 0 0 0 0 0 0 0 0 17 1 21008 573596 665254 564308 204348 747692 635252 746242 584602 555468 644820 50308 27144 56982 96400 32938 31120 95468 80194 35588 2073600 2073600 4 19 95468 990720 993600 24520 24448 41092 42856 11 11 19 19 80 4 4 4 4 1920 1080 
[ 4417.669915] MESSAGE_B= 4 4 4 80 17 2 192 0 248 179 0 1980 1935 1967 1939 2010 1575 2050 1559 390 678 384 689 176 274 174 267 0 31 254 255 247 253 105 84 80 104 0 0 0 0 0 0 0 0 17 2 15652 477174 665254 564308 204348 747692 635252 746242 584602 555468 644820 50308 27144 56982 96400 32938 31120 95468 80194 35588 2073600 2073600 4 19 94068 994560 993600 29885 29762 40427 41938 1 1 19 19 79 4 4 4 4 1920 1080 
[ 4417.949789] MESSAGE_B= 4 4 4 82 16 2 192 0 248 179 0 1937 1839 1932 1851 2009 1655 2033 1665 367 763 371 761 186 241 180 236 0 31 255 255 251 252 139 127 101 118 0 0 0 0 0 0 0 0 16 2 20466 552848 665254 564308 204348 747692 635252 746242 584602 555468 644820 50308 27144 56982 96400 32938 31120 95468 80194 35588 2073600 2073600 4 19 95395 990720 993600 27507 27310 40756 42330 1 1 19 19 79 4 4 4 4 1920 1080 
[ 4418.230914] MESSAGE_B= 4 4 4 90 23 2 192 0 248 179 0 1971 1921 1954 1928 2032 1612 2062 1605 341 720 331 718 195 289 200 290 0 31 255 255 252 254 84 37 53 41 0 0 0 0 0 0 0 0 23 2 16170 494370 665254 564308 204348 747692 635252 746242 584602 555468 644820 50308 27144 56982 96400 32938 31120 95468 80194 35588 2073600 2073600 4 19 94688 994560 993600 26479 26105 39871 40831 1 1 19 19 80 4 4 4 4 1920 1080 
[ 4418.509803] MESSAGE_B= 4 4 4 85 22 2 192 0 248 179 0 1940 1928 1924 1935 1878 1586 1909 1568 332 740 332 737 307 293 320 290 0 31 255 255 255 254 80 8 62 23 0 0 0 0 0 0 0 0 22 2 15980 491612 636162 418472 235818 640522 716446 992984 758552 805556 538832 24152 31772 35682 87572 31110 21178 24742 37408 22698 2073600 2073600 4 19 81708 990720 993600 24606 24381 32937 34239 11 11 19 19 85 4 4 4 4 1920 1080 
[ 4418.666803] MESSAGE_B= 0 4 4 81 17 2 192 0 248 179 0 1935 1906 1916 1914 1510 1659 1509 1653 334 779 334 775 533 463 545 466 0 31 255 255 255 255 73 74 74 79 0 0 0 0 0 0 0 0 17 2 12222 474472 636162 418472 235818 640522 716446 992984 758552 805556 538832 24152 31772 35682 87572 31110 21178 24742 37408 22698 2073600 2073600 2 11 75968 994560 993600 24910 24809 22791 23363 11 11 15 15 85 4 4 4 4 1920 1080 
[ 4418.950787] MESSAGE_B= 4 4 4 85 22 2 192 0 248 179 0 1904 1907 1888 1910 1815 1664 1832 1663 341 771 337 773 457 298 464 305 0 31 255 255 255 254 9 84 3 84 0 0 0 0 0 0 0 0 22 2 11136 457978 636162 418472 235818 640522 716446 992984 758552 805556 538832 24152 31772 35682 87572 31110 21178 24742 37408 22698 2073600 2073600 5 11 82342 990720 993600 24583 24468 24261 24140 11 11 19 19 85 4 4 4 4 1920 1080 
[ 4419.228796] MESSAGE_B= 4 4 4 83 24 1 192 0 248 179 0 1907 1976 1892 1980 1881 1533 1889 1545 351 694 352 694 402 284 404 293 0 31 255 255 255 255 56 35 48 26 0 0 0 0 0 0 0 0 24 1 13670 463488 636162 418472 235818 640522 716446 992984 758552 805556 538832 24152 31772 35682 87572 31110 21178 24742 37408 22698 2073600 2073600 5 11 67084 994560 993600 23932 23891 24081 24059 11 11 19 19 76 4 4 4 4 1920 1080 
[ 4419.511985] MESSAGE_B= 4 4 4 77 17 1 192 0 248 179 0 1915 1915 1896 1928 1881 1655 1888 1658 347 739 354 723 396 259 400 266 0 31 255 255 255 254 84 45 73 55 0 0 0 0 0 0 0 0 17 1 16762 502090 636162 418472 235818 640522 716446 992984 758552 805556 538832 24152 31772 35682 87572 31110 21178 24742 37408 22698 2073600 2073600 4 1 82727 990720 993600 26629 27131 24165 24145 1 1 19 19 71 4 4 4 4 1920 1080 
[ 4419.793789] MESSAGE_B= 4 4 4 77 19 2 192 0 248 179 0 1925 1816 1908 1819 1868 1546 1878 1547 328 657 340 662 417 365 424 362 0 31 254 255 255 255 55 10 51 23 0 0 0 0 0 0 0 0 19 2 15476 353052 636162 418472 235818 640522 716446 992984 758552 805556 538832 24152 31772 35682 87572 31110 21178 24742 37408 22698 2073600 2073600 4 1 83505 994560 993600 28866 28576 25890 25772 1 1 19 19 82 4 4 4 4 1920 1080 
[ 4419.950789] MESSAGE_B= 4 4 4 87 26 1 192 0 248 179 0 1914 1867 1896 1870 1843 1476 1857 1468 333 635 341 643 415 389 419 386 0 31 254 255 255 255 29 3 38 5 0 0 0 0 0 0 0 0 26 1 20120 369014 636162 418472 235818 640522 716446 992984 758552 805556 538832 24152 31772 35682 87572 31110 21178 24742 37408 22698 2073600 2073600 4 1 85772 990720 993600 29903 29968 24257 24122 1 1 19 19 82 4 4 4 4 1920 1080 
[ 4420.229810] MESSAGE_B= 4 4 4 74 16 1 192 0 248 179 0 2527 1514 2542 1528 1803 919 1831 892 301 584 251 618 483 264 473 244 0 31 251 255 255 252 171 117 163 104 0 0 0 0 0 0 0 0 16 1 16042 383414 636162 418472 235818 640522 716446 992984 758552 805556 538832 24152 31772 35682 87572 31110 21178 24742 37408 22698 2073600 2073600 4 12 120677 994560 993600 21734 21686 44378 44878 6 6 12 12 80 4 4 4 4 1920 1080 
[ 4420.512806] MESSAGE_B= 4 4 4 61 50 1 192 0 248 179 0 2268 1589 2265 1605 1887 964 1905 958 411 574 423 607 489 276 474 279 0 31 252 255 255 250 136 85 106 53 0 0 0 0 0 0 0 0 50 1 20770 422636 636162 418472 235818 640522 716446 992984 758552 805556 538832 24152 31772 35682 87572 31110 21178 24742 37408 22698 2073600 2073600 4 12 117041 990720 993600 22840 22398 41422 40743 6 6 12 12 68 4 4 4 4 1920 1080 
[ 4420.791784] MESSAGE_B= 4 4 4 56 65 1 192 0 248 179 0 2350 1640 2316 1687 1870 969 1869 969 278 599 304 601 444 266 440 260 0 31 252 255 255 247 159 83 147 53 0 0 0 0 0 0 0 0 65 1 20334 356878 503790 480722 539544 613188 485230 741366 772140 812610 555930 22298 27390 6756 19508 27126 14846 30218 22820 22860 2073600 2073600 4 12 122114 994560 993600 23576 23128 42544 42158 6 6 12 12 65 4 4 4 4 1920 1080 
[ 4421.069784] MESSAGE_B= 4 4 4 58 81 1 192 0 248 179 0 2470 1797 2432 1801 1843 967 1854 978 268 567 303 555 413 248 417 245 0 31 250 255 255 252 130 116 116 93 0 0 0 0 0 0 0 0 81 1 18776 327042 503790 480722 539544 613188 485230 741366 772140 812610 555930 22298 27390 6756 19508 27126 14846 30218 22820 22860 2073600 2073600 4 12 112513 990720 993600 21421 21288 42043 41778 6 6 12 12 58 4 4 4 4 1920 1080 
[ 4421.348933] MESSAGE_B= 4 4 4 64 14 4 192 0 248 179 0 1783 1564 1784 1563 1929 1639 1935 1645 341 356 332 373 167 168 168 164 0 31 255 255 255 255 13 25 15 17 0 0 0 0 0 0 0 0 14 4 16068 328872 503790 480722 539544 613188 485230 741366 772140 812610 555930 22298 27390 6756 19508 27126 14846 30218 22820 22860 2073600 2073600 4 17 131903 994560 993600 46653 46551 55727 55296 2 2 17 17 112 4 4 4 4 1920 1080 
[ 4421.626796] MESSAGE_B= 4 4 4 104 13 3 192 0 248 179 0 1734 1657 1742 1660 1952 1596 1950 1602 284 202 279 220 119 164 110 164 0 31 253 254 255 254 87 72 66 71 0 0 0 0 0 0 0 0 13 3 21498 335198 503790 480722 539544 613188 485230 741366 772140 812610 555930 22298 27390 6756 19508 27126 14846 30218 22820 22860 2073600 2073600 4 17 137709 990720 993600 44068 42889 50718 50076 2 2 17 17 115 4 4 4 4 1920 1080 
[ 4421.783818] MESSAGE_B= 4 4 4 105 11 3 192 0 248 179 0 1697 1680 1714 1681 1934 1588 1940 1588 294 173 286 182 134 152 132 164 0 31 255 255 253 255 85 48 61 64 0 0 0 0 0 0 0 0 11 3 43636 658808 503790 480722 539544 613188 485230 741366 772140 812610 555930 22298 27390 6756 19508 27126 14846 30218 22820 22860 2073600 2073600 4 17 137082 994560 993600 44895 43592 47750 47471 2 2 17 17 115 4 4 4 4 1920 1080 
[ 4422.065788] MESSAGE_B= 4 4 4 100 13 2 192 0 248 179 0 1757 1691 1778 1697 1882 1491 1884 1502 289 110 294 94 129 172 136 170 0 31 255 250 251 255 57 34 71 34 0 0 0 0 0 0 0 0 13 2 15318 414410 503790 480722 539544 613188 485230 741366 772140 812610 555930 22298 27390 6756 19508 27126 14846 30218 22820 22860 2073600 2073600 4 17 134731 990720 993600 47463 46657 42959 42629 2 2 17 17 114 4 4 4 4 1920 1080 
[ 4422.343798] MESSAGE_B= 4 4 4 99 13 2 192 0 248 179 0 1831 1735 1838 1738 1860 1392 1855 1406 285 139 282 145 174 209 184 214 0 31 255 255 255 255 44 96 69 87 0 0 0 0 0 0 0 0 13 2 48280 582954 503790 480722 539544 613188 485230 741366 772140 812610 555930 22298 27390 6756 19508 27126 14846 30218 22820 22860 2073600 2073600 4 18 126771 994560 993600 43847 44364 35040 34898 2 2 17 17 112 4 4 4 4 1920 1080 
[ 4422.623614] MESSAGE_B= 4 4 4 100 16 1 192 0 248 179 0 1979 1748 1983 1764 1868 1357 1858 1375 226 147 238 157 148 223 166 223 0 31 254 254 255 255 43 121 30 125 0 0 0 0 0 0 0 0 16 1 15854 408858 503790 480722 539544 613188 485230 741366 772140 812610 555930 22298 27390 6756 19508 27126 14846 30218 22820 22860 2073600 2073600 4 18 131861 990720 993600 38812 39212 34638 34268 2 2 18 18 116 4 4 4 4 1920 1080 
[ 4422.904794] MESSAGE_B= 4 4 4 102 12 1 192 0 248 179 0 2006 1750 2020 1765 1887 1356 1882 1369 179 185 180 186 168 220 171 223 0 31 254 255 254 255 32 156 27 165 0 0 0 0 0 0 0 0 12 1 32266 390054 503790 480722 539544 613188 485230 741366 772140 812610 555930 22298 27390 6756 19508 27126 14846 30218 22820 22860 2073600 2073600 4 18 130263 994560 993600 35171 35525 36125 35949 2 2 18 18 116 4 4 4 4 1920 1080 
[ 4423.062786] MESSAGE_B= 0 4 4 103 13 1 192 0 248 179 0 1958 1763 1983 1777 1886 1376 1878 1391 216 206 211 211 94 236 107 235 0 31 255 254 255 255 100 138 53 149 0 0 0 0 0 0 0 0 13 1 13370 408764 622544 705772 299518 588118 871058 703882 904426 555998 704918 31196 12200 3750 36418 30872 45500 31808 43396 32902 2073600 2073600 2 18 129236 990720 993600 34209 34140 36253 35990 2 2 18 18 116 4 4 4 4 1920 1080 
[ 4423.345789] MESSAGE_B= 4 4 4 182 16 2 192 0 248 179 0 1811 1590 1772 1646 2225 2004 2244 1999 603 492 590 574 854 742 856 772 0 17 254 249 255 254 66 144 61 125 0 0 0 0 0 2 0 2 16 2 46174 317586 622544 705772 299518 588118 871058 703882 904426 555998 704918 31196 12200 3750 36418 30872 45500 31808 43396 32902 2073600 2073600 4 17 287462 994560 993600 80939 81838 62032 62653 17 17 17 17 115 4 4 4 4 1920 1080 
[ 4423.625958] MESSAGE_B= 4 4 4 171 42 2 192 0 248 179 0 2000 1974 2001 1981 2136 2172 2139 2178 466 445 459 442 491 535 489 536 0 31 255 255 255 255 30 8 18 1 0 0 0 0 0 0 0 0 42 2 25320 712980 622544 705772 299518 588118 871058 703882 904426 555998 704918 31196 12200 3750 36418 30872 45500 31808 43396 32902 2073600 2073600 4 17 232714 990720 993600 57949 58615 58780 57370 17 17 17 17 67 4 4 4 4 1920 1080 
[ 4423.906794] MESSAGE_B= 4 4 4 138 32 2 192 0 248 179 0 1862 1995 1864 1982 1146 2262 1129 2265 512 448 520 469 483 520 490 529 0 31 255 255 255 255 88 87 88 90 0 0 0 0 0 0 0 0 32 2 83540 438958 622544 705772 299518 588118 871058 703882 904426 555998 704918 31196 12200 3750 36418 30872 45500 31808 43396 32902 2073600 2073600 4 18 172290 994560 993600 43629 44298 43101 42711 6 6 18 18 116 4 4 4 4 1920 1080 
[ 4424.185788] MESSAGE_B= 4 4 4 86 33 1 192 0 248 179 0 2063 1926 2085 1913 1840 1753 1850 1742 399 506 385 512 288 584 285 588 0 31 254 255 255 255 96 52 107 55 0 0 0 0 0 0 0 0 33 1 24968 619524 622544 705772 299518 588118 871058 703882 904426 555998 704918 31196 12200 3750 36418 30872 45500 31808 43396 32902 2073600 2073600 4 18 153503 990720 993600 50910 50694 50777 50258 6 6 18 18 133 4 4 4 4 1920 1080 
[ 4424.467873] MESSAGE_B= 4 4 4 92 20 2 192 0 248 179 0 2267 1906 2248 1949 2480 1822 2492 1827 384 623 391 599 560 704 557 696 0 31 255 255 255 255 85 111 85 108 0 0 0 0 0 0 0 0 20 2 34198 639264 622544 705772 299518 588118 871058 703882 904426 555998 704918 31196 12200 3750 36418 30872 45500 31808 43396 32902 2073600 2073600 4 18 158543 994560 993600 44991 42581 56734 57082 6 6 18 18 133 4 4 4 4 1920 1080 
[ 4424.747796] MESSAGE_B= 4 4 4 115 27 1 192 0 248 179 0 2154 2360 2159 2389 2647 2574 2676 2584 420 457 426 443 839 713 824 713 0 18 251 254 255 255 42 35 45 37 0 0 0 0 2 0 2 0 27 1 36508 512870 622544 705772 299518 588118 871058 703882 904426 555998 704918 31196 12200 3750 36418 30872 45500 31808 43396 32902 2073600 2073600 4 18 179769 990720 993600 29896 28538 66852 66491 6 2 18 18 100 4 4 4 4 1920 1080 
[ 4425.031810] MESSAGE_B= 4 4 4 128 9 2 192 0 248 179 0 2042 2050 2054 1977 2000 2596 2015 2575 399 476 410 502 745 715 753 731 0 18 254 254 254 254 18 14 22 11 0 0 0 0 2 2 2 2 9 2 26872 740842 622544 705772 299518 588118 871058 703882 904426 555998 704918 31196 12200 3750 36418 30872 45500 31808 43396 32902 2073600 2073600 4 18 163108 994560 993600 34955 35459 64124 64686 2 2 18 18 67 4 4 4 4 1920 1080 
[ 4425.310797] MESSAGE_B= 4 4 4 130 17 1 192 0 248 179 0 2359 1480 2345 1634 2360 2453 2320 2454 618 412 536 377 234 111 253 122 0 17 249 249 244 254 20 60 30 33 0 0 0 0 2 0 2 0 17 1 19110 484788 622544 705772 299518 588118 871058 703882 904426 555998 704918 31196 12200 3750 36418 30872 45500 31808 43396 32902 2073600 2073600 4 17 204252 990720 993600 50753 48631 65172 66568 6 6 17 17 83 4 4 4 4 1920 1080 
[ 4425.588800] MESSAGE_B= 4 4 4 160 36 2 192 0 248 179 0 2260 1833 2099 2017 2205 2451 2295 2440 515 343 632 341 155 106 196 95 0 17 251 238 248 255 82 2 114 17 0 0 0 0 2 0 2 0 36 2 22354 596746 889710 379186 319830 781332 835386 859196 484636 1130198 942678 53848 16128 11706 21714 28808 27830 60456 54524 35160 2073600 2073600 4 17 273578 994560 993600 51555 53012 83338 85673 17 17 17 17 83 4 4 4 4 1920 1080 
[ 4425.875944] MESSAGE_B= 4 4 4 180 25 2 192 0 248 179 0 2282 2340 2152 2442 1498 2254 1526 2213 861 351 810 404 49 253 66 292 0 17 254 224 250 255 48 41 26 27 0 0 0 0 2 0 2 0 25 2 32082 287958 889710 379186 319830 781332 835386 859196 484636 1130198 942678 53848 16128 11706 21714 28808 27830 60456 54524 35160 2073600 2073600 4 17 317743 990720 993600 57331 57522 99913 102977 17 17 17 17 63 4 4 4 4 1920 1080 
[ 4426.032811] MESSAGE_B= 4 4 4 190 16 2 192 0 248 179 0 2314 2441 2189 2525 1590 2006 1616 1950 837 398 790 463 92 511 96 543 0 17 255 241 241 254 130 174 36 173 0 0 0 0 2 0 2 0 16 2 20214 672088 889710 379186 319830 781332 835386 859196 484636 1130198 942678 53848 16128 11706 21714 28808 27830 60456 54524 35160 2073600 2073600 4 17 327123 994560 993600 54303 54462 107825 110533 17 17 17 17 63 4 4 4 4 1920 1080 
[ 4426.318602] MESSAGE_B= 4 4 4 189 11 1 192 0 248 179 0 2362 2527 2271 2588 1703 1802 1744 1698 853 405 779 449 112 336 120 352 0 17 255 248 233 246 116 40 142 7 0 0 0 0 2 2 2 2 11 1 22584 320534 889710 379186 319830 781332 835386 859196 484636 1130198 942678 53848 16128 11706 21714 28808 27830 60456 54524 35160 2073600 2073600 4 17 319489 990720 993600 47170 45966 112317 114036 17 17 17 17 63 4 4 4 4 1920 1080 
[ 4426.596792] MESSAGE_B= 4 4 4 184 16 1 192 0 248 179 0 2654 2172 2552 2285 1811 1955 1849 1883 579 475 527 535 592 371 619 399 0 17 253 253 255 255 90 5 63 28 0 0 0 0 2 2 2 2 16 1 15000 607988 889710 379186 319830 781332 835386 859196 484636 1130198 942678 53848 16128 11706 21714 28808 27830 60456 54524 35160 2073600 2073600 4 17 270132 994560 993600 37917 38428 96097 97690 17 17 17 17 64 4 4 4 4 1920 1080 
[ 4426.874796] MESSAGE_B= 4 4 4 175 15 1 192 0 248 179 0 2329 1574 2251 1625 1839 1806 1858 1787 378 254 335 277 285 189 287 184 0 31 254 248 255 255 153 96 146 116 0 0 0 0 0 0 0 0 15 1 22670 491956 889710 379186 319830 781332 835386 859196 484636 1130198 942678 53848 16128 11706 21714 28808 27830 60456 54524 35160 2073600 2073600 4 17 171609 990720 993600 26279 27399 59735 59493 18 18 17 17 126 4 4 4 4 1920 1080 
[ 4427.154583] MESSAGE_B= 4 4 4 170 18 1 192 0 248 179 0 2945 1818 2943 1819 2277 1823 2276 1823 534 842 538 840 540 696 541 696 0 31 255 255 255 255 104 5 105 6 0 0 0 0 0 0 0 0 18 1 44514 512814 889710 379186 319830 781332 835386 859196 484636 1130198 942678 53848 16128 11706 21714 28808 27830 60456 54524 35160 2073600 2073600 4 12 140533 994560 993600 38946 38875 39427 39446 7 7 12 12 183 4 4 4 4 1920 1080 
[ 4427.434305] MESSAGE_B= 4 4 4 228 30 1 192 0 248 179 0 1490 1890 921 1187 1718 1714 1093 1036 238 329 165 127 605 616 278 300 0 12 220 194 209 253 67 24 121 60 0 0 2 2 0 0 2 2 30 1 14558 498356 889710 379186 319830 781332 835386 859196 484636 1130198 942678 53848 16128 11706 21714 28808 27830 60456 54524 35160 2073600 2073600 4 12 218198 990720 993600 44162 66604 32647 74785 12 12 12 12 208 4 4 4 4 1920 1080 
[ 4427.715842] MESSAGE_B= 4 4 4 101 21 1 192 0 248 179 0 1300 1370 700 740 1380 1385 745 749 509 488 285 275 748 756 414 420 0 31 255 255 255 255 34 15 36 16 0 0 0 0 0 0 0 0 21 1 397982 726646 889710 379186 319830 781332 835386 859196 484636 1130198 942678 53848 16128 11706 21714 28808 27830 60456 54524 35160 2073600 2073600 4 12 199972 994560 993600 33911 63172 37241 65648 12 12 12 12 208 4 4 4 4 1920 1080 
[ 4427.994781] MESSAGE_B= 0 0 4 100 24 1 192 0 248 179 0 1772 1697 1066 1075 1864 1854 1123 1101 359 330 194 211 567 614 261 291 0 12 236 223 239 253 102 76 41 176 0 0 2 2 2 2 2 2 24 1 449228 358372 191428 552230 151750 866836 1034006 990598 520954 682122 445082 703804 19018 127486 20868 23570 44546 23728 2904 807272 2073600 2073600 2 12 251643 990720 993600 48109 71463 52937 79134 12 12 12 12 126 0 0 0 0 1920 1080 
[ 4428.274803] MESSAGE_B= 4 0 4 111 37 1 192 0 248 179 0 1724 1693 1049 1069 1868 1877 1122 1487 324 337 174 230 560 532 254 480 0 12 235 227 241 124 111 146 21 70 0 2 2 2 2 2 2 2 37 1 351138 393158 191428 552230 151750 866836 1034006 990598 520954 682122 445082 703804 19018 127486 20868 23570 44546 23728 2904 807272 2073600 2073600 4 12 258811 994560 993600 52836 76079 52946 76950 12 12 12 12 126 0 0 0 0 1920 1080 
[ 4428.432792] MESSAGE_B= 4 0 4 107 13 1 192 0 248 179 0 1721 1644 1052 1056 1964 1850 1533 1642 317 324 165 231 410 420 558 561 0 12 235 224 194 104 114 90 13 60 0 0 2 0 2 2 2 2 13 1 305794 444136 191428 552230 151750 866836 1034006 990598 520954 682122 445082 703804 19018 127486 20868 23570 44546 23728 2904 807272 2073600 2073600 4 12 244666 990720 993600 52789 76693 47205 67979 12 12 12 12 126 4 0 0 0 1920 1080 
[ 4428.721859] MESSAGE_B= 4 0 0 117 12 1 192 0 248 179 0 1723 1636 1050 1046 1839 1784 1371 1137 315 311 168 204 505 559 444 366 0 12 238 196 95 184 127 89 10 40 0 0 0 2 2 2 2 2 12 1 348214 436452 191428 552230 151750 866836 1034006 990598 520954 682122 445082 703804 19018 127486 20868 23570 44546 23728 2904 807272 2073600 2073600 4 12 253666 994560 993600 50545 74285 52074 76762 12 12 12 12 65 4 0 0 0 1920 1080 
[ 4429.007654] MESSAGE_B= 4 0 0 121 12 1 192 0 248 179 0 1747 1737 1061 1082 1850 1799 1381 1085 311 370 181 223 494 591 441 280 0 12 231 215 110 253 117 144 57 79 0 0 0 2 2 2 2 2 12 1 301210 353070 191428 552230 151750 866836 1034006 990598 520954 682122 445082 703804 19018 127486 20868 23570 44546 23728 2904 807272 2073600 2073600 4 12 255914 990720 993600 47515 69852 56959 81588 12 12 12 12 38 4 0 0 0 1920 1080 
[ 4429.289799] MESSAGE_B= 0 0 0 117 12 1 192 0 248 179 0 1779 1693 1084 1062 1860 1784 1395 1078 353 352 195 211 469 572 426 272 0 12 222 213 98 253 112 113 72 102 0 0 0 2 2 2 2 2 12 1 392464 380912 191428 552230 151750 866836 1034006 990598 520954 682122 445082 703804 19018 127486 20868 23570 44546 23728 2904 807272 2073600 2073600 2 12 246112 994560 993600 45872 68898 52928 78414 12 12 12 12 38 4 0 0 0 1920 1080 
[ 4429.568785] MESSAGE_B= 4 0 0 117 11 1 192 0 248 179 0 1774 1661 1079 1063 1877 1854 1396 1118 341 300 176 202 470 565 427 269 0 12 240 228 93 252 96 76 79 137 0 0 0 2 2 2 2 2 11 1 256074 490922 191428 552230 151750 866836 1034006 990598 520954 682122 445082 703804 19018 127486 20868 23570 44546 23728 2904 807272 2073600 2073600 4 12 241807 990720 993600 46290 70600 49664 75253 12 12 12 12 40 4 0 0 0 1920 1080 
[ 4429.855038] MESSAGE_B= 0 0 0 127 15 1 192 0 248 179 0 1745 1634 1057 1051 1877 1876 1385 1105 344 293 177 183 464 553 414 261 0 12 240 218 92 254 121 85 41 201 0 0 0 2 2 2 2 2 15 1 343502 313488 191428 552230 151750 866836 1034006 990598 520954 682122 445082 703804 19018 127486 20868 23570 44546 23728 2904 807272 2073600 2073600 2 12 241504 994560 993600 47000 70321 49281 74902 12 12 12 12 40 4 0 0 0 1920 1080 
[ 4430.013087] MESSAGE_B= 4 0 0 129 16 1 192 0 248 179 0 1728 1646 1049 1047 1890 1881 1388 1110 344 306 172 177 457 548 415 262 0 12 240 225 93 253 118 94 48 190 0 0 0 2 2 2 2 2 16 1 313134 467292 191428 552230 151750 866836 1034006 990598 520954 682122 445082 703804 19018 127486 20868 23570 44546 23728 2904 807272 2073600 2073600 4 12 237068 990720 993600 45058 69040 48551 74419 12 12 12 12 34 4 0 0 0 1920 1080 
[ 4430.294782] MESSAGE_B= 0 0 0 130 17 1 192 0 248 179 0 1769 1674 1083 1061 1906 1878 1380 1108 339 332 169 177 445 541 409 252 0 12 240 221 97 253 82 88 74 161 0 0 0 2 2 2 2 2 17 1 384610 378060 187388 175986 339854 259074 248882 272688 415034 373428 244274 639522 107746 177366 620536 643552 609948 283610 117052 639924 2073600 2073600 2 12 237077 994560 993600 45102 67996 49794 74185 12 12 12 12 34 4 0 0 0 1920 1080 
[ 4430.577781] MESSAGE_B= 4 0 0 138 17 1 192 0 248 179 0 1745 1709 1076 1068 1890 1860 1356 1095 304 329 152 159 458 537 427 261 0 12 233 229 123 252 88 106 62 79 0 0 0 2 2 2 2 2 17 1 319332 461690 187388 175986 339854 259074 248882 272688 415034 373428 244274 639522 107746 177366 620536 643552 609948 283610 117052 639924 2073600 2073600 4 12 238231 990720 993600 44417 67677 51398 74739 12 12 12 12 34 4 0 0 0 1920 1080 
[ 4430.858789] MESSAGE_B= 0 0 0 139 16 1 192 0 248 179 0 1814 1719 1116 1069 1897 1968 1340 1135 330 324 162 167 462 536 420 259 0 12 228 227 136 253 61 35 91 75 0 0 0 2 2 2 2 2 16 1 400450 380386 187388 175986 339854 259074 248882 272688 415034 373428 244274 639522 107746 177366 620536 643552 609948 283610 117052 639924 2073600 2073600 2 12 244025 994560 993600 50139 71403 50994 71489 12 12 12 12 32 4 0 0 0 1920 1080 
[ 4431.137794] MESSAGE_B= 4 0 0 136 15 2 192 0 248 179 0 1880 1710 1173 1171 1887 1932 1336 1165 336 341 175 219 462 547 424 251 0 12 215 201 139 240 50 37 76 15 0 0 0 2 2 0 2 2 15 2 339288 495114 187388 175986 339854 259074 248882 272688 415034 373428 244274 639522 107746 177366 620536 643552 609948 283610 117052 639924 2073600 2073600 4 12 286238 990720 993600 58770 80456 65409 81603 12 12 12 12 56 4 0 0 0 1920 1080 
[ 4431.417801] MESSAGE_B= 4 0 0 125 15 1 192 0 248 179 0 1945 1636 1203 1209 1912 1862 1348 1166 345 292 165 203 457 544 413 258 0 12 208 176 142 240 61 9 63 32 0 0 0 2 2 0 2 2 15 1 357848 372404 187388 175986 339854 259074 248882 272688 415034 373428 244274 639522 107746 177366 620536 643552 609948 283610 117052 639924 2073600 2073600 4 12 289867 994560 993600 59327 80623 66646 83271 12 12 12 12 56 4 0 0 0 1920 1080 
[ 4431.697823] MESSAGE_B= 0 0 0 123 15 1 192 0 248 179 0 1886 1621 1170 1197 1913 1882 1354 1225 333 253 144 178 472 541 409 262 0 12 178 177 146 230 64 41 37 18 0 0 0 2 2 2 2 2 15 1 363980 314166 187388 175986 339854 259074 248882 272688 415034 373428 244274 639522 107746 177366 620536 643552 609948 283610 117052 639924 2073600 2073600 2 12 294953 990720 993600 60025 80825 68543 85560 12 12 12 12 42 4 0 0 0 1920 1080 
[ 4431.978785] MESSAGE_B= 0 0 0 118 17 1 192 0 248 179 0 1852 1650 1155 1208 1923 1840 1364 1224 317 260 145 200 483 502 406 265 0 12 155 172 141 231 69 57 39 79 0 0 0 0 2 2 2 2 17 1 339354 226506 187388 175986 339854 259074 248882 272688 415034 373428 244274 639522 107746 177366 620536 643552 609948 283610 117052 639924 2073600 2073600 2 12 297730 994560 993600 59762 80843 70122 87003 12 12 12 12 45 4 0 0 0 1920 1080 
[ 4432.259799] MESSAGE_B= 0 0 0 118 18 0 192 0 248 179 0 1850 1703 1150 1225 1952 1816 1370 1229 309 285 141 212 491 513 415 266 0 12 177 175 133 230 65 40 30 73 0 0 0 0 2 2 2 2 18 0 370708 364024 187388 175986 339854 259074 248882 272688 415034 373428 244274 639522 107746 177366 620536 643552 609948 283610 117052 639924 2073600 2073600 2 12 297392 990720 993600 59890 80301 70411 86790 12 12 12 12 45 4 0 0 0 1920 1080 
[ 4432.539672] MESSAGE_B= 0 0 0 120 15 1 192 0 248 179 0 1881 1701 1146 1236 1975 1785 1379 1239 301 284 138 197 500 545 414 272 0 12 215 171 129 231 75 73 53 142 0 0 0 0 2 2 2 2 15 1 334116 223744 187388 175986 339854 259074 248882 272688 415034 373428 244274 639522 107746 177366 620536 643552 609948 283610 117052 639924 2073600 2073600 2 12 297416 994560 993600 58938 80157 71022 87299 12 12 12 12 46 4 0 0 0 1920 1080 
[ 4432.698785] MESSAGE_B= 0 0 0 119 13 1 192 0 248 179 0 1903 1689 1158 1230 1977 1765 1383 1239 327 303 142 184 507 524 411 270 0 12 226 167 128 234 70 83 61 120 0 0 0 0 2 2 2 2 13 1 395982 393570 163904 216880 293474 166482 184918 172458 264986 291988 169712 672928 83316 119276 699674 730930 698836 277210 128058 751966 2073600 2073600 2 12 296138 990720 993600 58306 79429 71028 87375 12 12 12 12 46 4 0 0 0 1920 1080 
[ 4432.979210] MESSAGE_B= 0 0 0 117 15 1 192 0 248 179 0 1942 1677 1182 1241 1978 1771 1396 1236 355 291 159 189 515 502 409 269 0 12 225 184 120 233 83 80 69 85 0 0 0 0 2 2 2 2 15 1 336280 218854 163904 216880 293474 166482 184918 172458 264986 291988 169712 672928 83316 119276 699674 730930 698836 277210 128058 751966 2073600 2073600 2 12 295033 994560 993600 57043 78656 71542 87792 12 12 12 12 46 4 4 0 4 1920 1080 
[ 4433.257807] MESSAGE_B= 0 0 0 117 15 0 192 0 248 179 0 1964 1669 1193 1251 1998 1742 1411 1257 353 283 157 198 492 479 395 241 0 12 224 193 108 226 99 51 72 92 0 0 0 0 2 2 2 2 15 0 395898 393792 163904 216880 293474 166482 184918 172458 264986 291988 169712 672928 83316 119276 699674 730930 698836 277210 128058 751966 2073600 2073600 2 12 293314 990720 993600 55669 77621 71799 88225 12 12 12 12 45 4 4 0 4 1920 1080 
[ 4433.536819] MESSAGE_B= 0 4 0 118 11 2 192 0 248 179 0 1804 1876 1792 1867 1471 1809 1480 1822 218 369 223 374 226 305 236 306 0 31 255 255 254 255 74 92 70 97 0 0 0 0 0 0 0 0 11 2 331750 210106 163904 216880 293474 166482 184918 172458 264986 291988 169712 672928 83316 119276 699674 730930 698836 277210 128058 751966 2073600 2073600 2 17 151538 994560 993600 42682 42592 32960 33304 17 17 17 17 45 4 4 4 4 1920 1080 
[ 4433.822583] MESSAGE_B= 4 4 0 114 10 2 192 0 248 179 0 1755 1636 1745 1626 1482 1806 1491 1819 230 365 234 367 230 303 233 303 0 31 254 255 254 254 22 111 25 122 0 0 0 0 0 0 0 0 10 2 16144 429880 163904 216880 293474 166482 184918 172458 264986 291988 169712 672928 83316 119276 699674 730930 698836 277210 128058 751966 2073600 2073600 4 17 142207 990720 993600 38245 37876 32832 33254 17 17 17 17 40 4 4 4 4 1920 1080 
[ 4434.102797] MESSAGE_B= 4 4 0 113 10 2 192 0 248 179 0 1816 1788 1800 1774 1484 1818 1497 1830 235 285 234 298 227 302 234 300 0 31 255 255 254 253 57 2 52 18 0 0 0 0 0 0 0 0 10 2 17004 512008 163904 216880 293474 166482 184918 172458 264986 291988 169712 672928 83316 119276 699674 730930 698836 277210 128058 751966 2073600 2073600 4 17 149068 994560 993600 42440 42221 32313 32094 17 17 17 17 40 4 4 4 4 1920 1080 
[ 4434.383679] MESSAGE_B= 4 4 4 111 11 2 192 0 248 179 0 1826 1811 1810 1800 1496 1818 1504 1829 236 264 234 271 240 300 242 303 0 31 254 254 253 254 63 38 56 44 0 0 0 0 0 0 0 0 11 2 15030 358836 163904 216880 293474 166482 184918 172458 264986 291988 169712 672928 83316 119276 699674 730930 698836 277210 128058 751966 2073600 2073600 4 17 148721 990720 993600 42110 42127 32310 32174 17 17 17 17 31 4 4 4 4 1920 1080 
[ 4434.664790] MESSAGE_B= 4 4 4 113 10 2 192 0 248 179 0 1842 1818 1824 1806 1508 1816 1514 1828 235 265 237 271 232 297 240 300 0 31 254 254 254 254 42 40 44 48 0 0 0 0 0 0 0 0 10 2 18496 422674 163904 216880 293474 166482 184918 172458 264986 291988 169712 672928 83316 119276 699674 730930 698836 277210 128058 751966 2073600 2073600 4 17 148876 994560 993600 41726 41454 32757 32939 17 17 17 17 18 4 4 4 4 1920 1080 
[ 4434.944923] MESSAGE_B= 4 4 4 112 11 2 192 0 248 179 0 1839 1808 1822 1798 1505 1812 1513 1824 240 266 242 269 243 302 244 302 0 31 254 254 254 254 53 36 48 48 0 0 0 0 0 0 0 0 11 2 15182 360518 163904 216880 293474 166482 184918 172458 264986 291988 169712 672928 83316 119276 699674 730930 698836 277210 128058 751966 2073600 2073600 4 17 149098 990720 993600 41727 41577 32610 33184 17 17 17 17 20 4 4 4 4 1920 1080 
[ 4435.225565] MESSAGE_B= 4 4 4 114 10 2 192 0 248 179 0 1850 1811 1834 1802 1511 1816 1524 1828 242 263 239 270 238 304 242 305 0 31 254 254 253 254 51 31 47 40 0 0 0 0 0 0 0 0 10 2 17218 435520 520422 198360 296216 226004 643664 454064 556858 596670 573608 13836 92594 147972 702804 20748 17992 22580 18336 17484 2073600 2073600 4 17 147716 994560 993600 41519 41292 32506 32399 17 17 17 17 20 4 4 4 4 1920 1080 
[ 4435.504826] MESSAGE_B= 0 4 4 113 11 2 192 0 248 179 0 1854 1812 1838 1801 1525 1823 1532 1835 238 265 232 273 242 300 248 303 0 31 254 254 254 254 52 37 50 45 0 0 0 0 0 0 0 0 11 2 13844 358810 520422 198360 296216 226004 643664 454064 556858 596670 573608 13836 92594 147972 702804 20748 17992 22580 18336 17484 2073600 2073600 2 17 147307 990720 993600 41727 41396 31787 32397 17 17 17 17 17 4 4 4 4 1920 1080 
[ 4435.663541] MESSAGE_B= 4 4 4 113 10 2 192 0 248 179 0 1864 1818 1846 1807 1528 1825 1537 1836 230 264 232 275 244 304 246 301 0 31 254 254 253 254 57 35 50 46 0 0 0 0 0 0 0 0 10 2 15812 423462 520422 198360 296216 226004 643664 454064 556858 596670 573608 13836 92594 147972 702804 20748 17992 22580 18336 17484 2073600 2073600 4 17 147742 994560 993600 41737 41215 32317 32473 17 17 17 17 16 4 4 4 4 1920 1080 
[ 4435.943783] MESSAGE_B= 4 4 4 46 8 2 192 0 248 179 0 1710 1658 1712 1656 2402 2417 2407 2412 232 260 245 245 428 493 422 494 0 31 255 255 255 255 188 122 192 123 0 0 0 0 0 0 0 0 8 2 18510 359480 520422 198360 296216 226004 643664 454064 556858 596670 573608 13836 92594 147972 702804 20748 17992 22580 18336 17484 2073600 2073600 4 18 172444 990720 993600 43921 43688 54552 54641 16 16 18 18 78 4 4 4 4 1920 1080 

