[ 2787.885830] MESSAGE_B= 4 4 4 44 34 1 192 0 248 179 0 2238 2693 2098 2422 2377 2220 2232 1963 780 838 775 774 556 554 578 531 0 31 255 255 253 247 134 61 129 73 0 0 0 0 0 0 0 0 34 1 283862 783248 1030748 77182 68710 40954 672 905226 1637344 1094578 1130704 333502 43346 13842 40958 266094 337814 440424 375484 342008 2073600 2073600 4 6 131583 994560 993600 59834 63999 20726 17810 6 6 1 12 78 4 4 4 4 1920 1080 
[ 2788.167804] MESSAGE_B= 4 4 4 46 34 1 192 0 248 179 0 2110 2548 1963 2278 2506 2288 2361 2014 824 903 826 839 481 460 497 435 0 31 255 255 251 244 157 96 147 116 0 0 0 0 0 0 0 0 34 1 153710 416998 1030748 77182 68710 40954 672 905226 1637344 1094578 1130704 333502 43346 13842 40958 266094 337814 440424 375484 342008 2073600 2073600 4 6 106721 990720 993600 47609 51757 21889 15939 6 6 1 21 84 4 4 4 4 1920 1080 
[ 2788.455798] MESSAGE_B= 4 4 4 47 30 3 192 0 248 179 0 1978 2383 1830 2117 2626 2370 2483 2107 822 942 826 873 385 395 385 371 0 31 255 255 248 239 181 98 167 115 0 0 0 0 0 0 0 0 30 3 279874 705642 1030748 77182 68710 40954 672 905226 1637344 1094578 1130704 333502 43346 13842 40958 266094 337814 440424 375484 342008 2073600 2073600 4 6 84164 994560 993600 35915 40262 24075 16757 6 6 1 21 87 4 4 4 4 1920 1080 
[ 2788.612820] MESSAGE_B= 4 4 4 49 29 3 192 0 248 179 0 1926 2308 1777 2042 2678 2392 2529 2125 806 941 811 876 349 354 345 332 0 31 255 255 246 235 175 111 154 126 0 0 0 0 0 0 0 0 29 3 147046 519844 1030748 77182 68710 40954 672 905226 1637344 1094578 1130704 333502 43346 13842 40958 266094 337814 440424 375484 342008 2073600 2073600 4 6 75088 990720 993600 31310 35527 26482 16881 6 6 1 25 87 4 4 4 4 1920 1080 
[ 2788.890784] MESSAGE_B= 4 4 4 48 30 2 192 0 248 179 0 1866 2192 1718 1932 2742 2425 2587 2161 768 893 776 832 308 326 306 301 0 31 255 255 242 235 172 127 145 141 0 0 0 0 0 0 0 0 30 2 268454 489344 1030748 77182 68710 40954 672 905226 1637344 1094578 1130704 333502 43346 13842 40958 266094 337814 440424 375484 342008 2073600 2073600 4 1 80569 994560 993600 25677 29108 27974 17619 6 6 1 25 85 4 4 4 4 1920 1080 
[ 2789.169792] MESSAGE_B= 4 4 4 46 24 2 192 0 248 179 0 1814 2097 1657 1833 2793 2484 2631 2201 730 822 738 771 285 291 278 266 0 31 255 254 239 227 162 87 132 89 0 0 0 0 0 0 0 0 24 2 158186 598754 1030748 77182 68710 40954 672 905226 1637344 1094578 1130704 333502 43346 13842 40958 266094 337814 440424 375484 342008 2073600 2073600 4 1 88746 990720 993600 25248 23024 30294 18390 1 6 1 25 73 4 4 4 4 1920 1080 
[ 2789.449786] MESSAGE_B= 4 4 4 43 26 2 192 0 248 179 0 1756 1996 1599 1738 2832 2487 2662 2198 686 735 696 692 285 273 279 257 0 31 255 254 239 226 163 122 126 120 0 0 0 0 0 0 0 0 26 2 267446 423094 1030748 77182 68710 40954 672 905226 1637344 1094578 1130704 333502 43346 13842 40958 266094 337814 440424 375484 342008 2073600 2073600 4 1 95193 994560 993600 27757 23836 32821 18624 1 1 1 25 73 4 4 4 4 1920 1080 
[ 2789.727792] MESSAGE_B= 4 4 4 41 23 4 192 0 248 179 0 1706 1906 1553 1651 2855 2488 2673 2205 647 657 659 623 297 230 280 209 0 31 254 254 242 217 142 42 116 27 0 0 0 0 0 0 0 0 23 4 179122 549362 689718 1293244 1301244 702454 740554 645292 773134 938624 681512 290582 122950 174972 336486 370566 255672 299050 220278 295108 2073600 2073600 4 1 108699 990720 993600 31645 26410 37054 18257 1 1 1 22 73 4 4 4 4 1920 1080 
[ 2790.007789] MESSAGE_B= 4 4 4 39 21 1 192 0 248 179 0 1669 1825 1518 1574 2899 2518 2712 2216 594 581 614 554 291 225 268 209 0 31 254 253 238 210 125 37 101 1 0 0 0 0 0 0 0 0 21 1 239390 472826 689718 1293244 1301244 702454 740554 645292 773134 938624 681512 290582 122950 174972 336486 370566 255672 299050 220278 295108 2073600 2073600 4 1 114783 994560 993600 33438 27562 37387 18577 1 1 1 25 74 4 4 4 4 1920 1080 
[ 2790.286801] MESSAGE_B= 4 4 4 39 20 1 192 0 248 179 0 1641 1749 1492 1500 2911 2486 2721 2196 558 519 581 505 276 219 268 205 0 31 254 252 239 217 143 34 116 31 0 0 0 0 0 0 0 0 20 1 213946 483190 689718 1293244 1301244 702454 740554 645292 773134 938624 681512 290582 122950 174972 336486 370566 255672 299050 220278 295108 2073600 2073600 4 1 118119 990720 993600 36310 28366 37255 18929 1 1 1 25 83 4 4 4 4 1920 1080 
[ 2790.568874] MESSAGE_B= 4 4 4 38 20 1 192 0 248 179 0 1648 1665 1495 1416 2920 2584 2730 2279 584 435 599 415 287 258 279 221 0 31 254 250 241 225 153 58 138 28 0 0 0 0 0 0 0 0 20 1 209804 517730 689718 1293244 1301244 702454 740554 645292 773134 938624 681512 290582 122950 174972 336486 370566 255672 299050 220278 295108 2073600 2073600 4 1 124132 994560 993600 36387 28846 39550 19536 1 1 1 25 87 4 4 4 4 1920 1080 
[ 2790.728783] MESSAGE_B= 4 4 4 39 21 1 192 0 248 179 0 1652 1656 1497 1396 2916 2592 2725 2285 607 469 620 436 298 261 289 222 0 31 254 251 242 226 159 59 147 15 0 0 0 0 0 0 0 0 21 1 211198 374494 689718 1293244 1301244 702454 740554 645292 773134 938624 681512 290582 122950 174972 336486 370566 255672 299050 220278 295108 2073600 2073600 4 1 133937 990720 993600 38759 30333 43033 21812 1 1 1 1 87 4 4 4 4 1920 1080 
[ 2791.012790] MESSAGE_B= 4 4 4 39 22 1 192 0 248 179 0 1681 1698 1524 1435 2926 2594 2733 2293 640 518 650 483 322 269 310 216 0 31 254 252 244 228 166 109 161 63 0 0 0 0 0 0 0 0 22 1 187956 601626 689718 1293244 1301244 702454 740554 645292 773134 938624 681512 290582 122950 174972 336486 370566 255672 299050 220278 295108 2073600 2073600 4 1 138858 994560 993600 39684 30558 44417 24199 1 1 1 1 83 4 4 4 4 1920 1080 
[ 2791.295785] MESSAGE_B= 4 4 4 39 22 1 192 0 248 179 0 1713 1790 1555 1517 2930 2521 2737 2240 672 524 679 491 333 225 314 201 0 31 254 252 243 217 167 81 171 23 0 0 0 0 0 0 0 0 22 1 225054 333022 689718 1293244 1301244 702454 740554 645292 773134 938624 681512 290582 122950 174972 336486 370566 255672 299050 220278 295108 2073600 2073600 4 1 138118 990720 993600 39675 30660 43540 24243 1 1 1 1 76 4 4 4 4 1920 1080 
[ 2791.576806] MESSAGE_B= 4 4 4 39 19 1 192 0 248 179 0 1711 1851 1553 1570 2933 2480 2740 2199 668 603 678 557 332 249 310 215 0 31 255 253 244 217 164 99 169 53 0 0 0 0 0 0 0 0 19 1 187842 658644 689718 1293244 1301244 702454 740554 645292 773134 938624 681512 290582 122950 174972 336486 370566 255672 299050 220278 295108 2073600 2073600 4 1 139306 994560 993600 41004 31148 43041 24113 1 1 1 1 76 4 4 4 4 1920 1080 
[ 2791.856784] MESSAGE_B= 4 4 4 39 19 1 192 0 248 179 0 1705 1835 1544 1555 2930 2460 2735 2188 664 576 674 530 329 241 316 227 0 31 255 253 243 219 165 31 163 20 0 0 0 0 0 0 0 0 19 1 197442 348924 689718 1293244 1301244 702454 740554 645292 773134 938624 681512 290582 122950 174972 336486 370566 255672 299050 220278 295108 2073600 2073600 4 1 137634 990720 993600 40665 30720 42327 23922 1 1 1 1 34 4 4 4 4 1920 1080 
[ 2792.135805] MESSAGE_B= 4 4 4 21 23 3 192 0 248 179 0 1633 1217 1717 1173 1874 1587 1911 1578 695 601 728 648 952 728 1022 808 0 31 253 255 255 255 131 157 132 158 0 0 0 0 0 0 0 0 23 3 189092 610182 719694 331372 364740 748106 854780 795652 437724 726726 764490 282920 171808 161158 323708 337494 358654 232174 253684 319796 2073600 2073600 4 1 112943 994560 993600 29244 31514 26701 32015 12 12 1 1 37 4 4 4 4 1920 1080 
[ 2792.415803] MESSAGE_B= 4 4 4 18 23 3 192 0 248 179 0 1620 1250 1709 1192 1852 1606 1888 1598 695 785 727 817 951 745 1022 820 0 31 254 255 255 255 134 165 133 162 0 0 0 0 0 0 0 0 23 3 353334 584548 719694 331372 364740 748106 854780 795652 437724 726726 764490 282920 171808 161158 323708 337494 358654 232174 253684 319796 2073600 2073600 4 1 112494 990720 993600 30983 32991 26854 32417 12 12 1 1 37 4 4 4 4 1920 1080 
[ 2792.673791] MESSAGE_B= 4 4 4 20 25 3 192 0 248 179 0 1630 1196 1711 1135 1739 1570 1763 1554 695 677 727 697 825 701 885 774 0 31 253 255 255 255 142 164 143 165 0 0 0 0 0 0 0 0 25 3 137474 749888 719694 331372 364740 748106 854780 795652 437724 726726 764490 282920 171808 161158 323708 337494 358654 232174 253684 319796 2073600 2073600 4 12 104154 994560 993600 30287 32787 23709 31751 12 12 13 6 43 4 4 4 4 1920 1080 
[ 2792.952803] MESSAGE_B= 4 4 4 19 24 2 192 0 248 179 0 1567 1411 1644 1349 1745 1488 1770 1476 576 819 601 854 842 672 905 748 0 31 252 255 255 255 127 197 123 196 0 0 0 0 0 0 0 0 24 2 324636 609374 719694 331372 364740 748106 854780 795652 437724 726726 764490 282920 171808 161158 323708 337494 358654 232174 253684 319796 2073600 2073600 4 1 108009 990720 993600 30162 30245 24094 30491 1 12 1 6 43 4 4 4 4 1920 1080 
[ 2793.111788] MESSAGE_B= 4 4 4 19 25 2 192 0 248 179 0 1551 1421 1627 1356 1736 1670 1760 1670 567 817 589 855 840 840 901 919 0 31 252 255 255 255 131 188 129 187 0 0 0 0 0 0 0 0 25 2 136508 658330 719694 331372 364740 748106 854780 795652 437724 726726 764490 282920 171808 161158 323708 337494 358654 232174 253684 319796 2073600 2073600 4 1 107509 994560 993600 29705 30426 24012 29132 1 12 1 6 43 4 4 4 4 1920 1080 
[ 2793.393240] MESSAGE_B= 4 4 4 18 26 2 192 0 248 179 0 1539 1413 1613 1351 1713 1696 1733 1691 544 813 565 847 818 812 881 896 0 31 252 255 255 255 135 188 133 186 0 0 0 0 0 0 0 0 26 2 299198 577538 719694 331372 364740 748106 854780 795652 437724 726726 764490 282920 171808 161158 323708 337494 358654 232174 253684 319796 2073600 2073600 4 1 107752 990720 993600 30511 30907 24174 31281 1 12 13 6 41 4 4 4 4 1920 1080 
[ 2793.680150] MESSAGE_B= 4 4 4 18 23 2 192 0 248 179 0 1479 1423 1542 1362 1698 1702 1715 1698 479 806 494 839 780 808 838 892 0 31 251 255 255 255 139 186 140 184 0 0 0 0 0 0 0 0 23 2 139916 731816 719694 331372 364740 748106 854780 795652 437724 726726 764490 282920 171808 161158 323708 337494 358654 232174 253684 319796 2073600 2073600 4 1 105393 994560 993600 30713 31536 24747 30476 1 12 13 6 34 4 4 4 4 1920 1080 
[ 2793.959794] MESSAGE_B= 4 4 4 18 23 2 192 0 248 179 0 1511 1412 1586 1348 1745 1694 1768 1690 515 812 542 847 849 808 913 892 0 31 251 255 255 255 133 182 129 182 0 0 0 0 0 0 0 0 23 2 305922 602922 719694 331372 364740 748106 854780 795652 437724 726726 764490 282920 171808 161158 323708 337494 358654 232174 253684 319796 2073600 2073600 4 1 107287 990720 993600 29822 31392 24156 30342 1 12 13 6 35 4 4 4 4 1920 1080 
[ 2794.246530] MESSAGE_B= 4 4 4 18 25 2 192 0 248 179 0 1614 1396 1696 1334 1652 1701 1668 1698 685 825 722 862 740 808 794 892 0 31 253 255 255 255 112 182 109 182 0 0 0 0 0 0 0 0 25 2 137998 735014 719694 331372 364740 748106 854780 795652 437724 726726 764490 282920 171808 161158 323708 337494 358654 232174 253684 319796 2073600 2073600 4 1 101786 994560 993600 30432 30127 23504 31010 1 12 13 6 36 4 4 4 4 1920 1080 
[ 2794.526801] MESSAGE_B= 4 4 4 17 24 2 192 0 248 179 0 1555 1381 1637 1322 1776 1692 1805 1690 578 831 598 865 877 813 939 893 0 31 252 255 255 255 125 186 123 186 0 0 0 0 0 0 0 0 24 2 307314 574930 741570 594710 310128 797954 708450 742596 889730 823288 819200 259816 99900 380408 225366 272840 404182 660486 277418 325392 2073600 2073600 4 1 111197 990720 993600 31100 30148 25062 31643 1 12 1 6 37 4 4 4 4 1920 1080 
[ 2794.805793] MESSAGE_B= 4 4 4 17 25 3 192 0 248 179 0 1728 1384 1863 1337 1865 1698 1902 1698 614 829 630 857 957 814 1029 895 0 31 248 255 255 255 96 188 75 185 0 0 0 0 0 0 0 0 25 3 137322 700110 741570 594710 310128 797954 708450 742596 889730 823288 819200 259816 99900 380408 225366 272840 404182 660486 277418 325392 2073600 2073600 4 1 115586 994560 993600 29769 28833 27274 32121 1 12 1 6 37 4 4 4 4 1920 1080 
[ 2795.084800] MESSAGE_B= 4 4 4 19 23 2 192 0 248 179 0 1820 1380 1953 1327 1867 1693 1905 1691 605 828 637 860 956 813 1029 895 0 31 248 255 255 255 55 188 35 186 0 0 0 0 0 0 0 0 23 2 338398 608674 741570 594710 310128 797954 708450 742596 889730 823288 819200 259816 99900 380408 225366 272840 404182 660486 277418 325392 2073600 2073600 4 1 116609 990720 993600 29219 27848 27176 32366 1 1 1 1 29 4 4 4 4 1920 1080 
[ 2795.364259] MESSAGE_B= 4 4 4 19 24 3 192 0 248 179 0 1844 1398 1967 1342 1872 1677 1910 1675 609 819 644 854 956 796 1028 878 0 31 245 255 255 255 45 187 29 185 0 0 0 0 0 0 0 0 24 3 131378 808550 741570 594710 310128 797954 708450 742596 889730 823288 819200 259816 99900 380408 225366 272840 404182 660486 277418 325392 2073600 2073600 4 1 117133 994560 993600 29648 28135 27105 32245 1 1 1 1 28 4 4 4 4 1920 1080 
[ 2795.649363] MESSAGE_B= 4 4 4 19 24 2 192 0 248 179 0 1712 1382 1790 1320 1872 1574 1908 1561 634 715 665 745 953 690 1027 766 0 31 252 255 255 255 110 189 114 188 0 0 0 0 0 0 0 0 24 2 349442 615884 741570 594710 310128 797954 708450 742596 889730 823288 819200 259816 99900 380408 225366 272840 404182 660486 277418 325392 2073600 2073600 4 1 118838 990720 993600 30469 28993 27417 31959 1 1 1 1 38 4 4 4 4 1920 1080 
[ 2795.939791] MESSAGE_B= 4 4 4 20 20 3 192 0 248 179 0 1599 1411 1679 1322 1876 1643 1914 1648 691 729 724 783 954 753 1028 842 0 31 254 255 255 255 144 171 146 173 0 0 0 0 0 0 0 0 20 3 135326 770224 741570 594710 310128 797954 708450 742596 889730 823288 819200 259816 99900 380408 225366 272840 404182 660486 277418 325392 2073600 2073600 4 1 115090 994560 993600 29519 29731 26889 31824 1 12 1 6 39 4 4 4 4 1920 1080 
[ 2796.097785] MESSAGE_B= 4 4 4 18 22 3 192 0 248 179 0 1629 1393 1707 1317 1864 1652 1899 1658 698 763 726 820 949 769 1022 860 0 31 254 255 255 255 135 171 138 171 0 0 0 0 0 0 0 0 22 3 340034 593452 741570 594710 310128 797954 708450 742596 889730 823288 819200 259816 99900 380408 225366 272840 404182 660486 277418 325392 2073600 2073600 4 1 115626 990720 993600 30124 29551 26622 31762 1 12 1 6 39 4 4 4 4 1920 1080 
[ 2796.377073] MESSAGE_B= 4 4 4 17 21 3 192 0 248 179 0 1635 1412 1717 1317 1867 1644 1903 1642 698 720 727 777 948 770 1020 852 0 31 253 255 255 255 132 168 134 168 0 0 0 0 0 0 0 0 21 3 140836 767036 741570 594710 310128 797954 708450 742596 889730 823288 819200 259816 99900 380408 225366 272840 404182 660486 277418 325392 2073600 2073600 4 1 114073 994560 993600 29402 29220 26571 31744 1 12 1 1 33 4 4 4 4 1920 1080 
[ 2796.657208] MESSAGE_B= 4 4 4 19 25 2 192 0 248 179 0 1650 1402 1741 1340 1869 1572 1905 1560 704 829 742 865 948 722 1022 791 0 31 254 255 255 255 126 187 123 184 0 0 0 0 0 0 0 0 25 2 337764 597386 741570 594710 310128 797954 708450 742596 889730 823288 819200 259816 99900 380408 225366 272840 404182 660486 277418 325392 2073600 2073600 4 1 114584 990720 993600 30663 29434 26405 31616 1 12 1 1 32 4 4 4 4 1920 1080 
[ 2796.935802] MESSAGE_B= 4 4 4 19 24 2 192 0 248 179 0 1643 1312 1735 1250 1875 1514 1913 1504 698 666 729 680 957 666 1031 743 0 31 254 255 255 255 131 184 135 183 0 0 0 0 0 0 0 0 24 2 138502 724260 776274 585994 277496 882654 805286 739308 881736 749762 819062 280560 93080 376478 271966 291616 427260 648526 294902 352062 2073600 2073600 4 1 114249 994560 993600 29705 30311 26491 32389 1 12 1 1 37 4 4 4 4 1920 1080 
[ 2797.214794] MESSAGE_B= 4 4 4 18 28 2 192 0 248 179 0 1653 1272 1733 1188 1869 1684 1906 1683 706 738 736 781 960 805 1032 888 0 31 253 255 255 255 125 150 127 151 0 0 0 0 0 0 0 0 28 2 322462 610238 776274 585994 277496 882654 805286 739308 881736 749762 819062 280560 93080 376478 271966 291616 427260 648526 294902 352062 2073600 2073600 4 1 112432 990720 993600 30993 33578 26849 32780 12 12 1 1 37 4 4 4 4 1920 1080 
[ 2797.373788] MESSAGE_B= 4 4 4 18 25 3 192 0 248 179 0 1362 1513 1978 2073 1283 2227 1746 3049 333 221 438 309 397 462 551 684 0 6 254 254 255 255 208 55 210 41 0 0 0 0 0 0 0 0 25 3 137034 740644 776274 585994 277496 882654 805286 739308 881736 749762 819062 280560 93080 376478 271966 291616 427260 648526 294902 352062 2073600 2073600 4 6 190620 994560 993600 93247 95297 40258 30092 6 6 20 1 37 4 4 4 4 1920 1080 
[ 2797.651796] MESSAGE_B= 4 4 4 14 86 1 192 0 248 179 0 698 1073 1004 1428 1307 2117 1781 2888 76 303 117 421 413 381 586 563 0 6 241 251 255 255 80 3 101 11 0 0 0 0 2 2 2 2 86 1 571280 620042 776274 585994 277496 882654 805286 739308 881736 749762 819062 280560 93080 376478 271966 291616 427260 648526 294902 352062 2073600 2073600 4 6 191037 990720 993600 93232 95617 36244 28789 6 6 20 15 29 4 4 4 4 1920 1080 
[ 2797.931784] MESSAGE_B= 0 4 4 14 92 1 192 0 248 179 0 693 1064 1009 1403 1296 2192 1772 3002 79 296 122 401 423 436 594 647 0 6 240 247 254 255 98 75 107 68 0 0 0 0 2 2 2 2 92 1 724176 780910 776274 585994 277496 882654 805286 739308 881736 749762 819062 280560 93080 376478 271966 291616 427260 648526 294902 352062 2073600 2073600 1 6 190560 994560 993600 93110 95886 35128 31587 6 6 20 1 29 4 4 4 4 1920 1080 
[ 2798.218663] MESSAGE_B= 4 4 4 14 84 1 192 0 248 179 0 696 1113 1014 1465 1291 2201 1766 3017 82 267 125 365 420 485 599 703 0 6 241 244 255 255 106 3 108 5 0 0 0 0 2 2 2 2 84 1 561466 785614 776274 585994 277496 882654 805286 739308 881736 749762 819062 280560 93080 376478 271966 291616 427260 648526 294902 352062 2073600 2073600 4 6 187089 990720 993600 90906 93772 37529 30924 6 6 20 1 29 4 4 4 4 1920 1080 
[ 2798.499798] MESSAGE_B= 4 4 4 13 83 1 192 0 248 179 0 709 1160 1036 1538 1310 2215 1779 3043 84 294 132 418 430 463 605 686 0 6 240 248 255 255 68 2 113 24 0 0 0 0 2 2 2 2 83 1 717720 776992 776274 585994 277496 882654 805286 739308 881736 749762 819062 280560 93080 376478 271966 291616 427260 648526 294902 352062 2073600 2073600 4 6 187144 994560 993600 90905 93973 39538 31399 6 6 20 1 25 4 4 4 4 1920 1080 
[ 2798.784089] MESSAGE_B= 4 4 4 13 99 1 192 0 248 179 0 702 1124 1023 1495 1307 2234 1777 3076 76 314 114 435 431 473 604 684 0 6 239 251 255 255 15 13 66 6 0 0 0 0 2 2 2 2 99 1 582432 805988 776274 585994 277496 882654 805286 739308 881736 749762 819062 280560 93080 376478 271966 291616 427260 648526 294902 352062 2073600 2073600 4 6 189406 990720 993600 92467 95461 38696 32743 6 6 20 1 20 4 4 4 4 1920 1080 
[ 2799.068801] MESSAGE_B= 0 4 4 13 87 1 192 0 248 179 0 714 1107 1036 1462 1310 2185 1780 2994 67 282 100 374 427 417 599 617 0 6 234 250 255 255 79 48 129 36 0 0 0 0 2 2 2 2 87 1 727428 764124 776274 585994 277496 882654 805286 739308 881736 749762 819062 280560 93080 376478 271966 291616 427260 648526 294902 352062 2073600 2073600 1 6 190393 994560 993600 92877 95403 38463 29722 6 6 20 1 21 4 4 4 4 1920 1080 
[ 2799.226502] MESSAGE_B= 4 4 4 13 102 1 192 0 248 179 0 692 1088 1009 1435 1306 2187 1779 3003 61 279 90 352 429 438 602 642 0 6 230 249 255 255 40 16 93 13 0 0 0 0 2 2 2 2 102 1 589354 818808 1081956 580406 325474 1070050 758192 1226224 1607636 1583346 1091006 1048886 83622 378184 1038602 1132684 1107302 534914 578330 964020 2073600 2073600 4 6 190272 990720 993600 92843 95404 38420 29234 6 6 20 1 21 4 4 4 4 1920 1080 
[ 2799.514108] MESSAGE_B= 0 4 4 13 104 1 192 0 248 179 0 697 1077 1013 1427 1300 2240 1769 3078 68 268 116 336 403 475 565 696 0 6 238 246 255 255 61 38 109 35 0 0 0 0 2 2 2 2 104 1 720820 767898 1081956 580406 325474 1070050 758192 1226224 1607636 1583346 1091006 1048886 83622 378184 1038602 1132684 1107302 534914 578330 964020 2073600 2073600 1 6 190213 994560 993600 92813 95288 39016 32166 6 6 20 1 21 4 4 4 4 1920 1080 
[ 2799.799675] MESSAGE_B= 4 4 4 11 109 1 192 0 248 179 0 699 1101 1018 1456 1299 2239 1764 3078 66 284 103 356 426 476 598 700 0 6 231 250 255 255 4 51 43 50 0 0 0 0 2 2 2 2 109 1 566406 796538 1081956 580406 325474 1070050 758192 1226224 1607636 1583346 1091006 1048886 83622 378184 1038602 1132684 1107302 534914 578330 964020 2073600 2073600 4 6 189347 990720 993600 92700 94854 38672 32083 6 6 20 1 20 4 4 4 4 1920 1080 
[ 2800.080787] MESSAGE_B= 4 4 4 11 101 1 192 0 248 179 0 713 1109 1031 1473 1301 2239 1768 3079 68 298 117 378 418 474 582 700 0 6 236 251 255 255 20 53 60 52 0 0 0 0 2 2 2 2 101 1 715086 754712 1081956 580406 325474 1070050 758192 1226224 1607636 1583346 1091006 1048886 83622 378184 1038602 1132684 1107302 534914 578330 964020 2073600 2073600 4 6 188532 994560 993600 92358 94252 38873 32129 6 6 20 1 19 4 4 4 4 1920 1080 
[ 2800.359797] MESSAGE_B= 4 4 4 12 115 1 192 0 248 179 0 702 1104 1028 1468 1299 2240 1763 3081 71 299 115 384 420 477 588 699 0 6 238 250 255 255 45 59 46 58 0 0 0 0 2 2 2 2 115 1 597604 804356 1081956 580406 325474 1070050 758192 1226224 1607636 1583346 1091006 1048886 83622 378184 1038602 1132684 1107302 534914 578330 964020 2073600 2073600 4 6 188277 990720 993600 92195 94142 39139 31560 6 6 20 1 17 4 4 4 4 1920 1080 
[ 2800.640784] MESSAGE_B= 4 4 4 12 109 1 192 0 248 179 0 718 1107 1037 1468 1298 2241 1760 3080 77 315 124 398 417 476 585 699 0 6 238 250 255 255 4 57 53 51 0 0 0 0 2 2 2 2 109 1 713990 762424 1081956 580406 325474 1070050 758192 1226224 1607636 1583346 1091006 1048886 83622 378184 1038602 1132684 1107302 534914 578330 964020 2073600 2073600 4 6 187957 994560 993600 91985 93995 39491 30968 6 6 20 1 15 4 4 4 4 1920 1080 
[ 2800.922785] MESSAGE_B= 4 4 4 12 123 1 192 0 248 179 0 717 1097 1038 1458 1291 2234 1754 3075 87 325 129 421 417 470 582 693 0 6 247 252 255 255 1 60 53 48 0 0 0 0 2 2 2 2 123 1 599372 799184 1081956 580406 325474 1070050 758192 1226224 1607636 1583346 1091006 1048886 83622 378184 1038602 1132684 1107302 534914 578330 964020 2073600 2073600 4 6 187887 990720 993600 91834 94000 38925 32067 6 6 20 1 15 4 4 4 4 1920 1080 
[ 2801.210152] MESSAGE_B= 4 4 4 12 94 1 192 0 248 179 0 694 1102 1015 1473 1287 2207 1751 3034 65 318 91 431 415 454 574 666 0 6 229 250 254 255 15 25 80 12 0 0 0 0 2 2 2 2 94 1 712608 764006 1081956 580406 325474 1070050 758192 1226224 1607636 1583346 1091006 1048886 83622 378184 1038602 1132684 1107302 534914 578330 964020 2073600 2073600 4 6 190082 994560 993600 92911 95156 39365 30530 6 6 20 1 20 4 4 4 4 1920 1080 
[ 2801.372033] MESSAGE_B= 4 4 4 11 91 1 192 0 248 179 0 688 1119 996 1495 1303 2205 1768 3029 56 331 92 455 398 448 552 664 0 6 233 251 254 255 4 21 32 0 0 0 0 0 2 2 2 2 91 1 588828 796174 1081956 580406 325474 1070050 758192 1226224 1607636 1583346 1091006 1048886 83622 378184 1038602 1132684 1107302 534914 578330 964020 2073600 2073600 4 6 190775 990720 993600 93279 95473 39651 29500 6 6 20 1 23 4 4 4 4 1920 1080 
[ 2801.650801] MESSAGE_B= 0 4 4 11 74 1 192 0 248 179 0 678 1119 980 1479 1249 2234 1705 3058 66 335 87 462 410 472 569 683 0 6 238 251 255 255 34 33 50 33 0 0 0 0 2 2 2 2 74 1 725456 760680 1089692 1567564 1593210 1105620 790786 1220828 1623878 1598430 1074870 1033026 428734 478084 1055556 1112036 1110024 532180 573234 957052 2073600 2073600 1 6 191447 994560 993600 93462 95827 39539 30616 6 6 20 1 24 4 4 4 4 1920 1080 
[ 2801.929804] MESSAGE_B= 4 4 4 14 83 1 192 0 248 179 0 675 1085 982 1442 1287 2145 1755 2933 61 356 79 475 428 389 604 572 0 6 232 251 255 255 9 47 95 37 0 0 0 0 2 2 2 2 83 1 570158 801570 1089692 1567564 1593210 1105620 790786 1220828 1623878 1598430 1074870 1033026 428734 478084 1055556 1112036 1110024 532180 573234 957052 2073600 2073600 4 6 192017 990720 993600 93807 96050 37124 28050 6 6 20 15 25 4 4 4 4 1920 1080 
[ 2802.208811] MESSAGE_B= 0 4 4 13 82 1 192 0 248 179 0 687 1138 994 1526 1297 2213 1768 3038 65 343 86 491 432 475 607 694 0 6 235 252 255 255 66 24 79 7 0 0 0 0 2 2 2 2 82 1 727278 778866 1089692 1567564 1593210 1105620 790786 1220828 1623878 1598430 1074870 1033026 428734 478084 1055556 1112036 1110024 532180 573234 957052 2073600 2073600 1 6 189104 994560 993600 92652 95193 38100 32855 6 6 20 1 25 4 4 4 4 1920 1080 
[ 2802.496219] MESSAGE_B= 4 4 4 12 87 1 192 0 248 179 0 692 1139 999 1516 1304 2217 1779 3049 59 312 86 442 425 466 599 690 0 6 238 251 254 255 2 1 65 17 0 0 0 0 2 2 2 2 87 1 588024 805248 1089692 1567564 1593210 1105620 790786 1220828 1623878 1598430 1074870 1033026 428734 478084 1055556 1112036 1110024 532180 573234 957052 2073600 2073600 4 6 186998 990720 993600 90974 93652 39474 31428 6 6 20 1 25 4 4 4 4 1920 1080 
[ 2802.777787] MESSAGE_B= 4 4 4 12 92 1 192 0 248 179 0 705 1122 1022 1489 1284 2200 1749 3015 69 275 91 376 431 450 608 662 0 6 236 249 255 255 13 37 90 46 0 0 0 0 2 2 2 2 92 1 712168 766882 1089692 1567564 1593210 1105620 790786 1220828 1623878 1598430 1074870 1033026 428734 478084 1055556 1112036 1110024 532180 573234 957052 2073600 2073600 4 6 186018 994560 993600 90553 93362 39464 30256 6 6 20 1 23 4 4 4 4 1920 1080 
[ 2802.935987] MESSAGE_B= 4 4 4 13 96 1 192 0 248 179 0 710 1099 1025 1458 1278 2220 1752 3031 60 252 97 337 416 434 594 626 0 6 237 245 255 255 37 7 78 26 0 0 0 0 2 2 2 2 96 1 579606 798764 1089692 1567564 1593210 1105620 790786 1220828 1623878 1598430 1074870 1033026 428734 478084 1055556 1112036 1110024 532180 573234 957052 2073600 2073600 4 6 187042 990720 993600 91060 94046 38204 29930 6 6 20 1 24 4 4 4 4 1920 1080 
[ 2803.220793] MESSAGE_B= 4 4 4 14 101 1 192 0 248 179 0 699 1055 1013 1393 1283 2184 1749 2982 59 276 93 361 434 414 613 615 0 6 229 249 255 255 43 29 54 30 0 0 0 0 2 2 2 2 101 1 712844 768710 1089692 1567564 1593210 1105620 790786 1220828 1623878 1598430 1074870 1033026 428734 478084 1055556 1112036 1110024 532180 573234 957052 2073600 2073600 4 6 190455 994560 993600 93108 95452 37786 29836 6 6 20 1 24 4 4 4 4 1920 1080 
[ 2803.499816] MESSAGE_B= 4 4 4 13 99 1 192 0 248 179 0 705 1064 1015 1413 1296 2160 1768 2961 61 288 94 372 429 424 602 622 0 6 239 250 255 255 32 32 70 28 0 0 0 0 2 2 2 2 99 1 571204 793410 1089692 1567564 1593210 1105620 790786 1220828 1623878 1598430 1074870 1033026 428734 478084 1055556 1112036 1110024 532180 573234 957052 2073600 2073600 4 6 190268 990720 993600 92941 95055 37506 28331 6 6 20 1 24 4 4 4 4 1920 1080 
[ 2803.778787] MESSAGE_B= 4 4 4 13 110 1 192 0 248 179 0 685 1072 992 1418 1287 2230 1758 3055 68 276 84 347 392 471 558 684 0 6 247 245 255 255 35 58 52 48 0 0 0 0 2 2 2 2 110 1 716854 769580 1089692 1567564 1593210 1105620 790786 1220828 1623878 1598430 1074870 1033026 428734 478084 1055556 1112036 1110024 532180 573234 957052 2073600 2073600 4 6 190211 994560 993600 92885 95098 39163 31115 6 6 20 1 24 4 4 4 4 1920 1080 
[ 2804.057785] MESSAGE_B= 4 4 4 11 22 2 192 0 248 179 0 1887 2163 1658 1891 1771 1742 1504 1450 596 391 592 361 251 185 229 156 0 31 253 254 252 230 18 55 9 19 0 0 0 0 0 0 0 0 22 2 565214 790200 1097026 1559798 1600762 1082746 796708 1208250 1609762 1594516 1029966 1052184 433280 486374 1055788 1114322 1099496 538176 565324 970014 2073600 2073600 4 6 108279 990720 993600 48082 52679 40709 47364 6 6 17 16 38 4 4 4 4 1920 1080 
[ 2804.342903] MESSAGE_B= 4 4 4 38 22 2 192 0 248 179 0 1902 2172 1671 1899 1765 1753 1498 1455 587 382 583 355 248 180 223 157 0 31 254 254 251 237 57 43 46 59 0 0 0 0 0 0 0 0 22 2 504812 755776 1097026 1559798 1600762 1082746 796708 1208250 1609762 1594516 1029966 1052184 433280 486374 1055788 1114322 1099496 538176 565324 970014 2073600 2073600 4 6 106045 994560 993600 48041 51462 41195 48875 6 6 17 16 39 4 4 4 4 1920 1080 
[ 2804.629796] MESSAGE_B= 4 4 4 38 24 2 192 0 248 179 0 1909 2184 1682 1904 1745 1784 1476 1491 584 369 574 347 250 176 231 153 0 31 253 255 252 238 67 65 55 89 0 0 0 0 0 0 0 0 24 2 204986 360152 1097026 1559798 1600762 1082746 796708 1208250 1609762 1594516 1029966 1052184 433280 486374 1055788 1114322 1099496 538176 565324 970014 2073600 2073600 4 6 106914 990720 993600 47725 51307 40828 47605 6 6 17 16 43 4 4 4 4 1920 1080 
[ 2804.909789] MESSAGE_B= 4 4 4 38 25 2 192 0 248 179 0 1945 2164 1713 1890 1742 1866 1474 1564 586 399 574 374 251 223 227 190 0 31 254 255 254 235 82 13 72 33 0 0 0 0 0 0 0 0 25 2 483294 819382 1097026 1559798 1600762 1082746 796708 1208250 1609762 1594516 1029966 1052184 433280 486374 1055788 1114322 1099496 538176 565324 970014 2073600 2073600 4 6 105736 994560 993600 47379 49926 37495 43822 6 6 17 16 43 4 4 4 4 1920 1080 
[ 2805.188885] MESSAGE_B= 4 4 4 40 23 2 192 0 248 179 0 1948 2179 1714 1906 1755 1804 1487 1519 601 396 589 366 240 208 220 173 0 31 254 254 253 231 76 28 66 24 0 0 0 0 0 0 0 0 23 2 199422 369636 1097026 1559798 1600762 1082746 796708 1208250 1609762 1594516 1029966 1052184 433280 486374 1055788 1114322 1099496 538176 565324 970014 2073600 2073600 4 6 103870 990720 993600 47000 49211 39229 46243 6 6 17 16 41 4 4 4 4 1920 1080 
[ 2805.470807] MESSAGE_B= 4 4 4 41 29 2 192 0 248 179 0 1960 2184 1725 1910 1767 1796 1497 1500 601 392 586 369 244 206 216 180 0 31 253 254 252 239 88 45 76 86 0 0 0 0 0 0 0 0 29 2 500432 816130 1097026 1559798 1600762 1082746 796708 1208250 1609762 1594516 1029966 1052184 433280 486374 1055788 1114322 1099496 538176 565324 970014 2073600 2073600 4 6 103494 994560 993600 46408 48995 37319 44224 6 6 17 16 41 4 4 4 4 1920 1080 
[ 2805.750791] MESSAGE_B= 4 4 4 37 26 2 192 0 248 179 0 1942 2183 1711 1909 1759 1820 1492 1522 601 395 587 369 243 211 223 175 0 31 254 254 252 241 82 87 68 69 0 0 0 0 0 0 0 0 26 2 203096 339206 1097026 1559798 1600762 1082746 796708 1208250 1609762 1594516 1029966 1052184 433280 486374 1055788 1114322 1099496 538176 565324 970014 2073600 2073600 4 6 103847 990720 993600 47144 48654 40256 47775 6 6 17 16 37 4 4 4 4 1920 1080 
[ 2806.030772] MESSAGE_B= 4 4 4 35 23 2 192 0 248 179 0 1952 2178 1719 1906 1773 1779 1505 1486 601 400 582 370 245 168 218 135 0 31 254 254 251 229 87 98 78 86 0 0 0 0 0 0 0 0 23 2 502538 839862 1097026 1559798 1600762 1082746 796708 1208250 1609762 1594516 1029966 1052184 433280 486374 1055788 1114322 1099496 538176 565324 970014 2073600 2073600 4 18 104013 994560 993600 45574 48265 39637 46717 6 6 17 16 33 4 4 4 4 1920 1080 
[ 2806.311787] MESSAGE_B= 4 4 4 34 20 2 192 0 248 179 0 1941 2181 1704 1909 1769 1819 1499 1523 586 391 577 366 244 199 218 157 0 31 254 255 252 238 76 77 63 41 0 0 0 0 0 0 0 0 20 2 213036 350162 1097026 1559798 1600762 1082746 796708 1208250 1609762 1594516 1029966 1052184 433280 486374 1055788 1114322 1099496 538176 565324 970014 2073600 2073600 4 18 105849 990720 993600 45255 47206 38475 46177 6 6 17 16 31 4 4 4 4 1920 1080 
[ 2806.471808] MESSAGE_B= 4 4 4 35 22 2 192 0 248 179 0 1942 2185 1704 1910 1768 1826 1499 1535 590 387 579 359 246 199 217 160 0 31 254 254 252 239 59 63 53 42 0 0 0 0 0 0 0 0 22 2 502466 848252 803244 1314246 1260008 845008 1075390 541370 1345596 712948 855282 553520 132882 154484 533314 545508 671024 339756 288330 596308 2073600 2073600 4 18 105602 994560 993600 46125 47794 39156 46706 6 6 17 16 31 4 4 4 4 1920 1080 
[ 2806.750794] MESSAGE_B= 4 4 4 35 24 2 192 0 248 179 0 1931 2186 1700 1913 1767 1804 1498 1501 575 377 565 347 245 211 218 171 0 31 254 254 251 238 58 52 55 23 0 0 0 0 0 0 0 0 24 2 218458 334194 803244 1314246 1260008 845008 1075390 541370 1345596 712948 855282 553520 132882 154484 533314 545508 671024 339756 288330 596308 2073600 2073600 4 18 105538 990720 993600 45996 48518 40865 47823 6 6 17 16 33 4 4 4 4 1920 1080 
[ 2807.029789] MESSAGE_B= 4 4 4 37 26 2 192 0 248 179 0 1899 2167 1668 1893 1758 1768 1489 1482 572 382 565 357 249 185 227 167 0 31 254 253 252 236 44 52 32 44 0 0 0 0 0 0 0 0 26 2 494956 823344 803244 1314246 1260008 845008 1075390 541370 1345596 712948 855282 553520 132882 154484 533314 545508 671024 339756 288330 596308 2073600 2073600 4 18 105169 994560 993600 45335 48633 41216 47666 6 6 17 16 38 4 4 4 4 1920 1080 
[ 2807.308787] MESSAGE_B= 4 4 4 40 28 2 192 0 248 179 0 1913 2179 1683 1904 1757 1819 1490 1526 577 385 567 361 246 172 219 142 0 31 254 254 252 220 52 29 41 19 0 0 0 0 0 0 0 0 28 2 225724 341766 803244 1314246 1260008 845008 1075390 541370 1345596 712948 855282 553520 132882 154484 533314 545508 671024 339756 288330 596308 2073600 2073600 4 18 104625 990720 993600 46553 49452 40331 46767 6 6 17 16 39 4 4 4 4 1920 1080 
[ 2807.592810] MESSAGE_B= 4 4 4 38 25 2 192 0 248 179 0 1931 2173 1702 1900 1758 1882 1494 1567 573 386 563 360 242 200 213 153 0 31 254 254 252 230 75 54 67 14 0 0 0 0 0 0 0 0 25 2 499078 785780 803244 1314246 1260008 845008 1075390 541370 1345596 712948 855282 553520 132882 154484 533314 545508 671024 339756 288330 596308 2073600 2073600 4 18 105021 994560 993600 45914 49846 39989 47118 6 6 17 16 39 4 4 4 4 1920 1080 
[ 2807.871807] MESSAGE_B= 4 4 4 40 27 2 192 0 248 179 0 1931 2151 1701 1868 1757 1861 1491 1555 588 378 576 345 231 233 206 188 0 31 254 253 252 239 78 57 72 43 0 0 0 0 0 0 0 0 27 2 224834 346154 803244 1314246 1260008 845008 1075390 541370 1345596 712948 855282 553520 132882 154484 533314 545508 671024 339756 288330 596308 2073600 2073600 4 18 102701 990720 993600 44097 46702 37231 44524 6 6 17 16 40 4 4 4 4 1920 1080 
[ 2808.150786] MESSAGE_B= 4 4 4 41 24 2 192 0 248 179 0 1931 2163 1700 1894 1728 1797 1466 1495 596 382 583 357 259 225 228 187 0 31 254 254 253 243 53 108 52 82 0 0 0 0 0 0 0 0 24 2 487642 815884 803244 1314246 1260008 845008 1075390 541370 1345596 712948 855282 553520 132882 154484 533314 545508 671024 339756 288330 596308 2073600 2073600 4 18 100442 994560 993600 43104 46374 37040 43821 6 6 17 16 41 4 4 4 4 1920 1080 
[ 2808.430792] MESSAGE_B= 4 4 4 40 23 2 192 0 248 179 0 1943 2169 1706 1896 1734 1801 1468 1502 592 391 583 359 241 244 222 208 0 31 254 254 252 240 70 73 52 47 0 0 0 0 0 0 0 0 23 2 191728 343402 803244 1314246 1260008 845008 1075390 541370 1345596 712948 855282 553520 132882 154484 533314 545508 671024 339756 288330 596308 2073600 2073600 4 18 101757 990720 993600 42531 46544 37274 44177 6 6 17 16 42 4 4 4 4 1920 1080 
[ 2808.678789] MESSAGE_B= 4 4 4 40 29 2 192 0 248 179 0 1962 2190 1728 1917 1761 1765 1494 1471 597 388 582 362 248 266 222 227 0 31 254 254 252 242 73 56 62 42 0 0 0 0 0 0 0 0 29 2 487502 810774 803244 1314246 1260008 845008 1075390 541370 1345596 712948 855282 553520 132882 154484 533314 545508 671024 339756 288330 596308 2073600 2073600 4 18 102886 994560 993600 44600 48902 37962 44326 6 6 17 16 42 4 4 4 4 1920 1080 
[ 2808.957788] MESSAGE_B= 4 4 4 39 26 2 192 0 248 179 0 1951 2191 1717 1916 1762 1798 1495 1490 601 369 582 346 248 222 222 184 0 31 254 254 251 232 69 42 57 25 0 0 0 0 0 0 0 0 26 2 185468 341650 801606 1309448 1290122 799542 1059460 473250 1369264 684732 848328 544964 151628 176100 527738 542324 683288 331976 279360 568836 2073600 2073600 4 19 103602 990720 993600 46278 49262 37427 44639 6 6 17 16 41 4 4 4 4 1920 1080 
[ 2809.237794] MESSAGE_B= 4 4 4 40 26 2 192 0 248 179 0 1971 2191 1734 1917 1758 1763 1490 1484 589 371 576 344 253 245 227 207 0 31 253 254 253 235 83 51 70 42 0 0 0 0 0 0 0 0 26 2 493088 835712 801606 1309448 1290122 799542 1059460 473250 1369264 684732 848328 544964 151628 176100 527738 542324 683288 331976 279360 568836 2073600 2073600 4 18 102329 994560 993600 46331 48136 36450 43198 6 6 17 16 41 4 4 4 4 1920 1080 
[ 2809.518020] MESSAGE_B= 4 4 4 39 32 2 192 0 248 179 0 1961 2154 1728 1882 1736 1807 1468 1518 591 385 574 360 248 203 225 169 0 31 253 254 252 240 94 94 88 73 0 0 0 0 0 0 0 0 32 2 189874 337922 801606 1309448 1290122 799542 1059460 473250 1369264 684732 848328 544964 151628 176100 527738 542324 683288 331976 279360 568836 2073600 2073600 4 18 102046 990720 993600 45433 48820 38725 45550 6 6 17 16 41 4 4 4 4 1920 1080 
[ 2809.798592] MESSAGE_B= 4 4 4 39 27 2 192 0 248 179 0 1950 2152 1719 1879 1748 1815 1482 1515 598 381 578 353 255 203 233 171 0 31 254 254 252 241 91 75 75 57 0 0 0 0 0 0 0 0 27 2 480424 840856 801606 1309448 1290122 799542 1059460 473250 1369264 684732 848328 544964 151628 176100 527738 542324 683288 331976 279360 568836 2073600 2073600 4 18 104167 994560 993600 43761 46579 39394 46859 6 6 17 16 41 4 4 4 4 1920 1080 
[ 2809.956787] MESSAGE_B= 4 4 4 39 28 2 192 0 248 179 0 1958 2165 1724 1892 1750 1839 1484 1543 596 390 576 361 252 215 229 187 0 31 254 254 252 244 98 84 81 61 0 0 0 0 0 0 0 0 28 2 199986 319486 801606 1309448 1290122 799542 1059460 473250 1369264 684732 848328 544964 151628 176100 527738 542324 683288 331976 279360 568836 2073600 2073600 4 18 105995 990720 993600 44637 46941 39922 47071 6 6 17 16 41 4 4 4 4 1920 1080 
[ 2810.244791] MESSAGE_B= 4 4 4 40 24 2 192 0 248 179 0 1967 2167 1738 1894 1758 1790 1490 1498 578 378 558 353 257 225 234 195 0 31 254 255 251 242 77 48 63 24 0 0 0 0 0 0 0 0 24 2 477894 799000 801606 1309448 1290122 799542 1059460 473250 1369264 684732 848328 544964 151628 176100 527738 542324 683288 331976 279360 568836 2073600 2073600 4 18 105368 994560 993600 43402 45712 39557 47091 6 6 17 16 41 4 4 4 4 1920 1080 
[ 2810.523791] MESSAGE_B= 4 4 4 39 27 2 192 0 248 179 0 1960 2174 1729 1900 1746 1802 1482 1513 565 381 546 353 257 226 230 199 0 31 253 255 252 242 78 71 64 48 0 0 0 0 0 0 0 0 27 2 207774 322882 801606 1309448 1290122 799542 1059460 473250 1369264 684732 848328 544964 151628 176100 527738 542324 683288 331976 279360 568836 2073600 2073600 4 18 104910 990720 993600 44721 46410 38036 45175 6 6 17 16 39 4 4 4 4 1920 1080 
[ 2810.802794] MESSAGE_B= 4 4 4 41 27 2 192 0 248 179 0 1928 2171 1688 1899 1753 1815 1487 1524 555 359 541 334 254 200 226 176 0 31 253 253 252 243 72 72 58 51 0 0 0 0 0 0 0 0 27 2 474856 819568 801606 1309448 1290122 799542 1059460 473250 1369264 684732 848328 544964 151628 176100 527738 542324 683288 331976 279360 568836 2073600 2073600 4 18 105416 994560 993600 43234 45010 37950 45015 6 6 17 16 38 4 4 4 4 1920 1080 
[ 2811.085794] MESSAGE_B= 4 4 4 41 28 2 192 0 248 179 0 1934 2190 1701 1912 1764 1826 1502 1530 580 361 568 337 246 227 215 193 0 31 254 254 251 245 58 50 50 38 0 0 0 0 0 0 0 0 28 2 225592 341152 801606 1309448 1290122 799542 1059460 473250 1369264 684732 848328 544964 151628 176100 527738 542324 683288 331976 279360 568836 2073600 2073600 4 18 106987 990720 993600 44641 47123 38367 45724 6 6 17 16 43 4 4 4 4 1920 1080 
[ 2811.366801] MESSAGE_B= 4 4 4 40 23 2 192 0 248 179 0 1930 2168 1705 1895 1762 1786 1494 1492 603 381 589 356 234 206 218 177 0 31 254 254 251 240 50 20 41 4 0 0 0 0 0 0 0 0 23 2 474586 802364 757416 1387850 1267796 819672 1101582 482188 1378146 629800 802834 533426 139284 178346 510912 525674 647092 363716 237732 582910 2073600 2073600 4 18 102830 994560 993600 45408 48232 38508 45303 6 6 17 16 43 4 4 4 4 1920 1080 
[ 2811.650805] MESSAGE_B= 4 4 4 39 22 2 192 0 248 179 0 1942 2169 1711 1900 1769 1837 1505 1540 586 392 576 363 247 192 226 163 0 31 253 254 251 239 60 65 49 28 0 0 0 0 0 0 0 0 22 2 232148 354230 757416 1387850 1267796 819672 1101582 482188 1378146 629800 802834 533426 139284 178346 510912 525674 647092 363716 237732 582910 2073600 2073600 4 18 106200 990720 993600 45634 49804 39304 46481 6 6 17 16 40 4 4 4 4 1920 1080 
[ 2811.937620] MESSAGE_B= 4 4 4 39 21 2 192 0 248 179 0 1937 2184 1711 1910 1779 1800 1509 1516 576 390 563 360 237 212 213 170 0 31 253 254 251 240 51 55 41 33 0 0 0 0 0 0 0 0 21 2 480544 822336 757416 1387850 1267796 819672 1101582 482188 1378146 629800 802834 533426 139284 178346 510912 525674 647092 363716 237732 582910 2073600 2073600 4 18 103785 994560 993600 48227 50108 39136 45773 6 6 17 16 43 4 4 4 4 1920 1080 
[ 2812.095786] MESSAGE_B= 4 4 4 41 22 2 192 0 248 179 0 1897 2178 1672 1905 1778 1788 1510 1495 576 388 566 360 231 209 204 173 0 31 254 255 250 242 35 85 27 68 0 0 0 0 0 0 0 0 22 2 225988 351112 757416 1387850 1267796 819672 1101582 482188 1378146 629800 802834 533426 139284 178346 510912 525674 647092 363716 237732 582910 2073600 2073600 4 18 104514 990720 993600 46478 49208 40301 46504 6 6 17 16 43 4 4 4 4 1920 1080 
[ 2812.375787] MESSAGE_B= 4 4 4 40 21 2 192 0 248 179 0 1912 2177 1687 1901 1777 1780 1512 1495 582 381 568 358 246 212 217 208 0 31 254 255 251 239 44 48 35 68 0 0 0 0 0 0 0 0 21 2 489758 830244 757416 1387850 1267796 819672 1101582 482188 1378146 629800 802834 533426 139284 178346 510912 525674 647092 363716 237732 582910 2073600 2073600 4 6 102464 994560 993600 47137 50131 38662 44807 6 6 17 16 43 4 4 4 4 1920 1080 
[ 2812.658780] MESSAGE_B= 4 4 4 38 23 2 192 0 248 179 0 1929 2184 1695 1909 1786 1813 1520 1522 582 399 575 368 242 221 213 190 0 31 254 254 251 243 86 96 78 88 0 0 0 0 0 0 0 0 23 2 222062 349308 757416 1387850 1267796 819672 1101582 482188 1378146 629800 802834 533426 139284 178346 510912 525674 647092 363716 237732 582910 2073600 2073600 4 19 105371 990720 993600 46439 49032 37839 45090 6 6 17 16 40 4 4 4 4 1920 1080 
[ 2812.938786] MESSAGE_B= 4 4 4 38 28 1 192 0 248 179 0 1949 2634 1454 2395 2247 3139 1988 2941 742 969 613 1025 771 729 797 808 0 6 229 239 251 251 103 15 165 20 0 0 0 0 2 2 2 2 28 1 480282 802736 757416 1387850 1267796 819672 1101582 482188 1378146 629800 802834 533426 139284 178346 510912 525674 647092 363716 237732 582910 2073600 2073600 4 6 287414 994560 993600 113258 105479 43386 46434 6 6 6 5 229 4 4 4 4 1920 1080 
[ 2813.225051] MESSAGE_B= 4 4 4 43 33 1 192 0 248 179 0 1818 2255 1400 2080 2177 3021 1933 2840 826 916 601 785 740 776 774 821 0 6 247 236 249 252 209 82 181 62 0 0 0 0 2 2 2 2 33 1 202030 334056 757416 1387850 1267796 819672 1101582 482188 1378146 629800 802834 533426 139284 178346 510912 525674 647092 363716 237732 582910 2073600 2073600 4 6 292506 990720 993600 116341 108016 40792 47433 6 6 6 5 229 4 4 4 4 1920 1080 
[ 2813.504800] MESSAGE_B= 4 4 4 40 34 2 192 0 248 179 0 2098 2263 1678 2180 2200 2911 1936 2711 833 710 660 691 598 786 599 840 0 6 243 229 246 251 20 190 87 35 2 0 0 0 2 2 2 2 34 2 465698 843454 757416 1387850 1267796 819672 1101582 482188 1378146 629800 802834 533426 139284 178346 510912 525674 647092 363716 237732 582910 2073600 2073600 4 6 289218 994560 993600 112169 103497 43036 41960 6 6 6 5 81 4 4 4 4 1920 1080 
[ 2813.783789] MESSAGE_B= 4 4 4 39 19 2 192 0 248 179 0 2719 3007 2449 2702 2218 2788 1966 2561 850 481 808 473 559 721 542 763 0 6 244 228 243 251 79 53 46 82 0 0 0 0 2 2 2 2 19 2 253790 866308 1549574 1341372 1274958 806100 1081160 524470 1370200 1435706 1451478 494086 154976 183744 532884 536358 655044 372078 323376 508702 2073600 2073600 4 6 271283 990720 993600 97081 90112 48926 41688 6 6 6 5 97 4 4 4 4 1920 1080 
[ 2814.063254] MESSAGE_B= 4 4 4 44 27 2 192 0 248 179 0 2937 3201 2549 2854 2318 2757 2064 2548 385 260 443 297 498 678 473 704 0 6 210 221 242 250 121 98 63 139 0 0 0 0 2 2 2 2 27 2 386332 845100 1549574 1341372 1274958 806100 1081160 524470 1370200 1435706 1451478 494086 154976 183744 532884 536358 655044 372078 323376 508702 2073600 2073600 4 6 239581 994560 993600 77079 67843 56158 38537 6 6 6 5 126 4 4 4 4 1920 1080 
[ 2814.223648] MESSAGE_B= 4 4 4 46 31 1 192 0 248 179 0 1969 2590 1593 2365 2289 2612 1994 2366 601 828 636 913 345 489 330 520 0 31 254 255 250 253 18 153 25 161 0 0 0 0 0 0 0 0 31 1 255704 723064 1549574 1341372 1274958 806100 1081160 524470 1370200 1435706 1451478 494086 154976 183744 532884 536358 655044 372078 323376 508702 2073600 2073600 4 6 238327 990720 993600 74077 63605 59267 44223 6 6 6 5 126 4 4 4 4 1920 1080 
[ 2814.502804] MESSAGE_B= 4 4 4 39 33 1 192 0 248 179 0 2798 2769 2447 2480 2255 2852 2004 2554 435 539 405 514 370 717 384 699 0 6 232 248 245 253 130 95 101 166 0 0 0 0 2 2 2 2 33 1 202748 491252 1549574 1341372 1274958 806100 1081160 524470 1370200 1435706 1451478 494086 154976 183744 532884 536358 655044 372078 323376 508702 2073600 2073600 4 6 280224 994560 993600 97528 89671 55481 50562 6 6 6 5 126 4 4 4 4 1920 1080 
[ 2814.782787] MESSAGE_B= 4 4 4 24 37 1 192 0 248 179 0 2538 2532 2127 2233 2292 2783 2051 2476 389 517 303 505 437 720 465 670 0 6 131 218 246 253 26 43 70 188 0 0 0 0 2 2 2 2 37 1 295138 723448 1549574 1341372 1274958 806100 1081160 524470 1370200 1435706 1451478 494086 154976 183744 532884 536358 655044 372078 323376 508702 2073600 2073600 4 6 295056 990720 993600 111700 102908 48769 57548 6 6 5 5 99 4 4 4 4 1920 1080 
[ 2815.061788] MESSAGE_B= 4 4 4 27 42 1 192 0 248 179 0 2301 2963 2204 2616 2509 2635 2314 2357 485 414 324 498 632 599 661 607 0 6 172 238 247 253 120 96 5 153 0 0 0 0 2 2 2 2 42 1 327786 880988 1549574 1341372 1274958 806100 1081160 524470 1370200 1435706 1451478 494086 154976 183744 532884 536358 655044 372078 323376 508702 2073600 2073600 4 6 305669 994560 993600 117094 110722 48323 52690 6 6 5 5 78 4 4 4 4 1920 1080 
[ 2815.346279] MESSAGE_B= 4 4 4 29 35 1 192 0 248 179 0 2117 2716 1618 2331 2755 2918 2515 2715 475 418 591 443 741 740 700 788 0 6 216 211 246 254 90 64 70 174 0 0 0 0 2 2 2 2 35 1 321914 618384 1549574 1341372 1274958 806100 1081160 524470 1370200 1435706 1451478 494086 154976 183744 532884 536358 655044 372078 323376 508702 2073600 2073600 4 6 313289 990720 993600 118839 113391 47346 36799 6 6 6 5 72 4 4 4 4 1920 1080 
[ 2815.506648] MESSAGE_B= 4 4 4 44 40 1 192 0 248 179 0 1859 2634 1255 2308 2850 3202 2581 3049 197 443 269 429 691 803 666 872 0 6 78 218 246 254 133 17 120 201 0 0 0 0 2 2 2 2 40 1 376242 929180 1549574 1341372 1274958 806100 1081160 524470 1370200 1435706 1451478 494086 154976 183744 532884 536358 655044 372078 323376 508702 2073600 2073600 4 6 298186 994560 993600 116615 111307 47906 45720 6 6 25 25 73 4 4 4 4 1920 1080 
[ 2815.787313] MESSAGE_B= 4 4 4 58 37 1 192 0 248 179 0 2172 2201 1835 1901 2865 3278 2594 3159 687 372 590 324 603 861 585 954 0 6 232 191 249 252 103 11 161 91 2 0 0 0 2 2 2 2 37 1 254402 744318 1549574 1341372 1274958 806100 1081160 524470 1370200 1435706 1451478 494086 154976 183744 532884 536358 655044 372078 323376 508702 2073600 2073600 4 6 280803 990720 993600 115865 106925 54553 53404 6 6 25 25 73 4 4 4 4 1920 1080 
[ 2816.067793] MESSAGE_B= 4 4 4 58 33 1 192 0 248 179 0 2213 2158 1930 1777 2983 3283 2726 3148 734 404 580 335 585 805 571 914 0 6 247 227 246 251 177 20 206 16 2 0 0 0 2 2 2 2 33 1 438192 938948 1683962 706112 260312 994378 970970 1287210 1364540 1458296 1556578 488494 467760 250184 409780 402120 390860 159034 227304 471240 2073600 2073600 4 6 285442 994560 993600 114443 103381 53311 51938 6 6 25 25 70 4 4 4 4 1920 1080 
[ 2816.350789] MESSAGE_B= 4 4 4 60 27 1 192 0 248 179 0 2993 3028 2895 2882 1993 2255 1837 2083 262 213 296 237 532 534 601 595 0 31 255 249 252 249 82 136 69 129 0 0 0 0 0 0 0 0 27 1 191286 801754 1683962 706112 260312 994378 970970 1287210 1364540 1458296 1556578 488494 467760 250184 409780 402120 390860 159034 227304 471240 2073600 2073600 4 6 272889 990720 993600 103232 121506 89500 61086 7 6 6 5 71 4 4 4 4 1920 1080 
[ 2816.637797] MESSAGE_B= 0 4 4 11 28 1 192 0 248 179 0 3012 3022 2916 2874 2078 2505 1917 2374 247 220 281 228 467 531 546 615 0 31 255 247 251 252 109 81 99 104 0 0 0 0 0 0 0 0 28 1 822592 953214 1683962 706112 260312 994378 970970 1287210 1364540 1458296 1556578 488494 467760 250184 409780 402120 390860 159034 227304 471240 2073600 2073600 1 6 275750 994560 993600 105816 121631 85117 51247 7 6 6 5 83 4 4 4 4 1920 1080 
[ 2816.919792] MESSAGE_B= 4 4 4 11 29 2 192 0 248 179 0 3019 2999 2925 2846 2371 2086 2241 1924 244 224 267 241 482 389 534 437 0 31 253 250 250 245 127 101 131 105 0 0 0 0 0 0 0 0 29 2 342012 838556 1683962 706112 260312 994378 970970 1287210 1364540 1458296 1556578 488494 467760 250184 409780 402120 390860 159034 227304 471240 2073600 2073600 4 6 285992 990720 993600 90975 122477 83254 54227 7 6 6 5 87 4 4 4 4 1920 1080 
[ 2817.080802] MESSAGE_B= 0 4 4 14 26 1 192 0 248 179 0 3035 2991 2940 2851 2569 1872 2454 1687 224 229 258 230 601 293 665 319 0 31 254 248 252 236 104 112 113 104 0 0 0 0 0 0 0 0 26 1 807958 937420 1683962 706112 260312 994378 970970 1287210 1364540 1458296 1556578 488494 467760 250184 409780 402120 390860 159034 227304 471240 2073600 2073600 1 6 279276 994560 993600 98528 122364 84347 54209 7 6 6 5 87 4 4 4 4 1920 1080 
[ 2817.361786] MESSAGE_B= 4 4 4 14 26 1 192 0 248 179 0 3034 2961 2940 2812 2494 1766 2400 1559 219 262 248 268 615 273 698 282 0 31 252 251 252 240 115 105 113 105 0 0 0 0 0 0 0 0 26 1 329416 857072 1683962 706112 260312 994378 970970 1287210 1364540 1458296 1556578 488494 467760 250184 409780 402120 390860 159034 227304 471240 2073600 2073600 4 6 276025 990720 993600 104350 122016 88629 56187 7 6 6 5 87 4 4 4 4 1920 1080 
[ 2817.640790] MESSAGE_B= 0 4 4 9 25 1 192 0 248 179 0 3023 2913 2932 2769 2057 1783 1920 1578 221 312 242 310 528 289 604 309 0 31 252 252 252 243 102 41 86 43 0 0 0 0 0 0 0 0 25 1 750854 941878 1683962 706112 260312 994378 970970 1287210 1364540 1458296 1556578 488494 467760 250184 409780 402120 390860 159034 227304 471240 2073600 2073600 1 6 286901 994560 993600 100367 121063 97933 63804 7 6 6 5 78 4 4 4 4 1920 1080 
[ 2817.920804] MESSAGE_B= 4 4 4 6 24 2 192 0 248 179 0 3019 2833 2917 2685 1875 1738 1719 1526 215 400 247 399 467 307 539 332 0 31 254 253 251 243 101 33 72 35 0 0 0 0 0 0 0 0 24 2 409602 877386 1683962 706112 260312 994378 970970 1287210 1364540 1458296 1556578 488494 467760 250184 409780 402120 390860 159034 227304 471240 2073600 2073600 4 6 289283 990720 993600 87676 119196 98124 71296 7 6 6 5 74 4 4 4 4 1920 1080 
[ 2818.200797] MESSAGE_B= 0 4 4 6 21 2 192 0 248 179 0 3015 2778 2905 2607 1860 1714 1702 1506 223 466 244 478 384 292 443 307 0 31 249 255 248 248 77 47 63 46 0 0 0 0 0 0 0 0 21 2 730618 935922 1683962 706112 260312 994378 970970 1287210 1364540 1458296 1556578 488494 467760 250184 409780 402120 390860 159034 227304 471240 2073600 2073600 1 6 284383 994560 993600 88320 116544 98986 72768 7 6 6 5 72 4 4 4 4 1920 1080 
[ 2818.480907] MESSAGE_B= 4 4 4 6 22 2 192 0 248 179 0 3011 2773 2909 2598 1866 1703 1707 1495 225 464 233 490 366 254 426 274 0 31 248 255 246 244 47 17 29 16 0 0 0 0 0 0 0 0 22 2 419006 855648 1647740 1039432 746596 1681604 1661992 1731020 1492114 1643850 1694890 261850 407050 678798 356934 775232 985218 1345384 1096282 900580 2073600 2073600 4 6 273855 990720 993600 102104 115746 99197 69073 7 6 6 5 74 4 4 4 4 1920 1080 
[ 2818.761802] MESSAGE_B= 4 4 4 6 29 2 192 0 248 179 0 3003 2787 2893 2607 1820 1700 1657 1483 224 453 242 476 329 245 380 256 0 31 249 255 244 243 27 32 38 39 0 0 0 0 0 0 0 0 29 2 671920 940042 1647740 1039432 746596 1681604 1661992 1731020 1492114 1643850 1694890 261850 407050 678798 356934 775232 985218 1345384 1096282 900580 2073600 2073600 4 6 276634 994560 993600 102283 115921 101324 70742 7 6 6 5 74 4 4 4 4 1920 1080 
[ 2819.042803] MESSAGE_B= 4 4 4 5 29 2 192 0 248 179 0 2991 2796 2880 2614 1732 1752 1552 1539 227 443 239 467 278 306 316 330 0 31 248 255 246 242 51 23 64 21 0 0 0 0 0 0 0 0 29 2 435768 812700 1647740 1039432 746596 1681604 1661992 1731020 1492114 1643850 1694890 261850 407050 678798 356934 775232 985218 1345384 1096282 900580 2073600 2073600 4 6 276618 990720 993600 101611 116194 102066 74817 7 6 6 5 74 4 4 4 4 1920 1080 
[ 2819.322863] MESSAGE_B= 4 4 4 4 28 2 192 0 248 179 0 2967 2770 2861 2600 1687 1773 1518 1576 238 476 243 492 286 330 311 345 0 31 248 255 245 241 44 20 68 25 0 0 0 0 0 0 0 0 28 2 650706 952612 1647740 1039432 746596 1681604 1661992 1731020 1492114 1643850 1694890 261850 407050 678798 356934 775232 985218 1345384 1096282 900580 2073600 2073600 4 6 287467 994560 993600 87534 116863 98225 75242 7 6 6 5 74 4 4 4 4 1920 1080 
[ 2819.602804] MESSAGE_B= 4 4 4 4 28 2 192 0 248 179 0 2967 2767 2846 2589 1661 1757 1479 1551 227 488 248 501 290 349 318 370 0 31 250 255 243 248 25 53 39 52 0 0 0 0 0 0 0 0 28 2 492628 797454 1647740 1039432 746596 1681604 1661992 1731020 1492114 1643850 1694890 261850 407050 678798 356934 775232 985218 1345384 1096282 900580 2073600 2073600 4 6 289957 990720 993600 79291 115834 96635 75855 7 6 6 5 71 4 4 4 4 1920 1080 
[ 2819.765798] MESSAGE_B= 4 4 4 4 27 2 192 0 248 179 0 2965 2792 2863 2599 1655 1745 1470 1539 241 471 241 506 289 333 326 348 0 31 250 255 243 246 16 45 35 48 0 0 0 0 0 0 0 0 27 2 562194 937818 1647740 1039432 746596 1681604 1661992 1731020 1492114 1643850 1694890 261850 407050 678798 356934 775232 985218 1345384 1096282 900580 2073600 2073600 4 6 273946 994560 993600 98672 115654 99356 75447 7 6 6 5 71 4 4 4 4 1920 1080 
[ 2820.046786] MESSAGE_B= 4 4 4 5 24 2 192 0 248 179 0 2942 2811 2833 2623 1649 1721 1465 1503 260 449 265 485 254 311 281 328 0 31 252 255 244 250 25 53 40 49 0 0 0 0 0 0 0 0 24 2 511668 842346 1647740 1039432 746596 1681604 1661992 1731020 1492114 1643850 1694890 261850 407050 678798 356934 775232 985218 1345384 1096282 900580 2073600 2073600 4 6 276921 990720 993600 95297 115171 99030 74322 7 6 6 5 69 4 4 4 4 1920 1080 
[ 2820.326796] MESSAGE_B= 4 4 4 4 25 2 192 0 248 179 0 2903 2828 2800 2639 1650 1729 1473 1521 305 413 303 456 252 326 268 347 0 31 252 254 243 246 1 48 15 47 0 0 0 0 0 0 0 0 25 2 589858 949806 1647740 1039432 746596 1681604 1661992 1731020 1492114 1643850 1694890 261850 407050 678798 356934 775232 985218 1345384 1096282 900580 2073600 2073600 4 6 284036 994560 993600 85254 115903 96546 75902 7 6 6 5 73 4 4 4 4 1920 1080 
[ 2820.606789] MESSAGE_B= 4 4 4 5 26 2 192 0 248 179 0 2855 2868 2761 2678 1646 1767 1455 1560 350 350 347 392 219 348 242 373 0 31 253 255 241 248 9 51 3 48 0 0 0 0 0 0 0 0 26 2 521688 852898 1647740 1039432 746596 1681604 1661992 1731020 1492114 1643850 1694890 261850 407050 678798 356934 775232 985218 1345384 1096282 900580 2073600 2073600 4 6 288143 990720 993600 80902 115479 95314 74616 7 6 6 5 73 4 4 4 4 1920 1080 
[ 2820.888787] MESSAGE_B= 4 4 4 4 23 2 192 0 248 179 0 2812 2930 2712 2731 1675 1726 1485 1511 398 308 401 346 241 262 250 285 0 31 253 254 237 243 4 34 4 40 0 0 0 0 0 0 0 0 23 2 608562 947460 1597862 1513830 746082 1599832 1599362 1611198 1519688 1531544 1614610 299146 748580 804456 185192 861620 1109288 1345242 1006766 983420 2073600 2073600 4 6 278665 994560 993600 95571 115782 98741 73245 7 6 6 5 72 4 4 4 4 1920 1080 
[ 2821.170808] MESSAGE_B= 4 4 4 4 21 1 192 0 248 179 0 2776 2957 2670 2775 1730 1654 1554 1431 436 266 434 307 255 203 283 216 0 31 254 254 245 233 10 48 11 41 0 0 0 0 0 0 0 0 21 1 511146 820924 1597862 1513830 746082 1599832 1599362 1611198 1519688 1531544 1614610 299146 748580 804456 185192 861620 1109288 1345242 1006766 983420 2073600 2073600 4 6 279613 990720 993600 94877 115481 99186 73838 7 6 6 5 72 4 4 4 4 1920 1080 
[ 2821.458237] MESSAGE_B= 4 4 4 4 24 1 192 0 248 179 0 2768 2972 2649 2798 1738 1611 1569 1391 455 250 463 279 239 156 269 162 0 31 255 254 244 217 5 57 12 56 0 0 0 0 0 0 0 0 24 1 592326 959188 1597862 1513830 746082 1599832 1599362 1611198 1519688 1531544 1614610 299146 748580 804456 185192 861620 1109288 1345242 1006766 983420 2073600 2073600 4 6 276188 994560 993600 97304 115090 99871 75071 7 6 6 5 72 4 4 4 4 1920 1080 
[ 2821.622789] MESSAGE_B= 4 4 4 4 25 2 192 0 248 179 0 2750 2962 2630 2790 1722 1611 1548 1390 461 261 477 280 253 160 279 163 0 31 255 254 244 225 21 64 24 72 0 0 0 0 0 0 0 0 25 2 516794 806902 1597862 1513830 746082 1599832 1599362 1611198 1519688 1531544 1614610 299146 748580 804456 185192 861620 1109288 1345242 1006766 983420 2073600 2073600 4 6 286687 990720 993600 83577 115358 97031 74923 7 6 6 5 72 4 4 4 4 1920 1080 
[ 2821.908161] MESSAGE_B= 4 4 4 4 23 2 192 0 248 179 0 2749 2966 2620 2798 1670 1643 1489 1421 463 257 480 269 248 188 271 194 0 31 255 254 242 230 59 82 65 84 0 0 0 0 0 0 0 0 23 2 589378 966234 1597862 1513830 746082 1599832 1599362 1611198 1519688 1531544 1614610 299146 748580 804456 185192 861620 1109288 1345242 1006766 983420 2073600 2073600 4 6 283930 994560 993600 81748 115672 95992 78435 7 6 6 5 69 4 4 4 4 1920 1080 
[ 2822.188195] MESSAGE_B= 4 4 4 5 21 2 192 0 248 179 0 2752 2976 2619 2802 1631 1695 1446 1480 466 248 485 275 269 220 279 238 0 31 255 255 247 239 71 86 65 88 0 0 0 0 0 0 0 0 21 2 524196 859210 1597862 1513830 746082 1599832 1599362 1611198 1519688 1531544 1614610 299146 748580 804456 185192 861620 1109288 1345242 1006766 983420 2073600 2073600 4 6 267429 990720 993600 99973 115260 98319 78853 7 6 6 5 68 4 4 4 4 1920 1080 
[ 2822.468351] MESSAGE_B= 4 4 4 5 23 1 192 0 248 179 0 2758 2966 2621 2804 1616 1676 1436 1451 458 253 490 271 285 216 327 224 0 31 255 254 247 239 85 99 80 93 0 0 0 0 0 0 0 0 23 1 592462 957086 1597862 1513830 746082 1599832 1599362 1611198 1519688 1531544 1614610 299146 748580 804456 185192 861620 1109288 1345242 1006766 983420 2073600 2073600 4 6 267896 994560 993600 94954 115375 95943 80437 7 6 6 5 72 4 4 4 4 1920 1080 
[ 2822.748481] MESSAGE_B= 4 4 4 5 24 2 192 0 248 179 0 2760 2940 2625 2771 1608 1636 1419 1409 456 257 483 270 256 203 281 204 0 31 255 254 245 231 94 114 90 111 0 0 0 0 0 0 0 0 24 2 491436 883764 1597862 1513830 746082 1599832 1599362 1611198 1519688 1531544 1614610 299146 748580 804456 185192 861620 1109288 1345242 1006766 983420 2073600 2073600 4 6 268927 990720 993600 96359 115959 98153 81730 7 6 6 5 73 4 4 4 4 1920 1080 
[ 2823.029791] MESSAGE_B= 4 4 4 5 26 2 192 0 248 179 0 2751 2922 2620 2745 1586 1581 1394 1357 456 257 475 277 188 200 205 203 0 31 255 254 241 225 119 76 118 76 0 0 0 0 0 0 0 0 26 2 586524 955906 1597862 1513830 746082 1599832 1599362 1611198 1519688 1531544 1614610 299146 748580 804456 185192 861620 1109288 1345242 1006766 983420 2073600 2073600 4 6 281541 994560 993600 82806 115687 96361 80578 7 6 6 5 73 4 4 4 4 1920 1080 
[ 2823.189784] MESSAGE_B= 4 4 4 4 21 2 192 0 248 179 0 2750 2932 2623 2756 1575 1583 1386 1356 473 243 484 262 164 198 171 214 0 31 255 254 236 232 112 18 112 1 0 0 0 0 0 0 0 0 21 2 546492 888690 1614532 1516430 768290 1599872 1657520 1669232 1525892 1557250 1664612 288560 764304 851724 183278 916312 966734 1341350 872272 1037690 2073600 2073600 4 6 270875 990720 993600 97949 116079 100188 81088 7 6 6 5 73 4 4 4 4 1920 1080 
[ 2823.478019] MESSAGE_B= 4 4 4 4 23 1 192 0 248 179 0 2741 2941 2611 2766 1579 1650 1387 1430 493 213 510 222 163 315 169 354 0 31 255 254 231 246 102 137 103 154 0 0 0 0 0 0 0 0 23 1 555104 956352 1614532 1516430 768290 1599872 1657520 1669232 1525892 1557250 1664612 288560 764304 851724 183278 916312 966734 1341350 872272 1037690 2073600 2073600 4 6 276628 994560 993600 96127 115387 101172 78072 7 6 6 5 73 4 4 4 4 1920 1080 
[ 2823.764802] MESSAGE_B= 4 4 4 3 23 2 192 0 248 179 0 2786 2948 2636 2768 1609 1554 1422 1331 443 218 489 226 167 222 182 243 0 31 255 255 231 235 16 39 34 13 0 0 0 0 0 0 0 0 23 2 551074 863264 1614532 1516430 768290 1599872 1657520 1669232 1525892 1557250 1664612 288560 764304 851724 183278 916312 966734 1341350 872272 1037690 2073600 2073600 4 6 277595 990720 993600 100829 117083 102913 76704 7 6 6 5 72 4 4 4 4 1920 1080 
[ 2824.045797] MESSAGE_B= 4 4 4 4 22 2 192 0 248 179 0 2832 2926 2685 2760 1576 1593 1384 1369 363 228 408 236 190 218 195 234 0 31 255 255 222 234 33 63 15 62 0 0 0 0 0 0 0 0 22 2 591998 955102 1614532 1516430 768290 1599872 1657520 1669232 1525892 1557250 1664612 288560 764304 851724 183278 916312 966734 1341350 872272 1037690 2073600 2073600 4 6 281873 994560 993600 96614 118410 100636 76684 7 6 6 5 79 4 4 4 4 1920 1080 
[ 2824.324795] MESSAGE_B= 4 4 4 5 21 2 192 0 248 179 0 2915 2924 2771 2754 1590 1710 1406 1509 287 226 327 239 192 267 212 297 0 31 253 254 231 244 64 142 73 163 0 0 0 0 0 0 0 0 21 2 490232 906234 1614532 1516430 768290 1599872 1657520 1669232 1525892 1557250 1664612 288560 764304 851724 183278 916312 966734 1341350 872272 1037690 2073600 2073600 4 6 304437 990720 993600 86014 122275 98527 70218 7 6 6 5 79 4 4 4 4 1920 1080 
[ 2824.487803] MESSAGE_B= 4 4 4 4 27 2 192 0 248 179 0 2938 2932 2814 2766 1767 1722 1600 1520 261 216 283 227 336 324 388 369 0 31 253 255 247 247 154 121 157 138 0 0 0 0 0 0 0 0 27 2 659788 954632 1614532 1516430 768290 1599872 1657520 1669232 1525892 1557250 1664612 288560 764304 851724 183278 916312 966734 1341350 872272 1037690 2073600 2073600 4 6 299037 994560 993600 99349 122621 99271 64342 7 6 6 5 79 4 4 4 4 1920 1080 
[ 2824.766805] MESSAGE_B= 4 4 4 4 25 2 192 0 248 179 0 2342 2339 2254 2209 1401 1255 1260 1068 198 172 221 183 267 174 328 197 0 31 255 254 246 244 181 56 185 75 0 0 0 0 0 0 0 0 25 2 425716 836174 1614532 1516430 768290 1599872 1657520 1669232 1525892 1557250 1664612 288560 764304 851724 183278 916312 966734 1341350 872272 1037690 2073600 2073600 4 6 314350 990720 993600 75502 123762 99727 72635 7 6 6 5 86 4 4 4 4 1920 1080 
[ 2825.053761] MESSAGE_B= 4 4 4 3 39 2 192 0 248 179 0 1428 1430 1352 1326 780 740 683 633 138 115 132 114 131 96 138 99 0 31 255 255 241 237 118 133 136 129 0 0 0 0 0 0 0 0 39 2 635782 956344 1614532 1516430 768290 1599872 1657520 1669232 1525892 1557250 1664612 288560 764304 851724 183278 916312 966734 1341350 872272 1037690 2073600 2073600 4 6 264369 994560 993600 104155 121571 93041 56003 7 6 6 5 86 4 4 4 4 1920 1080 

