[ 7012.987967] MESSAGE_B= 0 0 0 155 3 3 192 0 248 179 0 0 2510 0 2217 1651 1017 2392 880 0 422 0 618 554 128 150 122 0 12 0 220 56 45 0 111 4 85 1 2 2 2 1 2 0 2 3 3 327360 256758 101432 112114 34546 98520 164544 122414 352238 276250 122734 380758 222330 212750 380808 364014 398742 327434 342364 380280 2073600 2073600 1 12 390817 994560 993600 112882 83589 102644 91702 12 12 12 12 0 0 0 0 0 1920 1080 
[ 7013.266780] MESSAGE_B= 0 0 0 155 3 3 192 0 248 179 0 0 2508 0 2205 1661 1012 2387 871 0 425 0 611 560 114 148 109 0 12 0 222 61 51 0 99 6 90 1 2 2 2 1 2 0 2 3 3 132124 171104 101432 112114 34546 98520 164544 122414 352238 276250 122734 380758 222330 212750 380808 364014 398742 327434 342364 380280 2073600 2073600 1 12 391656 990720 993600 112911 83719 102879 92147 12 12 12 12 0 0 0 0 0 1920 1080 
[ 7013.544797] MESSAGE_B= 0 0 0 155 3 3 192 0 248 179 0 0 2349 0 2264 1491 1272 2022 1381 0 439 0 686 429 287 80 528 0 12 0 209 118 155 0 147 4 54 1 2 2 2 1 2 2 2 3 3 327360 256758 101432 112114 34546 98520 164544 122414 352238 276250 122734 380758 222330 212750 380808 364014 398742 327434 342364 380280 2073600 2073600 1 12 392850 994560 993600 114010 82498 107496 88846 12 12 12 12 0 0 0 0 0 1920 1080 
[ 7013.821787] MESSAGE_B= 0 0 0 168 2 4 192 0 248 179 0 0 1689 0 1355 0 1455 0 1839 0 538 0 324 0 524 0 798 1 12 0 111 0 194 0 0 0 0 1 0 1 2 1 1 1 1 2 4 132124 171104 101432 112114 34546 98520 164544 122414 352238 276250 122734 380758 222330 212750 380808 364014 398742 327434 342364 380280 2073600 2073600 3 12 465949 990720 993600 121553 113152 123803 107441 12 12 12 12 95 0 0 0 0 1920 1080 
[ 7014.107794] MESSAGE_B= 0 0 0 193 1 1 192 0 248 179 0 0 217 0 1150 1197 39 757 21 0 0 0 0 0 0 0 0 1 12 1 37 0 1 0 36 0 0 0 0 0 0 0 0 0 0 1 1 216958 291966 101432 112114 34546 98520 164544 122414 352238 276250 122734 380758 222330 212750 380808 364014 398742 327434 342364 380280 2073600 2073600 1 12 457995 994560 993600 107542 112205 115967 122281 12 12 12 12 95 0 0 0 0 1920 1080 
[ 7014.382787] MESSAGE_B= 0 0 0 174 0 1 192 0 248 179 0 2047 2118 1466 1904 1422 1808 1661 1334 133 401 269 222 257 461 420 217 0 12 214 57 244 190 83 111 0 182 2 0 2 2 2 2 1 0 0 1 38196 168930 101432 112114 34546 98520 164544 122414 352238 276250 122734 380758 222330 212750 380808 364014 398742 327434 342364 380280 2073600 2073600 1 12 407747 990720 993600 99004 110788 96763 101192 12 12 12 12 92 0 0 0 0 1920 1080 
[ 7014.661797] MESSAGE_B= 0 0 0 138 0 1 192 0 248 179 0 1688 1627 1830 2302 928 2005 2788 1461 225 391 549 138 99 165 106 235 0 12 237 29 107 124 128 9 0 148 2 0 2 0 2 0 1 0 0 1 133262 79660 101432 112114 34546 98520 164544 122414 352238 276250 122734 380758 222330 212750 380808 364014 398742 327434 342364 380280 2073600 2073600 3 12 410729 994560 993600 101547 103201 106991 98990 12 12 12 12 78 5 0 0 0 1920 1080 
[ 7014.943414] MESSAGE_B= 0 0 0 148 1 1 192 0 248 179 0 0 1768 0 578 208 682 1068 667 0 0 0 0 0 0 0 0 1 12 0 8 52 3 31 45 0 7 0 0 0 0 0 0 0 0 1 1 119542 189184 101432 112114 34546 98520 164544 122414 352238 276250 122734 380758 222330 212750 380808 364014 398742 327434 342364 380280 2073600 2073600 1 12 441146 990720 993600 104892 106285 107424 122545 12 12 12 12 95 5 0 0 0 1920 1080 
[ 7015.109794] MESSAGE_B= 0 0 0 161 1 1 192 0 248 179 0 0 1589 0 1318 0 2464 0 912 0 635 0 283 0 0 0 0 0 12 0 35 0 0 117 97 0 0 1 2 1 2 2 2 1 2 1 1 130690 24534 101432 112114 34546 98520 164544 122414 352238 276250 122734 380758 222330 212750 380808 364014 398742 327434 342364 380280 2073600 2073600 1 12 416152 994560 993600 86030 115885 86259 127978 12 12 12 12 95 0 0 0 0 1920 1080 
[ 7015.385789] MESSAGE_B= 0 0 0 157 0 2 192 0 248 179 0 2617 0 1043 0 1908 0 1995 0 337 0 389 0 631 0 530 0 0 12 38 0 46 0 45 110 86 0 2 1 2 1 2 2 2 1 0 2 416384 128732 167250 112114 34546 98520 88198 218534 196046 77842 84056 860352 222330 212750 564382 100874 164914 412702 249268 200880 2073600 2073600 3 12 390513 990720 993600 86607 126745 65762 111399 12 12 12 12 95 0 0 0 0 1920 1080 
[ 7015.662794] MESSAGE_B= 0 0 0 142 2 2 192 0 248 179 0 1109 0 3084 0 2022 1781 2279 1938 260 0 105 0 1145 755 193 379 0 12 181 0 149 202 0 24 97 0 2 1 2 2 1 2 2 1 2 2 525988 47954 167250 112114 34546 98520 88198 218534 196046 77842 84056 860352 222330 212750 564382 100874 164914 412702 249268 200880 2073600 2073600 1 12 379892 994560 993600 108349 104207 84571 82765 12 12 12 12 90 0 0 0 0 1920 1080 
[ 7015.940789] MESSAGE_B= 0 0 0 141 3 7 192 0 248 179 0 1752 0 2815 0 2503 1527 2873 1369 1169 0 282 0 1149 108 337 242 0 12 208 0 187 210 0 219 36 0 2 1 2 2 1 2 0 1 3 7 119162 92610 167250 112114 34546 98520 88198 218534 196046 77842 84056 860352 222330 212750 564382 100874 164914 412702 249268 200880 2073600 2073600 3 12 336635 990720 993600 78789 88376 86421 83049 12 12 12 12 90 0 0 0 0 1920 1080 
[ 7016.218788] MESSAGE_B= 0 0 0 142 2 7 192 0 248 179 0 2250 0 2583 0 2731 0 2192 0 1254 0 243 0 1238 0 418 0 0 12 157 0 76 0 0 206 66 0 2 1 2 1 1 2 0 1 2 7 185156 360384 167250 112114 34546 98520 88198 218534 196046 77842 84056 860352 222330 212750 564382 100874 164914 412702 249268 200880 2073600 2073600 3 12 340770 994560 993600 61781 89900 84061 105028 12 12 12 12 83 0 0 0 0 1920 1080 
[ 7016.495991] MESSAGE_B= 0 0 0 133 1 2 192 0 248 179 0 1577 693 1733 790 1398 1488 1179 1554 796 40 816 133 577 610 434 661 0 12 113 144 227 165 0 206 174 107 2 2 2 0 1 2 2 0 1 2 197384 449770 167250 112114 34546 98520 88198 218534 196046 77842 84056 860352 222330 212750 564382 100874 164914 412702 249268 200880 2073600 2073600 3 12 371611 990720 993600 90843 79064 101398 100306 12 12 12 12 93 0 0 0 0 1920 1080 
[ 7016.775027] MESSAGE_B= 0 0 0 133 0 1 192 0 248 179 0 0 3050 0 1610 0 1935 0 1417 0 65 0 139 0 828 0 596 0 12 0 36 0 250 0 0 79 2 1 2 1 2 1 1 2 0 0 1 142790 244430 167250 112114 34546 98520 88198 218534 196046 77842 84056 860352 222330 212750 564382 100874 164914 412702 249268 200880 2073600 2073600 3 12 424094 994560 993600 113294 87290 124815 98695 12 12 12 12 93 0 0 0 0 1920 1080 
[ 7017.055563] MESSAGE_B= 0 0 0 163 0 4 192 0 248 179 0 0 3034 0 1515 0 2309 0 970 0 130 0 566 0 741 0 289 0 12 0 179 0 244 0 0 0 0 1 0 1 2 1 1 1 1 0 4 349330 394088 167250 112114 34546 98520 88198 218534 196046 77842 84056 860352 222330 212750 564382 100874 164914 412702 249268 200880 2073600 2073600 3 12 454036 990720 993600 113895 98445 125421 116275 12 12 12 12 88 0 0 0 0 1920 1080 
[ 7017.211472] MESSAGE_B= 0 0 0 186 0 2 192 0 248 179 0 0 3673 0 1731 0 3617 0 909 0 132 0 579 0 91 0 200 0 12 0 129 0 105 0 0 0 0 1 0 1 0 1 1 1 1 0 2 248818 138546 167250 112114 34546 98520 88198 218534 196046 77842 84056 860352 222330 212750 564382 100874 164914 412702 249268 200880 2073600 2073600 3 12 461406 994560 993600 114238 99553 125481 122134 12 12 12 12 87 4 0 0 0 1920 1080 
[ 7017.486785] MESSAGE_B= 0 0 0 192 0 15 192 0 248 179 0 1088 3570 2716 1231 0 3429 0 959 143 89 418 623 0 310 0 315 0 12 63 23 0 162 0 199 0 0 2 2 1 0 1 2 1 1 0 15 84240 398140 167250 112114 34546 98520 88198 218534 196046 77842 84056 860352 222330 212750 564382 100874 164914 412702 249268 200880 2073600 2073600 3 12 454587 990720 993600 99432 106651 125650 122854 12 12 12 12 81 0 0 0 0 1920 1080 
[ 7017.764785] MESSAGE_B= 0 0 0 198 0 3 192 0 248 179 0 1497 0 2996 0 1106 0 3117 0 281 0 210 0 155 0 143 0 0 12 75 0 215 0 0 170 0 0 0 1 0 1 1 2 1 1 0 3 90906 82672 371102 157250 316474 81736 165878 360424 382308 323058 303220 220708 492038 69150 188458 313554 352234 743486 278188 255368 2073600 2073600 3 12 460434 994560 993600 97343 114382 121011 127698 12 12 12 12 67 4 0 0 0 1920 1080 
[ 7018.045983] MESSAGE_B= 0 0 0 204 0 3 192 0 248 179 0 0 45 0 2555 0 46 0 268 0 0 0 0 0 0 0 0 1 12 0 0 0 0 0 0 0 0 0 0 0 0 1 0 0 1 0 3 79656 367492 371102 157250 316474 81736 165878 360424 382308 323058 303220 220708 492038 69150 188458 313554 352234 743486 278188 255368 2073600 2073600 3 12 464628 990720 993600 112468 115241 109203 127716 12 12 12 12 59 4 0 0 0 1920 1080 
[ 7018.327659] MESSAGE_B= 0 0 0 204 0 3 192 0 248 179 0 0 0 0 0 0 0 0 0 0 0 0 0 0 0 0 0 1 12 0 0 0 0 0 6 3 0 0 0 0 0 1 0 0 1 0 3 104340 102024 371102 157250 316474 81736 165878 360424 382308 323058 303220 220708 492038 69150 188458 313554 352234 743486 278188 255368 2073600 2073600 3 12 461563 994560 993600 114957 115878 105180 125548 12 12 12 12 59 4 0 0 0 1920 1080 
[ 7018.602778] MESSAGE_B= 0 0 0 207 0 2 192 0 248 179 0 0 0 0 0 0 0 0 0 0 0 0 0 0 0 0 0 1 12 0 0 0 0 0 7 0 0 0 0 0 0 1 0 0 1 0 2 279934 222534 371102 157250 316474 81736 165878 360424 382308 323058 303220 220708 492038 69150 188458 313554 352234 743486 278188 255368 2073600 2073600 3 12 458952 990720 993600 115545 116072 116160 111175 12 12 12 12 52 4 0 0 0 1920 1080 
[ 7018.888809] MESSAGE_B= 0 0 0 210 0 2 192 0 248 179 0 0 0 0 0 0 0 0 0 0 0 0 0 0 0 0 0 1 12 0 0 0 0 0 0 0 0 0 0 0 0 1 0 0 1 0 2 57372 250990 371102 157250 316474 81736 165878 360424 382308 323058 303220 220708 492038 69150 188458 313554 352234 743486 278188 255368 2073600 2073600 3 12 478163 994560 993600 116077 116565 121493 124028 12 12 12 12 50 4 0 0 0 1920 1080 
[ 7019.166484] MESSAGE_B= 0 0 0 213 0 3 192 0 248 179 0 0 0 0 0 0 0 0 0 0 0 0 0 0 0 0 0 1 12 0 0 0 0 0 0 0 0 0 0 0 0 1 0 0 1 0 3 94176 184382 371102 157250 316474 81736 165878 360424 382308 323058 303220 220708 492038 69150 188458 313554 352234 743486 278188 255368 2073600 2073600 3 12 482895 990720 993600 116321 116801 122088 127685 12 12 12 12 36 4 0 0 0 1920 1080 
[ 7019.441792] MESSAGE_B= 0 0 0 215 0 3 192 0 248 179 0 0 0 0 0 0 0 0 0 0 0 0 0 0 0 0 0 1 12 0 0 0 0 0 0 0 0 0 0 0 0 1 0 0 1 0 3 62878 116830 371102 157250 316474 81736 165878 360424 382308 323058 303220 220708 492038 69150 188458 313554 352234 743486 278188 255368 2073600 2073600 3 12 483964 994560 993600 116736 116996 122447 127785 12 12 12 12 30 4 0 0 0 1920 1080 
[ 7019.718779] MESSAGE_B= 0 0 0 216 1 2 192 0 248 179 0 0 0 0 0 0 0 0 0 0 0 0 0 0 0 0 0 1 12 0 0 0 0 0 0 0 0 0 0 1 0 1 0 0 1 1 2 67816 184216 371102 157250 316474 81736 165878 360424 382308 323058 303220 220708 492038 69150 188458 313554 352234 743486 278188 255368 2073600 2073600 3 12 488202 990720 993600 118743 118658 122812 127989 12 12 12 12 102 4 0 0 0 1920 1080 
[ 7019.881791] MESSAGE_B= 0 0 0 217 2 3 192 0 248 179 0 0 0 0 0 0 0 0 0 0 0 0 0 0 0 0 0 1 12 0 0 0 0 0 0 0 0 0 0 1 0 1 0 0 1 2 3 55724 55896 371102 157250 316474 81736 165878 360424 382308 323058 303220 220708 492038 69150 188458 313554 352234 743486 278188 255368 2073600 2073600 3 12 492718 994560 993600 120762 120585 123267 128104 12 12 12 12 127 4 0 0 0 1920 1080 
[ 7020.164788] MESSAGE_B= 0 0 0 220 0 3 192 0 248 179 0 0 0 0 0 0 0 0 0 0 0 0 0 0 0 0 0 1 12 0 0 0 0 0 0 0 0 0 0 0 0 1 0 0 1 0 3 44852 171494 79314 120750 467306 121392 293194 144018 328522 247064 84096 70034 351434 207774 126498 159338 123230 319730 131460 78322 2073600 2073600 1 12 483831 990720 993600 116544 116979 122535 127773 12 12 12 12 127 4 0 0 0 1920 1080 
[ 7020.438785] MESSAGE_B= 0 0 0 218 0 3 192 0 248 179 0 0 0 0 0 0 0 0 0 0 0 0 0 0 0 0 0 1 12 0 0 0 0 0 0 0 0 0 0 0 0 1 0 0 1 0 3 49342 37664 79314 120750 467306 121392 293194 144018 328522 247064 84096 70034 351434 207774 126498 159338 123230 319730 131460 78322 2073600 2073600 3 12 483688 994560 993600 116489 116931 122502 127766 12 12 12 12 97 4 0 0 0 1920 1080 
[ 7020.725556] MESSAGE_B= 0 0 0 218 0 3 192 0 248 179 0 0 0 0 0 0 0 0 0 0 0 0 0 0 0 0 0 1 12 0 0 0 0 0 0 0 0 0 0 0 0 1 0 0 1 0 3 46698 180700 79314 120750 467306 121392 293194 144018 328522 247064 84096 70034 351434 207774 126498 159338 123230 319730 131460 78322 2073600 2073600 1 12 483683 990720 993600 116484 116930 122503 127766 12 12 12 12 14 4 0 0 0 1920 1080 
[ 7021.003779] MESSAGE_B= 0 0 0 218 0 3 192 0 248 179 0 0 0 0 0 0 0 0 0 0 0 0 0 0 0 0 0 1 12 0 0 0 0 0 0 0 0 0 0 0 0 1 0 0 1 0 3 50852 41198 79314 120750 467306 121392 293194 144018 328522 247064 84096 70034 351434 207774 126498 159338 123230 319730 131460 78322 2073600 2073600 3 12 483674 994560 993600 116484 116928 122494 127768 12 12 12 12 6 4 0 0 0 1920 1080 
[ 7021.277797] MESSAGE_B= 0 0 0 218 0 3 192 0 248 179 0 0 0 0 0 0 0 0 0 0 0 0 0 0 0 0 0 1 12 0 0 0 0 0 0 0 0 0 0 0 0 1 0 0 1 0 3 46668 180388 79314 120750 467306 121392 293194 144018 328522 247064 84096 70034 351434 207774 126498 159338 123230 319730 131460 78322 2073600 2073600 1 12 483594 990720 993600 116508 116877 122443 127766 12 12 12 12 11 4 0 0 0 1920 1080 
[ 7021.551782] MESSAGE_B= 0 0 0 218 0 3 192 0 248 179 0 0 0 0 0 0 0 0 0 0 0 0 0 0 0 0 0 1 12 0 0 0 0 0 0 0 0 0 0 0 0 1 0 0 1 0 3 51034 41226 79314 120750 467306 121392 293194 144018 328522 247064 84096 70034 351434 207774 126498 159338 123230 319730 131460 78322 2073600 2073600 3 12 483390 994560 993600 116422 116808 122397 127763 12 12 12 12 31 4 0 0 0 1920 1080 
[ 7021.829789] MESSAGE_B= 0 0 0 218 0 3 192 0 248 179 0 0 0 0 0 0 0 0 0 0 0 0 0 0 0 0 0 1 12 0 0 0 0 0 0 0 0 0 0 0 0 1 0 0 1 0 3 47422 180498 79314 120750 467306 121392 293194 144018 328522 247064 84096 70034 351434 207774 126498 159338 123230 319730 131460 78322 2073600 2073600 1 12 483142 990720 993600 116254 116739 122385 127764 12 12 12 12 35 4 0 0 0 1920 1080 
[ 7022.107790] MESSAGE_B= 0 0 0 218 0 3 192 0 248 179 0 0 0 0 0 0 0 0 0 0 0 0 0 0 0 0 0 1 12 0 0 0 0 0 0 0 0 0 0 0 0 1 0 0 1 0 3 55252 41744 79314 120750 467306 121392 293194 144018 328522 247064 84096 70034 351434 207774 126498 159338 123230 319730 131460 78322 2073600 2073600 3 12 482513 994560 993600 116059 116453 122249 127752 12 12 12 12 43 4 0 0 0 1920 1080 
[ 7022.351781] MESSAGE_B= 0 0 0 217 0 3 192 0 248 179 0 0 0 0 0 0 0 0 0 0 0 0 0 0 0 0 0 1 12 0 0 0 0 0 0 0 0 0 0 0 0 1 0 0 1 0 3 49364 184450 79314 120750 467306 121392 293194 144018 328522 247064 84096 70034 351434 207774 126498 159338 123230 319730 131460 78322 2073600 2073600 3 12 481969 990720 993600 115775 116269 122176 127749 12 12 12 12 43 4 0 0 0 1920 1080 
[ 7022.625794] MESSAGE_B= 0 0 0 217 0 4 192 0 248 179 0 0 0 0 0 0 0 0 0 0 0 0 0 0 0 0 0 1 12 0 0 0 0 0 1 0 0 0 0 0 0 1 0 0 1 0 4 55100 42502 143126 145526 166570 134754 135458 136144 302614 243882 140520 68460 177566 158558 65484 63362 73224 289956 102412 70584 2073600 2073600 3 12 481356 994560 993600 115436 115950 122220 127750 12 12 12 12 45 4 0 0 0 1920 1080 
[ 7022.783154] MESSAGE_B= 0 0 0 217 0 3 192 0 248 179 0 0 0 0 0 0 0 0 0 0 0 0 0 0 0 0 0 1 12 0 0 0 0 0 1 0 0 0 0 0 0 1 0 0 1 0 3 51826 191768 143126 145526 166570 134754 135458 136144 302614 243882 140520 68460 177566 158558 65484 63362 73224 289956 102412 70584 2073600 2073600 3 12 481145 990720 993600 115249 115921 122227 127748 12 12 12 12 45 4 0 0 0 1920 1080 
[ 7023.058303] MESSAGE_B= 0 7 0 217 0 4 192 0 248 179 0 0 0 0 0 0 0 0 0 0 0 0 0 0 0 0 0 1 12 0 0 0 0 0 0 0 0 1 1 1 1 1 1 1 1 0 4 58806 42850 143126 145526 166570 134754 135458 136144 302614 243882 140520 68460 177566 158558 65484 63362 73224 289956 102412 70584 2073600 2073600 3 12 512133 994560 993600 127947 128023 128064 128099 12 12 12 12 42 4 0 0 0 1920 1080 
[ 7023.331781] MESSAGE_B= 0 7 0 217 0 18 192 0 248 179 0 0 0 0 0 0 0 0 0 0 0 0 0 0 0 0 0 1 12 0 0 0 0 0 0 0 0 1 1 1 1 1 1 1 1 0 18 53314 202156 143126 145526 166570 134754 135458 136144 302614 243882 140520 68460 177566 158558 65484 63362 73224 289956 102412 70584 2073600 2073600 3 12 512416 990720 993600 128104 128104 128104 128104 12 12 12 12 45 4 0 0 0 1920 1080 
[ 7023.606783] MESSAGE_B= 4 7 0 218 1 23 192 0 248 179 0 0 0 0 0 0 0 0 0 0 0 0 0 0 0 0 0 1 12 0 0 0 0 0 0 0 0 1 1 1 1 1 1 1 1 1 23 0 38636 143126 145526 166570 134754 135458 136144 302614 243882 140520 68460 177566 158558 65484 63362 73224 289956 102412 70584 2073600 2073600 4 12 512416 994560 993600 128104 128104 128104 128104 12 12 12 12 45 4 0 0 0 1920 1080 
[ 7023.880783] MESSAGE_B= 4 7 0 218 1 23 192 0 248 179 0 0 0 0 0 0 0 0 0 0 0 0 0 0 0 0 0 1 12 0 0 0 0 0 0 0 0 1 1 1 1 1 1 1 1 1 23 0 0 143126 145526 166570 134754 135458 136144 302614 243882 140520 68460 177566 158558 65484 63362 73224 289956 102412 70584 2073600 2073600 4 12 512416 990720 993600 128104 128104 128104 128104 12 12 12 12 0 4 0 0 0 1920 1080 
[ 7024.153789] MESSAGE_B= 4 7 0 140 1 5 192 0 248 179 0 0 0 0 0 0 0 0 0 0 0 0 0 0 0 0 0 1 12 0 0 0 0 0 0 0 0 1 1 1 1 1 1 1 1 1 5 0 0 143126 145526 166570 134754 135458 136144 302614 243882 140520 68460 177566 158558 65484 63362 73224 289956 102412 70584 2073600 2073600 4 12 512416 994560 993600 128104 128104 128104 128104 12 12 12 12 0 4 0 0 0 1920 1080 
[ 7024.430780] MESSAGE_B= 4 7 0 126 1 5 192 0 248 179 0 0 0 0 0 0 0 0 0 0 0 0 0 0 0 0 0 1 12 0 0 0 0 0 0 0 0 1 1 1 1 1 1 1 1 1 5 0 0 143126 145526 166570 134754 135458 136144 302614 243882 140520 68460 177566 158558 65484 63362 73224 289956 102412 70584 2073600 2073600 4 12 512416 990720 993600 128104 128104 128104 128104 12 12 12 12 0 4 0 0 0 1920 1080 
[ 7024.706794] MESSAGE_B= 4 7 0 123 1 7 192 0 248 179 0 0 0 0 0 0 0 0 0 0 0 0 0 0 0 0 0 1 12 0 0 0 0 0 0 0 0 1 1 1 1 1 1 1 1 1 7 0 0 143126 145526 166570 134754 135458 136144 302614 243882 140520 68460 177566 158558 65484 63362 73224 289956 102412 70584 2073600 2073600 4 12 512416 994560 993600 128104 128104 128104 128104 12 12 12 12 0 4 0 0 0 1920 1080 
[ 7024.981083] MESSAGE_B= 4 7 0 121 1 7 192 0 248 179 0 0 0 0 0 0 0 0 0 0 0 0 0 0 0 0 0 1 12 0 0 0 0 0 0 0 0 1 1 1 1 1 1 1 1 1 7 0 0 2 134326 168138 61428 2 2 186294 214248 2 2 182990 175446 13000 2 2 275346 324822 2 2073600 2073600 4 12 512416 990720 993600 128104 128104 128104 128104 12 12 12 12 0 4 0 0 0 1920 1080 
[ 7025.253780] MESSAGE_B= 4 7 0 122 1 4 192 0 248 179 0 0 0 0 0 0 0 0 0 0 0 0 0 0 0 0 0 1 12 0 0 0 0 0 0 0 0 1 1 1 1 1 1 1 1 1 4 0 0 2 134326 168138 61428 2 2 186294 214248 2 2 182990 175446 13000 2 2 275346 324822 2 2073600 2073600 4 12 512416 994560 993600 128104 128104 128104 128104 12 12 12 12 0 4 0 0 0 1920 1080 
[ 7025.402796] MESSAGE_B= 4 7 0 120 1 3 192 0 248 179 0 0 0 0 0 0 0 0 0 0 0 0 0 0 0 0 0 1 12 0 0 0 0 0 0 0 0 1 1 1 1 1 1 1 1 1 3 0 0 2 134326 168138 61428 2 2 186294 214248 2 2 182990 175446 13000 2 2 275346 324822 2 2073600 2073600 4 12 512416 990720 993600 128104 128104 128104 128104 12 12 12 12 0 4 0 0 0 1920 1080 
[ 7025.673788] MESSAGE_B= 4 7 0 121 1 4 192 0 248 179 0 0 0 0 0 0 0 0 0 0 0 0 0 0 0 0 0 1 12 0 0 0 0 0 0 0 0 1 1 1 1 1 1 1 1 1 4 0 0 2 134326 168138 61428 2 2 186294 214248 2 2 182990 175446 13000 2 2 275346 324822 2 2073600 2073600 4 12 512416 994560 993600 128104 128104 128104 128104 12 12 12 12 0 4 0 0 0 1920 1080 
[ 7025.944806] MESSAGE_B= 4 7 0 120 1 4 192 0 248 179 0 0 0 0 0 0 0 0 0 0 0 0 0 0 0 0 0 1 12 0 0 0 0 0 0 0 0 1 1 1 1 1 1 1 1 1 4 0 0 2 134326 168138 61428 2 2 186294 214248 2 2 182990 175446 13000 2 2 275346 324822 2 2073600 2073600 4 12 512416 990720 993600 128104 128104 128104 128104 12 12 12 12 0 4 0 0 0 1920 1080 
[ 7026.215778] MESSAGE_B= 4 7 0 121 1 4 192 0 248 179 0 0 0 0 0 0 0 0 0 0 0 0 0 0 0 0 0 1 12 0 0 0 0 0 0 0 0 1 1 1 1 1 1 1 1 1 4 0 0 2 134326 168138 61428 2 2 186294 214248 2 2 182990 175446 13000 2 2 275346 324822 2 2073600 2073600 4 12 512416 994560 993600 128104 128104 128104 128104 12 12 12 12 0 4 0 0 0 1920 1080 
[ 7026.487783] MESSAGE_B= 4 7 0 120 1 3 192 0 248 179 0 0 0 0 0 0 0 0 0 0 0 0 0 0 0 0 0 1 12 0 0 0 0 0 0 0 0 1 1 1 1 1 1 1 1 1 3 0 0 2 134326 168138 61428 2 2 186294 214248 2 2 182990 175446 13000 2 2 275346 324822 2 2073600 2073600 4 12 512416 990720 993600 128104 128104 128104 128104 12 12 12 12 0 4 0 0 0 1920 1080 
[ 7026.764227] MESSAGE_B= 4 0 0 121 2 1 192 0 248 179 0 1484 1105 813 774 1506 1305 1108 987 92 76 91 48 96 55 125 86 0 31 115 108 240 111 107 92 184 157 0 0 0 0 0 0 0 0 2 1 0 0 2 134326 168138 61428 2 2 186294 214248 2 2 182990 175446 13000 2 2 275346 324822 2 2073600 2073600 4 15 159266 994560 993600 51818 61813 82157 49011 15 6 16 6 5 4 0 0 0 1920 1080 
[ 7027.038785] MESSAGE_B= 5 0 0 1 3 1 192 0 248 179 0 2863 3394 2807 3184 3024 3531 3262 3301 490 138 249 191 306 217 193 342 0 6 118 189 92 195 8 175 34 228 2 2 2 2 2 2 2 0 3 1 703052 0 2 134326 168138 61428 2 2 186294 214248 2 2 182990 175446 13000 2 2 275346 324822 2 2073600 2073600 7 6 494182 990720 993600 122663 128104 118407 125008 6 6 6 6 255 0 0 0 0 1920 1080 
[ 7027.313007] MESSAGE_B= 0 0 0 5 1 6 192 0 248 179 0 617 598 568 584 736 761 747 721 31 47 38 32 113 69 85 103 0 12 94 51 249 207 115 179 237 11 2 2 0 0 2 2 2 0 1 6 840976 367630 583862 14606 75150 2 2 2 145196 203200 794556 1539366 211258 217846 2 2 2 258966 353634 1437508 2073600 2073600 3 7 188985 994560 993600 77234 87942 69027 74412 12 12 7 7 255 0 0 0 0 1920 1080 
[ 7027.595841] MESSAGE_B= 0 0 0 1 1 3 192 0 248 179 0 0 0 0 0 576 0 669 0 0 0 0 0 20 0 52 0 0 12 0 0 145 0 0 0 255 0 1 1 2 1 1 1 2 1 1 3 179418 482710 583862 14606 75150 2 2 2 145196 203200 794556 1539366 211258 217846 2 2 2 258966 353634 1437508 2073600 2073600 3 6 348438 990720 993600 70909 74963 119514 122547 12 12 6 6 255 0 0 0 0 1920 1080 
[ 7027.746815] MESSAGE_B= 0 0 0 1 1 2 192 0 248 179 0 430 461 402 481 468 0 821 0 85 75 65 20 103 0 170 0 0 6 123 106 231 0 149 170 246 57 2 2 2 1 2 2 2 2 1 2 117798 794050 583862 14606 75150 2 2 2 145196 203200 794556 1539366 211258 217846 2 2 2 258966 353634 1437508 2073600 2073600 3 6 388711 994560 993600 79924 64008 121944 122835 6 6 6 6 11 0 0 0 0 1920 1080 
[ 7028.022786] MESSAGE_B= 0 0 0 1 1 2 192 0 248 179 0 666 412 391 498 0 756 0 468 209 39 36 57 0 6 0 13 0 6 136 108 0 157 10 178 55 24 2 2 1 0 2 2 2 2 1 2 144820 898954 583862 14606 75150 2 2 2 145196 203200 794556 1539366 211258 217846 2 2 2 258966 353634 1437508 2073600 2073600 3 6 411453 990720 993600 87084 77962 123234 123173 6 6 6 6 17 0 0 0 0 1920 1080 
[ 7028.302786] MESSAGE_B= 0 0 0 1 1 2 192 0 248 179 0 905 452 446 717 430 752 491 1160 267 90 78 339 61 58 38 385 0 6 156 4 25 209 169 36 103 175 2 0 2 2 2 2 2 2 1 2 256026 798720 583862 14606 75150 2 2 2 145196 203200 794556 1539366 211258 217846 2 2 2 258966 353634 1437508 2073600 2073600 3 6 403131 994560 993600 77114 81068 122783 122166 6 6 6 6 41 0 0 0 0 1920 1080 
[ 7028.581787] MESSAGE_B= 0 0 0 1 1 3 192 0 248 179 0 923 599 463 937 577 528 530 471 270 315 111 503 156 72 108 30 0 6 181 223 193 100 43 209 146 24 2 0 2 2 2 2 2 2 1 3 228334 929302 583862 14606 75150 2 2 2 145196 203200 794556 1539366 211258 217846 2 2 2 258966 353634 1437508 2073600 2073600 3 6 386609 990720 993600 77265 78424 119584 111336 6 6 6 6 47 0 0 0 0 1920 1080 
[ 7028.857788] MESSAGE_B= 0 0 0 5 1 2 192 0 248 179 0 1068 793 604 1205 611 502 458 522 261 450 245 542 163 55 44 109 0 6 216 186 34 39 20 154 99 75 2 2 2 2 2 2 2 2 1 2 343494 632888 583862 14606 75150 2 2 2 145196 203200 794556 1539366 211258 217846 2 2 2 258966 353634 1437508 2073600 2073600 3 6 355957 994560 993600 74532 88701 105895 86829 6 6 6 6 48 0 0 0 0 1920 1080 
[ 7029.132787] MESSAGE_B= 0 0 0 10 1 2 192 0 248 179 0 1240 1032 858 1497 660 443 421 639 262 464 302 591 202 40 17 213 0 6 242 183 71 30 219 25 26 36 2 2 2 0 2 2 0 2 1 2 420692 536878 583862 14606 75150 2 2 2 145196 203200 794556 1539366 211258 217846 2 2 2 258966 353634 1437508 2073600 2073600 3 6 312958 990720 993600 78876 94857 79398 59827 6 6 6 6 48 0 0 0 0 1920 1080 
[ 7029.424339] MESSAGE_B= 0 0 0 13 1 2 192 0 248 179 0 1528 1511 1144 2402 737 447 420 754 114 62 142 403 278 151 107 309 0 6 145 73 99 101 19 44 117 218 2 2 2 0 2 0 2 2 1 2 344994 947382 583862 14606 75150 2 2 2 145196 203200 794556 1539366 211258 217846 2 2 2 258966 353634 1437508 2073600 2073600 3 6 294665 994560 993600 88876 95492 56805 63596 6 6 6 12 45 0 0 0 0 1920 1080 
[ 7029.699783] MESSAGE_B= 0 0 0 20 1 3 192 0 248 179 0 1456 1524 1216 2747 881 474 525 784 92 69 18 239 382 254 296 310 0 6 197 25 197 132 79 40 133 146 2 2 0 2 2 2 2 2 1 3 321940 766926 674976 39392 13334 1471714 1419968 1157582 501014 1293664 1519468 671948 70638 2104 389142 407768 447222 178152 544666 644244 2073600 2073600 3 6 289875 990720 993600 102329 99952 51634 57409 6 6 12 12 49 0 0 0 0 1920 1080 
[ 7029.858922] MESSAGE_B= 0 0 0 18 1 3 192 0 248 179 0 0 1483 0 2860 924 478 546 784 0 70 0 290 423 275 325 284 0 6 0 8 188 160 0 52 10 135 1 2 0 2 1 2 2 2 1 3 484522 948776 674976 39392 13334 1471714 1419968 1157582 501014 1293664 1519468 671948 70638 2104 389142 407768 447222 178152 544666 644244 2073600 2073600 3 6 283046 994560 993600 102382 100846 53053 56121 6 6 12 12 54 0 0 0 0 1920 1080 
[ 7030.137785] MESSAGE_B= 0 0 0 17 1 3 192 0 248 179 0 0 1456 0 3078 969 515 558 896 0 73 0 371 464 340 341 339 0 6 0 16 155 125 0 61 79 0 1 2 0 2 1 2 2 1 1 3 278180 823256 674976 39392 13334 1471714 1419968 1157582 501014 1293664 1519468 671948 70638 2104 389142 407768 447222 178152 544666 644244 2073600 2073600 3 6 282237 990720 993600 100313 101038 49636 50697 6 6 12 6 54 0 0 0 0 1920 1080 
[ 7030.416783] MESSAGE_B= 0 0 0 18 1 1 192 0 248 179 0 0 1467 0 3282 1013 615 661 1578 0 70 0 392 512 381 362 803 0 6 0 44 56 218 0 44 111 0 1 2 2 2 1 2 2 1 1 1 456172 670480 674976 39392 13334 1471714 1419968 1157582 501014 1293664 1519468 671948 70638 2104 389142 407768 447222 178152 544666 644244 2073600 2073600 1 6 283571 994560 993600 98624 99700 43472 52973 6 6 12 6 33 0 0 0 0 1920 1080 
[ 7030.696599] MESSAGE_B= 0 0 0 20 1 1 192 0 248 179 0 0 1872 0 3254 1281 1061 884 2502 0 63 0 473 546 555 414 1048 0 6 0 202 83 227 0 9 141 17 1 2 2 2 1 2 2 2 1 1 294740 675220 674976 39392 13334 1471714 1419968 1157582 501014 1293664 1519468 671948 70638 2104 389142 407768 447222 178152 544666 644244 2073600 2073600 1 6 290338 990720 993600 96630 98541 38507 56660 6 6 6 6 94 0 0 0 0 1920 1080 
[ 7030.973061] MESSAGE_B= 0 0 0 4 2 1 192 0 248 179 0 236 420 663 660 1131 891 452 807 60 157 266 285 971 281 216 283 0 6 196 19 12 172 94 166 210 36 2 2 2 2 2 0 0 0 2 1 425544 483028 674976 39392 13334 1471714 1419968 1157582 501014 1293664 1519468 671948 70638 2104 389142 407768 447222 178152 544666 644244 2073600 2073600 2 12 193863 994560 993600 78271 78774 88255 49240 6 12 6 12 94 5 0 0 0 1920 1080 
[ 7031.256791] MESSAGE_B= 0 0 0 3 2 1 192 0 248 179 0 243 450 693 655 1148 1047 530 792 61 171 275 278 936 376 208 266 0 6 211 3 29 207 74 136 212 24 2 2 2 0 0 0 0 0 2 1 528408 406970 674976 39392 13334 1471714 1419968 1157582 501014 1293664 1519468 671948 70638 2104 389142 407768 447222 178152 544666 644244 2073600 2073600 2 12 186613 990720 993600 79312 77636 84039 47571 6 12 6 12 12 0 0 0 0 1920 1080 
[ 7031.416786] MESSAGE_B= 0 0 0 3 2 1 192 0 248 179 0 246 446 677 652 1153 1096 579 786 60 168 263 277 916 428 209 264 0 6 195 4 20 218 112 128 211 25 2 2 2 0 0 0 0 0 2 1 479382 626074 674976 39392 13334 1471714 1419968 1157582 501014 1293664 1519468 671948 70638 2104 389142 407768 447222 178152 544666 644244 2073600 2073600 2 12 187450 994560 993600 78676 77747 83192 47730 6 12 6 12 12 0 0 0 0 1920 1080 
[ 7031.703510] MESSAGE_B= 0 0 0 3 2 1 192 0 248 179 0 245 460 700 646 1150 1186 603 767 63 170 276 276 896 502 216 251 0 6 199 9 25 229 68 99 214 24 2 2 2 0 0 2 0 0 2 1 548730 388504 674976 39392 13334 1471714 1419968 1157582 501014 1293664 1519468 671948 70638 2104 389142 407768 447222 178152 544666 644244 2073600 2073600 2 12 185240 990720 993600 78735 77679 81307 47416 6 12 6 12 13 0 0 0 0 1920 1080 
[ 7031.982939] MESSAGE_B= 0 0 0 3 2 1 192 0 248 179 0 251 470 665 599 1207 1127 648 732 57 143 250 262 907 515 319 220 0 6 220 59 26 223 57 107 218 11 2 2 2 2 0 0 0 0 2 1 506742 662722 790176 1564756 1369006 818678 989628 740876 411726 668414 883554 625994 188062 279074 465886 707512 659694 1507262 1199756 766338 2073600 2073600 2 12 195150 994560 993600 75749 84487 80301 47450 6 12 6 12 17 5 0 0 0 1920 1080 
[ 7032.264789] MESSAGE_B= 0 0 0 3 2 1 192 0 248 179 0 268 486 660 564 1228 1139 692 719 60 143 238 261 893 486 377 191 0 6 219 79 42 220 51 106 229 43 2 2 2 0 0 0 0 0 2 1 571070 395804 790176 1564756 1369006 818678 989628 740876 411726 668414 883554 625994 188062 279074 465886 707512 659694 1507262 1199756 766338 2073600 2073600 2 12 192239 990720 993600 74791 85483 78342 44684 6 12 6 12 18 0 0 0 0 1920 1080 
[ 7032.542802] MESSAGE_B= 0 0 0 3 2 1 192 0 248 179 0 271 480 665 519 1385 1174 699 698 57 142 230 253 953 463 409 160 0 6 192 92 77 213 85 122 235 100 2 0 2 0 0 0 0 0 2 1 469884 646904 790176 1564756 1369006 818678 989628 740876 411726 668414 883554 625994 188062 279074 465886 707512 659694 1507262 1199756 766338 2073600 2073600 2 12 195530 994560 993600 70790 88442 77266 42371 6 12 6 12 18 0 0 0 0 1920 1080 
[ 7032.821785] MESSAGE_B= 0 0 0 4 3 1 192 0 248 179 0 267 488 611 479 1438 1143 709 667 54 149 176 258 986 389 421 124 0 6 167 78 97 170 146 106 234 122 2 0 2 0 2 0 0 0 3 1 570660 373568 790176 1564756 1369006 818678 989628 740876 411726 668414 883554 625994 188062 279074 465886 707512 659694 1507262 1199756 766338 2073600 2073600 2 12 198330 990720 993600 69630 91245 78107 42210 6 12 6 12 18 5 0 0 0 1920 1080 
[ 7033.099794] MESSAGE_B= 0 0 0 4 6 1 192 0 248 179 0 271 482 580 455 1483 1013 672 640 60 134 167 266 1033 339 403 109 0 6 163 74 114 149 87 113 231 119 2 0 2 0 2 0 0 0 6 1 466562 649028 790176 1564756 1369006 818678 989628 740876 411726 668414 883554 625994 188062 279074 465886 707512 659694 1507262 1199756 766338 2073600 2073600 2 12 206845 994560 993600 68605 93656 78838 43745 6 12 6 12 15 5 0 0 0 1920 1080 
[ 7033.383798] MESSAGE_B= 0 0 0 101 1 2 192 0 248 179 0 1343 1340 1742 1918 1119 798 480 259 140 210 280 286 327 125 147 124 0 31 59 54 78 24 90 110 51 15 0 0 0 0 0 0 0 0 1 2 545512 433074 790176 1564756 1369006 818678 989628 740876 411726 668414 883554 625994 188062 279074 465886 707512 659694 1507262 1199756 766338 2073600 2073600 3 12 190283 990720 993600 52449 48705 60932 111596 15 17 13 12 44 5 0 0 0 1920 1080 
[ 7033.662785] MESSAGE_B= 0 0 0 111 2 2 192 0 248 179 0 1360 1388 1497 1848 1212 1007 788 545 131 135 385 695 317 133 132 377 0 31 48 166 117 134 117 116 18 112 0 0 0 0 0 0 0 0 2 2 441616 732572 790176 1564756 1369006 818678 989628 740876 411726 668414 883554 625994 188062 279074 465886 707512 659694 1507262 1199756 766338 2073600 2073600 1 12 144947 994560 993600 60724 36259 51000 81403 15 17 13 12 47 4 0 0 0 1920 1080 
[ 7033.943788] MESSAGE_B= 0 0 0 136 2 1 192 0 248 179 0 1380 1442 1402 1730 1234 1119 789 725 129 115 450 625 319 138 138 450 0 31 83 181 85 42 123 94 95 128 0 0 0 0 0 0 0 0 2 1 561412 587280 790176 1564756 1369006 818678 989628 740876 411726 668414 883554 625994 188062 279074 465886 707512 659694 1507262 1199756 766338 2073600 2073600 2 15 154937 990720 993600 67341 31656 50606 71411 16 17 15 12 47 5 0 0 0 1920 1080 
[ 7034.222806] MESSAGE_B= 0 0 0 146 2 1 192 0 248 179 0 1387 1460 1404 1683 1235 1123 796 752 134 107 457 631 318 139 134 454 0 31 85 178 73 45 114 87 74 139 0 0 0 0 0 0 0 0 2 1 443890 603292 790176 1564756 1369006 818678 989628 740876 411726 668414 883554 625994 188062 279074 465886 707512 659694 1507262 1199756 766338 2073600 2073600 2 15 157609 994560 993600 71437 30306 52032 70240 16 17 15 12 31 5 0 0 0 1920 1080 
[ 7034.501787] MESSAGE_B= 0 0 0 144 2 1 192 0 248 179 0 2793 3713 3458 3281 2387 3207 3200 1764 595 208 623 747 538 765 653 1316 0 7 66 1 113 14 71 3 26 179 2 2 0 2 2 2 2 2 2 1 429030 244230 723086 440974 453822 999952 701376 708376 724818 581254 757672 773038 1150486 1355312 780068 811074 1286504 938916 846152 720032 2073600 2073600 2 7 369895 990720 993600 112385 53638 108553 95319 7 7 7 7 242 0 0 0 0 1920 1080 

