[ 9730.797792] MESSAGE_B= 0 0 0 125 0 2 192 0 248 179 0 1401 3556 3609 2492 1831 3638 3883 3482 221 495 251 546 216 292 53 109 0 31 175 155 59 167 210 243 52 106 0 0 0 0 2 2 2 2 0 2 458758 800004 2 79186 119106 166038 123938 2 141382 125122 2 2 104282 76140 30064 2 2 99622 128214 2 2073600 2073600 3 0 155290 994560 993600 41568 57051 36014 64739 0 0 0 25 68 4 0 0 0 1920 1080 
[ 9731.077780] MESSAGE_B= 0 0 0 109 1 1 192 0 248 179 0 1543 2341 2302 1634 1192 2226 3454 2412 342 328 195 508 311 151 382 174 0 31 126 208 215 53 188 214 218 110 0 0 0 0 2 2 2 2 1 1 519870 649790 2 79186 119106 166038 123938 2 141382 125122 2 2 104282 76140 30064 2 2 99622 128214 2 2073600 2073600 1 12 127408 990720 993600 51399 31918 49223 32050 0 0 14 12 68 4 0 0 0 1920 1080 
[ 9731.361806] MESSAGE_B= 0 0 0 114 1 2 192 0 248 179 0 1683 2105 2661 2674 1170 2411 3673 3493 417 313 358 767 52 95 201 132 0 31 162 213 149 5 128 139 119 132 0 0 0 0 2 2 2 2 1 2 253052 590692 470952 18 1170 2 2 580 350734 796162 611454 713488 2090 2258 2 2 74090 1013362 621560 535690 2073600 2073600 3 12 127148 994560 993600 42418 32026 58887 35573 0 12 15 7 61 4 0 0 0 1920 1080 
[ 9731.641802] MESSAGE_B= 0 0 0 106 2 2 192 0 248 179 0 1529 1991 2683 3170 1154 2510 3516 3373 254 255 313 450 54 140 178 385 0 31 133 189 32 155 101 226 47 194 0 0 0 0 2 2 2 2 2 2 693392 623954 470952 18 1170 2 2 580 350734 796162 611454 713488 2090 2258 2 2 74090 1013362 621560 535690 2073600 2073600 1 12 127148 990720 993600 47203 31548 58764 32026 15 12 15 12 29 4 0 0 0 1920 1080 
[ 9731.917788] MESSAGE_B= 0 0 0 104 1 2 192 0 248 179 0 2047 2300 2312 2013 1678 2911 2478 1894 347 383 187 159 78 219 161 308 0 15 55 159 173 175 0 215 113 7 2 0 2 0 1 2 2 2 1 2 672016 710218 470952 18 1170 2 2 580 350734 796162 611454 713488 2090 2258 2 2 74090 1013362 621560 535690 2073600 2073600 3 12 127148 994560 993600 48774 36069 56103 35589 15 6 15 17 37 0 0 0 0 1920 1080 
[ 9732.193782] MESSAGE_B= 0 0 0 110 1 2 192 0 248 179 0 1398 1951 2099 2976 1370 2530 2788 2390 228 252 150 142 62 265 324 401 0 31 71 199 140 87 80 141 39 171 0 0 0 0 2 2 2 2 1 2 561338 605882 470952 18 1170 2 2 580 350734 796162 611454 713488 2090 2258 2 2 74090 1013362 621560 535690 2073600 2073600 3 12 127148 990720 993600 36886 32026 46492 32409 15 12 15 17 37 4 0 0 0 1920 1080 
[ 9732.469800] MESSAGE_B= 0 0 0 99 1 2 192 0 248 179 0 1383 2109 2926 3597 1344 2568 3330 3675 189 235 74 74 61 283 160 42 0 7 12 121 108 4 8 54 167 212 0 0 0 0 2 2 2 2 1 2 557284 534532 470952 18 1170 2 2 580 350734 796162 611454 713488 2090 2258 2 2 74090 1013362 621560 535690 2073600 2073600 3 12 127148 994560 993600 47387 61241 51102 55085 15 7 15 7 45 4 0 0 0 1920 1080 
[ 9732.745787] MESSAGE_B= 0 0 0 92 0 3 192 0 248 179 0 2506 3699 3759 3428 1871 3469 3868 3782 163 47 74 178 178 133 95 63 0 7 56 175 19 12 233 127 203 128 0 0 0 0 2 2 2 2 0 3 612954 590938 470952 18 1170 2 2 580 350734 796162 611454 713488 2090 2258 2 2 74090 1013362 621560 535690 2073600 2073600 3 25 160880 990720 993600 48115 48461 32026 81359 7 7 12 25 80 4 0 0 0 1920 1080 
[ 9732.903806] MESSAGE_B= 0 0 0 131 0 2 192 0 248 179 0 3772 3799 3315 1690 3784 3847 3824 2310 97 105 373 164 45 59 25 240 0 7 168 104 238 73 0 128 122 2 2 0 2 0 1 2 2 2 0 2 623788 693148 470952 18 1170 2 2 580 350734 796162 611454 713488 2090 2258 2 2 74090 1013362 621560 535690 2073600 2073600 3 7 155200 994560 993600 61744 31548 52948 47876 7 12 7 25 80 0 0 0 0 1920 1080 
[ 9733.178797] MESSAGE_B= 0 0 0 112 1 2 192 0 248 179 0 3229 2528 2098 1389 3688 3588 2669 1683 334 371 160 76 76 248 238 304 0 31 153 235 45 92 31 62 61 109 0 0 0 0 2 2 2 2 1 2 304288 626252 470952 18 1170 2 2 580 350734 796162 611454 713488 2090 2258 2 2 74090 1013362 621560 535690 2073600 2073600 3 12 127571 990720 993600 31548 48594 32026 32261 12 15 12 12 80 4 0 0 0 1920 1080 
[ 9733.458795] MESSAGE_B= 0 0 0 83 1 2 192 0 248 179 0 1769 2426 2553 2075 2802 3575 3487 2757 512 345 114 146 210 257 280 186 0 31 144 228 234 226 197 15 146 43 0 0 0 0 2 2 2 2 1 2 477438 630922 470952 18 1170 2 2 580 350734 796162 611454 713488 2090 2258 2 2 74090 1013362 621560 535690 2073600 2073600 3 12 127148 994560 993600 32026 35023 33860 42905 12 6 7 6 120 4 4 0 0 1920 1080 
[ 9733.734791] MESSAGE_B= 0 0 0 69 1 2 192 0 248 179 0 2542 2446 2067 1061 1442 2601 2393 1240 168 275 246 71 406 243 248 161 0 31 217 118 201 41 213 0 49 220 0 0 0 0 2 2 2 2 1 2 162240 738868 770606 321366 231680 390654 537212 468984 438358 453118 658096 522852 965770 780212 939000 950600 1165806 490634 614694 530006 2073600 2073600 3 0 138249 990720 993600 32026 56019 36816 42714 12 14 0 0 120 4 0 0 0 1920 1080 
[ 9734.012790] MESSAGE_B= 0 0 0 74 2 2 192 0 248 179 0 1747 2180 2139 1099 1177 2557 2293 1304 240 292 328 161 304 199 232 285 0 31 205 78 164 116 235 78 100 111 0 0 0 0 2 2 2 2 2 2 485134 636364 770606 321366 231680 390654 537212 468984 438358 453118 658096 522852 965770 780212 939000 950600 1165806 490634 614694 530006 2073600 2073600 1 12 160822 994560 993600 39860 37513 40955 50861 0 14 12 12 117 4 0 0 0 1920 1080 
[ 9734.299602] MESSAGE_B= 0 0 0 74 0 2 192 0 248 179 0 1526 2152 2274 1345 1122 2511 2176 1362 448 334 522 666 344 232 235 329 0 12 213 115 118 185 207 39 130 81 0 0 0 0 2 2 2 2 0 2 164428 528242 770606 321366 231680 390654 537212 468984 438358 453118 658096 522852 965770 780212 939000 950600 1165806 490634 614694 530006 2073600 2073600 3 12 175893 990720 993600 42850 37264 50911 55491 0 0 12 12 32 4 0 0 0 1920 1080 
[ 9734.577793] MESSAGE_B= 0 0 0 75 1 2 192 0 248 179 0 1725 2141 2490 1677 1081 2484 2135 1420 863 382 702 1052 340 303 238 337 0 12 233 76 61 137 200 39 194 131 0 0 0 0 2 2 2 2 1 2 216816 521218 770606 321366 231680 390654 537212 468984 438358 453118 658096 522852 965770 780212 939000 950600 1165806 490634 614694 530006 2073600 2073600 3 12 179688 994560 993600 50227 41989 53609 59982 0 0 12 12 31 4 0 0 0 1920 1080 
[ 9734.869791] MESSAGE_B= 0 0 0 75 1 2 192 0 248 179 0 2162 2250 2733 2094 1049 2478 2247 1395 1136 446 784 1211 293 324 249 317 0 12 235 11 26 45 172 61 168 223 0 0 0 0 2 2 2 2 1 2 156786 530880 770606 321366 231680 390654 537212 468984 438358 453118 658096 522852 965770 780212 939000 950600 1165806 490634 614694 530006 2073600 2073600 3 12 177277 990720 993600 51067 40061 51416 62081 0 0 12 12 33 4 0 0 0 1920 1080 
[ 9735.148791] MESSAGE_B= 0 0 0 77 2 2 192 0 248 179 0 2469 2380 2856 2303 1037 2472 2284 1398 1173 523 777 1176 239 341 366 325 0 12 230 11 28 42 166 19 69 234 0 0 0 0 2 2 2 2 2 2 156804 687900 770606 321366 231680 390654 537212 468984 438358 453118 658096 522852 965770 780212 939000 950600 1165806 490634 614694 530006 2073600 2073600 1 12 173946 994560 993600 52128 39531 49827 60792 0 0 12 12 34 4 0 0 0 1920 1080 
[ 9735.427786] MESSAGE_B= 0 0 0 76 2 2 192 0 248 179 0 2736 2516 2947 2485 1055 2467 2270 1387 1081 614 704 1079 182 408 435 349 0 12 227 31 93 85 23 28 72 142 0 0 0 0 2 2 2 2 2 2 144078 589486 770606 321366 231680 390654 537212 468984 438358 453118 658096 522852 965770 780212 939000 950600 1165806 490634 614694 530006 2073600 2073600 1 12 170330 990720 993600 51217 38758 48076 58119 0 0 12 12 36 4 0 0 0 1920 1080 
[ 9735.706804] MESSAGE_B= 0 0 0 74 1 1 192 0 248 179 0 2915 2620 3011 2648 1134 2497 2174 1361 918 595 606 948 146 561 407 361 0 31 209 47 187 133 220 147 173 3 0 0 0 0 2 2 2 2 1 1 256130 760058 770606 321366 231680 390654 537212 468984 438358 453118 658096 522852 965770 780212 939000 950600 1165806 490634 614694 530006 2073600 2073600 1 12 162421 994560 993600 48443 37496 45245 54071 0 0 12 12 38 4 0 0 0 1920 1080 
[ 9735.865603] MESSAGE_B= 0 0 0 73 1 1 192 0 248 179 0 2954 2628 3028 2695 1164 2502 2140 1357 858 566 533 895 148 601 417 351 0 31 173 13 187 122 209 174 169 11 0 0 0 0 2 2 2 2 1 1 133964 651182 770606 321366 231680 390654 537212 468984 438358 453118 658096 522852 965770 780212 939000 950600 1165806 490634 614694 530006 2073600 2073600 1 0 160719 990720 993600 47360 37051 43609 52782 0 0 0 12 38 4 0 0 0 1920 1080 
[ 9736.147790] MESSAGE_B= 0 0 0 73 1 1 192 0 248 179 0 2975 2621 2999 2753 1261 2510 2064 1354 763 499 390 801 151 674 493 320 0 31 131 53 143 82 127 140 101 16 0 0 0 0 2 2 2 2 1 1 178802 761440 762138 689502 396928 411864 388252 447166 329218 621336 703192 163276 319748 227030 233418 198948 166604 299526 303148 119766 2073600 2073600 1 0 160414 994560 993600 46027 35820 46270 48537 0 0 0 12 38 4 0 0 0 1920 1080 
[ 9736.427734] MESSAGE_B= 0 0 0 72 1 2 192 0 248 179 0 2880 2598 2940 2769 1461 2546 2071 1375 792 480 460 798 322 699 528 251 0 31 148 115 10 14 53 53 102 7 0 0 0 0 2 2 2 2 1 2 154618 678366 762138 689502 396928 411864 388252 447166 329218 621336 703192 163276 319748 227030 233418 198948 166604 299526 303148 119766 2073600 2073600 3 0 155726 990720 993600 42916 34024 47310 44645 0 0 0 12 36 4 0 0 0 1920 1080 
[ 9736.709787] MESSAGE_B= 0 0 0 72 1 1 192 0 248 179 0 2571 2567 2783 2535 1841 2617 2140 1570 683 461 517 762 824 698 572 696 0 31 169 128 119 28 68 4 137 51 0 0 0 0 2 2 2 2 1 1 163286 779258 762138 689502 396928 411864 388252 447166 329218 621336 703192 163276 319748 227030 233418 198948 166604 299526 303148 119766 2073600 2073600 1 0 161169 994560 993600 37551 31548 58688 40318 0 12 0 12 35 4 0 0 0 1920 1080 
[ 9736.989027] MESSAGE_B= 0 0 0 71 1 2 192 0 248 179 0 2338 2564 2654 2318 2014 2711 2265 1866 546 428 558 629 941 726 658 1016 0 31 184 124 144 47 71 13 144 152 0 0 0 0 2 2 2 2 1 2 178348 649368 762138 689502 396928 411864 388252 447166 329218 621336 703192 163276 319748 227030 233418 198948 166604 299526 303148 119766 2073600 2073600 3 0 159362 990720 993600 34081 32026 60509 41812 0 12 0 0 33 4 0 0 0 1920 1080 
[ 9737.269812] MESSAGE_B= 0 0 0 71 1 2 192 0 248 179 0 2109 2558 2517 2127 2158 2806 2395 2132 354 421 570 507 949 697 693 1124 0 31 186 92 134 67 126 7 114 178 0 0 0 0 2 2 2 2 1 2 204138 737306 762138 689502 396928 411864 388252 447166 329218 621336 703192 163276 319748 227030 233418 198948 166604 299526 303148 119766 2073600 2073600 3 0 159307 994560 993600 31624 31548 62963 43728 12 12 0 0 31 4 0 0 0 1920 1080 
[ 9737.426798] MESSAGE_B= 0 0 0 71 0 2 192 0 248 179 0 2033 2555 2469 2052 2202 2835 2454 2243 298 418 563 439 892 674 673 1150 0 31 191 90 134 62 158 16 83 172 0 0 0 0 2 2 2 2 0 2 163560 623394 762138 689502 396928 411864 388252 447166 329218 621336 703192 163276 319748 227030 233418 198948 166604 299526 303148 119766 2073600 2073600 3 0 159667 990720 993600 32147 32604 63892 44203 12 7 0 0 29 4 0 0 0 1920 1080 
[ 9737.713499] MESSAGE_B= 0 0 0 71 1 2 192 0 248 179 0 1894 2534 2357 1917 2204 2901 2546 2501 250 410 582 368 763 626 552 1155 0 31 211 139 116 14 177 41 37 201 0 0 0 0 2 2 2 2 1 2 212972 701506 762138 689502 396928 411864 388252 447166 329218 621336 703192 163276 319748 227030 233418 198948 166604 299526 303148 119766 2073600 2073600 3 0 157697 994560 993600 34323 38634 62563 45502 7 7 0 0 29 4 0 0 0 1920 1080 
[ 9737.991798] MESSAGE_B= 0 0 0 70 1 2 192 0 248 179 0 1811 2497 2287 1835 2160 2954 2551 2662 242 432 601 364 612 551 439 1124 0 31 215 169 65 25 201 12 74 226 0 0 0 0 2 2 2 2 1 2 166214 623108 762138 689502 396928 411864 388252 447166 329218 621336 703192 163276 319748 227030 233418 198948 166604 299526 303148 119766 2073600 2073600 3 0 156754 990720 993600 40654 42622 61619 46995 7 7 0 0 26 4 0 0 0 1920 1080 
[ 9738.279814] MESSAGE_B= 0 0 0 70 1 2 192 0 248 179 0 1736 1650 1716 1767 2027 3012 2143 2854 228 544 446 366 797 660 1003 921 0 0 215 208 212 22 210 66 187 237 0 0 2 2 2 2 2 2 1 2 234594 809778 762138 689502 396928 411864 388252 447166 329218 621336 703192 163276 319748 227030 233418 198948 166604 299526 303148 119766 2073600 2073600 3 0 157059 994560 993600 46377 45648 61560 48118 7 7 0 0 24 0 0 0 0 1920 1080 
[ 9738.567799] MESSAGE_B= 0 0 0 70 0 2 192 0 248 179 0 1685 2424 2187 1727 1928 2948 2510 2894 248 542 626 376 552 518 386 1061 0 31 227 183 104 50 204 63 42 228 0 0 0 0 2 2 2 2 0 2 192032 580996 504828 574382 564302 530598 795434 305814 829500 338326 622198 189462 300488 317106 153134 278962 230248 411106 337428 200902 2073600 2073600 3 12 133828 990720 993600 50157 47758 44000 43664 7 7 11 11 22 4 0 0 0 1920 1080 
[ 9738.845800] MESSAGE_B= 0 0 0 70 0 2 192 0 248 179 0 1781 2970 2637 2049 1763 2914 2465 2978 170 494 394 227 502 532 428 992 0 7 130 103 54 79 228 48 142 188 2 2 0 0 2 2 2 2 0 2 232856 855276 504828 574382 564302 530598 795434 305814 829500 338326 622198 189462 300488 317106 153134 278962 230248 411106 337428 200902 2073600 2073600 3 0 149192 994560 993600 53849 48925 55402 48614 7 7 0 0 22 0 0 0 0 1920 1080 
[ 9739.125781] MESSAGE_B= 0 0 0 70 0 2 192 0 248 179 0 1654 2995 2201 2023 1639 2876 2412 3012 238 485 699 228 415 553 457 928 0 7 209 126 22 101 244 91 182 241 2 2 0 0 2 2 2 2 0 2 201562 565794 504828 574382 564302 530598 795434 305814 829500 338326 622198 189462 300488 317106 153134 278962 230248 411106 337428 200902 2073600 2073600 3 12 136826 990720 993600 55522 48090 40897 40339 7 7 12 11 21 0 0 0 0 1920 1080 
[ 9739.406812] MESSAGE_B= 0 0 0 71 0 2 192 0 248 179 0 1557 2358 2128 1676 1618 2887 2948 3395 293 660 675 426 364 563 644 649 0 31 191 202 178 48 213 95 218 167 0 0 0 0 2 2 2 2 0 2 216264 889014 504828 574382 564302 530598 795434 305814 829500 338326 622198 189462 300488 317106 153134 278962 230248 411106 337428 200902 2073600 2073600 3 12 136544 994560 993600 57987 47192 41361 39319 7 7 12 11 23 4 0 0 0 1920 1080 
[ 9739.575783] MESSAGE_B= 0 0 0 71 0 2 192 0 248 179 0 1526 2352 2105 1643 1638 2870 2678 3173 302 674 670 406 349 573 615 576 0 0 181 203 147 33 182 100 210 171 0 0 0 0 2 2 2 2 0 2 331458 631678 504828 574382 564302 530598 795434 305814 829500 338326 622198 189462 300488 317106 153134 278962 230248 411106 337428 200902 2073600 2073600 3 0 148460 990720 993600 58929 46935 52032 50841 7 7 0 0 26 4 0 0 0 1920 1080 
[ 9739.857787] MESSAGE_B= 0 0 0 73 0 2 192 0 248 179 0 1693 2866 2348 2405 1684 2900 2305 2692 273 809 801 349 315 588 496 588 0 31 90 155 75 23 253 105 178 93 2 0 0 0 2 2 2 2 0 2 204058 912064 504828 574382 564302 530598 795434 305814 829500 338326 622198 189462 300488 317106 153134 278962 230248 411106 337428 200902 2073600 2073600 3 12 141134 994560 993600 61719 46967 49393 42949 7 7 0 0 37 4 0 0 0 1920 1080 
[ 9740.139801] MESSAGE_B= 0 0 0 71 0 1 192 0 248 179 0 1478 2363 2492 1896 1779 2917 2365 3115 305 753 827 286 309 607 563 669 0 31 216 177 56 79 122 119 79 28 0 0 0 0 2 2 2 2 0 1 174966 563494 504828 574382 564302 530598 795434 305814 829500 338326 622198 189462 300488 317106 153134 278962 230248 411106 337428 200902 2073600 2073600 3 12 141300 990720 993600 63900 31618 49785 37521 7 12 0 12 52 4 0 0 0 1920 1080 
[ 9740.423790] MESSAGE_B= 0 0 0 68 0 2 192 0 248 179 0 1462 2381 2314 1648 1865 2578 2276 3109 310 776 552 371 313 635 487 620 0 31 173 193 63 72 101 52 124 0 0 0 0 0 2 2 2 2 0 2 283518 815102 504828 574382 564302 530598 795434 305814 829500 338326 622198 189462 300488 317106 153134 278962 230248 411106 337428 200902 2073600 2073600 3 12 137994 994560 993600 65296 40068 40904 47184 7 7 12 0 52 4 0 0 0 1920 1080 
[ 9740.705793] MESSAGE_B= 0 0 0 69 0 2 192 0 248 179 0 1460 2548 2140 1620 1807 3079 2219 3102 329 804 681 332 434 560 552 583 0 31 163 211 101 20 228 69 131 51 0 0 0 0 2 2 2 2 0 2 269338 608102 504828 574382 564302 530598 795434 305814 829500 338326 622198 189462 300488 317106 153134 278962 230248 411106 337428 200902 2073600 2073600 3 0 136485 990720 993600 56081 44831 44659 48803 7 7 0 0 49 4 0 0 0 1920 1080 
[ 9740.983786] MESSAGE_B= 0 0 0 72 0 3 192 0 248 179 0 1685 2160 2083 1576 2191 3019 2203 3071 379 818 709 327 515 586 546 564 0 7 168 210 103 81 227 145 123 137 0 0 0 0 2 2 2 2 0 3 194224 853298 573050 1033892 772262 537274 775294 636130 907526 475292 549024 188132 262342 348564 344900 316354 301308 482258 577060 193048 2073600 2073600 3 12 132409 994560 993600 49806 48928 41365 46266 7 7 0 0 61 4 0 0 0 1920 1080 
[ 9741.269502] MESSAGE_B= 0 0 0 72 0 9 192 0 248 179 0 1652 3100 2310 1747 2090 3133 2224 2976 377 535 1070 162 422 631 568 568 0 7 107 68 96 7 116 72 76 237 2 2 0 0 2 2 2 2 0 9 220450 558100 573050 1033892 772262 537274 775294 636130 907526 475292 549024 188132 262342 348564 344900 316354 301308 482258 577060 193048 2073600 2073600 3 7 144506 990720 993600 69036 57076 44164 41594 7 7 0 0 61 0 0 0 0 1920 1080 
[ 9741.548795] MESSAGE_B= 0 0 0 72 0 4 192 0 248 179 0 1269 1696 1833 1387 2187 2920 2195 2780 230 761 726 290 215 571 587 522 0 31 180 232 118 28 139 70 24 252 0 0 0 0 2 2 2 2 0 4 155436 902822 573050 1033892 772262 537274 775294 636130 907526 475292 549024 188132 262342 348564 344900 316354 301308 482258 577060 193048 2073600 2073600 3 12 128573 994560 993600 31553 46382 38380 36160 12 6 0 0 61 4 0 0 0 1920 1080 
[ 9741.829790] MESSAGE_B= 0 0 0 73 0 1 192 0 248 179 0 1308 3462 2323 1700 2117 2987 2216 2491 136 136 702 84 221 513 506 449 0 7 172 15 89 14 89 43 126 0 0 2 0 0 2 2 2 1 0 1 252922 656978 573050 1033892 772262 537274 775294 636130 907526 475292 549024 188132 262342 348564 344900 316354 301308 482258 577060 193048 2073600 2073600 3 7 159702 990720 993600 63524 65970 32389 32732 7 7 0 12 62 4 0 0 0 1920 1080 
[ 9742.115631] MESSAGE_B= 0 0 0 73 0 2 192 0 248 179 0 1158 1259 1888 1127 1955 3118 2415 2190 219 456 683 136 335 458 482 368 0 7 208 208 112 17 250 52 56 226 2 2 0 0 2 2 2 2 0 2 161176 952344 573050 1033892 772262 537274 775294 636130 907526 475292 549024 188132 262342 348564 344900 316354 301308 482258 577060 193048 2073600 2073600 3 7 168952 994560 993600 60910 58288 32040 33114 7 7 12 12 62 0 0 0 0 1920 1080 
[ 9742.272906] MESSAGE_B= 0 0 0 74 0 3 192 0 248 179 0 984 1207 1449 1096 1842 2700 2414 2014 207 290 225 134 379 466 416 352 0 6 90 230 96 63 222 149 75 244 0 0 0 0 2 2 2 2 0 3 200550 877012 573050 1033892 772262 537274 775294 636130 907526 475292 549024 188132 262342 348564 344900 316354 301308 482258 577060 193048 2073600 2073600 3 6 155436 990720 993600 60344 85946 41516 33187 6 6 8 12 58 4 0 0 0 1920 1080 
[ 9742.551800] MESSAGE_B= 0 0 0 74 1 2 192 0 248 179 0 1009 968 3749 1244 1639 2097 2340 1792 39 36 51 43 299 680 664 328 0 6 255 230 59 206 149 0 255 0 2 0 0 0 2 1 2 1 1 2 186882 945040 573050 1033892 772262 537274 775294 636130 907526 475292 549024 188132 262342 348564 344900 316354 301308 482258 577060 193048 2073600 2073600 3 6 185046 994560 993600 67438 92321 40020 32159 6 6 8 12 48 4 0 0 0 1920 1080 
[ 9742.829801] MESSAGE_B= 0 0 0 75 1 2 192 0 248 179 0 940 960 3782 1232 1575 1780 2248 1639 57 0 64 0 221 671 653 282 0 6 199 0 39 231 176 0 133 0 2 0 2 0 2 1 2 1 1 2 174992 852968 573050 1033892 772262 537274 775294 636130 907526 475292 549024 188132 262342 348564 344900 316354 301308 482258 577060 193048 2073600 2073600 3 6 210791 990720 993600 74074 94414 41590 32214 6 6 8 12 30 0 0 0 0 1920 1080 
[ 9743.107783] MESSAGE_B= 0 0 0 81 2 2 192 0 248 179 0 850 845 1910 894 1328 1444 1701 1471 128 124 772 116 199 560 588 235 0 6 31 37 205 239 240 163 187 251 2 0 0 0 2 2 2 2 2 2 340966 877950 573050 1033892 772262 537274 775294 636130 907526 475292 549024 188132 262342 348564 344900 316354 301308 482258 577060 193048 2073600 2073600 1 7 202005 994560 993600 51285 50542 51715 63491 6 6 7 7 30 4 0 0 0 1920 1080 
[ 9743.385803] MESSAGE_B= 0 0 0 85 2 2 192 0 248 179 0 815 824 2161 849 1233 1154 1468 1366 127 134 752 112 179 280 334 205 0 7 105 131 133 254 219 228 179 253 2 0 2 0 2 2 2 2 2 2 179936 799436 836102 922120 842392 880528 1067236 1092128 1150790 709444 977124 363492 326754 314866 186460 241412 276060 393358 353554 348258 2073600 2073600 1 7 206328 990720 993600 48173 58999 56927 66269 7 6 7 7 26 0 0 0 0 1920 1080 
[ 9743.664789] MESSAGE_B= 0 0 0 91 3 1 192 0 248 179 0 0 0 0 0 1350 1125 1346 1392 0 0 0 0 88 174 134 147 0 6 0 0 242 245 0 0 129 0 1 1 2 0 2 1 0 1 3 1 385650 830810 836102 922120 842392 880528 1067236 1092128 1150790 709444 977124 363492 326754 314866 186460 241412 276060 393358 353554 348258 2073600 2073600 2 6 285686 994560 993600 88614 94104 38899 64069 6 6 6 6 17 0 0 0 0 1920 1080 
[ 9743.944786] MESSAGE_B= 0 0 0 94 4 1 192 0 248 179 0 0 0 0 0 1318 1086 1305 1371 0 0 0 0 45 131 112 132 0 6 0 0 255 250 0 0 170 0 1 1 2 0 1 1 2 1 4 1 225238 832826 836102 922120 842392 880528 1067236 1092128 1150790 709444 977124 363492 326754 314866 186460 241412 276060 393358 353554 348258 2073600 2073600 2 6 293630 990720 993600 90524 92471 41841 68794 6 6 6 6 13 0 0 0 0 1920 1080 
[ 9744.221787] MESSAGE_B= 0 0 0 93 2 3 192 0 248 179 0 925 0 1856 0 1318 1189 1341 1535 43 0 858 0 61 129 108 82 0 6 181 0 225 253 0 62 7 0 2 1 2 2 1 0 2 1 2 3 443480 805154 836102 922120 842392 880528 1067236 1092128 1150790 709444 977124 363492 326754 314866 186460 241412 276060 393358 353554 348258 2073600 2073600 3 6 283198 994560 993600 83266 69158 50487 80287 6 6 6 6 26 0 0 0 0 1920 1080 
[ 9744.500685] MESSAGE_B= 0 0 0 88 1 3 192 0 248 179 0 0 0 0 0 1340 1210 1354 1545 0 0 0 0 59 132 122 99 0 6 0 0 244 240 0 255 106 0 1 1 2 2 1 2 2 1 1 3 323970 793596 836102 922120 842392 880528 1067236 1092128 1150790 709444 977124 363492 326754 314866 186460 241412 276060 393358 353554 348258 2073600 2073600 3 6 314149 990720 993600 89452 94121 52003 78573 6 6 6 6 26 0 0 0 0 1920 1080 
[ 9744.792986] MESSAGE_B= 0 0 0 88 2 5 192 0 248 179 0 0 0 0 0 1338 1204 1311 1508 0 0 0 0 95 186 176 143 0 6 0 0 255 250 230 0 0 0 1 1 2 0 2 1 1 1 2 5 356430 736174 836102 922120 842392 880528 1067236 1092128 1150790 709444 977124 363492 326754 314866 186460 241412 276060 393358 353554 348258 2073600 2073600 3 6 303123 994560 993600 88587 96065 47112 71359 6 6 6 6 21 0 0 0 0 1920 1080 
[ 9744.957793] MESSAGE_B= 0 0 0 88 2 2 192 0 248 179 0 0 0 0 0 1349 1222 1330 1523 0 0 0 0 116 200 196 157 0 6 0 0 254 253 157 0 0 0 1 1 2 0 2 1 1 1 2 2 268378 766430 836102 922120 842392 880528 1067236 1092128 1150790 709444 977124 363492 326754 314866 186460 241412 276060 393358 353554 348258 2073600 2073600 1 6 299386 990720 993600 88239 96078 46072 68997 6 6 6 6 21 0 0 0 0 1920 1080 
[ 9745.236967] MESSAGE_B= 0 0 0 88 1 2 192 0 248 179 0 0 0 0 0 1380 1278 1374 1577 0 0 0 0 120 232 192 175 0 6 0 0 255 251 137 0 0 0 1 1 2 0 2 1 1 1 1 2 306162 809620 836102 922120 842392 880528 1067236 1092128 1150790 709444 977124 363492 326754 314866 186460 241412 276060 393358 353554 348258 2073600 2073600 3 6 294942 994560 993600 87985 96554 44296 66107 6 6 6 6 10 0 0 0 0 1920 1080 
[ 9745.518805] MESSAGE_B= 0 0 0 85 2 3 192 0 248 179 0 0 0 0 0 1460 1345 1467 1613 0 0 0 0 143 303 197 227 0 6 0 0 252 254 36 0 0 0 1 1 2 0 2 1 1 1 2 3 228626 835960 836102 922120 842392 880528 1067236 1092128 1150790 709444 977124 363492 326754 314866 186460 241412 276060 393358 353554 348258 2073600 2073600 3 6 277448 990720 993600 85743 96074 37424 58207 6 6 6 6 13 0 0 0 0 1920 1080 
[ 9745.794785] MESSAGE_B= 0 0 0 82 2 3 192 0 248 179 0 0 0 0 0 1483 1445 1474 1690 0 0 0 0 189 313 236 235 0 6 0 0 252 254 121 0 0 0 1 1 2 2 2 1 1 1 2 3 320886 840686 804316 866226 450786 808708 858916 745118 530758 780654 923548 288044 615642 277106 554154 602522 281346 299832 381564 309186 2073600 2073600 3 6 265367 994560 993600 83972 96001 34645 50749 6 6 6 6 13 0 0 0 0 1920 1080 
[ 9746.079787] MESSAGE_B= 0 0 0 79 2 3 192 0 248 179 0 0 0 0 0 1580 1476 1568 1721 0 0 0 0 210 330 221 265 0 6 0 0 253 255 1 0 0 0 1 1 2 2 2 1 1 1 2 3 185678 888748 804316 866226 450786 808708 858916 745118 530758 780654 923548 288044 615642 277106 554154 602522 281346 299832 381564 309186 2073600 2073600 3 6 261671 990720 993600 84502 95806 33800 48258 6 6 8 6 11 0 0 0 0 1920 1080 
[ 9746.371574] MESSAGE_B= 0 0 0 77 2 3 192 0 248 179 0 0 912 0 1244 1678 1559 1670 1798 0 0 0 6 239 334 219 295 0 6 0 0 249 252 129 0 0 0 1 0 2 2 2 1 1 1 2 3 292702 848906 804316 866226 450786 808708 858916 745118 530758 780654 923548 288044 615642 277106 554154 602522 281346 299832 381564 309186 2073600 2073600 3 6 243214 994560 993600 79274 94484 38863 40302 6 6 8 6 12 0 0 0 0 1920 1080 
[ 9746.648784] MESSAGE_B= 0 0 0 74 2 2 192 0 248 179 0 0 0 0 0 1748 1633 1741 1875 0 0 0 0 265 338 241 324 0 6 0 0 252 251 79 0 0 0 1 1 2 2 2 1 1 1 2 2 201498 893164 804316 866226 450786 808708 858916 745118 530758 780654 923548 288044 615642 277106 554154 602522 281346 299832 381564 309186 2073600 2073600 1 6 229790 990720 993600 76803 92940 42429 33424 6 6 8 6 12 0 0 0 0 1920 1080 
[ 9746.929786] MESSAGE_B= 0 0 0 71 1 2 192 0 248 179 0 0 0 0 0 1817 1686 1799 1950 0 0 0 0 281 340 256 356 0 6 0 0 255 248 0 0 0 0 1 1 2 2 2 1 1 1 1 2 263566 881894 804316 866226 450786 808708 858916 745118 530758 780654 923548 288044 615642 277106 554154 602522 281346 299832 381564 309186 2073600 2073600 3 6 221223 994560 993600 74476 91492 42384 31548 6 6 8 12 12 0 0 0 0 1920 1080 
[ 9747.206799] MESSAGE_B= 0 4 0 70 1 2 192 0 248 179 0 0 1095 0 1419 1860 1770 1867 2029 0 33 0 16 299 354 309 377 0 6 0 255 253 249 39 0 0 0 1 2 0 0 2 1 1 1 1 2 201332 897952 804316 866226 450786 808708 858916 745118 530758 780654 923548 288044 615642 277106 554154 602522 281346 299832 381564 309186 2073600 2073600 3 6 202151 990720 993600 70360 89180 48914 32625 6 6 8 8 14 4 4 4 4 1920 1080 
[ 9747.366789] MESSAGE_B= 0 4 0 68 1 3 192 0 248 179 0 0 1101 0 1428 1895 1818 1935 2080 0 8 0 10 307 354 316 390 0 6 0 140 251 250 4 0 0 191 1 2 0 0 2 1 1 2 1 3 231022 893070 804316 866226 450786 808708 858916 745118 530758 780654 923548 288044 615642 277106 554154 602522 281346 299832 381564 309186 2073600 2073600 3 6 194374 994560 993600 68672 88090 53116 33709 6 6 8 8 14 4 4 4 4 1920 1080 
[ 9747.646738] MESSAGE_B= 0 4 0 67 2 3 192 0 248 179 0 0 1161 0 1501 1952 1896 2011 2165 0 21 0 48 308 346 327 407 0 6 0 255 247 250 249 0 0 246 1 2 0 0 2 1 1 2 2 3 236952 905448 804316 866226 450786 808708 858916 745118 530758 780654 923548 288044 615642 277106 554154 602522 281346 299832 381564 309186 2073600 2073600 3 6 182876 990720 993600 66424 85439 56928 35091 6 6 8 8 13 4 4 4 4 1920 1080 
[ 9747.923788] MESSAGE_B= 0 0 0 66 2 3 192 0 248 179 0 0 1230 0 1558 1982 2000 2087 2262 0 30 0 22 329 337 361 422 0 6 0 246 245 250 210 0 0 225 1 2 0 0 2 1 1 2 2 3 210538 904638 804316 866226 450786 808708 858916 745118 530758 780654 923548 288044 615642 277106 554154 602522 281346 299832 381564 309186 2073600 2073600 3 6 160192 994560 993600 59122 78739 61238 36326 6 6 8 8 14 4 4 0 4 1920 1080 
[ 9748.201791] MESSAGE_B= 0 0 4 65 1 2 192 0 248 179 0 1416 1295 1634 1596 2026 2069 2165 2337 8 89 48 65 318 318 395 432 0 6 255 221 245 253 246 0 0 238 2 2 0 0 2 1 1 2 1 2 254462 905756 1114084 862362 542950 841794 1116744 1083020 950726 1072190 1160834 263154 540774 225962 304642 261092 277422 310942 411126 237022 2073600 2073600 3 6 150109 990720 993600 56699 76579 62060 35640 6 6 8 8 14 0 0 0 0 1920 1080 
[ 9748.479804] MESSAGE_B= 0 0 4 64 1 3 192 0 248 179 0 835 2130 1611 1704 2144 2294 2493 2406 87 279 503 112 287 222 287 430 0 7 89 240 65 53 249 96 22 0 2 2 2 2 2 2 2 1 1 3 196750 911276 1114084 862362 542950 841794 1116744 1083020 950726 1072190 1160834 263154 540774 225962 304642 261092 277422 310942 411126 237022 2073600 2073600 3 7 191875 994560 993600 59781 56079 53550 32026 7 7 7 12 13 0 0 0 0 1920 1080 
[ 9748.757791] MESSAGE_B= 0 0 0 63 1 3 192 0 248 179 0 1480 2251 2678 1735 2232 2323 2561 2482 47 300 80 110 290 237 321 444 0 7 29 246 101 94 0 135 18 86 2 2 2 2 1 2 2 2 1 3 288810 901780 1114084 862362 542950 841794 1116744 1083020 950726 1072190 1160834 263154 540774 225962 304642 261092 277422 310942 411126 237022 2073600 2073600 3 7 190523 990720 993600 64343 60118 48109 31643 7 7 7 10 11 0 0 0 0 1920 1080 
[ 9749.037794] MESSAGE_B= 0 0 0 64 1 3 192 0 248 179 0 1568 2262 2734 1754 2345 2339 2579 2530 18 336 125 125 243 260 351 457 0 7 96 236 190 143 0 98 35 163 2 2 2 0 1 2 2 2 1 3 185074 902224 1114084 862362 542950 841794 1116744 1083020 950726 1072190 1160834 263154 540774 225962 304642 261092 277422 310942 411126 237022 2073600 2073600 3 7 187502 994560 993600 66203 60697 45037 32824 7 7 7 10 11 0 0 0 0 1920 1080 
[ 9749.316840] MESSAGE_B= 0 0 0 63 1 2 192 0 248 179 0 1584 2265 2810 1753 2352 2370 2592 2566 0 356 78 122 270 275 354 462 0 7 0 243 188 166 0 63 43 249 2 2 2 0 1 2 2 2 1 2 289744 933432 1114084 862362 542950 841794 1116744 1083020 950726 1072190 1160834 263154 540774 225962 304642 261092 277422 310942 411126 237022 2073600 2073600 3 7 183857 990720 993600 66231 60221 43030 34306 7 7 7 10 11 0 0 0 0 1920 1080 
[ 9749.594788] MESSAGE_B= 0 0 0 63 1 2 192 0 248 179 0 1424 2301 2344 1768 2331 2404 2603 2609 0 349 26 119 295 268 364 471 0 7 0 244 193 175 0 3 73 202 2 2 2 0 1 2 2 2 1 2 188298 903052 1114084 862362 542950 841794 1116744 1083020 950726 1072190 1160834 263154 540774 225962 304642 261092 277422 310942 411126 237022 2073600 2073600 3 7 182518 994560 993600 67364 61759 40537 35631 7 7 7 10 10 0 0 0 0 1920 1080 
[ 9749.874800] MESSAGE_B= 0 0 0 63 2 2 192 0 248 179 0 1515 2314 2635 1765 2296 2404 2603 2630 65 335 232 119 319 286 365 476 0 7 246 234 187 185 0 22 88 255 2 2 0 0 1 2 2 2 2 2 293244 959052 1114084 862362 542950 841794 1116744 1083020 950726 1072190 1160834 263154 540774 225962 304642 261092 277422 310942 411126 237022 2073600 2073600 1 7 181213 990720 993600 68535 62382 38213 36481 7 7 7 10 10 0 0 0 0 1920 1080 
[ 9750.155804] MESSAGE_B= 0 0 0 64 1 2 192 0 248 179 0 1158 1702 1760 1361 2217 2372 2517 2625 246 308 309 268 316 324 393 476 0 31 80 49 238 254 230 18 49 252 0 0 0 0 2 2 2 2 1 2 178348 908966 1114084 862362 542950 841794 1116744 1083020 950726 1072190 1160834 263154 540774 225962 304642 261092 277422 310942 411126 237022 2073600 2073600 3 12 127148 994560 993600 42222 60056 57321 37031 6 6 8 10 10 4 0 0 0 1920 1080 
[ 9750.436799] MESSAGE_B= 0 0 0 64 2 7 192 0 248 179 0 560 1135 1226 682 881 962 1063 1022 43 99 146 56 159 117 134 193 0 12 157 25 148 226 0 7 122 223 2 2 0 0 1 2 2 2 2 7 295504 961774 1114084 862362 542950 841794 1116744 1083020 950726 1072190 1160834 263154 540774 225962 304642 261092 277422 310942 411126 237022 2073600 2073600 3 12 231543 990720 993600 91345 76128 51456 32028 12 12 8 12 77 0 0 0 0 1920 1080 
[ 9750.593783] MESSAGE_B= 0 0 0 63 1 10 192 0 248 179 0 0 0 0 0 0 0 0 0 0 0 0 0 0 0 0 0 1 12 0 0 0 0 0 0 0 0 1 0 1 1 1 0 0 1 1 10 191118 909576 1119994 370366 1042670 1079048 1194736 1214498 1113324 1103016 1166470 234806 290626 357698 237414 187924 282740 564388 414366 226248 2073600 2073600 3 12 510990 994560 993600 127330 127771 128010 127879 12 12 12 12 77 0 0 0 0 1920 1080 
[ 9750.871795] MESSAGE_B= 0 7 0 64 0 14 192 0 248 179 0 0 0 0 0 0 0 0 0 0 0 0 0 0 0 0 0 1 12 0 0 0 0 0 0 0 0 1 1 1 1 1 1 1 1 0 14 280028 979096 1119994 370366 1042670 1079048 1194736 1214498 1113324 1103016 1166470 234806 290626 357698 237414 187924 282740 564388 414366 226248 2073600 2073600 3 12 512416 990720 993600 128104 128104 128104 128104 12 12 12 12 31 0 0 0 0 1920 1080 
[ 9751.147789] MESSAGE_B= 0 7 0 65 0 19 192 0 248 179 0 0 0 0 0 0 0 0 0 0 0 0 0 0 0 0 0 1 12 0 0 0 0 0 0 0 0 1 1 1 1 1 1 1 1 0 19 0 276654 1119994 370366 1042670 1079048 1194736 1214498 1113324 1103016 1166470 234806 290626 357698 237414 187924 282740 564388 414366 226248 2073600 2073600 2 12 512416 994560 993600 128104 128104 128104 128104 12 12 12 12 0 0 0 0 0 1920 1080 
[ 9751.432042] MESSAGE_B= 4 7 0 110 2 16 192 0 248 179 0 0 0 0 0 0 0 0 0 0 0 0 0 0 0 0 0 1 12 0 0 0 0 0 0 0 0 1 1 1 1 1 1 1 1 2 16 0 0 1119994 370366 1042670 1079048 1194736 1214498 1113324 1103016 1166470 234806 290626 357698 237414 187924 282740 564388 414366 226248 2073600 2073600 4 12 512416 990720 993600 128104 128104 128104 128104 12 12 12 12 32 0 0 0 0 1920 1080 
[ 9751.706796] MESSAGE_B= 5 0 0 92 1 8 192 0 248 179 0 805 825 833 789 642 749 780 821 83 22 44 37 56 65 71 72 0 0 10 55 73 18 10 161 118 14 0 0 0 0 2 2 2 2 1 8 356940 37786 1119994 370366 1042670 1079048 1194736 1214498 1113324 1103016 1166470 234806 290626 357698 237414 187924 282740 564388 414366 226248 2073600 2073600 6 0 179580 994560 993600 41734 82271 95757 66175 6 6 0 0 32 4 0 0 0 1920 1080 
[ 9751.984792] MESSAGE_B= 0 0 0 78 0 6 192 0 248 179 0 1258 1347 1363 1308 0 0 0 0 85 59 29 39 0 0 0 0 0 12 171 59 0 0 0 0 0 185 2 0 1 1 1 1 1 2 0 6 247586 881476 1119994 370366 1042670 1079048 1194736 1214498 1113324 1103016 1166470 234806 290626 357698 237414 187924 282740 564388 414366 226248 2073600 2073600 3 12 220557 990720 993600 63687 76312 93295 75676 12 6 12 0 41 0 0 0 0 1920 1080 
[ 9752.263740] MESSAGE_B= 0 0 0 84 6 6 192 0 248 179 0 1911 1770 1773 1708 941 1645 1764 1863 360 429 65 56 866 1204 766 756 0 31 113 46 205 145 127 9 42 102 0 0 0 2 2 2 2 2 6 6 267182 923460 1119994 370366 1042670 1079048 1194736 1214498 1113324 1103016 1166470 234806 290626 357698 237414 187924 282740 564388 414366 226248 2073600 2073600 1 12 173530 994560 993600 41645 51501 74863 71290 0 6 12 0 49 4 0 0 0 1920 1080 
[ 9752.544805] MESSAGE_B= 0 0 0 90 5 4 192 0 248 179 0 2475 2354 2040 1873 3499 3428 3392 3406 68 72 26 34 350 214 437 360 0 0 255 187 0 107 0 0 3 40 2 2 0 0 1 2 2 2 5 4 678282 775104 1119994 370366 1042670 1079048 1194736 1214498 1113324 1103016 1166470 234806 290626 357698 237414 187924 282740 564388 414366 226248 2073600 2073600 2 0 286200 990720 993600 82737 51977 87134 88082 0 18 0 0 61 0 0 0 0 1920 1080 
[ 9752.704792] MESSAGE_B= 0 0 0 87 4 5 192 0 248 179 0 3012 2924 2309 1949 3447 3389 3372 2445 113 126 61 98 347 247 436 1205 0 0 255 219 12 59 243 11 21 22 2 2 2 2 2 2 2 2 4 5 541470 916056 1119994 370366 1042670 1079048 1194736 1214498 1113324 1103016 1166470 234806 290626 357698 237414 187924 282740 564388 414366 226248 2073600 2073600 3 0 305397 994560 993600 83646 52108 83729 85914 0 0 0 0 61 0 0 0 0 1920 1080 
[ 9752.984794] MESSAGE_B= 0 0 0 77 3 8 192 0 248 179 0 3535 3468 2862 2263 3164 3304 3282 3083 138 155 227 404 588 343 294 858 0 0 242 223 115 69 94 110 11 110 0 0 2 2 2 2 2 2 3 8 396014 963190 786924 12054 96474 2 941808 921984 1215322 779664 1075618 520420 24538 5998 552 418314 490292 472738 432734 473930 2073600 2073600 3 0 274539 990720 993600 49200 61657 78784 84898 0 0 0 0 61 0 0 0 0 1920 1080 
[ 9753.272785] MESSAGE_B= 0 0 0 74 4 10 192 0 248 179 0 3872 3759 1920 1778 3376 3413 2883 3046 77 101 57 138 358 214 1035 747 0 0 98 29 85 56 76 34 0 215 2 2 2 2 2 2 1 2 4 10 585444 755954 786924 545334 96474 2 941808 921984 1215322 779664 1075618 520420 663102 5998 552 418314 490292 472738 432734 473930 2073600 2073600 3 0 302999 994560 993600 53495 84865 81102 83537 0 0 0 0 45 0 0 0 0 1920 1080 
[ 9753.549790] MESSAGE_B= 0 0 0 72 5 9 192 0 248 179 0 0 3996 0 1462 2433 2781 2478 2155 0 89 0 86 1330 1039 1220 1195 0 0 0 149 243 188 167 118 0 84 1 2 2 2 2 2 1 2 5 9 318940 924924 786924 545334 405940 2 941808 921984 1215322 779664 1075618 520420 663102 773546 552 418314 490292 472738 432734 473930 2073600 2073600 3 0 297934 990720 993600 73743 90450 61351 72390 0 0 0 0 41 0 0 0 0 1920 1080 
[ 9753.827790] MESSAGE_B= 0 0 0 72 5 5 192 0 248 179 0 4024 4046 1409 1238 2515 3161 2510 3180 89 79 76 212 1344 872 1220 860 0 0 218 87 231 249 124 21 0 185 2 0 2 2 2 2 2 2 5 5 655850 757582 786924 545334 405940 899762 941808 921984 1215322 779664 1075618 520420 663102 773546 494310 418314 490292 472738 432734 473930 2073600 2073600 1 0 279038 994560 993600 78765 89145 66401 61446 0 0 12 0 39 0 0 0 0 1920 1080 
[ 9754.109785] MESSAGE_B= 0 0 0 80 7 4 192 0 248 179 0 4048 4062 1072 1255 2036 2312 2037 2269 0 78 0 236 1420 1363 1406 1402 0 0 0 16 247 251 10 0 0 223 2 2 2 2 2 2 2 2 7 4 254040 964240 786924 545334 405940 899762 600370 921984 1215322 779664 1075618 520420 663102 773546 494310 563590 490292 472738 432734 473930 2073600 2073600 2 0 279318 990720 993600 85679 91587 62053 61835 0 0 12 12 34 0 0 0 0 1920 1080 
[ 9754.396789] MESSAGE_B= 0 0 0 84 6 4 192 0 248 179 0 3951 3841 945 1599 2100 2134 2105 2082 131 664 172 202 1300 1360 1289 1424 0 0 134 131 247 254 23 173 72 237 2 2 2 2 2 2 2 2 6 4 639646 716706 786924 545334 405940 899762 600370 828436 1215322 779664 1075618 520420 663102 773546 494310 563590 620824 472738 432734 473930 2073600 2073600 2 0 230419 994560 993600 90320 55898 65648 68080 0 0 12 12 24 0 0 0 0 1920 1080 
[ 9754.565355] MESSAGE_B= 0 0 0 80 7 4 192 0 248 179 0 2379 2589 1072 1357 2176 2312 2194 2283 1319 1415 409 397 1266 1298 1247 1353 0 12 115 179 247 254 218 248 91 234 2 2 2 2 2 2 2 2 7 4 255824 934104 786924 545334 405940 899762 600370 828436 534278 779664 1075618 520420 663102 773546 494310 563590 620824 262322 432734 473930 2073600 2073600 2 12 209840 990720 993600 83036 68432 72288 73482 0 11 12 12 21 0 0 0 0 1920 1080 
[ 9754.859146] MESSAGE_B= 0 4 0 77 7 4 192 0 248 179 0 1242 1574 849 1072 1917 1885 1863 1843 402 657 154 293 1264 1189 1300 1209 0 11 247 250 249 253 189 186 147 229 0 0 2 0 2 2 2 2 7 4 386140 614672 786924 545334 405940 899762 600370 828436 534278 723286 1075618 520420 663102 773546 494310 563590 620824 262322 767736 473930 2073600 2073600 2 12 244743 994560 993600 53313 71368 83323 84602 11 11 12 12 22 4 4 4 4 1920 1080 
[ 9755.142784] MESSAGE_B= 0 4 0 71 8 4 192 0 248 179 0 845 897 739 857 2320 2164 2191 2117 219 226 135 168 1372 1279 1405 1321 0 12 247 245 244 251 30 36 4 25 0 0 0 0 2 2 2 2 8 4 150546 927452 786924 545334 405940 899762 600370 828436 534278 723286 763394 520420 663102 773546 494310 563590 620824 262322 767736 204608 2073600 2073600 2 12 314574 990720 993600 83096 62836 104590 104069 11 12 12 12 22 4 4 4 4 1920 1080 
[ 9755.424798] MESSAGE_B= 0 0 0 72 6 3 192 0 248 179 0 904 1519 886 728 1829 3068 1806 2387 192 697 252 136 1190 436 1238 1134 0 12 255 252 251 53 156 205 9 38 0 2 2 2 2 2 2 2 6 3 388054 618032 786924 545334 405940 899762 600370 828436 534278 723286 763394 520420 663102 773546 494310 563590 620824 262322 767736 204608 2073600 2073600 2 12 297840 994560 993600 64148 73731 64131 95830 12 12 12 12 25 0 0 0 0 1920 1080 
[ 9755.703798] MESSAGE_B= 0 7 0 72 4 3 192 0 248 179 0 0 0 0 0 2683 3428 2992 3410 0 0 0 0 1333 214 758 360 1 12 0 0 207 108 0 16 3 0 1 1 2 2 1 2 2 1 4 3 284906 966042 786924 545334 405940 899762 600370 828436 534278 723286 763394 520420 663102 773546 494310 563590 620824 262322 767736 204608 2073600 2073600 2 12 460928 990720 993600 118846 120436 105516 116130 12 12 12 12 45 0 0 0 0 1920 1080 
[ 9755.985787] MESSAGE_B= 0 0 0 99 4 1 192 0 248 179 0 0 0 0 0 0 499 0 1613 0 0 0 0 0 0 0 0 1 12 0 0 2 0 0 20 38 0 0 0 0 0 0 0 0 0 4 1 144526 501564 786924 545334 405940 899762 600370 828436 534278 723286 763394 520420 663102 773546 494310 563590 620824 262322 767736 204608 2073600 2073600 2 12 475114 994560 993600 120667 121104 115960 117383 12 12 12 12 45 0 0 0 0 1920 1080 
[ 9756.260794] MESSAGE_B= 0 0 0 112 4 1 192 0 248 179 0 0 0 0 0 0 499 0 1613 0 0 0 0 0 0 0 0 1 12 0 0 2 0 0 18 38 0 0 0 0 0 0 0 0 0 4 1 34826 227992 786924 545334 405940 899762 600370 828436 534278 723286 763394 520420 663102 773546 494310 563590 620824 262322 767736 204608 2073600 2073600 2 12 474839 990720 993600 120909 121279 115685 116966 12 12 12 12 39 0 0 0 0 1920 1080 
[ 9756.431827] MESSAGE_B= 0 0 0 113 4 1 192 0 248 179 0 0 0 0 0 0 499 0 1613 0 0 0 0 0 0 0 0 1 12 0 0 1 0 0 16 28 0 0 0 0 0 0 0 0 0 4 1 24470 100964 786924 545334 405940 899762 600370 828436 534278 723286 763394 520420 663102 773546 494310 563590 620824 262322 767736 204608 2073600 2073600 2 12 471964 994560 993600 120904 121280 114100 115680 12 12 12 12 34 0 0 0 0 1920 1080 
[ 9756.709780] MESSAGE_B= 0 0 0 112 4 1 192 0 248 179 0 0 0 0 0 0 489 0 1652 0 0 0 0 0 0 0 0 1 12 0 0 2 0 0 15 25 0 0 0 0 0 0 0 0 0 4 1 28536 152542 786924 545334 405940 899762 600370 828436 534278 723286 763394 520420 663102 773546 494310 563590 620824 262322 767736 204608 2073600 2073600 2 12 469937 990720 993600 120939 121244 113215 114539 12 12 12 12 7 0 0 0 0 1920 1080 
[ 9756.871381] MESSAGE_B= 0 0 0 111 4 1 192 0 248 179 0 0 0 0 0 0 489 0 1652 0 0 0 0 0 0 0 0 1 12 0 0 2 0 0 15 25 0 0 0 0 0 0 0 0 0 4 1 28536 152542 786924 545334 405940 899762 600370 828436 534278 723286 763394 520420 663102 773546 494310 563590 620824 262322 767736 204608 2073600 2073600 2 12 469715 990720 993600 120937 121242 113104 114432 12 12 12 12 7 0 0 0 0 1920 1080 
[ 9757.035792] MESSAGE_B= 0 0 0 111 4 1 192 0 248 179 0 0 0 0 0 0 489 0 1652 0 0 0 0 0 0 0 0 1 12 0 0 2 0 0 15 25 0 0 0 0 0 0 0 0 0 4 1 28536 152542 786924 545334 405940 899762 600370 828436 534278 723286 763394 520420 663102 773546 494310 563590 620824 262322 767736 204608 2073600 2073600 2 12 469723 990720 993600 120944 121247 113119 114413 12 12 12 12 7 0 0 0 0 1920 1080 
[ 9757.189850] MESSAGE_B= 0 0 0 112 4 1 192 0 248 179 0 0 0 0 0 0 499 0 1613 0 0 0 0 0 0 0 0 1 12 0 0 1 0 0 13 27 0 0 0 0 0 0 0 0 0 4 1 20624 228124 786924 545334 405940 899762 600370 828436 534278 723286 763394 520420 663102 773546 494310 563590 620824 262322 767736 204608 2073600 2073600 2 12 469737 994560 993600 120934 121283 113062 114458 12 12 12 12 7 0 0 0 0 1920 1080 
[ 9757.348348] MESSAGE_B= 0 0 0 111 4 1 192 0 248 179 0 0 0 0 0 0 489 0 1652 0 0 0 0 0 0 0 0 1 12 0 0 2 0 0 15 24 0 0 0 0 0 0 0 0 0 4 1 20624 228124 786924 545334 405940 899762 600370 828436 534278 723286 763394 520420 663102 773546 494310 563590 620824 262322 767736 204608 2073600 2073600 2 12 469701 994560 993600 120937 121262 113085 114417 12 12 12 12 4 0 0 0 0 1920 1080 
[ 9757.866779] MESSAGE_B= 0 0 0 111 4 1 192 0 248 179 0 0 0 0 0 0 499 0 1613 0 0 0 0 0 0 0 0 1 12 0 0 1 0 0 13 27 0 0 0 0 0 0 0 0 0 4 1 30824 148330 192870 182422 237438 118362 148878 171936 670886 617552 198154 35518 241214 41646 40330 30408 43342 92532 165282 38690 2073600 2073600 2 12 469971 990720 993600 120943 121335 113170 114523 12 12 12 12 9 0 0 0 0 1920 1080 
[ 9758.021792] MESSAGE_B= 0 0 0 111 4 1 192 0 248 179 0 0 0 0 0 0 499 0 1613 0 0 0 0 0 0 0 0 1 12 0 0 1 0 0 13 28 0 0 0 0 0 0 0 0 0 4 1 19586 231044 192870 182422 237438 118362 148878 171936 670886 617552 198154 35518 241214 41646 40330 30408 43342 92532 165282 38690 2073600 2073600 2 12 470364 994560 993600 120973 121352 113344 114695 12 12 12 12 9 0 0 0 0 1920 1080 
[ 9758.295779] MESSAGE_B= 0 0 0 111 4 1 192 0 248 179 0 0 0 0 0 0 499 0 1613 0 0 0 0 0 0 0 0 1 12 0 0 1 0 0 13 27 0 0 0 0 0 0 0 0 0 4 1 32582 147614 192870 182422 237438 118362 148878 171936 670886 617552 198154 35518 241214 41646 40330 30408 43342 92532 165282 38690 2073600 2073600 2 12 471322 990720 993600 121117 121468 113659 115078 12 12 12 12 11 0 0 0 0 1920 1080 
[ 9758.573792] MESSAGE_B= 0 0 0 111 5 1 192 0 248 179 0 0 0 0 0 0 489 0 1652 0 0 0 0 0 0 0 0 1 12 0 0 2 0 0 13 24 0 0 0 0 0 0 0 0 0 5 1 22112 219584 192870 182422 237438 118362 148878 171936 670886 617552 198154 35518 241214 41646 40330 30408 43342 92532 165282 38690 2073600 2073600 2 12 472837 994560 993600 121463 121681 114204 115489 12 12 12 12 12 0 0 0 0 1920 1080 
[ 9758.847792] MESSAGE_B= 0 0 0 111 5 1 192 0 248 179 0 0 0 0 0 0 489 0 1652 0 0 0 0 0 0 0 0 1 12 0 0 3 0 0 9 21 0 0 0 0 0 0 0 0 0 5 1 33136 139998 192870 182422 237438 118362 148878 171936 670886 617552 198154 35518 241214 41646 40330 30408 43342 92532 165282 38690 2073600 2073600 2 12 476064 990720 993600 122162 122561 114990 116351 12 12 12 12 12 0 0 0 0 1920 1080 
[ 9759.125589] MESSAGE_B= 0 0 0 111 6 1 192 0 248 179 0 0 0 0 0 0 499 0 1613 0 0 0 0 0 0 0 0 1 12 0 0 1 0 0 6 17 0 0 0 0 0 0 0 0 0 6 1 17458 163994 192870 182422 237438 118362 148878 171936 670886 617552 198154 35518 241214 41646 40330 30408 43342 92532 165282 38690 2073600 2073600 2 12 482304 994560 993600 124560 123701 116453 117590 12 12 12 12 12 0 0 0 0 1920 1080 
[ 9759.406465] MESSAGE_B= 0 0 0 111 7 2 192 0 248 179 0 0 0 0 0 0 489 0 1652 0 0 0 0 0 0 0 0 1 12 0 0 4 0 0 0 0 0 0 1 0 0 0 0 0 0 7 2 23940 141624 192870 182422 237438 118362 148878 171936 670886 617552 198154 35518 241214 41646 40330 30408 43342 92532 165282 38690 2073600 2073600 2 12 493169 990720 993600 127798 127687 118644 119040 12 12 12 12 15 0 0 0 0 1920 1080 
[ 9759.681777] MESSAGE_B= 0 0 0 111 9 7 192 0 248 179 0 0 0 0 0 0 489 0 1652 0 0 0 0 0 0 0 0 1 12 0 0 6 0 0 0 0 0 1 1 0 0 0 0 0 0 9 7 12448 100670 192870 182422 237438 118362 148878 171936 670886 617552 198154 35518 241214 41646 40330 30408 43342 92532 165282 38690 2073600 2073600 2 12 494817 994560 993600 128104 128104 119121 119488 12 12 12 12 15 0 0 0 0 1920 1080 
[ 9759.959778] MESSAGE_B= 4 0 0 115 9 5 192 0 248 179 0 0 0 0 0 0 499 0 1613 0 0 0 0 0 0 0 0 1 12 0 0 3 0 0 0 0 0 1 1 0 0 0 0 0 0 9 5 7736 158582 192870 182422 237438 118362 148878 171936 670886 617552 198154 35518 241214 41646 40330 30408 43342 92532 165282 38690 2073600 2073600 5 12 494875 990720 993600 128104 128104 119101 119566 12 12 12 12 1 0 0 0 0 1920 1080 
[ 9760.234783] MESSAGE_B= 4 0 0 115 9 5 192 0 248 179 0 0 0 0 0 0 489 0 1652 0 0 0 0 0 0 0 0 1 12 0 0 6 0 0 0 0 0 1 1 0 0 0 0 0 0 9 5 0 0 154674 670934 177014 190550 200464 170052 672544 566212 155064 8476 71550 36532 39308 23130 44684 94900 174372 8464 2073600 2073600 4 12 494817 994560 993600 128104 128104 119121 119488 12 12 12 12 1 0 0 0 0 1920 1080 
[ 9760.521291] MESSAGE_B= 4 0 0 115 9 5 192 0 248 179 0 0 0 0 0 0 499 0 1613 0 0 0 0 0 0 0 0 1 12 0 0 3 0 0 0 0 0 1 1 0 0 0 0 0 0 9 5 7736 169632 154674 670934 177014 190550 200464 170052 672544 566212 155064 8476 71550 36532 39308 23130 44684 94900 174372 8464 2073600 2073600 5 12 494875 990720 993600 128104 128104 119101 119566 12 12 12 12 1 0 0 0 0 1920 1080 
[ 9760.795787] MESSAGE_B= 4 0 0 115 9 5 192 0 248 179 0 0 0 0 0 0 499 0 1613 0 0 0 0 0 0 0 0 1 12 0 0 3 0 0 0 0 0 1 1 0 0 0 0 0 0 9 5 0 0 154674 670934 177014 190550 200464 170052 672544 566212 155064 8476 71550 36532 39308 23130 44684 94900 174372 8464 2073600 2073600 4 12 494875 994560 993600 128104 128104 119101 119566 12 12 12 12 1 0 0 0 0 1920 1080 
[ 9761.075278] MESSAGE_B= 4 0 0 115 9 5 192 0 248 179 0 0 0 0 0 0 489 0 1652 0 0 0 0 0 0 0 0 1 12 0 0 6 0 0 0 0 0 1 1 0 0 0 0 0 0 9 5 7736 169632 154674 670934 177014 190550 200464 170052 672544 566212 155064 8476 71550 36532 39308 23130 44684 94900 174372 8464 2073600 2073600 5 12 494817 990720 993600 128104 128104 119121 119488 12 12 12 12 1 0 0 0 0 1920 1080 
[ 9761.352796] MESSAGE_B= 4 0 0 72 3 4 192 0 248 179 0 2095 2004 1815 1630 3033 2804 2907 2489 224 230 206 172 559 578 735 780 0 0 18 31 192 222 62 36 88 192 2 2 2 2 2 2 2 2 3 4 0 0 154674 670934 177014 190550 200464 170052 672544 566212 155064 8476 71550 36532 39308 23130 44684 94900 174372 8464 2073600 2073600 4 0 332520 994560 993600 85979 84186 79819 82536 0 0 0 0 2 0 0 0 0 1920 1080 
[ 9761.508789] MESSAGE_B= 0 0 0 72 3 3 192 0 248 179 0 2141 1986 1840 1574 2987 2809 2835 2412 223 252 199 159 659 759 805 897 0 0 56 72 199 216 36 9 73 109 2 0 2 2 2 2 2 2 3 3 335138 622936 154674 670934 177014 190550 200464 170052 672544 566212 155064 8476 71550 36532 39308 23130 44684 94900 174372 8464 2073600 2073600 1 0 334764 990720 993600 85154 83305 82941 83364 0 0 0 0 94 0 0 0 0 1920 1080 
[ 9761.788782] MESSAGE_B= 0 0 0 72 3 4 192 0 248 179 0 2222 2090 1925 1633 2873 2782 2746 2356 226 188 218 146 581 613 670 677 0 0 55 6 200 197 68 148 39 45 2 2 2 2 2 2 2 2 3 4 274902 559554 154674 670934 177014 190550 200464 170052 672544 566212 155064 8476 71550 36532 39308 23130 44684 94900 174372 8464 2073600 2073600 3 0 321890 994560 993600 82831 79885 81345 77829 0 0 0 0 95 0 0 0 0 1920 1080 
[ 9762.065793] MESSAGE_B= 0 0 0 64 1 3 192 0 248 179 0 2187 2100 1945 1650 2403 2259 2107 1979 231 191 219 138 257 262 269 214 0 0 129 11 9 23 17 83 11 75 0 2 2 2 2 2 2 2 1 3 356638 624874 154674 670934 177014 190550 200464 170052 672544 566212 155064 8476 71550 36532 39308 23130 44684 94900 174372 8464 2073600 2073600 3 0 334699 990720 993600 83863 78885 88694 83257 0 0 0 0 104 0 0 0 0 1920 1080 
[ 9762.345790] MESSAGE_B= 0 0 0 65 1 3 192 0 248 179 0 2028 1940 1852 1533 2397 2336 2164 1937 243 234 229 166 191 221 178 295 0 0 141 53 216 91 145 54 108 30 2 0 2 2 2 2 2 2 1 3 278582 587466 154674 670934 177014 190550 200464 170052 672544 566212 155064 8476 71550 36532 39308 23130 44684 94900 174372 8464 2073600 2073600 3 0 352635 994560 993600 87468 83973 91884 89310 0 0 0 0 108 0 0 0 0 1920 1080 
[ 9762.625977] MESSAGE_B= 0 0 0 64 1 4 192 0 248 179 0 2111 2042 1947 1725 2321 2302 2218 2061 204 179 213 240 292 304 235 236 0 0 128 76 61 36 60 27 247 85 2 2 2 2 2 2 2 2 1 4 338502 575586 437180 622354 192494 156790 154680 561036 196154 603804 377668 511600 51050 44918 8712 422122 442726 41748 245020 485250 2073600 2073600 3 0 343551 990720 993600 84207 80194 90789 88361 0 0 0 0 108 0 0 0 0 1920 1080 
[ 9762.906807] MESSAGE_B= 0 0 0 64 1 4 192 0 248 179 0 2107 2063 1906 1622 2408 2058 2252 1781 182 231 166 144 289 303 175 221 0 0 88 37 141 172 95 27 90 141 2 2 2 2 2 2 2 2 1 4 257828 575928 437180 622354 192494 156790 154680 561036 196154 603804 377668 511600 51050 44918 8712 422122 442726 41748 245020 485250 2073600 2073600 3 0 350713 994560 993600 85845 82391 92832 89645 0 0 0 0 104 0 0 0 0 1920 1080 
[ 9763.183791] MESSAGE_B= 0 0 0 64 1 3 192 0 248 179 0 1983 2041 1810 1494 2296 2296 2096 1763 264 259 190 206 56 145 192 415 0 0 57 55 255 177 0 0 14 23 2 2 2 2 1 1 2 2 1 3 390836 682702 437180 622354 192494 156790 154680 561036 196154 603804 377668 511600 51050 44918 8712 422122 442726 41748 245020 485250 2073600 2073600 3 0 358611 990720 993600 87133 84994 94481 92003 0 0 0 0 103 0 0 0 0 1920 1080 
[ 9763.465790] MESSAGE_B= 0 0 0 65 1 3 192 0 248 179 0 2008 2010 1918 1525 2408 2284 2461 1744 253 347 375 186 283 223 175 360 0 0 82 36 117 70 133 0 97 90 2 2 2 2 2 2 2 2 1 3 256664 569162 437180 622354 192494 156790 154680 561036 196154 603804 377668 511600 51050 44918 8712 422122 442726 41748 245020 485250 2073600 2073600 3 0 348368 994560 993600 83455 82034 93531 89348 0 0 0 0 103 0 0 0 0 1920 1080 
[ 9763.748476] MESSAGE_B= 0 0 0 66 2 3 192 0 248 179 0 2104 2133 1911 1611 2662 2417 2130 2150 189 487 216 168 41 163 273 264 0 0 26 114 211 0 0 128 88 3 2 2 2 2 1 2 2 2 2 3 314472 571972 437180 622354 192494 156790 154680 561036 196154 603804 377668 511600 51050 44918 8712 422122 442726 41748 245020 485250 2073600 2073600 3 0 349575 990720 993600 85002 82485 93022 89066 0 0 0 0 102 0 0 0 0 1920 1080 
[ 9764.029105] MESSAGE_B= 0 0 0 66 2 3 192 0 248 179 0 2049 2182 1823 1465 2320 2440 1424 1963 203 556 193 248 0 169 0 388 0 0 62 90 0 25 0 156 0 43 2 2 0 2 2 2 2 2 2 3 264058 569316 437180 622354 192494 156790 154680 561036 196154 603804 377668 511600 51050 44918 8712 422122 442726 41748 245020 485250 2073600 2073600 3 0 356219 994560 993600 85642 83539 94791 92247 0 0 0 0 101 0 0 0 0 1920 1080 
[ 9764.309795] MESSAGE_B= 0 0 0 66 1 3 192 0 248 179 0 2030 2122 1990 1538 1608 2209 2804 1939 233 464 413 209 127 200 426 273 0 0 132 82 57 125 0 255 125 6 2 2 0 2 1 2 2 2 1 3 366538 596976 437180 622354 192494 156790 154680 561036 196154 603804 377668 511600 51050 44918 8712 422122 442726 41748 245020 485250 2073600 2073600 3 0 350867 990720 993600 83912 82469 93898 90588 0 0 0 0 103 0 0 0 0 1920 1080 
[ 9764.590793] MESSAGE_B= 0 0 0 66 1 3 192 0 248 179 0 2048 2031 1909 1702 2353 2348 2171 2041 178 375 263 191 119 195 268 148 0 0 7 23 193 52 0 51 129 19 2 2 2 2 2 2 2 2 1 3 222282 571772 437180 622354 192494 156790 154680 561036 196154 603804 377668 511600 51050 44918 8712 422122 442726 41748 245020 485250 2073600 2073600 3 0 343826 994560 993600 81243 79664 93737 89182 0 0 0 0 105 0 0 0 0 1920 1080 
[ 9764.870975] MESSAGE_B= 0 0 0 66 2 3 192 0 248 179 0 1904 2063 1955 1592 1943 2352 2343 1721 234 417 377 245 338 214 421 369 0 0 79 61 121 51 85 6 45 102 0 2 0 2 2 2 2 2 2 3 370008 762078 437180 622354 192494 156790 154680 561036 196154 603804 377668 511600 51050 44918 8712 422122 442726 41748 245020 485250 2073600 2073600 3 0 344385 990720 993600 81094 81514 91861 89916 0 0 0 0 106 0 0 0 0 1920 1080 
[ 9765.148789] MESSAGE_B= 0 0 0 66 2 3 192 0 248 179 0 1939 2017 1947 1574 1946 2181 2119 1537 216 471 371 243 329 179 338 290 0 0 17 23 2 19 26 184 151 57 0 0 2 2 2 2 2 2 2 3 208616 578854 531644 543258 606134 385730 495520 544572 167336 528062 518394 368368 293096 294402 563816 522080 433448 54158 262580 423646 2073600 2073600 3 0 343721 994560 993600 82188 80623 91174 89736 0 0 0 0 106 0 0 0 0 1920 1080 
[ 9765.309963] MESSAGE_B= 0 0 0 66 2 3 192 0 248 179 0 2076 2124 1963 1696 2250 2350 2264 1877 200 439 328 193 230 132 282 201 0 0 0 13 17 31 39 15 74 75 0 0 2 2 2 2 2 2 2 3 270792 706258 531644 543258 606134 385730 495520 544572 167336 528062 518394 368368 293096 294402 563816 522080 433448 54158 262580 423646 2073600 2073600 3 0 331740 990720 993600 78102 76420 89980 87238 0 0 0 0 107 0 0 0 0 1920 1080 
[ 9765.593786] MESSAGE_B= 0 0 0 67 2 3 192 0 248 179 0 2022 1990 1905 1675 1966 2114 2213 1799 197 327 296 195 191 372 179 321 0 0 39 74 81 111 45 41 87 36 0 0 2 2 2 2 2 2 2 3 191748 577722 531644 543258 606134 385730 495520 544572 167336 528062 518394 368368 293096 294402 563816 522080 433448 54158 262580 423646 2073600 2073600 3 0 342961 994560 993600 81584 81342 90515 89520 0 0 0 0 109 0 0 0 0 1920 1080 
[ 9765.873790] MESSAGE_B= 0 0 0 65 1 3 192 0 248 179 0 2096 2006 1898 1776 2164 2216 2144 1896 166 278 190 181 255 300 158 250 0 0 69 4 21 57 89 199 56 59 0 0 2 2 2 2 2 2 1 3 203064 665706 531644 543258 606134 385730 495520 544572 167336 528062 518394 368368 293096 294402 563816 522080 433448 54158 262580 423646 2073600 2073600 3 0 334233 990720 993600 77550 76686 92303 87694 0 0 0 0 114 0 0 0 0 1920 1080 
[ 9766.154796] MESSAGE_B= 0 0 0 65 1 3 192 0 248 179 0 2062 1942 1884 1734 1877 2162 2074 1816 193 267 202 189 295 266 179 277 0 0 66 22 111 10 200 45 32 38 0 0 2 2 2 2 2 2 1 3 229436 573950 531644 543258 606134 385730 495520 544572 167336 528062 518394 368368 293096 294402 563816 522080 433448 54158 262580 423646 2073600 2073600 3 0 339780 994560 993600 78528 79394 91946 89912 0 0 0 0 114 0 0 0 0 1920 1080 
[ 9766.433796] MESSAGE_B= 0 0 0 66 1 2 192 0 248 179 0 2066 1959 1925 1759 2246 2297 2153 1792 254 302 228 170 146 250 158 217 0 0 87 65 7 107 183 44 100 72 0 0 2 2 2 2 2 2 1 2 182096 605866 531644 543258 606134 385730 495520 544572 167336 528062 518394 368368 293096 294402 563816 522080 433448 54158 262580 423646 2073600 2073600 3 0 327835 990720 993600 75258 74894 89717 87966 0 0 0 0 113 0 0 0 0 1920 1080 
[ 9766.712787] MESSAGE_B= 0 0 0 66 1 2 192 0 248 179 0 2035 1989 1874 1703 2141 2024 1980 1587 293 293 269 185 147 169 160 165 0 0 128 8 4 46 44 125 0 15 0 0 2 2 2 2 1 2 1 2 249410 581862 531644 543258 606134 385730 495520 544572 167336 528062 518394 368368 293096 294402 563816 522080 433448 54158 262580 423646 2073600 2073600 3 0 344603 994560 993600 81071 83250 90031 90251 0 0 0 0 113 0 0 0 0 1920 1080 
[ 9766.990787] MESSAGE_B= 0 0 0 66 1 3 192 0 248 179 0 2024 1956 1956 1818 2282 2091 2171 1725 318 347 234 185 52 121 105 128 0 0 122 44 156 159 0 27 15 71 0 0 2 0 2 2 2 2 1 3 182850 658764 531644 543258 606134 385730 495520 544572 167336 528062 518394 368368 293096 294402 563816 522080 433448 54158 262580 423646 2073600 2073600 3 0 321849 990720 993600 74902 78977 81681 86289 0 0 0 0 113 4 0 0 0 1920 1080 
[ 9767.268789] MESSAGE_B= 0 0 0 67 1 3 192 0 248 179 0 2043 1972 1958 1767 2284 2094 2031 1795 302 364 255 244 91 124 163 191 0 0 94 21 120 39 86 9 8 0 2 0 2 2 2 2 2 2 1 3 214242 605134 531644 543258 606134 385730 495520 544572 167336 528062 518394 368368 293096 294402 563816 522080 433448 54158 262580 423646 2073600 2073600 3 0 332459 994560 993600 82276 82590 80423 87170 0 0 0 0 112 0 0 0 0 1920 1080 
[ 9767.546786] MESSAGE_B= 0 0 0 67 1 2 192 0 248 179 0 1973 1994 1879 1765 2305 2002 1934 1836 325 317 305 234 72 265 182 128 0 0 36 12 18 22 77 57 5 38 2 2 2 2 2 2 2 2 1 2 249480 589334 324306 473162 436200 424630 378964 406020 256890 174766 305058 452774 254138 183642 298428 295202 308270 16672 122234 433868 2073600 2073600 3 0 334737 990720 993600 84705 84032 78500 87500 0 0 0 0 112 0 0 0 0 1920 1080 
[ 9767.706058] MESSAGE_B= 0 0 0 67 1 2 192 0 248 179 0 1986 1969 1917 1775 2356 2025 2056 1862 342 324 266 264 89 218 137 116 0 0 6 5 64 28 69 55 48 41 2 0 0 0 2 2 2 2 1 2 179490 709838 324306 473162 436200 424630 378964 406020 256890 174766 305058 452774 254138 183642 298428 295202 308270 16672 122234 433868 2073600 2073600 3 0 318988 994560 993600 82094 80018 72485 84391 0 0 0 0 116 4 0 0 0 1920 1080 
[ 9767.987788] MESSAGE_B= 0 0 0 68 1 3 192 0 248 179 0 2031 2106 1988 1857 2358 2013 2046 1858 449 237 207 229 176 333 218 223 0 0 17 49 78 24 103 166 53 55 2 0 0 0 2 2 2 2 1 3 343684 482332 324306 473162 436200 424630 378964 406020 256890 174766 305058 452774 254138 183642 298428 295202 308270 16672 122234 433868 2073600 2073600 3 0 324494 990720 993600 84021 80618 76059 83796 0 0 0 0 124 4 0 0 0 1920 1080 
[ 9768.270790] MESSAGE_B= 0 0 0 68 1 2 192 0 248 179 0 2123 2148 1944 1904 2323 2049 2010 1900 406 235 214 231 284 397 247 275 0 0 31 4 92 37 30 130 136 113 2 0 2 2 2 2 2 2 1 2 218976 671590 324306 473162 436200 424630 378964 406020 256890 174766 305058 452774 254138 183642 298428 295202 308270 16672 122234 433868 2073600 2073600 3 0 335032 994560 993600 86051 81640 83542 83799 0 0 0 0 132 0 0 0 0 1920 1080 
[ 9768.557176] MESSAGE_B= 0 0 0 69 2 1 192 0 248 179 0 2164 2309 2165 1853 2216 2040 2063 1951 630 430 471 276 342 397 287 185 0 0 82 1 68 22 87 92 169 147 2 2 2 2 2 2 2 2 2 1 235376 452434 324306 473162 436200 424630 378964 406020 256890 174766 305058 452774 254138 183642 298428 295202 308270 16672 122234 433868 2073600 2073600 2 0 337694 990720 993600 87045 83327 84388 82934 0 0 0 0 132 0 0 0 0 1920 1080 
[ 9768.839784] MESSAGE_B= 0 0 0 70 2 1 192 0 248 179 0 2313 2401 2513 1870 2344 2249 2160 1931 544 556 326 387 491 362 278 164 0 0 5 10 12 30 191 119 77 75 2 0 0 0 2 2 2 2 2 1 225882 645250 324306 473162 436200 424630 378964 406020 256890 174766 305058 452774 254138 183642 298428 295202 308270 16672 122234 433868 2073600 2073600 2 0 330898 994560 993600 86787 82684 83767 77660 0 0 0 0 128 4 0 0 0 1920 1080 
[ 9769.122784] MESSAGE_B= 0 0 0 70 2 1 192 0 248 179 0 2419 2662 2400 1963 2199 2318 2218 1754 488 477 511 466 187 314 129 341 0 0 129 36 57 23 46 130 69 95 2 2 2 2 2 2 2 2 2 1 339350 449156 324306 473162 436200 424630 378964 406020 256890 174766 305058 452774 254138 183642 298428 295202 308270 16672 122234 433868 2073600 2073600 2 0 337932 990720 993600 85557 84823 87881 79671 0 0 0 0 132 0 0 0 0 1920 1080 
[ 9769.404794] MESSAGE_B= 0 0 0 70 2 1 192 0 248 179 0 2225 2453 2862 1927 2334 2330 2333 2130 501 729 298 597 159 373 406 165 0 0 122 141 72 38 207 1 84 52 0 2 2 2 2 2 2 2 2 1 217970 686708 324306 473162 436200 424630 378964 406020 256890 174766 305058 452774 254138 183642 298428 295202 308270 16672 122234 433868 2073600 2073600 2 0 336142 994560 993600 83322 83876 87670 81274 0 0 0 0 132 0 0 0 0 1920 1080 
[ 9769.565783] MESSAGE_B= 0 0 0 70 2 1 192 0 248 179 0 2395 2882 2892 2355 2266 2349 2280 1973 670 285 117 668 412 159 114 224 0 0 3 106 46 29 125 62 235 163 2 2 2 2 2 2 2 2 2 1 356374 530492 324306 473162 436200 424630 378964 406020 256890 174766 305058 452774 254138 183642 298428 295202 308270 16672 122234 433868 2073600 2073600 2 0 336910 990720 993600 77696 81404 91341 86469 0 0 0 0 132 0 0 0 0 1920 1080 
[ 9769.845784] MESSAGE_B= 0 0 0 71 2 1 192 0 248 179 0 2745 2817 2921 2805 1952 0 1952 0 312 382 129 436 0 0 0 0 0 0 215 226 0 0 0 157 123 126 0 2 2 1 1 2 2 2 2 1 210234 681382 565304 314598 21494 443214 411200 411044 136666 518902 507092 463322 216698 258086 379704 336278 490498 107086 159908 413378 2073600 2073600 2 0 332941 994560 993600 72243 75449 93150 92099 0 0 0 0 135 0 0 0 0 1920 1080 
[ 9770.121799] MESSAGE_B= 0 0 0 74 3 1 192 0 248 179 0 2887 2870 2804 2972 3087 0 1770 0 423 295 303 156 343 0 456 0 0 0 96 205 187 0 101 36 191 0 2 2 2 1 2 2 2 1 3 1 301532 561910 565304 314598 21494 443214 411200 411044 136666 518902 507092 463322 216698 258086 379704 336278 490498 107086 159908 413378 2073600 2073600 2 0 297169 990720 993600 55961 59904 88820 92484 0 0 0 0 143 0 0 0 0 1920 1080 
[ 9770.404801] MESSAGE_B= 0 4 0 75 3 1 192 0 248 179 0 2903 2905 2787 3013 3088 0 720 0 314 359 466 275 0 0 0 0 0 0 240 183 0 0 83 0 81 168 0 0 2 1 2 1 2 2 3 1 295162 806832 565304 314598 21494 443214 411200 411044 136666 518902 507092 463322 216698 258086 379704 336278 490498 107086 159908 413378 2073600 2073600 2 0 273792 994560 993600 45101 45996 89942 92753 0 0 0 0 143 4 4 4 4 1920 1080 
[ 9770.688562] MESSAGE_B= 0 4 0 79 3 0 192 0 248 179 0 2832 2838 2753 2760 1628 0 2836 0 431 487 533 698 72 0 913 0 0 0 222 192 203 0 255 0 0 203 0 2 0 1 2 2 1 2 3 0 249798 452484 565304 314598 21494 443214 411200 411044 136666 518902 507092 463322 216698 258086 379704 336278 490498 107086 159908 413378 2073600 2073600 2 0 263743 990720 993600 40264 36382 94342 92755 0 0 0 0 137 4 4 4 4 1920 1080 
[ 9770.965786] MESSAGE_B= 0 0 0 79 2 1 192 0 248 179 0 2985 2978 2909 3007 0 0 0 0 166 91 79 100 0 0 0 0 0 0 5 145 0 0 0 0 0 0 0 0 1 1 1 1 1 1 2 1 329774 974726 565304 314598 21494 443214 411200 411044 136666 518902 507092 463322 216698 258086 379704 336278 490498 107086 159908 413378 2073600 2073600 2 0 276669 994560 993600 44615 39923 96305 95826 0 0 0 0 116 4 0 0 0 1920 1080 
[ 9771.245324] MESSAGE_B= 0 0 0 78 1 2 192 0 248 179 0 2950 2946 2864 2954 0 0 0 0 204 114 68 113 0 0 0 0 0 0 50 160 0 0 0 0 0 0 0 0 1 1 1 1 1 1 1 2 193092 645568 565304 314598 21494 443214 411200 411044 136666 518902 507092 463322 216698 258086 379704 336278 490498 107086 159908 413378 2073600 2073600 3 0 279612 990720 993600 46622 41430 96022 95538 0 0 0 0 91 4 0 0 0 1920 1080 
[ 9771.523073] MESSAGE_B= 0 0 0 78 1 3 192 0 248 179 0 2937 2930 2844 2937 0 0 0 0 207 98 72 110 0 0 0 0 0 0 36 136 0 0 0 0 0 0 0 0 1 1 1 1 1 2 1 3 349796 990712 565304 314598 21494 443214 411200 411044 136666 518902 507092 463322 216698 258086 379704 336278 490498 107086 159908 413378 2073600 2073600 3 0 279661 994560 993600 46491 41733 96013 95424 0 0 0 0 79 4 0 0 0 1920 1080 
[ 9771.800792] MESSAGE_B= 0 0 0 78 1 3 192 0 248 179 0 2936 2934 2852 2937 0 2400 0 1864 202 117 88 125 0 16 0 56 0 0 45 160 0 255 0 0 52 155 0 0 1 0 1 1 2 2 1 3 214760 742616 565304 314598 21494 443214 411200 411044 136666 518902 507092 463322 216698 258086 379704 336278 490498 107086 159908 413378 2073600 2073600 3 0 280210 990720 993600 47434 42882 95664 94230 0 0 0 0 70 4 0 0 0 1920 1080 
[ 9772.080055] MESSAGE_B= 0 0 0 79 1 4 192 0 248 179 0 2938 2930 2844 2928 1709 2040 2034 1784 195 97 59 108 50 8 59 24 0 0 9 104 95 255 91 46 68 237 0 0 0 0 2 2 2 2 1 4 340808 982576 565304 314598 21494 443214 411200 411044 136666 518902 507092 463322 216698 258086 379704 336278 490498 107086 159908 413378 2073600 2073600 3 0 278154 994560 993600 46758 43077 94432 93887 0 0 0 0 59 4 0 0 0 1920 1080 
[ 9772.361804] MESSAGE_B= 0 0 0 78 1 4 192 0 248 179 0 2926 2934 2848 2927 2208 2077 2096 1850 194 105 85 106 0 148 0 147 0 0 36 103 0 155 123 149 25 121 0 0 0 2 2 2 2 2 1 4 401754 587264 870546 428676 613678 510196 866272 253380 1008510 959590 576094 453794 426584 265742 344100 440810 135400 237208 375736 589660 2073600 2073600 3 0 277665 990720 993600 46832 43459 93330 94044 0 0 0 0 48 4 0 0 0 1920 1080 
[ 9772.521801] MESSAGE_B= 0 0 0 79 1 3 192 0 248 179 0 2925 2930 2844 2926 0 2097 0 1827 198 96 77 122 0 83 0 108 0 0 35 128 0 17 67 154 0 97 0 0 1 0 2 2 2 2 1 3 337510 983780 870546 428676 613678 510196 866272 253380 1008510 959590 576094 453794 426584 265742 344100 440810 135400 237208 375736 589660 2073600 2073600 3 0 278678 994560 993600 46573 43790 93546 94769 0 0 0 0 48 4 0 0 0 1920 1080 
[ 9772.798785] MESSAGE_B= 0 0 0 78 1 4 192 0 248 179 0 2933 2927 2839 2910 0 2064 0 1968 205 94 66 118 0 0 0 0 0 0 27 114 0 0 255 154 0 255 0 0 1 0 2 2 2 2 1 4 343504 870300 870546 428676 613678 510196 866272 253380 1008510 959590 576094 453794 426584 265742 344100 440810 135400 237208 375736 589660 2073600 2073600 3 0 280992 990720 993600 46152 44187 95159 95494 0 0 0 0 34 4 0 0 0 1920 1080 
[ 9773.087549] MESSAGE_B= 0 0 0 78 1 4 192 0 248 179 0 2929 2926 2834 2904 0 0 0 0 197 112 73 133 0 0 0 0 0 0 35 146 0 0 225 22 0 0 0 0 1 1 2 2 2 2 1 4 345142 992842 870546 428676 613678 510196 866272 253380 1008510 959590 576094 453794 426584 265742 344100 440810 135400 237208 375736 589660 2073600 2073600 3 0 280389 994560 993600 45692 44398 94931 95368 0 0 0 0 32 4 0 0 0 1920 1080 
[ 9773.371794] MESSAGE_B= 0 4 0 79 1 3 192 0 248 179 0 2856 3095 2652 3099 1476 0 1283 0 410 184 701 216 320 0 227 0 0 0 197 185 22 0 0 0 27 95 0 0 2 1 2 1 2 2 1 3 376122 896298 870546 428676 613678 510196 866272 253380 1008510 959590 576094 453794 426584 265742 344100 440810 135400 237208 375736 589660 2073600 2073600 3 0 322718 990720 993600 68853 72124 91970 89771 0 0 0 0 50 4 4 4 4 1920 1080 
[ 9773.648787] MESSAGE_B= 0 0 0 81 1 3 192 0 248 179 0 2859 3094 2747 3123 1490 1635 1255 723 445 208 600 191 316 164 260 78 0 0 235 221 139 59 0 143 58 4 0 0 2 2 1 2 2 2 1 3 174950 991640 870546 428676 613678 510196 866272 253380 1008510 959590 576094 453794 426584 265742 344100 440810 135400 237208 375736 589660 2073600 2073600 3 0 322024 994560 993600 68632 72138 91593 89661 0 0 0 0 50 0 0 0 0 1920 1080 
[ 9773.928803] MESSAGE_B= 0 0 0 81 1 3 192 0 248 179 0 2898 3098 2795 3135 1354 0 1203 0 417 155 604 152 270 0 354 0 0 0 220 149 59 0 0 0 19 41 0 0 2 1 1 1 2 2 1 3 200182 629490 870546 428676 613678 510196 866272 253380 1008510 959590 576094 453794 426584 265742 344100 440810 135400 237208 375736 589660 2073600 2073600 3 0 326244 990720 993600 70111 72461 92974 90698 0 0 0 0 52 4 0 0 0 1920 1080 
[ 9774.207789] MESSAGE_B= 0 0 0 81 1 3 192 0 248 179 0 2842 3079 2691 3139 1483 1376 1161 784 444 229 697 179 309 0 134 0 0 0 214 230 148 0 0 0 48 25 0 0 2 2 1 2 2 2 1 3 163874 819988 870546 428676 613678 510196 866272 253380 1008510 959590 576094 453794 426584 265742 344100 440810 135400 237208 375736 589660 2073600 2073600 3 0 320872 994560 993600 68335 72447 90963 89127 0 0 0 0 52 0 0 0 0 1920 1080 
[ 9774.364794] MESSAGE_B= 0 0 0 82 1 3 192 0 248 179 0 2947 3091 2838 3137 2462 2144 2239 2224 336 166 586 152 847 64 890 192 0 0 185 165 236 255 79 219 42 160 0 0 2 2 2 2 2 2 1 3 143354 674196 870546 428676 613678 510196 866272 253380 1008510 959590 576094 453794 426584 265742 344100 440810 135400 237208 375736 589660 2073600 2073600 3 0 316603 990720 993600 68770 72306 88370 87157 0 0 0 0 49 0 0 0 0 1920 1080 
[ 9774.643044] MESSAGE_B= 0 4 0 83 1 3 192 0 248 179 0 2976 3073 2974 3145 2470 0 2291 0 305 161 341 96 898 0 888 0 0 0 218 200 238 0 177 157 42 227 0 0 2 1 2 2 2 2 1 3 166132 771082 568124 883080 804322 1343562 1321852 521688 327810 600264 544564 163996 556706 540586 477622 486596 264236 104516 153606 180920 2073600 2073600 3 0 317701 994560 993600 70008 72689 88006 86998 0 0 0 0 49 4 4 4 4 1920 1080 
[ 9774.921806] MESSAGE_B= 0 0 0 84 1 3 192 0 248 179 0 2932 3064 2820 3134 2421 2317 2222 1408 409 157 640 92 862 866 886 802 0 0 228 219 220 62 193 159 61 211 0 2 2 2 2 2 2 2 1 3 101082 699520 568124 883080 804322 1343562 1321852 521688 327810 600264 544564 163996 556706 540586 477622 486596 264236 104516 153606 180920 2073600 2073600 3 0 314834 990720 993600 68507 72248 87388 86691 0 0 0 0 48 0 0 0 0 1920 1080 
[ 9775.201695] MESSAGE_B= 0 0 0 85 1 3 192 0 248 179 0 3040 2987 2986 3057 2416 2922 2223 821 320 346 533 275 868 288 898 91 0 0 227 251 241 90 189 163 21 232 0 0 2 2 2 2 2 2 1 3 167322 803492 568124 883080 804322 1343562 1321852 521688 327810 600264 544564 163996 556706 540586 477622 486596 264236 104516 153606 180920 2073600 2073600 3 0 317120 994560 993600 69918 72830 87729 86643 0 0 0 0 47 0 0 0 0 1920 1080 
[ 9775.479792] MESSAGE_B= 0 0 0 84 1 3 192 0 248 179 0 2985 3000 2858 3026 2371 2594 2157 1330 390 289 702 281 733 657 840 693 0 0 219 218 243 60 224 160 66 228 0 0 2 2 2 2 2 2 1 3 62236 715462 568124 883080 804322 1343562 1321852 521688 327810 600264 544564 163996 556706 540586 477622 486596 264236 104516 153606 180920 2073600 2073600 3 0 313545 990720 993600 68856 72442 86355 85892 0 0 0 0 47 0 0 0 0 1920 1080 
[ 9775.758921] MESSAGE_B= 0 0 0 85 1 3 192 0 248 179 0 3083 3057 3091 3029 2459 3000 2253 1234 226 133 305 282 811 384 824 583 0 0 233 176 239 245 199 188 13 155 0 0 2 2 2 2 2 2 1 3 148662 818534 568124 883080 804322 1343562 1321852 521688 327810 600264 544564 163996 556706 540586 477622 486596 264236 104516 153606 180920 2073600 2073600 3 0 316624 994560 993600 69694 72534 87617 86779 0 0 0 0 46 0 0 0 0 1920 1080 
[ 9776.037803] MESSAGE_B= 0 0 0 85 1 3 192 0 248 179 0 3119 3065 3142 3061 2477 2315 2253 1019 112 91 182 172 754 810 921 275 0 0 133 232 242 235 139 157 26 224 0 0 2 2 2 2 2 2 1 3 63772 725628 568124 883080 804322 1343562 1321852 521688 327810 600264 544564 163996 556706 540586 477622 486596 264236 104516 153606 180920 2073600 2073600 3 0 315715 990720 993600 69346 73166 86720 86483 0 0 0 0 46 0 0 0 0 1920 1080 
[ 9776.316810] MESSAGE_B= 0 0 0 84 1 3 192 0 248 179 0 3111 3054 3179 3020 2731 1966 2515 914 146 83 73 208 753 806 890 137 0 0 192 229 237 232 133 159 9 217 0 0 2 2 2 2 2 2 1 3 131074 818114 568124 883080 804322 1343562 1321852 521688 327810 600264 544564 163996 556706 540586 477622 486596 264236 104516 153606 180920 2073600 2073600 3 0 319110 994560 993600 70240 73104 88277 87489 0 0 0 0 46 0 0 0 0 1920 1080 
[ 9776.595789] MESSAGE_B= 0 0 0 84 1 3 192 0 248 179 0 3067 3071 3116 3031 1795 1502 1321 784 244 70 357 198 328 293 281 60 0 0 185 211 7 100 255 255 0 27 0 0 0 2 2 2 1 2 1 3 96802 736950 568124 883080 804322 1343562 1321852 521688 327810 600264 544564 163996 556706 540586 477622 486596 264236 104516 153606 180920 2073600 2073600 3 0 323122 990720 993600 69457 73261 90225 90179 0 0 0 0 48 4 0 0 0 1920 1080 
[ 9776.874861] MESSAGE_B= 0 0 0 84 1 3 192 0 248 179 0 3060 3079 3130 2964 1748 1377 1216 897 216 74 261 339 437 139 262 94 0 0 211 168 79 3 158 0 0 55 0 0 2 2 2 1 1 2 1 3 115416 815068 568124 883080 804322 1343562 1321852 521688 327810 600264 544564 163996 556706 540586 477622 486596 264236 104516 153606 180920 2073600 2073600 3 0 325701 994560 993600 70329 73743 90989 90640 0 0 0 0 48 0 0 0 0 1920 1080 
[ 9777.160811] MESSAGE_B= 0 0 0 83 0 3 192 0 248 179 0 3039 3111 3121 2967 1753 1372 1120 876 245 63 289 388 404 194 257 124 0 0 218 157 136 73 0 0 0 73 0 0 2 2 2 1 1 2 0 3 158362 727566 719298 431246 338254 647380 610026 649290 314020 531212 641526 178848 248946 91784 114098 165970 159672 83054 188782 189562 2073600 2073600 3 0 325109 990720 993600 69832 73813 90655 90809 0 0 0 0 45 0 0 0 0 1920 1080 
[ 9777.316803] MESSAGE_B= 0 0 0 83 1 2 192 0 248 179 0 1329 797 1371 1132 1074 1467 802 926 263 207 234 159 115 520 62 231 0 12 150 16 168 105 143 194 27 97 2 2 2 2 2 2 2 2 1 2 109474 840202 719298 431246 338254 647380 610026 649290 314020 531212 641526 178848 248946 91784 114098 165970 159672 83054 188782 189562 2073600 2073600 3 12 417486 994560 993600 98432 110017 86036 123001 12 12 12 12 45 0 0 0 0 1920 1080 
[ 9777.594787] MESSAGE_B= 0 0 0 66 1 2 192 0 248 179 0 1032 830 1153 1037 1160 1590 812 888 318 260 234 217 389 738 202 155 0 12 135 12 35 123 213 201 174 37 0 2 2 2 2 2 2 2 1 2 401788 720774 719298 431246 338254 647380 610026 649290 314020 531212 641526 178848 248946 91784 114098 165970 159672 83054 188782 189562 2073600 2073600 3 12 418151 990720 993600 98064 110297 86628 123162 12 12 12 12 8 0 0 0 0 1920 1080 
[ 9777.874060] MESSAGE_B= 0 0 0 67 1 2 192 0 248 179 0 1025 844 1146 1037 1266 1496 811 862 328 285 235 203 575 605 186 140 0 12 138 56 30 76 88 165 177 129 0 0 2 2 2 2 2 2 1 2 352804 484622 719298 431246 338254 647380 610026 649290 314020 531212 641526 178848 248946 91784 114098 165970 159672 83054 188782 189562 2073600 2073600 3 12 418178 994560 993600 97936 109794 87137 123311 12 12 12 12 8 0 0 0 0 1920 1080 
[ 9778.152793] MESSAGE_B= 0 0 0 68 1 1 192 0 248 179 0 1009 816 1147 1031 1270 1461 820 873 336 230 232 199 575 581 201 151 0 12 144 35 30 118 87 144 68 9 0 0 2 2 2 2 2 2 1 1 399834 466818 719298 431246 338254 647380 610026 649290 314020 531212 641526 178848 248946 91784 114098 165970 159672 83054 188782 189562 2073600 2073600 1 12 416356 990720 993600 98190 109820 86275 122071 12 12 12 12 6 0 0 0 0 1920 1080 
[ 9778.431827] MESSAGE_B= 0 0 0 68 1 2 192 0 248 179 0 994 848 1147 1030 1198 1254 833 831 349 242 227 193 551 351 192 166 0 12 138 50 12 10 85 195 82 134 0 0 2 2 2 2 2 2 1 2 350194 487196 719298 431246 338254 647380 610026 649290 314020 531212 641526 178848 248946 91784 114098 165970 159672 83054 188782 189562 2073600 2073600 3 12 415772 994560 993600 97744 109710 86006 122312 12 12 12 12 6 0 0 0 0 1920 1080 
[ 9778.712795] MESSAGE_B= 0 0 0 68 1 1 192 0 248 179 0 1004 846 1151 1013 1210 1451 810 811 357 229 233 206 542 493 204 150 0 12 139 63 16 66 86 190 60 121 0 0 2 2 2 2 2 2 1 1 399104 459182 719298 431246 338254 647380 610026 649290 314020 531212 641526 178848 248946 91784 114098 165970 159672 83054 188782 189562 2073600 2073600 1 12 414045 990720 993600 96671 109549 85692 122133 12 12 12 12 8 0 0 0 0 1920 1080 
[ 9778.993796] MESSAGE_B= 0 0 0 68 1 2 192 0 248 179 0 1003 833 1160 1046 1245 1278 826 768 351 212 239 201 548 279 202 154 0 12 136 1 30 54 90 201 69 89 0 2 2 2 2 2 2 2 1 2 345378 487036 719298 431246 338254 647380 610026 649290 314020 531212 641526 178848 248946 91784 114098 165970 159672 83054 188782 189562 2073600 2073600 3 12 415089 994560 993600 96947 109713 86296 122133 12 12 12 12 8 0 0 0 0 1920 1080 
[ 9779.282790] MESSAGE_B= 0 0 0 68 1 2 192 0 248 179 0 1010 833 1165 1029 1233 1656 805 942 354 217 232 202 557 775 199 150 0 12 136 26 22 160 94 189 80 115 0 2 2 2 2 2 2 2 1 2 407392 446908 719298 431246 338254 647380 610026 649290 314020 531212 641526 178848 248946 91784 114098 165970 159672 83054 188782 189562 2073600 2073600 3 12 414503 990720 993600 96749 109745 86211 121798 12 12 12 12 12 0 0 0 0 1920 1080 
[ 9779.445804] MESSAGE_B= 0 0 0 67 1 1 192 0 248 179 0 1012 830 1163 1024 1225 1636 809 921 358 254 234 199 510 770 203 148 0 12 139 29 25 164 94 160 75 88 0 0 2 2 2 2 2 2 1 1 344640 492072 320658 637576 61704 328598 378698 391576 228788 396758 391106 624534 75698 66170 692352 614032 595144 321876 731416 732508 2073600 2073600 1 12 414049 994560 993600 96626 109404 86144 121875 12 12 12 12 12 0 0 0 0 1920 1080 
[ 9779.737788] MESSAGE_B= 0 0 0 67 1 1 192 0 248 179 0 1030 871 1160 1023 1159 1543 799 892 348 273 235 210 387 673 199 145 0 12 149 53 46 116 226 212 84 42 0 0 2 2 2 2 2 2 1 1 407358 454786 320658 637576 61704 328598 378698 391576 228788 396758 391106 624534 75698 66170 692352 614032 595144 321876 731416 732508 2073600 2073600 1 12 414448 990720 993600 96790 109264 86552 121842 12 12 12 12 13 0 0 0 0 1920 1080 
[ 9780.015792] MESSAGE_B= 0 0 0 66 1 2 192 0 248 179 0 1321 878 1778 2245 1971 1161 1429 819 298 161 954 1075 300 221 581 518 0 12 4 39 112 126 174 0 184 125 2 2 0 2 2 1 2 2 1 2 351184 490264 320658 637576 61704 328598 378698 391576 228788 396758 391106 624534 75698 66170 692352 614032 595144 321876 731416 732508 2073600 2073600 3 12 410518 994560 993600 122886 83606 110217 93809 12 12 12 12 36 0 0 0 0 1920 1080 

