[21065.680966] MESSAGE_B= 5 5 0 36 0 103 192 0 248 179 0 2491 2366 2272 2283 2494 2369 2268 2279 336 395 451 395 332 394 455 395 0 31 239 232 241 231 255 255 255 255 0 0 0 0 0 0 0 0 0 103 222194 7616 237754 79126 128790 153536 109932 214708 157224 94962 257526 41078 26398 177570 177160 176880 169460 191502 157438 159910 2073600 2073600 7 4 237009 994560 993600 56601 61872 56214 62322 4 4 4 4 60 5 5 5 
[21065.960405] MESSAGE_B= 5 5 5 35 0 81 192 0 248 179 0 3052 2908 2793 2807 3056 2911 2791 2801 406 477 549 480 404 477 545 481 0 31 239 230 239 231 255 255 255 255 0 0 0 0 0 0 0 0 0 81 241178 4998 237754 79126 128790 153536 109932 214708 157224 94962 257526 41078 26398 177570 177160 176880 169460 191502 157438 159910 2073600 2073600 7 4 242462 990720 993600 57837 63357 57805 63463 4 4 4 4 65 5 5 5 
[21066.238287] MESSAGE_B= 5 5 5 35 0 63 192 0 248 179 0 3052 2920 2801 2811 3056 2921 2798 2804 409 475 545 485 404 475 540 487 0 31 239 229 240 229 255 255 255 255 0 0 0 0 0 0 0 0 0 63 236158 6790 237754 79126 128790 153536 109932 214708 157224 94962 257526 41078 26398 177570 177160 176880 169460 191502 157438 159910 2073600 2073600 7 4 241346 994560 993600 57603 63134 57614 62995 4 4 4 4 65 5 5 5 
[21066.520961] MESSAGE_B= 5 5 5 36 0 64 192 0 248 179 0 3053 2928 2809 2810 3056 2930 2798 2806 411 474 536 494 408 478 540 489 0 31 240 225 242 225 255 255 255 255 0 0 0 0 0 0 0 0 0 64 257410 4818 5462 71430 42538 40954 38410 28382 14990 13376 5792 385884 158442 7878 40958 368604 379010 139656 394640 425516 2073600 2073600 7 4 241521 990720 993600 57537 63106 57378 63500 4 4 4 4 17 5 5 5 
[21066.800173] MESSAGE_B= 5 5 5 36 0 62 192 0 248 179 0 3050 2932 2822 2814 3056 2932 2813 2809 407 474 518 489 413 479 521 490 0 31 243 225 243 225 255 255 255 255 0 0 0 0 0 0 0 0 0 62 241108 5250 5462 71430 42538 40954 38410 28382 14990 13376 5792 385884 158442 7878 40958 368604 379010 139656 394640 425516 2073600 2073600 7 4 240981 994560 993600 57582 62716 57616 63067 4 4 4 4 15 5 5 5 
[21067.082966] MESSAGE_B= 5 5 5 36 0 69 192 0 248 179 0 3046 2932 2838 2815 3050 2935 2838 2811 411 475 497 490 407 475 492 485 0 31 243 228 242 226 255 255 255 255 0 0 0 0 0 0 0 0 0 69 255676 6350 5462 71430 42538 40954 38410 28382 14990 13376 5792 385884 158442 7878 40958 368604 379010 139656 394640 425516 2073600 2073600 7 4 240485 990720 993600 57669 62565 57552 62699 4 4 4 4 15 5 5 5 
[21067.240949] MESSAGE_B= 5 5 5 35 0 67 192 0 248 179 0 3045 2932 2839 2815 3048 2939 2842 2810 406 473 490 486 413 472 484 487 0 31 244 228 242 227 255 255 255 255 0 0 0 0 0 0 0 0 0 67 234244 5022 5462 71430 42538 40954 38410 28382 14990 13376 5792 385884 158442 7878 40958 368604 379010 139656 394640 425516 2073600 2073600 7 4 240336 994560 993600 57877 62290 57413 62756 4 4 4 4 14 5 5 5 
[21067.516961] MESSAGE_B= 5 5 5 35 1 65 192 0 248 179 0 3044 2935 2831 2816 3048 2944 2832 2812 412 471 500 489 412 470 500 489 0 31 243 229 241 227 255 255 255 255 0 0 0 0 0 0 0 0 1 65 257028 7488 5462 71430 42538 40954 38410 28382 14990 13376 5792 385884 158442 7878 40958 368604 379010 139656 394640 425516 2073600 2073600 7 4 241393 990720 993600 57982 62764 57599 63048 4 4 4 4 15 5 5 5 
[21067.795959] MESSAGE_B= 5 5 5 35 0 74 192 0 248 179 0 3042 2933 2822 2816 3047 2941 2820 2811 412 469 515 488 408 472 517 484 0 31 239 230 239 229 255 255 255 255 0 0 0 0 0 0 0 0 0 74 234508 4712 5462 71430 42538 40954 38410 28382 14990 13376 5792 385884 158442 7878 40958 368604 379010 139656 394640 425516 2073600 2073600 7 4 242688 994560 993600 58275 63100 57726 63587 4 4 4 4 17 5 5 5 
[21068.071954] MESSAGE_B= 5 5 5 35 1 76 192 0 248 179 0 3041 2927 2819 2815 3045 2936 2813 2810 407 466 529 482 412 468 529 483 0 31 235 231 234 230 255 255 255 255 0 0 0 0 0 0 0 0 1 76 257620 4908 5462 71430 42538 40954 38410 28382 14990 13376 5792 385884 158442 7878 40958 368604 379010 139656 394640 425516 2073600 2073600 7 4 242772 990720 993600 58071 63378 57718 63605 4 4 4 4 17 5 5 5 
[21068.350962] MESSAGE_B= 5 5 5 34 1 77 192 0 248 179 0 3038 2920 2813 2811 3041 2928 2805 2806 404 470 536 484 412 468 535 481 0 31 232 232 232 231 255 255 255 255 0 0 0 0 0 0 0 0 1 77 230632 5068 5462 71430 42538 40954 38410 28382 14990 13376 5792 385884 158442 7878 40958 368604 379010 139656 394640 425516 2073600 2073600 7 4 242415 994560 993600 57870 63434 57471 63640 4 4 4 4 17 5 5 5 
[21068.635988] MESSAGE_B= 5 5 5 34 0 74 192 0 248 179 0 3037 2919 2810 2810 3042 2926 2801 2805 409 467 545 476 410 467 547 479 0 31 228 232 230 231 255 255 255 255 0 0 0 0 0 0 0 0 0 74 252916 4574 5462 71430 42538 40954 38410 28382 14990 13376 5792 385884 158442 7878 40958 368604 379010 139656 394640 425516 2073600 2073600 7 4 242797 990720 993600 57841 63647 57523 63786 4 4 4 4 16 5 5 5 
[21068.913954] MESSAGE_B= 5 5 5 34 1 71 192 0 248 179 0 3040 2919 2810 2810 3045 2927 2802 2805 410 471 553 480 408 468 552 478 0 31 227 232 228 231 255 255 255 255 0 0 0 0 0 0 0 0 1 71 225206 4946 4440 5190 3814 5806 8992 9104 4734 7682 5314 377254 102810 264378 412102 372270 476038 132420 381530 401188 2073600 2073600 7 4 243331 994560 993600 57967 63773 57597 63994 4 4 4 4 15 5 5 5 
[21069.199491] MESSAGE_B= 5 5 5 34 1 65 192 0 248 179 0 3040 2916 2810 2807 3045 2923 2802 2803 406 468 554 479 407 473 552 476 0 31 226 232 226 232 255 255 255 255 0 0 0 0 0 0 0 0 1 65 248624 4684 4440 5190 3814 5806 8992 9104 4734 7682 5314 377254 102810 264378 412102 372270 476038 132420 381530 401188 2073600 2073600 7 4 242829 990720 993600 57732 63551 57469 64077 4 4 4 4 13 5 5 5 
[21069.483953] MESSAGE_B= 5 5 5 34 0 82 192 0 248 179 0 3042 2917 2814 2809 3047 2924 2806 2803 409 467 551 478 407 471 552 480 0 31 224 233 226 232 255 255 255 255 0 0 0 0 0 0 0 0 0 82 221204 4764 4440 5190 3814 5806 8992 9104 4734 7682 5314 377254 102810 264378 412102 372270 476038 132420 381530 401188 2073600 2073600 7 4 243347 994560 993600 58005 63664 57610 64068 4 4 4 4 11 5 5 5 
[21069.644959] MESSAGE_B= 5 5 5 34 0 85 192 0 248 179 0 3041 2915 2812 2806 3047 2922 2805 2801 409 468 553 480 406 471 552 478 0 31 226 233 226 233 255 255 255 255 0 0 0 0 0 0 0 0 0 85 248832 4074 4440 5190 3814 5806 8992 9104 4734 7682 5314 377254 102810 264378 412102 372270 476038 132420 381530 401188 2073600 2073600 7 4 243194 990720 993600 58083 63621 57484 64006 4 4 4 4 14 5 5 5 
[21069.925953] MESSAGE_B= 5 5 5 34 0 90 192 0 248 179 0 3046 2915 2818 2808 3051 2923 2811 2803 405 471 550 482 404 469 548 482 0 31 225 234 226 233 255 255 255 255 0 0 0 0 0 0 0 0 0 90 221652 4894 4440 5190 3814 5806 8992 9104 4734 7682 5314 377254 102810 264378 412102 372270 476038 132420 381530 401188 2073600 2073600 7 4 243672 994560 993600 58154 63605 57768 64145 4 4 4 4 18 5 5 5 
[21070.203952] MESSAGE_B= 5 5 5 34 0 96 192 0 248 179 0 3050 2914 2822 2808 3054 2922 2814 2803 402 471 552 492 405 470 555 490 0 31 225 236 227 235 255 255 255 255 0 0 0 0 0 0 0 0 0 96 255028 3996 4440 5190 3814 5806 8992 9104 4734 7682 5314 377254 102810 264378 412102 372270 476038 132420 381530 401188 2073600 2073600 7 4 243496 990720 993600 58226 63505 57765 64000 4 4 4 4 21 5 5 5 
[21070.479984] MESSAGE_B= 5 5 5 35 0 88 192 0 248 179 0 3055 2914 2827 2810 3059 2921 2819 2804 399 472 554 493 402 475 555 492 0 31 227 236 227 236 255 255 255 255 0 0 0 0 0 0 0 0 0 88 234698 5068 4440 5190 3814 5806 8992 9104 4734 7682 5314 377254 102810 264378 412102 372270 476038 132420 381530 401188 2073600 2073600 7 4 243726 994560 993600 58407 63509 57851 63959 4 4 4 4 23 5 5 5 
[21070.760496] MESSAGE_B= 5 5 5 36 1 86 192 0 248 179 0 3061 2913 2833 2809 3064 2921 2825 2805 401 478 558 500 404 480 557 499 0 31 227 238 228 236 255 255 255 255 0 0 0 0 0 0 0 0 1 86 264554 4662 4440 5190 3814 5806 8992 9104 4734 7682 5314 377254 102810 264378 412102 372270 476038 132420 381530 401188 2073600 2073600 7 4 240784 990720 993600 57566 62761 57318 63139 4 4 4 4 23 5 5 5 
[21071.037954] MESSAGE_B= 5 5 5 37 1 72 192 0 248 179 0 3067 2917 2841 2812 3070 2924 2834 2807 404 484 562 507 406 485 560 509 0 31 228 238 229 238 255 255 255 255 0 0 0 0 0 0 0 0 1 72 249200 4104 4440 5190 3814 5806 8992 9104 4734 7682 5314 377254 102810 264378 412102 372270 476038 132420 381530 401188 2073600 2073600 7 4 237837 994560 993600 57117 61960 56624 62136 4 4 4 4 23 5 5 5 
[21071.332480] MESSAGE_B= 5 5 5 42 1 36 192 0 248 179 0 3055 2494 2629 2894 3071 2497 2775 2881 366 684 535 494 378 542 602 427 0 31 195 38 133 52 254 245 234 239 0 0 0 0 0 0 0 0 1 36 271250 3946 5084 1252 3078 5886 5408 8662 6254 7802 5720 352664 103510 269608 372106 356076 465130 130072 390936 427848 2073600 2073600 7 4 178902 990720 993600 48698 41753 41437 47014 4 4 4 4 139 5 5 5 
[21071.487091] MESSAGE_B= 5 5 5 45 0 52 192 0 248 179 0 3051 2671 2660 2948 3082 2620 2812 2884 409 825 636 467 408 731 591 458 0 31 204 106 176 163 253 247 243 248 0 0 0 0 0 0 0 0 0 52 204672 6544 5084 1252 3078 5886 5408 8662 6254 7802 5720 352664 103510 269608 372106 356076 465130 130072 390936 427848 2073600 2073600 7 4 194251 994560 993600 48399 49070 44958 51824 4 4 4 4 139 5 5 5 
[21071.884968] MESSAGE_B= 5 5 5 37 1 85 192 0 248 179 0 3042 2608 2775 2772 3058 2600 2760 2768 393 751 542 480 390 762 529 475 0 31 204 175 211 173 253 254 254 255 0 0 0 0 0 0 0 0 1 85 214540 27602 5084 1252 3078 5886 5408 8662 6254 7802 5720 352664 103510 269608 372106 356076 465130 130072 390936 427848 2073600 2073600 6 4 230328 990720 993600 53083 61613 52823 62809 4 4 4 4 108 5 5 5 
[21072.043174] MESSAGE_B= 5 5 5 35 1 74 192 0 248 179 0 3044 2589 2710 2763 3057 2584 2693 2758 385 761 567 478 384 770 564 479 0 31 221 173 229 171 255 255 254 255 0 0 0 0 0 0 0 0 1 74 237200 14932 5084 1252 3078 5886 5408 8662 6254 7802 5720 352664 103510 269608 372106 356076 465130 130072 390936 427848 2073600 2073600 6 4 233074 994560 993600 53831 62484 53284 63475 4 4 4 4 98 5 5 5 
[21072.320973] MESSAGE_B= 0 5 5 35 1 60 192 0 248 179 0 3044 2615 2667 2751 3055 2604 2656 2748 388 722 603 486 380 734 600 479 0 31 225 186 234 185 255 255 255 255 0 0 0 0 0 0 0 0 1 60 252628 9344 5084 1252 3078 5886 5408 8662 6254 7802 5720 352664 103510 269608 372106 356076 465130 130072 390936 427848 2073600 2073600 3 4 236259 990720 993600 55713 62502 54895 63149 4 4 4 4 56 5 5 5 
[21072.599961] MESSAGE_B= 5 5 5 36 1 73 192 0 248 179 0 3051 2633 2652 2748 3057 2630 2642 2746 379 670 630 511 382 670 632 504 0 31 227 225 225 226 255 254 255 255 0 0 0 0 0 0 0 0 1 73 240202 4414 5084 1252 3078 5886 5408 8662 6254 7802 5720 352664 103510 269608 372106 356076 465130 130072 390936 427848 2073600 2073600 7 4 234166 994560 993600 56021 61091 55367 61687 4 4 4 4 58 5 5 5 
[21072.876981] MESSAGE_B= 5 5 5 38 1 83 192 0 248 179 0 3049 2621 2656 2757 3053 2619 2640 2754 373 681 656 529 379 684 663 527 0 31 228 224 228 222 255 255 255 255 0 0 0 0 0 0 0 0 1 83 241406 7738 5084 1252 3078 5886 5408 8662 6254 7802 5720 352664 103510 269608 372106 356076 465130 130072 390936 427848 2073600 2073600 7 4 233002 990720 993600 55823 60677 55453 61049 4 4 4 4 58 5 5 5 
[21073.153953] MESSAGE_B= 5 5 5 39 1 71 192 0 248 179 0 3045 2601 2646 2752 3054 2591 2628 2748 384 717 749 520 376 730 741 521 0 31 220 218 230 218 255 254 255 255 0 0 0 0 0 0 0 0 1 71 239840 9682 5084 1252 3078 5886 5408 8662 6254 7802 5720 352664 103510 269608 372106 356076 465130 130072 390936 427848 2073600 2073600 7 4 230120 994560 993600 55456 59518 54481 60665 4 4 4 4 44 5 5 5 
[21073.430958] MESSAGE_B= 5 5 5 39 1 68 192 0 248 179 0 3028 2609 2629 2758 3038 2575 2650 2741 395 743 725 502 392 764 741 506 0 31 225 212 216 214 254 254 253 255 0 0 0 0 0 0 0 0 1 68 234322 7518 5084 1252 3078 5886 5408 8662 6254 7802 5720 352664 103510 269608 372106 356076 465130 130072 390936 427848 2073600 2073600 7 4 225130 990720 993600 54689 57862 53139 59440 4 4 4 4 62 5 5 5 
[21073.709961] MESSAGE_B= 5 5 5 37 0 56 192 0 248 179 0 2983 2639 2680 2852 2993 2690 2726 2820 421 755 589 483 420 666 588 479 0 31 241 100 219 151 255 251 249 253 0 0 0 0 0 0 0 0 0 56 256570 8834 10576 26980 23076 14956 8270 12876 12466 12856 9050 384788 62562 296096 438086 395228 499986 169918 415854 431264 2073600 2073600 7 4 220827 994560 993600 54882 55584 53489 56872 4 4 4 4 90 5 5 5 
[21073.994829] MESSAGE_B= 5 5 5 38 1 57 192 0 248 179 0 2914 2533 2707 2899 2940 2599 2726 2849 464 942 534 488 452 862 538 477 0 31 246 25 220 58 253 250 245 252 0 0 0 0 0 0 0 0 1 57 262182 13738 10576 26980 23076 14956 8270 12876 12466 12856 9050 384788 62562 296096 438086 395228 499986 169918 415854 431264 2073600 2073600 7 4 212316 990720 993600 51859 53308 50774 56375 4 4 4 4 90 5 5 5 
[21074.271965] MESSAGE_B= 5 5 5 38 1 57 192 0 248 179 0 2914 2531 2666 2713 2924 2512 2649 2714 450 791 650 472 447 807 647 470 0 31 201 211 204 208 254 254 254 255 0 0 0 0 0 0 0 0 1 57 277620 15188 10576 26980 23076 14956 8270 12876 12466 12856 9050 384788 62562 296096 438086 395228 499986 169918 415854 431264 2073600 2073600 6 4 238815 994560 993600 55884 63639 55071 64221 4 4 4 4 104 5 5 5 
[21074.431955] MESSAGE_B= 5 5 5 36 1 42 192 0 248 179 0 2927 2334 2366 2759 2909 2312 2381 2755 415 991 827 467 423 1011 811 465 0 4 183 197 184 192 255 255 255 255 0 0 0 0 0 0 0 0 1 42 249540 23750 10576 26980 23076 14956 8270 12876 12466 12856 9050 384788 62562 296096 438086 395228 499986 169918 415854 431264 2073600 2073600 6 4 248439 990720 993600 58529 65873 57869 66168 4 4 4 4 104 5 5 5 
[21074.709962] MESSAGE_B= 0 5 5 49 1 28 192 0 248 179 0 894 973 1037 783 892 984 1092 787 223 306 284 135 284 313 307 149 0 12 58 53 42 69 243 251 226 221 2 2 2 2 0 0 0 0 1 28 211352 10458 10576 26980 23076 14956 8270 12876 12466 12856 9050 384788 62562 296096 438086 395228 499986 169918 415854 431264 2073600 2073600 3 12 342049 994560 993600 87863 83956 91798 78432 12 12 12 12 167 5 5 5 
[21074.989957] MESSAGE_B= 5 5 5 204 1 18 192 0 248 179 0 905 796 1199 1112 794 792 1157 1084 137 237 273 236 114 236 191 227 0 12 13 1 99 28 244 252 231 250 2 2 2 2 0 0 0 0 1 18 73986 12376 10576 26980 23076 14956 8270 12876 12466 12856 9050 384788 62562 296096 438086 395228 499986 169918 415854 431264 2073600 2073600 7 12 450379 990720 993600 119351 104686 118756 107586 12 12 12 12 167 5 5 5 
[21075.267961] MESSAGE_B= 5 5 5 188 1 28 192 0 248 179 0 1393 911 821 1295 1133 1017 798 1394 989 256 150 366 532 357 164 221 0 12 92 152 86 17 239 216 211 70 2 2 2 2 0 0 0 0 1 28 172544 7140 10576 26980 23076 14956 8270 12876 12466 12856 9050 384788 62562 296096 438086 395228 499986 169918 415854 431264 2073600 2073600 7 12 390048 994560 993600 97209 102423 95821 94595 12 12 12 12 157 5 5 5 
[21075.545956] MESSAGE_B= 5 0 5 176 0 47 192 0 248 179 0 0 320 0 586 838 391 124 604 0 0 0 0 0 0 0 0 1 12 10 0 25 0 142 185 179 48 0 0 0 0 0 0 0 0 0 47 205718 24046 10576 26980 23076 14956 8270 12876 12466 12856 9050 384788 62562 296096 438086 395228 499986 169918 415854 431264 2073600 2073600 6 12 484117 990720 993600 120222 121644 120557 121694 12 12 12 12 157 5 5 5 
[21075.828584] MESSAGE_B= 0 0 5 189 1 36 192 0 248 179 0 659 655 997 721 637 668 922 772 63 44 376 50 69 67 257 95 0 12 40 102 39 82 221 17 222 228 2 2 2 2 2 2 2 0 1 36 74920 9564 10576 26980 23076 14956 8270 12876 12466 12856 9050 384788 62562 296096 438086 395228 499986 169918 415854 431264 2073600 2073600 3 12 407345 994560 993600 123322 80676 107177 96170 12 12 12 12 130 0 0 0 
[21076.103987] MESSAGE_B= 5 0 5 175 1 51 192 0 248 179 0 742 682 1184 1360 684 1873 1360 1366 54 40 137 276 17 650 122 255 0 12 129 106 221 97 77 74 94 237 2 2 2 2 0 2 0 0 1 51 190500 31752 31930 15446 30374 14030 9854 24042 110422 67588 13604 816644 172114 269704 395988 383356 181748 568392 506670 210278 2073600 2073600 6 12 414077 990720 993600 126470 81647 114061 91899 12 12 12 12 153 5 0 0 
[21076.381955] MESSAGE_B= 0 5 5 158 0 31 192 0 248 179 0 0 1092 0 816 608 1031 688 838 0 403 0 240 0 288 0 240 0 12 0 99 0 95 0 237 220 252 1 2 2 2 1 0 0 0 0 31 484286 12024 31930 15446 30374 14030 9854 24042 110422 67588 13604 816644 172114 269704 395988 383356 181748 568392 506670 210278 2073600 2073600 3 12 432117 994560 993600 121991 94485 121279 94362 12 12 12 12 153 5 5 5 
[21076.660961] MESSAGE_B= 5 5 0 161 0 40 192 0 248 179 0 971 1215 1283 1136 963 1213 1331 1116 256 303 468 569 254 348 488 533 0 12 99 78 98 45 248 231 253 248 2 2 2 2 0 0 0 0 0 40 412522 14378 31930 15446 30374 14030 9854 24042 110422 67588 13604 816644 172114 269704 395988 383356 181748 568392 506670 210278 2073600 2073600 6 12 429442 990720 993600 105516 109124 105074 109728 12 12 12 12 137 5 5 5 
[21076.937957] MESSAGE_B= 5 5 0 158 0 29 192 0 248 179 0 939 1065 1069 960 896 1027 1177 950 334 344 362 330 415 298 298 288 0 12 119 113 90 72 246 208 218 238 2 2 2 2 0 0 0 0 0 29 144148 16068 31930 15446 30374 14030 9854 24042 110422 67588 13604 816644 172114 269704 395988 383356 181748 568392 506670 210278 2073600 2073600 6 12 423242 994560 993600 99220 111492 100169 112361 12 12 12 12 137 5 5 5 
[21077.214956] MESSAGE_B= 5 0 0 163 0 15 192 0 248 179 0 0 784 0 285 784 530 598 307 0 0 0 0 0 0 0 0 1 12 9 44 13 47 96 228 167 123 0 0 0 0 0 0 0 0 0 15 316178 14606 31930 15446 30374 14030 9854 24042 110422 67588 13604 816644 172114 269704 395988 383356 181748 568392 506670 210278 2073600 2073600 6 12 447159 990720 993600 108461 115026 111181 112491 12 12 12 12 131 5 5 5 
[21077.496882] MESSAGE_B= 5 0 5 182 0 19 192 0 248 179 0 0 423 0 184 738 430 550 357 0 0 0 0 0 0 0 0 1 12 37 27 7 30 132 194 49 145 0 0 0 0 0 0 0 0 0 19 74876 14548 31930 15446 30374 14030 9854 24042 110422 67588 13604 816644 172114 269704 395988 383356 181748 568392 506670 210278 2073600 2073600 6 12 465315 994560 993600 112424 120943 111637 120311 12 12 12 12 117 5 5 5 
[21077.656961] MESSAGE_B= 0 0 5 156 0 14 192 0 248 179 0 0 635 0 256 834 550 80 258 0 0 0 0 0 0 0 0 1 12 10 0 10 0 141 203 36 118 0 0 0 0 0 0 0 0 0 14 117460 6832 31930 15446 30374 14030 9854 24042 110422 67588 13604 816644 172114 269704 395988 383356 181748 568392 506670 210278 2073600 2073600 3 12 467223 990720 993600 108559 124844 109083 124737 12 12 12 12 114 5 5 5 
[21077.931959] MESSAGE_B= 5 5 5 206 0 21 192 0 248 179 0 912 0 1316 0 959 0 1426 0 168 0 420 0 208 0 388 0 0 12 102 0 91 0 228 249 224 0 2 1 2 1 0 0 0 1 0 21 201354 8032 31930 15446 30374 14030 9854 24042 110422 67588 13604 816644 172114 269704 395988 383356 181748 568392 506670 210278 2073600 2073600 7 12 440290 994560 993600 101215 118529 101996 118550 12 12 12 12 101 5 5 5 
[21078.212385] MESSAGE_B= 5 5 0 185 1 23 192 0 248 179 0 920 800 1335 929 929 697 1434 950 169 115 384 296 188 177 438 205 0 12 70 73 102 115 208 244 241 224 2 2 2 2 0 0 0 0 1 23 230654 8726 31930 15446 30374 14030 9854 24042 110422 67588 13604 816644 172114 269704 395988 383356 181748 568392 506670 210278 2073600 2073600 7 12 398787 990720 993600 90306 108513 92456 107512 12 12 12 12 97 5 5 5 
[21078.490395] MESSAGE_B= 5 5 0 171 1 32 192 0 248 179 0 880 1419 1426 1129 872 1426 1444 1153 135 508 395 267 161 408 420 274 0 12 100 112 98 78 221 243 238 238 2 2 2 2 0 0 0 0 1 32 290558 14216 21464 28660 100300 5802 56866 12868 48866 66986 10264 376210 680630 307286 230390 199696 148398 753836 427676 402074 2073600 2073600 7 12 366638 994560 993600 83384 99489 84927 98838 12 12 12 12 89 5 5 5 
[21078.772965] MESSAGE_B= 5 5 5 151 1 24 192 0 248 179 0 855 1400 1420 932 836 1371 1507 931 207 393 441 296 219 277 449 293 0 12 68 34 37 10 220 228 240 246 2 0 2 0 0 0 0 0 1 24 218326 11426 21464 28660 100300 5802 56866 12868 48866 66986 10264 376210 680630 307286 230390 199696 148398 753836 427676 402074 2073600 2073600 7 12 348713 990720 993600 87227 87292 87612 86582 12 12 12 12 92 5 5 5 
[21079.056952] MESSAGE_B= 5 5 5 155 0 20 192 0 248 179 0 1077 1451 1538 1057 1228 1362 1474 1193 477 276 396 313 676 230 382 462 0 12 40 56 60 97 238 211 242 238 2 2 2 2 0 0 0 0 0 20 103454 22754 21464 28660 100300 5802 56866 12868 48866 66986 10264 376210 680630 307286 230390 199696 148398 753836 427676 402074 2073600 2073600 6 12 317949 994560 993600 86037 73302 82890 75720 12 12 12 12 92 5 5 5 
[21079.213118] MESSAGE_B= 5 5 5 146 0 23 192 0 248 179 0 1617 1400 1323 991 1366 1333 1346 1088 854 246 303 154 462 250 355 256 0 12 9 51 30 114 247 224 242 222 2 0 2 2 2 0 0 0 0 23 131202 23114 21464 28660 100300 5802 56866 12868 48866 66986 10264 376210 680630 307286 230390 199696 148398 753836 427676 402074 2073600 2073600 6 12 286079 990720 993600 81721 62782 76925 64651 12 12 12 12 90 5 5 5 
[21079.490949] MESSAGE_B= 5 5 5 115 0 26 192 0 248 179 0 539 1032 1012 755 526 1025 1034 750 164 272 389 251 98 267 427 235 0 31 98 65 14 120 194 241 252 238 0 0 0 0 0 0 0 0 0 26 328038 21670 21464 28660 100300 5802 56866 12868 48866 66986 10264 376210 680630 307286 230390 199696 148398 753836 427676 402074 2073600 2073600 6 12 217038 994560 993600 59942 57335 58798 57379 12 11 12 11 79 5 5 5 
[21079.767960] MESSAGE_B= 5 5 5 94 0 30 192 0 248 179 0 542 519 469 678 523 543 450 684 153 229 195 316 160 261 190 348 0 11 85 90 46 145 233 233 218 249 2 0 2 0 0 0 0 0 0 30 185924 38650 21464 28660 100300 5802 56866 12868 48866 66986 10264 376210 680630 307286 230390 199696 148398 753836 427676 402074 2073600 2073600 6 11 230227 990720 993600 51369 66556 53984 66712 12 11 12 11 86 5 5 5 
[21080.047740] MESSAGE_B= 5 5 5 90 0 26 192 0 248 179 0 532 488 418 637 500 489 405 647 197 202 174 270 197 218 186 276 0 11 68 40 92 70 244 227 224 252 2 0 2 0 0 0 0 0 0 26 182370 38482 21464 28660 100300 5802 56866 12868 48866 66986 10264 376210 680630 307286 230390 199696 148398 753836 427676 402074 2073600 2073600 6 11 241503 994560 993600 52005 70575 55188 72494 12 11 12 11 108 5 5 5 
[21080.323950] MESSAGE_B= 5 5 5 93 0 32 192 0 248 179 0 518 432 376 579 527 406 376 584 252 186 162 250 292 162 186 260 0 11 30 36 88 44 246 237 229 254 2 0 2 0 0 0 0 0 0 32 220118 18818 21464 28660 100300 5802 56866 12868 48866 66986 10264 376210 680630 307286 230390 199696 148398 753836 427676 402074 2073600 2073600 6 11 241003 990720 993600 53537 69834 55511 71470 12 11 12 11 110 5 5 5 
[21080.609970] MESSAGE_B= 5 5 5 91 1 19 192 0 248 179 0 424 358 410 568 421 358 405 557 225 167 188 252 220 172 213 249 0 11 10 91 39 62 250 249 238 253 2 0 2 0 0 0 0 0 1 19 200348 15218 21464 28660 100300 5802 56866 12868 48866 66986 10264 376210 680630 307286 230390 199696 148398 753836 427676 402074 2073600 2073600 6 11 238261 994560 993600 56903 63954 57578 66709 12 11 12 11 110 5 5 5 
[21080.771949] MESSAGE_B= 0 5 5 89 1 16 192 0 248 179 0 667 1146 971 876 666 1096 1030 888 416 490 436 322 418 463 470 315 0 31 45 99 57 109 255 254 255 254 0 0 0 0 0 0 0 0 1 16 212940 14158 9944 27002 50226 21330 19076 21346 31946 16786 24032 338306 172528 151918 413034 433684 352406 420358 407964 317264 2073600 2073600 3 11 245471 990720 993600 59130 62691 57784 65866 11 11 11 11 90 5 5 5 
[21081.052957] MESSAGE_B= 5 5 5 88 0 19 192 0 248 179 0 298 312 403 524 302 319 386 516 145 128 193 240 143 126 227 236 0 11 15 1 5 6 253 247 217 250 2 2 2 2 0 0 0 0 0 19 249436 9590 9944 27002 50226 21330 19076 21346 31946 16786 24032 338306 172528 151918 413034 433684 352406 420358 407964 317264 2073600 2073600 7 11 261746 994560 993600 63074 67217 61002 70453 11 11 11 11 88 5 5 5 
[21081.336563] MESSAGE_B= 5 5 5 88 0 18 192 0 248 179 0 324 431 421 484 342 390 462 459 150 199 191 225 145 127 253 208 0 11 54 28 4 16 243 200 220 250 2 2 2 2 0 0 0 0 0 18 204086 17114 9944 27002 50226 21330 19076 21346 31946 16786 24032 338306 172528 151918 413034 433684 352406 420358 407964 317264 2073600 2073600 6 11 264396 990720 993600 60839 70951 59081 73525 11 11 11 11 89 5 5 5 
[21081.621803] MESSAGE_B= 5 5 5 91 0 17 192 0 248 179 0 401 454 432 442 400 415 452 432 236 330 177 193 218 215 197 188 0 11 82 14 16 16 243 235 192 251 2 2 2 2 0 0 0 0 0 17 175812 14674 9944 27002 50226 21330 19076 21346 31946 16786 24032 338306 172528 151918 413034 433684 352406 420358 407964 317264 2073600 2073600 6 11 254390 994560 993600 58503 67983 58027 69877 11 11 11 11 89 5 5 5 
[21081.909735] MESSAGE_B= 5 5 5 69 0 36 192 0 248 179 0 493 494 403 466 481 473 432 471 294 345 172 253 274 310 188 257 0 11 2 40 5 33 249 238 237 253 2 2 2 2 0 0 0 0 0 36 212744 22734 9944 27002 50226 21330 19076 21346 31946 16786 24032 338306 172528 151918 413034 433684 352406 420358 407964 317264 2073600 2073600 6 11 282377 990720 993600 72142 68447 71328 70460 11 11 11 11 107 5 5 5 
[21082.190854] MESSAGE_B= 0 5 5 66 0 67 192 0 248 179 0 499 527 430 585 518 491 443 574 262 336 169 346 253 325 163 343 0 11 2 11 15 17 252 251 249 254 2 2 2 2 0 0 0 0 0 67 141826 13308 9944 27002 50226 21330 19076 21346 31946 16786 24032 338306 172528 151918 413034 433684 352406 420358 407964 317264 2073600 2073600 3 11 302326 994560 993600 75243 75692 75151 76240 11 11 11 11 107 5 5 5 
[21082.469950] MESSAGE_B= 5 5 5 67 0 36 192 0 248 179 0 545 543 469 687 586 507 478 674 338 375 196 348 329 339 195 346 0 11 44 7 68 29 251 251 236 251 2 2 2 2 0 0 0 0 0 36 188440 23888 9944 27002 50226 21330 19076 21346 31946 16786 24032 338306 172528 151918 413034 433684 352406 420358 407964 317264 2073600 2073600 6 11 306097 990720 993600 78025 74613 76869 76590 11 11 11 11 103 5 5 5 
[21082.626962] MESSAGE_B= 0 5 5 66 0 42 192 0 248 179 0 569 440 481 739 591 431 479 714 323 304 198 332 337 282 199 317 0 11 39 61 48 64 251 247 244 253 2 2 0 2 0 0 0 0 0 42 172064 13896 9944 27002 50226 21330 19076 21346 31946 16786 24032 338306 172528 151918 413034 433684 352406 420358 407964 317264 2073600 2073600 3 11 268664 994560 993600 68377 65156 67773 67358 11 11 11 11 126 5 5 5 
[21082.903991] MESSAGE_B= 5 5 5 68 0 48 192 0 248 179 0 329 371 475 573 360 382 465 488 157 174 268 334 176 170 266 247 0 11 74 26 40 14 236 251 240 249 2 2 2 2 0 0 0 0 0 48 137192 18942 9944 27002 50226 21330 19076 21346 31946 16786 24032 338306 172528 151918 413034 433684 352406 420358 407964 317264 2073600 2073600 6 11 289829 990720 993600 75593 67301 74253 72682 11 11 11 11 135 5 5 5 
[21083.182399] MESSAGE_B= 0 5 5 85 0 12 192 0 248 179 0 402 391 461 378 418 401 452 352 153 154 168 125 151 131 179 120 0 11 7 98 7 88 227 238 244 231 2 2 2 2 0 0 0 0 0 12 143410 12480 18974 18534 17090 29052 30152 25214 16162 21218 21380 245776 203856 290824 356726 237992 408636 344912 147782 312604 2073600 2073600 3 11 268730 994560 993600 61551 71152 60996 75031 11 11 11 11 138 5 5 5 
[21083.458956] MESSAGE_B= 5 5 5 78 0 28 192 0 248 179 0 431 421 468 447 459 402 461 434 147 161 187 242 151 121 189 235 0 11 83 78 107 87 234 239 254 252 0 2 0 2 0 0 0 0 0 28 131050 34992 18974 18534 17090 29052 30152 25214 16162 21218 21380 245776 203856 290824 356726 237992 408636 344912 147782 312604 2073600 2073600 6 11 284526 990720 993600 67830 73504 66945 76247 11 11 11 11 139 5 5 5 
[21083.740960] MESSAGE_B= 5 5 5 79 0 18 192 0 248 179 0 396 446 417 442 397 433 433 383 248 152 156 195 200 155 158 153 0 11 69 39 67 97 244 250 247 189 2 2 2 0 0 0 0 0 0 18 116058 17716 18974 18534 17090 29052 30152 25214 16162 21218 21380 245776 203856 290824 356726 237992 408636 344912 147782 312604 2073600 2073600 6 11 291106 994560 993600 73428 72115 70899 74664 11 11 11 11 139 5 5 5 
[21084.019960] MESSAGE_B= 5 5 5 100 1 29 192 0 248 179 0 356 383 427 270 368 386 451 299 184 91 134 101 188 110 149 126 0 11 63 28 78 126 252 241 243 207 2 2 2 2 0 0 0 0 1 29 122642 22856 18974 18534 17090 29052 30152 25214 16162 21218 21380 245776 203856 290824 356726 237992 408636 344912 147782 312604 2073600 2073600 6 11 287087 990720 993600 70568 73673 68063 74783 11 11 11 11 137 5 5 5 
[21084.297958] MESSAGE_B= 0 5 5 115 1 29 192 0 248 179 0 306 440 522 307 305 416 531 318 172 150 126 165 100 149 122 168 0 11 35 106 56 109 229 246 238 251 2 2 2 2 0 0 0 0 1 29 102418 9580 18974 18534 17090 29052 30152 25214 16162 21218 21380 245776 203856 290824 356726 237992 408636 344912 147782 312604 2073600 2073600 3 11 280484 994560 993600 68187 71632 66503 74162 11 11 11 11 137 5 5 5 
[21084.453965] MESSAGE_B= 5 5 5 136 1 25 192 0 248 179 0 279 427 458 293 266 424 460 296 70 82 90 109 69 81 90 111 0 11 42 67 35 20 243 232 236 252 2 2 2 2 0 0 0 0 1 25 91454 14222 18974 18534 17090 29052 30152 25214 16162 21218 21380 245776 203856 290824 356726 237992 408636 344912 147782 312604 2073600 2073600 7 11 274942 990720 993600 65621 72332 63717 73272 11 11 11 11 137 5 5 5 
[21084.738953] MESSAGE_B= 5 5 5 126 1 29 192 0 248 179 0 248 480 570 290 245 469 593 299 37 135 168 51 37 123 218 48 0 11 49 4 77 9 251 246 237 240 2 2 2 2 0 0 0 0 1 29 108690 19180 18974 18534 17090 29052 30152 25214 16162 21218 21380 245776 203856 290824 356726 237992 408636 344912 147782 312604 2073600 2073600 6 11 313493 994560 993600 73048 83592 71663 85190 11 11 11 11 121 5 5 5 
[21085.018955] MESSAGE_B= 0 5 5 131 1 35 192 0 248 179 0 384 424 526 445 379 418 572 446 96 130 196 117 92 123 263 114 0 11 117 138 94 147 243 250 244 248 0 0 0 0 0 0 0 0 1 35 140154 8638 18974 18534 17090 29052 30152 25214 16162 21218 21380 245776 203856 290824 356726 237992 408636 344912 147782 312604 2073600 2073600 3 11 295638 990720 993600 69011 78953 68508 79166 11 11 11 11 114 5 5 5 
[21085.302959] MESSAGE_B= 5 5 5 112 0 58 192 0 248 179 0 480 437 544 485 481 452 590 533 273 101 316 163 278 128 395 259 0 11 5 18 6 22 227 214 248 235 0 0 0 0 0 0 0 0 0 58 119742 7888 18974 18534 17090 29052 30152 25214 16162 21218 21380 245776 203856 290824 356726 237992 408636 344912 147782 312604 2073600 2073600 7 11 285416 994560 993600 64765 76222 65986 78443 11 11 11 11 145 5 5 5 
[21085.578963] MESSAGE_B= 5 5 5 142 1 46 192 0 248 179 0 469 534 787 621 467 560 824 627 161 259 601 248 137 277 652 222 0 11 37 43 25 70 244 231 251 235 2 2 2 2 0 0 0 0 1 46 113652 26282 26408 30630 22774 15592 8098 17498 17388 8258 12006 206036 110638 169616 156806 96020 166496 78078 203766 177860 2073600 2073600 6 11 356742 990720 993600 85959 92540 85092 93151 11 11 11 11 145 5 5 5 
[21085.860030] MESSAGE_B= 0 5 5 136 1 46 192 0 248 179 0 459 448 483 579 475 449 502 576 204 234 346 313 212 236 391 351 0 11 166 206 186 200 245 252 255 243 2 0 2 0 0 0 0 0 1 46 139706 7960 26408 30630 22774 15592 8098 17498 17388 8258 12006 206036 110638 169616 156806 96020 166496 78078 203766 177860 2073600 2073600 3 11 368674 994560 993600 92321 91764 92685 91904 11 11 11 11 120 5 5 5 
[21086.136957] MESSAGE_B= 5 5 5 139 0 48 192 0 248 179 0 390 535 541 642 401 558 529 672 393 445 541 630 409 460 517 633 0 11 147 194 161 200 247 253 254 242 0 0 0 0 0 0 0 0 0 48 101984 12238 26408 30630 22774 15592 8098 17498 17388 8258 12006 206036 110638 169616 156806 96020 166496 78078 203766 177860 2073600 2073600 7 11 270056 990720 993600 67674 67097 68042 67243 11 11 11 11 146 5 5 5 
[21086.291971] MESSAGE_B= 5 5 5 134 1 51 192 0 248 179 0 514 851 844 761 494 871 832 827 377 545 502 523 334 552 484 612 0 11 86 122 97 110 239 254 252 240 0 0 0 0 0 0 0 0 1 51 59030 10230 26408 30630 22774 15592 8098 17498 17388 8258 12006 206036 110638 169616 156806 96020 166496 78078 203766 177860 2073600 2073600 7 11 292704 994560 993600 70669 75853 71140 75042 11 11 11 11 146 5 5 5 
[21086.571892] MESSAGE_B= 5 5 5 160 1 36 192 0 248 179 0 1085 874 867 894 1112 921 871 855 268 151 134 112 235 163 131 102 0 12 96 114 95 32 238 233 242 152 0 0 0 0 0 0 0 0 1 36 148336 8020 26408 30630 22774 15592 8098 17498 17388 8258 12006 206036 110638 169616 156806 96020 166496 78078 203766 177860 2073600 2073600 7 12 264923 990720 993600 77416 63096 76387 60504 12 11 12 11 146 5 5 5 
[21086.847960] MESSAGE_B= 5 7 5 252 1 13 192 0 248 179 0 0 0 0 0 0 0 0 0 0 0 0 0 0 0 0 0 1 12 0 0 0 0 0 0 0 0 1 1 1 1 1 1 1 1 1 13 208454 21026 26408 30630 22774 15592 8098 17498 17388 8258 12006 206036 110638 169616 156806 96020 166496 78078 203766 177860 2073600 2073600 6 12 512416 994560 993600 128104 128104 128104 128104 12 12 12 12 106 5 5 5 
[21087.126709] MESSAGE_B= 4 5 5 53 1 31 192 0 248 179 0 1344 1330 1289 1324 1380 1313 1285 1322 182 230 194 225 167 235 200 219 0 31 174 244 163 238 240 252 251 251 0 0 0 0 0 0 0 0 1 31 0 13494 26408 30630 22774 15592 8098 17498 17388 8258 12006 206036 110638 169616 156806 96020 166496 78078 203766 177860 2073600 2073600 4 16 219473 990720 993600 58121 50453 62209 48690 16 16 16 16 97 5 5 5 
[21087.402958] MESSAGE_B= 5 5 5 44 1 32 192 0 248 179 0 3040 3002 2927 2993 3109 2976 2916 2987 356 459 392 424 332 466 396 428 0 31 174 243 162 238 240 251 252 250 0 0 0 0 0 0 0 0 1 32 105856 28450 26408 30630 22774 15592 8098 17498 17388 8258 12006 206036 110638 169616 156806 96020 166496 78078 203766 177860 2073600 2073600 6 5 226317 994560 993600 56648 55301 58927 55441 5 5 5 5 97 5 5 5 
[21087.687304] MESSAGE_B= 5 5 5 44 1 32 192 0 248 179 0 3441 3386 3311 3386 3518 3367 3292 3372 373 516 429 446 347 508 436 465 0 31 170 244 161 239 237 252 252 251 0 0 0 0 0 0 0 0 1 32 146782 27522 26408 30630 22774 15592 8098 17498 17388 8258 12006 206036 110638 169616 156806 96020 166496 78078 203766 177860 2073600 2073600 6 5 233475 990720 993600 58456 56874 60723 57422 5 5 5 5 97 5 5 5 
[21087.983289] MESSAGE_B= 5 5 5 44 1 34 192 0 248 179 0 3438 3378 3310 3371 3509 3368 3289 3358 378 518 433 461 359 506 438 466 0 31 172 244 158 238 236 252 252 251 0 0 0 0 0 0 0 0 1 34 111168 30726 26990 7738 11656 8662 7996 18644 42902 42870 30042 253870 74972 132796 67074 240544 324028 77238 236324 245078 2073600 2073600 6 5 233781 994560 993600 58567 57079 60906 57229 5 5 5 5 26 5 5 5 
[21088.259956] MESSAGE_B= 5 5 5 44 1 34 192 0 248 179 0 3437 3370 3306 3356 3497 3373 3273 3349 377 528 435 462 378 501 442 468 0 31 169 242 162 237 234 252 252 250 0 0 0 0 0 0 0 0 1 34 153700 24320 26990 7738 11656 8662 7996 18644 42902 42870 30042 253870 74972 132796 67074 240544 324028 77238 236324 245078 2073600 2073600 6 5 231186 990720 993600 57747 56627 60113 56699 5 5 5 5 29 5 5 5 
[21088.539967] MESSAGE_B= 5 5 5 43 1 30 192 0 248 179 0 3440 3368 3299 3347 3488 3387 3251 3356 377 534 446 463 388 490 446 450 0 31 169 238 169 235 231 252 252 250 0 0 0 0 0 0 0 0 1 30 113912 32038 26990 7738 11656 8662 7996 18644 42902 42870 30042 253870 74972 132796 67074 240544 324028 77238 236324 245078 2073600 2073600 6 5 235430 994560 993600 58595 58309 60633 57893 5 5 5 5 33 5 5 5 
[21088.783994] MESSAGE_B= 5 5 5 43 1 35 192 0 248 179 0 3426 3372 3270 3347 3470 3396 3220 3367 398 525 456 446 414 478 460 436 0 31 178 236 181 234 235 252 251 247 0 0 0 0 0 0 0 0 1 35 159224 22672 26990 7738 11656 8662 7996 18644 42902 42870 30042 253870 74972 132796 67074 240544 324028 77238 236324 245078 2073600 2073600 6 5 234914 990720 993600 58084 58419 60114 58297 5 5 5 5 37 5 5 5 
[21089.068290] MESSAGE_B= 5 5 5 43 1 33 192 0 248 179 0 3401 3383 3225 3354 3445 3401 3181 3383 418 502 475 426 446 450 481 422 0 31 191 236 194 231 237 252 252 246 0 0 0 0 0 0 0 0 1 33 117340 32466 26990 7738 11656 8662 7996 18644 42902 42870 30042 253870 74972 132796 67074 240544 324028 77238 236324 245078 2073600 2073600 6 5 234725 994560 993600 58291 58556 60463 57415 5 5 5 5 45 5 5 5 
[21089.344960] MESSAGE_B= 5 5 5 45 1 39 192 0 248 179 0 3377 3433 3182 3368 3409 3458 3141 3390 453 450 496 422 487 401 520 429 0 31 196 232 205 231 240 251 252 248 0 0 0 0 0 0 0 0 1 39 156696 21026 26990 7738 11656 8662 7996 18644 42902 42870 30042 253870 74972 132796 67074 240544 324028 77238 236324 245078 2073600 2073600 6 5 238530 990720 993600 59185 59577 61147 58621 5 5 5 5 49 5 5 5 
[21089.622957] MESSAGE_B= 5 5 5 46 1 42 192 0 248 179 0 3332 3451 3124 3356 3361 3476 3094 3368 501 417 521 451 539 372 545 464 0 31 211 228 215 226 245 250 252 249 0 0 0 0 0 0 0 0 1 42 138614 37152 26990 7738 11656 8662 7996 18644 42902 42870 30042 253870 74972 132796 67074 240544 324028 77238 236324 245078 2073600 2073600 6 5 241397 994560 993600 59442 60601 61511 59843 5 5 5 5 58 5 5 5 
[21089.899155] MESSAGE_B= 5 5 5 47 0 41 192 0 248 179 0 3280 3464 3086 3328 3307 3469 3085 3322 558 397 530 501 598 366 540 521 0 31 218 228 214 238 249 249 252 252 0 0 0 0 0 0 0 0 0 41 167378 17358 26990 7738 11656 8662 7996 18644 42902 42870 30042 253870 74972 132796 67074 240544 324028 77238 236324 245078 2073600 2073600 6 5 246902 990720 993600 60612 62402 62295 61593 5 5 5 5 69 5 5 5 
[21090.179996] MESSAGE_B= 5 5 5 49 0 39 192 0 248 179 0 3229 3429 3065 3274 3247 3426 3076 3248 617 426 506 581 663 401 509 595 0 31 217 230 206 235 250 250 252 253 0 0 0 0 0 0 0 0 0 39 131836 40730 26990 7738 11656 8662 7996 18644 42902 42870 30042 253870 74972 132796 67074 240544 324028 77238 236324 245078 2073600 2073600 6 5 248091 994560 993600 61416 61752 63287 61636 5 5 5 5 85 5 5 5 
[21090.336294] MESSAGE_B= 5 5 5 53 1 43 192 0 248 179 0 3202 3418 3085 3216 3214 3403 3105 3198 650 431 531 638 697 425 529 634 0 31 213 230 199 234 252 250 253 254 0 0 0 0 0 0 0 0 1 43 193408 20344 34048 28696 32666 30512 37984 41016 21446 42134 36814 279262 126528 177828 276530 241348 291312 159924 241292 262104 2073600 2073600 6 5 254404 990720 993600 63116 63356 64699 63233 5 5 5 5 87 5 5 5 
[21090.620970] MESSAGE_B= 5 5 5 59 0 41 192 0 248 179 0 3527 3520 3278 3532 3580 3556 3301 3509 672 446 660 479 663 428 668 486 0 5 229 242 215 247 251 251 249 252 0 2 0 2 0 0 0 0 0 41 157770 34902 34048 28696 32666 30512 37984 41016 21446 42134 36814 279262 126528 177828 276530 241348 291312 159924 241292 262104 2073600 2073600 6 5 268044 994560 993600 65496 68025 66917 67606 5 5 5 5 92 5 5 5 
[21090.897959] MESSAGE_B= 0 5 5 63 1 29 192 0 248 179 0 3580 3544 3312 3570 3632 3554 3353 3536 683 413 635 486 630 391 615 499 0 5 216 242 207 245 250 253 253 251 2 2 2 2 0 0 0 0 1 29 162624 14088 34048 28696 32666 30512 37984 41016 21446 42134 36814 279262 126528 177828 276530 241348 291312 159924 241292 262104 2073600 2073600 3 5 279265 990720 993600 67320 72198 68487 71260 5 5 5 5 92 5 5 5 
[21091.177202] MESSAGE_B= 5 5 5 65 0 44 192 0 248 179 0 3707 3566 3373 3550 3737 3620 3387 3542 492 604 565 619 504 530 592 566 0 5 217 241 217 238 250 253 252 255 2 2 2 2 0 0 0 0 0 44 126650 24908 34048 28696 32666 30512 37984 41016 21446 42134 36814 279262 126528 177828 276530 241348 291312 159924 241292 262104 2073600 2073600 6 5 285000 994560 993600 67550 75032 68387 74031 5 5 5 5 92 5 5 5 
[21091.454952] MESSAGE_B= 5 5 5 67 0 30 192 0 248 179 0 3761 3618 3471 3652 3811 3636 3495 3600 469 450 509 473 468 420 493 498 0 5 183 245 174 244 250 252 254 254 2 0 2 0 0 0 0 0 0 30 169624 17290 34048 28696 32666 30512 37984 41016 21446 42134 36814 279262 126528 177828 276530 241348 291312 159924 241292 262104 2073600 2073600 6 5 300612 990720 993600 71449 78873 71806 78484 5 5 5 5 89 5 5 5 
[21091.735960] MESSAGE_B= 5 5 5 63 0 43 192 0 248 179 0 3874 3654 3576 3668 3900 3697 3543 3655 255 440 437 467 236 404 422 458 0 5 208 243 191 244 247 253 254 253 2 0 2 0 0 0 0 0 0 43 157942 20510 34048 28696 32666 30512 37984 41016 21446 42134 36814 279262 126528 177828 276530 241348 291312 159924 241292 262104 2073600 2073600 6 5 310124 994560 993600 73451 81252 74126 81295 5 5 5 5 83 5 5 5 
[21092.012973] MESSAGE_B= 5 5 5 63 0 44 192 0 248 179 0 3887 3663 3550 3670 3912 3715 3528 3643 230 410 377 514 222 384 388 458 0 5 186 234 168 236 253 244 253 251 2 0 2 0 0 0 0 0 0 44 269954 17960 34048 28696 32666 30512 37984 41016 21446 42134 36814 279262 126528 177828 276530 241348 291312 159924 241292 262104 2073600 2073600 6 5 305736 990720 993600 71687 81124 71149 81776 5 5 5 5 88 5 5 5 
[21092.299967] MESSAGE_B= 5 5 5 65 0 50 192 0 248 179 0 3826 3610 3522 3561 3856 3724 3490 3608 305 494 401 684 289 335 422 465 0 5 180 235 183 215 253 250 251 252 2 2 2 2 0 0 0 0 0 50 260438 16224 34048 28696 32666 30512 37984 41016 21446 42134 36814 279262 126528 177828 276530 241348 291312 159924 241292 262104 2073600 2073600 6 5 295892 994560 993600 69463 78355 69545 78529 5 5 5 5 107 5 5 5 
[21092.456637] MESSAGE_B= 5 5 5 65 0 44 192 0 248 179 0 3791 3613 3466 3650 3835 3667 3499 3605 341 429 458 422 314 383 445 461 0 5 200 234 201 225 252 248 250 252 2 2 2 2 0 0 0 0 0 44 324546 21924 34048 28696 32666 30512 37984 41016 21446 42134 36814 279262 126528 177828 276530 241348 291312 159924 241292 262104 2073600 2073600 6 5 289329 990720 993600 68488 76109 68839 75893 5 5 5 5 118 5 5 5 
[21092.733967] MESSAGE_B= 5 5 5 64 0 47 192 0 248 179 0 3643 3559 3311 3608 3684 3589 3359 3596 542 441 614 408 521 429 589 388 0 5 218 211 207 215 248 250 249 250 2 0 2 0 0 0 0 0 0 47 255774 25654 22392 17408 20660 33960 29180 29274 17970 24300 33148 386906 170998 212870 185934 269674 439898 154210 593260 514186 2073600 2073600 6 5 266871 994560 993600 63543 70695 63846 68787 5 5 5 5 128 5 5 5 
[21093.012960] MESSAGE_B= 5 5 5 58 0 55 192 0 248 179 0 3394 3227 3160 3334 3411 3242 3186 3348 570 616 549 610 594 647 524 604 0 31 215 206 213 207 251 254 250 251 0 0 0 0 0 0 0 0 0 55 166808 20940 22392 17408 20660 33960 29180 29274 17970 24300 33148 386906 170998 212870 185934 269674 439898 154210 593260 514186 2073600 2073600 6 5 240600 990720 993600 57726 63311 58103 61460 5 5 5 5 128 5 5 5 
[21093.289989] MESSAGE_B= 5 5 5 58 1 41 192 0 248 179 0 3508 3372 3248 3397 3503 3427 3233 3456 410 513 456 470 421 449 500 424 0 31 177 213 213 192 235 246 238 247 0 0 0 0 0 0 0 0 1 41 152494 36892 22392 17408 20660 33960 29180 29274 17970 24300 33148 386906 170998 212870 185934 269674 439898 154210 593260 514186 2073600 2073600 6 5 219326 994560 993600 51562 58742 51616 57406 5 5 5 5 114 5 5 5 
[21093.569950] MESSAGE_B= 5 5 5 56 1 42 192 0 248 179 0 3543 3439 3208 3470 3561 3455 3308 3497 429 431 468 403 411 437 428 370 0 31 161 176 178 144 250 252 224 243 0 0 0 0 0 0 0 0 1 42 173876 28690 22392 17408 20660 33960 29180 29274 17970 24300 33148 386906 170998 212870 185934 269674 439898 154210 593260 514186 2073600 2073600 6 5 208962 990720 993600 50857 58366 51058 48681 5 5 5 5 99 5 5 5 
