[ 3273.561109] MESSAGE_B= 4 0 0 250 1 4 192 0 248 179 0 0 0 0 0 0 0 0 0 0 0 0 0 0 0 0 0 1 12 0 0 0 0 0 0 0 0 1 1 0 0 1 0 0 1 1 4 0 0 61238 39766 6242 2 2 2 59698 73338 2 6020 26050 17266 2 2 2 41930 37460 2 2073600 2073600 4 12 505294 994560 993600 128104 128104 124250 124836 12 12 12 12 7 0 0 0 
[ 3273.830951] MESSAGE_B= 4 0 0 250 1 16 192 0 248 179 0 0 608 0 2043 1943 0 445 0 0 0 0 0 0 0 0 0 1 12 0 0 0 0 0 0 0 0 0 0 0 0 0 0 0 0 1 16 4418 67298 61238 39766 6242 2 2 2 59698 73338 2 6020 26050 17266 2 2 2 41930 37460 2 2073600 2073600 5 12 492399 990720 993600 121597 121716 124250 124836 12 12 12 12 13 0 0 0 
[ 3274.106443] MESSAGE_B= 0 0 0 155 1 17 192 0 248 179 0 0 606 0 2024 1969 0 452 0 0 0 0 0 0 0 0 0 1 12 0 0 0 0 0 0 0 0 0 0 0 0 0 0 0 0 1 17 463674 0 61238 39766 6242 2 2 2 59698 73338 2 6020 26050 17266 2 2 2 41930 37460 2 2073600 2073600 3 12 492517 994560 993600 121638 121793 124250 124836 12 12 12 12 14 0 0 0 
[ 3274.385945] MESSAGE_B= 5 0 0 159 1 9 192 0 248 179 0 0 604 0 2016 1962 0 444 0 0 0 0 0 0 0 0 0 1 12 6 0 0 0 0 0 0 0 0 0 0 0 0 0 0 0 1 9 589218 474136 61238 39766 6242 2 2 2 59698 73338 2 6020 26050 17266 2 2 2 41930 37460 2 2073600 2073600 6 12 492565 990720 993600 121652 121827 124250 124836 12 12 12 12 14 0 0 0 
[ 3274.658065] MESSAGE_B= 0 0 0 142 1 9 192 0 248 179 0 0 605 0 2026 1966 0 449 0 0 0 0 0 0 0 0 0 1 12 0 0 0 0 0 0 0 0 0 0 0 0 0 0 0 0 1 9 419184 620078 61238 39766 6242 2 2 2 59698 73338 2 6020 26050 17266 2 2 2 41930 37460 2 2073600 2073600 3 12 492508 994560 993600 121638 121784 124250 124836 12 12 12 12 13 0 0 0 
[ 3274.905949] MESSAGE_B= 0 0 0 143 1 2 192 0 248 179 0 0 620 0 2062 1946 24 438 629 0 0 0 0 0 0 0 0 1 12 0 0 0 0 0 0 0 0 0 0 0 0 0 0 0 0 1 2 574492 472980 61238 39766 6242 2 2 2 59698 73338 2 6020 26050 17266 2 2 2 41930 37460 2 2073600 2073600 3 12 488385 990720 993600 120788 121792 120969 124836 12 12 12 12 18 0 0 0 
[ 3275.177953] MESSAGE_B= 0 0 0 135 1 0 192 0 248 179 0 0 390 0 1243 1892 104 428 401 0 0 0 0 0 0 0 0 1 12 0 0 0 0 0 1 0 0 0 0 0 0 0 0 0 0 1 0 496474 622084 61238 39766 6242 2 2 2 59698 73338 2 6020 26050 17266 2 2 2 41930 37460 2 2073600 2073600 2 12 483033 994560 993600 118456 121144 119808 123625 12 12 12 12 19 0 0 0 
[ 3275.451946] MESSAGE_B= 0 0 0 122 1 0 192 0 248 179 0 0 608 0 2061 2120 32 458 793 0 0 0 0 0 0 0 0 1 12 0 0 0 0 0 18 0 0 0 0 0 0 0 0 0 0 1 0 429356 467448 61238 39766 6242 2 2 2 59698 73338 2 6020 26050 17266 2 2 2 41930 37460 2 2073600 2073600 2 12 474962 990720 993600 115834 121108 119168 118852 12 12 12 12 33 0 0 0 
[ 3275.725993] MESSAGE_B= 0 0 0 132 2 0 192 0 248 179 0 0 599 0 2160 2224 0 442 0 0 0 0 0 0 0 0 0 1 12 0 0 0 0 0 50 2 0 0 0 0 0 0 0 0 0 2 0 500026 582234 137078 35162 56642 135610 112732 163394 234628 292282 207812 701736 20586 23414 1048900 12796 9936 1068722 532818 54938 2073600 2073600 2 12 462427 994560 993600 111661 118297 111530 120939 12 12 12 12 50 0 0 0 
[ 3275.882981] MESSAGE_B= 0 0 0 116 1 1 192 0 248 179 0 2479 2553 2204 2580 0 0 0 0 548 450 371 476 0 0 0 0 0 12 226 221 0 0 0 84 26 0 2 2 1 1 1 2 2 1 1 1 599762 470198 137078 35162 56642 135610 112732 163394 234628 292282 207812 701736 20586 23414 1048900 12796 9936 1068722 532818 54938 2073600 2073600 1 12 444144 990720 993600 115031 102528 107267 119318 12 12 12 12 61 0 0 0 
[ 3276.164967] MESSAGE_B= 0 0 0 119 3 0 192 0 248 179 0 2113 1672 2119 1038 0 1321 0 756 888 755 701 132 0 57 0 70 0 12 246 191 0 14 0 191 71 0 2 2 1 2 1 2 2 1 3 0 486928 544092 137078 35162 56642 135610 112732 163394 234628 292282 207812 701736 20586 23414 1048900 12796 9936 1068722 532818 54938 2073600 2073600 2 12 395797 994560 993600 114761 74809 114492 91735 12 12 12 12 71 0 0 0 
[ 3276.444052] MESSAGE_B= 0 0 0 113 1 1 192 0 248 179 0 1808 1530 1846 1022 0 2043 0 746 959 745 740 125 0 248 0 56 0 12 251 183 0 138 0 200 21 0 2 2 1 2 1 2 2 1 1 1 469540 465118 137078 35162 56642 135610 112732 163394 234628 292282 207812 701736 20586 23414 1048900 12796 9936 1068722 532818 54938 2073600 2073600 1 12 397657 990720 993600 114507 74781 115256 93113 12 12 12 12 82 0 0 0 
[ 3276.722949] MESSAGE_B= 0 7 0 123 2 0 192 0 248 179 0 2474 2341 2282 2579 0 0 0 0 554 411 399 482 0 0 0 0 1 12 231 196 0 0 0 9 90 0 2 2 1 1 1 2 2 1 2 0 474298 599578 137078 35162 56642 135610 112732 163394 234628 292282 207812 701736 20586 23414 1048900 12796 9936 1068722 532818 54938 2073600 2073600 2 12 439836 994560 993600 107037 107893 106610 118296 12 12 12 12 84 0 0 0 
[ 3276.998951] MESSAGE_B= 0 7 0 121 1 0 192 0 248 179 0 2496 2217 2414 2586 0 0 0 0 549 353 487 479 0 0 0 0 1 12 244 193 0 0 0 116 80 0 2 2 1 1 1 2 2 1 1 0 501000 479706 137078 35162 56642 135610 112732 163394 234628 292282 207812 701736 20586 23414 1048900 12796 9936 1068722 532818 54938 2073600 2073600 2 12 444860 990720 993600 107578 112224 115066 109992 12 12 12 12 84 0 0 0 
[ 3277.277955] MESSAGE_B= 0 0 0 116 1 0 192 0 248 179 0 1218 2089 1824 1935 837 2209 1778 1802 814 614 368 803 44 928 171 289 0 12 216 244 19 219 0 2 11 22 2 0 2 2 2 2 2 2 1 0 480722 541624 137078 35162 56642 135610 112732 163394 234628 292282 207812 701736 20586 23414 1048900 12796 9936 1068722 532818 54938 2073600 2073600 2 12 442896 994560 993600 116210 102640 118542 105504 12 12 12 12 66 0 0 0 
[ 3277.555957] MESSAGE_B= 0 0 0 114 1 0 192 0 248 179 0 2481 2464 2308 2582 0 3374 0 2622 551 429 404 476 0 476 0 69 0 12 229 222 0 55 0 13 57 35 2 2 1 2 1 2 2 2 1 0 412130 464352 137078 35162 56642 135610 112732 163394 234628 292282 207812 701736 20586 23414 1048900 12796 9936 1068722 532818 54938 2073600 2073600 2 12 445234 990720 993600 114305 104575 119067 107287 12 12 12 12 66 0 0 0 
[ 3277.834945] MESSAGE_B= 0 0 0 114 1 0 192 0 248 179 0 0 608 0 2283 2213 0 436 0 0 0 0 0 0 0 0 0 1 12 0 0 0 0 0 19 76 0 0 0 0 0 0 0 0 0 1 0 422030 551388 137078 35162 56642 135610 112732 163394 234628 292282 207812 701736 20586 23414 1048900 12796 9936 1068722 532818 54938 2073600 2073600 2 12 451361 994560 993600 112346 110511 117280 111224 12 12 12 12 59 0 0 0 
[ 3278.111950] MESSAGE_B= 0 0 0 117 1 1 192 0 248 179 0 0 607 0 2122 2332 0 456 0 0 0 0 0 0 0 0 0 1 12 0 0 0 0 0 14 51 0 0 0 0 0 0 0 0 0 1 1 475252 468572 111590 142840 43480 370556 277720 292584 253168 171446 148914 908396 138776 14646 883120 124678 159120 668672 326336 394082 2073600 2073600 1 12 457080 990720 993600 112314 113071 117265 114430 12 12 12 12 46 0 0 0 
[ 3278.265969] MESSAGE_B= 0 0 0 119 1 0 192 0 248 179 0 0 596 0 2069 2300 0 446 0 0 0 0 0 0 0 0 0 1 12 0 0 0 0 0 9 39 0 0 0 0 0 0 0 0 0 1 0 468044 545426 111590 142840 43480 370556 277720 292584 253168 171446 148914 908396 138776 14646 883120 124678 159120 668672 326336 394082 2073600 2073600 2 12 458220 994560 993600 112334 113524 117323 115039 12 12 12 12 43 0 0 0 
[ 3278.539958] MESSAGE_B= 0 0 0 120 1 0 192 0 248 179 0 0 610 0 2118 2288 0 447 0 0 0 0 0 0 0 0 0 1 12 0 0 0 0 0 20 45 0 0 0 0 0 0 0 0 0 1 0 522276 466522 111590 142840 43480 370556 277720 292584 253168 171446 148914 908396 138776 14646 883120 124678 159120 668672 326336 394082 2073600 2073600 2 12 451292 990720 993600 110079 112041 115238 113934 12 12 12 12 14 0 0 0 
[ 3278.826996] MESSAGE_B= 0 0 0 121 1 0 192 0 248 179 0 0 602 0 2030 2131 0 439 0 0 0 0 0 0 0 0 0 1 12 0 0 0 0 0 21 41 0 0 0 0 0 0 0 0 0 1 0 481516 554902 111590 142840 43480 370556 277720 292584 253168 171446 148914 908396 138776 14646 883120 124678 159120 668672 326336 394082 2073600 2073600 2 12 452124 994560 993600 111249 112424 114925 113526 12 12 12 12 20 0 0 0 
[ 3279.107799] MESSAGE_B= 0 0 0 121 1 0 192 0 248 179 0 0 612 0 2035 1983 0 454 0 0 0 0 0 0 0 0 0 1 12 0 0 0 0 0 26 24 0 0 0 0 0 0 0 0 0 1 0 538876 450912 111590 142840 43480 370556 277720 292584 253168 171446 148914 908396 138776 14646 883120 124678 159120 668672 326336 394082 2073600 2073600 2 12 460644 990720 993600 113271 113630 116524 117219 12 12 12 12 20 0 0 0 
[ 3279.382949] MESSAGE_B= 0 0 0 120 1 0 192 0 248 179 0 0 615 0 2024 1967 0 460 0 0 0 0 0 0 0 0 0 1 12 0 0 0 0 0 27 24 0 0 0 0 0 0 0 0 0 1 0 457572 545742 111590 142840 43480 370556 277720 292584 253168 171446 148914 908396 138776 14646 883120 124678 159120 668672 326336 394082 2073600 2073600 2 12 460685 994560 993600 113376 113671 116493 117145 12 12 12 12 17 0 0 0 
[ 3279.659957] MESSAGE_B= 0 0 0 121 1 0 192 0 248 179 0 0 624 0 2064 1966 0 454 0 0 0 0 0 0 0 0 0 1 12 0 0 0 0 0 26 25 0 0 0 0 0 0 0 0 0 1 0 534100 436394 111590 142840 43480 370556 277720 292584 253168 171446 148914 908396 138776 14646 883120 124678 159120 668672 326336 394082 2073600 2073600 2 12 460724 990720 993600 113351 113680 116472 117221 12 12 12 12 14 0 0 0 
[ 3279.914951] MESSAGE_B= 0 0 0 121 1 0 192 0 248 179 0 0 604 0 2016 1934 0 443 0 0 0 0 0 0 0 0 0 1 12 0 0 0 0 0 26 24 0 0 0 0 0 0 0 0 0 1 0 461064 555498 111590 142840 43480 370556 277720 292584 253168 171446 148914 908396 138776 14646 883120 124678 159120 668672 326336 394082 2073600 2073600 2 12 460863 994560 993600 113502 113746 116473 117142 12 12 12 12 13 0 0 0 
[ 3280.188964] MESSAGE_B= 0 0 0 121 1 0 192 0 248 179 0 0 613 0 2020 1922 0 440 0 0 0 0 0 0 0 0 0 1 12 0 0 0 0 0 26 24 0 0 0 0 0 0 0 0 0 1 0 514294 434598 111590 142840 43480 370556 277720 292584 253168 171446 148914 908396 138776 14646 883120 124678 159120 668672 326336 394082 2073600 2073600 2 12 460872 990720 993600 113457 113774 116462 117179 12 12 12 12 12 0 0 0 
[ 3280.464949] MESSAGE_B= 0 0 0 123 1 0 192 0 248 179 0 0 613 0 2010 1917 0 446 0 0 0 0 0 0 0 0 0 1 12 0 0 0 0 0 27 24 0 0 0 0 0 0 0 0 0 1 0 471026 552770 145410 97804 31316 126102 128796 203088 218172 161224 147428 759560 51174 9774 990712 30578 34912 820050 408420 238592 2073600 2073600 2 12 460690 994560 993600 113363 113640 116533 117154 12 12 12 12 12 0 0 0 
[ 3280.738960] MESSAGE_B= 0 0 0 124 1 0 192 0 248 179 0 0 616 0 2004 1971 0 459 0 0 0 0 0 0 0 0 0 1 12 0 0 0 0 0 26 24 0 0 0 0 0 0 0 0 0 1 0 523538 438330 145410 97804 31316 126102 128796 203088 218172 161224 147428 759560 51174 9774 990712 30578 34912 820050 408420 238592 2073600 2073600 2 12 460845 990720 993600 113418 113820 116460 117147 12 12 12 12 12 0 0 0 
[ 3281.013952] MESSAGE_B= 0 0 0 125 1 0 192 0 248 179 0 0 605 0 1975 1953 0 445 0 0 0 0 0 0 0 0 0 1 12 0 0 0 0 0 26 24 0 0 0 0 0 0 0 0 0 1 0 438016 554828 145410 97804 31316 126102 128796 203088 218172 161224 147428 759560 51174 9774 990712 30578 34912 820050 408420 238592 2073600 2073600 2 12 460604 994560 993600 113250 113648 116495 117211 12 12 12 12 12 0 0 0 
[ 3281.289948] MESSAGE_B= 0 0 0 121 1 0 192 0 248 179 0 0 625 0 2054 1935 0 441 0 0 0 0 0 0 0 0 0 1 12 0 0 0 0 0 26 24 0 0 0 0 0 0 0 0 0 1 0 520538 432424 145410 97804 31316 126102 128796 203088 218172 161224 147428 759560 51174 9774 990712 30578 34912 820050 408420 238592 2073600 2073600 2 12 460762 990720 993600 113407 113751 116462 117142 12 12 12 12 12 0 0 0 
[ 3281.564953] MESSAGE_B= 0 0 0 120 1 0 192 0 248 179 0 0 632 0 2078 1930 0 439 0 0 0 0 0 0 0 0 0 1 12 0 0 0 0 0 5 23 0 0 0 0 0 0 0 0 0 1 0 472390 552996 145410 97804 31316 126102 128796 203088 218172 161224 147428 759560 51174 9774 990712 30578 34912 820050 408420 238592 2073600 2073600 2 12 469628 994560 993600 116953 114528 117346 120801 12 12 12 12 32 0 0 0 
[ 3281.720959] MESSAGE_B= 0 0 0 124 1 2 192 0 248 179 0 0 606 0 1981 1948 0 444 0 0 0 0 0 0 0 0 0 1 12 0 0 0 0 0 0 0 0 0 0 0 0 0 0 0 0 1 2 491804 431636 145410 97804 31316 126102 128796 203088 218172 161224 147428 759560 51174 9774 990712 30578 34912 820050 408420 238592 2073600 2073600 3 12 492697 990720 993600 121681 121930 124250 124836 12 12 12 12 32 0 0 0 
[ 3282.001950] MESSAGE_B= 0 0 0 124 1 4 192 0 248 179 0 0 603 0 2005 1954 0 445 0 0 0 0 0 0 0 0 0 1 12 0 0 0 0 0 0 0 0 0 0 0 0 0 0 0 0 1 4 430986 586374 145410 97804 31316 126102 128796 203088 218172 161224 147428 759560 51174 9774 990712 30578 34912 820050 408420 238592 2073600 2073600 3 12 492625 994560 993600 121694 121845 124250 124836 12 12 12 12 32 0 0 0 
[ 3282.277002] MESSAGE_B= 0 0 0 72 1 1 192 0 248 179 0 0 590 0 1953 1911 0 430 0 0 0 0 0 0 0 0 0 1 12 0 0 0 0 0 0 0 0 0 0 0 0 0 0 0 0 1 1 494208 471456 145410 97804 31316 126102 128796 203088 218172 161224 147428 759560 51174 9774 990712 30578 34912 820050 408420 238592 2073600 2073600 1 12 491199 990720 993600 121813 121443 123728 124215 12 12 12 12 36 0 0 0 
[ 3282.554953] MESSAGE_B= 0 0 0 76 1 2 192 0 248 179 0 0 601 0 1965 1834 0 418 0 0 0 0 0 0 0 0 0 1 12 0 0 0 0 0 24 17 0 0 0 0 0 0 0 0 0 1 2 26214 153114 145410 97804 31316 126102 128796 203088 218172 161224 147428 759560 51174 9774 990712 30578 34912 820050 408420 238592 2073600 2073600 1 12 474156 994560 993600 120377 119425 116589 117765 12 12 12 12 92 0 0 0 
[ 3282.837580] MESSAGE_B= 0 0 0 77 1 2 192 0 248 179 0 0 604 0 2008 1871 0 424 0 0 0 0 0 0 0 0 0 1 12 0 0 0 0 0 0 21 0 0 0 0 0 0 0 0 0 1 2 24638 70442 61966 124452 16880 101788 129372 200100 205182 298160 86742 18618 83998 19242 977430 34994 27220 813466 565990 38160 2073600 2073600 1 12 476546 990720 993600 121373 120081 117457 117635 12 12 12 12 92 0 0 0 
[ 3283.110950] MESSAGE_B= 0 0 0 77 1 2 192 0 248 179 0 0 602 0 2029 1928 0 443 0 0 0 0 0 0 0 0 0 1 12 0 0 0 0 0 5 18 0 0 0 0 0 0 0 0 0 1 2 42846 74422 61966 124452 16880 101788 129372 200100 205182 298160 86742 18618 83998 19242 977430 34994 27220 813466 565990 38160 2073600 2073600 1 12 474833 994560 993600 119860 120053 119041 115879 12 12 12 12 82 0 0 0 
[ 3283.387953] MESSAGE_B= 0 0 0 78 1 3 192 0 248 179 0 0 589 0 1987 1914 0 442 0 0 0 0 0 0 0 0 0 1 12 0 0 0 0 0 2 11 0 0 0 0 0 0 0 0 0 1 3 64634 73246 61966 124452 16880 101788 129372 200100 205182 298160 86742 18618 83998 19242 977430 34994 27220 813466 565990 38160 2073600 2073600 3 12 475057 990720 993600 119491 120213 118692 116661 12 12 12 12 84 0 0 0 
[ 3283.662963] MESSAGE_B= 0 0 0 76 2 1 192 0 248 179 0 0 590 0 1980 1926 0 439 0 0 0 0 0 0 0 0 0 1 12 0 0 0 0 0 0 5 0 0 0 0 0 0 0 0 0 2 1 14590 90586 61966 124452 16880 101788 129372 200100 205182 298160 86742 18618 83998 19242 977430 34994 27220 813466 565990 38160 2073600 2073600 2 12 480545 994560 993600 118517 120219 121771 120038 12 12 12 12 92 0 0 0 
[ 3283.936953] MESSAGE_B= 0 0 0 76 2 1 192 0 248 179 0 0 609 0 1977 2028 0 434 0 0 0 0 0 0 0 0 0 1 12 0 0 0 0 0 3 19 0 0 0 0 0 0 0 0 0 2 1 62038 87764 61966 124452 16880 101788 129372 200100 205182 298160 86742 18618 83998 19242 977430 34994 27220 813466 565990 38160 2073600 2073600 2 12 480787 990720 993600 115715 118807 122792 123473 12 12 12 12 94 0 0 0 
[ 3284.092955] MESSAGE_B= 0 0 0 76 2 3 192 0 248 179 0 0 620 0 2045 2115 0 442 0 0 0 0 0 0 0 0 0 1 12 0 0 0 0 0 11 5 0 0 0 0 0 0 0 0 0 2 3 25224 112792 61966 124452 16880 101788 129372 200100 205182 298160 86742 18618 83998 19242 977430 34994 27220 813466 565990 38160 2073600 2073600 1 12 480059 994560 993600 114658 119156 122921 123324 12 12 12 12 94 0 0 0 
[ 3284.375446] MESSAGE_B= 0 0 0 77 2 1 192 0 248 179 0 0 596 0 1984 2041 0 426 0 0 0 0 0 0 0 0 0 1 12 0 0 0 0 0 11 17 0 0 0 0 0 0 0 0 0 2 1 34532 86032 61966 124452 16880 101788 129372 200100 205182 298160 86742 18618 83998 19242 977430 34994 27220 813466 565990 38160 2073600 2073600 2 12 476186 990720 993600 112827 116479 123592 123288 12 12 12 12 94 0 0 0 
[ 3284.648967] MESSAGE_B= 0 0 0 78 2 1 192 0 248 179 0 0 520 0 1762 2143 0 446 0 0 0 0 0 0 0 0 0 1 12 0 0 0 0 0 33 18 0 0 0 0 0 0 0 0 0 2 1 63412 142598 61966 124452 16880 101788 129372 200100 205182 298160 86742 18618 83998 19242 977430 34994 27220 813466 565990 38160 2073600 2073600 2 12 476042 994560 993600 111611 117392 124363 122676 12 12 12 12 101 0 0 0 
[ 3284.928990] MESSAGE_B= 0 0 0 78 2 1 192 0 248 179 0 0 600 0 2101 2139 0 440 0 0 0 0 0 0 0 0 0 1 12 0 0 0 0 0 15 5 0 0 0 0 0 0 0 0 0 2 1 46710 161556 61966 124452 16880 101788 129372 200100 205182 298160 86742 18618 83998 19242 977430 34994 27220 813466 565990 38160 2073600 2073600 2 12 468981 990720 993600 111399 111258 124565 121759 12 12 12 12 122 0 0 0 
[ 3285.209959] MESSAGE_B= 0 0 0 78 3 2 192 0 248 179 0 0 592 0 2162 2200 0 432 0 0 0 0 0 0 0 0 0 1 12 0 0 0 0 0 26 18 0 0 0 0 0 0 0 0 0 3 2 50624 138396 237066 147586 64054 59828 81294 174132 339960 333564 250884 27308 35566 19008 30860 15518 117740 163154 289382 46584 2073600 2073600 2 12 471420 994560 993600 114309 112471 124543 120097 12 12 12 12 122 0 0 0 
[ 3285.490557] MESSAGE_B= 0 0 0 78 2 2 192 0 248 179 0 0 601 0 2424 2065 0 434 0 0 0 0 0 0 0 0 0 1 12 0 0 0 0 0 5 22 0 0 0 0 0 0 0 0 0 2 2 86744 192540 237066 147586 64054 59828 81294 174132 339960 333564 250884 27308 35566 19008 30860 15518 117740 163154 289382 46584 2073600 2073600 1 12 475345 990720 993600 118769 112426 124532 119618 12 12 12 12 111 0 0 0 
[ 3285.764960] MESSAGE_B= 0 0 0 78 2 3 192 0 248 179 0 0 595 0 2117 1774 0 409 0 0 0 0 0 0 0 0 0 1 12 0 0 0 0 0 7 17 0 0 0 0 0 0 0 0 0 2 3 128896 129750 237066 147586 64054 59828 81294 174132 339960 333564 250884 27308 35566 19008 30860 15518 117740 163154 289382 46584 2073600 2073600 3 12 475580 994560 993600 121425 109798 122339 122018 12 12 12 12 115 0 0 0 
[ 3286.038957] MESSAGE_B= 0 0 0 78 2 3 192 0 248 179 0 0 598 0 1983 1905 0 433 0 0 0 0 0 0 0 0 0 1 12 0 0 0 0 0 5 4 0 0 0 0 0 0 0 0 0 2 3 43862 140732 237066 147586 64054 59828 81294 174132 339960 333564 250884 27308 35566 19008 30860 15518 117740 163154 289382 46584 2073600 2073600 1 12 478798 990720 993600 121473 114575 119996 122754 12 12 12 12 115 0 0 0 
[ 3286.314961] MESSAGE_B= 0 0 0 79 2 1 192 0 248 179 0 0 605 0 2034 1891 0 435 0 0 0 0 0 0 0 0 0 1 12 0 0 0 0 0 3 22 0 0 0 0 0 0 0 0 0 2 1 117500 122234 237066 147586 64054 59828 81294 174132 339960 333564 250884 27308 35566 19008 30860 15518 117740 163154 289382 46584 2073600 2073600 2 12 482593 994560 993600 120887 117381 122209 122116 12 12 12 12 103 0 0 0 
[ 3286.588956] MESSAGE_B= 0 0 0 79 2 2 192 0 248 179 0 0 594 0 1985 1944 407 440 312 0 0 0 0 0 0 0 0 1 12 0 0 6 0 0 7 11 0 0 0 0 0 0 0 0 0 2 2 29420 84558 237066 147586 64054 59828 81294 174132 339960 333564 250884 27308 35566 19008 30860 15518 117740 163154 289382 46584 2073600 2073600 1 12 477648 990720 993600 119778 115649 118185 124036 12 12 12 12 103 0 0 0 
[ 3286.863961] MESSAGE_B= 0 0 0 79 2 1 192 0 248 179 0 0 612 0 2042 1938 0 445 0 0 0 0 0 0 0 0 0 1 12 0 0 0 0 0 12 24 0 0 0 0 0 0 0 0 0 2 1 66128 124854 237066 147586 64054 59828 81294 174132 339960 333564 250884 27308 35566 19008 30860 15518 117740 163154 289382 46584 2073600 2073600 2 12 477244 994560 993600 118302 118991 115830 124121 12 12 12 12 114 0 0 0 
[ 3287.141679] MESSAGE_B= 0 0 0 79 2 1 192 0 248 179 0 0 599 0 1968 1955 0 438 0 0 0 0 0 0 0 0 0 1 12 0 0 0 0 0 17 18 0 0 0 0 0 0 0 0 0 2 1 85072 82900 237066 147586 64054 59828 81294 174132 339960 333564 250884 27308 35566 19008 30860 15518 117740 163154 289382 46584 2073600 2073600 2 12 474160 990720 993600 116032 121798 118415 117915 12 12 12 12 115 0 0 0 
[ 3287.417949] MESSAGE_B= 0 0 0 80 1 1 192 0 248 179 0 0 610 0 2042 1904 0 433 0 0 0 0 0 0 0 0 0 1 12 0 0 0 0 0 13 5 0 0 0 0 0 0 0 0 0 1 1 54452 87900 237066 147586 64054 59828 81294 174132 339960 333564 250884 27308 35566 19008 30860 15518 117740 163154 289382 46584 2073600 2073600 1 12 473316 994560 993600 115606 121854 116822 119034 12 12 12 12 115 0 0 0 
[ 3287.692961] MESSAGE_B= 0 0 0 80 2 2 192 0 248 179 0 0 593 0 1972 2083 0 438 0 0 0 0 0 0 0 0 0 1 12 0 0 0 0 0 9 5 0 0 0 0 0 0 0 0 0 2 2 29990 87942 37310 282864 126290 166156 144470 154908 369500 336524 63934 106674 112598 115084 89958 27384 173244 186146 252842 68710 2073600 2073600 1 12 472842 990720 993600 115238 121875 114466 121263 12 12 12 12 108 0 0 0 
[ 3287.977288] MESSAGE_B= 0 0 0 78 1 1 192 0 248 179 0 0 614 0 2043 2178 0 433 0 0 0 0 0 0 0 0 0 1 12 0 0 0 0 0 12 7 0 0 0 0 0 0 0 0 0 1 1 64042 82748 37310 282864 126290 166156 144470 154908 369500 336524 63934 106674 112598 115084 89958 27384 173244 186146 252842 68710 2073600 2073600 1 12 474235 994560 993600 116702 120638 116845 120050 12 12 12 12 108 0 0 0 
[ 3288.250964] MESSAGE_B= 0 0 0 78 1 2 192 0 248 179 0 0 601 0 2063 2224 141 437 1017 0 0 0 0 0 0 0 0 1 12 0 0 0 0 0 12 4 0 0 0 0 0 0 0 0 0 1 2 35508 68852 37310 282864 126290 166156 144470 154908 369500 336524 63934 106674 112598 115084 89958 27384 173244 186146 252842 68710 2073600 2073600 1 12 471554 990720 993600 116963 117664 115827 121100 12 12 12 12 109 0 0 0 
[ 3288.524956] MESSAGE_B= 0 0 0 78 1 1 192 0 248 179 0 0 487 0 1873 2072 0 432 0 0 0 0 0 0 0 0 0 1 12 0 0 0 0 0 15 5 0 0 0 0 0 0 0 0 0 1 1 66502 76144 37310 282864 126290 166156 144470 154908 369500 336524 63934 106674 112598 115084 89958 27384 173244 186146 252842 68710 2073600 2073600 1 12 469705 994560 993600 111979 116809 119645 121272 12 12 12 12 109 0 0 0 
[ 3288.677952] MESSAGE_B= 0 0 0 79 2 2 192 0 248 179 0 0 593 0 1987 2032 0 422 0 0 0 0 0 0 0 0 0 1 12 0 0 0 0 0 11 4 0 0 0 0 0 0 0 0 0 2 2 53722 95650 37310 282864 126290 166156 144470 154908 369500 336524 63934 106674 112598 115084 89958 27384 173244 186146 252842 68710 2073600 2073600 1 12 470356 990720 993600 111381 116273 120378 122324 12 12 12 12 108 0 0 0 
[ 3289.043958] MESSAGE_B= 0 0 0 80 2 2 192 0 248 179 0 0 0 0 0 0 0 0 0 0 0 0 0 0 0 0 0 1 12 0 0 0 0 0 24 10 0 0 0 0 0 1 0 0 1 2 2 54210 102316 37310 282864 126290 166156 144470 154908 369500 336524 63934 106674 112598 115084 89958 27384 173244 186146 252842 68710 2073600 2073600 1 12 479677 994560 993600 119672 121096 118067 120842 12 12 12 12 117 0 0 0 
[ 3289.196964] MESSAGE_B= 0 0 0 80 1 4 192 0 248 179 0 0 0 0 0 979 0 114 0 0 0 0 0 0 0 0 0 1 12 0 0 0 0 0 31 7 0 0 0 0 0 1 0 0 1 1 4 35244 122804 37310 282864 126290 166156 144470 154908 369500 336524 63934 106674 112598 115084 89958 27384 173244 186146 252842 68710 2073600 2073600 1 12 478774 990720 993600 119449 119791 118455 121079 12 12 12 12 117 0 0 0 
[ 3289.473950] MESSAGE_B= 0 0 0 80 2 1 192 0 248 179 0 0 0 0 0 1242 0 241 0 0 0 0 0 0 0 0 0 1 12 0 0 0 0 0 30 10 0 0 0 0 0 1 0 0 0 2 1 31170 50054 37310 282864 126290 166156 144470 154908 369500 336524 63934 106674 112598 115084 89958 27384 173244 186146 252842 68710 2073600 2073600 2 12 477573 994560 993600 119829 117612 118987 121145 12 12 12 12 109 0 0 0 
[ 3289.754996] MESSAGE_B= 0 0 0 80 1 1 192 0 248 179 0 0 295 0 1390 1104 0 202 0 0 0 0 0 0 0 0 0 1 12 0 0 0 0 0 32 49 0 0 0 0 0 0 0 0 0 1 1 41260 112180 37310 282864 126290 166156 144470 154908 369500 336524 63934 106674 112598 115084 89958 27384 173244 186146 252842 68710 2073600 2073600 1 12 477513 990720 993600 120494 117267 119028 120724 12 12 12 12 103 0 0 0 
[ 3290.034281] MESSAGE_B= 0 0 0 79 2 3 192 0 248 179 0 0 284 0 1376 1531 0 332 0 0 0 0 0 0 0 0 0 1 12 0 0 0 0 0 17 39 0 0 0 0 0 0 0 0 0 2 3 56644 45594 54290 151850 137744 68884 171850 230874 300646 300354 71310 26772 116006 14714 51850 59834 142376 267048 299592 41624 2073600 2073600 3 12 478556 994560 993600 120704 117343 120176 120333 12 12 12 12 115 0 0 0 
[ 3290.310947] MESSAGE_B= 0 0 0 79 1 4 192 0 248 179 0 0 457 0 2620 2048 0 385 0 0 0 0 0 0 0 0 0 1 12 0 0 0 0 0 0 16 0 0 0 0 0 0 0 0 0 1 4 46120 139516 54290 151850 137744 68884 171850 230874 300646 300354 71310 26772 116006 14714 51850 59834 142376 267048 299592 41624 2073600 2073600 1 12 482113 990720 993600 122746 119512 119532 120323 12 12 12 12 115 0 0 0 
[ 3290.586953] MESSAGE_B= 0 0 0 79 1 3 192 0 248 179 0 0 0 0 0 1637 21 254 1196 0 0 0 0 0 0 0 0 1 12 0 0 0 0 0 0 10 0 0 0 0 0 1 0 0 0 1 3 68420 52712 54290 151850 137744 68884 171850 230874 300646 300354 71310 26772 116006 14714 51850 59834 142376 267048 299592 41624 2073600 2073600 3 12 482163 994560 993600 125803 120201 118335 117824 12 12 12 12 101 0 0 0 
[ 3290.861952] MESSAGE_B= 0 0 0 79 1 2 192 0 248 179 0 0 0 0 0 1250 225 109 1057 0 0 0 0 0 0 0 0 1 12 0 0 0 0 0 0 1 0 0 0 0 0 0 0 0 1 1 2 44514 64306 54290 151850 137744 68884 171850 230874 300646 300354 71310 26772 116006 14714 51850 59834 142376 267048 299592 41624 2073600 2073600 1 12 476916 990720 993600 126220 120658 115775 114263 12 12 12 12 110 0 0 0 
[ 3291.134949] MESSAGE_B= 0 0 0 80 1 1 192 0 248 179 0 0 0 0 0 851 0 593 0 0 0 0 0 0 0 0 0 1 12 0 61 0 18 0 0 2 0 0 0 0 0 1 0 0 0 1 1 83218 112868 54290 151850 137744 68884 171850 230874 300646 300354 71310 26772 116006 14714 51850 59834 142376 267048 299592 41624 2073600 2073600 1 12 478759 994560 993600 127008 122131 116984 112636 12 12 12 12 110 0 0 0 
[ 3291.409952] MESSAGE_B= 0 0 0 73 2 1 192 0 248 179 0 0 0 0 0 400 0 826 0 0 0 0 0 0 0 0 0 1 12 0 10 0 3 0 0 4 0 0 0 0 0 1 0 0 0 2 1 64254 51156 54290 151850 137744 68884 171850 230874 300646 300354 71310 26772 116006 14714 51850 59834 142376 267048 299592 41624 2073600 2073600 2 12 477953 990720 993600 127740 123113 117414 109686 12 12 12 12 107 0 0 0 
[ 3291.682959] MESSAGE_B= 0 0 0 73 1 2 192 0 248 179 0 0 0 0 0 0 0 0 0 0 0 0 0 0 0 0 0 1 12 0 0 0 0 0 1 10 0 0 0 0 0 1 0 0 1 1 2 72040 162996 54290 151850 137744 68884 171850 230874 300646 300354 71310 26772 116006 14714 51850 59834 142376 267048 299592 41624 2073600 2073600 3 12 474883 994560 993600 127069 124162 114840 108812 12 12 12 12 135 0 0 0 
[ 3291.956957] MESSAGE_B= 0 0 0 74 1 1 192 0 248 179 0 0 0 0 0 0 0 0 0 0 0 0 0 0 0 0 0 1 12 0 0 0 0 0 4 1 0 0 0 0 0 1 0 0 1 1 1 91732 64782 54290 151850 137744 68884 171850 230874 300646 300354 71310 26772 116006 14714 51850 59834 142376 267048 299592 41624 2073600 2073600 1 12 477592 990720 993600 126171 125745 113291 112385 12 12 12 12 135 0 0 0 
[ 3292.233961] MESSAGE_B= 0 0 0 75 2 1 192 0 248 179 0 0 0 0 0 0 0 0 0 0 0 0 0 0 0 0 0 1 12 0 0 0 0 0 6 7 0 0 0 0 0 1 0 0 1 2 1 36916 206316 54290 151850 137744 68884 171850 230874 300646 300354 71310 26772 116006 14714 51850 59834 142376 267048 299592 41624 2073600 2073600 2 12 479568 994560 993600 125279 125488 112774 116027 12 12 12 12 104 0 0 0 
[ 3292.514647] MESSAGE_B= 0 0 0 76 2 1 192 0 248 179 0 0 0 0 0 0 0 0 0 0 0 0 0 0 0 0 0 1 12 0 0 0 0 0 14 17 0 0 0 0 0 1 0 0 1 2 1 32720 61942 187460 147504 49098 92606 150366 165880 319526 363174 234850 30142 38082 27600 55946 86800 255442 308622 397750 18942 2073600 2073600 2 12 477095 990720 993600 124491 125189 111004 116411 12 12 12 12 94 0 0 0 
[ 3292.668009] MESSAGE_B= 0 0 0 76 2 1 192 0 248 179 0 0 0 0 0 0 0 0 0 0 0 0 0 0 0 0 0 1 12 0 0 0 0 0 14 14 0 0 0 0 0 1 0 0 1 2 1 40578 167342 187460 147504 49098 92606 150366 165880 319526 363174 234850 30142 38082 27600 55946 86800 255442 308622 397750 18942 2073600 2073600 2 12 476124 994560 993600 124212 125370 110240 116302 12 12 12 12 88 0 0 0 
[ 3292.927958] MESSAGE_B= 0 0 0 78 2 1 192 0 248 179 0 0 0 0 0 0 0 0 0 0 0 0 0 0 0 0 0 1 12 0 0 0 0 0 9 7 0 0 0 0 0 1 0 0 1 2 1 51992 55530 187460 147504 49098 92606 150366 165880 319526 363174 234850 30142 38082 27600 55946 86800 255442 308622 397750 18942 2073600 2073600 2 12 471843 990720 993600 122780 125571 108694 114798 12 12 12 12 88 0 0 0 
[ 3293.207683] MESSAGE_B= 0 0 0 81 1 1 192 0 248 179 0 0 0 0 0 0 0 0 0 0 0 0 0 0 0 0 0 1 12 0 0 0 0 0 1 11 0 0 0 0 0 1 0 0 1 1 1 32730 192812 187460 147504 49098 92606 150366 165880 319526 363174 234850 30142 38082 27600 55946 86800 255442 308622 397750 18942 2073600 2073600 1 12 465742 994560 993600 121328 125785 106181 112448 12 12 12 12 73 0 0 0 
[ 3293.483948] MESSAGE_B= 0 0 0 84 1 0 192 0 248 179 0 0 0 0 0 0 0 0 0 0 0 0 0 0 0 0 0 0 12 0 0 0 0 0 86 69 0 1 1 1 1 1 2 2 1 1 0 63758 54634 187460 147504 49098 92606 150366 165880 319526 363174 234850 30142 38082 27600 55946 86800 255442 308622 397750 18942 2073600 2073600 2 12 459465 990720 993600 119853 124916 103691 111005 12 12 12 12 86 0 0 0 
[ 3293.765507] MESSAGE_B= 0 0 0 86 1 1 192 0 248 179 0 0 0 0 0 0 0 0 0 0 0 0 0 0 0 0 0 0 12 0 0 0 0 0 65 74 0 1 1 1 1 1 2 2 1 1 1 44744 276416 187460 147504 49098 92606 150366 165880 319526 363174 234850 30142 38082 27600 55946 86800 255442 308622 397750 18942 2073600 2073600 1 12 458572 994560 993600 120233 123602 104780 109957 12 12 12 12 86 0 0 0 
[ 3294.047972] MESSAGE_B= 0 0 0 89 1 2 192 0 248 179 0 0 0 0 0 3342 3474 3522 3741 0 0 0 0 654 274 104 349 0 12 0 0 124 221 0 37 3 0 1 1 2 2 1 2 2 1 1 2 53536 53182 187460 147504 49098 92606 150366 165880 319526 363174 234850 30142 38082 27600 55946 86800 255442 308622 397750 18942 2073600 2073600 3 12 456805 990720 993600 121087 122855 104632 108231 12 12 12 12 60 0 0 0 
[ 3294.331382] MESSAGE_B= 0 0 0 92 1 2 192 0 248 179 0 0 0 0 0 0 256 0 1594 0 0 0 0 0 0 0 0 1 12 0 0 0 0 0 14 10 0 0 0 0 0 0 0 0 0 1 2 32802 293602 187460 147504 49098 92606 150366 165880 319526 363174 234850 30142 38082 27600 55946 86800 255442 308622 397750 18942 2073600 2073600 1 12 457317 994560 993600 121811 121977 105777 107752 12 12 12 12 57 0 0 0 
[ 3294.607077] MESSAGE_B= 0 0 0 92 1 1 192 0 248 179 0 0 0 0 0 0 256 0 1594 0 0 0 0 0 0 0 0 1 12 0 0 0 0 0 14 8 0 0 0 0 0 0 0 0 0 1 1 33080 82948 187460 147504 49098 92606 150366 165880 319526 363174 234850 30142 38082 27600 55946 86800 255442 308622 397750 18942 2073600 2073600 1 12 455775 990720 993600 121178 121171 105726 107700 12 12 12 12 52 0 0 0 
[ 3294.879963] MESSAGE_B= 0 0 0 92 1 1 192 0 248 179 0 0 0 0 0 0 256 0 1594 0 0 0 0 0 0 0 0 1 12 0 0 0 0 0 16 8 0 0 0 0 0 0 0 0 0 1 1 38086 294188 226790 147504 120816 206404 263482 182120 285024 430176 270410 40750 70102 64640 77950 101900 147590 332442 380138 48676 2073600 2073600 1 12 457797 994560 993600 121437 121442 106488 108430 12 12 12 12 52 0 0 0 
[ 3295.031950] MESSAGE_B= 0 0 0 93 1 1 192 0 248 179 0 0 0 0 0 0 256 0 1594 0 0 0 0 0 0 0 0 1 12 0 0 0 0 0 16 8 0 0 0 0 0 0 0 0 0 1 1 39330 83930 226790 147504 120816 206404 263482 182120 285024 430176 270410 40750 70102 64640 77950 101900 147590 332442 380138 48676 2073600 2073600 1 12 459151 990720 993600 121577 121689 106992 108893 12 12 12 12 52 0 0 0 
[ 3295.315339] MESSAGE_B= 0 0 0 91 1 2 192 0 248 179 0 0 0 0 0 0 256 0 1594 0 0 0 0 0 0 0 0 1 12 0 0 0 0 0 22 7 0 0 0 0 0 0 0 0 0 1 2 11090 287534 226790 147504 120816 206404 263482 182120 285024 430176 270410 40750 70102 64640 77950 101900 147590 332442 380138 48676 2073600 2073600 2 12 463625 994560 993600 122204 122412 108603 110406 12 12 12 12 30 0 0 0 
[ 3295.595136] MESSAGE_B= 0 0 0 89 2 3 192 0 248 179 0 0 0 0 0 0 256 0 1594 0 0 0 0 0 0 0 0 1 12 0 0 0 0 0 0 0 0 1 1 0 0 0 0 0 0 2 3 35834 90136 226790 147504 120816 206404 263482 182120 285024 430176 270410 40750 70102 64640 77950 101900 147590 332442 380138 48676 2073600 2073600 1 12 502319 990720 993600 128104 128104 122796 123315 12 12 12 12 30 0 0 0 
[ 3295.871951] MESSAGE_B= 0 0 0 66 2 11 192 0 248 179 0 0 0 0 0 0 256 0 1594 0 0 0 0 0 0 0 0 1 12 0 0 0 0 0 0 0 0 1 1 0 0 0 0 0 0 2 11 2 252284 226790 147504 120816 206404 263482 182120 285024 430176 270410 40750 70102 64640 77950 101900 147590 332442 380138 48676 2073600 2073600 2 12 502319 994560 993600 128104 128104 122796 123315 12 12 12 12 25 0 0 0 
[ 3296.144960] MESSAGE_B= 4 0 0 74 2 9 192 0 248 179 0 0 0 0 0 0 256 0 1594 0 0 0 0 0 0 0 0 1 12 0 0 0 0 0 57 52 0 0 0 0 0 0 0 0 0 2 9 6172 98772 226790 147504 120816 206404 263482 182120 285024 430176 270410 40750 70102 64640 77950 101900 147590 332442 380138 48676 2073600 2073600 5 12 487613 990720 993600 121325 122495 121616 122177 12 12 12 12 28 0 0 0 
[ 3296.420951] MESSAGE_B= 0 0 0 76 2 8 192 0 248 179 0 0 0 0 0 0 256 0 1594 0 0 0 0 0 0 0 0 1 12 0 0 0 0 0 46 55 0 0 0 0 0 0 0 0 0 2 8 13586 32334 226790 147504 120816 206404 263482 182120 285024 430176 270410 40750 70102 64640 77950 101900 147590 332442 380138 48676 2073600 2073600 3 12 485061 994560 993600 120227 121620 121300 121914 12 12 12 12 28 0 0 0 
[ 3296.693956] MESSAGE_B= 4 0 0 80 2 6 192 0 248 179 0 0 0 0 0 0 256 0 1594 0 0 0 0 0 0 0 0 1 12 0 0 0 0 0 39 50 0 0 0 0 0 0 0 0 0 2 6 6974 126492 226790 147504 120816 206404 263482 182120 285024 430176 270410 40750 70102 64640 77950 101900 147590 332442 380138 48676 2073600 2073600 5 12 483574 990720 993600 119581 121150 121090 121753 12 12 12 12 24 0 0 0 
[ 3296.977949] MESSAGE_B= 0 0 0 79 2 6 192 0 248 179 0 0 0 0 0 0 256 0 1594 0 0 0 0 0 0 0 0 1 12 0 0 0 0 0 39 52 0 0 0 0 0 0 0 0 0 2 6 15458 39066 226790 147504 120816 206404 263482 182120 285024 430176 270410 40750 70102 64640 77950 101900 147590 332442 380138 48676 2073600 2073600 3 12 482812 994560 993600 119375 120811 120977 121649 12 12 12 12 27 0 0 0 
[ 3297.260691] MESSAGE_B= 0 0 0 78 2 6 192 0 248 179 0 0 0 0 0 0 256 0 1594 0 0 0 0 0 0 0 0 1 12 0 0 0 0 0 38 51 0 0 0 0 0 0 0 0 0 2 6 6826 115804 76556 159118 146416 241874 91484 87222 238464 265682 90568 19170 43332 222954 48134 5976 20540 92006 72110 20660 2073600 2073600 2 12 482598 990720 993600 119277 120740 120952 121629 12 12 12 12 27 0 0 0 
[ 3297.533970] MESSAGE_B= 0 0 0 78 2 6 192 0 248 179 0 0 0 0 0 0 256 0 1594 0 0 0 0 0 0 0 0 1 12 0 0 0 0 0 40 51 0 0 0 0 0 0 0 0 0 2 6 15382 41114 76556 159118 146416 241874 91484 87222 238464 265682 90568 19170 43332 222954 48134 5976 20540 92006 72110 20660 2073600 2073600 3 12 482760 994560 993600 119329 120810 120981 121640 12 12 12 12 21 0 0 0 
[ 3297.809594] MESSAGE_B= 0 0 0 78 2 6 192 0 248 179 0 0 0 0 0 0 256 0 1594 0 0 0 0 0 0 0 0 1 12 0 0 0 0 0 41 49 0 0 0 0 0 0 0 0 0 2 6 6878 108696 76556 159118 146416 241874 91484 87222 238464 265682 90568 19170 43332 222954 48134 5976 20540 92006 72110 20660 2073600 2073600 2 12 482860 990720 993600 119370 120844 121001 121645 12 12 12 12 25 0 0 0 
[ 3298.085946] MESSAGE_B= 0 0 0 82 2 5 192 0 248 179 0 0 0 0 0 0 256 0 1594 0 0 0 0 0 0 0 0 1 12 0 0 0 0 0 46 50 0 0 0 0 0 0 0 0 0 2 5 15054 40728 76556 159118 146416 241874 91484 87222 238464 265682 90568 19170 43332 222954 48134 5976 20540 92006 72110 20660 2073600 2073600 3 12 484289 994560 993600 119938 121359 121177 121815 12 12 12 12 27 0 0 0 
[ 3298.365981] MESSAGE_B= 0 0 0 80 2 5 192 0 248 179 0 0 0 0 0 0 256 0 1594 0 0 0 0 0 0 0 0 1 12 0 0 0 0 0 59 51 0 0 0 0 0 0 0 0 0 2 5 6664 109662 76556 159118 146416 241874 91484 87222 238464 265682 90568 19170 43332 222954 48134 5976 20540 92006 72110 20660 2073600 2073600 2 12 487743 990720 993600 121408 122583 121573 122179 12 12 12 12 35 0 0 0 
[ 3298.638955] MESSAGE_B= 0 0 0 79 2 6 192 0 248 179 0 0 0 0 0 0 256 0 1594 0 0 0 0 0 0 0 0 1 12 0 0 0 0 0 0 0 0 1 1 0 0 0 0 0 0 2 6 12754 36026 76556 159118 146416 241874 91484 87222 238464 265682 90568 19170 43332 222954 48134 5976 20540 92006 72110 20660 2073600 2073600 3 12 502319 994560 993600 128104 128104 122796 123315 12 12 12 12 35 0 0 0 
[ 3298.919970] MESSAGE_B= 4 0 0 74 2 7 192 0 248 179 0 0 0 0 0 0 256 0 1594 0 0 0 0 0 0 0 0 1 12 0 0 0 0 0 0 0 0 1 1 0 0 0 0 0 0 2 7 5852 116076 76556 159118 146416 241874 91484 87222 238464 265682 90568 19170 43332 222954 48134 5976 20540 92006 72110 20660 2073600 2073600 5 12 502319 990720 993600 128104 128104 122796 123315 12 12 12 12 4 0 0 0 
[ 3299.072122] MESSAGE_B= 0 0 0 75 2 7 192 0 248 179 0 0 0 0 0 0 256 0 1594 0 0 0 0 0 0 0 0 1 12 0 0 0 0 0 0 0 0 1 1 0 0 0 0 0 0 2 7 1386 988 76556 159118 146416 241874 91484 87222 238464 265682 90568 19170 43332 222954 48134 5976 20540 92006 72110 20660 2073600 2073600 3 12 502319 994560 993600 128104 128104 122796 123315 12 12 12 12 3 0 0 0 
[ 3299.350023] MESSAGE_B= 4 0 0 69 8 1 192 0 248 179 0 0 0 0 0 0 0 0 0 0 0 0 0 0 0 0 0 1 12 0 0 0 0 0 0 0 0 1 1 0 0 1 0 0 1 8 1 1762 98652 76556 159118 146416 241874 91484 87222 238464 265682 90568 19170 43332 222954 48134 5976 20540 92006 72110 20660 2073600 2073600 5 12 508333 990720 993600 128069 128063 126198 126003 12 12 12 12 7 0 0 0 
[ 3299.624956] MESSAGE_B= 4 0 0 91 8 0 192 0 248 179 0 0 141 0 1416 0 122 0 2232 0 0 0 0 0 0 0 0 1 12 0 0 0 0 0 6 2 0 0 0 0 0 1 0 0 1 8 0 2472 81282 58506 107472 133144 71298 77636 87552 220754 146270 35974 5828 20168 32794 19198 16750 18240 41990 95740 2654 2073600 2073600 5 12 469187 994560 993600 119304 118867 115571 115445 12 12 12 12 43 0 0 0 
[ 3299.899955] MESSAGE_B= 4 0 0 89 8 0 192 0 248 179 0 0 152 0 1657 0 124 0 2516 0 0 0 0 0 0 0 0 1 12 0 0 0 0 0 5 2 0 0 0 0 0 1 0 0 1 8 0 7594 175328 58506 107472 133144 71298 77636 87552 220754 146270 35974 5828 20168 32794 19198 16750 18240 41990 95740 2654 2073600 2073600 5 12 463683 990720 993600 117842 117615 114155 114071 12 12 12 12 49 0 0 0 
[ 3300.172955] MESSAGE_B= 4 0 0 91 8 0 192 0 248 179 0 0 153 0 1722 0 124 0 2594 0 0 0 0 0 0 0 0 1 12 0 0 0 0 0 6 2 0 0 0 0 0 1 0 0 1 8 0 6798 223468 58506 107472 133144 71298 77636 87552 220754 146270 35974 5828 20168 32794 19198 16750 18240 41990 95740 2654 2073600 2073600 5 12 461944 994560 993600 117354 117169 113769 113652 12 12 12 12 49 0 0 0 
[ 3300.445958] MESSAGE_B= 4 0 0 87 8 0 192 0 248 179 0 0 149 0 1674 0 125 0 2614 0 0 0 0 0 0 0 0 1 12 0 0 0 0 0 5 1 0 0 0 0 0 1 0 0 1 8 0 10528 170934 58506 107472 133144 71298 77636 87552 220754 146270 35974 5828 20168 32794 19198 16750 18240 41990 95740 2654 2073600 2073600 5 12 462525 990720 993600 117450 117266 113969 113840 12 12 12 12 45 0 0 0 
[ 3300.723956] MESSAGE_B= 4 0 0 86 8 0 192 0 248 179 0 0 150 0 1690 0 125 0 2610 0 0 0 0 0 0 0 0 1 12 0 0 0 0 0 5 1 0 0 0 0 0 1 0 0 1 8 0 7682 228506 58506 107472 133144 71298 77636 87552 220754 146270 35974 5828 20168 32794 19198 16750 18240 41990 95740 2654 2073600 2073600 5 12 462488 994560 993600 117446 117238 113961 113843 12 12 12 12 16 0 0 0 
[ 3300.997950] MESSAGE_B= 4 0 0 87 8 0 192 0 248 179 0 0 149 0 1698 0 125 0 2605 0 0 0 0 0 0 0 0 1 12 0 0 0 0 0 5 1 0 0 0 0 0 1 0 0 1 8 0 10288 176608 58506 107472 133144 71298 77636 87552 220754 146270 35974 5828 20168 32794 19198 16750 18240 41990 95740 2654 2073600 2073600 5 12 462498 990720 993600 117452 117232 113964 113850 12 12 12 12 6 0 0 0 
[ 3301.276951] MESSAGE_B= 4 0 0 86 8 0 192 0 248 179 0 0 149 0 1699 0 125 0 2604 0 0 0 0 0 0 0 0 1 12 0 0 0 0 0 5 1 0 0 0 0 0 1 0 0 1 8 0 10350 226970 58506 107472 133144 71298 77636 87552 220754 146270 35974 5828 20168 32794 19198 16750 18240 41990 95740 2654 2073600 2073600 5 12 462531 994560 993600 117468 117226 113975 113862 12 12 12 12 6 0 0 0 
[ 3301.550954] MESSAGE_B= 4 0 0 87 8 0 192 0 248 179 0 0 150 0 1699 0 125 0 2604 0 0 0 0 0 0 0 0 1 12 0 0 0 0 0 5 1 0 0 0 0 0 1 0 0 1 8 0 10140 177860 58506 107472 133144 71298 77636 87552 220754 146270 35974 5828 20168 32794 19198 16750 18240 41990 95740 2654 2073600 2073600 5 12 462520 990720 993600 117459 117237 113958 113866 12 12 12 12 5 0 0 0 
[ 3301.826959] MESSAGE_B= 4 0 0 86 8 0 192 0 248 179 0 0 150 0 1698 0 125 0 2600 0 0 0 0 0 0 0 0 1 12 0 0 0 0 0 5 1 0 0 0 0 0 1 0 0 1 8 0 10218 227298 58506 107472 133144 71298 77636 87552 220754 146270 35974 5828 20168 32794 19198 16750 18240 41990 95740 2654 2073600 2073600 5 12 462521 994560 993600 117460 117240 113953 113868 12 12 12 12 4 0 0 0 
[ 3302.104956] MESSAGE_B= 4 0 0 87 8 0 192 0 248 179 0 0 147 0 1595 0 124 0 2531 0 0 0 0 0 0 0 0 1 12 0 0 0 0 0 5 1 0 0 0 0 0 1 0 0 1 8 0 10364 178716 58792 49226 69562 60116 42970 56516 158660 142052 62834 8190 8408 9154 11132 12884 11178 86156 123072 5742 2073600 2073600 5 12 464115 990720 993600 117887 117691 114294 114243 12 12 12 12 49 0 0 0 
[ 3302.378949] MESSAGE_B= 4 0 0 89 7 0 192 0 248 179 0 0 145 0 1472 0 127 0 2367 0 0 0 0 0 0 0 0 1 12 0 0 0 0 0 7 2 0 0 0 0 0 1 0 0 1 7 0 8598 227672 58792 49226 69562 60116 42970 56516 158660 142052 62834 8190 8408 9154 11132 12884 11178 86156 123072 5742 2073600 2073600 5 12 468707 994560 993600 119081 118695 115520 115411 12 12 12 12 61 0 0 0 
[ 3302.658542] MESSAGE_B= 4 0 0 90 7 0 192 0 248 179 0 0 100 0 814 0 86 0 1443 0 0 0 0 0 0 0 0 1 12 0 0 0 0 0 23 28 0 0 0 0 0 1 0 0 1 7 0 9550 181422 58792 49226 69562 60116 42970 56516 158660 142052 62834 8190 8408 9154 11132 12884 11178 86156 123072 5742 2073600 2073600 5 12 486103 990720 993600 123164 123149 119937 119853 12 12 12 12 61 0 0 0 
[ 3302.932953] MESSAGE_B= 4 0 0 80 7 1 192 0 248 179 0 0 0 0 0 0 0 0 0 0 0 0 0 0 0 0 0 1 12 0 0 0 0 0 0 0 0 1 1 0 0 1 0 0 1 7 1 2996 201068 58792 49226 69562 60116 42970 56516 158660 142052 62834 8190 8408 9154 11132 12884 11178 86156 123072 5742 2073600 2073600 5 12 508426 994560 993600 128104 128104 126202 126016 12 12 12 12 57 0 0 0 
[ 3303.204961] MESSAGE_B= 4 0 0 75 8 2 192 0 248 179 0 0 0 0 0 0 0 0 0 0 0 0 0 0 0 0 0 1 12 0 0 0 0 0 0 0 0 1 1 0 0 1 0 0 1 8 2 3186 75296 58792 49226 69562 60116 42970 56516 158660 142052 62834 8190 8408 9154 11132 12884 11178 86156 123072 5742 2073600 2073600 5 12 508426 990720 993600 128104 128104 126202 126016 12 12 12 12 3 0 0 0 
[ 3303.484977] MESSAGE_B= 4 0 0 76 6 1 192 0 248 179 0 0 0 0 0 0 0 0 0 0 0 0 0 0 0 0 0 1 12 0 0 0 0 0 30 4 0 0 0 0 0 1 0 0 1 6 1 576 4510 58792 49226 69562 60116 42970 56516 158660 142052 62834 8190 8408 9154 11132 12884 11178 86156 123072 5742 2073600 2073600 4 12 490270 994560 993600 122666 123172 122107 122325 12 12 12 12 51 0 0 0 
[ 3303.757961] MESSAGE_B= 4 0 0 85 5 1 192 0 248 179 0 0 0 0 0 0 0 0 0 0 0 0 0 0 0 0 0 1 12 0 0 0 0 0 27 15 0 0 0 0 0 1 0 0 1 5 1 6888 97550 58792 49226 69562 60116 42970 56516 158660 142052 62834 8190 8408 9154 11132 12884 11178 86156 123072 5742 2073600 2073600 5 12 485753 990720 993600 121173 121843 121206 121531 12 12 12 12 51 0 0 0 
[ 3303.918958] MESSAGE_B= 4 0 0 87 4 1 192 0 248 179 0 0 0 0 0 0 0 0 0 0 0 0 0 0 0 0 0 1 12 0 0 0 0 0 25 15 0 0 0 0 0 1 0 0 1 4 1 10980 89962 58792 49226 69562 60116 42970 56516 158660 142052 62834 8190 8408 9154 11132 12884 11178 86156 123072 5742 2073600 2073600 5 12 484288 994560 993600 120706 121501 120822 121259 12 12 12 12 49 0 0 0 
[ 3304.192953] MESSAGE_B= 4 0 0 86 5 1 192 0 248 179 0 0 0 0 0 0 0 0 0 0 0 0 0 0 0 0 0 1 12 0 0 0 0 0 29 16 0 0 0 0 0 1 0 0 1 5 1 7954 146796 58792 49226 69562 60116 42970 56516 158660 142052 62834 8190 8408 9154 11132 12884 11178 86156 123072 5742 2073600 2073600 5 12 483356 990720 993600 120399 121222 120606 121129 12 12 12 12 49 0 0 0 
[ 3304.470952] MESSAGE_B= 4 0 0 87 6 1 192 0 248 179 0 0 0 0 0 0 0 0 0 0 0 0 0 0 0 0 0 1 12 0 0 0 0 0 0 0 0 0 0 0 0 1 0 0 1 6 1 10848 104072 30416 58718 105368 58344 37750 36020 158996 255092 29100 13026 6558 30488 3376 4322 11380 41346 72752 17084 2073600 2073600 5 12 487523 994560 993600 120468 121269 122551 123235 12 12 12 12 33 0 0 0 
[ 3304.751975] MESSAGE_B= 4 0 0 86 6 1 192 0 248 179 0 0 0 0 0 0 0 0 0 0 0 0 0 0 0 0 0 1 12 0 0 0 0 0 0 0 0 0 0 0 0 1 0 0 1 6 1 8472 160524 30416 58718 105368 58344 37750 36020 158996 255092 29100 13026 6558 30488 3376 4322 11380 41346 72752 17084 2073600 2073600 5 12 487517 990720 993600 120458 121271 122546 123242 12 12 12 12 7 0 0 0 
[ 3305.031952] MESSAGE_B= 4 0 0 88 5 1 192 0 248 179 0 0 0 0 0 0 0 0 0 0 0 0 0 0 0 0 0 1 12 0 0 0 0 0 0 0 0 0 0 0 0 1 0 0 1 5 1 10612 101274 30416 58718 105368 58344 37750 36020 158996 255092 29100 13026 6558 30488 3376 4322 11380 41346 72752 17084 2073600 2073600 5 12 487623 994560 993600 120495 121305 122555 123268 12 12 12 12 31 0 0 0 
[ 3305.303963] MESSAGE_B= 4 0 0 86 5 1 192 0 248 179 0 0 0 0 0 0 0 0 0 0 0 0 0 0 0 0 0 1 12 0 0 0 0 0 0 0 0 0 0 0 0 1 0 0 1 5 1 8504 161084 30416 58718 105368 58344 37750 36020 158996 255092 29100 13026 6558 30488 3376 4322 11380 41346 72752 17084 2073600 2073600 5 12 489233 990720 993600 121015 121695 123000 123523 12 12 12 12 52 0 0 0 
[ 3305.583726] MESSAGE_B= 4 0 0 86 5 1 192 0 248 179 0 0 0 0 0 0 0 0 0 0 0 0 0 0 0 0 0 1 12 0 0 0 0 0 0 0 0 0 0 0 0 1 0 0 1 5 1 10160 102114 30416 58718 105368 58344 37750 36020 158996 255092 29100 13026 6558 30488 3376 4322 11380 41346 72752 17084 2073600 2073600 5 12 492936 994560 993600 122189 122835 123763 124149 12 12 12 12 52 0 0 0 
[ 3305.854966] MESSAGE_B= 4 0 0 85 4 1 192 0 248 179 0 0 0 0 0 0 0 0 0 0 0 0 0 0 0 0 0 1 12 0 0 0 0 0 0 0 0 0 0 0 0 1 0 0 1 4 1 7980 149708 30416 58718 105368 58344 37750 36020 158996 255092 29100 13026 6558 30488 3376 4322 11380 41346 72752 17084 2073600 2073600 5 12 508355 990720 993600 126869 127036 127062 127388 12 12 12 12 60 0 0 0 
[ 3306.128952] MESSAGE_B= 4 7 0 76 2 3 192 0 248 179 0 0 0 0 0 0 0 0 0 0 0 0 0 0 0 0 0 1 12 0 0 0 0 0 0 0 0 1 1 1 1 1 1 1 1 2 3 8532 86798 30416 58718 105368 58344 37750 36020 158996 255092 29100 13026 6558 30488 3376 4322 11380 41346 72752 17084 2073600 2073600 5 12 512416 994560 993600 128104 128104 128104 128104 12 12 12 12 60 0 0 0 
[ 3306.399955] MESSAGE_B= 4 7 0 74 2 3 192 0 248 179 0 0 0 0 0 0 0 0 0 0 0 0 0 0 0 0 0 1 12 0 0 0 0 0 0 0 0 1 1 1 1 1 1 1 1 2 3 932 67752 30416 58718 105368 58344 37750 36020 158996 255092 29100 13026 6558 30488 3376 4322 11380 41346 72752 17084 2073600 2073600 5 12 512416 990720 993600 128104 128104 128104 128104 12 12 12 12 20 0 0 0 
[ 3306.560180] MESSAGE_B= 0 7 0 75 2 3 192 0 248 179 0 0 0 0 0 0 0 0 0 0 0 0 0 0 0 0 0 1 12 0 0 0 0 0 0 0 0 1 1 1 1 1 1 1 1 2 3 972 5178 30416 58718 105368 58344 37750 36020 158996 255092 29100 13026 6558 30488 3376 4322 11380 41346 72752 17084 2073600 2073600 3 12 512416 994560 993600 128104 128104 128104 128104 12 12 12 12 23 0 0 0 
[ 3306.832956] MESSAGE_B= 0 0 0 75 4 1 192 0 248 179 0 0 0 0 0 0 0 0 0 0 0 0 0 0 0 0 0 1 12 0 0 0 0 0 0 0 0 0 0 0 0 1 0 0 1 4 1 8350 2202 1972 49918 134568 34842 30410 40046 230806 145704 34 8582 19130 31868 12302 6420 11844 59704 75442 30 2073600 2073600 2 12 506620 990720 993600 126427 126441 126387 127365 12 12 12 12 56 0 0 0 
[ 3307.104957] MESSAGE_B= 0 0 0 76 4 1 192 0 248 179 0 0 0 0 0 0 0 0 0 0 0 0 0 0 0 0 0 1 12 0 0 0 0 0 0 0 0 0 0 0 0 1 0 0 1 4 1 1124 24648 1972 49918 134568 34842 30410 40046 230806 145704 34 8582 19130 31868 12302 6420 11844 59704 75442 30 2073600 2073600 2 12 504848 994560 993600 125796 125798 126067 127187 12 12 12 12 56 0 0 0 
[ 3307.386950] MESSAGE_B= 4 0 0 77 5 1 192 0 248 179 0 0 0 0 0 0 0 0 0 0 0 0 0 0 0 0 0 1 12 0 0 0 0 0 0 0 0 0 0 0 0 1 0 0 1 5 1 11428 54846 1972 49918 134568 34842 30410 40046 230806 145704 34 8582 19130 31868 12302 6420 11844 59704 75442 30 2073600 2073600 5 12 503965 990720 993600 125531 125498 125849 127087 12 12 12 12 51 0 0 0 
[ 3307.657954] MESSAGE_B= 0 0 0 77 5 1 192 0 248 179 0 0 0 0 0 0 0 0 0 0 0 0 0 0 0 0 0 1 12 0 0 0 0 0 0 0 0 0 0 0 0 1 0 0 1 5 1 1710 29336 1972 49918 134568 34842 30410 40046 230806 145704 34 8582 19130 31868 12302 6420 11844 59704 75442 30 2073600 2073600 2 12 503686 994560 993600 125440 125384 125810 127052 12 12 12 12 51 0 0 0 
[ 3307.928961] MESSAGE_B= 4 0 0 77 5 1 192 0 248 179 0 0 0 0 0 0 0 0 0 0 0 0 0 0 0 0 0 1 12 0 0 0 0 0 0 0 0 0 0 0 0 1 0 0 1 5 1 12150 62078 1972 49918 134568 34842 30410 40046 230806 145704 34 8582 19130 31868 12302 6420 11844 59704 75442 30 2073600 2073600 5 12 503821 990720 993600 125487 125439 125826 127069 12 12 12 12 49 0 0 0 
[ 3308.199954] MESSAGE_B= 0 0 0 77 4 1 192 0 248 179 0 0 0 0 0 0 0 0 0 0 0 0 0 0 0 0 0 1 12 0 0 0 0 0 0 0 0 0 0 0 0 1 0 0 1 4 1 1944 30614 1972 49918 134568 34842 30410 40046 230806 145704 34 8582 19130 31868 12302 6420 11844 59704 75442 30 2073600 2073600 2 12 504259 994560 993600 125627 125588 125922 127122 12 12 12 12 48 0 0 0 
[ 3308.470952] MESSAGE_B= 4 0 0 77 4 1 192 0 248 179 0 0 0 0 0 0 0 0 0 0 0 0 0 0 0 0 0 1 12 0 0 0 0 0 0 0 0 0 0 0 0 1 0 0 1 4 1 11684 60788 1972 49918 134568 34842 30410 40046 230806 145704 34 8582 19130 31868 12302 6420 11844 59704 75442 30 2073600 2073600 5 12 504866 990720 993600 125814 125789 126079 127184 12 12 12 12 48 0 0 0 
[ 3308.753957] MESSAGE_B= 0 0 0 77 4 1 192 0 248 179 0 0 0 0 0 0 0 0 0 0 0 0 0 0 0 0 0 1 12 0 0 0 0 0 0 0 0 0 0 0 0 1 0 0 1 4 1 2046 29278 1972 49918 134568 34842 30410 40046 230806 145704 34 8582 19130 31868 12302 6420 11844 59704 75442 30 2073600 2073600 2 12 505850 994560 993600 126137 126170 126287 127256 12 12 12 12 42 0 0 0 
[ 3309.025953] MESSAGE_B= 4 0 0 77 3 1 192 0 248 179 0 0 0 0 0 0 0 0 0 0 0 0 0 0 0 0 0 1 12 0 0 0 0 0 0 0 0 0 0 0 0 1 0 0 1 3 1 10876 55036 1972 49918 134568 34842 30410 40046 230806 145704 34 8582 19130 31868 12302 6420 11844 59704 75442 30 2073600 2073600 5 12 508357 990720 993600 127005 127018 126822 127512 12 12 12 12 46 0 0 0 
[ 3309.302953] MESSAGE_B= 0 7 0 77 2 2 192 0 248 179 0 0 0 0 0 0 0 0 0 0 0 0 0 0 0 0 0 1 12 0 0 0 0 0 0 0 0 1 1 1 1 1 1 1 1 2 2 1286 26460 12190 21116 146138 18312 12200 30372 332962 393478 18974 8014 19738 35346 9966 5082 10156 89472 77092 9314 2073600 2073600 1 12 512416 994560 993600 128104 128104 128104 128104 12 12 12 12 46 0 0 0 
[ 3309.574956] MESSAGE_B= 0 7 0 65 4 4 192 0 248 179 0 0 0 0 0 0 0 0 0 0 0 0 0 0 0 0 0 1 12 0 0 0 0 0 0 0 0 1 1 1 1 1 1 1 1 4 4 6616 43250 12190 21116 146138 18312 12200 30372 332962 393478 18974 8014 19738 35346 9966 5082 10156 89472 77092 9314 2073600 2073600 1 12 512416 990720 993600 128104 128104 128104 128104 12 12 12 12 45 0 0 0 
[ 3309.854650] MESSAGE_B= 4 7 0 158 8 3 192 0 248 179 0 0 0 0 0 0 0 0 0 0 0 0 0 0 0 0 0 1 12 0 0 0 0 0 0 0 0 1 1 1 1 1 1 1 1 8 3 0 1220 12190 21116 146138 18312 12200 30372 332962 393478 18974 8014 19738 35346 9966 5082 10156 89472 77092 9314 2073600 2073600 4 12 512416 994560 993600 128104 128104 128104 128104 12 12 12 12 0 0 0 0 
[ 3310.135222] MESSAGE_B= 4 7 0 157 4 4 192 0 248 179 0 0 0 0 0 0 0 0 0 0 0 0 0 0 0 0 0 1 12 0 0 0 0 0 0 0 0 1 1 1 1 1 1 1 1 4 4 0 0 12190 21116 146138 18312 12200 30372 332962 393478 18974 8014 19738 35346 9966 5082 10156 89472 77092 9314 2073600 2073600 4 12 512416 990720 993600 128104 128104 128104 128104 12 12 12 12 39 0 0 0 
[ 3310.406952] MESSAGE_B= 4 7 0 176 2 5 192 0 248 179 0 0 0 0 0 0 0 0 0 0 0 0 0 0 0 0 0 1 12 0 0 0 0 0 0 0 0 1 1 1 1 1 1 1 1 2 5 0 0 12190 21116 146138 18312 12200 30372 332962 393478 18974 8014 19738 35346 9966 5082 10156 89472 77092 9314 2073600 2073600 4 12 512416 994560 993600 128104 128104 128104 128104 12 12 12 12 40 0 0 0 
[ 3310.679973] MESSAGE_B= 0 0 0 103 1 4 192 0 248 179 0 0 0 0 0 2298 264 58 948 0 0 0 0 0 0 0 0 1 12 0 0 0 0 0 76 6 0 0 0 0 0 0 0 0 1 1 4 114322 15442 12190 21116 146138 18312 12200 30372 332962 393478 18974 8014 19738 35346 9966 5082 10156 89472 77092 9314 2073600 2073600 3 12 469850 990720 993600 109946 125207 112966 121731 12 12 12 12 40 0 0 0 
[ 3310.953963] MESSAGE_B= 0 0 0 83 1 3 192 0 248 179 0 0 996 0 663 672 1186 896 544 0 41 0 38 72 380 361 9 0 12 0 147 205 110 0 51 180 0 1 2 0 2 1 0 2 1 1 3 134978 116038 12190 21116 146138 18312 12200 30372 332962 393478 18974 8014 19738 35346 9966 5082 10156 89472 77092 9314 2073600 2073600 3 12 429056 994560 993600 104323 121470 94740 108523 12 12 12 12 38 0 0 0 
[ 3311.108192] MESSAGE_B= 0 0 0 86 1 3 192 0 248 179 0 0 1148 0 772 766 1221 925 560 0 38 0 40 102 264 266 36 0 12 0 106 181 25 0 86 184 0 1 2 2 2 1 2 2 1 1 3 274754 220008 12190 21116 146138 18312 12200 30372 332962 393478 18974 8014 19738 35346 9966 5082 10156 89472 77092 9314 2073600 2073600 3 12 413904 990720 993600 103074 119440 92128 99262 12 12 12 12 25 0 0 0 
[ 3311.387694] MESSAGE_B= 0 0 0 95 1 3 192 0 248 179 0 0 1308 0 889 1054 1439 1202 700 0 273 0 279 177 374 241 63 0 12 0 243 160 148 0 216 70 0 1 2 2 2 1 2 2 2 1 3 288986 660324 12190 21116 146138 18312 12200 30372 332962 393478 18974 8014 19738 35346 9966 5082 10156 89472 77092 9314 2073600 2073600 3 12 373742 994560 993600 97842 110279 84231 81390 12 12 12 12 23 0 0 0 
[ 3311.661958] MESSAGE_B= 0 0 0 107 1 2 192 0 248 179 0 684 1368 888 774 1221 1323 1395 760 101 366 134 330 347 603 389 178 0 12 237 163 179 228 0 202 132 236 2 2 2 0 1 2 2 2 1 2 294810 398232 475372 13018 146542 2 2 20144 391452 179852 447512 501460 956 29146 2 424 265650 415374 150860 503014 2073600 2073600 3 12 312093 990720 993600 87871 89890 74224 60108 12 12 12 12 21 0 0 0 
[ 3311.942195] MESSAGE_B= 0 0 0 122 1 2 192 0 248 179 0 766 1625 895 871 1169 1488 1499 928 137 384 114 398 576 671 591 243 0 12 197 88 170 217 131 191 189 226 2 2 2 0 2 2 2 2 1 2 330450 682510 475372 13018 146542 2 2 20144 391452 179852 447512 501460 956 29146 2 424 265650 415374 150860 503014 2073600 2073600 3 12 250608 994560 993600 81452 71094 59287 67396 12 12 12 0 21 0 0 0 
[ 3312.218149] MESSAGE_B= 0 0 0 136 1 2 192 0 248 179 0 778 1626 907 882 1133 1487 1470 933 147 380 106 404 580 668 603 243 0 12 175 84 170 216 134 189 191 225 2 2 2 0 2 2 2 2 1 2 290992 629914 475372 13018 146542 2 2 20144 391452 179852 447512 501460 956 29146 2 424 265650 415374 150860 503014 2073600 2073600 3 12 247383 990720 993600 81112 70225 57787 68786 12 12 12 0 15 0 0 0 
[ 3312.492963] MESSAGE_B= 0 0 0 138 1 2 192 0 248 179 0 763 1628 917 881 1134 1488 1468 937 149 378 105 402 577 665 602 247 0 12 160 86 172 214 118 188 192 225 2 2 2 0 2 2 2 2 1 2 301192 726446 475372 13018 146542 2 2 20144 391452 179852 447512 501460 956 29146 2 424 265650 415374 150860 503014 2073600 2073600 3 12 247258 994560 993600 80949 70133 57932 69075 12 12 12 0 8 0 0 0 
[ 3312.768302] MESSAGE_B= 0 0 0 138 1 2 192 0 248 179 0 778 1630 922 878 1131 1488 1478 937 147 377 108 402 573 665 601 246 0 12 160 83 166 215 95 191 190 222 2 2 2 0 2 2 2 2 1 2 266418 632134 475372 13018 146542 2 2 20144 391452 179852 447512 501460 956 29146 2 424 265650 415374 150860 503014 2073600 2073600 3 12 247657 990720 993600 80949 70239 58051 68649 12 12 12 0 8 0 0 0 
[ 3313.044971] MESSAGE_B= 0 0 0 139 1 2 192 0 248 179 0 776 1626 918 882 1144 1492 1478 937 149 377 102 401 584 666 601 248 0 12 156 82 170 215 97 184 193 227 2 2 2 0 2 2 2 2 1 2 302426 725146 475372 13018 146542 2 2 20144 391452 179852 447512 501460 956 29146 2 424 265650 415374 150860 503014 2073600 2073600 3 12 247618 994560 993600 80851 70246 58016 68643 12 12 12 0 7 0 0 0 
[ 3313.327962] MESSAGE_B= 0 0 0 139 1 2 192 0 248 179 0 782 1624 916 882 1145 1491 1468 938 153 371 105 403 583 666 598 246 0 12 164 86 173 215 124 189 191 224 2 2 2 0 2 2 2 2 1 2 267064 630768 475372 13018 146542 2 2 20144 391452 179852 447512 501460 956 29146 2 424 265650 415374 150860 503014 2073600 2073600 3 12 248075 990720 993600 80967 70347 58086 68546 12 12 12 0 7 0 0 0 
[ 3313.486959] MESSAGE_B= 0 0 0 138 1 2 192 0 248 179 0 782 1629 916 883 1133 1493 1477 938 146 378 108 402 581 663 602 247 0 12 151 82 166 214 143 183 192 227 2 2 2 0 2 2 2 2 1 2 301640 723734 475372 13018 146542 2 2 20144 391452 179852 447512 501460 956 29146 2 424 265650 415374 150860 503014 2073600 2073600 3 12 247942 994560 993600 81033 70311 57986 68498 12 12 12 0 7 0 0 0 
[ 3313.764959] MESSAGE_B= 0 0 0 139 1 1 192 0 248 179 0 782 1630 917 883 1138 1490 1492 938 153 378 103 400 578 664 599 246 0 12 152 86 163 214 147 189 190 229 2 2 2 0 2 2 2 2 1 1 266704 629590 475372 13018 146542 2 2 20144 391452 179852 447512 501460 956 29146 2 424 265650 415374 150860 503014 2073600 2073600 1 12 247991 990720 993600 80970 70304 58042 68110 12 12 12 0 7 0 0 0 
[ 3314.042959] MESSAGE_B= 0 0 0 139 1 2 192 0 248 179 0 784 1629 921 884 1121 1493 1482 939 156 377 106 402 577 665 603 245 0 12 147 86 162 215 17 191 193 226 2 2 2 0 2 2 2 2 1 2 302026 721978 495342 391014 267868 514028 219290 500210 303136 261504 494250 534100 475956 168648 555282 216450 544558 117186 282336 505494 2073600 2073600 3 12 248054 994560 993600 80936 70353 58044 67947 12 12 12 0 7 0 0 0 
[ 3314.321307] MESSAGE_B= 0 0 0 139 1 1 192 0 248 179 0 799 1631 917 885 1122 1493 1482 938 165 377 106 404 577 665 602 247 0 12 152 85 162 214 0 187 191 225 2 2 2 0 2 2 2 2 1 1 266174 629010 495342 391014 267868 514028 219290 500210 303136 261504 494250 534100 475956 168648 555282 216450 544558 117186 282336 505494 2073600 2073600 1 12 248248 990720 993600 80924 70449 58163 68108 12 12 12 0 7 0 0 0 
[ 3314.605959] MESSAGE_B= 0 0 0 140 1 1 192 0 248 179 0 763 1636 917 885 1124 1491 1476 939 132 387 115 403 578 664 603 245 0 12 168 75 165 214 135 179 190 226 2 2 2 0 2 2 2 2 1 1 301436 719246 495342 391014 267868 514028 219290 500210 303136 261504 494250 534100 475956 168648 555282 216450 544558 117186 282336 505494 2073600 2073600 1 12 249488 994560 993600 81856 70513 58301 68073 12 12 12 0 11 0 0 0 
[ 3314.889162] MESSAGE_B= 0 0 0 139 2 2 192 0 248 179 0 765 1634 911 878 1137 1488 1476 938 129 377 112 402 581 657 596 246 0 12 174 83 166 215 204 191 189 223 2 2 2 0 2 2 2 2 2 2 267748 628862 495342 391014 267868 514028 219290 500210 303136 261504 494250 534100 475956 168648 555282 216450 544558 117186 282336 505494 2073600 2073600 1 12 248614 990720 993600 81098 70669 57664 68195 12 12 12 0 11 0 0 0 
[ 3315.175007] MESSAGE_B= 0 0 0 139 2 1 192 0 248 179 0 764 1634 916 879 1125 1489 1468 938 123 377 110 401 576 660 596 242 0 12 177 83 166 216 163 192 191 222 2 2 2 0 2 2 2 2 2 1 303848 715444 495342 391014 267868 514028 219290 500210 303136 261504 494250 534100 475956 168648 555282 216450 544558 117186 282336 505494 2073600 2073600 2 12 248125 994560 993600 81023 70486 57522 68045 12 12 12 0 7 0 0 0 
[ 3315.332084] MESSAGE_B= 0 0 0 139 2 1 192 0 248 179 0 763 1635 917 883 1130 1490 1469 938 129 375 109 409 578 656 599 245 0 12 174 83 167 214 56 191 190 223 2 2 2 0 2 2 2 2 2 1 267344 628196 495342 391014 267868 514028 219290 500210 303136 261504 494250 534100 475956 168648 555282 216450 544558 117186 282336 505494 2073600 2073600 2 12 248221 990720 993600 81048 70492 57587 68128 12 12 12 0 7 0 0 0 
[ 3315.611964] MESSAGE_B= 0 0 0 139 2 1 192 0 248 179 0 777 1631 917 878 1132 1490 1474 939 143 372 109 401 576 656 597 245 0 12 165 83 167 215 30 190 190 226 2 2 2 0 2 2 2 2 2 1 304052 714284 495342 391014 267868 514028 219290 500210 303136 261504 494250 534100 475956 168648 555282 216450 544558 117186 282336 505494 2073600 2073600 2 12 247919 994560 993600 80832 70364 57617 68060 12 12 12 0 7 0 0 0 
[ 3315.889965] MESSAGE_B= 0 0 0 139 2 1 192 0 248 179 0 774 1630 913 880 1115 1488 1466 937 144 375 102 402 576 654 599 245 0 12 170 89 164 214 68 193 190 223 2 2 2 0 2 2 2 2 2 1 266908 627960 495342 391014 267868 514028 219290 500210 303136 261504 494250 534100 475956 168648 555282 216450 544558 117186 282336 505494 2073600 2073600 2 12 248146 990720 993600 80882 70517 57644 67996 12 12 12 0 6 0 0 0 
