[ 4915.489970] MESSAGE_B= 4 4 0 64 0 1 192 0 248 179 0 147 189 147 189 16 60 16 61 602 689 603 691 0 355 0 357 0 7 255 255 0 255 0 255 255 253 0 0 0 0 2 2 2 2 0 1 8416 441600 21080 144234 23234 2 2 2 302768 300820 15664 7602 56650 66986 2 2 2 69006 63490 4018 2073600 2073600 5 7 382096 990720 993600 95103 95037 96099 95857 7 7 7 7 39 4 4 4 
[ 4915.763958] MESSAGE_B= 4 4 0 64 0 1 192 0 248 179 0 169 218 169 218 16 120 16 121 703 804 702 803 0 588 0 592 0 7 255 255 0 255 0 255 255 255 0 0 0 0 2 2 2 2 0 1 3142 449280 21080 144234 23234 2 2 2 302768 300820 15664 7602 56650 66986 2 2 2 69006 63490 4018 2073600 2073600 5 7 381868 994560 993600 95057 94965 96052 95794 7 7 7 7 25 4 4 4 
[ 4915.918691] MESSAGE_B= 4 4 4 64 0 1 192 0 248 179 0 169 218 169 218 16 120 16 121 703 804 702 802 0 588 0 594 0 7 255 255 0 255 0 255 255 255 0 0 0 0 2 2 2 2 0 1 4370 441600 21080 144234 23234 2 2 2 302768 300820 15664 7602 56650 66986 2 2 2 69006 63490 4018 2073600 2073600 5 7 381860 990720 993600 95060 94966 96043 95791 7 7 7 7 25 4 4 4 
[ 4916.191955] MESSAGE_B= 4 4 4 64 0 1 192 0 248 179 0 169 218 169 218 16 120 16 121 703 803 702 803 0 588 0 592 0 7 255 255 0 255 0 255 255 255 0 0 0 0 2 2 2 2 0 1 6248 447936 21080 144234 23234 2 2 2 302768 300820 15664 7602 56650 66986 2 2 2 69006 63490 4018 2073600 2073600 5 7 381865 994560 993600 95051 94973 96045 95796 7 7 7 7 7 4 4 4 
[ 4916.470879] MESSAGE_B= 4 4 4 64 0 1 192 0 248 179 0 169 218 169 218 16 120 16 121 703 803 702 803 0 588 0 592 0 7 255 255 0 255 0 255 255 255 0 0 0 0 2 2 2 2 0 1 4150 441600 21080 144234 23234 2 2 2 302768 300820 15664 7602 56650 66986 2 2 2 69006 63490 4018 2073600 2073600 5 7 381861 990720 993600 95050 94974 96049 95788 7 7 7 7 0 4 4 4 
[ 4916.743970] MESSAGE_B= 4 4 4 64 0 1 192 0 248 179 0 169 218 169 218 16 120 16 121 703 804 702 802 0 588 0 592 0 7 255 255 0 255 0 255 255 255 0 0 0 0 2 2 2 2 0 1 5824 447176 21080 144234 23234 2 2 2 302768 300820 15664 7602 56650 66986 2 2 2 69006 63490 4018 2073600 2073600 5 7 381863 994560 993600 95052 94974 96049 95788 7 7 7 7 0 4 4 4 
[ 4917.020953] MESSAGE_B= 4 4 4 64 0 1 192 0 248 179 0 169 218 169 218 16 120 16 121 703 804 702 802 0 588 0 594 0 7 255 255 0 255 0 255 255 255 0 0 0 0 2 2 2 2 0 1 4182 441600 21080 144234 23234 2 2 2 302768 300820 15664 7602 56650 66986 2 2 2 69006 63490 4018 2073600 2073600 5 7 381862 990720 993600 95051 94972 96048 95791 7 7 7 7 0 4 4 4 
[ 4917.301507] MESSAGE_B= 4 4 4 64 0 1 192 0 248 179 0 169 218 169 218 16 68 16 69 703 803 702 802 0 418 0 422 0 7 255 255 0 255 0 255 255 255 0 0 0 0 2 2 2 2 0 1 5694 447534 21080 144234 23234 2 2 2 302768 300820 15664 7602 56650 66986 2 2 2 69006 63490 4018 2073600 2073600 5 7 381860 994560 993600 95051 94971 96046 95792 7 7 7 7 0 4 4 4 
[ 4917.576980] MESSAGE_B= 4 4 4 64 0 1 192 0 248 179 0 169 218 169 218 16 68 16 69 703 803 702 803 0 418 0 422 0 7 255 255 0 255 0 255 255 255 0 0 0 0 2 2 2 2 0 1 4796 441600 21080 144234 23234 2 2 2 302768 300820 15664 7602 56650 66986 2 2 2 69006 63490 4018 2073600 2073600 5 7 381854 990720 993600 95052 94968 96044 95790 7 7 7 7 0 4 4 4 
[ 4917.852962] MESSAGE_B= 4 4 4 64 0 1 192 0 248 179 0 169 218 169 218 16 68 16 69 703 803 702 803 0 418 0 420 0 7 255 255 0 255 0 255 255 255 0 0 0 0 2 2 2 2 0 1 5470 447268 21644 20936 9668 24066 30076 63860 30890 65774 64542 4410 64022 64454 4722 11974 19226 99722 80614 20376 2073600 2073600 5 7 381857 994560 993600 95054 94970 96043 95790 7 7 7 7 0 4 4 4 
[ 4918.135114] MESSAGE_B= 4 4 4 64 0 1 192 0 248 179 0 169 218 169 218 16 68 16 69 703 803 702 802 0 418 0 422 0 7 255 255 0 255 0 255 255 255 0 0 0 0 2 2 2 2 0 1 4734 441600 21644 20936 9668 24066 30076 63860 30890 65774 64542 4410 64022 64454 4722 11974 19226 99722 80614 20376 2073600 2073600 5 7 381851 990720 993600 95051 94967 96043 95790 7 7 7 7 0 4 4 4 
[ 4918.287957] MESSAGE_B= 4 4 4 64 0 1 192 0 248 179 0 169 218 169 218 16 68 16 69 703 803 702 802 0 418 0 422 0 7 255 255 0 255 0 255 255 255 0 0 0 0 2 2 2 2 0 1 5278 447208 21644 20936 9668 24066 30076 63860 30890 65774 64542 4410 64022 64454 4722 11974 19226 99722 80614 20376 2073600 2073600 5 7 381856 994560 993600 95052 94969 96044 95791 7 7 7 7 0 4 4 4 
[ 4918.561963] MESSAGE_B= 4 4 4 64 0 1 192 0 248 179 0 169 218 169 218 16 68 16 69 703 803 702 802 0 418 0 422 0 7 255 255 0 255 0 255 255 255 0 0 0 0 2 2 2 2 0 1 5212 441600 21644 20936 9668 24066 30076 63860 30890 65774 64542 4410 64022 64454 4722 11974 19226 99722 80614 20376 2073600 2073600 5 7 381852 990720 993600 95051 94967 96044 95790 7 7 7 7 0 4 4 4 
[ 4918.837953] MESSAGE_B= 4 4 4 64 0 1 192 0 248 179 0 169 218 169 218 16 68 16 69 703 803 702 802 0 418 0 422 0 7 255 255 0 255 0 255 255 255 0 0 0 0 2 2 2 2 0 1 5122 447348 21644 20936 9668 24066 30076 63860 30890 65774 64542 4410 64022 64454 4722 11974 19226 99722 80614 20376 2073600 2073600 5 7 381851 994560 993600 95051 94967 96043 95790 7 7 7 7 0 4 4 4 
[ 4919.111951] MESSAGE_B= 4 4 4 64 0 1 192 0 248 179 0 169 218 169 218 16 68 16 69 703 803 702 802 0 418 0 422 0 7 255 255 0 255 0 255 255 255 0 0 0 0 2 2 2 2 0 1 5180 441600 21644 20936 9668 24066 30076 63860 30890 65774 64542 4410 64022 64454 4722 11974 19226 99722 80614 20376 2073600 2073600 5 7 381849 990720 993600 95051 94968 96042 95788 7 7 7 7 0 4 4 4 
[ 4919.385965] MESSAGE_B= 4 4 4 64 0 1 192 0 248 179 0 169 218 169 218 16 68 16 69 703 803 702 802 0 418 0 422 0 7 255 255 0 255 0 255 255 255 0 0 0 0 2 2 2 2 0 1 5040 447778 21644 20936 9668 24066 30076 63860 30890 65774 64542 4410 64022 64454 4722 11974 19226 99722 80614 20376 2073600 2073600 5 7 381851 994560 993600 95051 94969 96043 95788 7 7 7 7 0 4 4 4 
[ 4919.658977] MESSAGE_B= 4 4 4 64 0 1 192 0 248 179 0 169 218 169 218 16 68 16 69 703 803 702 802 0 418 0 422 0 7 255 255 0 255 0 255 255 255 0 0 0 0 2 2 2 2 0 1 5032 441600 21644 20936 9668 24066 30076 63860 30890 65774 64542 4410 64022 64454 4722 11974 19226 99722 80614 20376 2073600 2073600 5 7 381853 990720 993600 95051 94971 96043 95788 7 7 7 7 0 4 4 4 
[ 4919.935990] MESSAGE_B= 4 4 4 64 0 1 192 0 248 179 0 169 218 169 218 16 68 16 69 703 803 702 802 0 418 0 422 0 7 255 255 0 255 0 255 255 255 0 0 0 0 2 2 2 2 0 1 5138 447326 21644 20936 9668 24066 30076 63860 30890 65774 64542 4410 64022 64454 4722 11974 19226 99722 80614 20376 2073600 2073600 5 7 381859 994560 993600 95052 94972 96045 95790 7 7 7 7 0 4 4 4 
[ 4920.214967] MESSAGE_B= 4 4 4 64 0 1 192 0 248 179 0 169 218 169 218 16 68 16 69 703 803 702 802 0 418 0 422 0 7 255 255 0 255 0 255 255 255 0 0 0 0 2 2 2 2 0 1 4702 441600 21694 25818 7938 24254 28718 62314 29928 64436 64498 4406 69438 66230 4558 13788 18654 97748 81156 20886 2073600 2073600 5 7 381861 990720 993600 95051 94975 96047 95788 7 7 7 7 0 4 4 4 
[ 4920.369948] MESSAGE_B= 4 4 4 64 0 1 192 0 248 179 0 169 218 169 218 16 68 16 69 703 803 702 802 0 418 0 422 0 7 255 255 0 255 0 255 255 255 0 0 0 0 2 2 2 2 0 1 5028 447884 21694 25818 7938 24254 28718 62314 29928 64436 64498 4406 69438 66230 4558 13788 18654 97748 81156 20886 2073600 2073600 5 7 381863 994560 993600 95049 94978 96046 95790 7 7 7 7 0 4 4 4 
[ 4920.643997] MESSAGE_B= 4 4 4 64 0 1 192 0 248 179 0 169 218 169 218 16 68 16 69 702 804 702 802 0 418 0 422 0 7 255 255 0 255 0 255 255 255 0 0 0 0 2 2 2 2 0 1 4936 441600 21694 25818 7938 24254 28718 62314 29928 64436 64498 4406 69438 66230 4558 13788 18654 97748 81156 20886 2073600 2073600 5 7 381848 990720 993600 95046 94972 96044 95786 7 7 7 7 0 4 4 4 
[ 4920.916960] MESSAGE_B= 4 4 4 64 0 1 192 0 248 179 0 169 218 169 218 16 68 16 69 702 804 702 802 0 418 0 422 0 7 255 255 0 255 0 255 255 255 0 0 0 0 2 2 2 2 0 1 4902 447490 21694 25818 7938 24254 28718 62314 29928 64436 64498 4406 69438 66230 4558 13788 18654 97748 81156 20886 2073600 2073600 5 7 381847 994560 993600 95045 94972 96045 95785 7 7 7 7 0 4 4 4 
[ 4921.190960] MESSAGE_B= 4 4 4 64 0 1 192 0 248 179 0 169 218 169 218 16 68 16 69 702 804 702 803 0 418 0 422 0 7 255 255 0 255 0 255 255 255 0 0 0 0 2 2 2 2 0 1 4978 441600 21694 25818 7938 24254 28718 62314 29928 64436 64498 4406 69438 66230 4558 13788 18654 97748 81156 20886 2073600 2073600 5 7 381851 990720 993600 95044 94974 96046 95787 7 7 7 7 0 4 4 4 
[ 4921.467953] MESSAGE_B= 4 4 4 64 0 1 192 0 248 179 0 169 218 169 218 16 68 16 69 702 804 702 803 0 418 0 422 0 7 255 255 0 255 0 255 255 255 0 0 0 0 2 2 2 2 0 1 4756 447892 21694 25818 7938 24254 28718 62314 29928 64436 64498 4406 69438 66230 4558 13788 18654 97748 81156 20886 2073600 2073600 5 7 381860 994560 993600 95047 94977 96046 95790 7 7 7 7 0 4 4 4 
[ 4921.749963] MESSAGE_B= 4 4 4 64 0 1 192 0 248 179 0 165 213 165 213 16 67 16 68 686 784 683 784 0 410 0 414 0 7 255 255 0 255 0 255 255 254 0 0 0 0 2 2 2 2 0 1 4984 441600 21694 25818 7938 24254 28718 62314 29928 64436 64498 4406 69438 66230 4558 13788 18654 97748 81156 20886 2073600 2073600 5 7 381857 990720 993600 95050 94976 96037 95794 7 7 7 7 16 4 4 4 
[ 4922.022966] MESSAGE_B= 4 4 4 64 0 1 192 0 248 179 0 135 176 136 176 16 57 16 58 550 636 556 636 0 329 0 333 0 7 255 255 0 255 0 255 255 252 0 0 0 0 2 2 2 2 0 1 4190 448148 21694 25818 7938 24254 28718 62314 29928 64436 64498 4406 69438 66230 4558 13788 18654 97748 81156 20886 2073600 2073600 5 7 382129 994560 993600 95112 95047 96103 95867 7 7 7 7 16 4 4 4 
[ 4922.296961] MESSAGE_B= 4 0 4 64 0 1 192 0 248 179 0 67 92 67 92 16 16 16 16 290 352 291 352 0 0 0 0 0 7 255 255 0 0 0 255 255 0 0 0 0 0 2 2 2 2 0 1 4666 441600 21694 25818 7938 24254 28718 62314 29928 64436 64498 4406 69438 66230 4558 13788 18654 97748 81156 20886 2073600 2073600 5 7 383187 990720 993600 95525 95449 96219 95994 7 7 7 7 17 4 0 0 
[ 4922.576964] MESSAGE_B= 4 7 4 62 0 1 192 0 248 179 0 0 0 0 0 0 0 0 0 0 0 0 0 0 0 0 0 1 12 0 0 0 0 0 0 0 0 1 1 1 1 1 1 1 1 0 1 5890 441600 19436 25886 7798 23998 28690 62576 30176 63130 22788 3478 69582 65082 4576 12440 19802 97214 69202 22528 2073600 2073600 5 12 512402 994560 993600 128101 128101 128102 128098 12 12 12 12 55 4 0 0 
[ 4922.852951] MESSAGE_B= 4 7 4 254 0 2 192 0 248 179 0 0 0 0 0 0 0 0 0 0 0 0 0 0 0 0 0 1 12 0 0 0 0 0 0 0 0 1 1 1 1 1 1 1 1 0 2 3132 441600 19436 25886 7798 23998 28690 62576 30176 63130 22788 3478 69582 65082 4576 12440 19802 97214 69202 22528 2073600 2073600 5 12 512416 990720 993600 128104 128104 128104 128104 12 12 12 12 55 4 0 0 
[ 4923.125966] MESSAGE_B= 4 7 4 255 0 1 192 0 248 179 0 0 0 0 0 0 0 0 0 0 0 0 0 0 0 0 0 1 12 0 0 0 0 0 0 0 0 1 1 1 1 1 1 1 1 0 1 0 435888 19436 25886 7798 23998 28690 62576 30176 63130 22788 3478 69582 65082 4576 12440 19802 97214 69202 22528 2073600 2073600 5 12 512416 994560 993600 128104 128104 128104 128104 12 12 12 12 0 4 0 0 
[ 4923.277949] MESSAGE_B= 4 7 4 253 0 1 192 0 248 179 0 0 0 0 0 0 0 0 0 0 0 0 0 0 0 0 0 1 12 0 0 0 0 0 0 0 0 1 1 1 1 1 1 1 1 0 1 0 0 19436 25886 7798 23998 28690 62576 30176 63130 22788 3478 69582 65082 4576 12440 19802 97214 69202 22528 2073600 2073600 4 12 512416 990720 993600 128104 128104 128104 128104 12 12 12 12 0 4 0 0 
[ 4923.552947] MESSAGE_B= 4 7 4 255 0 1 192 0 248 179 0 0 0 0 0 0 0 0 0 0 0 0 0 0 0 0 0 1 12 0 0 0 0 0 0 0 0 1 1 1 1 1 1 1 1 0 1 0 0 19436 25886 7798 23998 28690 62576 30176 63130 22788 3478 69582 65082 4576 12440 19802 97214 69202 22528 2073600 2073600 4 12 512416 994560 993600 128104 128104 128104 128104 12 12 12 12 0 4 0 0 
[ 4923.823951] MESSAGE_B= 4 7 4 253 0 1 192 0 248 179 0 0 0 0 0 0 0 0 0 0 0 0 0 0 0 0 0 1 12 0 0 0 0 0 0 0 0 1 1 1 1 1 1 1 1 0 1 0 0 19436 25886 7798 23998 28690 62576 30176 63130 22788 3478 69582 65082 4576 12440 19802 97214 69202 22528 2073600 2073600 4 12 512416 990720 993600 128104 128104 128104 128104 12 12 12 12 0 4 0 0 
[ 4924.100948] MESSAGE_B= 4 7 4 255 0 1 192 0 248 179 0 0 0 0 0 0 0 0 0 0 0 0 0 0 0 0 0 1 12 0 0 0 0 0 0 0 0 1 1 1 1 1 1 1 1 0 1 0 0 19436 25886 7798 23998 28690 62576 30176 63130 22788 3478 69582 65082 4576 12440 19802 97214 69202 22528 2073600 2073600 4 12 512416 994560 993600 128104 128104 128104 128104 12 12 12 12 0 4 0 0 
[ 4924.375954] MESSAGE_B= 4 7 4 255 0 1 192 0 248 179 0 0 0 0 0 0 0 0 0 0 0 0 0 0 0 0 0 1 12 0 0 0 0 0 0 0 0 1 1 1 1 1 1 1 1 0 1 0 0 19436 25886 7798 23998 28690 62576 30176 63130 22788 3478 69582 65082 4576 12440 19802 97214 69202 22528 2073600 2073600 4 12 512416 990720 993600 128104 128104 128104 128104 12 12 12 12 0 4 0 0 
[ 4924.653403] MESSAGE_B= 4 7 4 255 0 1 192 0 248 179 0 0 0 0 0 0 0 0 0 0 0 0 0 0 0 0 0 1 12 0 0 0 0 0 0 0 0 1 1 1 1 1 1 1 1 0 1 0 0 19436 25886 7798 23998 28690 62576 30176 63130 22788 3478 69582 65082 4576 12440 19802 97214 69202 22528 2073600 2073600 4 12 512416 994560 993600 128104 128104 128104 128104 12 12 12 12 0 4 0 0 
[ 4924.923947] MESSAGE_B= 4 7 4 255 0 1 192 0 248 179 0 0 0 0 0 0 0 0 0 0 0 0 0 0 0 0 0 1 12 0 0 0 0 0 0 0 0 1 1 1 1 1 1 1 1 0 1 0 0 2 16052 2694 2 2 2 4618 1772 2 2 59734 63434 2 2 2 68862 58812 2 2073600 2073600 4 12 512416 990720 993600 128104 128104 128104 128104 12 12 12 12 0 4 0 0 
[ 4925.192951] MESSAGE_B= 4 7 4 253 0 1 192 0 248 179 0 0 0 0 0 0 0 0 0 0 0 0 0 0 0 0 0 1 12 0 0 0 0 0 0 0 0 1 1 1 1 1 1 1 1 0 1 0 0 2 16052 2694 2 2 2 4618 1772 2 2 59734 63434 2 2 2 68862 58812 2 2073600 2073600 4 12 512416 994560 993600 128104 128104 128104 128104 12 12 12 12 0 4 0 0 
[ 4925.459957] MESSAGE_B= 4 7 4 255 0 1 192 0 248 179 0 0 0 0 0 0 0 0 0 0 0 0 0 0 0 0 0 1 12 0 0 0 0 0 0 0 0 1 1 1 1 1 1 1 1 0 1 0 0 2 16052 2694 2 2 2 4618 1772 2 2 59734 63434 2 2 2 68862 58812 2 2073600 2073600 4 12 512416 990720 993600 128104 128104 128104 128104 12 12 12 12 0 4 0 0 
[ 4925.737954] MESSAGE_B= 4 0 4 253 6 4 192 0 248 179 0 0 0 0 0 0 0 0 0 0 0 0 0 0 0 0 0 1 12 0 0 0 0 0 0 0 0 1 1 0 0 1 0 0 1 6 4 0 0 2 16052 2694 2 2 2 4618 1772 2 2 59734 63434 2 2 2 68862 58812 2 2073600 2073600 4 12 510206 994560 993600 127929 127985 127172 127120 12 12 12 12 254 4 0 0 
[ 4926.005948] MESSAGE_B= 5 0 4 255 6 4 192 0 248 179 0 0 0 0 0 0 0 0 0 0 0 0 0 0 0 0 0 1 12 0 0 0 0 0 0 0 0 1 1 0 0 1 0 0 1 6 4 1090 0 2 16052 2694 2 2 2 4618 1772 2 2 59734 63434 2 2 2 68862 58812 2 2073600 2073600 6 12 510206 990720 993600 127929 127985 127171 127121 12 12 12 12 254 4 0 0 
[ 4926.283958] MESSAGE_B= 4 0 4 255 6 4 192 0 248 179 0 0 0 0 0 0 0 0 0 0 0 0 0 0 0 0 0 1 12 0 0 0 0 0 0 0 0 1 1 0 0 1 0 0 1 6 4 660 7570 2 16052 2694 2 2 2 4618 1772 2 2 59734 63434 2 2 2 68862 58812 2 2073600 2073600 4 12 510204 994560 993600 127929 127985 127169 127121 12 12 12 12 7 4 0 0 
[ 4926.551953] MESSAGE_B= 5 0 0 253 6 4 192 0 248 179 0 0 0 0 0 0 0 0 0 0 0 0 0 0 0 0 0 1 12 0 0 0 0 0 0 0 0 1 1 0 0 1 0 0 1 6 4 1076 0 2 16052 2694 2 2 2 4618 1772 2 2 59734 63434 2 2 2 68862 58812 2 2073600 2073600 6 12 510204 990720 993600 127929 127985 127169 127121 12 12 12 12 6 4 0 0 
[ 4926.700115] MESSAGE_B= 4 0 0 255 6 4 192 0 248 179 0 0 0 0 0 0 0 0 0 0 0 0 0 0 0 0 0 1 12 0 0 0 0 0 0 0 0 1 1 0 0 1 0 0 1 6 4 664 7582 2 16052 2694 2 2 2 4618 1772 2 2 59734 63434 2 2 2 68862 58812 2 2073600 2073600 4 12 510202 994560 993600 127929 127985 127166 127122 12 12 12 12 6 4 0 0 
[ 4926.967958] MESSAGE_B= 5 0 0 255 6 4 192 0 248 179 0 0 0 0 0 0 0 0 0 0 0 0 0 0 0 0 0 1 12 0 0 0 0 0 0 0 0 1 1 0 0 1 0 0 1 6 4 1092 0 2 16052 2694 2 2 2 4618 1772 2 2 59734 63434 2 2 2 68862 58812 2 2073600 2073600 6 12 510203 990720 993600 127929 127985 127167 127122 12 12 12 12 6 4 0 0 
[ 4927.243377] MESSAGE_B= 4 0 0 255 6 4 192 0 248 179 0 0 0 0 0 0 0 0 0 0 0 0 0 0 0 0 0 1 12 0 0 0 0 0 0 0 0 1 1 0 0 1 0 0 1 6 4 666 7574 14638 4630 3410 2 2 14672 30870 24512 14650 724 60610 63434 2 840 894 76614 59712 804 2073600 2073600 4 12 510201 994560 993600 127929 127985 127168 127119 12 12 12 12 5 4 0 0 
[ 4927.515959] MESSAGE_B= 5 0 0 255 6 4 192 0 248 179 0 0 0 0 0 0 0 0 0 0 0 0 0 0 0 0 0 1 12 0 0 0 0 0 0 0 0 1 1 0 0 1 0 0 1 6 4 1074 0 14638 4630 3410 2 2 14672 30870 24512 14650 724 60610 63434 2 840 894 76614 59712 804 2073600 2073600 6 12 510202 990720 993600 127929 127985 127170 127118 12 12 12 12 5 4 0 0 
[ 4927.789947] MESSAGE_B= 4 0 0 253 6 4 192 0 248 179 0 0 0 0 0 0 0 0 0 0 0 0 0 0 0 0 0 1 12 0 0 0 0 0 0 0 0 1 1 0 0 1 0 0 1 6 4 642 7574 14638 4630 3410 2 2 14672 30870 24512 14650 724 60610 63434 2 840 894 76614 59712 804 2073600 2073600 4 12 510204 994560 993600 127929 127985 127172 127118 12 12 12 12 5 4 0 0 
[ 4928.058956] MESSAGE_B= 5 0 0 253 6 4 192 0 248 179 0 0 0 0 0 0 0 0 0 0 0 0 0 0 0 0 0 1 12 0 0 0 0 0 0 0 0 1 1 0 0 1 0 0 1 6 4 1048 0 14638 4630 3410 2 2 14672 30870 24512 14650 724 60610 63434 2 840 894 76614 59712 804 2073600 2073600 6 12 510203 990720 993600 127929 127985 127170 127119 12 12 12 12 5 4 0 0 
[ 4928.329957] MESSAGE_B= 4 0 0 253 6 4 192 0 248 179 0 0 0 0 0 0 0 0 0 0 0 0 0 0 0 0 0 1 12 0 0 0 0 0 0 0 0 1 1 0 0 1 0 0 1 6 4 618 7578 14638 4630 3410 2 2 14672 30870 24512 14650 724 60610 63434 2 840 894 76614 59712 804 2073600 2073600 4 12 510199 994560 993600 127929 127985 127168 127117 12 12 12 12 5 4 0 0 
[ 4928.606950] MESSAGE_B= 5 0 0 255 6 4 192 0 248 179 0 0 0 0 0 0 0 0 0 0 0 0 0 0 0 0 0 1 12 0 0 0 0 0 0 0 0 1 1 0 0 1 0 0 1 6 4 1050 0 14638 4630 3410 2 2 14672 30870 24512 14650 724 60610 63434 2 840 894 76614 59712 804 2073600 2073600 6 12 510204 990720 993600 127930 127985 127171 127118 12 12 12 12 5 4 0 0 
[ 4928.895376] MESSAGE_B= 4 0 0 255 6 4 192 0 248 179 0 0 0 0 0 0 0 0 0 0 0 0 0 0 0 0 0 1 12 0 0 0 0 0 0 0 0 1 1 0 0 1 0 0 1 6 4 632 7574 14638 4630 3410 2 2 14672 30870 24512 14650 724 60610 63434 2 840 894 76614 59712 804 2073600 2073600 4 12 510205 994560 993600 127930 127985 127171 127119 12 12 12 12 5 4 0 0 
[ 4929.043955] MESSAGE_B= 5 0 0 253 6 4 192 0 248 179 0 0 0 0 0 0 0 0 0 0 0 0 0 0 0 0 0 1 12 0 0 0 0 0 0 0 0 1 1 0 0 1 0 0 1 6 4 1018 0 14638 4630 3410 2 2 14672 30870 24512 14650 724 60610 63434 2 840 894 76614 59712 804 2073600 2073600 6 12 510205 990720 993600 127930 127985 127171 127119 12 12 12 12 5 4 0 0 
[ 4929.313953] MESSAGE_B= 4 0 0 255 6 4 192 0 248 179 0 0 0 0 0 0 0 0 0 0 0 0 0 0 0 0 0 1 12 0 0 0 0 0 0 0 0 1 1 0 0 1 0 0 1 6 4 642 7576 14638 4630 3410 2 2 14672 30870 24512 14650 724 60610 63434 2 840 894 76614 59712 804 2073600 2073600 4 12 510199 994560 993600 127930 127985 127170 127114 12 12 12 12 5 4 0 0 
[ 4929.594588] MESSAGE_B= 5 0 0 255 6 4 192 0 248 179 0 0 0 0 0 0 0 0 0 0 0 0 0 0 0 0 0 1 12 0 0 0 0 0 0 0 0 1 1 0 0 1 0 0 1 6 4 1024 0 14638 17342 8086 14796 14576 14696 31292 24452 14654 718 58942 53674 772 790 876 65780 60016 832 2073600 2073600 6 12 510199 990720 993600 127930 127985 127170 127114 12 12 12 12 5 4 0 0 
[ 4929.865951] MESSAGE_B= 4 0 0 255 6 4 192 0 248 179 0 0 0 0 0 0 0 0 0 0 0 0 0 0 0 0 0 1 12 0 0 0 0 0 0 0 0 1 1 0 0 1 0 0 1 6 4 644 7576 14638 17342 8086 14796 14576 14696 31292 24452 14654 718 58942 53674 772 790 876 65780 60016 832 2073600 2073600 4 12 510204 994560 993600 127930 127985 127172 127117 12 12 12 12 5 4 0 0 
[ 4930.141597] MESSAGE_B= 5 0 0 255 6 4 192 0 248 179 0 0 0 0 0 0 0 0 0 0 0 0 0 0 0 0 0 1 12 0 0 0 0 0 0 0 0 1 1 0 0 1 0 0 1 6 4 1034 0 14638 17342 8086 14796 14576 14696 31292 24452 14654 718 58942 53674 772 790 876 65780 60016 832 2073600 2073600 6 12 510203 990720 993600 127930 127985 127169 127119 12 12 12 12 5 4 0 0 
[ 4930.412948] MESSAGE_B= 4 0 0 253 6 4 192 0 248 179 0 0 0 0 0 0 0 0 0 0 0 0 0 0 0 0 0 1 12 0 0 0 0 0 0 0 0 1 1 0 0 1 0 0 1 6 4 634 7578 14638 17342 8086 14796 14576 14696 31292 24452 14654 718 58942 53674 772 790 876 65780 60016 832 2073600 2073600 4 12 510201 994560 993600 127930 127985 127169 127117 12 12 12 12 5 4 0 0 
[ 4930.691286] MESSAGE_B= 5 0 0 253 6 4 192 0 248 179 0 0 0 0 0 0 0 0 0 0 0 0 0 0 0 0 0 1 12 0 0 0 0 0 0 0 0 1 1 0 0 1 0 0 1 6 4 1030 0 14638 17342 8086 14796 14576 14696 31292 24452 14654 718 58942 53674 772 790 876 65780 60016 832 2073600 2073600 6 12 510204 990720 993600 127930 127985 127170 127119 12 12 12 12 5 4 0 0 
[ 4930.962953] MESSAGE_B= 4 0 0 255 2 2 192 0 248 179 0 0 0 0 0 0 0 0 0 0 0 0 0 0 0 0 0 1 12 0 0 0 0 0 0 0 0 0 0 0 0 1 0 0 1 2 2 634 7586 14638 17342 8086 14796 14576 14696 31292 24452 14654 718 58942 53674 772 790 876 65780 60016 832 2073600 2073600 4 12 503153 994560 993600 125595 126054 125648 125856 12 12 12 12 246 4 0 0 
[ 4931.237136] MESSAGE_B= 5 0 0 252 2 3 192 0 248 179 0 0 0 0 0 0 0 0 0 0 0 0 0 0 0 0 0 1 12 0 0 0 0 0 0 0 0 0 0 0 0 1 0 0 1 2 3 2628 0 14638 17342 8086 14796 14576 14696 31292 24452 14654 718 58942 53674 772 790 876 65780 60016 832 2073600 2073600 6 12 503153 990720 993600 125593 126053 125649 125858 12 12 12 12 246 4 0 0 
[ 4931.507948] MESSAGE_B= 4 0 0 250 2 3 192 0 248 179 0 0 0 0 0 0 0 0 0 0 0 0 0 0 0 0 0 1 12 0 0 0 0 0 0 0 0 0 0 0 0 1 0 0 1 2 3 5914 48290 14638 17342 8086 14796 14576 14696 31292 24452 14654 718 58942 53674 772 790 876 65780 60016 832 2073600 2073600 5 12 503155 994560 993600 125594 126052 125648 125861 12 12 12 12 6 4 0 0 
[ 4931.781954] MESSAGE_B= 0 0 0 250 2 3 192 0 248 179 0 0 0 0 0 0 0 0 0 0 0 0 0 0 0 0 0 1 12 0 0 0 0 0 0 0 0 0 0 0 0 1 0 0 1 2 3 2636 46426 14638 17342 8086 14796 14576 14696 31292 24452 14654 718 58942 53674 772 790 876 65780 60016 832 2073600 2073600 3 12 503149 990720 993600 125589 126050 125650 125860 12 12 12 12 6 4 0 0 
[ 4932.052947] MESSAGE_B= 4 0 0 250 2 3 192 0 248 179 0 0 0 0 0 0 0 0 0 0 0 0 0 0 0 0 0 1 12 0 0 0 0 0 0 0 0 0 0 0 0 1 0 0 1 2 3 5960 48310 3112 17382 7446 14798 14582 14706 39568 25648 3786 6232 58958 62738 798 798 810 77162 59214 6624 2073600 2073600 5 12 503157 994560 993600 125595 126049 125651 125862 12 12 12 12 6 4 0 0 
[ 4932.204949] MESSAGE_B= 0 0 0 250 2 3 192 0 248 179 0 0 0 0 0 0 0 0 0 0 0 0 0 0 0 0 0 1 12 0 0 0 0 0 0 0 0 0 0 0 0 1 0 0 1 2 3 2646 46412 3112 17382 7446 14798 14582 14706 39568 25648 3786 6232 58958 62738 798 798 810 77162 59214 6624 2073600 2073600 3 12 503160 990720 993600 125595 126052 125650 125863 12 12 12 12 5 4 0 0 
[ 4932.476951] MESSAGE_B= 4 0 0 250 2 3 192 0 248 179 0 0 0 0 0 0 0 0 0 0 0 0 0 0 0 0 0 1 12 0 0 0 0 0 0 0 0 0 0 0 0 1 0 0 1 2 3 5922 48326 3112 17382 7446 14798 14582 14706 39568 25648 3786 6232 58958 62738 798 798 810 77162 59214 6624 2073600 2073600 5 12 503155 994560 993600 125594 126048 125649 125864 12 12 12 12 5 4 0 0 
[ 4932.755953] MESSAGE_B= 0 0 0 250 2 3 192 0 248 179 0 0 0 0 0 0 0 0 0 0 0 0 0 0 0 0 0 1 12 0 0 0 0 0 0 0 0 0 0 0 0 1 0 0 1 2 3 2652 46396 3112 17382 7446 14798 14582 14706 39568 25648 3786 6232 58958 62738 798 798 810 77162 59214 6624 2073600 2073600 3 12 503161 990720 993600 125597 126050 125650 125864 12 12 12 12 5 4 0 0 
[ 4933.030946] MESSAGE_B= 4 0 0 250 2 3 192 0 248 179 0 0 0 0 0 0 0 0 0 0 0 0 0 0 0 0 0 1 12 0 0 0 0 0 0 0 0 0 0 0 0 1 0 0 1 2 3 5952 48330 3112 17382 7446 14798 14582 14706 39568 25648 3786 6232 58958 62738 798 798 810 77162 59214 6624 2073600 2073600 5 12 503157 994560 993600 125593 126051 125651 125862 12 12 12 12 4 4 0 0 
[ 4933.304481] MESSAGE_B= 0 0 0 250 2 3 192 0 248 179 0 0 0 0 0 0 0 0 0 0 0 0 0 0 0 0 0 1 12 0 0 0 0 0 0 0 0 0 0 0 0 1 0 0 1 2 3 2626 46420 3112 17382 7446 14798 14582 14706 39568 25648 3786 6232 58958 62738 798 798 810 77162 59214 6624 2073600 2073600 3 12 503158 990720 993600 125593 126050 125652 125863 12 12 12 12 4 4 0 0 
[ 4933.581958] MESSAGE_B= 4 0 0 250 2 3 192 0 248 179 0 0 0 0 0 0 0 0 0 0 0 0 0 0 0 0 0 1 12 0 0 0 0 0 0 0 0 0 0 0 0 1 0 0 1 2 3 5992 48336 3112 17382 7446 14798 14582 14706 39568 25648 3786 6232 58958 62738 798 798 810 77162 59214 6624 2073600 2073600 5 12 503157 994560 993600 125592 126052 125651 125862 12 12 12 12 4 4 0 0 
[ 4933.853946] MESSAGE_B= 0 0 0 250 2 3 192 0 248 179 0 0 0 0 0 0 0 0 0 0 0 0 0 0 0 0 0 1 12 0 0 0 0 0 0 0 0 0 0 0 0 1 0 0 1 2 3 2646 46474 3112 17382 7446 14798 14582 14706 39568 25648 3786 6232 58958 62738 798 798 810 77162 59214 6624 2073600 2073600 3 12 503162 990720 993600 125593 126055 125652 125862 12 12 12 12 4 4 0 0 
[ 4934.123950] MESSAGE_B= 4 0 0 252 2 3 192 0 248 179 0 0 0 0 0 0 0 0 0 0 0 0 0 0 0 0 0 1 12 0 0 0 0 0 0 0 0 0 0 0 0 1 0 0 1 2 3 5982 48342 3112 17382 7446 14798 14582 14706 39568 25648 3786 6232 58958 62738 798 798 810 77162 59214 6624 2073600 2073600 5 12 503165 994560 993600 125594 126055 125653 125863 12 12 12 12 4 4 0 0 
[ 4934.402991] MESSAGE_B= 0 0 0 252 2 3 192 0 248 179 0 0 0 0 0 0 0 0 0 0 0 0 0 0 0 0 0 1 12 0 0 0 0 0 0 0 0 0 0 0 0 1 0 0 1 2 3 2642 46434 3162 1082 21782 3596 3934 4550 37216 25660 3862 6312 71258 44058 6558 6532 6858 88642 59420 6716 2073600 2073600 3 12 503152 990720 993600 125591 126050 125650 125861 12 12 12 12 4 4 0 0 
[ 4934.683958] MESSAGE_B= 4 0 0 252 2 3 192 0 248 179 0 0 0 0 0 0 0 0 0 0 0 0 0 0 0 0 0 1 12 0 0 0 0 0 0 0 0 0 0 0 0 1 0 0 1 2 3 5948 48376 3162 1082 21782 3596 3934 4550 37216 25660 3862 6312 71258 44058 6558 6532 6858 88642 59420 6716 2073600 2073600 5 12 503155 994560 993600 125596 126049 125647 125863 12 12 12 12 4 4 0 0 
[ 4934.850960] MESSAGE_B= 0 0 0 252 2 3 192 0 248 179 0 0 0 0 0 0 0 0 0 0 0 0 0 0 0 0 0 1 12 0 0 0 0 0 0 0 0 0 0 0 0 1 0 0 1 2 3 2634 46428 3162 1082 21782 3596 3934 4550 37216 25660 3862 6312 71258 44058 6558 6532 6858 88642 59420 6716 2073600 2073600 3 12 503158 990720 993600 125598 126048 125647 125865 12 12 12 12 4 4 0 0 
[ 4935.121949] MESSAGE_B= 4 0 0 250 2 3 192 0 248 179 0 0 0 0 0 0 0 0 0 0 0 0 0 0 0 0 0 1 12 0 0 0 0 0 0 0 0 0 0 0 0 1 0 0 1 2 3 5930 48358 3162 1082 21782 3596 3934 4550 37216 25660 3862 6312 71258 44058 6558 6532 6858 88642 59420 6716 2073600 2073600 5 12 503159 994560 993600 125597 126050 125646 125866 12 12 12 12 4 4 0 0 
[ 4935.392949] MESSAGE_B= 0 0 0 252 2 3 192 0 248 179 0 0 0 0 0 0 0 0 0 0 0 0 0 0 0 0 0 1 12 0 0 0 0 0 0 0 0 0 0 0 0 1 0 0 1 2 3 2640 46426 3162 1082 21782 3596 3934 4550 37216 25660 3862 6312 71258 44058 6558 6532 6858 88642 59420 6716 2073600 2073600 3 12 503160 990720 993600 125597 126052 125648 125863 12 12 12 12 4 4 0 0 
[ 4935.673025] MESSAGE_B= 4 0 0 252 2 3 192 0 248 179 0 0 0 0 0 0 0 0 0 0 0 0 0 0 0 0 0 1 12 0 0 0 0 0 0 0 0 0 0 0 0 1 0 0 1 2 3 5906 48396 3162 1082 21782 3596 3934 4550 37216 25660 3862 6312 71258 44058 6558 6532 6858 88642 59420 6716 2073600 2073600 5 12 503167 994560 993600 125600 126051 125651 125865 12 12 12 12 4 4 0 0 
[ 4935.946163] MESSAGE_B= 0 0 0 250 2 3 192 0 248 179 0 0 0 0 0 0 0 0 0 0 0 0 0 0 0 0 0 1 12 0 0 0 0 0 0 0 0 0 0 0 0 1 0 0 1 2 3 2648 46418 3162 1082 21782 3596 3934 4550 37216 25660 3862 6312 71258 44058 6558 6532 6858 88642 59420 6716 2073600 2073600 3 12 503162 990720 993600 125596 126051 125648 125867 12 12 12 12 4 4 0 0 
[ 4936.216953] MESSAGE_B= 4 0 0 250 2 3 192 0 248 179 0 0 0 0 0 0 0 0 0 0 0 0 0 0 0 0 0 1 12 0 0 0 0 0 0 0 0 0 0 0 0 1 0 0 1 2 3 5950 48382 3162 1082 21782 3596 3934 4550 37216 25660 3862 6312 71258 44058 6558 6532 6858 88642 59420 6716 2073600 2073600 5 12 503166 994560 993600 125599 126052 125649 125866 12 12 12 12 4 4 0 0 
[ 4936.491954] MESSAGE_B= 0 0 0 251 1 3 192 0 248 179 0 0 0 0 0 0 0 0 0 0 0 0 0 0 0 0 0 1 12 0 0 0 0 0 0 0 0 0 0 0 0 1 0 0 1 1 3 2604 46428 3162 1082 21782 3596 3934 4550 37216 25660 3862 6312 71258 44058 6558 6532 6858 88642 59420 6716 2073600 2073600 3 12 506578 990720 993600 126650 126727 126470 126731 12 12 12 12 12 4 0 0 
[ 4936.766529] MESSAGE_B= 4 0 0 253 1 3 192 0 248 179 0 0 0 0 0 0 0 0 0 0 0 0 0 0 0 0 0 1 12 0 0 0 0 0 0 0 0 0 0 0 0 1 0 0 1 1 3 1640 48370 2772 1758 22458 3788 4022 4598 36354 23560 3852 2936 70818 52754 6576 6632 6912 89708 59572 6674 2073600 2073600 5 12 506578 994560 993600 126651 126724 126472 126731 12 12 12 12 12 4 0 0 
[ 4937.039951] MESSAGE_B= 0 0 0 253 1 3 192 0 248 179 0 0 0 0 0 0 0 0 0 0 0 0 0 0 0 0 0 1 12 0 0 0 0 0 0 0 0 0 0 0 0 1 0 0 1 1 3 2626 28672 2772 1758 22458 3788 4022 4598 36354 23560 3852 2936 70818 52754 6576 6632 6912 89708 59572 6674 2073600 2073600 3 12 506580 990720 993600 126647 126727 126472 126734 12 12 12 12 5 4 0 0 
[ 4937.310961] MESSAGE_B= 0 0 0 253 1 3 192 0 248 179 0 0 0 0 0 0 0 0 0 0 0 0 0 0 0 0 0 1 12 0 0 0 0 0 0 0 0 0 0 0 0 1 0 0 1 1 3 1640 31072 2772 1758 22458 3788 4022 4598 36354 23560 3852 2936 70818 52754 6576 6632 6912 89708 59572 6674 2073600 2073600 3 12 506582 994560 993600 126649 126726 126473 126734 12 12 12 12 4 4 0 0 
[ 4937.592952] MESSAGE_B= 0 0 0 252 1 3 192 0 248 179 0 0 0 0 0 0 0 0 0 0 0 0 0 0 0 0 0 1 12 0 0 0 0 0 0 0 0 0 0 0 0 1 0 0 1 1 3 2620 28664 2772 1758 22458 3788 4022 4598 36354 23560 3852 2936 70818 52754 6576 6632 6912 89708 59572 6674 2073600 2073600 3 12 506586 990720 993600 126651 126730 126473 126732 12 12 12 12 4 4 0 0 
[ 4937.746945] MESSAGE_B= 0 0 0 251 1 3 192 0 248 179 0 0 0 0 0 0 0 0 0 0 0 0 0 0 0 0 0 1 12 0 0 0 0 0 0 0 0 0 0 0 0 1 0 0 1 1 3 1580 31076 2772 1758 22458 3788 4022 4598 36354 23560 3852 2936 70818 52754 6576 6632 6912 89708 59572 6674 2073600 2073600 3 12 506587 994560 993600 126651 126729 126474 126733 12 12 12 12 4 4 0 0 
[ 4938.031987] MESSAGE_B= 0 0 0 251 1 3 192 0 248 179 0 0 0 0 0 0 0 0 0 0 0 0 0 0 0 0 0 1 12 0 0 0 0 0 0 0 0 0 0 0 0 1 0 0 1 1 3 2640 28728 2772 1758 22458 3788 4022 4598 36354 23560 3852 2936 70818 52754 6576 6632 6912 89708 59572 6674 2073600 2073600 3 12 506580 990720 993600 126650 126727 126473 126730 12 12 12 12 4 4 0 0 
[ 4938.304951] MESSAGE_B= 0 0 0 252 1 3 192 0 248 179 0 0 0 0 0 0 0 0 0 0 0 0 0 0 0 0 0 1 12 0 0 0 0 0 0 0 0 0 0 0 0 1 0 0 1 1 3 1592 31096 2772 1758 22458 3788 4022 4598 36354 23560 3852 2936 70818 52754 6576 6632 6912 89708 59572 6674 2073600 2073600 3 12 506582 994560 993600 126650 126727 126474 126731 12 12 12 12 4 4 0 0 
[ 4938.584959] MESSAGE_B= 0 0 0 252 1 3 192 0 248 179 0 0 0 0 0 0 0 0 0 0 0 0 0 0 0 0 0 1 12 0 0 0 0 0 0 0 0 0 0 0 0 1 0 0 1 1 3 2622 28712 2772 1758 22458 3788 4022 4598 36354 23560 3852 2936 70818 52754 6576 6632 6912 89708 59572 6674 2073600 2073600 3 12 506579 990720 993600 126650 126725 126474 126730 12 12 12 12 4 4 0 0 
[ 4938.866953] MESSAGE_B= 0 0 0 250 1 3 192 0 248 179 0 0 0 0 0 0 0 0 0 0 0 0 0 0 0 0 0 1 12 0 0 0 0 0 0 0 0 0 0 0 0 1 0 0 1 1 3 1570 31096 2772 1758 22458 3788 4022 4598 36354 23560 3852 2936 70818 52754 6576 6632 6912 89708 59572 6674 2073600 2073600 3 12 506577 994560 993600 126651 126726 126471 126729 12 12 12 12 4 4 0 0 
[ 4939.142949] MESSAGE_B= 0 0 0 252 1 3 192 0 248 179 0 0 0 0 0 0 0 0 0 0 0 0 0 0 0 0 0 1 12 0 0 0 0 0 0 0 0 0 0 0 0 1 0 0 1 1 3 2680 28670 3078 2262 9222 3954 3870 4234 17744 13794 3898 2956 66132 55466 3090 2816 3044 71412 54204 2932 2073600 2073600 3 12 506582 990720 993600 126652 126727 126474 126729 12 12 12 12 5 4 0 0 
[ 4939.413952] MESSAGE_B= 0 0 0 250 1 3 192 0 248 179 0 0 0 0 0 0 0 0 0 0 0 0 0 0 0 0 0 1 12 0 0 0 0 0 0 0 0 0 0 0 0 1 0 0 1 1 3 1586 31108 3078 2262 9222 3954 3870 4234 17744 13794 3898 2956 66132 55466 3090 2816 3044 71412 54204 2932 2073600 2073600 3 12 506581 994560 993600 126652 126726 126473 126730 12 12 12 12 5 4 0 0 
[ 4939.573054] MESSAGE_B= 0 0 0 250 1 3 192 0 248 179 0 0 0 0 0 0 0 0 0 0 0 0 0 0 0 0 0 1 12 0 0 0 0 0 0 0 0 0 0 0 0 1 0 0 1 1 3 2614 28706 3078 2262 9222 3954 3870 4234 17744 13794 3898 2956 66132 55466 3090 2816 3044 71412 54204 2932 2073600 2073600 3 12 506574 990720 993600 126652 126721 126474 126727 12 12 12 12 4 4 0 0 
[ 4939.842953] MESSAGE_B= 0 0 0 250 1 3 192 0 248 179 0 0 0 0 0 0 0 0 0 0 0 0 0 0 0 0 0 1 12 0 0 0 0 0 0 0 0 0 0 0 0 1 0 0 1 1 3 1602 31122 3078 2262 9222 3954 3870 4234 17744 13794 3898 2956 66132 55466 3090 2816 3044 71412 54204 2932 2073600 2073600 3 12 506579 994560 993600 126653 126722 126475 126729 12 12 12 12 4 4 0 0 
[ 4940.123037] MESSAGE_B= 0 7 0 254 1 3 192 0 248 179 0 0 0 0 0 0 0 0 0 0 0 0 0 0 0 0 0 1 12 0 0 0 0 0 0 0 0 1 1 1 1 1 1 1 1 1 3 2626 28706 3078 2262 9222 3954 3870 4234 17744 13794 3898 2956 66132 55466 3090 2816 3044 71412 54204 2932 2073600 2073600 3 12 512416 990720 993600 128104 128104 128104 128104 12 12 12 12 4 4 0 0 
[ 4940.395946] MESSAGE_B= 4 7 0 254 1 3 192 0 248 179 0 0 0 0 0 0 0 0 0 0 0 0 0 0 0 0 0 1 12 0 0 0 0 0 0 0 0 1 1 1 1 1 1 1 1 1 3 0 0 3078 2262 9222 3954 3870 4234 17744 13794 3898 2956 66132 55466 3090 2816 3044 71412 54204 2932 2073600 2073600 4 12 512416 994560 993600 128104 128104 128104 128104 12 12 12 12 0 4 0 0 
[ 4940.665952] MESSAGE_B= 4 7 0 252 1 3 192 0 248 179 0 0 0 0 0 0 0 0 0 0 0 0 0 0 0 0 0 1 12 0 0 0 0 0 0 0 0 1 1 1 1 1 1 1 1 1 3 0 0 3078 2262 9222 3954 3870 4234 17744 13794 3898 2956 66132 55466 3090 2816 3044 71412 54204 2932 2073600 2073600 4 12 512416 990720 993600 128104 128104 128104 128104 12 12 12 12 47 4 0 0 
[ 4940.944449] MESSAGE_B= 4 7 0 252 1 3 192 0 248 179 0 0 0 0 0 0 0 0 0 0 0 0 0 0 0 0 0 1 12 0 0 0 0 0 0 0 0 1 1 1 1 1 1 1 1 1 3 0 0 3078 2262 9222 3954 3870 4234 17744 13794 3898 2956 66132 55466 3090 2816 3044 71412 54204 2932 2073600 2073600 4 12 512416 994560 993600 128104 128104 128104 128104 12 12 12 12 48 4 0 0 
[ 4941.217249] MESSAGE_B= 0 0 0 252 1 1 192 0 248 179 0 0 0 0 0 0 0 0 0 0 0 0 0 0 0 0 0 1 12 0 0 0 0 0 0 0 0 1 0 1 0 1 0 1 1 1 1 2660 2446 3078 2262 9222 3954 3870 4234 17744 13794 3898 2956 66132 55466 3090 2816 3044 71412 54204 2932 2073600 2073600 1 12 510767 990720 993600 127114 128104 127445 128104 12 12 12 12 68 4 0 0 
[ 4941.491964] MESSAGE_B= 0 0 0 251 3 1 192 0 248 179 0 0 0 0 0 0 0 0 0 0 0 0 0 0 0 0 0 1 12 0 0 0 0 0 0 0 0 1 0 1 0 1 0 1 1 3 1 28964 1102 13950 3534 6054 3970 3988 2 14304 13568 1020 55676 66314 46510 3144 2 2 102242 54902 4630 2073600 2073600 2 12 505250 994560 993600 126510 128104 122556 128080 12 12 12 12 68 4 0 0 
[ 4941.763950] MESSAGE_B= 0 0 0 247 4 1 192 0 248 179 0 0 0 0 0 0 0 0 0 0 0 0 0 0 0 0 0 1 12 0 0 0 0 0 0 0 0 1 0 1 0 1 0 1 1 4 1 59886 28192 13950 3534 6054 3970 3988 2 14304 13568 1020 55676 66314 46510 3144 2 2 102242 54902 4630 2073600 2073600 1 12 498464 990720 993600 125232 128104 117880 127248 12 12 12 12 63 4 0 0 
[ 4942.033952] MESSAGE_B= 0 0 0 245 3 0 192 0 248 179 0 0 0 0 0 0 0 0 0 0 0 0 0 0 0 0 0 1 12 0 0 0 0 0 0 0 0 0 0 0 0 1 0 0 1 3 0 33560 67352 13950 3534 6054 3970 3988 2 14304 13568 1020 55676 66314 46510 3144 2 2 102242 54902 4630 2073600 2073600 2 12 498355 994560 993600 126171 127567 126204 118413 12 12 12 12 119 4 0 0 
[ 4942.305947] MESSAGE_B= 0 0 0 246 5 1 192 0 248 179 0 0 0 0 0 0 0 0 0 0 0 0 0 0 0 0 0 1 12 0 0 0 0 0 0 0 0 0 1 0 1 1 1 0 1 5 1 23822 32738 13950 3534 6054 3970 3988 2 14304 13568 1020 55676 66314 46510 3144 2 2 102242 54902 4630 2073600 2073600 2 12 494873 990720 993600 127971 124188 128104 114610 12 12 12 12 147 4 0 0 
[ 4942.454984] MESSAGE_B= 4 0 0 243 7 0 192 0 248 179 0 0 0 0 0 0 0 0 0 0 0 0 0 0 0 0 0 1 12 0 0 0 0 0 0 0 0 0 1 0 1 1 1 0 1 7 0 41926 66654 13950 3534 6054 3970 3988 2 14304 13568 1020 55676 66314 46510 3144 2 2 102242 54902 4630 2073600 2073600 2 12 488933 994560 993600 128104 121782 128104 110943 12 12 12 12 147 4 0 0 
[ 4942.724971] MESSAGE_B= 0 0 0 238 1 1 192 0 248 179 0 0 0 0 0 0 0 0 0 0 0 0 0 0 0 0 0 0 12 0 0 0 0 0 0 6 0 1 1 1 1 1 1 2 1 1 1 166646 43586 13950 3534 6054 3970 3988 2 14304 13568 1020 55676 66314 46510 3144 2 2 102242 54902 4630 2073600 2073600 1 12 478901 990720 993600 128104 117169 128042 105586 12 12 12 12 130 0 0 0 
[ 4943.005972] MESSAGE_B= 0 0 0 244 3 1 192 0 248 179 0 0 0 0 0 0 0 0 0 0 0 0 0 0 0 0 0 0 12 0 0 0 0 0 0 101 0 1 1 1 1 1 1 2 1 3 1 146952 102176 13950 3534 6054 3970 3988 2 14304 13568 1020 55676 66314 46510 3144 2 2 102242 54902 4630 2073600 2073600 2 12 473006 994560 993600 128104 113894 128104 102904 12 12 12 12 99 0 0 0 
[ 4943.277962] MESSAGE_B= 0 0 0 246 3 1 192 0 248 179 0 0 0 0 0 0 0 0 0 0 0 0 0 0 0 0 0 0 12 0 0 0 0 0 0 14 0 1 1 1 1 1 1 2 1 3 1 234830 22496 13950 3534 6054 3970 3988 2 14304 13568 1020 55676 66314 46510 3144 2 2 102242 54902 4630 2073600 2073600 1 12 476130 990720 993600 128104 115004 128104 104918 12 12 12 12 88 0 0 0 
[ 4943.558972] MESSAGE_B= 0 0 0 246 1 1 192 0 248 179 0 0 0 0 0 264 311 218 1533 0 0 0 0 0 0 0 0 1 12 0 6 0 0 0 0 0 0 0 0 0 0 0 0 0 0 1 1 174462 133664 13950 3534 6054 3970 3988 2 14304 13568 1020 55676 66314 46510 3144 2 2 102242 54902 4630 2073600 2073600 1 12 487579 994560 993600 127680 121759 127394 110746 12 12 12 12 80 0 0 0 
[ 4943.803960] MESSAGE_B= 0 0 0 240 2 2 192 0 248 179 0 0 0 0 0 0 296 0 2232 0 0 0 0 0 0 0 0 1 12 0 0 0 0 0 7 13 0 0 0 0 0 0 0 0 0 2 2 150934 53798 108734 38408 60770 85060 81460 98676 117668 21012 113674 156644 112206 44300 130276 158172 302138 711114 234450 282276 2073600 2073600 1 12 480677 990720 993600 126413 127197 118056 109011 12 12 12 12 83 0 0 0 
[ 4944.082956] MESSAGE_B= 0 0 0 239 2 3 192 0 248 179 0 0 0 0 0 903 955 1170 1293 0 0 0 0 192 141 110 285 0 12 0 0 5 151 0 153 10 0 1 1 2 2 1 2 2 1 2 3 41752 88268 108734 38408 60770 85060 81460 98676 117668 21012 113674 156644 112206 44300 130276 158172 302138 711114 234450 282276 2073600 2073600 1 12 466322 994560 993600 125051 126499 114851 99921 12 12 12 12 90 0 0 0 
[ 4944.357954] MESSAGE_B= 0 0 0 239 2 3 192 0 248 179 0 0 0 0 0 872 862 1259 1315 0 0 0 0 234 258 275 68 0 12 0 0 112 35 0 107 107 0 1 1 2 2 1 2 2 1 2 3 131882 252974 108734 38408 60770 85060 81460 98676 117668 21012 113674 156644 112206 44300 130276 158172 302138 711114 234450 282276 2073600 2073600 3 12 456649 990720 993600 124711 126454 112952 92532 12 12 12 12 90 0 0 0 
[ 4944.635959] MESSAGE_B= 0 0 0 234 1 2 192 0 248 179 0 0 1738 0 1524 1081 1402 1558 1347 0 349 0 612 363 625 217 294 0 12 0 181 73 104 0 43 101 0 1 2 2 2 1 2 2 1 1 2 17552 170508 108734 38408 60770 85060 81460 98676 117668 21012 113674 156644 112206 44300 130276 158172 302138 711114 234450 282276 2073600 2073600 1 12 427821 994560 993600 122225 123862 101145 80589 12 12 12 12 96 0 0 0 
[ 4944.916960] MESSAGE_B= 0 0 0 228 2 2 192 0 248 179 0 0 873 0 956 1083 1514 1375 1148 0 146 0 99 310 516 191 363 0 12 0 201 171 111 0 141 167 64 1 2 2 2 1 2 2 2 2 2 205468 349770 108734 38408 60770 85060 81460 98676 117668 21012 113674 156644 112206 44300 130276 158172 302138 711114 234450 282276 2073600 2073600 1 12 413669 990720 993600 118369 115556 96095 83649 12 12 12 12 96 0 0 0 
[ 4945.192960] MESSAGE_B= 0 0 0 229 2 4 192 0 248 179 0 713 1404 1120 830 1005 1473 1111 998 25 480 82 120 241 283 237 354 0 12 9 228 228 86 0 118 138 4 2 2 2 2 1 2 2 2 2 4 35512 312270 108734 38408 60770 85060 81460 98676 117668 21012 113674 156644 112206 44300 130276 158172 302138 711114 234450 282276 2073600 2073600 1 12 423783 994560 993600 116442 112635 98737 95969 12 12 12 12 91 0 0 0 
[ 4945.477164] MESSAGE_B= 0 0 0 232 2 2 192 0 248 179 0 0 201 0 2010 916 525 205 2142 0 0 0 0 0 0 0 0 1 12 0 1 0 39 0 0 0 54 0 0 0 0 0 0 0 0 2 2 101044 384224 108734 38408 60770 85060 81460 98676 117668 21012 113674 156644 112206 44300 130276 158172 302138 711114 234450 282276 2073600 2073600 1 12 444099 990720 993600 117435 108253 109364 109047 12 12 12 12 89 0 0 0 
[ 4945.751959] MESSAGE_B= 0 0 0 234 2 2 192 0 248 179 0 0 281 0 2088 1300 655 420 2281 0 0 0 0 0 0 0 0 0 12 0 4 0 28 0 0 0 16 0 0 0 0 0 0 0 0 2 2 90134 506674 108734 38408 60770 85060 81460 98676 117668 21012 113674 156644 112206 44300 130276 158172 302138 711114 234450 282276 2073600 2073600 1 12 438669 994560 993600 117858 106665 109842 104304 12 12 12 12 73 0 0 0 
[ 4946.026963] MESSAGE_B= 0 0 0 234 2 1 192 0 248 179 0 776 1375 1431 1257 829 1667 1286 1587 83 289 90 178 138 505 233 644 0 12 145 46 109 233 0 153 210 0 2 2 2 0 1 2 2 1 2 1 134908 300082 108734 38408 60770 85060 81460 98676 117668 21012 113674 156644 112206 44300 130276 158172 302138 711114 234450 282276 2073600 2073600 2 12 432597 990720 993600 115033 106915 108280 102369 12 12 12 12 43 0 0 0 
[ 4946.188983] MESSAGE_B= 0 0 0 231 2 1 192 0 248 179 0 1372 1269 1279 1316 775 1542 1305 1372 297 255 259 303 101 473 220 492 0 12 61 51 133 224 0 120 203 0 2 2 2 0 1 2 2 1 2 1 91502 609426 514726 295056 290500 335530 170120 657822 756642 233028 258126 173336 347566 559518 180822 74650 161428 472260 234584 144662 2073600 2073600 2 12 432536 994560 993600 111916 111372 107879 101369 12 12 12 12 41 0 0 0 
[ 4946.470965] MESSAGE_B= 0 0 0 232 2 1 192 0 248 179 0 2165 1628 1286 1322 1402 1539 1524 1135 88 239 348 269 523 439 414 318 0 12 21 8 177 49 0 35 241 0 2 2 2 0 1 2 2 1 2 1 94102 249236 514726 295056 290500 335530 170120 657822 756642 233028 258126 173336 347566 559518 180822 74650 161428 472260 234584 144662 2073600 2073600 2 12 432301 990720 993600 114289 113490 106461 98061 12 12 12 12 42 0 0 0 
[ 4946.758962] MESSAGE_B= 0 0 0 233 2 2 192 0 248 179 0 968 0 1464 0 1322 1451 1644 953 25 0 25 0 544 374 391 238 0 12 131 0 189 56 0 14 19 0 2 1 2 2 1 2 2 1 2 2 61778 694136 514726 295056 290500 335530 170120 657822 756642 233028 258126 173336 347566 559518 180822 74650 161428 472260 234584 144662 2073600 2073600 1 12 438972 994560 993600 117487 116553 104095 100837 12 12 12 12 42 0 0 0 
[ 4947.034953] MESSAGE_B= 0 0 0 236 2 2 192 0 248 179 0 828 0 1460 0 834 1421 1555 1029 38 0 58 0 159 397 140 227 0 12 229 0 176 225 0 175 27 0 2 1 2 2 1 2 2 1 2 2 97514 219544 514726 295056 290500 335530 170120 657822 756642 233028 258126 173336 347566 559518 180822 74650 161428 472260 234584 144662 2073600 2073600 1 12 437781 990720 993600 116961 111650 109090 100080 12 12 12 12 42 0 0 0 
[ 4947.313150] MESSAGE_B= 0 0 0 236 2 2 192 0 248 179 0 963 0 1910 0 816 1368 1587 1012 24 0 122 0 119 403 310 225 0 12 76 0 93 191 0 3 189 0 2 1 2 2 1 2 2 1 2 2 78328 688876 514726 295056 290500 335530 170120 657822 756642 233028 258126 173336 347566 559518 180822 74650 161428 472260 234584 144662 2073600 2073600 1 12 441625 994560 993600 117259 114536 108321 101509 12 12 12 12 42 0 0 0 
[ 4947.597318] MESSAGE_B= 0 0 0 236 2 1 192 0 248 179 0 827 0 1526 0 771 1329 1453 1017 22 0 54 0 141 407 189 232 0 12 193 0 206 222 0 47 130 94 2 1 2 2 1 2 2 2 2 1 79494 237546 514726 295056 290500 335530 170120 657822 756642 233028 258126 173336 347566 559518 180822 74650 161428 472260 234584 144662 2073600 2073600 2 12 445567 990720 993600 118638 115030 109377 102522 12 12 12 12 42 0 0 0 
[ 4947.880762] MESSAGE_B= 0 0 0 237 2 2 192 0 248 179 0 822 0 1742 0 802 1282 1416 1050 27 0 82 0 165 370 243 358 0 12 161 0 156 181 0 54 136 0 2 1 2 2 1 2 2 1 2 2 37610 643226 514726 295056 290500 335530 170120 657822 756642 233028 258126 173336 347566 559518 180822 74650 161428 472260 234584 144662 2073600 2073600 1 12 447628 994560 993600 118885 114418 109731 104594 12 12 12 12 38 0 0 0 
[ 4948.037949] MESSAGE_B= 0 0 0 237 2 2 192 0 248 179 0 820 1133 1769 1142 792 1368 1441 1103 36 83 103 121 175 398 251 326 0 12 123 69 174 166 0 33 7 0 2 2 2 0 1 2 2 1 2 2 83014 286628 514726 295056 290500 335530 170120 657822 756642 233028 258126 173336 347566 559518 180822 74650 161428 472260 234584 144662 2073600 2073600 1 12 446022 990720 993600 118985 114968 108960 103109 12 12 12 12 33 0 0 0 
[ 4948.314960] MESSAGE_B= 0 0 0 239 2 2 192 0 248 179 0 840 0 1769 0 799 1442 1650 1168 12 0 87 0 171 431 209 403 0 12 211 0 153 172 0 25 51 147 2 1 2 0 1 2 2 2 2 2 59176 635664 514726 295056 290500 335530 170120 657822 756642 233028 258126 173336 347566 559518 180822 74650 161428 472260 234584 144662 2073600 2073600 1 12 444272 994560 993600 119002 115745 109307 100218 12 12 12 12 24 0 0 0 
[ 4948.593974] MESSAGE_B= 0 0 0 240 2 2 192 0 248 179 0 826 0 1653 0 786 1333 1511 1022 38 0 75 0 162 403 257 257 0 12 120 0 171 184 0 17 55 0 2 1 2 2 1 2 2 1 2 2 92884 261754 556960 504626 201138 881334 90078 564478 1019752 359120 346468 106760 165124 296620 74366 11338 110670 175490 93158 109556 2073600 2073600 1 12 448836 990720 993600 119046 116937 110322 102531 12 12 12 12 24 0 0 0 
[ 4948.870947] MESSAGE_B= 0 0 0 240 2 1 192 0 248 179 0 849 0 1523 0 783 1309 1442 1023 34 0 58 0 151 385 189 242 0 12 206 0 211 198 0 2 24 0 2 1 2 2 1 2 2 1 2 1 59738 641122 556960 504626 201138 881334 90078 564478 1019752 359120 346468 106760 165124 296620 74366 11338 110670 175490 93158 109556 2073600 2073600 2 12 449944 994560 993600 119424 117467 110273 102780 12 12 12 12 20 0 0 0 
[ 4949.151971] MESSAGE_B= 0 0 0 241 2 2 192 0 248 179 0 860 0 1350 0 789 1286 1480 1028 38 0 54 0 149 384 174 255 0 12 208 0 204 190 0 6 70 0 2 1 2 2 1 2 2 1 2 2 77122 258164 556960 504626 201138 881334 90078 564478 1019752 359120 346468 106760 165124 296620 74366 11338 110670 175490 93158 109556 2073600 2073600 1 12 449734 990720 993600 119406 117918 109998 102412 12 12 12 12 16 0 0 0 
[ 4949.430964] MESSAGE_B= 0 0 0 240 1 2 192 0 248 179 0 838 0 1212 0 791 1271 1512 1022 32 0 52 0 157 391 220 256 0 12 224 0 229 183 0 27 58 0 2 1 2 2 1 2 2 1 1 2 41578 660008 556960 504626 201138 881334 90078 564478 1019752 359120 346468 106760 165124 296620 74366 11338 110670 175490 93158 109556 2073600 2073600 1 12 450154 994560 993600 119443 118304 110172 102235 12 12 12 12 13 0 0 0 
[ 4949.716037] MESSAGE_B= 0 0 0 241 1 2 192 0 248 179 0 844 0 1172 0 787 1202 1526 1116 41 0 52 0 148 421 215 386 0 12 213 0 225 15 0 12 0 0 2 1 2 2 1 2 2 1 1 2 72810 287590 556960 504626 201138 881334 90078 564478 1019752 359120 346468 106760 165124 296620 74366 11338 110670 175490 93158 109556 2073600 2073600 3 12 449390 990720 993600 119469 118602 109604 101715 12 12 12 12 11 0 0 0 
[ 4949.991971] MESSAGE_B= 0 0 0 241 1 3 192 0 248 179 0 841 0 1155 0 787 1290 1516 1021 36 0 32 0 149 385 288 254 0 12 190 0 220 193 0 19 16 0 2 1 2 2 1 2 2 1 1 3 23072 658372 556960 504626 201138 881334 90078 564478 1019752 359120 346468 106760 165124 296620 74366 11338 110670 175490 93158 109556 2073600 2073600 1 12 449510 994560 993600 119444 118716 109893 101457 12 12 12 12 9 0 0 0 
[ 4950.269947] MESSAGE_B= 0 0 0 240 2 2 192 0 248 179 0 828 0 1139 0 777 1278 1472 1016 37 0 34 0 143 381 340 252 0 12 221 0 224 187 0 32 25 0 2 1 2 2 1 2 2 1 2 2 77666 298656 556960 504626 201138 881334 90078 564478 1019752 359120 346468 106760 165124 296620 74366 11338 110670 175490 93158 109556 2073600 2073600 1 12 449217 990720 993600 119138 118407 110066 101606 12 12 12 12 8 0 0 0 
[ 4950.547999] MESSAGE_B= 0 0 0 240 2 5 192 0 248 179 0 768 0 981 0 757 1240 1461 994 13 0 46 0 126 366 309 262 0 12 248 0 231 184 0 37 22 0 2 1 2 2 1 2 2 1 2 5 11316 653432 556960 504626 201138 881334 90078 564478 1019752 359120 346468 106760 165124 296620 74366 11338 110670 175490 93158 109556 2073600 2073600 2 12 447776 994560 993600 117801 116547 110871 102557 12 12 12 12 8 0 0 0 
[ 4950.703953] MESSAGE_B= 0 0 0 241 2 4 192 0 248 179 0 744 0 981 0 744 1223 1452 981 39 0 45 0 121 358 291 261 0 12 175 0 232 182 0 20 13 0 2 1 2 2 1 2 2 1 2 4 80630 291252 556960 504626 201138 881334 90078 564478 1019752 359120 346468 106760 165124 296620 74366 11338 110670 175490 93158 109556 2073600 2073600 3 12 444397 990720 993600 115682 114573 111159 102983 12 12 12 12 8 0 0 0 
[ 4950.980954] MESSAGE_B= 0 0 0 241 2 4 192 0 248 179 0 753 0 960 0 720 1177 1423 932 88 0 41 0 86 327 238 255 0 12 3 0 247 190 0 28 36 0 2 1 2 2 1 2 2 1 2 4 30816 647498 459126 478578 248006 901448 121090 587294 1011908 397148 335732 81322 106830 152150 68684 13012 82138 154914 63450 76346 2073600 2073600 1 12 440847 994560 993600 112995 111184 112362 104306 12 12 12 12 11 0 0 0 
[ 4951.259946] MESSAGE_B= 0 0 0 241 2 4 192 0 248 179 0 0 263 0 3547 3292 639 160 3451 0 0 0 0 0 0 0 0 1 12 0 0 0 7 0 0 0 0 0 0 0 0 0 0 0 0 2 4 80380 279790 459126 478578 248006 901448 121090 587294 1011908 397148 335732 81322 106830 152150 68684 13012 82138 154914 63450 76346 2073600 2073600 3 12 438374 990720 993600 110947 107859 113611 105957 12 12 12 12 14 0 0 0 
[ 4951.533962] MESSAGE_B= 0 0 0 240 2 4 192 0 248 179 0 0 307 0 3703 3260 564 196 3373 0 0 0 0 0 0 0 0 1 12 0 0 0 10 0 0 0 0 0 0 0 0 0 0 0 0 2 4 27552 618730 459126 478578 248006 901448 121090 587294 1011908 397148 335732 81322 106830 152150 68684 13012 82138 154914 63450 76346 2073600 2073600 1 12 438370 994560 993600 109809 106154 114794 107613 12 12 12 12 14 0 0 0 
[ 4951.813982] MESSAGE_B= 0 0 0 237 2 4 192 0 248 179 0 0 294 0 3628 3131 376 204 3349 0 0 0 0 0 0 0 0 1 12 0 0 0 23 0 0 0 0 0 0 0 0 0 0 0 0 2 4 79478 370420 459126 478578 248006 901448 121090 587294 1011908 397148 335732 81322 106830 152150 68684 13012 82138 154914 63450 76346 2073600 2073600 3 12 442151 990720 993600 110025 105947 116533 109646 12 12 12 12 14 0 0 0 
[ 4952.089953] MESSAGE_B= 0 0 0 235 2 4 192 0 248 179 0 0 324 0 2936 2623 285 218 3342 0 0 0 0 0 0 0 0 1 12 0 0 0 15 0 0 0 0 0 0 0 0 0 0 0 0 2 4 31030 550376 459126 478578 248006 901448 121090 587294 1011908 397148 335732 81322 106830 152150 68684 13012 82138 154914 63450 76346 2073600 2073600 1 12 448996 994560 993600 111566 108667 117790 110973 12 12 12 12 11 0 0 0 
[ 4952.364954] MESSAGE_B= 0 0 0 235 2 3 192 0 248 179 0 0 326 0 2810 2523 235 226 3273 0 0 0 0 0 0 0 0 1 12 0 0 0 13 0 0 0 0 0 0 0 0 0 0 0 0 2 3 90684 428804 459126 478578 248006 901448 121090 587294 1011908 397148 335732 81322 106830 152150 68684 13012 82138 154914 63450 76346 2073600 2073600 3 12 451463 990720 993600 111883 109149 118564 111867 12 12 12 12 9 0 0 0 
[ 4952.644810] MESSAGE_B= 0 0 0 236 2 3 192 0 248 179 0 0 327 0 2791 2469 215 225 3263 0 0 0 0 0 0 0 0 1 12 0 0 0 15 0 0 0 0 0 0 0 0 0 0 0 0 2 3 30626 505584 459126 478578 248006 901448 121090 587294 1011908 397148 335732 81322 106830 152150 68684 13012 82138 154914 63450 76346 2073600 2073600 1 12 452219 994560 993600 112122 109316 118731 112050 12 12 12 12 7 0 0 0 
[ 4952.798965] MESSAGE_B= 0 0 0 236 2 3 192 0 248 179 0 0 321 0 2771 2429 216 220 3256 0 0 0 0 0 0 0 0 1 12 0 0 0 15 0 0 0 0 0 0 0 0 0 0 0 0 2 3 90372 460568 459126 478578 248006 901448 121090 587294 1011908 397148 335732 81322 106830 152150 68684 13012 82138 154914 63450 76346 2073600 2073600 3 12 452326 990720 993600 112147 109374 118753 112052 12 12 12 12 6 0 0 0 
[ 4953.078285] MESSAGE_B= 0 0 0 238 2 3 192 0 248 179 0 0 323 0 2773 2474 208 224 3263 0 0 0 0 0 0 0 0 1 12 0 0 0 13 0 0 0 0 0 0 0 0 0 0 0 0 2 3 30998 491722 459126 478578 248006 901448 121090 587294 1011908 397148 335732 81322 106830 152150 68684 13012 82138 154914 63450 76346 2073600 2073600 1 12 452211 994560 993600 112089 109351 118730 112041 12 12 12 12 5 0 0 0 
[ 4953.353956] MESSAGE_B= 0 0 0 237 2 2 192 0 248 179 0 604 1482 1023 2761 596 1066 767 2371 48 140 462 190 33 360 226 1076 0 12 152 23 18 223 73 111 20 208 2 0 2 0 2 2 2 2 2 2 89282 464938 202478 453006 369422 476976 63314 138742 972184 280620 94898 85792 64926 135466 73968 20912 93778 189692 127724 93668 2073600 2073600 1 12 275360 990720 993600 86383 59396 83672 55264 12 12 12 0 122 0 0 0 
[ 4953.632221] MESSAGE_B= 0 0 0 65 1 2 192 0 248 179 0 1649 1355 1057 2253 1243 1349 2414 2114 261 185 549 106 339 506 786 743 0 12 193 13 147 221 168 199 233 134 0 0 2 0 2 2 2 2 1 2 378404 488744 202478 453006 369422 476976 63314 138742 972184 280620 94898 85792 64926 135466 73968 20912 93778 189692 127724 93668 2073600 2073600 3 12 267585 994560 993600 73205 68617 87011 51598 12 12 12 0 122 4 0 0 
[ 4953.909957] MESSAGE_B= 0 0 0 66 1 2 192 0 248 179 0 1285 2232 1385 3392 1218 1855 1443 2931 171 330 634 121 592 833 571 1178 0 12 194 7 88 220 120 82 188 196 0 0 2 0 2 2 2 2 1 2 500814 595702 202478 453006 369422 476976 63314 138742 972184 280620 94898 85792 64926 135466 73968 20912 93778 189692 127724 93668 2073600 2073600 3 12 265301 990720 993600 75062 62948 83713 43578 12 12 12 12 111 4 0 0 
[ 4954.186956] MESSAGE_B= 0 0 0 68 1 1 192 0 248 179 0 1966 2366 1733 2167 1588 1671 1669 1935 769 428 1084 169 882 714 1061 754 0 12 235 93 14 227 167 197 140 121 0 0 2 0 2 2 2 2 1 1 422910 499288 202478 453006 369422 476976 63314 138742 972184 280620 94898 85792 64926 135466 73968 20912 93778 189692 127724 93668 2073600 2073600 1 12 291982 994560 993600 77049 70689 87942 56302 12 12 12 12 115 4 0 0 
[ 4954.472207] MESSAGE_B= 0 0 0 71 3 1 192 0 248 179 0 780 1117 1001 972 980 1055 1155 811 103 172 182 135 241 216 287 176 0 12 214 108 9 2 96 41 62 28 0 0 0 2 2 2 2 2 3 1 270764 662070 202478 453006 369422 476976 63314 138742 972184 280620 94898 85792 64926 135466 73968 20912 93778 189692 127724 93668 2073600 2073600 2 12 310879 990720 993600 62840 73895 80771 94379 0 12 12 12 115 4 0 0 
[ 4954.751955] MESSAGE_B= 0 0 0 76 3 2 192 0 248 179 0 773 1091 994 971 1018 1111 1463 808 94 165 193 159 243 151 198 181 0 12 198 80 19 73 20 0 31 22 0 2 0 2 2 2 2 2 3 2 240434 436226 202478 453006 369422 476976 63314 138742 972184 280620 94898 85792 64926 135466 73968 20912 93778 189692 127724 93668 2073600 2073600 2 12 304707 994560 993600 64085 77933 76978 88140 0 12 12 12 57 0 0 0 
[ 4955.028951] MESSAGE_B= 0 0 0 76 2 1 192 0 248 179 0 803 1001 977 983 933 978 1279 910 100 161 208 150 186 226 215 193 0 12 225 45 66 33 125 115 96 7 0 2 0 2 2 2 2 2 2 1 478052 533740 202478 453006 369422 476976 63314 138742 972184 280620 94898 85792 64926 135466 73968 20912 93778 189692 127724 93668 2073600 2073600 2 12 320780 990720 993600 63504 78080 86736 93574 0 12 12 12 57 0 0 0 
[ 4955.305956] MESSAGE_B= 0 0 0 76 2 1 192 0 248 179 0 857 1015 946 1331 950 1010 972 1009 133 185 192 268 224 171 180 257 0 12 211 89 30 112 10 16 84 114 0 2 0 2 2 2 2 2 2 1 215044 452314 202478 453006 369422 476976 63314 138742 972184 280620 94898 85792 64926 135466 73968 20912 93778 189692 127724 93668 2073600 2073600 2 12 326302 994560 993600 65997 80443 85497 99897 0 12 12 12 54 0 0 0 
[ 4955.466485] MESSAGE_B= 0 0 0 78 2 1 192 0 248 179 0 859 1021 925 1657 873 1354 1145 1073 154 203 231 363 232 252 212 359 0 12 194 83 171 115 78 12 94 18 0 2 0 2 2 2 2 2 2 1 440696 577306 202478 453006 369422 476976 63314 138742 972184 280620 94898 85792 64926 135466 73968 20912 93778 189692 127724 93668 2073600 2073600 2 12 316687 990720 993600 66455 80012 79446 97449 0 12 12 12 52 0 0 0 
[ 4955.749966] MESSAGE_B= 0 0 0 73 2 2 192 0 248 179 0 1239 1143 1182 1054 715 1014 782 978 299 317 286 283 101 239 115 303 0 12 74 85 1 87 33 32 151 219 0 0 0 2 2 2 2 2 2 2 264032 492362 218282 301192 149648 481442 444144 333674 413788 488182 145350 273268 448444 250344 454770 273192 451540 479190 670650 563654 2073600 2073600 1 12 332096 994560 993600 73626 66519 87721 104230 12 12 12 12 52 4 0 0 
