[17474.623986] MESSAGE_B= 0 4 0 229 3 0 192 0 248 179 0 0 92 0 75 101 482 107 466 0 0 0 0 0 0 0 0 1 12 0 0 248 250 0 0 0 0 1 1 0 0 0 0 0 0 3 0 8290 11362 2 73186 3258 2 2 2 75818 84308 2 2 4398 20638 2 2 2 21424 13316 2 2073600 2073600 2 12 496683 990720 993600 127814 127837 120429 120603 12 12 12 12 77 4 4 4 
[17474.892954] MESSAGE_B= 4 4 4 214 6 0 192 0 248 179 0 0 95 0 75 103 487 110 470 0 0 0 0 0 0 0 0 1 12 0 0 253 253 0 0 0 0 1 1 0 0 0 0 0 0 6 0 466 133428 2 73186 3258 2 2 2 75818 84308 2 2 4398 20638 2 2 2 21424 13316 2 2073600 2073600 5 12 496514 994560 993600 127806 127831 120365 120512 12 12 12 12 77 4 4 4 
[17475.163964] MESSAGE_B= 4 4 4 210 6 0 192 0 248 179 0 0 93 0 80 101 487 109 467 0 0 0 0 0 0 0 0 1 12 0 0 248 253 0 0 0 0 1 1 0 0 0 0 0 0 6 0 5968 49020 2 73186 3258 2 2 2 75818 84308 2 2 4398 20638 2 2 2 21424 13316 2 2073600 2073600 5 12 496580 990720 993600 127807 127819 120381 120573 12 12 12 12 42 4 4 4 
[17475.433080] MESSAGE_B= 4 4 4 202 9 0 192 0 248 179 0 0 96 0 81 101 490 108 464 0 0 0 0 0 0 0 0 1 12 0 0 246 248 0 0 0 0 1 1 0 0 0 0 0 0 9 0 502 210908 2 73186 3258 2 2 2 75818 84308 2 2 4398 20638 2 2 2 21424 13316 2 2073600 2073600 5 12 496626 994560 993600 127810 127822 120357 120637 12 12 12 12 38 4 4 4 
[17475.679099] MESSAGE_B= 4 4 4 197 9 0 192 0 248 179 0 0 96 0 83 100 491 108 469 0 0 0 0 0 0 0 0 1 12 0 0 253 253 0 0 0 0 1 1 0 0 0 0 0 0 9 0 15610 90344 128972 73186 3086 2 30818 131492 1113922 1239502 147114 13960 4610 19558 11044 918 8546 84962 60870 6788 2073600 2073600 4 12 496508 990720 993600 127810 127818 120327 120553 12 12 12 12 38 4 4 4 
[17475.959799] MESSAGE_B= 0 4 4 189 10 0 192 0 248 179 0 0 93 0 82 100 494 109 475 0 0 0 0 0 0 0 0 1 12 0 0 248 248 0 0 0 0 1 1 0 0 0 0 0 0 10 0 522 224360 128972 73186 3086 2 30818 131492 1113922 1239502 147114 13960 4610 19558 11044 918 8546 84962 60870 6788 2073600 2073600 2 12 496420 994560 993600 127810 127815 120312 120483 12 12 12 12 26 4 4 4 
[17476.240953] MESSAGE_B= 4 4 4 181 10 0 192 0 248 179 0 0 96 0 84 104 498 109 472 0 0 0 0 0 0 0 0 1 12 0 0 248 243 0 0 0 0 1 1 0 0 0 0 0 0 10 0 32352 252984 128972 73186 3086 2 30818 131492 1113922 1239502 147114 13960 4610 19558 11044 918 8546 84962 60870 6788 2073600 2073600 4 12 496416 990720 993600 127805 127817 120261 120533 12 12 12 12 20 4 4 4 
[17476.522947] MESSAGE_B= 0 4 4 177 11 0 192 0 248 179 0 0 95 0 84 102 492 110 478 0 0 0 0 0 0 0 0 1 12 0 0 251 251 0 0 0 0 1 1 0 0 0 0 0 0 11 0 586 234948 128972 73186 3086 2 30818 131492 1113922 1239502 147114 13960 4610 19558 11044 918 8546 84962 60870 6788 2073600 2073600 2 12 496369 994560 993600 127808 127816 120306 120439 12 12 12 12 20 4 4 4 
[17476.805947] MESSAGE_B= 4 4 4 171 11 0 192 0 248 179 0 0 92 0 81 99 492 110 474 0 0 0 0 0 0 0 0 1 12 0 0 253 250 0 0 0 0 1 1 0 0 0 0 0 0 11 0 66392 400038 128972 73186 3086 2 30818 131492 1113922 1239502 147114 13960 4610 19558 11044 918 8546 84962 60870 6788 2073600 2073600 4 12 496440 990720 993600 127812 127815 120338 120475 12 12 12 12 12 4 4 4 
[17477.084962] MESSAGE_B= 0 4 4 167 14 0 192 0 248 179 0 0 96 0 83 98 498 111 473 0 0 0 0 0 0 0 0 1 12 0 0 251 250 0 0 0 0 1 1 0 0 0 0 0 0 14 0 682 243884 128972 73186 3086 2 30818 131492 1113922 1239502 147114 13960 4610 19558 11044 918 8546 84962 60870 6788 2073600 2073600 2 12 496393 994560 993600 127813 127815 120265 120500 12 12 12 12 12 4 4 4 
[17477.357950] MESSAGE_B= 4 4 4 160 15 0 192 0 248 179 0 0 96 0 83 98 498 110 473 0 0 0 0 0 0 0 0 1 12 0 0 248 250 0 0 0 0 1 1 0 0 0 0 0 0 15 0 64204 587906 128972 73186 3086 2 30818 131492 1113922 1239502 147114 13960 4610 19558 11044 918 8546 84962 60870 6788 2073600 2073600 4 12 496365 990720 993600 127811 127818 120245 120491 12 12 12 12 14 4 4 4 
[17477.633960] MESSAGE_B= 0 4 4 153 16 0 192 0 248 179 0 0 94 0 86 101 496 105 477 0 0 0 0 0 0 0 0 1 12 0 0 248 253 0 0 0 0 1 1 0 0 0 0 0 0 16 0 520 255362 128972 73186 3086 2 30818 131492 1113922 1239502 147114 13960 4610 19558 11044 918 8546 84962 60870 6788 2073600 2073600 2 12 496125 994560 993600 127709 127716 120265 120435 12 12 12 12 14 4 4 4 
[17477.907760] MESSAGE_B= 4 4 4 147 19 0 192 0 248 179 0 0 120 0 120 125 499 121 477 0 0 0 0 0 0 0 0 1 12 255 255 248 251 0 0 0 0 1 1 0 0 0 0 0 0 19 0 24774 732694 128972 73186 3086 2 30818 131492 1113922 1239502 147114 13960 4610 19558 11044 918 8546 84962 60870 6788 2073600 2073600 4 12 495470 990720 993600 127419 127427 120217 120407 12 12 12 12 14 4 4 4 
[17478.061946] MESSAGE_B= 0 4 4 139 16 0 192 0 248 179 0 0 130 0 136 139 502 133 479 0 0 0 0 0 0 0 0 1 12 255 255 251 253 0 0 0 0 0 0 0 0 0 0 0 0 16 0 1232 277236 917418 1565584 485968 432560 195152 839278 1785820 1843202 920360 9146 12860 60528 52942 25388 32024 162994 123262 16020 2073600 2073600 2 12 495114 994560 993600 127235 127233 120239 120407 12 12 12 12 15 4 4 4 
[17478.336948] MESSAGE_B= 4 4 4 128 8 0 192 0 248 179 0 0 144 0 153 162 498 149 481 0 0 0 0 0 0 0 0 1 12 255 255 251 251 0 0 0 0 0 0 0 0 0 0 0 0 8 0 20602 878186 917418 1565584 485968 432560 195152 839278 1785820 1843202 920360 9146 12860 60528 52942 25388 32024 162994 123262 16020 2073600 2073600 4 12 494311 990720 993600 126899 126909 120183 120320 12 12 12 12 15 4 4 4 
[17478.610965] MESSAGE_B= 0 4 4 118 10 0 192 0 248 179 0 0 153 0 163 169 497 156 471 0 0 0 0 0 0 0 0 1 12 255 255 246 253 0 0 4 0 0 0 0 0 0 0 0 0 10 0 2174 337966 917418 1565584 485968 432560 195152 839278 1785820 1843202 920360 9146 12860 60528 52942 25388 32024 162994 123262 16020 2073600 2073600 2 12 493240 994560 993600 126638 126646 119851 120105 12 12 12 12 13 4 4 4 
[17478.894898] MESSAGE_B= 4 4 4 113 10 0 192 0 248 179 0 0 147 0 160 161 585 145 559 0 0 0 0 0 0 0 0 1 12 255 255 244 249 5 0 1 0 0 0 0 0 0 0 0 0 10 0 40956 960020 917418 1565584 485968 432560 195152 839278 1785820 1843202 920360 9146 12860 60528 52942 25388 32024 162994 123262 16020 2073600 2073600 4 12 488894 990720 993600 126524 126528 117806 118036 12 12 12 12 13 4 4 4 
[17479.176192] MESSAGE_B= 0 4 4 107 9 0 192 0 248 179 0 0 144 0 156 156 706 137 667 0 0 0 0 0 0 0 0 1 12 255 255 250 244 3 0 1 1 0 0 0 0 0 0 0 0 9 0 3844 482796 917418 1565584 485968 432560 195152 839278 1785820 1843202 920360 9146 12860 60528 52942 25388 32024 162994 123262 16020 2073600 2073600 2 12 482200 994560 993600 126593 126615 114382 114610 12 12 12 12 14 4 4 4 
[17479.339857] MESSAGE_B= 4 4 4 94 12 0 192 0 248 179 0 0 142 0 154 152 723 136 673 0 0 0 0 0 0 0 0 1 12 255 255 238 244 0 0 1 1 0 0 0 0 0 0 0 0 12 0 55160 982988 917418 1565584 485968 432560 195152 839278 1785820 1843202 920360 9146 12860 60528 52942 25388 32024 162994 123262 16020 2073600 2073600 4 12 479455 990720 993600 126638 126651 112953 113213 12 12 12 12 14 4 4 4 
[17479.617960] MESSAGE_B= 4 4 4 85 10 0 192 0 248 179 0 0 138 0 149 150 753 136 801 0 0 0 0 0 0 0 0 1 12 255 255 203 201 1 1 0 1 0 0 0 0 0 0 0 0 10 0 15880 670992 917418 1565584 485968 432560 195152 839278 1785820 1843202 920360 9146 12860 60528 52942 25388 32024 162994 123262 16020 2073600 2073600 4 12 470337 994560 993600 126691 126692 109700 107254 12 12 12 12 13 4 4 4 
[17479.892961] MESSAGE_B= 4 4 4 80 7 0 192 0 248 179 0 0 0 0 0 2009 1952 2010 1947 0 0 0 0 1139 1155 1156 1166 0 12 0 0 255 255 0 0 0 0 1 1 0 0 1 1 1 1 7 0 36366 985214 917418 1565584 485968 432560 195152 839278 1785820 1843202 920360 9146 12860 60528 52942 25388 32024 162994 123262 16020 2073600 2073600 4 12 461358 990720 993600 126539 126561 106668 101590 12 12 12 12 13 4 4 4 
[17480.171953] MESSAGE_B= 4 4 4 69 7 0 192 0 248 179 0 0 0 0 0 1957 1898 1962 1874 0 0 0 0 1097 1130 1113 1128 0 12 0 0 255 255 0 0 0 0 1 1 0 0 1 1 1 1 7 0 22570 828526 917418 1565584 485968 432560 195152 839278 1785820 1843202 920360 9146 12860 60528 52942 25388 32024 162994 123262 16020 2073600 2073600 4 12 441599 994560 993600 126385 126391 96611 92212 12 12 12 12 15 4 4 4 
[17480.453456] MESSAGE_B= 0 4 4 62 7 1 192 0 248 179 0 0 0 0 0 1856 1775 1871 1755 0 0 0 0 1063 1075 1085 1087 0 12 0 0 254 254 0 0 0 0 1 1 0 0 1 1 1 1 7 1 55538 974920 1739850 1404574 280396 1357448 1121206 1642208 964120 1624952 1770978 41948 84492 12050 43260 22594 42618 288078 208568 32278 2073600 2073600 2 12 420375 990720 993600 126374 126384 85447 82170 12 12 12 12 15 4 4 4 
[17480.730958] MESSAGE_B= 4 4 4 53 7 0 192 0 248 179 0 0 0 0 0 1772 1683 1782 1688 0 0 0 0 998 1027 1029 1033 0 12 0 0 255 255 0 0 0 0 1 1 0 0 1 1 1 1 7 0 27236 939210 1739850 1404574 280396 1357448 1121206 1642208 964120 1624952 1770978 41948 84492 12050 43260 22594 42618 288078 208568 32278 2073600 2073600 2 12 402535 994560 993600 126423 126439 76396 73277 12 12 12 12 15 4 4 4 
[17481.006950] MESSAGE_B= 0 4 4 47 8 0 192 0 248 179 0 0 0 0 0 1548 1609 1538 1592 0 0 0 0 911 950 907 943 0 12 0 0 255 254 0 0 0 0 1 1 0 0 1 1 1 1 8 0 115102 976548 1739850 1404574 280396 1357448 1121206 1642208 964120 1624952 1770978 41948 84492 12050 43260 22594 42618 288078 208568 32278 2073600 2073600 2 12 378369 990720 993600 126508 126512 64426 60923 12 12 12 12 14 4 4 4 
[17481.290956] MESSAGE_B= 0 4 4 38 8 0 192 0 248 179 0 0 0 0 0 1440 1542 1429 1505 0 0 0 0 767 868 784 861 0 12 0 0 255 254 0 0 0 0 1 1 0 0 1 1 1 1 8 0 53308 983828 1739850 1404574 280396 1357448 1121206 1642208 964120 1624952 1770978 41948 84492 12050 43260 22594 42618 288078 208568 32278 2073600 2073600 2 12 357896 994560 993600 126582 126583 54019 53069 12 12 12 6 15 4 4 4 
[17481.448495] MESSAGE_B= 4 4 4 35 9 0 192 0 248 179 0 0 0 0 0 1395 1475 1387 1449 0 0 0 0 719 777 729 779 0 12 0 0 255 254 0 0 0 0 1 1 0 0 1 1 1 1 9 0 134976 977566 1739850 1404574 280396 1357448 1121206 1642208 964120 1624952 1770978 41948 84492 12050 43260 22594 42618 288078 208568 32278 2073600 2073600 4 12 347424 990720 993600 126617 126616 48881 55619 12 12 12 6 15 4 4 4 
[17481.724985] MESSAGE_B= 0 4 4 33 8 1 192 0 248 179 0 0 0 0 0 1336 1436 1327 1417 0 0 0 0 584 727 594 721 0 12 0 0 255 254 0 0 0 0 1 1 0 0 1 1 1 1 8 1 71812 990694 1739850 1404574 280396 1357448 1121206 1642208 964120 1624952 1770978 41948 84492 12050 43260 22594 42618 288078 208568 32278 2073600 2073600 2 12 330841 994560 993600 126629 126642 46141 60862 12 12 7 6 15 4 4 4 
[17482.001956] MESSAGE_B= 4 4 4 28 9 1 192 0 248 179 0 0 0 0 0 1285 1361 1282 1339 0 0 0 0 471 589 477 565 0 12 0 0 255 253 0 0 0 0 1 1 0 0 1 1 1 1 9 1 174220 976460 1739850 1404574 280396 1357448 1121206 1642208 964120 1624952 1770978 41948 84492 12050 43260 22594 42618 288078 208568 32278 2073600 2073600 4 12 314990 990720 993600 126724 126720 54176 64069 12 12 7 6 15 4 4 4 
[17482.280922] MESSAGE_B= 4 4 4 18 16 2 192 0 248 179 0 0 0 0 0 1214 1256 1213 1234 0 0 0 0 279 380 276 341 0 12 0 0 255 249 0 0 0 76 1 1 0 0 1 1 1 2 16 2 75768 974722 1739850 1404574 280396 1357448 1121206 1642208 964120 1624952 1770978 41948 84492 12050 43260 22594 42618 288078 208568 32278 2073600 2073600 4 12 294482 994560 993600 126960 126931 60387 70458 12 12 7 6 15 4 4 4 
[17482.555959] MESSAGE_B= 4 4 4 13 14 1 192 0 248 179 0 1068 1435 1112 1332 1245 1286 1253 1271 109 212 140 118 226 274 232 258 0 12 243 210 255 248 105 52 134 93 0 0 0 0 2 2 2 2 14 1 230520 977872 1739850 1404574 280396 1357448 1121206 1642208 964120 1624952 1770978 41948 84492 12050 43260 22594 42618 288078 208568 32278 2073600 2073600 4 12 279790 990720 993600 126298 126263 62076 76533 12 12 7 6 15 4 4 4 
[17482.842163] MESSAGE_B= 4 4 4 12 16 2 192 0 248 179 0 748 808 735 810 1316 1305 1326 1292 147 209 141 204 283 251 323 253 0 12 246 254 255 255 38 214 49 184 0 0 0 0 2 2 2 2 16 2 74052 989500 1982298 1092304 745430 1650874 1742378 1705550 1706936 688758 1923406 119592 40424 87876 32140 39464 203402 523358 444162 167090 2073600 2073600 4 12 259133 994560 993600 123790 123489 62464 74340 12 12 7 6 13 4 4 4 
[17483.119952] MESSAGE_B= 4 4 4 14 38 1 192 0 248 179 0 672 717 674 713 1463 1397 1488 1396 93 141 81 116 448 332 483 329 0 12 255 249 255 255 225 196 190 192 0 0 0 0 2 2 2 2 38 1 268958 985740 1982298 1092304 745430 1650874 1742378 1705550 1706936 688758 1923406 119592 40424 87876 32140 39464 203402 523358 444162 167090 2073600 2073600 4 12 243845 990720 993600 119827 118166 58741 67696 12 12 7 6 15 4 4 4 
[17483.413953] MESSAGE_B= 4 4 4 13 59 1 192 0 248 179 0 635 655 639 656 1620 1482 1642 1484 71 53 68 46 546 355 566 355 0 12 255 245 254 255 69 172 62 114 0 0 0 0 2 2 2 2 59 1 58236 993588 1982298 1092304 745430 1650874 1742378 1705550 1706936 688758 1923406 119592 40424 87876 32140 39464 203402 523358 444162 167090 2073600 2073600 4 12 223605 994560 993600 112736 109577 53675 51661 12 12 7 6 16 4 4 4 
[17483.692969] MESSAGE_B= 4 4 4 12 89 1 192 0 248 179 0 610 645 619 655 1744 1526 1767 1528 85 58 83 67 599 357 611 350 0 12 255 255 255 255 59 169 185 171 0 0 0 0 2 2 2 2 89 1 221348 986882 1982298 1092304 745430 1650874 1742378 1705550 1706936 688758 1923406 119592 40424 87876 32140 39464 203402 523358 444162 167090 2073600 2073600 4 12 205805 990720 993600 104014 101540 43183 43278 12 12 7 6 17 4 4 4 
[17483.970949] MESSAGE_B= 4 4 4 9 118 1 192 0 248 179 0 639 666 645 675 1906 1564 1936 1570 122 88 119 91 665 383 683 379 0 12 255 255 255 255 179 209 121 187 0 0 0 0 2 2 2 2 118 1 65016 989030 1982298 1092304 745430 1650874 1742378 1705550 1706936 688758 1923406 119592 40424 87876 32140 39464 203402 523358 444162 167090 2073600 2073600 4 12 190545 994560 993600 97330 92975 39535 39227 12 12 19 19 18 4 4 4 
[17484.250960] MESSAGE_B= 4 4 4 6 137 2 192 0 248 179 0 735 726 734 730 2234 1679 2271 1692 160 135 159 134 743 379 756 395 0 12 255 255 255 255 85 155 129 104 0 0 0 0 2 2 2 2 137 2 197324 987394 1982298 1092304 745430 1650874 1742378 1705550 1706936 688758 1923406 119592 40424 87876 32140 39464 203402 523358 444162 167090 2073600 2073600 4 12 171646 990720 993600 87960 83114 34794 29134 12 12 7 19 20 4 4 4 
[17484.410836] MESSAGE_B= 4 4 4 4 146 2 192 0 248 179 0 768 745 772 753 2486 1756 2522 1784 164 143 167 142 757 365 765 388 0 12 255 255 255 255 127 133 147 210 0 0 0 0 2 2 2 2 146 2 91150 993612 1982298 1092304 745430 1650874 1742378 1705550 1706936 688758 1923406 119592 40424 87876 32140 39464 203402 523358 444162 167090 2073600 2073600 4 12 162013 994560 993600 83384 78560 49554 42343 12 12 7 7 20 4 4 4 
[17484.691658] MESSAGE_B= 4 4 4 4 166 3 192 0 248 179 0 877 850 866 830 2765 1774 2897 1721 187 204 173 186 735 181 735 170 0 12 255 255 255 243 86 203 36 172 0 0 0 0 2 2 2 2 166 3 197172 990708 1982298 1092304 745430 1650874 1742378 1705550 1706936 688758 1923406 119592 40424 87876 32140 39464 203402 523358 444162 167090 2073600 2073600 4 7 205927 990720 993600 72640 67859 67059 77078 12 12 7 7 25 4 4 4 
[17484.972370] MESSAGE_B= 4 4 4 6 193 9 192 0 248 179 0 856 825 865 826 3235 1989 3270 2079 322 206 331 204 339 94 351 95 0 12 255 255 255 246 185 83 172 33 0 0 0 0 2 2 2 2 193 9 106942 991568 1982298 1092304 745430 1650874 1742378 1705550 1706936 688758 1923406 119592 40424 87876 32140 39464 203402 523358 444162 167090 2073600 2073600 4 7 200094 994560 993600 66893 64467 61467 73240 12 12 7 7 25 4 4 4 
[17485.253952] MESSAGE_B= 4 4 4 10 183 11 192 0 248 179 0 824 828 842 838 3221 1891 3244 1973 260 193 270 189 297 176 303 168 0 12 255 255 255 253 194 227 191 223 0 0 0 0 2 2 2 2 183 11 105884 967830 1719396 1519566 1225788 1965562 1878346 1886882 852740 728708 1858510 110236 153006 219600 74990 79402 223562 406404 347052 93530 2073600 2073600 4 7 170244 990720 993600 67423 63826 47782 59582 12 12 7 7 23 4 4 4 
[17485.534201] MESSAGE_B= 4 4 4 17 152 4 192 0 248 179 0 801 827 818 840 3104 1718 3127 1812 183 186 189 190 366 215 366 222 0 12 255 255 254 251 114 232 82 237 0 0 0 0 2 2 2 2 152 4 112538 982816 1719396 1519566 1225788 1965562 1878346 1886882 852740 728708 1858510 110236 153006 219600 74990 79402 223562 406404 347052 93530 2073600 2073600 4 7 143882 994560 993600 68812 64519 35268 46769 12 12 7 7 22 4 4 4 
[17485.811963] MESSAGE_B= 4 4 4 21 159 3 192 0 248 179 0 816 800 840 818 2909 1561 2937 1633 178 195 183 202 593 198 590 217 0 12 255 255 254 247 92 170 31 172 0 0 0 0 2 2 2 2 159 3 100212 966372 1719396 1519566 1225788 1965562 1878346 1886882 852740 728708 1858510 110236 153006 219600 74990 79402 223562 406404 347052 93530 2073600 2073600 4 12 145356 990720 993600 69786 65434 30667 34888 12 12 7 7 29 4 4 4 
[17486.097633] MESSAGE_B= 4 4 4 23 148 1 192 0 248 179 0 803 799 817 810 2745 1503 2776 1543 184 203 190 204 635 143 620 152 0 12 255 255 254 238 70 121 74 81 0 0 0 0 2 2 2 2 148 1 116124 924372 1719396 1519566 1225788 1965562 1878346 1886882 852740 728708 1858510 110236 153006 219600 74990 79402 223562 406404 347052 93530 2073600 2073600 4 12 146634 994560 993600 70019 66131 28684 31401 12 12 7 7 29 4 4 4 
[17486.376959] MESSAGE_B= 4 4 4 24 114 0 192 0 248 179 0 800 803 817 808 2618 1475 2646 1503 180 232 198 227 609 132 598 143 0 12 255 255 250 234 71 141 50 118 0 0 0 0 2 2 2 2 114 0 100258 965152 1719396 1519566 1225788 1965562 1878346 1886882 852740 728708 1858510 110236 153006 219600 74990 79402 223562 406404 347052 93530 2073600 2073600 4 12 145026 990720 993600 70429 65586 28288 30107 12 12 0 7 29 4 4 4 
[17486.657635] MESSAGE_B= 4 4 4 24 101 0 192 0 248 179 0 810 817 840 823 2557 1483 2593 1516 198 289 229 278 583 142 570 155 0 12 255 255 247 231 22 117 33 108 0 0 0 0 2 2 2 2 101 0 130290 942382 1719396 1519566 1225788 1965562 1878346 1886882 852740 728708 1858510 110236 153006 219600 74990 79402 223562 406404 347052 93530 2073600 2073600 4 12 144141 994560 993600 70232 64761 28672 31394 12 12 7 7 30 4 4 4 
[17486.815964] MESSAGE_B= 4 4 4 23 104 0 192 0 248 179 0 832 861 879 848 2583 1534 2624 1553 235 345 269 319 601 165 598 171 0 12 255 255 248 236 55 109 34 111 0 0 0 0 2 2 2 2 104 0 115546 961654 1719396 1519566 1225788 1965562 1878346 1886882 852740 728708 1858510 110236 153006 219600 74990 79402 223562 406404 347052 93530 2073600 2073600 4 12 143151 990720 993600 69146 64441 31479 31349 12 12 7 7 32 4 4 4 
[17487.094960] MESSAGE_B= 4 4 4 24 118 0 192 0 248 179 0 611 683 662 677 2550 1494 2585 1547 362 460 404 425 682 260 689 289 0 31 255 255 252 249 207 132 205 153 0 0 0 0 0 0 0 0 118 0 120814 936276 1719396 1519566 1225788 1965562 1878346 1886882 852740 728708 1858510 110236 153006 219600 74990 79402 223562 406404 347052 93530 2073600 2073600 4 12 142655 994560 993600 67670 63416 33336 30630 12 12 7 7 34 4 4 4 
[17487.376960] MESSAGE_B= 4 4 4 26 105 0 192 0 248 179 0 633 702 680 686 2546 1484 2575 1537 380 462 410 431 745 284 750 312 0 31 253 255 253 249 206 150 204 168 0 0 0 0 0 0 0 0 105 0 129558 909832 1719396 1519566 1225788 1965562 1878346 1886882 852740 728708 1858510 110236 153006 219600 74990 79402 223562 406404 347052 93530 2073600 2073600 4 12 142538 990720 993600 67349 63586 32170 30337 12 12 7 6 35 4 4 4 
[17487.656996] MESSAGE_B= 4 4 4 27 117 0 192 0 248 179 0 648 708 692 698 2502 1504 2536 1517 391 439 410 420 783 270 784 296 0 31 253 254 253 248 202 121 193 147 0 0 0 0 0 0 0 0 117 0 118724 923838 1568634 1294940 1086808 1536226 1510582 1838794 492660 507692 1505430 93602 192564 80932 101436 69236 213874 265746 406716 87998 2073600 2073600 4 12 138412 994560 993600 65163 62343 34375 35295 12 12 7 6 38 4 4 4 
[17487.938307] MESSAGE_B= 4 4 4 27 124 0 192 0 248 179 0 650 707 709 691 2447 1550 2468 1568 390 432 425 409 737 257 732 261 0 31 253 254 253 248 195 44 187 60 0 0 0 0 0 0 0 0 124 0 181500 843750 1568634 1294940 1086808 1536226 1510582 1838794 492660 507692 1505430 93602 192564 80932 101436 69236 213874 265746 406716 87998 2073600 2073600 4 12 136516 990720 993600 64689 62536 36225 37183 12 12 7 6 38 4 4 4 
[17488.219072] MESSAGE_B= 4 4 4 27 119 0 192 0 248 179 0 633 681 707 662 2430 1482 2448 1508 378 421 438 390 719 288 709 282 0 31 254 253 251 249 177 33 167 56 0 0 0 0 0 0 0 0 119 0 130648 952438 1568634 1294940 1086808 1536226 1510582 1838794 492660 507692 1505430 93602 192564 80932 101436 69236 213874 265746 406716 87998 2073600 2073600 4 6 141447 994560 993600 65098 62857 33316 37970 12 12 7 6 38 4 4 4 
[17488.499921] MESSAGE_B= 4 4 4 28 123 0 192 0 248 179 0 616 663 695 635 2400 1550 2427 1584 358 416 435 356 675 264 640 246 0 31 255 255 250 237 160 56 142 86 0 0 0 0 0 0 0 0 123 0 226950 816266 1568634 1294940 1086808 1536226 1510582 1838794 492660 507692 1505430 93602 192564 80932 101436 69236 213874 265746 406716 87998 2073600 2073600 4 12 135431 990720 993600 64893 60713 36653 35892 12 12 7 6 38 4 4 4 
[17488.657957] MESSAGE_B= 4 4 4 27 133 0 192 0 248 179 0 604 643 671 618 2449 1585 2474 1598 344 407 418 345 626 238 585 246 0 31 255 254 248 237 163 87 139 94 0 0 0 0 0 0 0 0 133 0 154728 966240 1568634 1294940 1086808 1536226 1510582 1838794 492660 507692 1505430 93602 192564 80932 101436 69236 213874 265746 406716 87998 2073600 2073600 4 12 133712 994560 993600 65546 61207 38100 34020 12 12 7 6 37 4 4 4 
[17488.935965] MESSAGE_B= 4 4 4 25 151 0 192 0 248 179 0 578 594 624 603 2327 1581 2395 1566 307 341 360 320 532 237 479 225 0 31 255 255 246 233 131 12 117 20 0 0 0 0 0 0 0 0 151 0 244352 852724 1568634 1294940 1086808 1536226 1510582 1838794 492660 507692 1505430 93602 192564 80932 101436 69236 213874 265746 406716 87998 2073600 2073600 4 12 133374 990720 993600 65076 60396 36017 28941 12 12 7 6 36 4 4 4 
[17489.214951] MESSAGE_B= 4 4 4 27 144 0 192 0 248 179 0 582 599 612 610 2157 1534 2205 1542 300 334 320 329 543 299 551 248 0 31 255 255 246 241 84 99 57 99 0 0 0 0 0 0 0 0 144 0 165154 975176 1568634 1294940 1086808 1536226 1510582 1838794 492660 507692 1505430 93602 192564 80932 101436 69236 213874 265746 406716 87998 2073600 2073600 4 12 141061 994560 993600 65982 60115 34045 27161 12 12 7 6 36 4 4 4 
[17489.501341] MESSAGE_B= 4 4 4 29 51 0 192 0 248 179 0 587 609 618 619 2014 1476 2042 1514 301 347 316 338 479 259 501 234 0 31 255 255 242 240 88 110 83 97 0 0 0 0 0 0 0 0 51 0 211964 853036 1568634 1294940 1086808 1536226 1510582 1838794 492660 507692 1505430 93602 192564 80932 101436 69236 213874 265746 406716 87998 2073600 2073600 4 12 147727 990720 993600 65584 60521 33506 29336 12 12 7 6 34 4 4 4 
[17489.780412] MESSAGE_B= 4 4 4 30 101 0 192 0 248 179 0 604 628 634 624 2185 1483 2165 1505 302 349 311 340 557 259 546 251 0 31 255 255 239 233 137 98 104 41 0 0 0 0 0 0 0 0 101 0 147930 966206 1568634 1294940 1086808 1536226 1510582 1838794 492660 507692 1505430 93602 192564 80932 101436 69236 213874 265746 406716 87998 2073600 2073600 4 12 143416 994560 993600 65022 60725 36351 28723 12 12 7 6 31 4 4 4 
[17490.057965] MESSAGE_B= 4 4 4 26 48 0 192 0 248 179 0 619 639 651 623 2174 1566 2209 1579 300 349 311 334 627 251 637 287 0 31 255 255 244 237 175 30 174 70 0 0 0 0 0 0 0 0 48 0 226562 797330 1524672 900374 938240 1495250 1538868 1728038 564722 557872 1435876 89634 147632 128756 94604 83488 322786 405500 378586 107148 2073600 2073600 4 12 140238 990720 993600 65144 61943 38477 30186 12 12 7 6 31 4 4 4 
[17490.336971] MESSAGE_B= 4 4 4 26 40 0 192 0 248 179 0 622 642 665 632 2023 1509 2074 1547 295 344 310 335 562 300 563 332 0 31 255 255 244 222 149 15 146 35 0 0 0 0 0 0 0 0 40 0 144122 940976 1524672 900374 938240 1495250 1538868 1728038 564722 557872 1435876 89634 147632 128756 94604 83488 322786 405500 378586 107148 2073600 2073600 4 12 145500 994560 993600 66355 63280 34944 31113 12 12 7 6 29 4 4 4 
[17490.619082] MESSAGE_B= 4 4 4 24 40 0 192 0 248 179 0 990 997 980 951 2102 1601 2147 1617 247 183 185 199 600 269 610 299 0 12 233 239 243 244 84 3 4 43 0 0 0 0 2 2 2 2 40 0 203956 821506 1524672 900374 938240 1495250 1538868 1728038 564722 557872 1435876 89634 147632 128756 94604 83488 322786 405500 378586 107148 2073600 2073600 4 12 147026 990720 993600 68093 64491 34353 33932 12 12 7 6 28 4 4 4 
[17490.896977] MESSAGE_B= 4 4 4 24 41 0 192 0 248 179 0 965 1007 975 945 2036 1603 2094 1629 207 191 160 187 644 313 663 342 0 12 232 213 240 243 19 63 48 84 0 0 0 0 2 2 2 2 41 0 132622 927018 1524672 900374 938240 1495250 1538868 1728038 564722 557872 1435876 89634 147632 128756 94604 83488 322786 405500 378586 107148 2073600 2073600 4 12 150992 994560 993600 68594 64820 35914 36362 12 12 7 6 27 4 4 4 
[17491.176510] MESSAGE_B= 4 4 4 25 48 0 192 0 248 179 0 931 983 953 932 2010 1624 2071 1638 163 179 134 188 695 349 731 373 0 12 236 235 244 244 85 86 61 73 0 0 0 0 2 2 2 2 48 0 202698 797560 1524672 900374 938240 1495250 1538868 1728038 564722 557872 1435876 89634 147632 128756 94604 83488 322786 405500 378586 107148 2073600 2073600 4 12 151159 990720 993600 67577 64978 35137 37834 12 12 7 6 24 4 4 4 
[17491.334594] MESSAGE_B= 4 4 4 25 54 0 192 0 248 179 0 904 966 934 918 1983 1608 2032 1633 130 181 131 190 679 310 698 346 0 12 240 241 245 238 136 49 91 27 0 0 0 0 2 2 2 2 54 0 119330 945472 1524672 900374 938240 1495250 1538868 1728038 564722 557872 1435876 89634 147632 128756 94604 83488 322786 405500 378586 107148 2073600 2073600 4 12 147539 994560 993600 67085 64479 35035 39303 12 12 7 6 21 4 4 4 
[17491.620433] MESSAGE_B= 4 4 4 22 51 0 192 0 248 179 0 908 924 936 893 1943 1575 1969 1608 130 189 129 207 658 275 657 311 0 12 233 249 241 237 137 107 100 94 0 0 0 0 2 2 2 2 51 0 205878 748050 1524672 900374 938240 1495250 1538868 1728038 564722 557872 1435876 89634 147632 128756 94604 83488 322786 405500 378586 107148 2073600 2073600 4 12 139436 990720 993600 66487 64088 34215 39518 12 12 7 6 18 4 4 4 
[17491.910978] MESSAGE_B= 4 4 4 20 43 0 192 0 248 179 0 648 604 677 598 1869 1519 1894 1521 277 332 288 321 587 287 592 296 0 31 255 255 247 247 76 102 71 79 0 0 0 0 0 0 0 0 43 0 146954 957344 1524672 900374 938240 1495250 1538868 1728038 564722 557872 1435876 89634 147632 128756 94604 83488 322786 405500 378586 107148 2073600 2073600 4 12 135823 994560 993600 66174 63548 35151 40096 12 12 7 6 17 4 4 4 
[17492.192957] MESSAGE_B= 4 4 4 21 42 0 192 0 248 179 0 638 586 669 589 1862 1505 1891 1521 285 321 300 315 594 303 596 303 0 31 255 255 248 251 84 88 70 65 0 0 0 0 0 0 0 0 42 0 261474 842202 1524672 900374 938240 1495250 1538868 1728038 564722 557872 1435876 89634 147632 128756 94604 83488 322786 405500 378586 107148 2073600 2073600 4 12 137871 990720 993600 67081 63072 38240 42995 12 12 7 6 17 4 4 4 
[17492.471951] MESSAGE_B= 4 4 4 23 42 0 192 0 248 179 0 627 569 667 588 1884 1512 1937 1534 294 310 314 309 658 322 665 313 0 12 255 255 247 251 80 72 73 56 0 0 0 0 0 0 0 0 42 0 120782 964120 1568956 996030 1016442 1445186 1437948 1540594 390920 683220 1479820 125316 108678 105812 91352 53878 267784 356650 403724 142852 2073600 2073600 4 12 143652 994560 993600 70434 63785 39386 41660 12 12 7 6 15 4 4 4 
[17492.628962] MESSAGE_B= 4 4 4 23 42 0 192 0 248 179 0 927 793 947 797 1945 1570 1988 1593 155 216 180 213 664 313 670 361 0 12 253 255 247 249 145 107 143 99 0 0 0 0 2 2 2 2 42 0 289632 857452 1568956 996030 1016442 1445186 1437948 1540594 390920 683220 1479820 125316 108678 105812 91352 53878 267784 356650 403724 142852 2073600 2073600 4 12 145196 990720 993600 70864 65131 39161 39999 12 12 7 6 14 4 4 4 
[17492.908965] MESSAGE_B= 4 4 4 22 50 0 192 0 248 179 0 908 782 929 790 1956 1558 1996 1598 204 195 218 199 683 284 678 320 0 12 255 255 246 246 163 146 172 119 0 0 0 0 2 2 2 2 50 0 109962 971406 1568956 996030 1016442 1445186 1437948 1540594 390920 683220 1479820 125316 108678 105812 91352 53878 267784 356650 403724 142852 2073600 2073600 4 12 152269 994560 993600 72899 69354 38072 38990 12 12 7 6 14 4 4 4 
[17493.189966] MESSAGE_B= 4 4 4 20 50 0 192 0 248 179 0 950 785 956 799 2019 1565 2067 1610 237 182 231 184 695 294 693 319 0 12 251 255 247 244 147 148 149 127 0 0 0 0 2 2 2 2 50 0 242680 858020 1568956 996030 1016442 1445186 1437948 1540594 390920 683220 1479820 125316 108678 105812 91352 53878 267784 356650 403724 142852 2073600 2073600 4 12 152666 990720 993600 74242 70722 37127 40393 12 12 7 6 14 4 4 4 
[17493.469956] MESSAGE_B= 4 4 4 19 51 0 192 0 248 179 0 1060 805 1033 825 2136 1597 2189 1634 303 152 230 168 682 281 672 314 0 12 243 255 251 243 34 125 21 114 0 0 0 0 2 2 2 2 51 0 125262 976630 1568956 996030 1016442 1445186 1437948 1540594 390920 683220 1479820 125316 108678 105812 91352 53878 267784 356650 403724 142852 2073600 2073600 4 12 151639 994560 993600 76562 71111 39257 40630 12 12 7 6 12 4 4 4 
[17493.749690] MESSAGE_B= 4 4 4 18 53 2 192 0 248 179 0 924 795 941 823 2194 1611 2236 1646 198 157 210 163 700 286 695 311 0 12 255 255 251 244 176 63 183 99 0 0 0 0 2 2 2 2 53 2 291596 893576 1568956 996030 1016442 1445186 1437948 1540594 390920 683220 1479820 125316 108678 105812 91352 53878 267784 356650 403724 142852 2073600 2073600 4 12 150080 990720 993600 76458 71008 39806 43328 12 12 7 6 12 4 4 4 
[17494.029955] MESSAGE_B= 4 4 4 17 61 2 192 0 248 179 0 914 789 940 824 2241 1657 2294 1696 250 153 262 160 773 327 778 354 0 12 255 255 251 246 105 25 74 50 0 0 0 0 2 2 2 2 61 2 84954 986216 1568956 996030 1016442 1445186 1437948 1540594 390920 683220 1479820 125316 108678 105812 91352 53878 267784 356650 403724 142852 2073600 2073600 4 12 149224 994560 993600 76038 70236 40785 48468 12 12 7 6 13 4 4 4 
[17494.309995] MESSAGE_B= 4 4 4 16 57 1 192 0 248 179 0 892 777 931 814 2301 1695 2361 1729 256 151 265 165 821 361 822 371 0 12 255 255 252 244 136 50 88 23 0 0 0 0 2 2 2 2 57 1 313660 922232 1568956 996030 1016442 1445186 1437948 1540594 390920 683220 1479820 125316 108678 105812 91352 53878 267784 356650 403724 142852 2073600 2073600 4 6 152326 990720 993600 75261 68971 39301 53420 12 12 7 6 13 4 4 4 
[17494.590154] MESSAGE_B= 4 4 4 17 52 2 192 0 248 179 0 878 752 910 781 2357 1724 2405 1764 214 149 223 165 831 369 822 381 0 12 255 255 251 246 72 102 56 90 0 0 0 0 2 2 2 2 52 2 95770 986814 1568956 996030 1016442 1445186 1437948 1540594 390920 683220 1479820 125316 108678 105812 91352 53878 267784 356650 403724 142852 2073600 2073600 4 6 148599 994560 993600 74098 67623 43659 51972 12 12 7 6 12 4 4 4 
[17494.870959] MESSAGE_B= 4 4 4 17 54 2 192 0 248 179 0 876 747 909 767 2394 1740 2443 1803 197 138 205 153 893 381 885 406 0 12 255 255 253 248 104 173 80 173 0 0 0 0 2 2 2 2 54 2 315570 944658 1775760 983022 1004996 1553780 1499014 1626034 277622 618642 1690280 132716 114118 177986 111472 59348 353808 383770 384660 166140 2073600 2073600 4 6 155300 990720 993600 73778 67657 43409 52066 12 12 7 6 11 4 4 4 
[17495.148956] MESSAGE_B= 4 4 4 16 71 2 192 0 248 179 0 868 757 897 773 2447 1757 2506 1821 184 129 190 136 927 390 935 428 0 12 255 255 253 250 65 189 16 199 0 0 0 0 2 2 2 2 71 2 102210 985428 1775760 983022 1004996 1553780 1499014 1626034 277622 618642 1690280 132716 114118 177986 111472 59348 353808 383770 384660 166140 2073600 2073600 4 6 159760 994560 993600 71549 66610 44313 53561 12 12 7 6 10 4 4 4 
[17495.307252] MESSAGE_B= 4 4 4 15 83 2 192 0 248 179 0 860 757 892 773 2481 1763 2538 1829 182 131 191 138 953 391 960 432 0 12 255 255 252 251 25 192 53 204 0 0 0 0 2 2 2 2 83 2 313220 952116 1775760 983022 1004996 1553780 1499014 1626034 277622 618642 1690280 132716 114118 177986 111472 59348 353808 383770 384660 166140 2073600 2073600 4 6 155125 990720 993600 69957 65332 47191 52926 12 12 7 6 10 4 4 4 
[17495.584968] MESSAGE_B= 4 4 4 15 76 2 192 0 248 179 0 836 745 871 767 2482 1765 2556 1830 180 129 188 142 960 401 970 435 0 12 255 255 252 253 84 204 100 210 0 0 0 0 2 2 2 2 76 2 105702 985682 1775760 983022 1004996 1553780 1499014 1626034 277622 618642 1690280 132716 114118 177986 111472 59348 353808 383770 384660 166140 2073600 2073600 4 6 158342 994560 993600 69544 64359 46885 54875 12 12 7 6 10 4 4 4 
[17495.864954] MESSAGE_B= 4 4 4 15 78 2 192 0 248 179 0 821 745 841 758 2482 1764 2547 1811 180 145 184 148 931 412 954 440 0 12 255 255 253 252 121 208 134 204 0 0 0 0 2 2 2 2 78 2 336012 961292 1775760 983022 1004996 1553780 1499014 1626034 277622 618642 1690280 132716 114118 177986 111472 59348 353808 383770 384660 166140 2073600 2073600 4 6 159881 990720 993600 67940 63987 45013 54415 12 12 6 6 10 4 4 4 
[17496.145949] MESSAGE_B= 4 4 4 16 77 2 192 0 248 179 0 793 735 815 761 2477 1743 2538 1780 178 158 185 163 917 414 936 432 0 12 255 255 253 251 133 197 152 185 0 0 0 0 2 2 2 2 77 2 113182 985388 1775760 983022 1004996 1553780 1499014 1626034 277622 618642 1690280 132716 114118 177986 111472 59348 353808 383770 384660 166140 2073600 2073600 4 6 158398 994560 993600 69661 64256 46561 57335 12 12 6 6 9 4 4 4 
[17496.423957] MESSAGE_B= 4 4 4 17 75 2 192 0 248 179 0 770 762 800 790 2461 1735 2515 1764 177 170 185 173 910 406 917 411 0 12 255 255 252 250 137 178 161 164 0 0 0 0 2 2 2 2 75 2 345146 965182 1775760 983022 1004996 1553780 1499014 1626034 277622 618642 1690280 132716 114118 177986 111472 59348 353808 383770 384660 166140 2073600 2073600 4 6 144875 990720 993600 71978 65759 45751 56324 12 12 6 6 10 4 4 4 
[17496.703375] MESSAGE_B= 4 4 4 18 70 3 192 0 248 179 0 764 791 781 814 2465 1715 2513 1742 185 166 192 169 919 396 927 398 0 12 255 255 252 250 139 160 167 147 0 0 0 0 2 2 2 2 70 3 118974 985516 1775760 983022 1004996 1553780 1499014 1626034 277622 618642 1690280 132716 114118 177986 111472 59348 353808 383770 384660 166140 2073600 2073600 4 12 144393 994560 993600 75066 68597 45857 56313 12 12 6 6 10 4 4 4 
[17496.986952] MESSAGE_B= 4 4 4 21 81 3 192 0 248 179 0 802 807 820 826 2480 1718 2523 1748 172 168 182 175 941 390 940 391 0 12 255 255 253 250 141 165 123 152 0 0 0 0 2 2 2 2 81 3 312184 982106 1775760 983022 1004996 1553780 1499014 1626034 277622 618642 1690280 132716 114118 177986 111472 59348 353808 383770 384660 166140 2073600 2073600 4 12 152454 990720 993600 79774 71340 44888 57470 12 12 6 6 9 4 4 4 
[17497.151006] MESSAGE_B= 4 4 4 21 81 3 192 0 248 179 0 807 814 822 829 2482 1727 2529 1760 171 164 184 171 951 390 953 396 0 12 255 255 254 251 162 174 137 161 0 0 0 0 2 2 2 2 81 3 120872 985428 1833912 1203110 916236 1752516 1731960 1633874 478790 851320 1777504 161666 179194 243062 106192 69478 408896 409270 584384 184020 2073600 2073600 4 12 155585 994560 993600 81245 72879 45390 60520 12 12 6 6 9 4 4 4 
[17497.428956] MESSAGE_B= 4 4 4 22 79 3 192 0 248 179 0 826 813 841 826 2486 1756 2544 1794 167 164 177 171 962 407 963 424 0 12 255 255 254 253 194 184 167 172 0 0 0 0 2 2 2 2 79 3 337872 967516 1833912 1203110 916236 1752516 1731960 1633874 478790 851320 1777504 161666 179194 243062 106192 69478 408896 409270 584384 184020 2073600 2073600 4 12 157871 990720 993600 82050 74302 48200 61134 12 12 6 6 9 4 4 4 
[17497.707969] MESSAGE_B= 4 4 4 23 79 2 192 0 248 179 0 807 801 840 836 2486 1769 2556 1825 173 162 185 171 977 421 972 440 0 12 255 255 253 254 178 210 142 183 0 0 0 0 2 2 2 2 79 2 133798 988144 1833912 1203110 916236 1752516 1731960 1633874 478790 851320 1777504 161666 179194 243062 106192 69478 408896 409270 584384 184020 2073600 2073600 4 12 157265 994560 993600 81818 73862 50440 63560 12 12 6 6 9 4 4 4 
[17497.985955] MESSAGE_B= 4 4 4 23 97 2 192 0 248 179 0 804 793 830 817 2502 1793 2571 1842 180 169 189 180 986 417 987 446 0 12 255 255 253 254 141 195 126 189 0 0 0 0 2 2 2 2 97 2 355428 974802 1833912 1203110 916236 1752516 1731960 1633874 478790 851320 1777504 161666 179194 243062 106192 69478 408896 409270 584384 184020 2073600 2073600 4 12 155636 990720 993600 81173 73012 50295 64533 12 12 6 6 8 4 4 4 
[17498.263968] MESSAGE_B= 4 4 4 22 97 2 192 0 248 179 0 799 782 832 816 2485 1786 2561 1845 177 173 187 183 992 409 987 440 0 12 255 255 252 253 108 193 94 179 0 0 0 0 2 2 2 2 97 2 159578 988270 1833912 1203110 916236 1752516 1731960 1633874 478790 851320 1777504 161666 179194 243062 106192 69478 408896 409270 584384 184020 2073600 2073600 4 6 158276 994560 993600 80747 72202 51077 63985 12 12 6 6 9 4 4 4 
[17498.545394] MESSAGE_B= 4 4 4 21 94 2 192 0 248 179 0 817 789 839 823 2471 1777 2538 1834 164 172 178 183 978 402 974 430 0 12 255 255 253 253 97 175 83 155 0 0 0 0 2 2 2 2 94 2 364508 974572 1833912 1203110 916236 1752516 1731960 1633874 478790 851320 1777504 161666 179194 243062 106192 69478 408896 409270 584384 184020 2073600 2073600 4 12 153198 990720 993600 80902 71674 47526 61996 12 12 6 6 9 4 4 4 
[17498.823968] MESSAGE_B= 4 4 4 20 93 2 192 0 248 179 0 797 790 829 835 2435 1732 2507 1808 168 160 181 174 945 364 927 386 0 12 255 255 253 251 62 118 64 103 0 0 0 0 2 2 2 2 93 2 147280 988180 1833912 1203110 916236 1752516 1731960 1633874 478790 851320 1777504 161666 179194 243062 106192 69478 408896 409270 584384 184020 2073600 2073600 4 12 150175 994560 993600 81028 69124 45823 58583 12 12 6 6 9 4 4 4 
[17499.103965] MESSAGE_B= 4 4 4 18 94 3 192 0 248 179 0 777 781 818 838 2421 1678 2494 1771 170 152 187 169 924 340 909 346 0 12 255 255 253 249 68 2 97 62 0 0 0 0 2 2 2 2 94 3 371158 978520 1833912 1203110 916236 1752516 1731960 1633874 478790 851320 1777504 161666 179194 243062 106192 69478 408896 409270 584384 184020 2073600 2073600 4 6 147314 990720 993600 77857 64868 43629 55492 12 12 6 6 9 4 4 4 
[17499.383095] MESSAGE_B= 4 4 4 17 93 3 192 0 248 179 0 544 515 582 564 2412 1638 2481 1721 277 255 286 273 888 322 880 330 0 31 255 255 253 247 210 82 209 114 0 0 0 0 0 0 0 0 93 3 142954 986804 1833912 1203110 916236 1752516 1731960 1633874 478790 851320 1777504 161666 179194 243062 106192 69478 408896 409270 584384 184020 2073600 2073600 4 6 147708 994560 993600 75305 62910 42185 54519 12 12 6 6 9 4 4 4 
[17499.660964] MESSAGE_B= 4 4 4 18 89 2 192 0 248 179 0 546 514 582 558 2387 1622 2456 1701 277 256 286 274 862 331 866 345 0 31 255 255 253 251 204 64 201 92 0 0 0 0 0 0 0 0 89 2 336354 980978 1857348 1362450 1199124 1769852 1787660 1586584 743908 838554 1778864 96852 170248 211804 91504 96800 423108 441824 456314 141030 2073600 2073600 4 6 148445 990720 993600 71327 62433 40979 54314 12 12 6 6 9 4 4 4 
[17499.940957] MESSAGE_B= 4 4 4 18 93 2 192 0 248 179 0 553 512 583 549 2375 1622 2434 1686 278 257 285 272 868 341 877 359 0 31 255 255 254 252 196 61 192 77 0 0 0 0 0 0 0 0 93 2 126344 985458 1857348 1362450 1199124 1769852 1787660 1586584 743908 838554 1778864 96852 170248 211804 91504 96800 423108 441824 456314 141030 2073600 2073600 4 6 144578 994560 993600 70425 63297 40286 52381 12 12 6 6 9 4 4 4 
[17500.108952] MESSAGE_B= 4 4 4 19 88 3 192 0 248 179 0 551 510 584 551 2365 1619 2431 1690 276 258 286 273 878 345 882 369 0 31 255 255 254 252 192 54 190 70 0 0 0 0 0 0 0 0 88 3 345132 987450 1857348 1362450 1199124 1769852 1787660 1586584 743908 838554 1778864 96852 170248 211804 91504 96800 423108 441824 456314 141030 2073600 2073600 4 6 147093 990720 993600 70209 63243 39234 52256 12 12 6 6 9 4 4 4 
[17500.393964] MESSAGE_B= 4 4 4 19 69 3 192 0 248 179 0 551 511 589 552 2369 1623 2432 1690 270 261 283 277 897 356 898 381 0 31 255 255 254 253 188 47 189 68 0 0 0 0 0 0 0 0 69 3 106704 985160 1857348 1362450 1199124 1769852 1787660 1586584 743908 838554 1778864 96852 170248 211804 91504 96800 423108 441824 456314 141030 2073600 2073600 4 6 152093 994560 993600 68889 62826 39537 53532 12 12 7 6 9 4 4 4 
[17500.672960] MESSAGE_B= 4 4 4 19 71 2 192 0 248 179 0 557 516 588 549 2368 1629 2429 1692 269 267 281 279 902 364 901 392 0 31 255 255 254 252 186 58 188 73 0 0 0 0 0 0 0 0 71 2 326318 986510 1857348 1362450 1199124 1769852 1787660 1586584 743908 838554 1778864 96852 170248 211804 91504 96800 423108 441824 456314 141030 2073600 2073600 4 6 153681 990720 993600 68108 63482 39840 53013 12 12 7 6 9 4 4 4 
[17500.950961] MESSAGE_B= 4 4 4 19 78 3 192 0 248 179 0 562 524 594 556 2377 1659 2433 1716 275 275 281 281 909 375 908 403 0 31 255 255 253 253 184 74 187 87 0 0 0 0 0 0 0 0 78 3 112918 985210 1857348 1362450 1199124 1769852 1787660 1586584 743908 838554 1778864 96852 170248 211804 91504 96800 423108 441824 456314 141030 2073600 2073600 4 6 153515 994560 993600 68236 63447 39513 50671 12 12 6 6 9 4 4 4 
[17501.228955] MESSAGE_B= 4 4 4 19 74 2 192 0 248 179 0 540 518 576 553 2086 1560 2137 1618 264 266 272 272 724 314 719 332 0 12 255 255 253 253 188 92 187 105 0 0 0 0 0 0 0 0 74 2 296226 981422 1857348 1362450 1199124 1769852 1787660 1586584 743908 838554 1778864 96852 170248 211804 91504 96800 423108 441824 456314 141030 2073600 2073600 4 6 177859 990720 993600 71264 64183 48078 52070 12 12 6 6 23 4 4 4 
[17501.507961] MESSAGE_B= 4 4 4 25 68 3 192 0 248 179 0 551 568 562 578 1065 834 1093 858 20 18 22 26 352 159 340 158 0 12 235 234 253 239 21 187 14 76 0 0 0 0 2 2 2 2 68 3 192124 984454 1857348 1362450 1199124 1769852 1787660 1586584 743908 838554 1778864 96852 170248 211804 91504 96800 423108 441824 456314 141030 2073600 2073600 4 12 248439 994560 993600 120625 113314 60818 73179 12 12 6 6 28 4 4 4 
[17501.668862] MESSAGE_B= 4 4 4 45 61 3 192 0 248 179 0 0 0 0 0 902 848 896 850 0 0 0 0 102 146 101 142 0 12 0 0 243 247 0 0 0 0 1 1 0 0 1 1 1 1 61 3 203776 986442 1857348 1362450 1199124 1769852 1787660 1586584 743908 838554 1778864 96852 170248 211804 91504 96800 423108 441824 456314 141030 2073600 2073600 4 12 417898 990720 993600 128104 128104 81694 79996 12 12 12 12 28 4 4 4 
[17501.944620] MESSAGE_B= 4 7 4 180 58 3 192 0 248 179 0 0 0 0 0 0 16 0 16 0 0 0 0 0 0 0 0 1 12 0 0 0 0 0 0 0 0 1 1 1 1 1 1 1 1 58 3 59090 972628 1111022 1301024 1132712 1720234 1664636 1650332 434926 634596 1751110 115064 186280 178098 63678 133308 398758 392306 340662 258748 2073600 2073600 4 12 512369 994560 993600 128104 128104 128089 128072 12 12 12 12 22 4 4 4 
[17502.218946] MESSAGE_B= 4 7 4 163 44 5 192 0 248 179 0 0 0 0 0 0 0 0 0 0 0 0 0 0 0 0 0 1 12 0 0 0 0 0 0 0 0 1 1 1 1 1 1 1 1 44 5 154868 901300 1111022 1301024 1132712 1720234 1664636 1650332 434926 634596 1751110 115064 186280 178098 63678 133308 398758 392306 340662 258748 2073600 2073600 4 12 512416 990720 993600 128104 128104 128104 128104 12 12 12 12 22 4 4 4 
[17502.495950] MESSAGE_B= 0 7 4 191 129 3 192 0 248 179 0 0 0 0 0 0 0 0 0 0 0 0 0 0 0 0 0 1 12 0 0 0 0 0 0 0 0 1 1 1 1 1 1 1 1 129 3 0 457052 1111022 1301024 1132712 1720234 1664636 1650332 434926 634596 1751110 115064 186280 178098 63678 133308 398758 392306 340662 258748 2073600 2073600 2 12 512416 994560 993600 128104 128104 128104 128104 12 12 12 12 20 4 4 4 
[17502.770961] MESSAGE_B= 4 7 4 224 102 25 192 0 248 179 0 0 0 0 0 0 0 0 0 0 0 0 0 0 0 0 0 1 12 0 0 0 0 0 0 0 0 1 1 1 1 1 1 1 1 102 25 0 422250 1111022 1301024 1132712 1720234 1664636 1650332 434926 634596 1751110 115064 186280 178098 63678 133308 398758 392306 340662 258748 2073600 2073600 5 12 512416 990720 993600 128104 128104 128104 128104 12 12 12 12 0 4 4 4 
[17503.050444] MESSAGE_B= 4 7 4 255 1 25 192 0 248 179 0 0 0 0 0 0 0 0 0 0 0 0 0 0 0 0 0 1 12 0 0 0 0 0 0 0 0 1 1 1 1 1 1 1 1 1 25 0 0 1111022 1301024 1132712 1720234 1664636 1650332 434926 634596 1751110 115064 186280 178098 63678 133308 398758 392306 340662 258748 2073600 2073600 4 12 512416 994560 993600 128104 128104 128104 128104 12 12 12 12 0 4 4 4 
[17503.324952] MESSAGE_B= 4 7 4 255 1 25 192 0 248 179 0 0 0 0 0 0 0 0 0 0 0 0 0 0 0 0 0 1 12 0 0 0 0 0 0 0 0 1 1 1 1 1 1 1 1 1 25 0 0 1111022 1301024 1132712 1720234 1664636 1650332 434926 634596 1751110 115064 186280 178098 63678 133308 398758 392306 340662 258748 2073600 2073600 4 12 512416 990720 993600 128104 128104 128104 128104 12 12 12 12 0 4 4 4 
[17503.491959] MESSAGE_B= 4 7 4 255 1 1 192 0 248 179 0 0 0 0 0 0 0 0 0 0 0 0 0 0 0 0 0 1 12 0 0 0 0 0 0 0 0 1 1 1 1 1 1 1 1 1 1 0 0 1111022 1301024 1132712 1720234 1664636 1650332 434926 634596 1751110 115064 186280 178098 63678 133308 398758 392306 340662 258748 2073600 2073600 4 12 512416 994560 993600 128104 128104 128104 128104 12 12 12 12 0 4 4 4 
[17503.772960] MESSAGE_B= 4 7 4 255 1 1 192 0 248 179 0 0 0 0 0 0 0 0 0 0 0 0 0 0 0 0 0 1 12 0 0 0 0 0 0 0 0 1 1 1 1 1 1 1 1 1 1 0 0 1111022 1301024 1132712 1720234 1664636 1650332 434926 634596 1751110 115064 186280 178098 63678 133308 398758 392306 340662 258748 2073600 2073600 4 12 512416 990720 993600 128104 128104 128104 128104 12 12 12 12 0 4 4 4 
[17504.056953] MESSAGE_B= 4 7 4 255 1 1 192 0 248 179 0 0 0 0 0 0 0 0 0 0 0 0 0 0 0 0 0 1 12 0 0 0 0 0 0 0 0 1 1 1 1 1 1 1 1 1 1 0 0 1111022 1301024 1132712 1720234 1664636 1650332 434926 634596 1751110 115064 186280 178098 63678 133308 398758 392306 340662 258748 2073600 2073600 4 12 512416 994560 993600 128104 128104 128104 128104 12 12 12 12 0 4 4 4 
[17504.333609] MESSAGE_B= 4 7 4 255 1 1 192 0 248 179 0 0 0 0 0 0 0 0 0 0 0 0 0 0 0 0 0 1 12 0 0 0 0 0 0 0 0 1 1 1 1 1 1 1 1 1 1 0 0 2 581948 61560 6 2 2 81262 358 2 2 370554 1338 2 2 2 193410 214 2 2073600 2073600 4 12 512416 990720 993600 128104 128104 128104 128104 12 12 12 12 0 4 4 4 
[17504.600954] MESSAGE_B= 4 7 4 255 1 1 192 0 248 179 0 0 0 0 0 0 0 0 0 0 0 0 0 0 0 0 0 1 12 0 0 0 0 0 0 0 0 1 1 1 1 1 1 1 1 1 1 0 0 2 581948 61560 6 2 2 81262 358 2 2 370554 1338 2 2 2 193410 214 2 2073600 2073600 4 12 512416 994560 993600 128104 128104 128104 128104 12 12 12 12 0 4 4 4 
[17504.870123] MESSAGE_B= 4 7 4 255 1 1 192 0 248 179 0 0 0 0 0 0 0 0 0 0 0 0 0 0 0 0 0 1 12 0 0 0 0 0 0 0 0 1 1 1 1 1 1 1 1 1 1 0 0 2 581948 61560 6 2 2 81262 358 2 2 370554 1338 2 2 2 193410 214 2 2073600 2073600 4 12 512416 990720 993600 128104 128104 128104 128104 12 12 12 12 0 4 4 4 
[17505.156950] MESSAGE_B= 4 7 4 255 1 2 192 0 248 179 0 0 0 0 0 0 0 0 0 0 0 0 0 0 0 0 0 1 12 0 0 0 0 0 0 0 0 1 1 1 1 1 1 1 1 1 2 0 0 2 581948 61560 6 2 2 81262 358 2 2 370554 1338 2 2 2 193410 214 2 2073600 2073600 4 12 512416 994560 993600 128104 128104 128104 128104 12 12 12 12 0 4 4 4 
[17505.302966] MESSAGE_B= 4 7 4 252 1 2 192 0 248 179 0 0 0 0 0 0 0 0 0 0 0 0 0 0 0 0 0 1 12 0 0 0 0 0 0 0 0 1 1 1 1 1 1 1 1 1 2 0 0 2 581948 61560 6 2 2 81262 358 2 2 370554 1338 2 2 2 193410 214 2 2073600 2073600 4 12 512416 990720 993600 128104 128104 128104 128104 12 12 12 12 7 4 4 4 
[17505.569948] MESSAGE_B= 0 4 4 252 1 2 192 0 248 179 0 0 227 0 235 298 407 279 426 0 0 0 0 0 0 0 0 1 12 245 249 255 244 0 0 0 0 0 0 0 0 0 0 0 0 1 2 3580 18152 2 581948 61560 6 2 2 81262 358 2 2 370554 1338 2 2 2 193410 214 2 2073600 2073600 3 12 499168 994560 993600 123920 124003 125618 125627 12 12 12 12 131 4 4 4 
[17505.839955] MESSAGE_B= 4 4 4 252 1 2 192 0 248 179 0 0 229 0 235 299 411 276 425 0 0 0 0 0 0 0 0 1 12 247 247 250 244 0 0 0 0 0 0 0 0 0 0 0 0 1 2 2108 51646 2 581948 61560 6 2 2 81262 358 2 2 370554 1338 2 2 2 193410 214 2 2073600 2073600 5 12 499133 990720 993600 123873 124035 125588 125637 12 12 12 12 131 4 4 4 
[17506.109952] MESSAGE_B= 0 4 4 252 1 2 192 0 248 179 0 0 228 0 236 298 405 273 426 0 0 0 0 0 0 0 0 1 12 247 251 255 244 0 0 0 0 0 0 0 0 0 0 0 0 1 2 3452 28376 2 581948 61560 6 2 2 81262 358 2 2 370554 1338 2 2 2 193410 214 2 2073600 2073600 3 12 499164 994560 993600 123892 124034 125607 125631 12 12 12 12 38 4 4 4 
[17506.380973] MESSAGE_B= 4 4 4 252 1 2 192 0 248 179 0 0 225 0 234 294 411 276 424 0 0 0 0 0 0 0 0 1 12 242 246 250 249 0 0 0 0 0 0 0 0 0 0 0 0 1 2 1808 57914 2 581948 61560 6 2 2 81262 358 2 2 370554 1338 2 2 2 193410 214 2 2073600 2073600 5 12 499174 990720 993600 123912 124031 125587 125644 12 12 12 12 38 4 4 4 
[17506.651951] MESSAGE_B= 0 4 4 252 1 2 192 0 248 179 0 0 225 0 234 298 410 276 424 0 0 0 0 0 0 0 0 1 12 250 249 255 249 0 0 0 0 0 0 0 0 0 0 0 0 1 2 3394 28452 40028 78262 3394 2 2 19394 71232 42230 39806 2094 193062 538 2 1354 8946 185410 3176 4220 2073600 2073600 3 12 499112 994560 993600 123875 124010 125589 125638 12 12 12 12 32 4 4 4 
[17506.924951] MESSAGE_B= 4 4 4 251 1 2 192 0 248 179 0 0 227 0 235 294 377 280 391 0 0 0 0 0 0 0 0 1 12 248 247 252 252 1 8 1 4 0 0 0 0 0 0 0 0 1 2 1976 58066 40028 78262 3394 2 2 19394 71232 42230 39806 2094 193062 538 2 1354 8946 185410 3176 4220 2073600 2073600 5 12 496241 990720 993600 123904 123987 124139 124211 12 12 12 12 54 4 4 4 
[17507.203947] MESSAGE_B= 0 4 4 250 1 2 192 0 248 179 0 0 227 0 234 297 382 272 396 0 0 0 0 0 0 0 0 1 12 250 249 249 252 0 7 1 4 0 0 0 0 0 0 0 0 1 2 2142 31544 40028 78262 3394 2 2 19394 71232 42230 39806 2094 193062 538 2 1354 8946 185410 3176 4220 2073600 2073600 3 12 496004 994560 993600 123867 124042 124012 124083 12 12 12 12 54 4 4 4 
[17507.354948] MESSAGE_B= 4 4 4 250 1 2 192 0 248 179 0 0 225 0 234 297 382 272 396 0 0 0 0 0 0 0 0 1 12 250 246 249 246 0 5 1 4 0 0 0 0 0 0 0 0 1 2 2316 58166 40028 78262 3394 2 2 19394 71232 42230 39806 2094 193062 538 2 1354 8946 185410 3176 4220 2073600 2073600 5 12 496033 990720 993600 123889 124056 124010 124078 12 12 12 12 54 4 4 4 
[17507.626958] MESSAGE_B= 4 4 4 250 1 2 192 0 248 179 0 0 229 0 236 296 386 276 396 0 0 0 0 0 0 0 0 1 12 247 242 246 246 0 7 1 4 0 0 0 0 0 0 0 0 1 2 2062 59086 40028 78262 3394 2 2 19394 71232 42230 39806 2094 193062 538 2 1354 8946 185410 3176 4220 2073600 2073600 5 12 495938 994560 993600 123861 124023 123975 124079 12 12 12 12 31 4 4 4 
[17507.903946] MESSAGE_B= 4 4 4 250 1 2 192 0 248 179 0 0 225 0 234 297 381 276 395 0 0 0 0 0 0 0 0 1 12 253 249 252 252 0 5 1 5 0 0 0 0 0 0 0 0 1 2 2204 58386 40028 78262 3394 2 2 19394 71232 42230 39806 2094 193062 538 2 1354 8946 185410 3176 4220 2073600 2073600 5 12 496008 990720 993600 123887 124026 124015 124080 12 12 12 12 20 4 4 4 
[17508.178957] MESSAGE_B= 4 4 4 250 1 2 192 0 248 179 0 0 225 0 234 296 383 275 395 0 0 0 0 0 0 0 0 1 12 248 249 249 252 0 8 1 5 0 0 0 0 0 0 0 0 1 2 2244 59290 40028 78262 3394 2 2 19394 71232 42230 39806 2094 193062 538 2 1354 8946 185410 3176 4220 2073600 2073600 5 12 496012 994560 993600 123894 124035 124010 124073 12 12 12 12 22 4 4 4 
[17508.456949] MESSAGE_B= 4 4 4 248 1 2 192 0 248 179 0 0 226 0 232 298 379 274 382 0 0 0 0 0 0 0 0 1 12 253 240 249 248 12 28 15 21 0 0 0 0 0 0 0 0 1 2 2022 58150 40028 78262 3394 2 2 19394 71232 42230 39806 2094 193062 538 2 1354 8946 185410 3176 4220 2073600 2073600 5 12 490272 990720 993600 123843 124037 121125 121267 12 12 12 12 44 4 4 4 
[17508.734191] MESSAGE_B= 4 4 4 248 1 2 192 0 248 179 0 0 227 0 232 295 396 274 400 0 0 0 0 0 0 0 0 1 12 242 240 246 248 16 29 18 18 0 0 0 0 0 0 0 0 1 2 2336 59402 40028 78262 3394 2 2 19394 71232 42230 39806 2094 193062 538 2 1354 8946 185410 3176 4220 2073600 2073600 5 12 489166 994560 993600 123848 124038 120546 120734 12 12 12 12 44 4 4 4 
[17509.007950] MESSAGE_B= 0 4 4 248 1 2 192 0 248 179 0 0 228 0 234 295 389 277 395 0 0 0 0 0 0 0 0 1 12 247 247 248 248 15 30 18 20 0 0 0 0 0 0 0 0 1 2 2686 27352 49866 86808 35766 25994 23408 22822 99458 22374 69942 2066 180918 3168 2204 2618 3080 182782 3316 3798 2073600 2073600 3 12 489210 990720 993600 123855 124011 120625 120719 12 12 12 12 28 4 4 4 
[17509.288952] MESSAGE_B= 4 4 4 248 1 2 192 0 248 179 0 0 228 0 233 296 391 274 396 0 0 0 0 0 0 0 0 1 12 245 242 246 246 15 30 18 20 0 0 0 0 0 0 0 0 1 2 2332 59000 49866 86808 35766 25994 23408 22822 99458 22374 69942 2066 180918 3168 2204 2618 3080 182782 3316 3798 2073600 2073600 5 12 489286 994560 993600 123851 124049 120637 120749 12 12 12 12 19 4 4 4 
[17509.563962] MESSAGE_B= 0 4 4 248 1 2 192 0 248 179 0 0 228 0 234 296 391 277 405 0 0 0 0 0 0 0 0 1 12 250 247 250 252 16 33 19 21 0 0 0 0 0 0 0 0 1 2 2960 26528 49866 86808 35766 25994 23408 22822 99458 22374 69942 2066 180918 3168 2204 2618 3080 182782 3316 3798 2073600 2073600 3 12 489043 990720 993600 123836 123991 120626 120590 12 12 12 12 30 4 4 4 
[17509.720988] MESSAGE_B= 4 4 4 248 1 2 192 0 248 179 0 0 228 0 236 296 389 277 397 0 0 0 0 0 0 0 0 1 12 242 247 248 248 18 32 18 21 0 0 0 0 0 0 0 0 1 2 2482 59130 49866 86808 35766 25994 23408 22822 99458 22374 69942 2066 180918 3168 2204 2618 3080 182782 3316 3798 2073600 2073600 5 12 489227 994560 993600 123845 124004 120667 120711 12 12 12 12 30 4 4 4 
[17509.996953] MESSAGE_B= 0 4 4 248 1 2 192 0 248 179 0 0 228 0 236 297 388 275 396 0 0 0 0 0 0 0 0 1 12 248 249 244 250 16 32 18 20 0 0 0 0 0 0 0 0 1 2 2678 26432 49866 86808 35766 25994 23408 22822 99458 22374 69942 2066 180918 3168 2204 2618 3080 182782 3316 3798 2073600 2073600 3 12 489160 990720 993600 123833 123996 120626 120705 12 12 12 12 21 4 4 4 
[17510.270950] MESSAGE_B= 4 4 4 248 1 2 192 0 248 179 0 0 225 0 234 297 393 277 400 0 0 0 0 0 0 0 0 1 12 250 247 248 254 16 32 19 23 0 0 0 0 0 0 0 0 1 2 2322 59136 49866 86808 35766 25994 23408 22822 99458 22374 69942 2066 180918 3168 2204 2618 3080 182782 3316 3798 2073600 2073600 5 12 489035 994560 993600 123837 123990 120582 120626 12 12 12 12 21 4 4 4 
[17510.544951] MESSAGE_B= 0 4 4 248 1 2 192 0 248 179 0 0 225 0 233 296 391 271 400 0 0 0 0 0 0 0 0 1 12 250 244 252 254 16 30 18 21 0 0 0 0 0 0 0 0 1 2 2310 26460 49866 86808 35766 25994 23408 22822 99458 22374 69942 2066 180918 3168 2204 2618 3080 182782 3316 3798 2073600 2073600 3 12 489384 990720 993600 123896 124053 120700 120735 12 12 12 12 29 4 4 4 
[17510.822951] MESSAGE_B= 4 4 4 248 1 2 192 0 248 179 0 0 227 0 235 296 399 277 403 0 0 0 0 0 0 0 0 1 12 245 240 238 233 16 29 19 21 0 0 0 0 0 0 0 0 1 2 2604 58928 49866 86808 35766 25994 23408 22822 99458 22374 69942 2066 180918 3168 2204 2618 3080 182782 3316 3798 2073600 2073600 5 12 489099 994560 993600 123860 123989 120576 120674 12 12 12 12 30 4 4 4 
[17511.098124] MESSAGE_B= 0 4 4 248 1 2 192 0 248 179 0 0 227 0 237 296 402 274 406 0 0 0 0 0 0 0 0 1 12 240 242 240 234 16 30 18 18 0 0 0 0 0 0 0 0 1 2 1758 26424 49866 86808 35766 25994 23408 22822 99458 22374 69942 2066 180918 3168 2204 2618 3080 182782 3316 3798 2073600 2073600 3 12 489196 990720 993600 123847 124028 120612 120709 12 12 12 12 30 4 4 4 
[17511.378870] MESSAGE_B= 4 4 4 248 1 2 192 0 248 179 0 0 228 0 234 295 391 279 398 0 0 0 0 0 0 0 0 1 12 245 244 242 244 16 32 18 20 0 0 0 0 0 0 0 0 1 2 2450 59332 49132 192632 133892 49374 35722 74208 225494 35634 73444 2208 182114 3314 1686 2698 3002 181484 3350 3962 2073600 2073600 5 12 489272 994560 993600 123846 124002 120683 120741 12 12 12 12 23 4 4 4 
[17511.653954] MESSAGE_B= 0 4 4 248 1 2 192 0 248 179 0 0 227 0 235 295 390 273 399 0 0 0 0 0 0 0 0 1 12 242 242 242 242 16 32 18 20 0 0 0 0 0 0 0 0 1 2 2478 26348 49132 192632 133892 49374 35722 74208 225494 35634 73444 2208 182114 3314 1686 2698 3002 181484 3350 3962 2073600 2073600 3 12 489310 990720 993600 123861 124039 120682 120728 12 12 12 12 23 4 4 4 
[17511.935157] MESSAGE_B= 4 4 4 248 1 2 192 0 248 179 0 0 228 0 233 294 392 275 395 0 0 0 0 0 0 0 0 1 12 245 242 250 254 17 27 18 23 0 0 0 0 0 0 0 0 1 2 1738 59100 49132 192632 133892 49374 35722 74208 225494 35634 73444 2208 182114 3314 1686 2698 3002 181484 3350 3962 2073600 2073600 5 12 489173 994560 993600 123856 124023 120604 120690 12 12 12 12 12 4 4 4 
[17512.208953] MESSAGE_B= 0 4 4 248 1 2 192 0 248 179 0 0 228 0 234 296 390 274 393 0 0 0 0 0 0 0 0 1 12 245 244 246 250 16 32 16 21 0 0 0 0 0 0 0 0 1 2 2056 26280 49132 192632 133892 49374 35722 74208 225494 35634 73444 2208 182114 3314 1686 2698 3002 181484 3350 3962 2073600 2073600 3 12 489267 990720 993600 123843 124034 120655 120735 12 12 12 12 24 4 4 4 
[17512.362243] MESSAGE_B= 4 4 4 248 1 2 192 0 248 179 0 0 226 0 234 299 398 277 401 0 0 0 0 0 0 0 0 1 12 242 246 242 250 17 33 16 21 0 0 0 0 0 0 0 0 1 2 2234 59138 49132 192632 133892 49374 35722 74208 225494 35634 73444 2208 182114 3314 1686 2698 3002 181484 3350 3962 2073600 2073600 5 12 489303 994560 993600 123869 124046 120649 120739 12 12 12 12 27 4 4 4 
[17512.635957] MESSAGE_B= 0 4 4 248 1 2 192 0 248 179 0 0 227 0 235 296 390 277 398 0 0 0 0 0 0 0 0 1 12 248 249 250 246 15 29 16 20 0 0 0 0 0 0 0 0 1 2 2390 26352 49132 192632 133892 49374 35722 74208 225494 35634 73444 2208 182114 3314 1686 2698 3002 181484 3350 3962 2073600 2073600 3 12 489247 990720 993600 123867 124008 120645 120727 12 12 12 12 27 4 4 4 
[17512.911257] MESSAGE_B= 4 4 4 248 1 2 192 0 248 179 0 0 228 0 234 297 394 278 404 0 0 0 0 0 0 0 0 1 12 250 249 250 254 16 29 16 24 0 0 0 0 0 0 0 0 1 2 2092 59098 49132 192632 133892 49374 35722 74208 225494 35634 73444 2208 182114 3314 1686 2698 3002 181484 3350 3962 2073600 2073600 5 12 489113 994560 993600 123859 124019 120642 120593 12 12 12 12 20 4 4 4 
[17513.187803] MESSAGE_B= 0 4 4 248 1 2 192 0 248 179 0 0 227 0 234 296 396 276 400 0 0 0 0 0 0 0 0 1 12 245 249 246 246 16 30 16 20 0 0 0 0 0 0 0 0 1 2 2300 26622 49132 192632 133892 49374 35722 74208 225494 35634 73444 2208 182114 3314 1686 2698 3002 181484 3350 3962 2073600 2073600 3 12 489223 990720 993600 123849 124024 120642 120708 12 12 12 12 20 4 4 4 
[17513.465963] MESSAGE_B= 4 4 4 248 1 2 192 0 248 179 0 0 225 0 233 296 396 279 401 0 0 0 0 0 0 0 0 1 12 250 242 248 254 16 32 18 23 0 0 0 0 0 0 0 0 1 2 2766 58972 49132 192632 133892 49374 35722 74208 225494 35634 73444 2208 182114 3314 1686 2698 3002 181484 3350 3962 2073600 2073600 5 12 489208 994560 993600 123874 124000 120649 120685 12 12 12 12 17 4 4 4 
[17513.739968] MESSAGE_B= 0 4 4 248 1 2 192 0 248 179 0 0 224 0 233 296 398 274 402 0 0 0 0 0 0 0 0 1 12 248 246 246 244 16 29 16 20 0 0 0 0 0 0 0 0 1 2 1862 26318 49682 210452 138466 49714 34686 74596 230298 36584 73044 2530 180306 4922 3102 2126 3590 183892 4640 3604 2073600 2073600 3 12 489292 990720 993600 123863 124038 120644 120747 12 12 12 12 18 4 4 4 
[17514.014955] MESSAGE_B= 4 4 4 248 1 2 192 0 248 179 0 0 224 0 234 296 398 275 398 0 0 0 0 0 0 0 0 1 12 245 242 244 244 18 32 16 20 0 0 0 0 0 0 0 0 1 2 2346 59066 49682 210452 138466 49714 34686 74596 230298 36584 73044 2530 180306 4922 3102 2126 3590 183892 4640 3604 2073600 2073600 5 12 489416 994560 993600 123887 124046 120671 120812 12 12 12 12 18 4 4 4 
[17514.291973] MESSAGE_B= 0 4 4 248 1 2 192 0 248 179 0 0 219 0 225 282 381 258 384 0 0 0 0 0 0 0 0 1 12 255 243 253 251 14 31 14 22 0 0 0 0 0 0 0 0 1 2 2902 26612 49682 210452 138466 49714 34686 74596 230298 36584 73044 2530 180306 4922 3102 2126 3590 183892 4640 3604 2073600 2073600 3 12 490909 990720 993600 124181 124315 121135 121278 12 12 12 12 48 4 4 4 
[17514.568948] MESSAGE_B= 4 4 4 248 1 2 192 0 248 179 0 0 196 0 215 243 346 233 352 0 0 0 0 0 0 0 0 1 12 250 234 251 255 14 25 13 16 0 0 0 0 0 0 0 0 1 2 2020 59260 49682 210452 138466 49714 34686 74596 230298 36584 73044 2530 180306 4922 3102 2126 3590 183892 4640 3604 2073600 2073600 5 12 493296 994560 993600 124695 124638 121960 122003 12 12 12 12 55 4 4 4 
[17514.844610] MESSAGE_B= 0 4 4 248 1 2 192 0 248 179 0 0 114 0 124 146 296 126 290 0 0 0 0 0 0 0 0 1 12 245 230 251 251 1 9 8 3 0 0 0 0 0 0 0 0 1 2 7068 33060 49682 210452 138466 49714 34686 74596 230298 36584 73044 2530 180306 4922 3102 2126 3590 183892 4640 3604 2073600 2073600 3 12 498575 990720 993600 126209 126289 122999 123078 12 12 12 12 55 4 4 4 
[17514.997114] MESSAGE_B= 4 4 4 248 1 2 192 0 248 179 0 0 94 0 96 114 254 84 235 0 0 0 0 0 0 0 0 1 12 170 156 231 237 0 2 0 0 0 0 0 0 0 0 0 0 1 2 3244 57928 49682 210452 138466 49714 34686 74596 230298 36584 73044 2530 180306 4922 3102 2126 3590 183892 4640 3604 2073600 2073600 5 12 503162 994560 993600 126985 127200 124334 124643 12 12 12 12 54 4 4 4 
[17515.269954] MESSAGE_B= 0 7 4 247 1 2 192 0 248 179 0 0 0 0 0 0 0 0 0 0 0 0 0 0 0 0 0 1 12 0 0 0 0 0 0 0 0 1 1 1 1 1 1 1 1 1 2 11790 24302 49682 210452 138466 49714 34686 74596 230298 36584 73044 2530 180306 4922 3102 2126 3590 183892 4640 3604 2073600 2073600 3 12 512414 990720 993600 128104 128104 128102 128104 12 12 12 12 53 4 4 4 
[17515.544946] MESSAGE_B= 4 7 4 248 1 2 192 0 248 179 0 0 0 0 0 0 0 0 0 0 0 0 0 0 0 0 0 1 12 0 0 0 0 0 0 0 0 1 1 1 1 1 1 1 1 1 2 1824 52850 49682 210452 138466 49714 34686 74596 230298 36584 73044 2530 180306 4922 3102 2126 3590 183892 4640 3604 2073600 2073600 5 12 512416 994560 993600 128104 128104 128104 128104 12 12 12 12 44 4 4 4 
[17515.820245] MESSAGE_B= 4 7 4 252 1 2 192 0 248 179 0 0 0 0 0 0 0 0 0 0 0 0 0 0 0 0 0 1 12 0 0 0 0 0 0 0 0 1 1 1 1 1 1 1 1 1 2 0 5938 49682 210452 138466 49714 34686 74596 230298 36584 73044 2530 180306 4922 3102 2126 3590 183892 4640 3604 2073600 2073600 4 12 512416 990720 993600 128104 128104 128104 128104 12 12 12 12 27 4 4 4 
[17516.092963] MESSAGE_B= 4 7 4 252 1 2 192 0 248 179 0 0 0 0 0 0 0 0 0 0 0 0 0 0 0 0 0 1 12 0 0 0 0 0 0 0 0 1 1 1 1 1 1 1 1 1 2 0 0 2 211222 137524 40954 20486 75162 220114 49640 2 2 179410 3358 1698 1424 16972 191144 3056 2 2073600 2073600 4 12 512416 994560 993600 128104 128104 128104 128104 12 12 12 12 0 4 4 4 
[17516.364951] MESSAGE_B= 4 7 4 254 1 2 192 0 248 179 0 0 0 0 0 0 0 0 0 0 0 0 0 0 0 0 0 1 12 0 0 0 0 0 0 0 0 1 1 1 1 1 1 1 1 1 2 0 0 2 211222 137524 40954 20486 75162 220114 49640 2 2 179410 3358 1698 1424 16972 191144 3056 2 2073600 2073600 4 12 512416 990720 993600 128104 128104 128104 128104 12 12 12 12 0 4 4 4 
[17516.644952] MESSAGE_B= 4 7 4 254 1 2 192 0 248 179 0 0 0 0 0 0 0 0 0 0 0 0 0 0 0 0 0 1 12 0 0 0 0 0 0 0 0 1 1 1 1 1 1 1 1 1 2 0 0 2 211222 137524 40954 20486 75162 220114 49640 2 2 179410 3358 1698 1424 16972 191144 3056 2 2073600 2073600 4 12 512416 994560 993600 128104 128104 128104 128104 12 12 12 12 0 4 4 4 
[17516.923074] MESSAGE_B= 4 7 4 254 1 1 192 0 248 179 0 0 0 0 0 0 0 0 0 0 0 0 0 0 0 0 0 1 12 0 0 0 0 0 0 0 0 1 1 1 1 1 1 1 1 1 1 0 0 2 211222 137524 40954 20486 75162 220114 49640 2 2 179410 3358 1698 1424 16972 191144 3056 2 2073600 2073600 4 12 512416 990720 993600 128104 128104 128104 128104 12 12 12 12 0 4 4 4 
[17517.195016] MESSAGE_B= 4 0 4 254 10 2 192 0 248 179 0 2566 2601 2537 2606 1892 1666 1914 1691 1031 624 1068 639 539 628 559 640 0 0 255 254 255 255 133 164 126 160 0 0 0 0 2 0 2 0 10 2 0 0 2 211222 137524 40954 20486 75162 220114 49640 2 2 179410 3358 1698 1424 16972 191144 3056 2 2073600 2073600 4 0 416699 994560 993600 103076 106630 99730 107263 0 0 0 0 22 4 4 4 
[17517.470951] MESSAGE_B= 5 4 4 141 11 2 192 0 248 179 0 2569 2605 2533 2602 1896 1660 1914 1681 1033 626 1070 645 548 628 574 640 0 0 255 255 255 255 138 167 133 162 0 0 0 0 2 0 2 0 11 2 51366 0 2 211222 137524 40954 20486 75162 220114 49640 2 2 179410 3358 1698 1424 16972 191144 3056 2 2073600 2073600 7 0 413253 990720 993600 102568 106476 98200 106009 0 0 0 0 25 4 4 4 
[17517.745964] MESSAGE_B= 4 4 4 141 10 2 192 0 248 179 0 2599 2614 2565 2621 1880 1664 1901 1689 1044 633 1072 647 558 630 577 642 0 0 255 255 255 255 149 167 141 162 0 0 0 0 2 0 2 0 10 2 56902 848768 2 211222 137524 40954 20486 75162 220114 49640 2 2 179410 3358 1698 1424 16972 191144 3056 2 2073600 2073600 4 0 411025 994560 993600 102848 106206 96986 104985 0 0 0 0 25 4 4 4 
[17518.021958] MESSAGE_B= 4 4 4 142 10 2 192 0 248 179 0 2614 2615 2578 2615 1866 1661 1880 1676 1046 637 1072 653 558 633 575 642 0 0 255 255 255 255 153 167 147 161 0 0 0 0 2 0 2 0 10 2 42720 749262 2 211222 137524 40954 20486 75162 220114 49640 2 2 179410 3358 1698 1424 16972 191144 3056 2 2073600 2073600 4 0 410642 990720 993600 102752 106486 96587 104817 0 0 0 0 27 4 4 4 
[17518.300955] MESSAGE_B= 4 4 4 142 10 2 192 0 248 179 0 2611 2604 2574 2606 1849 1662 1870 1684 1043 633 1071 645 552 637 567 649 0 0 255 254 255 255 155 165 146 161 0 0 0 0 2 0 2 0 10 2 58756 842804 2 211222 137524 40954 20486 75162 220114 49640 2 2 179410 3358 1698 1424 16972 191144 3056 2 2073600 2073600 4 0 411242 994560 993600 102997 106528 96795 104922 0 0 0 0 27 4 4 4 
[17518.580000] MESSAGE_B= 4 4 4 141 11 2 192 0 248 179 0 2622 2609 2590 2611 1872 1678 1882 1688 1038 635 1066 649 541 642 553 652 0 0 255 254 255 255 148 162 142 159 0 0 0 0 2 0 2 0 11 2 49942 752560 1303830 120250 141042 2 2 1065372 362070 1331700 1347952 85148 174410 206 2 2 52120 125510 105350 65014 2073600 2073600 4 0 412737 990720 993600 102787 106160 98104 105686 0 0 0 0 27 4 4 4 
[17518.734990] MESSAGE_B= 4 4 4 142 10 2 192 0 248 179 0 2618 2597 2591 2608 1869 1670 1882 1682 1037 627 1066 643 534 639 551 652 0 0 255 255 255 255 145 163 140 158 0 0 0 0 2 0 2 0 10 2 57816 842144 1303830 120250 141042 2 2 1065372 362070 1331700 1347952 85148 174410 206 2 2 52120 125510 105350 65014 2073600 2073600 4 0 413575 994560 993600 103039 106176 98326 106034 0 0 0 0 27 4 4 4 
[17519.010957] MESSAGE_B= 4 4 4 143 11 2 192 0 248 179 0 2631 2601 2593 2608 1877 1670 1899 1693 1039 624 1066 642 528 644 550 658 0 0 255 255 255 255 141 162 135 159 0 0 0 0 2 0 2 0 11 2 43800 753718 1303830 120250 141042 2 2 1065372 362070 1331700 1347952 85148 174410 206 2 2 52120 125510 105350 65014 2073600 2073600 4 0 415100 990720 993600 102939 106244 98972 106945 0 0 0 0 24 4 4 4 
[17519.291950] MESSAGE_B= 4 4 4 143 11 2 192 0 248 179 0 2630 2606 2583 2599 1906 1683 1924 1697 1034 619 1058 626 543 640 558 649 0 0 255 255 255 255 135 164 128 158 0 0 0 0 2 0 2 0 11 2 56782 840620 1303830 120250 141042 2 2 1065372 362070 1331700 1347952 85148 174410 206 2 2 52120 125510 105350 65014 2073600 2073600 4 0 417256 994560 993600 103396 106017 100369 107474 0 0 0 0 24 4 4 4 
[17519.570959] MESSAGE_B= 4 4 4 143 11 2 192 0 248 179 0 2624 2598 2589 2601 1917 1679 1936 1692 1031 618 1061 627 549 629 569 646 0 0 255 254 255 255 139 163 130 158 0 0 0 0 2 0 2 0 11 2 39498 754794 1303830 120250 141042 2 2 1065372 362070 1331700 1347952 85148 174410 206 2 2 52120 125510 105350 65014 2073600 2073600 4 0 417935 990720 993600 103048 105721 100927 108239 0 0 0 0 24 4 4 4 
[17519.856713] MESSAGE_B= 4 4 4 142 12 2 192 0 248 179 0 2624 2598 2592 2601 1934 1682 1954 1700 1031 616 1062 628 555 624 575 638 0 0 255 254 255 255 139 165 131 160 0 0 0 0 2 0 2 0 12 2 56482 841268 1303830 120250 141042 2 2 1065372 362070 1331700 1347952 85148 174410 206 2 2 52120 125510 105350 65014 2073600 2073600 4 0 418177 994560 993600 102953 105949 101064 108211 0 0 0 0 23 4 4 4 
[17520.138121] MESSAGE_B= 4 4 4 142 10 2 192 0 248 179 0 2621 2592 2588 2595 1931 1667 1945 1679 1036 619 1059 629 557 618 574 630 0 0 255 254 255 255 141 167 135 161 0 0 0 0 2 0 2 0 10 2 45510 750520 1303830 120250 141042 2 2 1065372 362070 1331700 1347952 85148 174410 206 2 2 52120 125510 105350 65014 2073600 2073600 4 0 416028 990720 993600 102558 106104 99827 107539 0 0 0 0 25 4 4 4 
[17520.303955] MESSAGE_B= 4 4 4 142 11 2 192 0 248 179 0 2620 2592 2599 2600 1923 1661 1933 1675 1033 618 1066 640 557 615 574 631 0 0 255 255 255 255 143 168 140 163 0 0 0 0 2 0 2 0 11 2 56180 838874 1303830 120250 141042 2 2 1065372 362070 1331700 1347952 85148 174410 206 2 2 52120 125510 105350 65014 2073600 2073600 4 0 415344 994560 993600 102955 106250 99205 106934 0 0 0 0 25 4 4 4 
[17520.584953] MESSAGE_B= 4 4 4 142 11 2 192 0 248 179 0 2646 2598 2604 2602 1906 1657 1926 1678 1044 632 1067 646 560 619 574 630 0 0 255 254 255 255 151 171 143 166 0 0 0 0 2 0 2 0 11 2 40166 754856 1303830 120250 141042 2 2 1065372 362070 1331700 1347952 85148 174410 206 2 2 52120 125510 105350 65014 2073600 2073600 4 0 413027 990720 993600 102977 106331 97775 105944 0 0 0 0 25 4 4 4 
[17520.869839] MESSAGE_B= 4 4 4 140 10 2 192 0 248 179 0 2631 2591 2578 2584 1899 1651 1903 1660 1043 628 1064 641 561 618 573 632 0 0 255 255 255 255 154 170 148 167 0 0 0 0 2 0 2 0 10 2 54546 831504 1310848 617792 475962 1300132 1201646 1061448 349196 1306622 1348946 83744 44610 125142 119984 85566 58728 145652 99684 61616 2073600 2073600 4 0 411809 994560 993600 102956 106352 97443 105058 0 0 0 0 24 4 4 4 
[17521.151887] MESSAGE_B= 4 4 4 141 11 2 192 0 248 179 0 2589 2573 2579 2589 1866 1646 1888 1670 1039 628 1067 645 553 619 571 634 0 0 255 254 255 255 157 168 151 163 0 0 0 0 2 0 2 0 11 2 44994 740666 1310848 617792 475962 1300132 1201646 1061448 349196 1306622 1348946 83744 44610 125142 119984 85566 58728 145652 99684 61616 2073600 2073600 4 0 410595 990720 993600 102729 106536 96476 104854 0 0 0 0 22 4 4 4 
