[ 3455.023962] MESSAGE_B= 0 0 0 243 0 27 192 0 248 179 0 0 148 0 3480 0 1242 0 1461 0 0 0 0 0 0 0 0 1 12 0 0 28 12 0 0 0 0 0 0 0 0 0 0 0 0 0 27 7266 825550 58220 134210 530 2 2 2 174054 148120 36794 5118 88230 20982 2 2 2 124150 30760 4830 2073600 2073600 2 12 492745 994560 993600 123273 124082 123334 122056 12 12 12 12 37 0 0 0 
[ 3455.295299] MESSAGE_B= 0 0 0 239 0 19 192 0 248 179 0 0 382 0 3428 0 1521 0 1393 0 0 0 0 0 0 0 0 1 12 0 0 21 11 0 0 0 0 0 0 0 0 0 0 0 0 0 19 318472 914472 58220 134210 530 2 2 2 174054 148120 36794 5118 88230 20982 2 2 2 124150 30760 4830 2073600 2073600 3 12 488107 990720 993600 121117 122631 122869 121490 12 12 12 12 34 0 0 0 
[ 3455.568953] MESSAGE_B= 0 0 0 236 0 11 192 0 248 179 0 0 567 0 3549 3840 1725 200 1183 0 0 0 0 0 0 0 0 1 12 0 0 23 11 0 0 0 0 0 0 0 0 0 0 0 0 0 11 16352 849356 58220 134210 530 2 2 2 174054 148120 36794 5118 88230 20982 2 2 2 124150 30760 4830 2073600 2073600 1 12 483052 994560 993600 118526 120884 122891 120751 12 12 12 12 36 0 0 0 
[ 3455.841947] MESSAGE_B= 0 0 0 230 1 6 192 0 248 179 0 0 1151 0 2349 3624 2703 353 1038 0 0 0 0 0 0 0 0 1 12 0 0 4 8 0 0 0 0 0 0 0 0 0 0 0 0 1 6 184630 818094 58220 134210 530 2 2 2 174054 148120 36794 5118 88230 20982 2 2 2 124150 30760 4830 2073600 2073600 3 12 472410 990720 993600 111481 118576 120989 121364 12 12 12 12 36 0 0 0 
[ 3455.993780] MESSAGE_B= 0 0 0 212 1 5 192 0 248 179 0 0 1208 0 1851 3334 2777 369 985 0 0 0 0 0 0 0 0 1 12 63 0 0 4 0 0 0 0 0 0 0 0 0 0 0 0 1 5 124798 825398 58220 134210 530 2 2 2 174054 148120 36794 5118 88230 20982 2 2 2 124150 30760 4830 2073600 2073600 3 12 470046 994560 993600 108127 117941 121793 122185 12 12 12 12 36 0 0 0 
[ 3456.266975] MESSAGE_B= 0 0 0 202 1 4 192 0 248 179 0 1010 1747 1568 827 1509 715 1479 1217 461 255 692 94 118 94 359 78 0 12 215 202 237 115 0 0 0 0 0 2 0 0 1 1 1 1 1 4 123420 781648 58220 134210 530 2 2 2 174054 148120 36794 5118 88230 20982 2 2 2 124150 30760 4830 2073600 2073600 3 12 461387 990720 993600 99828 116170 123484 121905 12 12 12 12 35 4 0 0 
[ 3456.539954] MESSAGE_B= 0 0 0 169 2 2 192 0 248 179 0 972 1370 1433 938 1232 1207 1670 1848 365 828 804 244 71 427 498 77 0 12 221 122 242 146 0 0 0 0 0 0 0 0 1 1 1 1 2 2 366554 780500 58220 134210 530 2 2 2 174054 148120 36794 5118 88230 20982 2 2 2 124150 30760 4830 2073600 2073600 1 12 427030 994560 993600 93088 95140 123258 115544 12 12 12 12 64 4 0 0 
[ 3456.824172] MESSAGE_B= 0 0 0 144 1 2 192 0 248 179 0 992 1485 1642 961 1089 0 1121 0 340 939 867 340 51 0 375 0 0 12 228 134 83 0 0 0 0 0 2 0 0 1 1 1 1 1 1 2 86912 652146 58220 134210 530 2 2 2 174054 148120 36794 5118 88230 20982 2 2 2 124150 30760 4830 2073600 2073600 3 12 395446 990720 993600 78973 73037 126143 117293 12 12 12 12 64 4 0 0 
[ 3457.097961] MESSAGE_B= 0 0 0 135 2 1 192 0 248 179 0 1209 1632 1465 992 792 1671 1018 1233 292 934 847 387 47 306 115 360 0 12 221 2 8 212 162 215 115 0 2 2 2 0 2 2 2 1 2 1 90694 682494 1209148 376178 1718690 56110 1567204 146448 1767582 1044528 774704 103320 72458 46946 7008 186548 179006 451604 252294 327376 2073600 2073600 2 12 383087 994560 993600 71704 82037 117331 112015 12 12 12 12 57 0 0 0 
[ 3457.388954] MESSAGE_B= 0 0 0 134 2 2 192 0 248 179 0 1373 2435 1647 1072 1578 2277 2320 1253 447 731 937 443 447 815 424 335 0 12 238 108 214 127 210 106 75 5 2 2 0 2 2 2 2 2 2 2 509508 915242 1209148 376178 1718690 56110 1567204 146448 1767582 1044528 774704 103320 72458 46946 7008 186548 179006 451604 252294 327376 2073600 2073600 1 12 370286 990720 993600 70227 89366 106171 104522 12 12 12 12 71 0 0 0 
[ 3457.668964] MESSAGE_B= 0 0 0 143 2 2 192 0 248 179 0 2061 3368 1743 1260 1721 2197 1861 2029 797 354 904 467 486 726 205 321 0 12 244 149 231 54 128 92 0 0 2 2 0 0 2 2 1 1 2 2 191308 413884 1209148 376178 1718690 56110 1567204 146448 1767582 1044528 774704 103320 72458 46946 7008 186548 179006 451604 252294 327376 2073600 2073600 1 12 363153 994560 993600 54411 94603 106813 107326 12 12 12 12 86 0 0 0 
[ 3457.947113] MESSAGE_B= 0 0 0 149 2 3 192 0 248 179 0 2466 3596 1657 1241 2372 2391 648 1826 796 150 756 347 122 645 94 647 0 12 232 166 180 247 123 108 0 0 2 2 2 0 2 2 1 1 2 3 596368 812168 1209148 376178 1718690 56110 1567204 146448 1767582 1044528 774704 103320 72458 46946 7008 186548 179006 451604 252294 327376 2073600 2073600 3 12 346759 990720 993600 54447 95802 98329 120860 0 12 12 12 96 0 0 0 
[ 3458.224957] MESSAGE_B= 0 0 0 157 2 3 192 0 248 179 0 2767 2979 1556 1599 1877 761 688 908 713 419 545 433 36 397 52 180 0 12 215 98 15 169 130 153 0 239 2 2 2 2 0 2 1 0 2 3 536764 492666 1209148 376178 1718690 56110 1567204 146448 1767582 1044528 774704 103320 72458 46946 7008 186548 179006 451604 252294 327376 2073600 2073600 3 12 309391 994560 993600 54928 103580 65745 125228 0 12 12 12 99 5 0 0 
[ 3458.508659] MESSAGE_B= 0 0 0 158 3 1 192 0 248 179 0 3289 2196 1487 1072 889 2024 1246 960 476 180 555 330 427 621 577 253 0 12 59 12 134 63 159 71 95 171 2 2 2 2 0 0 2 2 3 1 667090 708238 1209148 376178 1718690 56110 1567204 146448 1767582 1044528 774704 103320 72458 46946 7008 186548 179006 451604 252294 327376 2073600 2073600 2 12 236977 990720 993600 55475 108906 42302 86144 1 12 0 12 127 0 0 0 
[ 3458.669153] MESSAGE_B= 0 0 0 125 4 1 192 0 248 179 0 3249 3173 1244 1049 1487 2391 1817 837 524 239 492 218 677 1027 830 251 0 12 39 75 50 211 207 184 155 52 2 2 0 2 0 0 2 2 4 1 801454 598302 1209148 376178 1718690 56110 1567204 146448 1767582 1044528 774704 103320 72458 46946 7008 186548 179006 451604 252294 327376 2073600 2073600 2 12 187191 994560 993600 64634 100198 47564 63815 1 12 0 12 139 0 0 0 
[ 3458.947962] MESSAGE_B= 0 0 0 118 3 1 192 0 248 179 0 2971 3034 1418 152 1618 1970 1671 528 844 968 999 186 817 1234 1129 181 0 31 223 131 234 5 225 216 204 76 0 0 0 0 0 0 0 0 3 1 460042 389560 1209148 376178 1718690 56110 1567204 146448 1767582 1044528 774704 103320 72458 46946 7008 186548 179006 451604 252294 327376 2073600 2073600 2 12 152822 990720 993600 84065 81161 47405 47036 1 12 0 12 139 5 5 0 
[ 3459.225971] MESSAGE_B= 0 0 0 138 3 2 192 0 248 179 0 3114 3242 1850 122 1459 1314 875 564 811 838 1157 136 612 813 575 188 0 31 219 109 67 8 199 207 18 60 0 0 0 0 0 0 0 0 3 2 767528 462556 1209148 376178 1718690 56110 1567204 146448 1767582 1044528 774704 103320 72458 46946 7008 186548 179006 451604 252294 327376 2073600 2073600 2 12 115394 994560 993600 89841 76633 39304 72874 1 12 0 7 116 5 0 0 
[ 3459.505112] MESSAGE_B= 0 0 0 147 2 2 192 0 248 179 0 3218 3168 1639 128 2092 1196 785 586 759 772 1096 135 627 503 507 189 0 31 179 8 36 121 134 99 50 59 0 0 0 0 0 0 0 0 2 2 566850 728038 1124204 670248 1427594 411590 1094058 930874 834706 446690 1173288 1184324 479162 118406 810210 623460 1329332 1116346 757958 1161050 2073600 2073600 1 1 102610 990720 993600 85175 71701 45926 55362 1 12 0 6 89 4 0 0 
[ 3459.786967] MESSAGE_B= 0 0 0 140 2 1 192 0 248 179 0 3333 3041 1406 138 2439 2491 927 601 719 796 988 140 877 521 495 194 0 31 116 122 100 138 145 62 59 70 0 0 0 0 0 0 0 0 2 1 769670 686350 1124204 670248 1427594 411590 1094058 930874 834706 446690 1173288 1184324 479162 118406 810210 623460 1329332 1116346 757958 1161050 2073600 2073600 2 6 132832 994560 993600 89610 67822 45127 97562 1 12 0 6 81 4 0 0 
[ 3460.072289] MESSAGE_B= 0 0 0 118 2 1 192 0 248 179 0 3385 3367 1513 151 2664 3132 1698 628 678 602 738 148 498 654 374 198 0 31 120 23 148 60 46 17 9 70 0 0 0 0 0 0 0 0 2 1 823684 516344 1124204 670248 1427594 411590 1094058 930874 834706 446690 1173288 1184324 479162 118406 810210 623460 1329332 1116346 757958 1161050 2073600 2073600 2 1 154515 990720 993600 92825 63869 51583 77702 1 12 0 6 88 4 0 0 
[ 3460.229956] MESSAGE_B= 0 0 0 102 2 1 192 0 248 179 0 3300 3440 1680 158 2969 3252 1963 639 693 587 618 152 558 678 387 200 0 31 141 9 174 51 56 2 8 87 0 0 0 0 0 0 0 0 2 1 837336 638564 1124204 670248 1427594 411590 1094058 930874 834706 446690 1173288 1184324 479162 118406 810210 623460 1329332 1116346 757958 1161050 2073600 2073600 2 1 170976 994560 993600 90097 62481 61583 70965 1 12 1 6 89 4 0 0 
[ 3460.507957] MESSAGE_B= 0 0 0 83 2 1 192 0 248 179 0 3376 3528 2070 186 2622 2998 2542 969 656 588 498 178 927 978 578 331 0 31 227 21 115 61 108 11 3 139 0 0 0 0 0 0 0 0 2 1 689216 458392 1124204 670248 1427594 411590 1094058 930874 834706 446690 1173288 1184324 479162 118406 810210 623460 1329332 1116346 757958 1161050 2073600 2073600 2 1 171085 990720 993600 90314 60966 55083 49720 1 12 1 7 93 4 0 0 
[ 3460.787619] MESSAGE_B= 0 0 0 48 2 2 192 0 248 179 0 3235 3569 2516 495 2063 2990 2865 1698 664 589 574 380 534 737 700 454 0 31 236 44 133 42 146 40 42 131 0 0 0 0 0 0 0 0 2 2 771276 463096 1124204 670248 1427594 411590 1094058 930874 834706 446690 1173288 1184324 479162 118406 810210 623460 1329332 1116346 757958 1161050 2073600 2073600 1 1 153277 994560 993600 86301 53497 34964 35586 1 12 0 0 115 4 0 0 
[ 3461.068964] MESSAGE_B= 0 0 0 44 2 2 192 0 248 179 0 2868 3542 2878 943 1781 2804 3076 2376 674 598 640 629 460 574 735 561 0 31 223 49 107 154 140 11 22 100 0 0 0 0 0 0 0 0 2 2 231444 482924 1124204 670248 1427594 411590 1094058 930874 834706 446690 1173288 1184324 479162 118406 810210 623460 1329332 1116346 757958 1161050 2073600 2073600 1 0 149956 990720 993600 72149 44101 31828 50203 1 12 1 0 116 4 0 0 
[ 3461.349007] MESSAGE_B= 0 0 0 49 2 2 192 0 248 179 0 2616 3311 3044 1308 1771 2758 3187 2398 671 678 689 806 744 567 718 517 0 31 251 3 19 178 86 116 42 83 0 0 0 0 0 0 0 0 2 2 461354 497036 1124204 670248 1427594 411590 1094058 930874 834706 446690 1173288 1184324 479162 118406 810210 623460 1329332 1116346 757958 1161050 2073600 2073600 1 0 165905 994560 993600 56341 39629 39865 53689 1 0 1 0 116 4 0 0 
[ 3461.628956] MESSAGE_B= 0 0 0 62 2 2 192 0 248 179 0 2186 2928 3025 1530 1712 2706 3280 2325 819 746 744 908 540 598 704 476 0 31 228 77 25 167 102 65 39 80 0 0 0 0 0 0 0 0 2 2 464088 368468 1124204 670248 1427594 411590 1094058 930874 834706 446690 1173288 1184324 479162 118406 810210 623460 1329332 1116346 757958 1161050 2073600 2073600 1 0 165190 990720 993600 44419 43399 48898 55872 1 0 1 0 114 4 0 0 
[ 3461.908551] MESSAGE_B= 0 0 0 71 2 2 192 0 248 179 0 1340 2728 2996 1564 1361 2712 3274 2158 605 796 825 1008 326 644 703 462 0 31 234 91 121 152 126 111 64 109 0 0 0 0 0 0 0 0 2 2 303960 305028 433968 1043216 1002922 924078 797442 629902 677750 488014 615540 441606 1347552 1148064 1413466 980564 904468 719826 529102 621340 2073600 2073600 1 0 146309 994560 993600 32893 44803 44476 51356 0 0 1 0 113 4 0 0 
[ 3462.187955] MESSAGE_B= 0 0 0 77 2 2 192 0 248 179 0 815 2502 2906 1422 1122 2657 3278 2006 438 855 891 1030 220 567 701 433 0 31 231 98 153 166 9 144 79 128 0 0 0 0 0 0 0 0 2 2 558460 388760 433968 1043216 1002922 924078 797442 629902 677750 488014 615540 441606 1347552 1148064 1413466 980564 904468 719826 529102 621340 2073600 2073600 1 0 133209 990720 993600 34382 43934 43342 49816 12 0 7 0 113 4 0 0 
[ 3462.344959] MESSAGE_B= 0 0 0 84 2 2 192 0 248 179 0 581 2340 2784 1321 1035 2534 3249 1872 351 855 932 1034 223 497 710 407 0 31 232 96 120 168 56 114 96 110 0 0 0 0 0 0 0 0 2 2 244936 299990 433968 1043216 1002922 924078 797442 629902 677750 488014 615540 441606 1347552 1148064 1413466 980564 904468 719826 529102 621340 2073600 2073600 1 12 125785 994560 993600 40598 44396 50798 48626 12 12 7 0 111 4 0 0 
[ 3462.626961] MESSAGE_B= 0 0 0 91 2 2 192 0 248 179 0 324 2001 2534 1039 823 2297 3183 1597 249 822 1038 908 202 435 759 339 0 31 207 54 47 176 80 13 123 7 0 0 0 0 0 0 0 0 2 2 647282 377540 433968 1043216 1002922 924078 797442 629902 677750 488014 615540 441606 1347552 1148064 1413466 980564 904468 719826 529102 621340 2073600 2073600 1 12 153560 990720 993600 51781 50082 58376 44178 12 12 7 0 98 4 0 0 
[ 3462.912943] MESSAGE_B= 0 0 0 99 1 1 192 0 248 179 0 243 1612 2280 809 656 1983 3101 1422 205 772 1139 745 113 373 867 273 0 31 206 18 126 208 1 9 144 11 0 0 0 0 0 0 0 0 1 1 270018 473110 433968 1043216 1002922 924078 797442 629902 677750 488014 615540 441606 1347552 1148064 1413466 980564 904468 719826 529102 621340 2073600 2073600 1 12 178278 994560 993600 62593 57171 64567 44016 12 12 7 0 96 4 0 0 
[ 3463.198433] MESSAGE_B= 0 0 0 103 1 1 192 0 248 179 0 1119 1468 2769 2383 869 1533 2880 2880 282 298 462 255 46 314 905 523 0 12 22 169 102 36 31 107 51 49 2 2 0 0 2 0 0 2 1 1 630276 320190 433968 1043216 1002922 924078 797442 629902 677750 488014 615540 441606 1347552 1148064 1413466 980564 904468 719826 529102 621340 2073600 2073600 1 12 210415 990720 993600 71227 66261 68851 43007 12 12 7 12 96 0 0 0 
[ 3463.477952] MESSAGE_B= 0 0 0 113 2 1 192 0 248 179 0 1051 1271 2500 2734 897 1252 2467 2949 124 168 353 250 68 271 817 280 0 12 72 140 71 9 56 178 59 33 2 2 0 2 2 2 2 2 2 1 273834 530780 433968 1043216 1002922 924078 797442 629902 677750 488014 615540 441606 1347552 1148064 1413466 980564 904468 719826 529102 621340 2073600 2073600 2 12 235186 994560 993600 77462 73084 60179 47621 12 12 7 12 98 0 0 0 
[ 3463.758958] MESSAGE_B= 0 0 0 153 2 1 192 0 248 179 0 1100 1160 2502 3096 1022 1057 2217 2796 107 65 317 220 233 185 669 314 0 12 79 144 95 109 43 166 17 20 2 2 0 2 2 2 2 2 2 1 537670 304428 433968 1043216 1002922 924078 797442 629902 677750 488014 615540 441606 1347552 1148064 1413466 980564 904468 719826 529102 621340 2073600 2073600 2 12 261163 990720 993600 83415 79864 44490 53394 12 12 12 12 98 0 0 0 
[ 3464.037957] MESSAGE_B= 0 0 0 170 2 1 192 0 248 179 0 1292 1135 2841 3175 1125 1355 2223 2492 201 131 184 248 274 292 739 460 0 12 146 21 114 120 57 125 115 134 2 2 2 2 2 2 2 2 2 1 265588 520930 433968 1043216 1002922 924078 797442 629902 677750 488014 615540 441606 1347552 1148064 1413466 980564 904468 719826 529102 621340 2073600 2073600 2 12 284642 994560 993600 88174 85483 51553 59432 12 12 12 12 96 0 0 0 
[ 3464.205949] MESSAGE_B= 0 0 0 160 1 1 192 0 248 179 0 1404 1117 3050 3255 1116 1746 2278 3190 173 151 162 304 218 73 781 138 0 12 61 57 25 139 129 146 176 0 2 2 2 2 2 2 2 1 1 1 447372 277430 547298 524390 348934 648550 527122 639720 630014 637666 619896 467074 595522 676482 640668 547912 659330 795408 580326 624714 2073600 2073600 1 12 296429 990720 993600 90498 87925 55445 62561 12 12 12 12 95 0 0 0 
[ 3464.491438] MESSAGE_B= 0 0 0 147 2 1 192 0 248 179 0 1674 1187 3344 3376 1060 2203 2531 3256 161 293 27 118 258 131 743 188 0 12 222 32 138 0 0 106 183 0 2 2 2 2 1 2 2 1 2 1 224166 494246 547298 524390 348934 648550 527122 639720 630014 637666 619896 467074 595522 676482 640668 547912 659330 795408 580326 624714 2073600 2073600 2 12 314202 994560 993600 93838 91253 61561 67550 12 12 12 12 93 0 0 0 
[ 3464.774953] MESSAGE_B= 0 0 0 147 2 1 192 0 248 179 0 0 1187 0 3290 1047 2541 2574 3309 0 313 0 122 277 123 713 145 0 12 0 93 141 38 0 35 169 0 1 2 2 2 1 2 2 1 2 1 280156 191354 547298 524390 348934 648550 527122 639720 630014 637666 619896 467074 595522 676482 640668 547912 659330 795408 580326 624714 2073600 2073600 2 12 327081 990720 993600 96003 93374 66349 71355 12 12 12 12 93 0 0 0 
[ 3465.066860] MESSAGE_B= 0 0 0 157 1 1 192 0 248 179 0 0 1299 0 3327 3128 2651 2847 3323 0 384 0 177 145 72 707 154 0 12 0 6 135 76 0 83 184 0 1 2 2 2 1 2 2 1 1 1 189996 462924 547298 524390 348934 648550 527122 639720 630014 637666 619896 467074 595522 676482 640668 547912 659330 795408 580326 624714 2073600 2073600 1 12 338824 994560 993600 98455 95713 68508 76148 12 12 12 12 90 0 0 0 
[ 3465.223953] MESSAGE_B= 0 0 0 161 3 1 192 0 248 179 0 0 1374 0 3286 3258 2798 2771 3328 0 498 0 182 151 63 710 183 0 12 0 19 11 39 0 128 181 0 1 2 2 2 1 2 2 1 3 1 249746 187092 547298 524390 348934 648550 527122 639720 630014 637666 619896 467074 595522 676482 640668 547912 659330 795408 580326 624714 2073600 2073600 2 12 344599 990720 993600 99492 96682 70319 78106 12 12 12 12 78 0 0 0 
[ 3465.500958] MESSAGE_B= 0 0 0 163 4 1 192 0 248 179 0 2064 1574 3536 3236 3289 2929 2758 3212 0 667 0 185 182 104 678 240 0 12 0 13 68 24 0 103 197 0 2 2 2 2 1 2 2 1 4 1 177068 452084 547298 524390 348934 648550 527122 639720 630014 637666 619896 467074 595522 676482 640668 547912 659330 795408 580326 624714 2073600 2073600 2 12 357972 994560 993600 101421 98648 75561 82342 12 12 12 12 78 0 0 0 
[ 3465.778968] MESSAGE_B= 0 0 0 166 2 0 192 0 248 179 0 2310 1817 3483 3232 3379 2759 2893 3190 249 772 55 191 184 74 678 247 0 12 81 134 86 161 0 98 218 0 2 2 2 2 1 2 2 1 2 0 209386 176044 547298 524390 348934 648550 527122 639720 630014 637666 619896 467074 595522 676482 640668 547912 659330 795408 580326 624714 2073600 2073600 2 12 369272 990720 993600 101905 100449 80472 86446 12 12 12 12 70 0 0 0 
[ 3466.055960] MESSAGE_B= 0 0 0 174 1 0 192 0 248 179 0 2887 2054 3421 3180 3436 2733 2927 3136 465 739 34 283 149 86 570 337 0 12 126 105 62 110 0 71 118 0 2 2 2 2 1 2 2 1 1 0 160050 433794 547298 524390 348934 648550 527122 639720 630014 637666 619896 467074 595522 676482 640668 547912 659330 795408 580326 624714 2073600 2073600 2 12 378138 994560 993600 101909 101614 85796 88819 12 12 12 12 65 0 0 0 
[ 3466.334960] MESSAGE_B= 0 0 0 179 1 0 192 0 248 179 0 3100 2287 3375 3140 3468 2665 2922 3225 594 452 101 162 98 112 454 272 0 12 30 154 75 145 0 80 146 0 2 2 2 2 1 2 2 1 1 0 134028 257824 547298 524390 348934 648550 527122 639720 630014 637666 619896 467074 595522 676482 640668 547912 659330 795408 580326 624714 2073600 2073600 2 12 383501 990720 993600 102215 102947 88018 90321 12 12 12 12 60 0 0 0 
[ 3466.613962] MESSAGE_B= 0 0 0 183 1 0 192 0 248 179 0 3246 2506 3264 3125 3502 2612 3009 3290 451 72 197 413 151 143 386 211 0 12 52 36 90 165 0 74 154 0 2 2 2 2 1 2 2 1 1 0 121240 384666 201770 480856 322510 397560 330714 197802 323430 174248 251692 166508 373448 132284 360616 273724 176774 134318 155036 287204 2073600 2073600 2 12 389018 994560 993600 102688 104009 90657 91664 12 12 12 12 58 0 0 0 
[ 3466.899172] MESSAGE_B= 0 0 0 186 2 0 192 0 248 179 0 3070 2506 3155 3331 3317 2497 3161 3424 594 54 278 280 223 148 331 203 0 12 191 6 156 164 0 50 161 0 2 2 2 2 1 2 2 1 2 0 127368 289422 201770 480856 322510 397560 330714 197802 323430 174248 251692 166508 373448 132284 360616 273724 176774 134318 155036 287204 2073600 2073600 2 12 395021 990720 993600 103383 105073 93046 93519 12 12 12 12 52 0 0 0 
[ 3467.176961] MESSAGE_B= 0 0 0 187 1 1 192 0 248 179 0 3116 2546 3165 3489 3135 2521 3153 3460 427 67 268 146 335 144 312 146 0 12 166 149 220 154 0 31 170 0 2 2 2 2 1 2 2 1 1 1 87664 355290 201770 480856 322510 397560 330714 197802 323430 174248 251692 166508 373448 132284 360616 273724 176774 134318 155036 287204 2073600 2073600 1 12 400686 994560 993600 104237 105918 95035 95496 12 12 12 12 51 0 0 0 
[ 3467.454956] MESSAGE_B= 0 0 0 190 3 1 192 0 248 179 0 3185 2597 3139 3409 3231 2547 3144 3475 401 69 255 245 254 148 293 311 0 12 110 118 180 126 0 31 200 0 2 2 2 2 1 2 2 1 3 1 112354 293422 201770 480856 322510 397560 330714 197802 323430 174248 251692 166508 373448 132284 360616 273724 176774 134318 155036 287204 2073600 2073600 2 12 405774 990720 993600 105050 106635 96688 97401 12 12 12 12 48 0 0 0 
[ 3467.612072] MESSAGE_B= 0 0 0 193 1 1 192 0 248 179 0 3196 2564 3139 3412 3230 2520 3132 3448 439 74 227 522 316 137 315 489 0 12 76 224 213 135 0 28 197 0 2 2 2 2 1 2 2 1 1 1 67570 315410 201770 480856 322510 397560 330714 197802 323430 174248 251692 166508 373448 132284 360616 273724 176774 134318 155036 287204 2073600 2073600 1 12 407874 994560 993600 105349 106987 97396 98142 12 12 12 12 47 0 0 0 
[ 3467.888957] MESSAGE_B= 0 0 0 193 1 1 192 0 248 179 0 3340 2565 3145 3349 3240 2531 3161 3404 367 110 199 452 374 142 269 424 0 12 76 220 179 155 0 30 185 0 2 2 2 2 1 2 2 1 1 1 96770 292008 201770 480856 322510 397560 330714 197802 323430 174248 251692 166508 373448 132284 360616 273724 176774 134318 155036 287204 2073600 2073600 1 12 412490 990720 993600 106036 107630 98960 99864 12 12 12 12 45 0 0 0 
[ 3468.130954] MESSAGE_B= 0 0 0 195 1 1 192 0 248 179 0 3432 2586 3145 3385 3241 2551 3169 3337 308 59 202 235 355 148 297 503 0 12 120 46 209 124 0 16 185 0 2 2 2 2 1 2 2 1 1 1 56432 282426 201770 480856 322510 397560 330714 197802 323430 174248 251692 166508 373448 132284 360616 273724 176774 134318 155036 287204 2073600 2073600 1 12 415964 994560 993600 106651 108093 100217 101003 12 12 12 12 43 0 0 0 
[ 3468.408958] MESSAGE_B= 0 0 0 195 1 1 192 0 248 179 0 3433 0 3155 0 3213 2519 3178 3158 230 0 178 0 374 166 293 453 0 12 125 0 201 116 0 13 186 0 2 1 2 2 1 2 2 1 1 1 79668 281594 201770 480856 322510 397560 330714 197802 323430 174248 251692 166508 373448 132284 360616 273724 176774 134318 155036 287204 2073600 2073600 1 12 419093 990720 993600 107220 108545 101279 102049 12 12 12 12 42 0 0 0 
[ 3468.687959] MESSAGE_B= 0 0 0 196 1 1 192 0 248 179 0 3487 0 3150 0 3192 2563 3153 2930 323 0 153 0 510 175 317 576 0 12 120 0 207 67 0 51 184 0 2 1 2 2 1 2 2 1 1 1 54168 267874 201770 480856 322510 397560 330714 197802 323430 174248 251692 166508 373448 132284 360616 273724 176774 134318 155036 287204 2073600 2073600 1 12 422602 994560 993600 107961 109052 102446 103143 12 12 12 12 41 0 0 0 
[ 3468.967475] MESSAGE_B= 0 0 0 196 1 1 192 0 248 179 0 3475 0 3087 0 3396 2462 3196 2937 387 0 171 0 216 235 132 763 0 12 115 0 93 144 0 91 128 0 2 1 2 2 1 2 2 1 1 1 71424 268906 73358 189790 148702 126994 128522 89184 111704 82806 116278 78296 177262 129416 121656 136348 52728 170328 130342 132454 2073600 2073600 1 12 424587 990720 993600 108559 109472 102997 103559 12 12 12 12 37 0 0 0 
[ 3469.246957] MESSAGE_B= 0 0 0 197 1 1 192 0 248 179 0 3317 0 3031 0 3442 2633 3159 3657 486 0 179 0 156 95 115 110 0 12 26 0 69 255 0 114 136 0 2 1 2 2 1 2 2 1 1 1 52364 259240 73358 189790 148702 126994 128522 89184 111704 82806 116278 78296 177262 129416 121656 136348 52728 170328 130342 132454 2073600 2073600 1 12 426976 994560 993600 109162 109802 103867 104145 12 12 12 12 36 0 0 0 
[ 3469.523978] MESSAGE_B= 0 0 0 199 1 1 192 0 248 179 0 3310 0 2971 0 3426 2841 3081 3622 500 0 205 0 186 85 133 135 0 12 9 0 56 235 0 126 105 0 2 1 2 2 1 2 2 1 1 1 67342 251596 73358 189790 148702 126994 128522 89184 111704 82806 116278 78296 177262 129416 121656 136348 52728 170328 130342 132454 2073600 2073600 1 12 429381 990720 993600 109748 110097 104890 104646 12 12 12 12 34 0 0 0 
[ 3469.799965] MESSAGE_B= 0 0 0 198 1 1 192 0 248 179 0 3528 0 2945 0 3312 2952 3013 3528 184 0 226 0 226 24 124 8 0 12 58 0 67 255 0 127 96 0 2 1 2 2 1 2 2 1 1 1 48516 249600 73358 189790 148702 126994 128522 89184 111704 82806 116278 78296 177262 129416 121656 136348 52728 170328 130342 132454 2073600 2073600 1 12 431003 994560 993600 110090 110378 105451 105084 12 12 12 12 29 0 0 0 
[ 3470.079966] MESSAGE_B= 0 0 0 198 1 1 192 0 248 179 0 3630 0 2950 0 3329 0 3004 0 85 0 219 0 281 0 110 0 0 12 68 0 80 0 0 134 64 0 2 1 2 1 1 2 2 1 1 1 65680 240982 73358 189790 148702 126994 128522 89184 111704 82806 116278 78296 177262 129416 121656 136348 52728 170328 130342 132454 2073600 2073600 1 12 432098 990720 993600 110293 110546 105838 105421 12 12 12 12 27 0 0 0 
[ 3470.360583] MESSAGE_B= 0 0 0 198 1 1 192 0 248 179 0 3408 0 3146 0 3056 0 3072 0 47 0 108 0 163 0 114 0 0 12 255 0 255 0 0 104 61 0 2 1 2 1 1 2 2 1 1 1 48178 245632 73358 189790 148702 126994 128522 89184 111704 82806 116278 78296 177262 129416 121656 136348 52728 170328 130342 132454 2073600 2073600 1 12 432358 994560 993600 110268 110670 105941 105479 12 12 12 12 24 0 0 0 
[ 3470.518959] MESSAGE_B= 0 0 0 198 1 1 192 0 248 179 0 3392 0 3232 0 3012 0 3096 0 32 0 0 0 169 0 106 0 0 12 0 0 208 0 0 67 73 0 2 1 2 1 1 2 2 1 1 1 63062 234516 73358 189790 148702 126994 128522 89184 111704 82806 116278 78296 177262 129416 121656 136348 52728 170328 130342 132454 2073600 2073600 1 12 432550 990720 993600 110268 110740 106009 105533 12 12 12 12 20 0 0 0 
[ 3470.798955] MESSAGE_B= 0 0 0 198 1 1 192 0 248 179 0 3344 0 3200 0 3004 0 3096 0 0 0 0 0 70 0 106 0 0 12 0 0 243 0 0 71 77 0 2 1 2 1 1 2 2 1 1 1 50504 241222 73358 189790 148702 126994 128522 89184 111704 82806 116278 78296 177262 129416 121656 136348 52728 170328 130342 132454 2073600 2073600 1 12 432711 994560 993600 110224 110765 106137 105585 12 12 12 12 20 0 0 0 
[ 3471.081479] MESSAGE_B= 0 0 0 198 1 1 192 0 248 179 0 3344 0 3200 0 3004 0 3096 0 0 0 0 0 70 0 106 0 0 12 0 0 243 0 0 73 66 0 2 1 2 1 1 2 2 1 1 1 62198 231836 73358 189790 148702 126994 128522 89184 111704 82806 116278 78296 177262 129416 121656 136348 52728 170328 130342 132454 2073600 2073600 1 12 432821 990720 993600 110222 110799 106206 105594 12 12 12 12 17 0 0 0 
[ 3471.365955] MESSAGE_B= 0 0 0 198 1 1 192 0 248 179 0 0 87 0 1677 1244 57 34 1544 0 0 0 0 0 0 0 0 1 12 0 0 0 0 0 28 39 0 0 0 0 0 0 0 0 1 1 1 51982 242016 101354 145034 122024 78706 116608 69966 134288 73010 134456 79978 121764 102194 78346 91034 26126 158012 121414 93892 2073600 2073600 1 12 433055 994560 993600 110242 110854 106263 105696 12 12 12 12 14 0 0 0 
[ 3471.641955] MESSAGE_B= 0 0 0 198 1 1 192 0 248 179 0 0 87 0 1670 1214 57 33 1550 0 0 0 0 0 0 0 0 1 12 0 0 0 0 0 30 37 0 0 0 0 0 0 0 0 1 1 1 60626 229240 101354 145034 122024 78706 116608 69966 134288 73010 134456 79978 121764 102194 78346 91034 26126 158012 121414 93892 2073600 2073600 1 12 433175 990720 993600 110260 110900 106276 105739 12 12 12 12 14 0 0 0 
[ 3471.916959] MESSAGE_B= 0 0 0 199 1 1 192 0 248 179 0 0 87 0 1661 1212 57 33 1547 0 0 0 0 0 0 0 0 1 12 0 0 0 0 0 31 36 0 0 0 0 0 0 0 0 1 1 1 52366 241606 101354 145034 122024 78706 116608 69966 134288 73010 134456 79978 121764 102194 78346 91034 26126 158012 121414 93892 2073600 2073600 1 12 433390 994560 993600 110313 110979 106287 105811 12 12 12 12 14 0 0 0 
[ 3472.197985] MESSAGE_B= 0 0 0 199 1 1 192 0 248 179 0 0 87 0 1669 1243 57 34 1545 0 0 0 0 0 0 0 0 1 12 0 0 0 0 0 29 36 0 0 0 0 0 0 0 0 1 1 1 60310 229982 101354 145034 122024 78706 116608 69966 134288 73010 134456 79978 121764 102194 78346 91034 26126 158012 121414 93892 2073600 2073600 1 12 433588 990720 993600 110375 111031 106294 105888 12 12 12 12 13 0 0 0 
[ 3472.472948] MESSAGE_B= 0 0 0 198 1 1 192 0 248 179 0 0 87 0 1663 1218 57 33 1558 0 0 0 0 0 0 0 0 1 12 0 0 0 0 0 30 37 0 0 0 0 0 0 0 0 1 1 1 51854 243858 101354 145034 122024 78706 116608 69966 134288 73010 134456 79978 121764 102194 78346 91034 26126 158012 121414 93892 2073600 2073600 1 12 433605 994560 993600 110384 111083 106254 105884 12 12 12 12 13 0 0 0 
[ 3472.746954] MESSAGE_B= 0 0 0 198 1 1 192 0 248 179 0 0 87 0 1651 1218 57 33 1562 0 0 0 0 0 0 0 0 1 12 0 0 0 0 0 27 36 0 0 0 0 0 0 0 0 1 1 1 60172 233064 101354 145034 122024 78706 116608 69966 134288 73010 134456 79978 121764 102194 78346 91034 26126 158012 121414 93892 2073600 2073600 1 12 433709 990720 993600 110427 111131 106250 105901 12 12 12 12 12 0 0 0 
[ 3473.021951] MESSAGE_B= 0 0 0 198 1 1 192 0 248 179 0 0 98 0 1856 1359 58 29 1640 0 0 0 0 0 0 0 0 1 12 0 0 0 0 0 26 35 0 0 0 0 0 0 0 0 1 1 1 50058 249144 101354 145034 122024 78706 116608 69966 134288 73010 134456 79978 121764 102194 78346 91034 26126 158012 121414 93892 2073600 2073600 1 12 434143 994560 993600 110493 111315 106298 106037 12 12 12 12 14 0 0 0 
[ 3473.304782] MESSAGE_B= 0 0 0 199 1 1 192 0 248 179 0 0 111 0 2017 1329 67 25 1851 0 0 0 0 0 0 0 0 1 12 0 0 0 0 0 21 36 0 0 0 0 0 0 0 0 1 1 1 59218 235036 101354 145034 122024 78706 116608 69966 134288 73010 134456 79978 121764 102194 78346 91034 26126 158012 121414 93892 2073600 2073600 1 12 437411 990720 993600 111378 111984 107306 106743 12 12 12 12 23 0 0 0 
[ 3473.462966] MESSAGE_B= 0 0 0 197 1 1 192 0 248 179 0 0 145 0 2498 1361 80 20 2089 0 0 0 0 0 0 0 0 1 12 0 0 0 0 0 13 34 0 0 0 0 0 0 0 0 1 1 1 47382 252390 101354 145034 122024 78706 116608 69966 134288 73010 134456 79978 121764 102194 78346 91034 26126 158012 121414 93892 2073600 2073600 1 12 442725 994560 993600 112876 112812 109301 107736 12 12 12 12 28 0 0 0 
[ 3473.745531] MESSAGE_B= 0 0 0 197 1 1 192 0 248 179 0 0 183 0 2936 928 159 16 3170 0 0 0 0 0 0 0 0 1 12 0 0 0 0 0 10 30 0 0 0 0 0 0 0 0 1 1 1 57646 236754 102702 147104 129144 105428 123854 66310 134042 67526 145898 79208 84838 97462 75136 95092 27186 168134 120562 97310 2073600 2073600 1 12 457700 990720 993600 116717 113982 116600 110401 12 12 12 12 29 0 0 0 
[ 3474.019950] MESSAGE_B= 0 0 0 199 1 1 192 0 248 179 0 0 0 0 0 0 0 0 0 0 0 0 0 0 0 0 0 1 12 0 0 0 0 0 11 8 0 0 0 0 0 1 0 0 1 1 1 52524 248048 102702 147104 129144 105428 123854 66310 134042 67526 145898 79208 84838 97462 75136 95092 27186 168134 120562 97310 2073600 2073600 1 12 493400 994560 993600 125781 125426 121994 120199 12 12 12 12 29 0 0 0 
[ 3474.310725] MESSAGE_B= 0 0 0 199 1 1 192 0 248 179 0 0 0 0 0 0 0 0 0 0 0 0 0 0 0 0 0 1 12 0 0 0 0 0 0 0 0 1 1 0 0 1 0 0 1 1 1 56126 221814 102702 147104 129144 105428 123854 66310 134042 67526 145898 79208 84838 97462 75136 95092 27186 168134 120562 97310 2073600 2073600 1 12 502227 990720 993600 128104 128104 122775 123244 12 12 12 12 21 0 0 0 
[ 3474.583956] MESSAGE_B= 0 0 0 195 1 1 192 0 248 179 0 0 0 0 0 0 0 0 0 0 0 0 0 0 0 0 0 1 12 0 0 0 0 0 0 0 0 1 1 0 0 1 0 0 1 1 1 51488 130944 102702 147104 129144 105428 123854 66310 134042 67526 145898 79208 84838 97462 75136 95092 27186 168134 120562 97310 2073600 2073600 1 12 502227 994560 993600 128104 128104 122775 123244 12 12 12 12 14 0 0 0 
[ 3474.855948] MESSAGE_B= 0 0 0 222 1 1 192 0 248 179 0 0 0 0 0 0 0 0 0 0 0 0 0 0 0 0 0 1 12 0 0 0 0 0 0 0 0 1 1 0 0 1 0 0 1 1 1 5468 98386 102702 147104 129144 105428 123854 66310 134042 67526 145898 79208 84838 97462 75136 95092 27186 168134 120562 97310 2073600 2073600 2 12 502227 990720 993600 128104 128104 122775 123244 12 12 12 12 0 0 0 0 
[ 3475.133964] MESSAGE_B= 4 7 0 222 1 1 192 0 248 179 0 0 0 0 0 0 0 0 0 0 0 0 0 0 0 0 0 1 12 0 0 0 0 0 0 0 0 1 1 1 1 1 1 1 1 1 1 0 0 102702 147104 129144 105428 123854 66310 134042 67526 145898 79208 84838 97462 75136 95092 27186 168134 120562 97310 2073600 2073600 4 12 512416 994560 993600 128104 128104 128104 128104 12 12 12 12 0 0 0 0 
[ 3475.406947] MESSAGE_B= 4 7 0 222 1 1 192 0 248 179 0 0 0 0 0 0 0 0 0 0 0 0 0 0 0 0 0 1 12 0 0 0 0 0 0 0 0 1 1 1 1 1 1 1 1 1 1 0 0 102702 147104 129144 105428 123854 66310 134042 67526 145898 79208 84838 97462 75136 95092 27186 168134 120562 97310 2073600 2073600 4 12 512416 990720 993600 128104 128104 128104 128104 12 12 12 12 0 0 0 0 
[ 3475.685613] MESSAGE_B= 4 0 0 222 4 1 192 0 248 179 0 0 0 0 0 0 0 0 0 0 0 0 0 0 0 0 0 1 12 0 0 0 0 0 0 0 0 1 1 0 0 1 0 0 1 4 1 0 0 102702 147104 129144 105428 123854 66310 134042 67526 145898 79208 84838 97462 75136 95092 27186 168134 120562 97310 2073600 2073600 4 12 507222 994560 993600 128104 128104 125482 125532 12 12 12 12 7 0 0 0 
[ 3475.841170] MESSAGE_B= 4 0 0 223 4 1 192 0 248 179 0 0 0 0 0 0 0 0 0 0 0 0 0 0 0 0 0 1 12 0 0 0 0 0 0 0 0 1 1 0 0 1 0 0 1 4 1 2494 50820 102702 147104 129144 105428 123854 66310 134042 67526 145898 79208 84838 97462 75136 95092 27186 168134 120562 97310 2073600 2073600 5 12 507222 990720 993600 128104 128104 125482 125532 12 12 12 12 7 0 0 0 
[ 3476.114954] MESSAGE_B= 4 0 0 223 4 1 192 0 248 179 0 0 0 0 0 0 0 0 0 0 0 0 0 0 0 0 0 1 12 0 0 0 0 0 0 0 0 1 1 0 0 1 0 0 1 4 1 0 0 45666 123840 71328 88604 90164 90136 84096 85126 45776 1924 55872 101682 4778 5698 2 134622 97552 2080 2073600 2073600 4 12 507222 994560 993600 128104 128104 125482 125532 12 12 12 12 7 0 0 0 
[ 3476.384951] MESSAGE_B= 4 0 0 223 4 1 192 0 248 179 0 0 0 0 0 0 0 0 0 0 0 0 0 0 0 0 0 1 12 0 0 0 0 0 0 0 0 1 1 0 0 1 0 0 1 4 1 2494 50820 45666 123840 71328 88604 90164 90136 84096 85126 45776 1924 55872 101682 4778 5698 2 134622 97552 2080 2073600 2073600 5 12 507222 990720 993600 128104 128104 125482 125532 12 12 12 12 7 0 0 0 
[ 3476.659958] MESSAGE_B= 4 0 0 222 4 1 192 0 248 179 0 0 0 0 0 0 0 0 0 0 0 0 0 0 0 0 0 1 12 0 0 0 0 0 0 0 0 1 1 0 0 1 0 0 1 4 1 0 0 45666 123840 71328 88604 90164 90136 84096 85126 45776 1924 55872 101682 4778 5698 2 134622 97552 2080 2073600 2073600 4 12 507222 994560 993600 128104 128104 125482 125532 12 12 12 12 7 0 0 0 
[ 3476.940949] MESSAGE_B= 4 0 0 223 4 1 192 0 248 179 0 0 0 0 0 0 0 0 0 0 0 0 0 0 0 0 0 1 12 0 0 0 0 0 0 0 0 1 1 0 0 1 0 0 0 4 1 2496 50820 45666 123840 71328 88604 90164 90136 84096 85126 45776 1924 55872 101682 4778 5698 2 134622 97552 2080 2073600 2073600 5 12 504869 990720 993600 128104 128104 125482 123179 12 12 12 12 7 0 0 0 
[ 3477.212955] MESSAGE_B= 4 0 0 219 4 1 192 0 248 179 0 0 0 0 0 0 0 0 0 0 0 0 0 0 0 0 0 1 12 0 0 0 0 0 0 0 0 1 1 0 0 1 0 0 0 4 1 0 0 45666 123840 71328 88604 90164 90136 84096 85126 45776 1924 55872 101682 4778 5698 2 134622 97552 2080 2073600 2073600 4 12 503329 994560 993600 128104 128104 125482 121639 12 12 12 12 30 0 0 0 
[ 3477.483958] MESSAGE_B= 0 0 0 219 4 1 192 0 248 179 0 0 0 0 0 0 0 0 0 0 0 0 0 0 0 0 0 1 12 0 0 0 0 0 0 0 0 1 1 0 0 1 0 0 0 4 1 49496 64228 45666 123840 71328 88604 90164 90136 84096 85126 45776 1924 55872 101682 4778 5698 2 134622 97552 2080 2073600 2073600 2 12 503333 990720 993600 128104 128104 125482 121643 12 12 12 12 30 0 0 0 
[ 3477.758947] MESSAGE_B= 4 0 0 219 4 1 192 0 248 179 0 0 0 0 0 0 0 0 0 0 0 0 0 0 0 0 0 1 12 0 0 0 0 0 0 0 0 1 1 0 0 1 0 0 0 4 1 0 34346 45666 123840 71328 88604 90164 90136 84096 85126 45776 1924 55872 101682 4778 5698 2 134622 97552 2080 2073600 2073600 4 12 503333 994560 993600 128104 128104 125482 121643 12 12 12 12 27 0 0 0 
[ 3478.029952] MESSAGE_B= 0 0 0 219 4 1 192 0 248 179 0 0 0 0 0 0 0 0 0 0 0 0 0 0 0 0 0 1 12 0 0 0 0 0 0 0 0 1 1 0 0 1 0 0 0 4 1 48386 64042 45666 123840 71328 88604 90164 90136 84096 85126 45776 1924 55872 101682 4778 5698 2 134622 97552 2080 2073600 2073600 2 12 503090 990720 993600 128104 128104 125482 121400 12 12 12 12 75 0 0 0 
[ 3478.307955] MESSAGE_B= 4 0 0 219 4 1 192 0 248 179 0 0 0 0 0 0 0 0 0 0 0 0 0 0 0 0 0 1 12 0 0 0 5 0 0 0 0 1 1 0 0 1 0 0 0 4 1 0 39600 45666 123840 71328 88604 90164 90136 84096 85126 45776 1924 55872 101682 4778 5698 2 134622 97552 2080 2073600 2073600 4 12 503032 994560 993600 128104 128104 125482 121342 12 12 12 12 80 0 0 0 
[ 3478.579960] MESSAGE_B= 0 0 0 220 4 1 192 0 248 179 0 0 0 0 0 0 0 0 0 0 0 0 0 0 0 0 0 1 12 0 0 0 5 0 0 0 0 1 1 0 0 1 0 0 0 4 1 63296 69342 99202 2142 1110 46374 69526 96792 114842 145892 98388 55308 21290 93722 2404 42780 49672 159378 138730 53776 2073600 2073600 2 12 503039 990720 993600 128104 128104 125482 121349 12 12 12 12 80 0 0 0 
[ 3478.852501] MESSAGE_B= 4 0 0 220 4 1 192 0 248 179 0 0 0 0 0 0 0 0 0 0 0 0 0 0 0 0 0 1 12 0 0 0 7 0 0 0 0 1 1 0 0 1 0 0 0 4 1 0 42956 99202 2142 1110 46374 69526 96792 114842 145892 98388 55308 21290 93722 2404 42780 49672 159378 138730 53776 2073600 2073600 4 12 503016 994560 993600 128104 128104 125482 121326 12 12 12 12 36 0 0 0 
[ 3479.130579] MESSAGE_B= 0 0 0 221 4 1 192 0 248 179 0 0 0 0 0 0 0 0 0 0 0 0 0 0 0 0 0 1 12 0 0 0 0 0 0 0 0 1 1 0 0 1 0 0 0 4 1 63282 70486 99202 2142 1110 46374 69526 96792 114842 145892 98388 55308 21290 93722 2404 42780 49672 159378 138730 53776 2073600 2073600 2 12 503598 990720 993600 128104 128104 125482 121908 12 12 12 12 42 0 0 0 
[ 3479.401981] MESSAGE_B= 4 0 0 221 4 1 192 0 248 179 0 0 0 0 0 0 0 0 0 0 0 0 0 0 0 0 0 1 12 0 0 0 3 0 0 0 0 1 1 0 0 1 0 0 0 4 1 0 42600 99202 2142 1110 46374 69526 96792 114842 145892 98388 55308 21290 93722 2404 42780 49672 159378 138730 53776 2073600 2073600 4 12 503551 994560 993600 128104 128104 125482 121861 12 12 12 12 42 0 0 0 
[ 3479.552305] MESSAGE_B= 0 0 0 221 4 1 192 0 248 179 0 0 0 0 0 0 0 0 0 0 0 0 0 0 0 0 0 1 12 0 0 0 3 0 0 0 0 1 1 0 0 1 0 0 0 4 1 58952 68300 99202 2142 1110 46374 69526 96792 114842 145892 98388 55308 21290 93722 2404 42780 49672 159378 138730 53776 2073600 2073600 2 12 503542 990720 993600 128104 128104 125482 121852 12 12 12 12 9 0 0 0 
[ 3479.831877] MESSAGE_B= 4 0 0 221 4 1 192 0 248 179 0 0 0 0 0 0 0 0 0 0 0 0 0 0 0 0 0 1 12 0 0 0 0 0 0 0 0 1 1 0 0 1 0 0 0 4 1 0 39348 99202 2142 1110 46374 69526 96792 114842 145892 98388 55308 21290 93722 2404 42780 49672 159378 138730 53776 2073600 2073600 4 12 503199 994560 993600 128104 128104 125482 121509 12 12 12 12 59 0 0 0 
[ 3480.103958] MESSAGE_B= 0 0 0 220 4 1 192 0 248 179 0 0 0 0 0 0 0 0 0 0 0 0 0 0 0 0 0 1 12 0 0 0 1 0 0 0 0 1 1 0 0 1 0 0 0 4 1 62496 65298 99202 2142 1110 46374 69526 96792 114842 145892 98388 55308 21290 93722 2404 42780 49672 159378 138730 53776 2073600 2073600 2 12 503061 990720 993600 128104 128104 125482 121371 12 12 12 12 59 0 0 0 
[ 3480.383509] MESSAGE_B= 4 0 0 221 4 1 192 0 248 179 0 0 0 0 0 0 0 0 0 0 0 0 0 0 0 0 0 1 12 0 0 0 0 0 0 0 0 1 1 0 0 1 0 0 0 4 1 0 44190 99202 2142 1110 46374 69526 96792 114842 145892 98388 55308 21290 93722 2404 42780 49672 159378 138730 53776 2073600 2073600 4 12 503016 994560 993600 128104 128104 125482 121326 12 12 12 12 47 0 0 0 
[ 3480.665947] MESSAGE_B= 0 0 0 221 4 1 192 0 248 179 0 0 0 0 0 0 0 0 0 0 0 0 0 0 0 0 0 1 12 0 0 0 0 0 0 0 0 1 1 0 0 1 0 0 0 4 1 64614 68904 99202 2142 1110 46374 69526 96792 114842 145892 98388 55308 21290 93722 2404 42780 49672 159378 138730 53776 2073600 2073600 2 12 503380 990720 993600 128104 128104 125482 121690 12 12 12 12 64 0 0 0 
[ 3480.939956] MESSAGE_B= 4 0 0 221 4 1 192 0 248 179 0 0 0 0 0 0 0 0 0 0 0 0 0 0 0 0 0 1 12 0 0 0 0 0 0 0 0 1 1 0 0 1 0 0 0 4 1 0 45188 95238 128128 23506 100650 92110 96426 143464 137452 102524 51216 148862 108316 53384 46360 49912 160104 169522 54256 2073600 2073600 4 12 502977 994560 993600 128104 128104 125482 121287 12 12 12 12 64 0 0 0 
[ 3481.213950] MESSAGE_B= 0 0 0 37 3 0 192 0 248 179 0 2846 2929 2851 2800 1532 1597 1912 1493 438 585 358 726 935 701 856 769 0 12 220 230 248 166 23 59 39 67 2 2 2 0 2 0 2 2 3 0 62928 65848 95238 128128 23506 100650 92110 96426 143464 137452 102524 51216 148862 108316 53384 46360 49912 160104 169522 54256 2073600 2073600 2 13 261979 990720 993600 65695 68817 78291 61577 13 13 13 12 154 0 0 0 
[ 3481.491999] MESSAGE_B= 0 4 0 60 3 1 192 0 248 179 0 1268 2349 2333 1342 932 1484 1628 950 534 1093 981 567 431 742 852 348 0 31 252 249 247 213 192 182 182 211 0 0 0 0 0 0 0 0 3 1 139014 74762 95238 128128 23506 100650 92110 96426 143464 137452 102524 51216 148862 108316 53384 46360 49912 160104 169522 54256 2073600 2073600 2 13 210544 994560 993600 54677 45112 69304 47860 13 13 13 12 154 4 4 4 
[ 3481.772177] MESSAGE_B= 0 4 0 55 3 1 192 0 248 179 0 1155 2230 2192 1245 837 1392 1516 881 500 1085 1017 561 402 725 847 360 0 31 249 248 243 209 175 178 175 224 0 0 0 0 0 0 0 0 3 1 286928 638980 95238 128128 23506 100650 92110 96426 143464 137452 102524 51216 148862 108316 53384 46360 49912 160104 169522 54256 2073600 2073600 2 13 229001 990720 993600 58856 54528 72462 54444 13 13 13 12 16 4 4 4 
[ 3482.051656] MESSAGE_B= 0 0 0 47 6 1 192 0 248 179 0 1084 2113 2047 1130 755 1197 1298 800 471 1085 970 531 384 723 833 344 0 31 249 248 252 219 178 194 187 226 0 0 0 0 0 0 0 0 6 1 131806 269882 95238 128128 23506 100650 92110 96426 143464 137452 102524 51216 148862 108316 53384 46360 49912 160104 169522 54256 2073600 2073600 2 12 240908 994560 993600 61005 51327 72498 63592 13 13 12 12 17 4 4 0 
[ 3482.208004] MESSAGE_B= 0 0 0 41 7 1 192 0 248 179 0 2464 2666 2703 2406 1310 1361 1741 1419 532 668 416 783 844 659 804 721 0 12 220 234 247 185 172 156 155 182 2 2 2 0 2 2 2 2 7 1 210868 639482 95238 128128 23506 100650 92110 96426 143464 137452 102524 51216 148862 108316 53384 46360 49912 160104 169522 54256 2073600 2073600 2 12 262197 990720 993600 62833 56110 75674 67580 12 12 12 12 17 0 0 0 
[ 3482.488096] MESSAGE_B= 0 0 0 40 8 0 192 0 248 179 0 2448 2733 2532 2497 1392 1292 1798 1394 491 450 384 593 865 671 776 745 0 12 220 230 247 168 237 155 151 89 2 2 2 0 2 2 2 2 8 0 100730 277926 95238 128128 23506 100650 92110 96426 143464 137452 102524 51216 148862 108316 53384 46360 49912 160104 169522 54256 2073600 2073600 2 12 299152 994560 993600 72301 69838 81339 75674 12 12 12 12 17 0 0 0 
[ 3482.766974] MESSAGE_B= 4 0 0 41 10 0 192 0 248 179 0 2493 2510 2385 2442 1444 1311 1709 1561 549 450 442 560 895 738 710 843 0 12 229 235 245 155 199 202 192 166 2 0 2 2 2 2 2 2 10 0 174002 596644 95238 128128 23506 100650 92110 96426 143464 137452 102524 51216 148862 108316 53384 46360 49912 160104 169522 54256 2073600 2073600 4 12 336248 990720 993600 81652 81410 89453 83733 12 12 12 12 18 0 0 0 
[ 3483.043961] MESSAGE_B= 4 4 0 34 11 0 192 0 248 179 0 2557 2459 2419 2497 1460 1576 1656 1650 612 508 513 613 923 772 761 818 0 12 241 241 246 222 221 236 226 244 0 0 0 0 2 2 2 2 11 0 64704 362608 95238 128128 23506 100650 92110 96426 143464 137452 102524 51216 148862 108316 53384 46360 49912 160104 169522 54256 2073600 2073600 4 12 365419 994560 993600 88312 89627 95302 92178 12 12 12 12 18 4 4 4 
[ 3483.320957] MESSAGE_B= 4 4 0 29 11 0 192 0 248 179 0 2537 2432 2355 2457 1410 1445 1615 1596 612 503 496 605 891 743 740 799 0 12 242 241 244 205 231 228 234 226 2 0 0 2 2 2 2 2 11 0 147124 535960 446758 131182 391616 442802 472704 395612 463306 537730 287686 51762 54928 160188 328692 292442 220884 249720 156346 140330 2073600 2073600 4 12 358805 990720 993600 87688 88521 93191 89405 12 12 12 12 28 4 4 4 
[ 3483.599015] MESSAGE_B= 4 0 0 29 11 0 192 0 248 179 0 1435 1948 1880 1351 1084 1319 1533 1163 734 802 729 650 681 530 662 496 0 31 244 237 246 218 114 170 182 190 2 0 2 0 2 0 2 2 11 0 67094 564784 446758 131182 391616 442802 472704 395612 463306 537730 287686 51762 54928 160188 328692 292442 220884 249720 156346 140330 2073600 2073600 4 12 219421 994560 993600 50399 40869 65763 62390 12 12 12 12 35 4 4 0 
[ 3483.881745] MESSAGE_B= 4 0 0 31 10 1 192 0 248 179 0 1364 2514 2480 1433 860 1497 1564 1056 357 807 764 508 410 659 810 344 0 31 240 229 248 230 197 204 206 198 0 0 0 0 0 0 0 0 10 1 111484 556208 446758 131182 391616 442802 472704 395612 463306 537730 287686 51762 54928 160188 328692 292442 220884 249720 156346 140330 2073600 2073600 4 13 108261 990720 993600 32126 28091 44037 38985 14 15 12 12 42 4 4 0 
[ 3484.160964] MESSAGE_B= 4 0 0 35 10 1 192 0 248 179 0 1527 2714 2700 1530 943 1643 1679 1165 406 741 732 495 410 686 816 391 0 31 242 243 250 242 183 206 203 218 0 0 0 0 0 0 0 0 10 1 96972 216110 446758 131182 391616 442802 472704 395612 463306 537730 287686 51762 54928 160188 328692 292442 220884 249720 156346 140330 2073600 2073600 4 15 111019 994560 993600 34716 31137 42654 33848 15 15 13 12 42 4 4 0 
[ 3484.438969] MESSAGE_B= 4 0 0 34 10 1 192 0 248 179 0 1315 2465 2493 1478 986 1506 1526 1055 392 798 757 447 452 673 780 358 0 31 240 237 253 238 197 212 201 199 0 0 0 0 0 0 0 0 10 1 176170 625762 446758 131182 391616 442802 472704 395612 463306 537730 287686 51762 54928 160188 328692 292442 220884 249720 156346 140330 2073600 2073600 4 13 130044 990720 993600 40806 34246 44187 41142 14 15 13 12 32 4 4 0 
[ 3484.718961] MESSAGE_B= 4 0 0 34 10 1 192 0 248 179 0 1254 2311 2320 1387 961 1421 1484 1036 362 825 760 471 413 647 763 313 0 31 240 234 254 224 193 205 196 175 0 0 0 0 0 0 0 0 10 1 109012 143748 446758 131182 391616 442802 472704 395612 463306 537730 287686 51762 54928 160188 328692 292442 220884 249720 156346 140330 2073600 2073600 4 13 150899 994560 993600 40864 36583 48846 42139 14 14 13 12 23 4 4 0 
[ 3484.998972] MESSAGE_B= 4 0 0 34 10 0 192 0 248 179 0 1173 2122 2084 1285 838 1318 1376 955 371 844 768 421 357 611 724 320 0 31 244 245 250 225 181 200 197 193 0 0 0 0 0 0 0 0 10 0 108262 623896 446758 131182 391616 442802 472704 395612 463306 537730 287686 51762 54928 160188 328692 292442 220884 249720 156346 140330 2073600 2073600 4 13 188091 990720 993600 47189 48950 60502 48700 13 14 13 12 22 4 4 0 
[ 3485.278358] MESSAGE_B= 4 0 0 33 10 0 192 0 248 179 0 1038 1906 1850 1109 769 1170 1221 888 379 809 766 421 331 583 692 349 0 31 244 247 249 221 171 190 190 220 0 0 0 0 0 0 0 0 10 0 132674 183886 446758 131182 391616 442802 472704 395612 463306 537730 287686 51762 54928 160188 328692 292442 220884 249720 156346 140330 2073600 2073600 4 13 235896 994560 993600 60279 55902 67549 56769 13 13 12 12 20 4 4 0 
[ 3485.558492] MESSAGE_B= 4 0 0 33 11 0 192 0 248 179 0 2637 2498 2357 2526 1448 1576 1807 1734 578 430 387 540 755 582 640 694 0 13 232 237 247 162 240 139 150 57 2 2 2 0 2 2 2 2 11 0 138752 584166 446758 131182 391616 442802 472704 395612 463306 537730 287686 51762 54928 160188 328692 292442 220884 249720 156346 140330 2073600 2073600 4 13 276824 990720 993600 74950 75622 80935 71002 13 13 12 12 20 0 0 0 
[ 3485.717962] MESSAGE_B= 4 4 0 34 11 0 192 0 248 179 0 2637 2555 2491 2529 1408 1637 1721 1913 584 477 467 577 759 682 693 810 0 13 233 240 248 106 209 209 212 70 0 0 0 0 2 2 2 2 11 0 84188 310124 448622 110652 171014 587304 636806 576262 510412 463818 517294 187660 54116 26278 137986 195020 204310 94754 85248 198642 2073600 2073600 4 12 323749 994560 993600 79831 77540 88026 83252 13 13 12 12 20 4 4 4 
[ 3485.996964] MESSAGE_B= 4 4 0 40 11 0 192 0 248 179 0 2462 2408 2328 2344 1354 1488 1561 1587 637 556 534 591 797 712 676 690 0 12 242 246 242 206 218 230 217 202 0 0 0 0 2 2 2 2 11 0 152428 561512 448622 110652 171014 587304 636806 576262 510412 463818 517294 187660 54116 26278 137986 195020 204310 94754 85248 198642 2073600 2073600 4 12 369895 990720 993600 92672 91683 94511 91029 12 12 12 12 20 4 4 4 
[ 3486.279958] MESSAGE_B= 4 4 0 70 11 0 192 0 248 179 0 2676 2713 2632 2616 1477 1623 1724 1684 644 535 551 557 894 832 831 734 0 12 236 244 250 218 141 205 232 116 0 0 0 0 2 2 2 2 11 0 119848 438074 448622 110652 171014 587304 636806 576262 510412 463818 517294 187660 54116 26278 137986 195020 204310 94754 85248 198642 2073600 2073600 4 12 397952 994560 993600 100246 100174 100183 97349 12 12 12 12 24 4 4 4 
[ 3486.557987] MESSAGE_B= 4 4 4 30 10 0 192 0 248 179 0 2677 2714 2634 2616 1464 1623 1708 1677 646 537 549 556 893 832 833 728 0 12 236 244 250 223 239 232 206 132 0 0 0 0 2 2 2 2 10 0 139240 397162 448622 110652 171014 587304 636806 576262 510412 463818 517294 187660 54116 26278 137986 195020 204310 94754 85248 198642 2073600 2073600 4 12 397704 990720 993600 100230 100211 100004 97259 12 12 12 12 24 4 4 4 
[ 3486.836949] MESSAGE_B= 4 4 4 30 10 0 192 0 248 179 0 2691 2714 2646 2617 1477 1661 1723 1696 626 542 527 561 894 823 830 733 0 12 235 244 250 220 142 231 239 101 0 0 0 0 2 2 2 2 10 0 31128 595636 448622 110652 171014 587304 636806 576262 510412 463818 517294 187660 54116 26278 137986 195020 204310 94754 85248 198642 2073600 2073600 4 12 397957 994560 993600 100279 100219 100132 97327 12 12 12 12 4 4 4 4 
[ 3487.114995] MESSAGE_B= 4 4 4 30 10 0 192 0 248 179 0 2695 2714 2645 2615 1479 1648 1723 1687 624 540 524 557 890 826 829 737 0 12 234 245 250 220 222 215 236 80 0 0 0 0 2 2 2 2 10 0 129264 547574 448622 110652 171014 587304 636806 576262 510412 463818 517294 187660 54116 26278 137986 195020 204310 94754 85248 198642 2073600 2073600 4 12 397608 990720 993600 100187 100125 100072 97224 12 12 12 12 4 4 4 4 
[ 3487.392973] MESSAGE_B= 4 4 4 30 10 0 192 0 248 179 0 2696 2715 2646 2617 1467 1650 1710 1686 625 538 522 559 893 827 835 734 0 12 234 244 249 220 222 233 232 93 0 0 0 0 2 2 2 2 10 0 29460 618776 448622 110652 171014 587304 636806 576262 510412 463818 517294 187660 54116 26278 137986 195020 204310 94754 85248 198642 2073600 2073600 4 12 397827 994560 993600 100268 100177 100062 97320 12 12 12 12 4 4 4 4 
[ 3487.674971] MESSAGE_B= 4 4 4 30 10 0 192 0 248 179 0 2696 2713 2648 2620 1477 1662 1725 1671 625 542 524 561 892 824 831 729 0 12 234 243 250 232 145 233 221 91 0 0 0 0 2 2 2 2 10 0 130360 538926 448622 110652 171014 587304 636806 576262 510412 463818 517294 187660 54116 26278 137986 195020 204310 94754 85248 198642 2073600 2073600 4 12 397887 990720 993600 100275 100222 100115 97275 12 12 12 12 4 4 4 4 
[ 3487.956165] MESSAGE_B= 4 4 4 31 10 0 192 0 248 179 0 2696 2716 2647 2617 1488 1661 1739 1690 627 540 524 559 892 823 826 724 0 12 234 244 250 229 129 209 233 87 0 0 0 0 2 2 2 2 10 0 31760 639464 448622 110652 171014 587304 636806 576262 510412 463818 517294 187660 54116 26278 137986 195020 204310 94754 85248 198642 2073600 2073600 4 12 397760 994560 993600 100301 100197 100082 97180 12 12 12 12 4 4 4 4 
[ 3488.234963] MESSAGE_B= 4 4 4 31 10 0 192 0 248 179 0 2700 2717 2649 2615 1476 1660 1724 1691 627 538 522 558 893 820 829 723 0 12 234 244 249 230 184 214 229 89 0 0 0 0 2 2 2 2 10 0 130750 538430 788708 39628 460428 454410 614136 753376 749846 375148 469542 57828 56942 91888 118344 100044 128280 98836 89530 135982 2073600 2073600 4 12 397632 990720 993600 100297 100177 100004 97154 12 12 12 12 4 4 4 4 
[ 3488.516957] MESSAGE_B= 4 4 4 31 10 0 192 0 248 179 0 2698 2719 2647 2617 1453 1649 1698 1701 629 539 524 557 893 825 841 729 0 12 234 244 249 218 153 215 223 88 0 0 0 0 2 2 2 2 10 0 28872 633546 788708 39628 460428 454410 614136 753376 749846 375148 469542 57828 56942 91888 118344 100044 128280 98836 89530 135982 2073600 2073600 4 12 397605 994560 993600 100334 100205 99928 97138 12 12 12 12 4 4 4 4 
[ 3488.674959] MESSAGE_B= 4 4 4 31 10 0 192 0 248 179 0 2698 2718 2646 2617 1454 1649 1699 1702 629 542 523 560 895 826 839 728 0 12 234 244 250 218 164 202 223 92 0 0 0 0 2 2 2 2 10 0 131568 540792 788708 39628 460428 454410 614136 753376 749846 375148 469542 57828 56942 91888 118344 100044 128280 98836 89530 135982 2073600 2073600 4 12 397423 990720 993600 100320 100186 99806 97111 12 12 12 12 4 4 4 4 
[ 3488.952964] MESSAGE_B= 4 4 4 31 10 0 192 0 248 179 0 2699 2717 2647 2618 1465 1649 1713 1690 626 540 525 558 894 826 836 724 0 12 234 244 250 225 227 227 222 178 0 0 0 0 2 2 2 2 10 0 27066 628830 788708 39628 460428 454410 614136 753376 749846 375148 469542 57828 56942 91888 118344 100044 128280 98836 89530 135982 2073600 2073600 4 12 397525 994560 993600 100297 100173 99842 97213 12 12 12 12 8 4 4 4 
[ 3489.231246] MESSAGE_B= 4 4 4 32 10 0 192 0 248 179 0 2699 2713 2646 2615 1467 1651 1711 1881 626 539 522 558 896 828 833 602 0 12 234 243 250 234 242 201 216 51 0 0 0 0 2 2 2 2 10 0 126782 541260 788708 39628 460428 454410 614136 753376 749846 375148 469542 57828 56942 91888 118344 100044 128280 98836 89530 135982 2073600 2073600 4 12 397894 990720 993600 100257 100141 99911 97585 12 12 12 12 8 4 4 4 
[ 3489.511386] MESSAGE_B= 4 4 4 31 10 0 192 0 248 179 0 2713 2713 2659 2618 1466 1651 1710 1874 603 539 502 557 897 830 832 606 0 12 232 244 250 235 222 232 202 33 0 0 0 0 2 2 2 2 10 0 25600 631088 788708 39628 460428 454410 614136 753376 749846 375148 469542 57828 56942 91888 118344 100044 128280 98836 89530 135982 2073600 2073600 4 12 397906 994560 993600 100288 100207 99912 97499 12 12 12 12 5 4 4 4 
[ 3489.790958] MESSAGE_B= 4 4 4 32 10 0 192 0 248 179 0 2715 2713 2660 2619 1469 1652 1711 1876 604 536 501 558 899 829 834 606 0 12 232 244 250 235 203 202 209 39 0 0 0 0 2 2 2 2 10 0 115574 566584 788708 39628 460428 454410 614136 753376 749846 375148 469542 57828 56942 91888 118344 100044 128280 98836 89530 135982 2073600 2073600 4 12 397743 990720 993600 100279 100193 99836 97435 12 12 12 12 5 4 4 4 
[ 3490.070959] MESSAGE_B= 4 4 4 32 10 0 192 0 248 179 0 2697 2713 2645 2622 1469 1652 1710 1879 627 539 523 559 897 829 834 605 0 12 234 244 250 235 242 201 221 41 0 0 0 0 2 2 2 2 10 0 29826 620752 788708 39628 460428 454410 614136 753376 749846 375148 469542 57828 56942 91888 118344 100044 128280 98836 89530 135982 2073600 2073600 4 12 397839 994560 993600 100260 100187 99948 97444 12 12 12 12 5 4 4 4 
[ 3490.363481] MESSAGE_B= 4 4 4 32 10 0 192 0 248 179 0 2697 2715 2643 2621 1467 1651 1710 1875 628 542 526 562 898 825 832 600 0 12 234 244 250 238 226 230 212 3 0 0 0 0 2 2 2 2 10 0 114928 565766 788708 39628 460428 454410 614136 753376 749846 375148 469542 57828 56942 91888 118344 100044 128280 98836 89530 135982 2073600 2073600 4 12 397738 990720 993600 100283 100149 99887 97419 12 12 12 12 6 4 4 4 
[ 3490.642962] MESSAGE_B= 4 4 4 32 10 0 192 0 248 179 0 2712 2716 2658 2622 1467 1627 1711 1908 601 540 502 562 894 834 832 567 0 12 231 244 250 232 239 204 215 83 0 0 0 0 2 2 2 2 10 0 26208 618470 771324 47452 518752 994658 581492 801904 764916 370208 465358 67356 53652 28294 132316 75380 123930 70948 82224 117776 2073600 2073600 4 12 397329 994560 993600 100279 100174 99828 97048 12 12 12 12 6 4 4 4 
[ 3490.924960] MESSAGE_B= 4 4 4 32 10 0 192 0 248 179 0 2695 2716 2645 2623 1466 1651 1711 1871 626 538 527 559 893 829 834 590 0 12 234 244 250 242 243 223 222 12 0 0 0 0 2 2 2 2 10 0 112966 571502 771324 47452 518752 994658 581492 801904 764916 370208 465358 67356 53652 28294 132316 75380 123930 70948 82224 117776 2073600 2073600 4 12 396502 990720 993600 100281 100189 99871 96161 12 12 12 12 7 4 4 4 
[ 3491.211186] MESSAGE_B= 4 4 4 32 10 0 192 0 248 179 0 2693 2715 2644 2622 1469 1638 1711 1874 626 539 526 559 895 830 832 592 0 12 233 244 250 232 220 223 220 12 0 0 0 0 2 2 2 2 10 0 29348 608480 771324 47452 518752 994658 581492 801904 764916 370208 465358 67356 53652 28294 132316 75380 123930 70948 82224 117776 2073600 2073600 4 12 396293 994560 993600 100264 100155 99924 95950 12 12 12 12 7 4 4 4 
[ 3491.490952] MESSAGE_B= 4 4 4 32 10 0 192 0 248 179 0 2693 2713 2643 2623 1467 1650 1712 1904 627 538 522 562 896 828 835 583 0 12 234 244 250 223 242 203 212 41 0 0 0 0 2 2 2 2 10 0 78024 602668 771324 47452 518752 994658 581492 801904 764916 370208 465358 67356 53652 28294 132316 75380 123930 70948 82224 117776 2073600 2073600 4 12 396331 990720 993600 100259 100205 99942 95925 12 12 12 12 5 4 4 4 
[ 3491.647963] MESSAGE_B= 4 4 4 32 10 0 192 0 248 179 0 2676 2718 2633 2610 1478 1652 1721 1637 647 542 553 549 890 831 821 751 0 12 236 246 249 227 223 201 237 103 0 0 0 0 2 2 2 2 10 0 27032 619056 771324 47452 518752 994658 581492 801904 764916 370208 465358 67356 53652 28294 132316 75380 123930 70948 82224 117776 2073600 2073600 4 12 397540 994560 993600 100290 100175 100254 96821 12 12 12 12 6 4 4 4 
[ 3491.927064] MESSAGE_B= 4 4 4 33 10 0 192 0 248 179 0 2672 2718 2633 2610 1480 1652 1720 1576 646 544 553 550 892 831 822 788 0 12 237 245 250 232 221 201 228 155 0 0 0 0 2 2 2 2 10 0 38550 605156 771324 47452 518752 994658 581492 801904 764916 370208 465358 67356 53652 28294 132316 75380 123930 70948 82224 117776 2073600 2073600 4 12 398160 990720 993600 100288 100179 100235 97458 12 12 12 12 6 4 4 4 
[ 3492.205366] MESSAGE_B= 4 4 4 32 10 0 192 0 248 179 0 2675 2719 2632 2611 1476 1652 1721 1569 644 539 551 551 889 830 824 792 0 12 236 246 249 234 222 209 228 148 0 0 0 0 2 2 2 2 10 0 25312 578672 771324 47452 518752 994658 581492 801904 764916 370208 465358 67356 53652 28294 132316 75380 123930 70948 82224 117776 2073600 2073600 4 12 397727 994560 993600 100317 100172 100080 97158 12 12 12 12 5 4 4 4 
[ 3492.491963] MESSAGE_B= 4 4 4 32 10 0 192 0 248 179 0 2689 2719 2646 2610 1473 1703 1721 1480 622 540 529 551 887 814 822 883 0 12 234 246 250 246 237 235 236 236 0 0 0 0 2 2 2 2 10 0 27446 612240 771324 47452 518752 994658 581492 801904 764916 370208 465358 67356 53652 28294 132316 75380 123930 70948 82224 117776 2073600 2073600 4 12 399922 990720 993600 100321 100195 100113 99293 12 12 12 12 5 4 4 4 
[ 3492.769956] MESSAGE_B= 4 4 4 27 10 0 192 0 248 179 0 1721 1880 1865 1705 1177 1300 1313 1165 287 339 318 280 502 503 502 494 1 12 251 253 255 255 0 0 0 0 0 0 0 0 1 1 1 1 10 0 24600 610662 771324 47452 518752 994658 581492 801904 764916 370208 465358 67356 53652 28294 132316 75380 123930 70948 82224 117776 2073600 2073600 4 12 439070 994560 993600 105803 105945 113909 113413 12 12 12 12 38 4 4 4 
[ 3493.049963] MESSAGE_B= 0 7 4 169 6 1 192 0 248 179 0 0 0 0 0 0 0 0 0 0 0 0 0 0 0 0 0 1 12 0 0 0 0 0 0 0 0 1 1 1 1 1 1 1 1 6 1 15182 683634 354342 63144 356860 1020244 545834 887824 729956 372508 461280 9606 80436 38406 83152 61602 53958 38022 34590 19708 2073600 2073600 2 12 512416 990720 993600 128104 128104 128104 128104 12 12 12 12 73 4 4 4 
[ 3493.326959] MESSAGE_B= 0 7 4 245 0 1 192 0 248 179 0 0 0 0 0 0 0 0 0 0 0 0 0 0 0 0 0 1 12 0 0 0 0 0 0 0 0 1 1 1 1 1 1 1 1 0 1 13888 513082 354342 63144 356860 1020244 545834 887824 729956 372508 461280 9606 80436 38406 83152 61602 53958 38022 34590 19708 2073600 2073600 2 12 512416 994560 993600 128104 128104 128104 128104 12 12 12 12 73 4 4 4 
[ 3493.601968] MESSAGE_B= 4 7 4 249 6 0 192 0 248 179 0 0 0 0 0 0 0 0 0 0 0 0 0 0 0 0 0 1 12 0 0 0 0 0 0 0 0 1 1 1 1 1 1 1 1 6 0 0 0 354342 63144 356860 1020244 545834 887824 729956 372508 461280 9606 80436 38406 83152 61602 53958 38022 34590 19708 2073600 2073600 4 12 512416 990720 993600 128104 128104 128104 128104 12 12 12 12 0 4 4 4 
[ 3493.887943] MESSAGE_B= 4 7 4 249 0 1 192 0 248 179 0 0 0 0 0 0 0 0 0 0 0 0 0 0 0 0 0 1 12 0 0 0 0 0 0 0 0 1 1 1 1 1 1 1 1 0 1 0 0 354342 63144 356860 1020244 545834 887824 729956 372508 461280 9606 80436 38406 83152 61602 53958 38022 34590 19708 2073600 2073600 4 12 512416 994560 993600 128104 128104 128104 128104 12 12 12 12 0 4 4 4 
[ 3494.043069] MESSAGE_B= 4 7 4 249 6 0 192 0 248 179 0 0 0 0 0 0 0 0 0 0 0 0 0 0 0 0 0 1 12 0 0 0 0 0 0 0 0 1 1 1 1 1 1 1 1 6 0 0 0 354342 63144 356860 1020244 545834 887824 729956 372508 461280 9606 80436 38406 83152 61602 53958 38022 34590 19708 2073600 2073600 4 12 512416 990720 993600 128104 128104 128104 128104 12 12 12 12 0 4 4 4 
[ 3494.314962] MESSAGE_B= 4 7 4 249 0 1 192 0 248 179 0 0 0 0 0 0 0 0 0 0 0 0 0 0 0 0 0 1 12 0 0 0 0 0 0 0 0 1 1 1 1 1 1 1 1 0 1 0 0 354342 63144 356860 1020244 545834 887824 729956 372508 461280 9606 80436 38406 83152 61602 53958 38022 34590 19708 2073600 2073600 4 12 512416 994560 993600 128104 128104 128104 128104 12 12 12 12 0 4 4 4 
[ 3494.592952] MESSAGE_B= 4 7 4 249 0 1 192 0 248 179 0 0 0 0 0 0 0 0 0 0 0 0 0 0 0 0 0 1 12 0 0 0 0 0 0 0 0 1 1 1 1 1 1 1 1 0 1 0 0 354342 63144 356860 1020244 545834 887824 729956 372508 461280 9606 80436 38406 83152 61602 53958 38022 34590 19708 2073600 2073600 4 12 512416 990720 993600 128104 128104 128104 128104 12 12 12 12 0 4 4 4 
[ 3494.873954] MESSAGE_B= 4 7 4 249 6 0 192 0 248 179 0 0 0 0 0 0 0 0 0 0 0 0 0 0 0 0 0 1 12 0 0 0 0 0 0 0 0 1 1 1 1 1 1 1 1 6 0 0 0 354342 63144 356860 1020244 545834 887824 729956 372508 461280 9606 80436 38406 83152 61602 53958 38022 34590 19708 2073600 2073600 4 12 512416 994560 993600 128104 128104 128104 128104 12 12 12 12 0 4 4 4 
[ 3495.153608] MESSAGE_B= 4 7 4 249 2 1 192 0 248 179 0 0 0 0 0 0 0 0 0 0 0 0 0 0 0 0 0 1 12 0 0 0 0 0 0 0 0 1 1 1 1 1 1 1 1 2 1 0 0 354342 63144 356860 1020244 545834 887824 729956 372508 461280 9606 80436 38406 83152 61602 53958 38022 34590 19708 2073600 2073600 4 12 512416 990720 993600 128104 128104 128104 128104 12 12 12 12 179 4 4 4 
[ 3495.425492] MESSAGE_B= 5 0 4 248 2 1 192 0 248 179 0 0 0 0 0 0 0 0 0 0 0 0 0 0 0 0 0 1 12 0 0 0 0 0 0 0 0 0 0 0 0 1 0 0 1 2 1 564 0 16094 33286 113702 2 2 2 240146 229030 2 1814 11118 9438 2 2 2 18506 19738 2 2073600 2073600 6 12 508617 994560 993600 126613 126719 127615 127670 12 12 12 12 179 4 4 4 
[ 3495.693960] MESSAGE_B= 0 0 4 247 3 1 192 0 248 179 0 0 0 0 0 0 0 0 0 0 0 0 0 0 0 0 0 1 12 0 0 0 0 0 0 0 0 0 0 0 0 1 0 0 1 3 1 1002 28954 16094 33286 113702 2 2 2 240146 229030 2 1814 11118 9438 2 2 2 18506 19738 2 2073600 2073600 2 12 508458 990720 993600 126546 126659 127591 127662 12 12 12 12 64 4 4 4 
[ 3495.962954] MESSAGE_B= 0 0 4 247 3 1 192 0 248 179 0 0 0 0 0 0 0 0 0 0 0 0 0 0 0 0 0 1 12 0 0 0 0 0 0 0 0 0 0 0 0 1 0 0 1 3 1 1332 9660 16094 33286 113702 2 2 2 240146 229030 2 1814 11118 9438 2 2 2 18506 19738 2 2073600 2073600 2 12 508477 994560 993600 126566 126658 127590 127663 12 12 12 12 30 4 4 4 
[ 3496.234954] MESSAGE_B= 0 0 0 249 3 0 192 0 248 179 0 0 0 0 0 0 0 0 0 0 0 0 0 0 0 0 0 1 12 0 0 0 0 0 0 0 0 0 0 0 0 1 0 0 1 3 0 1016 30308 16094 33286 113702 2 2 2 240146 229030 2 1814 11118 9438 2 2 2 18506 19738 2 2073600 2073600 2 12 508457 990720 993600 126536 126647 127607 127667 12 12 12 12 30 4 4 4 
[ 3496.386741] MESSAGE_B= 0 0 0 247 3 1 192 0 248 179 0 0 0 0 0 0 0 0 0 0 0 0 0 0 0 0 0 1 12 0 0 0 0 0 0 0 0 0 0 0 0 1 0 0 1 3 1 1252 9826 16094 33286 113702 2 2 2 240146 229030 2 1814 11118 9438 2 2 2 18506 19738 2 2073600 2073600 2 12 508513 994560 993600 126524 126640 127645 127704 12 12 12 12 30 4 4 4 
[ 3496.658326] MESSAGE_B= 0 0 0 247 3 1 192 0 248 179 0 0 0 0 0 0 0 0 0 0 0 0 0 0 0 0 0 1 12 0 0 0 0 0 0 0 0 0 0 0 0 1 0 0 1 3 1 978 30716 16094 33286 113702 2 2 2 240146 229030 2 1814 11118 9438 2 2 2 18506 19738 2 2073600 2073600 2 12 508541 990720 993600 126546 126681 127617 127697 12 12 12 12 29 4 4 4 
[ 3496.930958] MESSAGE_B= 0 0 0 247 3 0 192 0 248 179 0 0 0 0 0 0 0 0 0 0 0 0 0 0 0 0 0 1 12 0 0 0 0 0 0 0 0 0 0 0 0 1 0 0 1 3 0 1394 9808 16094 33286 113702 2 2 2 240146 229030 2 1814 11118 9438 2 2 2 18506 19738 2 2073600 2073600 2 12 508473 994560 993600 126536 126639 127603 127695 12 12 12 12 29 4 4 4 
[ 3497.199951] MESSAGE_B= 0 0 0 247 3 0 192 0 248 179 0 0 0 0 0 0 0 0 0 0 0 0 0 0 0 0 0 1 12 0 0 0 0 0 0 0 0 0 0 0 0 1 0 0 1 3 0 1166 31080 16094 33286 113702 2 2 2 240146 229030 2 1814 11118 9438 2 2 2 18506 19738 2 2073600 2073600 2 12 508487 990720 993600 126566 126632 127614 127675 12 12 12 12 29 4 4 4 
[ 3497.476878] MESSAGE_B= 0 0 0 247 3 0 192 0 248 179 0 0 0 0 0 0 0 0 0 0 0 0 0 0 0 0 0 1 12 0 0 0 0 0 0 0 0 0 0 0 0 1 0 0 1 3 0 1766 10214 16094 33286 113702 2 2 2 240146 229030 2 1814 11118 9438 2 2 2 18506 19738 2 2073600 2073600 2 12 508316 994560 993600 126453 126556 127621 127686 12 12 12 12 31 4 4 4 
[ 3497.752720] MESSAGE_B= 0 0 0 247 2 1 192 0 248 179 0 0 0 0 0 0 0 0 0 0 0 0 0 0 0 0 0 1 12 0 0 0 0 0 0 0 0 0 0 0 0 1 0 0 1 2 1 1052 31690 19610 37000 96216 19540 19362 19090 251094 231864 19752 2766 26878 15286 2196 2584 2364 36846 39968 2402 2073600 2073600 2 12 508230 990720 993600 126471 126551 127570 127638 12 12 12 12 32 4 4 4 
[ 3498.025967] MESSAGE_B= 0 0 0 247 2 1 192 0 248 179 0 0 0 0 0 0 0 0 0 0 0 0 0 0 0 0 0 1 12 0 0 0 0 0 0 0 0 0 0 0 0 1 0 0 1 2 1 1616 10164 19610 37000 96216 19540 19362 19090 251094 231864 19752 2766 26878 15286 2196 2584 2364 36846 39968 2402 2073600 2073600 2 12 508267 994560 993600 126482 126572 127579 127634 12 12 12 12 32 4 4 4 
[ 3498.303953] MESSAGE_B= 0 0 0 247 2 0 192 0 248 179 0 0 0 0 0 0 0 0 0 0 0 0 0 0 0 0 0 1 12 0 0 0 0 0 0 0 0 0 0 0 0 1 0 0 1 2 0 1146 31652 19610 37000 96216 19540 19362 19090 251094 231864 19752 2766 26878 15286 2196 2584 2364 36846 39968 2402 2073600 2073600 2 12 508321 990720 993600 126460 126608 127600 127653 12 12 12 12 29 4 4 4 
[ 3498.582703] MESSAGE_B= 0 7 0 249 1 1 192 0 248 179 0 0 0 0 0 0 0 0 0 0 0 0 0 0 0 0 0 1 12 0 0 0 0 0 0 0 0 1 1 1 1 1 1 1 1 1 1 1148 10334 19610 37000 96216 19540 19362 19090 251094 231864 19752 2766 26878 15286 2196 2584 2364 36846 39968 2402 2073600 2073600 1 12 512416 994560 993600 128104 128104 128104 128104 12 12 12 12 201 4 4 4 
[ 3498.856367] MESSAGE_B= 4 7 0 249 2 1 192 0 248 179 0 0 0 0 0 0 0 0 0 0 0 0 0 0 0 0 0 1 12 0 0 0 0 0 0 0 0 1 1 1 1 1 1 1 1 2 1 676 30900 19610 37000 96216 19540 19362 19090 251094 231864 19752 2766 26878 15286 2196 2584 2364 36846 39968 2402 2073600 2073600 4 12 512416 990720 993600 128104 128104 128104 128104 12 12 12 12 201 4 4 4 
[ 3499.128951] MESSAGE_B= 4 7 0 248 2 1 192 0 248 179 0 0 0 0 0 0 0 0 0 0 0 0 0 0 0 0 0 1 12 0 0 0 0 0 0 0 0 1 1 1 1 1 1 1 1 2 1 0 0 19610 37000 96216 19540 19362 19090 251094 231864 19752 2766 26878 15286 2196 2584 2364 36846 39968 2402 2073600 2073600 4 12 512416 994560 993600 128104 128104 128104 128104 12 12 12 12 0 4 4 4 
[ 3499.407601] MESSAGE_B= 4 7 0 248 5 0 192 0 248 179 0 0 0 0 0 0 0 0 0 0 0 0 0 0 0 0 0 1 12 0 0 0 0 0 0 0 0 1 1 1 1 1 1 1 1 5 0 0 0 19610 37000 96216 19540 19362 19090 251094 231864 19752 2766 26878 15286 2196 2584 2364 36846 39968 2402 2073600 2073600 4 12 512416 990720 993600 128104 128104 128104 128104 12 12 12 12 0 4 4 4 
[ 3499.679325] MESSAGE_B= 4 7 0 249 2 1 192 0 248 179 0 0 0 0 0 0 0 0 0 0 0 0 0 0 0 0 0 1 12 0 0 0 0 0 0 0 0 1 1 1 1 1 1 1 1 2 1 0 0 19610 37000 96216 19540 19362 19090 251094 231864 19752 2766 26878 15286 2196 2584 2364 36846 39968 2402 2073600 2073600 4 12 512416 994560 993600 128104 128104 128104 128104 12 12 12 12 25 4 4 4 
[ 3499.831951] MESSAGE_B= 4 0 0 249 2 4 192 0 248 179 0 0 0 0 0 0 0 0 0 0 0 0 0 0 0 0 0 1 12 0 0 0 0 0 0 0 0 0 0 0 0 1 0 0 1 2 4 0 0 19610 37000 96216 19540 19362 19090 251094 231864 19752 2766 26878 15286 2196 2584 2364 36846 39968 2402 2073600 2073600 4 12 508495 990720 993600 126619 126712 127532 127632 12 12 12 12 183 4 4 4 
[ 3500.103950] MESSAGE_B= 0 0 0 247 2 4 192 0 248 179 0 0 0 0 0 0 0 0 0 0 0 0 0 0 0 0 0 1 12 0 0 0 0 0 0 0 0 0 0 0 0 1 0 0 1 2 4 1214 10940 16920 38482 192278 20114 2 2 247218 223642 2 1986 26580 13540 2124 2 2 34662 17876 2122 2073600 2073600 3 12 508432 994560 993600 126598 126685 127528 127621 12 12 12 12 183 4 4 4 
[ 3500.379950] MESSAGE_B= 0 0 0 247 2 7 192 0 248 179 0 0 0 0 0 0 0 0 0 0 0 0 0 0 0 0 0 1 12 0 0 0 0 0 0 0 0 0 0 0 0 1 0 0 1 2 7 1276 16696 16920 38482 192278 20114 2 2 247218 223642 2 1986 26580 13540 2124 2 2 34662 17876 2122 2073600 2073600 3 12 508292 990720 993600 126589 126650 127486 127567 12 12 12 12 29 4 4 4 
[ 3500.649951] MESSAGE_B= 0 0 0 247 2 6 192 0 248 179 0 0 0 0 0 0 0 0 0 0 0 0 0 0 0 0 0 1 12 0 0 0 0 0 0 0 0 0 0 0 0 1 0 0 1 2 6 1188 11572 16920 38482 192278 20114 2 2 247218 223642 2 1986 26580 13540 2124 2 2 34662 17876 2122 2073600 2073600 3 12 508208 994560 993600 126597 126616 127465 127530 12 12 12 12 32 4 4 4 
[ 3500.929997] MESSAGE_B= 0 0 0 247 2 4 192 0 248 179 0 0 0 0 0 0 0 0 0 0 0 0 0 0 0 0 0 1 12 0 0 0 0 0 0 0 0 0 0 0 0 1 0 0 1 2 4 1204 16940 16920 38482 192278 20114 2 2 247218 223642 2 1986 26580 13540 2124 2 2 34662 17876 2122 2073600 2073600 3 12 508269 990720 993600 126605 126630 127477 127557 12 12 12 12 32 4 4 4 
[ 3501.174752] MESSAGE_B= 0 0 0 249 2 4 192 0 248 179 0 0 0 0 0 0 0 0 0 0 0 0 0 0 0 0 0 1 12 0 0 0 0 0 0 0 0 0 0 0 0 1 0 0 1 2 4 2680 11632 16920 38482 192278 20114 2 2 247218 223642 2 1986 26580 13540 2124 2 2 34662 17876 2122 2073600 2073600 3 12 508354 994560 993600 126555 126668 127531 127600 12 12 12 12 30 4 4 4 
[ 3501.447949] MESSAGE_B= 0 0 0 249 1 8 192 0 248 179 0 0 0 0 0 0 0 0 0 0 0 0 0 0 0 0 0 1 12 0 0 0 0 0 0 0 0 0 0 0 0 1 0 0 1 1 8 1288 17186 16920 38482 192278 20114 2 2 247218 223642 2 1986 26580 13540 2124 2 2 34662 17876 2122 2073600 2073600 3 12 508298 990720 993600 126554 126609 127521 127614 12 12 12 12 30 4 4 4 
[ 3501.719935] MESSAGE_B= 0 0 0 249 1 8 192 0 248 179 0 0 0 0 0 0 0 0 0 0 0 0 0 0 0 0 0 1 12 0 0 0 0 0 0 0 0 0 0 0 0 1 0 0 1 1 8 1496 11822 16920 38482 192278 20114 2 2 247218 223642 2 1986 26580 13540 2124 2 2 34662 17876 2122 2073600 2073600 3 12 508340 994560 993600 126570 126640 127525 127605 12 12 12 12 30 4 4 4 
[ 3501.989957] MESSAGE_B= 0 0 0 247 1 7 192 0 248 179 0 0 0 0 0 0 0 0 0 0 0 0 0 0 0 0 0 1 12 0 0 0 0 0 0 0 0 0 0 0 0 1 0 0 1 1 7 1368 17850 16920 38482 192278 20114 2 2 247218 223642 2 1986 26580 13540 2124 2 2 34662 17876 2122 2073600 2073600 3 12 508180 990720 993600 126537 126645 127455 127543 12 12 12 12 32 4 4 4 
[ 3502.260954] MESSAGE_B= 0 0 0 247 1 7 192 0 248 179 0 0 0 0 0 0 0 0 0 0 0 0 0 0 0 0 0 1 12 0 0 0 0 0 0 0 0 0 0 0 0 1 0 0 1 1 7 1510 12342 16920 38482 192278 20114 2 2 247218 223642 2 1986 26580 13540 2124 2 2 34662 17876 2122 2073600 2073600 3 12 508196 994560 993600 126584 126607 127458 127547 12 12 12 12 32 4 4 4 
[ 3502.541969] MESSAGE_B= 0 0 0 247 1 4 192 0 248 179 0 0 0 0 0 0 0 0 0 0 0 0 0 0 0 0 0 1 12 0 0 0 0 0 0 0 0 0 0 0 0 1 0 0 1 1 4 1500 17938 17536 42292 194786 17856 17298 17854 239790 231134 17576 1708 26218 13674 2218 2304 1574 16312 38158 1974 2073600 2073600 3 12 507966 990720 993600 126476 126539 127442 127509 12 12 12 12 29 4 4 4 
[ 3502.822840] MESSAGE_B= 0 0 0 249 1 8 192 0 248 179 0 0 0 0 0 0 0 0 0 0 0 0 0 0 0 0 0 1 12 0 0 0 0 0 0 0 0 0 0 0 0 1 0 0 1 1 8 1372 12364 17536 42292 194786 17856 17298 17854 239790 231134 17576 1708 26218 13674 2218 2304 1574 16312 38158 1974 2073600 2073600 3 12 507973 994560 993600 126460 126511 127470 127532 12 12 12 12 36 4 4 4 
[ 3503.093960] MESSAGE_B= 0 7 0 249 0 9 192 0 248 179 0 0 0 0 0 0 0 0 0 0 0 0 0 0 0 0 0 1 12 0 0 0 0 0 0 0 0 1 1 1 1 1 1 1 1 0 9 1312 18302 17536 42292 194786 17856 17298 17854 239790 231134 17576 1708 26218 13674 2218 2304 1574 16312 38158 1974 2073600 2073600 3 12 512416 990720 993600 128104 128104 128104 128104 12 12 12 12 205 4 4 4 
[ 3503.372951] MESSAGE_B= 0 7 0 248 2 2 192 0 248 179 0 0 0 0 0 0 0 0 0 0 0 0 0 0 0 0 0 1 12 0 0 0 0 0 0 0 0 1 1 1 1 1 1 1 1 2 2 1238 12404 17536 42292 194786 17856 17298 17854 239790 231134 17576 1708 26218 13674 2218 2304 1574 16312 38158 1974 2073600 2073600 1 12 512416 994560 993600 128104 128104 128104 128104 12 12 12 12 205 4 4 4 
[ 3503.524227] MESSAGE_B= 4 7 0 248 1 1 192 0 248 179 0 0 0 0 0 0 0 0 0 0 0 0 0 0 0 0 0 1 12 0 0 0 0 0 0 0 0 1 1 1 1 1 1 1 1 1 1 0 0 17536 42292 194786 17856 17298 17854 239790 231134 17576 1708 26218 13674 2218 2304 1574 16312 38158 1974 2073600 2073600 4 12 512416 990720 993600 128104 128104 128104 128104 12 12 12 12 0 4 4 4 
[ 3503.795960] MESSAGE_B= 4 7 0 250 2 2 192 0 248 179 0 0 0 0 0 0 0 0 0 0 0 0 0 0 0 0 0 1 12 0 0 0 0 0 0 0 0 1 1 1 1 1 1 1 1 2 2 0 0 17536 42292 194786 17856 17298 17854 239790 231134 17576 1708 26218 13674 2218 2304 1574 16312 38158 1974 2073600 2073600 4 12 512416 994560 993600 128104 128104 128104 128104 12 12 12 12 0 4 4 4 
[ 3504.066952] MESSAGE_B= 4 7 0 250 2 2 192 0 248 179 0 0 0 0 0 0 0 0 0 0 0 0 0 0 0 0 0 1 12 0 0 0 0 0 0 0 0 1 1 1 1 1 1 1 1 2 2 0 0 17536 42292 194786 17856 17298 17854 239790 231134 17576 1708 26218 13674 2218 2304 1574 16312 38158 1974 2073600 2073600 4 12 512416 990720 993600 128104 128104 128104 128104 12 12 12 12 0 4 4 4 
[ 3504.345981] MESSAGE_B= 4 7 0 248 1 1 192 0 248 179 0 0 0 0 0 0 0 0 0 0 0 0 0 0 0 0 0 1 12 0 0 0 0 0 0 0 0 1 1 1 1 1 1 1 1 1 1 0 0 17536 42292 194786 17856 17298 17854 239790 231134 17576 1708 26218 13674 2218 2304 1574 16312 38158 1974 2073600 2073600 4 12 512416 994560 993600 128104 128104 128104 128104 12 12 12 12 0 4 4 4 
[ 3504.625352] MESSAGE_B= 4 7 0 250 1 1 192 0 248 179 0 0 0 0 0 0 0 0 0 0 0 0 0 0 0 0 0 1 12 0 0 0 0 0 0 0 0 1 1 1 1 1 1 1 1 1 1 0 0 17536 42292 194786 17856 17298 17854 239790 231134 17576 1708 26218 13674 2218 2304 1574 16312 38158 1974 2073600 2073600 4 12 512416 990720 993600 128104 128104 128104 128104 12 12 12 12 0 4 4 4 
[ 3504.895949] MESSAGE_B= 4 7 0 248 2 2 192 0 248 179 0 0 0 0 0 0 0 0 0 0 0 0 0 0 0 0 0 1 12 0 0 0 0 0 0 0 0 1 1 1 1 1 1 1 1 2 2 0 0 2 124804 91312 16100 2 2 238166 227828 2 2 8924 3708 2 2 2 15476 37848 2 2073600 2073600 4 12 512416 994560 993600 128104 128104 128104 128104 12 12 12 12 0 4 4 4 
[ 3505.166950] MESSAGE_B= 4 7 0 248 2 2 192 0 248 179 0 0 0 0 0 0 0 0 0 0 0 0 0 0 0 0 0 1 12 0 0 0 0 0 0 0 0 1 1 1 1 1 1 1 1 2 2 0 0 2 124804 91312 16100 2 2 238166 227828 2 2 8924 3708 2 2 2 15476 37848 2 2073600 2073600 4 12 512224 990720 993600 128089 128046 128077 128012 12 12 12 12 212 4 4 4 
[ 3505.434952] MESSAGE_B= 4 0 0 248 5 1 192 0 248 179 0 0 0 0 0 0 0 0 0 0 0 0 0 0 0 0 0 1 12 0 0 0 0 0 0 0 0 0 1 0 0 1 0 0 1 5 1 0 0 2 124804 91312 16100 2 2 238166 227828 2 2 8924 3708 2 2 2 15476 37848 2 2073600 2073600 4 12 511212 994560 993600 127885 127765 127839 127723 12 12 12 12 212 4 4 4 
[ 3505.707190] MESSAGE_B= 5 0 0 250 1 1 192 0 248 179 0 0 0 0 0 0 0 0 0 0 0 0 0 0 0 0 0 0 12 0 0 0 0 0 141 83 0 1 1 1 1 1 2 2 1 1 1 20 0 2 124804 91312 16100 2 2 238166 227828 2 2 8924 3708 2 2 2 15476 37848 2 2073600 2073600 6 12 367155 990720 993600 92501 91702 93452 89500 12 12 12 12 238 0 0 0 
[ 3505.974968] MESSAGE_B= 0 0 0 245 1 1 192 0 248 179 0 0 0 0 0 0 0 0 0 0 0 0 0 0 0 0 0 0 12 0 0 0 0 0 133 77 0 1 1 1 1 1 2 2 1 1 1 190302 17342 2 124804 91312 16100 2 2 238166 227828 2 2 8924 3708 2 2 2 15476 37848 2 2073600 2073600 1 12 366052 994560 993600 92200 91452 93172 89228 12 12 12 12 238 0 0 0 
[ 3506.244951] MESSAGE_B= 0 0 0 245 1 1 192 0 248 179 0 0 0 0 0 0 0 0 0 0 0 0 0 0 0 0 0 0 12 0 0 0 0 0 128 80 0 1 1 1 1 1 2 2 1 1 1 129968 343532 2 124804 91312 16100 2 2 238166 227828 2 2 8924 3708 2 2 2 15476 37848 2 2073600 2073600 1 12 364846 990720 993600 91898 91221 92838 88889 12 12 12 12 8 0 0 0 
[ 3506.513959] MESSAGE_B= 0 0 0 245 1 1 192 0 248 179 0 0 0 0 0 0 0 0 0 0 0 0 0 0 0 0 0 0 12 0 0 0 0 0 119 81 0 1 1 1 1 1 2 2 1 1 1 193434 299522 2 124804 91312 16100 2 2 238166 227828 2 2 8924 3708 2 2 2 15476 37848 2 2073600 2073600 1 12 363481 994560 993600 91548 90868 92519 88546 12 12 12 12 8 0 0 0 
[ 3506.667145] MESSAGE_B= 0 0 0 244 1 1 192 0 248 179 0 0 0 0 0 0 0 0 0 0 0 0 0 0 0 0 0 0 12 0 0 0 0 0 149 78 0 1 1 1 1 1 2 2 1 1 1 131744 343290 2 124804 91312 16100 2 2 238166 227828 2 2 8924 3708 2 2 2 15476 37848 2 2073600 2073600 1 12 362744 990720 993600 91366 90729 92345 88304 12 12 12 12 8 0 0 0 
[ 3506.935956] MESSAGE_B= 0 0 0 244 2 1 192 0 248 179 0 0 0 0 0 0 0 0 0 0 0 0 0 0 0 0 0 0 12 0 0 0 0 0 135 83 0 1 1 1 1 1 2 2 1 2 1 196578 300216 2 124804 91312 16100 2 2 238166 227828 2 2 8924 3708 2 2 2 15476 37848 2 2073600 2073600 2 12 361810 994560 993600 91126 90545 92073 88066 12 12 12 12 8 0 0 0 
[ 3507.298960] MESSAGE_B= 0 0 0 244 2 1 192 0 248 179 0 0 0 0 0 0 0 0 0 0 0 0 0 0 0 0 0 0 12 0 0 0 0 0 126 87 0 1 1 1 1 1 2 2 1 2 1 135138 345008 281974 44662 209024 178 155922 336592 191438 275242 304836 235086 27790 13868 934 94246 257740 77618 77830 264652 2073600 2073600 2 12 359968 990720 993600 90643 90092 91651 87582 12 12 12 12 8 0 0 0 
[ 3507.453789] MESSAGE_B= 0 0 0 244 2 2 192 0 248 179 0 0 0 0 0 0 0 0 0 0 0 0 0 0 0 0 0 0 12 0 0 0 0 0 100 81 0 1 1 1 1 1 2 2 1 2 2 199880 299900 281974 44662 209024 178 155922 336592 191438 275242 304836 235086 27790 13868 934 94246 257740 77618 77830 264652 2073600 2073600 1 12 359205 994560 993600 90418 89911 91427 87449 12 12 12 12 8 0 0 0 
[ 3507.725964] MESSAGE_B= 0 0 0 244 2 1 192 0 248 179 0 0 0 0 0 0 0 0 0 0 0 0 0 0 0 0 0 0 12 0 0 0 0 0 127 88 0 1 1 1 1 1 2 2 1 2 1 137882 345424 281974 44662 209024 178 155922 336592 191438 275242 304836 235086 27790 13868 934 94246 257740 77618 77830 264652 2073600 2073600 2 12 358139 990720 993600 90180 89659 91174 87126 12 12 12 12 8 0 0 0 
[ 3508.007961] MESSAGE_B= 0 0 0 244 2 1 192 0 248 179 0 0 0 0 0 0 0 0 0 0 0 0 0 0 0 0 0 0 12 0 0 0 0 0 117 95 0 1 1 1 1 1 2 2 1 2 1 203670 300274 281974 44662 209024 178 155922 336592 191438 275242 304836 235086 27790 13868 934 94246 257740 77618 77830 264652 2073600 2073600 2 12 356695 994560 993600 89793 89340 90807 86755 12 12 12 12 8 0 0 0 
[ 3508.281954] MESSAGE_B= 0 0 0 244 2 1 192 0 248 179 0 0 0 0 0 0 0 0 0 0 0 0 0 0 0 0 0 0 12 0 0 0 0 0 122 102 0 1 1 1 1 1 2 2 1 2 1 142032 345732 281974 44662 209024 178 155922 336592 191438 275242 304836 235086 27790 13868 934 94246 257740 77618 77830 264652 2073600 2073600 2 12 355206 990720 993600 89432 88980 90448 86346 12 12 12 12 8 0 0 0 
[ 3508.563711] MESSAGE_B= 0 0 0 244 2 1 192 0 248 179 0 0 0 0 0 0 0 0 0 0 0 0 0 0 0 0 0 0 12 0 0 0 0 0 101 106 0 1 1 1 1 1 2 2 1 2 1 207180 300754 281974 44662 209024 178 155922 336592 191438 275242 304836 235086 27790 13868 934 94246 257740 77618 77830 264652 2073600 2073600 2 12 354195 994560 993600 89167 88763 90203 86062 12 12 12 12 8 0 0 0 
[ 3508.840967] MESSAGE_B= 0 0 0 244 2 1 192 0 248 179 0 0 0 0 0 0 0 0 0 0 0 0 0 0 0 0 0 0 12 0 0 0 0 0 101 104 0 1 1 1 1 1 2 2 1 2 1 143668 345380 281974 44662 209024 178 155922 336592 191438 275242 304836 235086 27790 13868 934 94246 257740 77618 77830 264652 2073600 2073600 2 12 352706 990720 993600 88800 88416 89814 85676 12 12 12 12 8 0 0 0 
[ 3509.114976] MESSAGE_B= 0 0 0 244 2 1 192 0 248 179 0 0 0 0 0 0 0 0 0 0 0 0 0 0 0 0 0 0 12 0 0 0 0 0 99 95 0 1 1 1 1 1 2 2 1 2 1 211068 301832 281974 44662 209024 178 155922 336592 191438 275242 304836 235086 27790 13868 934 94246 257740 77618 77830 264652 2073600 2073600 2 12 351158 994560 993600 88370 88088 89437 85263 12 12 12 12 8 0 0 0 
[ 3509.387955] MESSAGE_B= 0 0 0 244 2 1 192 0 248 179 0 0 0 0 0 0 0 0 0 0 0 0 0 0 0 0 0 0 12 0 0 0 0 0 91 96 0 1 1 1 1 1 2 2 1 2 1 146262 346478 281974 44662 209024 178 155922 336592 191438 275242 304836 235086 27790 13868 934 94246 257740 77618 77830 264652 2073600 2073600 2 12 349708 990720 993600 87978 87671 89106 84953 12 12 12 12 9 0 0 0 
[ 3509.660953] MESSAGE_B= 0 0 0 243 2 1 192 0 248 179 0 0 0 0 0 0 0 0 0 0 0 0 0 0 0 0 0 0 12 0 0 0 0 0 86 90 0 1 1 1 1 1 2 2 1 2 1 215414 301392 303710 60684 454314 123346 167252 370808 178140 278084 326264 250866 89890 205852 84244 99784 279402 76714 83288 286074 2073600 2073600 2 12 348375 994560 993600 87653 87354 88767 84601 12 12 12 12 9 0 0 0 
[ 3509.935958] MESSAGE_B= 0 0 0 243 2 2 192 0 248 179 0 16 188 248 16 16 90 414 16 0 152 378 6 0 80 787 0 0 11 0 12 0 0 0 226 119 0 2 2 2 2 0 0 2 0 2 2 149176 344604 303710 60684 454314 123346 167252 370808 178140 278084 326264 250866 89890 205852 84244 99784 279402 76714 83288 286074 2073600 2073600 1 11 271758 990720 993600 74677 64235 69953 63619 11 12 11 11 117 5 0 0 
[ 3510.177960] MESSAGE_B= 0 4 0 225 0 5 192 0 248 179 0 2834 3699 3678 3619 3258 3487 3507 3337 532 611 608 599 571 628 611 598 0 6 232 255 239 240 45 17 12 14 0 0 2 0 2 0 0 0 0 5 257508 301724 303710 60684 454314 123346 167252 370808 178140 278084 326264 250866 89890 205852 84244 99784 279402 76714 83288 286074 2073600 2073600 3 6 285077 994560 993600 97454 121375 36386 49929 6 6 0 0 180 4 4 4 
[ 3510.454957] MESSAGE_B= 0 0 0 22 0 5 192 0 248 179 0 16 16 16 16 3249 3279 3351 3234 0 0 0 0 663 702 674 680 0 6 0 0 246 236 0 0 106 255 0 0 0 0 1 1 2 2 0 5 740838 213610 303710 60684 454314 123346 167252 370808 178140 278084 326264 250866 89890 205852 84244 99784 279402 76714 83288 286074 2073600 2073600 3 6 319213 990720 993600 123748 120463 51388 50064 6 6 0 0 180 4 0 0 
[ 3510.738866] MESSAGE_B= 0 0 0 22 0 5 192 0 248 179 0 16 16 16 16 3247 3278 3348 3231 0 0 0 0 662 699 674 680 0 6 0 0 246 236 0 0 88 225 0 0 0 0 1 1 2 2 0 5 430064 994386 303710 60684 454314 123346 167252 370808 178140 278084 326264 250866 89890 205852 84244 99784 279402 76714 83288 286074 2073600 2073600 3 6 319354 994560 993600 123752 120468 51241 49851 6 6 0 0 5 4 0 0 
[ 3510.894046] MESSAGE_B= 0 0 0 22 0 6 192 0 248 179 0 16 16 16 16 3248 3278 3351 3231 0 0 0 0 659 700 671 677 0 6 0 0 247 235 0 0 97 231 0 0 0 0 1 1 2 2 0 6 190488 990720 303710 60684 454314 123346 167252 370808 178140 278084 326264 250866 89890 205852 84244 99784 279402 76714 83288 286074 2073600 2073600 3 6 319453 990720 993600 123741 120435 51365 50041 6 6 0 0 9 4 0 0 
[ 3511.171965] MESSAGE_B= 0 0 0 22 0 7 192 0 248 179 0 16 16 16 16 3254 3279 3362 3228 0 0 0 0 660 706 675 686 0 6 0 0 247 235 0 0 100 231 0 0 0 0 1 1 2 2 0 7 434658 994448 303710 60684 454314 123346 167252 370808 178140 278084 326264 250866 89890 205852 84244 99784 279402 76714 83288 286074 2073600 2073600 3 6 320031 994560 993600 123757 120437 52099 50777 6 6 0 0 13 4 0 0 
[ 3511.446959] MESSAGE_B= 0 0 0 21 0 7 192 0 248 179 0 16 16 16 16 3251 3274 3373 3211 0 0 0 0 657 706 671 687 0 6 0 0 248 234 0 0 137 255 0 0 0 0 1 1 2 2 0 7 187020 990720 303710 60684 454314 123346 167252 370808 178140 278084 326264 250866 89890 205852 84244 99784 279402 76714 83288 286074 2073600 2073600 3 6 321081 990720 993600 123791 120441 52324 50475 6 6 0 0 15 4 0 0 
[ 3511.727747] MESSAGE_B= 0 0 0 20 0 6 192 0 248 179 0 16 16 16 16 3231 3275 3371 3228 0 0 0 0 650 706 673 689 0 6 0 0 248 236 0 0 82 237 0 0 0 0 1 1 2 2 0 6 429644 994556 303710 60684 454314 123346 167252 370808 178140 278084 326264 250866 89890 205852 84244 99784 279402 76714 83288 286074 2073600 2073600 3 6 322054 994560 993600 123791 120721 52196 49718 6 6 0 0 16 4 0 0 
[ 3512.005959] MESSAGE_B= 0 0 0 20 0 6 192 0 248 179 0 16 16 16 16 3209 3274 3378 3260 0 0 0 0 646 693 672 688 0 6 0 0 241 239 0 0 42 109 0 0 0 0 1 1 2 2 0 6 174314 990720 1235196 58124 522008 901778 1165550 1777996 1272686 1446912 980104 343698 108318 1105956 277674 236918 503040 202284 607606 394726 2073600 2073600 3 6 323835 990720 993600 123797 121405 53785 50103 6 6 0 0 17 4 0 0 
[ 3512.281963] MESSAGE_B= 0 0 0 19 1 6 192 0 248 179 0 16 16 16 16 3212 3226 3347 3282 0 0 0 0 651 672 678 684 0 6 0 0 239 240 0 0 0 55 0 0 0 0 1 1 1 2 1 6 412228 994560 1235196 58124 522008 901778 1165550 1777996 1272686 1446912 980104 343698 108318 1105956 277674 236918 503040 202284 607606 394726 2073600 2073600 3 6 325847 994560 993600 123802 121638 53595 48096 6 6 0 0 18 4 0 0 
[ 3512.561958] MESSAGE_B= 0 4 0 19 2 6 192 0 248 179 0 16 2686 16 2727 3183 3240 3316 3310 0 1581 0 1604 653 668 684 684 0 6 0 255 232 244 0 90 195 231 0 0 0 0 1 2 2 2 2 6 169486 990720 1235196 58124 522008 901778 1165550 1777996 1272686 1446912 980104 343698 108318 1105956 277674 236918 503040 202284 607606 394726 2073600 2073600 3 6 325866 990720 993600 122880 120974 54302 48087 6 6 0 0 18 4 4 4 
