[17308.435014] MESSAGE_B= 0 4 0 5 7 1 192 0 248 179 0 1375 1168 1423 1164 1203 1215 1200 1144 278 244 281 244 152 183 165 180 0 31 255 253 255 254 75 46 74 55 0 0 0 0 0 0 0 0 7 1 102784 285684 305742 203738 120678 151012 2 2 177050 166022 222324 94358 159518 202054 173972 2 2 51910 40328 57710 2073600 2073600 2 2 164584 990720 993600 55294 58023 37200 31241 2 1 0 2 120 4 4 4 
[17308.595420] MESSAGE_B= 0 4 0 6 8 1 192 0 248 179 0 1341 1141 1392 1135 1206 1240 1204 1170 284 235 298 224 164 214 171 214 0 31 255 253 255 254 123 58 108 73 0 0 0 0 0 0 0 0 8 1 94348 201520 305742 203738 120678 151012 2 2 177050 166022 222324 94358 159518 202054 173972 2 2 51910 40328 57710 2073600 2073600 2 2 156576 994560 993600 52863 56097 38420 29092 2 1 0 2 120 4 4 4 
[17308.876967] MESSAGE_B= 0 4 4 6 8 1 192 0 248 179 0 1306 1124 1365 1126 1220 1282 1213 1212 294 195 307 193 176 254 178 265 0 31 255 251 255 255 149 106 143 109 0 0 0 0 0 0 0 0 8 1 103378 321614 305742 203738 120678 151012 2 2 177050 166022 222324 94358 159518 202054 173972 2 2 51910 40328 57710 2073600 2073600 2 2 151229 990720 993600 51087 56369 40717 27912 2 1 0 2 119 4 4 4 
[17309.156964] MESSAGE_B= 0 4 4 6 7 1 192 0 248 179 0 1278 1165 1330 1157 1229 1302 1220 1228 331 189 344 185 192 180 193 189 0 31 255 254 255 255 150 126 142 116 0 0 0 0 0 0 0 0 7 1 79490 148504 305742 203738 120678 151012 2 2 177050 166022 222324 94358 159518 202054 173972 2 2 51910 40328 57710 2073600 2073600 2 2 143276 994560 993600 47671 57013 42874 27841 2 1 0 2 119 4 4 4 
[17309.431959] MESSAGE_B= 4 4 4 6 9 1 192 0 248 179 0 1218 1171 1264 1158 1227 1274 1217 1185 334 173 339 159 203 193 203 195 0 31 255 247 255 254 149 136 140 137 0 0 0 0 0 0 0 0 9 1 100130 389376 305742 203738 120678 151012 2 2 177050 166022 222324 94358 159518 202054 173972 2 2 51910 40328 57710 2073600 2073600 4 2 137776 990720 993600 46986 55797 40743 26648 2 1 0 2 121 4 4 4 
[17309.718002] MESSAGE_B= 0 4 4 8 6 2 192 0 248 179 0 1177 1189 1230 1160 1211 1325 1197 1245 289 184 296 159 211 269 208 273 0 31 255 250 254 254 165 36 165 46 0 0 0 0 0 0 0 0 6 2 85396 135542 305742 203738 120678 151012 2 2 177050 166022 222324 94358 159518 202054 173972 2 2 51910 40328 57710 2073600 2073600 2 2 133925 994560 993600 46948 52209 38112 24712 2 1 0 2 125 4 4 4 
[17309.998957] MESSAGE_B= 0 4 4 12 8 2 192 0 248 179 0 1148 1225 1205 1192 1238 1423 1215 1354 216 200 232 188 150 326 158 348 0 31 254 246 251 254 47 16 61 8 0 0 0 0 0 0 0 0 8 2 112278 372790 305742 203738 120678 151012 2 2 177050 166022 222324 94358 159518 202054 173972 2 2 51910 40328 57710 2073600 2073600 2 2 128882 990720 993600 48600 50668 36527 24268 2 1 0 12 131 4 4 4 
[17310.274987] MESSAGE_B= 4 4 4 18 16 2 192 0 248 179 0 1001 1355 1063 1315 1472 1297 1437 1242 137 276 150 293 277 405 252 416 0 31 249 254 255 255 78 112 100 129 0 0 0 0 0 0 0 0 16 2 97636 177770 305742 203738 120678 151012 2 2 177050 166022 222324 94358 159518 202054 173972 2 2 51910 40328 57710 2073600 2073600 4 2 120897 994560 993600 53246 49978 33797 30321 2 1 0 12 131 4 4 4 
[17310.522023] MESSAGE_B= 4 4 4 23 13 2 192 0 248 179 0 1037 1372 1088 1339 1622 1441 1586 1369 289 320 263 330 398 511 382 507 0 31 255 254 255 255 111 97 112 117 0 0 0 0 0 0 0 0 13 2 144164 362532 305742 203738 120678 151012 2 2 177050 166022 222324 94358 159518 202054 173972 2 2 51910 40328 57710 2073600 2073600 4 2 114487 990720 993600 48218 53189 34104 22586 2 1 0 12 131 4 4 4 
[17310.798959] MESSAGE_B= 4 4 4 25 12 2 192 0 248 179 0 1496 1325 1544 1312 1767 1410 1821 1349 580 324 575 328 656 419 708 434 0 31 255 255 255 254 166 41 166 15 0 0 0 0 0 0 0 0 12 2 103876 323788 549472 481170 529626 194314 483220 363546 746406 569098 498788 185456 126968 78880 126860 126754 142124 289254 296446 154112 2073600 2073600 4 1 127732 994560 993600 49919 60109 24489 24353 2 1 12 12 135 4 4 4 
[17311.077966] MESSAGE_B= 4 4 4 23 19 1 192 0 248 179 0 1597 1294 1647 1308 1482 1317 1404 1224 517 359 510 352 224 253 210 247 0 31 253 255 251 255 71 104 81 105 0 0 0 0 0 0 0 0 19 1 148908 431208 549472 481170 529626 194314 483220 363546 746406 569098 498788 185456 126968 78880 126860 126754 142124 289254 296446 154112 2073600 2073600 4 1 122173 990720 993600 36941 50438 25509 24347 2 1 2 12 144 4 4 4 
[17311.354979] MESSAGE_B= 4 4 4 14 45 1 192 0 248 179 0 1388 1939 1432 1924 1010 1745 1032 1700 434 189 454 184 178 231 158 215 0 31 255 242 255 255 185 53 184 10 0 0 0 0 0 0 0 0 45 1 148852 420472 549472 481170 529626 194314 483220 363546 746406 569098 498788 185456 126968 78880 126860 126754 142124 289254 296446 154112 2073600 2073600 4 2 215702 994560 993600 52416 50681 55536 57069 2 2 2 2 144 4 4 4 
[17311.511023] MESSAGE_B= 4 4 4 18 46 1 192 0 248 179 0 1521 2260 1570 2215 1067 1725 1072 1681 323 188 340 173 200 364 200 350 0 31 255 242 255 255 145 19 145 8 0 0 0 0 0 0 0 0 46 1 101512 269272 549472 481170 529626 194314 483220 363546 746406 569098 498788 185456 126968 78880 126860 126754 142124 289254 296446 154112 2073600 2073600 4 2 203710 990720 993600 46260 44780 56606 56064 2 2 2 2 146 4 4 4 
[17311.796970] MESSAGE_B= 4 4 4 22 66 1 192 0 248 179 0 1614 2001 1666 1991 1050 1304 1067 1265 404 201 444 192 227 238 210 216 0 31 255 245 255 255 207 30 214 50 0 0 0 0 0 0 0 0 66 1 60600 215898 549472 481170 529626 194314 483220 363546 746406 569098 498788 185456 126968 78880 126860 126754 142124 289254 296446 154112 2073600 2073600 4 2 153405 994560 993600 38384 34280 41466 39275 2 2 2 2 146 4 4 4 
[17312.074959] MESSAGE_B= 4 4 4 22 57 1 192 0 248 179 0 1645 1978 1687 1967 961 1387 973 1350 503 179 542 199 198 193 177 189 0 31 255 246 253 254 210 173 201 178 0 0 0 0 0 0 0 0 57 1 95298 458812 549472 481170 529626 194314 483220 363546 746406 569098 498788 185456 126968 78880 126860 126754 142124 289254 296446 154112 2073600 2073600 4 2 146191 990720 993600 33374 31121 41209 40487 2 2 2 2 145 4 4 4 
[17312.353975] MESSAGE_B= 4 4 4 24 44 1 192 0 248 179 0 1476 1915 1508 1932 843 1531 878 1495 665 243 696 234 107 199 133 178 0 31 255 251 254 255 173 71 182 71 0 0 0 0 0 0 0 0 44 1 75812 393672 549472 481170 529626 194314 483220 363546 746406 569098 498788 185456 126968 78880 126860 126754 142124 289254 296446 154112 2073600 2073600 4 2 176725 994560 993600 44961 42545 46146 43073 2 2 2 2 138 4 4 4 
[17312.632985] MESSAGE_B= 4 4 4 20 50 1 192 0 248 179 0 1465 1748 1515 1766 933 1395 961 1369 385 153 420 162 185 101 201 87 0 31 255 251 255 252 223 61 230 32 0 0 0 0 0 0 0 0 50 1 103914 419812 549472 481170 529626 194314 483220 363546 746406 569098 498788 185456 126968 78880 126860 126754 142124 289254 296446 154112 2073600 2073600 4 2 180165 990720 993600 48191 43431 45606 42937 2 2 2 2 138 4 4 4 
[17312.911955] MESSAGE_B= 4 4 4 23 51 1 192 0 248 179 0 1526 1719 1571 1738 986 1504 1020 1486 502 88 531 76 96 187 117 167 0 31 255 221 250 255 77 45 119 40 0 0 0 0 0 0 0 0 51 1 80070 443888 549472 481170 529626 194314 483220 363546 746406 569098 498788 185456 126968 78880 126860 126754 142124 289254 296446 154112 2073600 2073600 4 2 166205 994560 993600 49209 45643 36814 34539 2 2 2 2 136 4 4 4 
[17313.067954] MESSAGE_B= 4 4 4 30 60 1 192 0 248 179 0 1517 1846 1548 1866 874 1534 929 1512 694 163 725 138 133 249 149 232 0 31 255 248 253 255 129 165 156 125 0 0 0 0 0 0 0 0 60 1 97954 326862 464058 1119412 265902 402550 748556 638974 219818 548270 641036 196906 175854 25360 125602 132168 175168 312152 256950 82822 2073600 2073600 4 2 152151 990720 993600 45197 41843 34069 31042 2 2 2 2 124 4 4 4 
[17313.344976] MESSAGE_B= 4 4 4 33 49 1 192 0 248 179 0 1613 2013 1636 2050 981 1624 1033 1610 752 153 777 129 127 171 143 173 0 31 255 252 253 254 165 61 181 16 0 0 0 0 0 0 0 0 49 1 109994 311158 464058 1119412 265902 402550 748556 638974 219818 548270 641036 196906 175854 25360 125602 132168 175168 312152 256950 82822 2073600 2073600 4 2 179457 994560 993600 48767 44994 44527 41169 2 2 2 2 115 4 4 4 
[17313.631205] MESSAGE_B= 4 4 4 2 27 1 192 0 248 179 0 947 1688 989 1672 1365 1363 1327 1287 236 635 236 683 150 112 136 82 0 31 255 255 255 244 87 212 126 181 0 0 0 0 0 0 0 0 27 1 117400 491150 464058 1119412 265902 402550 748556 638974 219818 548270 641036 196906 175854 25360 125602 132168 175168 312152 256950 82822 2073600 2073600 4 1 203588 990720 993600 59590 55510 63654 54389 0 0 1 2 100 4 4 4 
[17313.907960] MESSAGE_B= 4 4 4 2 23 1 192 0 248 179 0 945 1684 988 1674 1374 1321 1333 1260 235 651 237 707 147 101 135 51 0 31 255 255 254 255 113 193 148 162 0 0 0 0 0 0 0 0 23 1 67290 496058 464058 1119412 265902 402550 748556 638974 219818 548270 641036 196906 175854 25360 125602 132168 175168 312152 256950 82822 2073600 2073600 4 1 205514 994560 993600 59982 53295 64418 55377 0 0 1 2 41 4 4 4 
[17314.191636] MESSAGE_B= 4 4 4 2 23 1 192 0 248 179 0 938 1718 986 1718 1373 1332 1334 1251 232 619 239 689 144 139 137 92 0 31 255 255 255 248 135 206 168 189 0 0 0 0 0 0 0 0 23 1 223586 534862 464058 1119412 265902 402550 748556 638974 219818 548270 641036 196906 175854 25360 125602 132168 175168 312152 256950 82822 2073600 2073600 4 1 211735 990720 993600 59422 53451 68323 57458 0 0 1 1 47 4 4 4 
[17314.476779] MESSAGE_B= 4 4 4 2 32 1 192 0 248 179 0 947 1721 994 1729 1381 1338 1341 1267 233 597 240 668 152 133 141 105 0 31 255 255 255 246 145 181 178 155 0 0 0 0 0 0 0 0 32 1 71608 487758 464058 1119412 265902 402550 748556 638974 219818 548270 641036 196906 175854 25360 125602 132168 175168 312152 256950 82822 2073600 2073600 4 1 215144 994560 993600 61284 54423 70447 60734 0 0 1 1 47 4 4 4 
[17314.755960] MESSAGE_B= 4 4 4 2 25 1 192 0 248 179 0 948 1719 996 1730 1384 1317 1344 1243 233 591 241 658 156 132 144 119 0 31 255 255 255 244 156 158 185 123 0 0 0 0 0 0 0 0 25 1 230688 590356 464058 1119412 265902 402550 748556 638974 219818 548270 641036 196906 175854 25360 125602 132168 175168 312152 256950 82822 2073600 2073600 4 1 217222 990720 993600 61022 54016 71386 63071 0 0 1 1 42 4 4 4 
[17315.036743] MESSAGE_B= 4 4 4 2 27 1 192 0 248 179 0 834 1773 924 1803 1236 1290 1219 1194 351 578 325 637 88 179 70 176 0 1 247 254 189 206 196 100 157 21 0 0 0 0 2 2 0 2 27 1 68988 513178 464058 1119412 265902 402550 748556 638974 219818 548270 641036 196906 175854 25360 125602 132168 175168 312152 256950 82822 2073600 2073600 4 1 222098 994560 993600 59899 52801 73276 65311 0 0 1 1 41 4 4 4 
[17315.194009] MESSAGE_B= 4 4 4 2 25 1 192 0 248 179 0 935 1703 986 1720 1383 1303 1346 1229 226 614 236 670 151 144 141 130 0 31 255 255 254 250 153 99 188 59 0 0 0 0 0 0 0 0 25 1 237564 615618 464058 1119412 265902 402550 748556 638974 219818 548270 641036 196906 175854 25360 125602 132168 175168 312152 256950 82822 2073600 2073600 4 1 216881 990720 993600 57662 50694 71739 62693 0 0 1 1 44 4 4 4 
[17315.472984] MESSAGE_B= 4 4 4 3 25 1 192 0 248 179 0 932 1722 984 1741 1386 1287 1350 1216 222 609 231 666 153 162 137 152 0 31 254 255 255 251 144 89 180 61 0 0 0 0 0 0 0 0 25 1 68992 495570 1020690 544688 131176 982986 606334 817858 992080 489062 1029424 115522 266368 365866 136846 282000 176928 326752 455110 78626 2073600 2073600 4 1 214950 994560 993600 56392 49879 71266 61378 0 0 1 1 48 4 4 4 
[17315.758737] MESSAGE_B= 4 4 4 3 24 1 192 0 248 179 0 932 1771 983 1795 1387 1296 1350 1228 222 605 230 657 150 213 142 203 0 31 255 255 255 253 134 135 168 117 0 0 0 0 0 0 0 0 24 1 247928 627808 1020690 544688 131176 982986 606334 817858 992080 489062 1029424 115522 266368 365866 136846 282000 176928 326752 455110 78626 2073600 2073600 4 1 214643 990720 993600 57084 51227 71470 61278 0 0 1 1 51 4 4 4 
[17316.038964] MESSAGE_B= 4 4 4 4 24 1 192 0 248 179 0 926 1864 978 1891 1387 1286 1349 1218 222 578 229 622 137 228 135 218 0 31 255 255 255 253 130 136 164 123 0 0 0 0 0 0 0 0 24 1 69756 434890 1020690 544688 131176 982986 606334 817858 992080 489062 1029424 115522 266368 365866 136846 282000 176928 326752 455110 78626 2073600 2073600 4 1 205942 994560 993600 56077 51835 69091 58295 0 0 1 1 51 4 4 4 
[17316.315956] MESSAGE_B= 4 4 4 5 24 1 192 0 248 179 0 934 1949 986 1982 1370 1295 1336 1223 223 555 228 596 119 250 113 240 0 31 253 255 254 253 102 162 144 154 0 0 0 0 0 0 0 0 24 1 229166 636064 1020690 544688 131176 982986 606334 817858 992080 489062 1029424 115522 266368 365866 136846 282000 176928 326752 455110 78626 2073600 2073600 4 1 195442 990720 993600 54658 51996 65384 55949 0 0 1 1 52 4 4 4 
[17316.595418] MESSAGE_B= 4 4 4 6 22 1 192 0 248 179 0 961 2032 1009 2071 1350 1315 1316 1245 226 569 224 607 110 249 103 249 0 31 254 255 255 255 60 157 104 158 0 0 0 0 0 0 0 0 22 1 72212 352750 1020690 544688 131176 982986 606334 817858 992080 489062 1029424 115522 266368 365866 136846 282000 176928 326752 455110 78626 2073600 2073600 4 1 193503 994560 993600 54890 53178 65568 55991 0 0 1 1 64 4 4 4 
[17316.882136] MESSAGE_B= 4 4 4 7 20 2 192 0 248 179 0 1057 2115 1102 2145 1373 1303 1342 1232 335 563 319 609 203 230 205 222 0 31 255 255 255 253 14 137 48 135 0 0 0 0 0 0 0 0 20 2 255884 650824 1020690 544688 131176 982986 606334 817858 992080 489062 1029424 115522 266368 365866 136846 282000 176928 326752 455110 78626 2073600 2073600 4 1 189531 990720 993600 58092 57333 64778 57236 0 0 1 1 77 4 4 4 
[17317.160959] MESSAGE_B= 4 4 4 7 23 2 192 0 248 179 0 1155 2177 1203 2218 1368 1324 1340 1252 440 550 430 605 145 301 154 311 0 31 255 255 255 254 58 143 21 138 0 0 0 0 0 0 0 0 23 2 75338 324898 1020690 544688 131176 982986 606334 817858 992080 489062 1029424 115522 266368 365866 136846 282000 176928 326752 455110 78626 2073600 2073600 4 1 177587 994560 993600 58881 58087 60602 52843 0 0 1 1 78 4 4 4 
[17317.438965] MESSAGE_B= 4 4 4 8 25 2 192 0 248 179 0 1236 2218 1287 2256 1352 1344 1326 1279 512 548 509 610 121 331 129 359 0 31 255 255 255 255 78 135 44 132 0 0 0 0 0 0 0 0 25 2 262790 673262 1020690 544688 131176 982986 606334 817858 992080 489062 1029424 115522 266368 365866 136846 282000 176928 326752 455110 78626 2073600 2073600 4 1 175029 990720 993600 60960 59723 60927 52775 0 0 1 1 78 4 4 4 
[17317.718642] MESSAGE_B= 4 4 4 11 25 2 192 0 248 179 0 1303 2223 1358 2265 1330 1359 1307 1297 584 556 585 616 153 322 152 353 0 31 255 255 255 255 54 124 34 121 0 0 0 0 0 0 0 0 25 2 98854 268846 1020690 544688 131176 982986 606334 817858 992080 489062 1029424 115522 266368 365866 136846 282000 176928 326752 455110 78626 2073600 2073600 4 1 171028 994560 993600 60255 57470 58482 50978 0 0 1 1 74 4 4 4 
[17317.999964] MESSAGE_B= 4 4 4 12 28 2 192 0 248 179 0 1321 2259 1375 2299 1326 1366 1304 1306 607 557 609 617 187 338 183 369 0 31 255 255 254 254 18 119 7 118 0 0 0 0 0 0 0 0 28 2 212678 656912 