[ 3545.734320] MESSAGE_B= 0 0 0 213 1 2 192 0 248 179 0 0 397 0 743 216 620 896 977 0 0 0 0 0 0 0 0 1 12 50 4 32 2 4 0 10 20 0 0 0 0 0 0 0 0 1 2 24566 7762 162214 284542 2018 2 2 26 308296 320772 2 10308 5666 18482 2 6430 3214 46060 19916 1606 2073600 2073600 3 12 458545 994560 993600 122479 110970 111687 113409 12 12 12 12 95 0 0 0 
[ 3546.006976] MESSAGE_B= 0 0 0 137 1 2 192 0 248 179 0 1999 1660 1645 1050 2114 3407 2136 2442 376 190 425 186 746 347 835 878 0 12 41 10 222 101 29 15 14 35 2 2 0 2 2 2 2 2 1 2 45902 110618 162214 284542 2018 2 2 26 308296 320772 2 10308 5666 18482 2 6430 3214 46060 19916 1606 2073600 2073600 1 12 445875 990720 993600 117147 117466 106858 104404 12 12 12 12 95 0 0 0 
[ 3546.165951] MESSAGE_B= 0 0 0 127 1 2 192 0 248 179 0 1604 0 1115 0 2039 2950 2107 2270 218 0 207 0 804 782 860 979 0 12 32 0 236 169 44 79 42 0 2 1 0 0 2 2 2 1 1 2 66704 129076 162214 284542 2018 2 2 26 308296 320772 2 10308 5666 18482 2 6430 3214 46060 19916 1606 2073600 2073600 3 12 443235 994560 993600 111008 121046 103664 107517 12 12 12 12 95 4 0 0 
[ 3546.440959] MESSAGE_B= 0 0 0 160 1 1 192 0 248 179 0 854 1328 2537 1204 2970 3311 3149 2848 94 40 290 83 683 284 642 895 0 12 187 207 197 140 161 0 18 111 2 2 2 2 2 1 2 2 1 1 196970 473664 162214 284542 2018 2 2 26 308296 320772 2 10308 5666 18482 2 6430 3214 46060 19916 1606 2073600 2073600 1 12 457064 990720 993600 119763 120039 100214 117048 12 12 12 12 85 0 0 0 
[ 3546.720952] MESSAGE_B= 0 0 0 109 1 2 192 0 248 179 0 1256 1601 1331 836 1983 3099 1677 3009 582 286 347 123 662 389 1026 875 0 12 155 46 175 75 121 132 130 147 2 2 2 2 2 2 2 2 1 2 96354 272654 162214 284542 2018 2 2 26 308296 320772 2 10308 5666 18482 2 6430 3214 46060 19916 1606 2073600 2073600 3 12 375727 994560 993600 71078 112900 80947 110802 12 12 12 12 119 0 0 0 
[ 3546.997965] MESSAGE_B= 0 0 0 92 1 2 192 0 248 179 0 1073 1647 2311 1091 1601 1882 2109 2045 317 194 654 283 774 853 858 713 0 12 118 51 210 26 22 172 153 61 0 2 2 0 2 2 2 2 1 2 431864 436834 162214 284542 2018 2 2 26 308296 320772 2 10308 5666 18482 2 6430 3214 46060 19916 1606 2073600 2073600 3 12 350293 990720 993600 85069 115357 68934 80933 12 12 12 12 119 0 0 0 
[ 3547.282306] MESSAGE_B= 0 0 0 104 2 2 192 0 248 179 0 1214 1233 1093 1016 1439 1926 1912 2139 255 297 229 198 827 943 953 818 0 12 116 138 185 182 168 168 113 19 2 0 2 2 2 2 2 2 2 2 388462 451958 162214 284542 2018 2 2 26 308296 320772 2 10308 5666 18482 2 6430 3214 46060 19916 1606 2073600 2073600 1 12 398588 994560 993600 100492 110429 80322 107345 12 12 12 12 118 0 0 0 
[ 3547.561958] MESSAGE_B= 0 0 0 93 1 2 192 0 248 179 0 1145 1147 1155 1471 1940 1732 2060 1751 176 254 325 258 600 975 975 983 0 12 49 85 160 214 0 56 64 106 2 0 0 2 2 2 2 2 1 2 349778 264596 162214 284542 2018 2 2 26 308296 320772 2 10308 5666 18482 2 6430 3214 46060 19916 1606 2073600 2073600 3 12 365241 990720 993600 82936 96567 79500 106238 12 12 12 12 111 0 0 0 
[ 3547.837004] MESSAGE_B= 0 0 0 97 1 2 192 0 248 179 0 1227 1246 1270 1805 1321 1805 1892 1785 232 262 206 200 826 1052 1062 828 0 12 68 111 162 160 133 76 103 33 0 0 0 0 2 2 2 2 1 2 181906 273378 341570 114328 146334 194884 182812 258090 237900 313932 215346 437010 23644 3208 120228 746152 633278 461638 381278 265124 2073600 2073600 3 12 360532 994560 993600 90218 85866 82314 102134 12 12 12 12 111 4 0 0 
[ 3547.993962] MESSAGE_B= 0 0 0 89 1 2 192 0 248 179 0 1157 1293 1557 1719 1527 1784 1869 1718 135 277 409 259 726 921 915 749 0 12 6 59 132 195 71 64 174 154 0 0 0 0 2 2 2 2 1 2 287208 567206 341570 114328 146334 194884 182812 258090 237900 313932 215346 437010 23644 3208 120228 746152 633278 461638 381278 265124 2073600 2073600 3 12 325397 990720 993600 90540 76630 77535 80692 12 12 12 12 113 4 0 0 
[ 3548.270959] MESSAGE_B= 0 0 0 90 1 2 192 0 248 179 0 1132 1567 1371 1382 1593 1716 2048 1353 148 417 368 588 691 930 811 1130 0 12 44 158 107 222 60 172 73 133 0 0 0 0 2 2 2 2 1 2 156780 398224 341570 114328 146334 194884 182812 258090 237900 313932 215346 437010 23644 3208 120228 746152 633278 461638 381278 265124 2073600 2073600 3 12 353889 994560 993600 87550 99269 78475 88595 12 12 12 12 113 4 0 0 
[ 3548.556794] MESSAGE_B= 0 0 0 96 1 2 192 0 248 179 0 1195 1428 1115 1248 1619 1574 1826 1355 175 333 202 262 722 927 1080 832 0 12 116 133 138 217 54 187 47 165 0 0 2 0 2 2 2 2 1 2 122992 484192 341570 114328 146334 194884 182812 258090 237900 313932 215346 437010 23644 3208 120228 746152 633278 461638 381278 265124 2073600 2073600 3 12 338614 990720 993600 88006 75844 73078 101686 12 12 12 12 118 4 0 0 
[ 3548.835949] MESSAGE_B= 0 0 0 88 1 2 192 0 248 179 0 1452 1137 1177 1208 1402 1999 1687 1681 259 257 197 198 748 728 818 984 0 12 104 81 190 205 43 63 77 35 0 0 0 2 2 2 2 2 1 2 122034 382176 341570 114328 146334 194884 182812 258090 237900 313932 215346 437010 23644 3208 120228 746152 633278 461638 381278 265124 2073600 2073600 3 12 313451 994560 993600 76204 95206 53125 88916 12 12 12 12 132 4 0 0 
[ 3549.117951] MESSAGE_B= 0 0 0 84 1 2 192 0 248 179 0 1257 1177 1267 1316 1760 1655 2268 1415 288 305 194 175 648 828 736 748 0 12 11 73 173 215 27 51 7 98 0 0 0 0 2 2 2 2 1 2 331124 509426 341570 114328 146334 194884 182812 258090 237900 313932 215346 437010 23644 3208 120228 746152 633278 461638 381278 265124 2073600 2073600 3 12 294014 990720 993600 77704 78641 59140 78529 12 12 12 12 132 4 0 0 
[ 3549.397953] MESSAGE_B= 0 0 0 84 1 3 192 0 248 179 0 1277 1115 1553 1298 2454 1867 2239 1638 356 250 267 176 481 811 683 768 0 12 22 26 134 179 10 62 136 25 0 0 0 0 2 2 2 2 1 3 138996 391604 341570 114328 146334 194884 182812 258090 237900 313932 215346 437010 23644 3208 120228 746152 633278 461638 381278 265124 2073600 2073600 3 12 290418 994560 993600 89621 76511 57460 66826 12 12 12 12 110 4 0 0 
[ 3549.683658] MESSAGE_B= 0 0 0 88 1 1 192 0 248 179 0 1266 1262 1235 1334 2067 1752 1912 1636 270 260 199 165 557 829 744 733 0 12 32 5 186 174 1 79 68 102 0 0 0 0 2 2 2 2 1 1 136404 520590 341570 114328 146334 194884 182812 258090 237900 313932 215346 437010 23644 3208 120228 746152 633278 461638 381278 265124 2073600 2073600 1 12 299456 990720 993600 85446 84804 63716 65490 12 12 12 12 109 4 0 0 
[ 3549.843954] MESSAGE_B= 0 0 0 82 1 1 192 0 248 179 0 1177 1338 1318 1369 1846 1651 1813 1694 269 208 219 329 589 846 773 638 0 12 13 0 176 162 66 43 107 13 0 0 0 0 2 2 2 2 1 1 237202 481340 341570 114328 146334 194884 182812 258090 237900 313932 215346 437010 23644 3208 120228 746152 633278 461638 381278 265124 2073600 2073600 1 12 287393 994560 993600 86756 83688 54878 62071 12 12 12 12 104 4 0 0 
[ 3550.129803] MESSAGE_B= 0 0 0 82 1 1 192 0 248 179 0 1373 1442 1338 1294 1768 1686 1926 1654 398 197 221 209 666 802 752 700 0 12 84 26 109 175 114 17 39 23 0 0 0 0 2 2 2 2 1 1 107354 529668 354218 142312 165654 245540 274104 293576 292170 266598 364072 331824 155590 10736 451808 268048 467560 185804 250846 325326 2073600 2073600 1 12 274199 990720 993600 85327 73398 53555 61919 12 12 12 12 92 4 0 0 
[ 3550.417958] MESSAGE_B= 0 0 0 83 1 1 192 0 248 179 0 1648 1773 1241 1485 1755 1960 1816 1935 484 341 214 202 639 675 816 677 0 12 28 32 131 135 78 139 15 118 0 0 0 0 2 2 2 2 1 1 260250 477146 354218 142312 165654 245540 274104 293576 292170 266598 364072 331824 155590 10736 451808 268048 467560 185804 250846 325326 2073600 2073600 1 12 261546 994560 993600 83177 68934 48374 61061 12 12 12 12 97 4 0 0 
[ 3550.695960] MESSAGE_B= 0 0 0 87 1 2 192 0 248 179 0 1430 2037 1259 1576 1901 2054 1760 1917 663 522 175 239 578 668 812 634 0 12 100 51 151 157 98 181 154 49 0 0 0 0 2 2 2 2 1 2 139694 556520 354218 142312 165654 245540 274104 293576 292170 266598 364072 331824 155590 10736 451808 268048 467560 185804 250846 325326 2073600 2073600 3 12 260603 990720 993600 83717 65280 50645 60961 12 12 12 12 97 4 0 0 
[ 3550.973958] MESSAGE_B= 0 0 0 79 2 2 192 0 248 179 0 1248 2026 1623 1860 1623 1673 1396 1601 382 525 212 431 247 323 312 435 0 12 13 117 52 52 221 139 73 172 2 0 0 0 2 2 2 2 2 2 251614 498390 354218 142312 165654 245540 274104 293576 292170 266598 364072 331824 155590 10736 451808 268048 467560 185804 250846 325326 2073600 2073600 1 12 260866 994560 993600 86734 64282 48937 60913 12 12 12 12 96 4 0 0 
[ 3551.133022] MESSAGE_B= 0 0 0 79 2 2 192 0 248 179 0 1145 1960 1674 1646 1549 1592 1390 1731 338 495 281 353 254 305 375 456 0 12 74 49 67 118 168 180 44 197 2 0 0 0 2 2 2 2 2 2 234798 440464 354218 142312 165654 245540 274104 293576 292170 266598 364072 331824 155590 10736 451808 268048 467560 185804 250846 325326 2073600 2073600 1 12 253987 990720 993600 89184 64421 49307 51075 12 12 12 12 96 4 0 0 
[ 3551.411738] MESSAGE_B= 0 0 0 77 2 3 192 0 248 179 0 1253 1718 1535 1260 1484 1450 1462 1892 325 442 205 275 320 354 337 340 0 12 62 18 31 122 30 195 41 108 2 0 0 0 2 2 2 2 2 3 201182 545260 354218 142312 165654 245540 274104 293576 292170 266598 364072 331824 155590 10736 451808 268048 467560 185804 250846 325326 2073600 2073600 3 12 257976 994560 993600 92965 65791 49711 49509 12 12 12 12 94 4 0 0 
[ 3551.698408] MESSAGE_B= 0 0 0 76 2 2 192 0 248 179 0 1002 1610 1518 1185 1707 1438 1414 1745 67 256 227 222 339 363 404 320 0 12 46 48 111 87 41 146 99 170 2 0 0 0 2 2 2 2 2 2 159040 451166 354218 142312 165654 245540 274104 293576 292170 266598 364072 331824 155590 10736 451808 268048 467560 185804 250846 325326 2073600 2073600 1 12 252091 990720 993600 89508 65153 44087 53343 12 12 12 12 89 4 0 0 
[ 3551.975963] MESSAGE_B= 0 0 0 75 2 2 192 0 248 179 0 590 803 1172 696 1364 1049 1024 909 376 545 761 438 831 526 546 592 0 31 151 223 169 141 169 65 5 212 0 0 0 0 0 0 0 0 2 2 152156 625256 354218 142312 165654 245540 274104 293576 292170 266598 364072 331824 155590 10736 451808 268048 467560 185804 250846 325326 2073600 2073600 1 12 239346 994560 993600 79301 60947 42070 57028 12 12 12 12 88 4 0 0 
[ 3552.255962] MESSAGE_B= 0 0 0 75 2 2 192 0 248 179 0 667 738 1265 755 1357 1088 1034 706 391 511 827 482 823 534 553 538 0 31 187 210 164 133 135 116 15 227 0 0 0 0 0 0 0 0 2 2 167128 470818 354218 142312 165654 245540 274104 293576 292170 266598 364072 331824 155590 10736 451808 268048 467560 185804 250846 325326 2073600 2073600 1 12 242462 990720 993600 79047 58067 43001 62347 12 12 12 12 94 4 0 0 
[ 3552.541999] MESSAGE_B= 0 0 0 76 1 2 192 0 248 179 0 641 687 1353 806 1233 1126 1036 627 371 489 871 519 752 561 539 540 0 31 203 215 164 153 163 146 20 229 0 0 0 0 0 0 0 0 1 2 215140 557186 301994 127886 194722 277360 322612 416936 178602 207342 332032 264286 99466 29792 191370 218230 162812 221084 502216 215858 2073600 2073600 3 12 251483 994560 993600 84240 54592 46511 66140 12 12 12 12 95 4 0 0 
[ 3552.697956] MESSAGE_B= 0 0 0 76 1 2 192 0 248 179 0 578 719 1355 823 1150 1140 1019 596 332 523 860 524 734 571 520 540 0 31 221 211 160 165 162 174 3 228 0 0 0 0 0 0 0 0 1 2 255486 506930 301994 127886 194722 277360 322612 416936 178602 207342 332032 264286 99466 29792 191370 218230 162812 221084 502216 215858 2073600 2073600 3 12 256515 990720 993600 86470 53957 48428 67660 12 12 12 12 95 4 0 0 
[ 3552.984999] MESSAGE_B= 0 0 0 76 1 2 192 0 248 179 0 443 819 1322 831 1027 1115 1003 570 256 561 818 513 730 573 504 539 0 31 227 210 154 169 180 183 30 217 0 0 0 0 0 0 0 0 1 2 240462 537140 301994 127886 194722 277360 322612 416936 178602 207342 332032 264286 99466 29792 191370 218230 162812 221084 502216 215858 2073600 2073600 3 12 262823 994560 993600 88408 51904 53090 69421 12 12 12 12 95 4 0 0 
[ 3553.263965] MESSAGE_B= 0 0 0 75 1 3 192 0 248 179 0 402 854 1224 871 919 1096 959 564 321 558 730 532 694 574 504 542 0 31 164 206 158 168 175 178 73 195 0 0 0 0 0 0 0 0 1 3 222076 501634 301994 127886 194722 277360 322612 416936 178602 207342 332032 264286 99466 29792 191370 218230 162812 221084 502216 215858 2073600 2073600 3 12 269457 990720 993600 89271 51983 57372 70831 12 12 12 12 93 4 0 0 
[ 3553.550956] MESSAGE_B= 0 0 0 75 2 3 192 0 248 179 0 473 842 1161 966 757 1110 916 653 536 559 687 620 569 586 500 565 0 31 123 183 152 185 153 184 106 124 0 0 0 0 0 0 0 0 2 3 259790 458846 301994 127886 194722 277360 322612 416936 178602 207342 332032 264286 99466 29792 191370 218230 162812 221084 502216 215858 2073600 2073600 3 12 271540 994560 993600 88195 51413 61121 70811 12 12 12 12 88 4 0 0 
[ 3553.827963] MESSAGE_B= 0 0 0 76 2 4 192 0 248 179 0 549 815 1105 1175 719 1098 896 758 708 548 656 741 472 603 492 634 0 31 123 181 129 174 154 181 125 84 0 0 0 0 0 0 0 0 2 4 214674 509398 301994 127886 194722 277360 322612 416936 178602 207342 332032 264286 99466 29792 191370 218230 162812 221084 502216 215858 2073600 2073600 3 12 269690 990720 993600 87907 49547 62863 69373 12 12 12 12 86 4 0 0 
[ 3554.107993] MESSAGE_B= 0 0 0 78 2 3 192 0 248 179 0 1431 1418 1674 2013 1567 1376 1486 1492 676 329 131 327 467 408 324 488 0 12 45 2 86 45 82 167 88 200 2 0 0 0 2 2 2 2 2 3 288992 453418 301994 127886 194722 277360 322612 416936 178602 207342 332032 264286 99466 29792 191370 218230 162812 221084 502216 215858 2073600 2073600 3 12 269152 994560 993600 87068 49040 64690 68354 12 12 12 12 85 4 0 0 
[ 3554.387955] MESSAGE_B= 0 0 0 79 2 2 192 0 248 179 0 558 791 1087 1531 965 943 862 986 582 600 643 961 706 539 489 732 0 31 168 175 61 136 123 191 152 107 0 0 0 0 0 0 0 0 2 2 192374 521726 301994 127886 194722 277360 322612 416936 178602 207342 332032 264286 99466 29792 191370 218230 162812 221084 502216 215858 2073600 2073600 1 12 262151 990720 993600 86310 47725 63618 64498 12 12 12 12 86 5 0 0 
[ 3554.670211] MESSAGE_B= 0 0 0 79 2 2 192 0 248 179 0 585 763 1082 1544 1142 804 723 1078 555 576 652 975 822 517 475 776 0 31 185 194 110 204 120 215 210 95 0 0 0 0 0 0 0 0 2 2 309982 491566 301994 127886 194722 277360 322612 416936 178602 207342 332032 264286 99466 29792 191370 218230 162812 221084 502216 215858 2073600 2073600 1 12 260795 994560 993600 86938 47164 61259 65434 12 12 12 12 88 4 0 0 
[ 3554.825950] MESSAGE_B= 0 0 0 78 2 2 192 0 248 179 0 586 754 1072 1512 1154 809 700 1137 515 565 656 975 790 511 465 862 0 31 196 209 115 205 121 215 222 131 0 0 0 0 0 0 0 0 2 2 200278 503046 195886 96114 16520 253846 202174 175206 153814 236370 197374 311850 299502 34850 281428 274100 304592 220458 335986 326536 2073600 2073600 1 12 263019 990720 993600 86574 48574 61897 65974 12 12 12 12 88 4 0 0 
[ 3555.104954] MESSAGE_B= 0 7 0 78 2 2 192 0 248 179 0 585 743 1051 1421 1178 831 661 1263 468 542 655 929 799 511 453 954 0 31 216 205 107 200 100 211 226 146 0 0 0 0 0 0 0 0 2 2 309770 497194 195886 96114 16520 253846 202174 175206 153814 236370 197374 311850 299502 34850 281428 274100 304592 220458 335986 326536 2073600 2073600 1 12 264146 994560 993600 86331 52351 60011 65453 12 12 12 12 88 4 4 20 
[ 3555.383952] MESSAGE_B= 0 0 0 78 2 3 192 0 248 179 0 576 735 1012 1329 1188 907 665 1414 415 527 631 882 819 537 461 1049 0 31 232 177 98 197 78 200 226 164 0 0 0 0 0 0 0 0 2 3 197462 487796 195886 96114 16520 253846 202174 175206 153814 236370 197374 311850 299502 34850 281428 274100 304592 220458 335986 326536 2073600 2073600 3 12 266722 990720 993600 86127 54736 61701 64158 12 12 12 12 99 4 0 0 
[ 3555.662969] MESSAGE_B= 0 7 0 78 2 3 192 0 248 179 0 623 732 998 1231 1279 1028 656 1319 446 522 629 831 892 605 461 995 0 31 236 179 94 210 48 201 216 165 0 0 0 0 0 0 0 0 2 3 274158 511644 195886 96114 16520 253846 202174 175206 153814 236370 197374 311850 299502 34850 281428 274100 304592 220458 335986 326536 2073600 2073600 3 12 259361 994560 993600 85647 53421 52950 67343 12 12 12 12 108 4 4 20 
[ 3555.939959] MESSAGE_B= 0 7 0 77 2 3 192 0 248 179 0 660 741 1028 1133 1174 1101 674 1488 431 537 668 855 753 682 485 1108 0 31 248 187 128 210 56 206 211 178 0 0 0 0 0 0 0 0 2 3 204444 491552 195886 96114 16520 253846 202174 175206 153814 236370 197374 311850 299502 34850 281428 274100 304592 220458 335986 326536 2073600 2073600 3 12 261694 990720 993600 80498 56807 58497 65892 12 12 12 12 118 4 4 20 
[ 3556.217956] MESSAGE_B= 0 0 0 78 3 4 192 0 248 179 0 696 742 1082 1051 1280 1128 666 1069 443 536 728 744 875 769 496 837 0 31 244 216 118 221 70 223 192 213 0 0 0 0 0 0 0 0 3 4 222706 519516 195886 96114 16520 253846 202174 175206 153814 236370 197374 311850 299502 34850 281428 274100 304592 220458 335986 326536 2073600 2073600 3 12 265622 994560 993600 79003 54085 57750 74784 12 12 12 12 124 4 4 0 
[ 3556.496958] MESSAGE_B= 0 0 0 75 3 2 192 0 248 179 0 1685 785 1020 892 1299 836 500 675 982 647 668 512 763 589 331 388 0 31 235 157 227 228 149 232 176 95 0 0 0 0 0 0 0 0 3 2 193808 549390 195886 96114 16520 253846 202174 175206 153814 236370 197374 311850 299502 34850 281428 274100 304592 220458 335986 326536 2073600 2073600 2 0 222320 990720 993600 59871 57402 65471 61517 12 0 0 12 134 4 4 0 
[ 3556.774964] MESSAGE_B= 0 0 0 68 2 2 192 0 248 179 0 749 16 655 16 434 16 474 16 895 0 787 0 270 0 379 0 0 0 253 0 167 0 251 215 98 0 2 2 0 2 2 0 0 1 2 2 324556 453756 195886 96114 16520 253846 202174 175206 153814 236370 197374 311850 299502 34850 281428 274100 304592 220458 335986 326536 2073600 2073600 1 0 294772 994560 993600 71612 74011 75264 73885 0 0 0 0 134 0 0 0 
[ 3557.051955] MESSAGE_B= 0 4 0 67 2 1 192 0 248 179 0 602 1359 1040 743 467 928 698 669 342 784 603 421 266 543 405 387 0 31 250 253 252 255 94 132 116 136 0 0 0 0 0 0 0 0 2 1 503170 643556 195886 96114 16520 253846 202174 175206 153814 236370 197374 311850 299502 34850 281428 274100 304592 220458 335986 326536 2073600 2073600 2 12 239546 990720 993600 60060 53779 72490 54236 12 0 12 0 76 4 4 4 
[ 3557.329971] MESSAGE_B= 0 4 0 68 2 1 192 0 248 179 0 1025 1071 1082 815 764 713 780 737 584 629 632 465 453 412 451 421 0 31 250 252 241 254 126 89 59 77 0 0 0 0 0 0 0 0 2 1 400840 611892 538300 72272 29628 152496 189962 237104 244680 514148 568346 436646 133926 22700 331564 231928 204640 149702 381638 580366 2073600 2073600 2 12 207850 994560 993600 55362 43173 67537 41778 12 12 12 12 85 4 4 4 
[ 3557.608775] MESSAGE_B= 0 0 0 66 1 1 192 0 248 179 0 1718 930 1035 826 1106 647 833 558 988 544 610 475 674 373 485 336 0 31 251 239 234 249 127 72 40 152 0 0 0 0 0 0 0 0 1 1 406938 620344 538300 72272 29628 152496 189962 237104 244680 514148 568346 436646 133926 22700 331564 231928 204640 149702 381638 580366 2073600 2073600 1 12 209936 990720 993600 48058 46931 57534 57413 12 12 12 12 85 4 4 0 
[ 3557.885975] MESSAGE_B= 0 4 4 67 3 1 192 0 248 179 0 1525 989 1063 637 1037 696 829 363 874 574 624 365 637 401 482 218 0 31 252 247 246 249 136 74 66 126 0 0 0 0 0 0 0 0 3 1 411114 619604 538300 72272 29628 152496 189962 237104 244680 514148 568346 436646 133926 22700 331564 231928 204640 149702 381638 580366 2073600 2073600 2 12 234481 994560 993600 45651 61588 53352 73890 12 12 12 12 66 4 4 4 
[ 3558.041998] MESSAGE_B= 0 0 4 68 2 1 192 0 248 179 0 1930 1633 1508 1114 1271 1270 1155 1065 79 157 156 211 231 134 197 171 0 12 114 119 75 35 61 170 5 78 0 2 0 2 2 2 2 2 2 1 311746 573234 538300 72272 29628 152496 189962 237104 244680 514148 568346 436646 133926 22700 331564 231928 204640 149702 381638 580366 2073600 2073600 2 12 255956 990720 993600 51073 69019 60442 81926 0 12 12 12 69 0 0 0 
[ 3558.322955] MESSAGE_B= 0 0 4 71 1 2 192 0 248 179 0 1682 1677 1475 911 1020 1249 1117 1187 102 177 131 87 216 114 212 268 0 12 228 26 102 126 83 29 89 51 0 2 0 2 2 2 2 2 1 2 408258 646258 538300 72272 29628 152496 189962 237104 244680 514148 568346 436646 133926 22700 331564 231928 204640 149702 381638 580366 2073600 2073600 3 12 290985 994560 993600 44777 76630 77130 92448 12 12 12 12 74 0 0 0 
[ 3558.602954] MESSAGE_B= 0 0 0 69 1 1 192 0 248 179 0 1548 2635 1969 1037 1021 2076 1566 1018 174 142 102 185 93 260 222 233 0 12 28 2 108 65 126 56 45 157 0 2 0 2 2 2 2 2 1 1 190976 607546 538300 72272 29628 152496 189962 237104 244680 514148 568346 436646 133926 22700 331564 231928 204640 149702 381638 580366 2073600 2073600 1 12 248776 990720 993600 35605 72071 59126 81974 12 12 12 12 129 0 0 0 
[ 3558.884956] MESSAGE_B= 0 4 0 100 0 2 192 0 248 179 0 1413 2647 2192 843 1227 2289 1783 887 810 1521 1257 485 717 1319 1034 511 0 31 255 253 254 254 115 103 107 134 0 0 0 0 0 0 0 0 0 2 425792 593230 538300 72272 29628 152496 189962 237104 244680 514148 568346 436646 133926 22700 331564 231928 204640 149702 381638 580366 2073600 2073600 3 12 145419 994560 993600 33518 41397 35746 37846 12 12 16 15 129 4 4 4 
[ 3559.165957] MESSAGE_B= 0 4 0 130 0 2 192 0 248 179 0 1470 2642 2413 1122 1291 2476 2182 987 864 1517 1384 662 751 1424 1258 570 0 31 249 248 254 254 89 93 98 66 0 0 0 0 0 0 0 0 0 2 288144 532714 538300 72272 29628 152496 189962 237104 244680 514148 568346 436646 133926 22700 331564 231928 204640 149702 381638 580366 2073600 2073600 3 12 136317 990720 993600 32910 35381 32630 35396 12 12 12 12 105 4 4 4 
[ 3559.443965] MESSAGE_B= 0 4 0 147 0 3 192 0 248 179 0 1433 2649 2636 1354 1237 2502 2395 1073 825 1521 1514 785 719 1443 1388 620 0 31 254 251 254 253 121 104 107 105 0 0 0 0 0 0 0 0 0 3 186834 530740 538300 72272 29628 152496 189962 237104 244680 514148 568346 436646 133926 22700 331564 231928 204640 149702 381638 580366 2073600 2073600 3 12 139656 994560 993600 32621 32758 36808 37469 12 12 12 12 59 4 4 4 
[ 3559.722957] MESSAGE_B= 0 4 4 175 0 3 192 0 248 179 0 1474 2710 2720 1603 1158 2508 2537 1208 855 1558 1566 931 686 1447 1470 736 0 31 254 253 253 246 161 114 122 168 0 0 0 0 0 0 0 0 0 3 128432 476160 253434 169808 317260 533620 502144 546530 144976 240270 233938 93134 347934 551738 458380 452008 422872 331974 224696 280966 2073600 2073600 3 12 138784 990720 993600 33450 32752 37271 35311 12 12 12 12 67 4 4 4 
[ 3560.002551] MESSAGE_B= 0 4 4 188 0 1 192 0 248 179 0 1169 2654 2620 1046 885 2497 2514 863 695 1527 1507 628 530 1436 1452 535 0 31 248 245 249 240 177 106 112 199 0 0 0 0 0 0 0 0 0 1 84316 490238 253434 169808 317260 533620 502144 546530 144976 240270 233938 93134 347934 551738 458380 452008 422872 331974 224696 280966 2073600 2073600 3 12 178645 994560 993600 39588 41700 47920 49437 12 12 12 12 77 4 4 4 
[ 3560.279962] MESSAGE_B= 0 4 4 200 0 1 192 0 248 179 0 900 2659 2773 737 653 2726 2747 598 533 1541 1604 437 389 1570 1591 371 0 31 242 242 244 236 163 85 76 193 0 0 0 0 0 0 0 0 0 1 86956 583066 253434 169808 317260 533620 502144 546530 144976 240270 233938 93134 347934 551738 458380 452008 422872 331974 224696 280966 2073600 2073600 3 12 209962 990720 993600 45348 52375 54972 57267 12 12 12 12 77 4 4 4 
[ 3560.439427] MESSAGE_B= 0 4 4 205 0 1 192 0 248 179 0 971 2545 2729 885 837 2695 2740 757 580 1490 1595 514 486 1558 1598 458 0 31 239 251 250 244 160 81 65 147 0 0 0 0 0 0 0 0 0 1 212322 491210 253434 169808 317260 533620 502144 546530 144976 240270 233938 93134 347934 551738 458380 452008 422872 331974 224696 280966 2073600 2073600 3 12 208155 994560 993600 47059 51442 53666 55988 12 12 12 12 77 4 4 4 
[ 3560.725771] MESSAGE_B= 0 4 4 208 0 1 192 0 248 179 0 1231 2392 2603 1349 1320 2560 2627 1209 759 1415 1538 776 774 1488 1546 758 0 31 229 250 249 237 169 74 55 130 0 0 0 0 0 0 0 0 0 1 200164 551248 253434 169808 317260 533620 502144 546530 144976 240270 233938 93134 347934 551738 458380 452008 422872 331974 224696 280966 2073600 2073600 3 12 184553 990720 993600 43288 45992 46603 48670 12 12 12 12 68 4 4 4 
[ 3561.003963] MESSAGE_B= 0 4 4 214 0 1 192 0 248 179 0 1450 2276 2504 1649 1632 2448 2539 1506 868 1357 1492 954 999 1431 1506 995 0 31 233 250 239 227 183 69 50 143 0 0 0 0 0 0 0 0 0 1 181582 566918 253434 169808 317260 533620 502144 546530 144976 240270 233938 93134 347934 551738 458380 452008 422872 331974 224696 280966 2073600 2073600 3 12 158495 994560 993600 37258 39251 39347 44806 12 12 12 24 52 4 4 4 
[ 3561.288499] MESSAGE_B= 0 7 4 224 0 1 192 0 248 179 0 1580 2204 2437 1756 1741 2377 2478 1642 921 1318 1457 1019 1090 1393 1476 1087 0 31 242 248 233 227 176 69 49 144 0 0 0 0 0 0 0 0 0 1 210350 515348 253434 169808 317260 533620 502144 546530 144976 240270 233938 93134 347934 551738 458380 452008 422872 331974 224696 280966 2073600 2073600 3 12 137859 990720 993600 32982 34586 36328 42130 12 12 23 24 29 4 4 20 
[ 3561.575123] MESSAGE_B= 0 7 4 228 0 2 192 0 248 179 0 1608 2188 2422 1816 1765 2359 2457 1707 932 1306 1446 1054 1114 1382 1465 1125 0 31 244 247 231 228 169 70 50 147 0 0 0 0 0 0 0 0 0 2 170068 592316 253434 169808 317260 533620 502144 546530 144976 240270 233938 93134 347934 551738 458380 452008 422872 331974 224696 280966 2073600 2073600 3 12 132244 994560 993600 33002 32984 38152 40800 12 23 23 24 13 4 4 20 
[ 3561.853965] MESSAGE_B= 0 7 4 228 0 2 192 0 248 179 0 1604 2188 2421 1819 1756 2358 2455 1702 930 1306 1446 1054 1111 1382 1463 1127 0 31 244 247 231 228 169 71 50 149 0 0 0 0 0 0 0 0 0 2 203036 515548 253434 169808 317260 533620 502144 546530 144976 240270 233938 93134 347934 551738 458380 452008 422872 331974 224696 280966 2073600 2073600 3 12 132492 990720 993600 33111 33012 38047 40765 12 23 23 24 8 4 4 20 
[ 3562.133974] MESSAGE_B= 0 7 4 228 0 2 192 0 248 179 0 1598 2185 2419 1818 1742 2356 2450 1694 925 1304 1446 1055 1106 1380 1462 1125 0 31 244 247 230 227 170 72 51 151 0 0 0 0 0 0 0 0 0 2 174108 606524 304418 139798 63600 234352 252228 291170 444464 81644 289250 219440 64756 96882 311370 259864 255346 348126 213744 217210 2073600 2073600 3 12 132849 994560 993600 33236 33042 37916 40749 12 23 23 24 8 4 4 20 
[ 3562.291963] MESSAGE_B= 0 7 4 228 0 2 192 0 248 179 0 1596 2184 2420 1820 1735 2355 2448 1691 923 1304 1445 1055 1105 1380 1462 1127 0 31 245 248 230 227 170 72 51 152 0 0 0 0 0 0 0 0 0 2 204984 520240 304418 139798 63600 234352 252228 291170 444464 81644 289250 219440 64756 96882 311370 259864 255346 348126 213744 217210 2073600 2073600 3 12 132961 990720 993600 33299 32982 37836 40773 12 23 23 24 8 4 4 20 
[ 3562.569959] MESSAGE_B= 0 7 4 228 0 2 192 0 248 179 0 1593 2185 2420 1824 1728 2356 2447 1691 923 1303 1446 1057 1104 1379 1460 1128 0 31 245 248 230 226 169 73 51 154 0 0 0 0 0 0 0 0 0 2 176662 612740 304418 139798 63600 234352 252228 291170 444464 81644 289250 219440 64756 96882 311370 259864 255346 348126 213744 217210 2073600 2073600 3 12 132974 994560 993600 33348 32997 37716 40888 12 23 23 24 8 4 4 20 
[ 3562.849955] MESSAGE_B= 0 7 4 227 0 2 192 0 248 179 0 1590 2184 2420 1828 1718 2355 2444 1688 921 1302 1445 1060 1100 1380 1460 1132 0 31 245 248 230 226 169 73 52 156 0 0 0 0 0 0 0 0 0 2 205390 525830 304418 139798 63600 234352 252228 291170 444464 81644 289250 219440 64756 96882 311370 259864 255346 348126 213744 217210 2073600 2073600 3 12 133362 990720 993600 33475 33218 37570 40898 12 23 23 24 9 4 4 20 
[ 3563.132973] MESSAGE_B= 0 7 4 227 0 2 192 0 248 179 0 1581 2179 2418 1826 1702 2353 2439 1678 914 1301 1444 1060 1096 1377 1458 1131 0 31 245 248 229 225 170 74 53 159 0 0 0 0 0 0 0 0 0 2 180056 617578 304418 139798 63600 234352 252228 291170 444464 81644 289250 219440 64756 96882 311370 259864 255346 348126 213744 217210 2073600 2073600 3 12 133850 994560 993600 33638 33143 37498 40665 12 23 23 24 9 4 4 20 
[ 3563.419046] MESSAGE_B= 0 7 4 226 0 2 192 0 248 179 0 1530 2155 2403 1795 1648 2337 2423 1630 886 1293 1443 1045 1081 1372 1455 1129 0 31 244 247 226 220 173 72 51 164 0 0 0 0 0 0 0 0 0 2 205560 530160 304418 139798 63600 234352 252228 291170 444464 81644 289250 219440 64756 96882 311370 259864 255346 348126 213744 217210 2073600 2073600 3 12 137132 990720 993600 34853 32767 36680 40119 12 12 23 24 12 4 4 20 
[ 3563.696968] MESSAGE_B= 0 7 4 222 0 2 192 0 248 179 0 1429 2104 2367 1723 1544 2304 2390 1531 830 1277 1439 1006 1057 1358 1449 1123 0 31 241 244 219 210 178 69 46 174 0 0 0 0 0 0 0 0 0 2 181692 622538 304418 139798 63600 234352 252228 291170 444464 81644 289250 219440 64756 96882 311370 259864 255346 348126 213744 217210 2073600 2073600 3 12 150513 994560 993600 38842 35520 37905 38825 12 12 12 24 16 4 4 20 
[ 3563.977958] MESSAGE_B= 0 7 4 217 0 1 192 0 248 179 0 1237 2022 2319 1581 1366 2237 2324 1347 727 1247 1431 935 1015 1334 1441 1108 0 31 236 240 202 191 194 67 42 188 0 0 0 0 0 0 0 0 0 1 203760 541600 304418 139798 63600 234352 252228 291170 444464 81644 289250 219440 64756 96882 311370 259864 255346 348126 213744 217210 2073600 2073600 3 12 175543 990720 993600 45222 38072 45225 47024 12 12 12 12 17 4 4 20 
[ 3564.256954] MESSAGE_B= 0 7 4 215 0 1 192 0 248 179 0 993 1910 2242 1357 1183 2123 2205 1159 598 1189 1391 824 972 1284 1413 1050 0 31 231 235 186 179 211 76 48 202 0 0 0 0 0 0 0 0 0 1 160958 599662 304418 139798 63600 234352 252228 291170 444464 81644 289250 219440 64756 96882 311370 259864 255346 348126 213744 217210 2073600 2073600 3 12 204515 994560 993600 52591 42327 53585 56012 12 12 12 12 26 4 4 20 
[ 3564.415254] MESSAGE_B= 0 7 4 214 0 1 192 0 248 179 0 848 1791 2148 1184 1074 2007 2092 1043 520 1125 1336 734 925 1225 1370 982 0 31 227 232 181 177 223 88 56 208 0 0 0 0 0 0 0 0 0 1 203096 527922 316516 165400 228822 309330 242724 380618 457036 108002 299820 226930 362560 151974 219656 228070 214482 418244 243802 235348 2073600 2073600 3 12 217764 990720 993600 55482 46040 56325 59917 12 12 12 12 33 4 4 20 
[ 3564.712956] MESSAGE_B= 0 0 4 218 0 1 192 0 248 179 0 632 1516 1893 907 890 1738 1857 849 406 973 1184 580 810 1071 1237 829 0 31 222 233 176 180 233 109 70 216 0 0 0 0 0 0 0 0 0 1 165762 555226 316516 165400 228822 309330 242724 380618 457036 108002 299820 226930 362560 151974 219656 228070 214482 418244 243802 235348 2073600 2073600 3 12 237195 994560 993600 62449 51328 59502 63916 12 12 12 12 40 4 4 0 
[ 3564.991962] MESSAGE_B= 0 7 4 218 0 1 192 0 248 179 0 466 1174 1499 676 691 1367 1489 652 307 762 939 438 639 848 996 644 0 31 219 234 175 183 234 123 79 219 0 0 0 0 0 0 0 0 0 1 186296 519716 316516 165400 228822 309330 242724 380618 457036 108002 299820 226930 362560 151974 219656 228070 214482 418244 243802 235348 2073600 2073600 3 12 253416 990720 993600 66993 56444 62611 67368 12 12 12 12 54 4 4 20 
[ 3565.269958] MESSAGE_B= 0 0 4 214 1 1 192 0 248 179 0 913 1153 1414 1030 1205 1314 1510 1186 173 209 162 122 201 111 57 110 0 12 158 220 45 74 213 34 113 9 2 2 2 2 2 2 2 2 1 1 171510 550298 316516 165400 228822 309330 242724 380618 457036 108002 299820 226930 362560 151974 219656 228070 214482 418244 243802 235348 2073600 2073600 1 12 294941 994560 993600 77111 70629 73390 73811 12 12 12 12 98 0 0 0 
[ 3565.552230] MESSAGE_B= 0 7 4 183 1 2 192 0 248 179 0 0 0 0 0 0 0 0 0 0 0 0 0 0 0 0 0 1 12 0 0 0 0 0 0 0 0 1 1 1 1 1 1 1 1 1 2 179288 519234 316516 165400 228822 309330 242724 380618 457036 108002 299820 226930 362560 151974 219656 228070 214482 418244 243802 235348 2073600 2073600 3 12 512416 990720 993600 128104 128104 128104 128104 12 12 12 12 115 0 0 0 
[ 3565.825960] MESSAGE_B= 0 7 4 223 1 1 192 0 248 179 0 0 0 0 0 0 0 0 0 0 0 0 0 0 0 0 0 1 12 0 0 0 0 0 0 0 0 1 1 1 1 1 1 1 1 1 1 51620 552824 316516 165400 228822 309330 242724 380618 457036 108002 299820 226930 362560 151974 219656 228070 214482 418244 243802 235348 2073600 2073600 1 12 512416 994560 993600 128104 128104 128104 128104 12 12 12 12 115 0 0 0 
[ 3566.098951] MESSAGE_B= 4 7 4 255 1 0 192 0 248 179 0 0 0 0 0 0 0 0 0 0 0 0 0 0 0 0 0 1 12 0 0 0 0 0 0 0 0 1 1 1 1 1 1 1 1 1 0 0 0 316516 165400 228822 309330 242724 380618 457036 108002 299820 226930 362560 151974 219656 228070 214482 418244 243802 235348 2073600 2073600 4 12 512416 990720 993600 128104 128104 128104 128104 12 12 12 12 0 0 0 0 
[ 3566.380365] MESSAGE_B= 4 7 4 255 1 1 192 0 248 179 0 0 0 0 0 0 0 0 0 0 0 0 0 0 0 0 0 1 12 0 0 0 0 0 0 0 0 1 1 1 1 1 1 1 1 1 1 0 14 316516 165400 228822 309330 242724 380618 457036 108002 299820 226930 362560 151974 219656 228070 214482 418244 243802 235348 2073600 2073600 4 12 512416 994560 993600 128104 128104 128104 128104 12 12 12 12 0 0 0 0 
[ 3566.656973] MESSAGE_B= 4 7 4 255 1 1 192 0 248 179 0 0 0 0 0 0 0 0 0 0 0 0 0 0 0 0 0 1 12 0 0 0 0 0 0 0 0 1 1 1 1 1 1 1 1 1 1 0 0 316516 165400 228822 309330 242724 380618 457036 108002 299820 226930 362560 151974 219656 228070 214482 418244 243802 235348 2073600 2073600 4 12 512416 990720 993600 128104 128104 128104 128104 12 12 12 12 0 0 0 0 
[ 3566.937441] MESSAGE_B= 4 7 4 255 1 0 192 0 248 179 0 0 0 0 0 0 0 0 0 0 0 0 0 0 0 0 0 1 12 0 0 0 0 0 0 0 0 1 1 1 1 1 1 1 1 1 0 0 0 8 182162 474770 265504 264400 40 119110 1350 36 1588 322710 58004 205896 176200 3214 129572 16578 1720 2073600 2073600 4 12 512416 994560 993600 128104 128104 128104 128104 12 12 12 12 0 0 0 0 
[ 3567.087956] MESSAGE_B= 4 7 4 255 1 1 192 0 248 179 0 0 0 0 0 0 0 0 0 0 0 0 0 0 0 0 0 1 12 0 0 0 0 0 0 0 0 1 1 1 1 1 1 1 1 1 1 0 0 8 182162 474770 265504 264400 40 119110 1350 36 1588 322710 58004 205896 176200 3214 129572 16578 1720 2073600 2073600 4 12 512416 990720 993600 128104 128104 128104 128104 12 12 12 12 0 0 0 0 
[ 3567.360948] MESSAGE_B= 4 7 4 255 1 0 192 0 248 179 0 0 0 0 0 0 0 0 0 0 0 0 0 0 0 0 0 1 12 0 0 0 0 0 0 0 0 1 1 1 1 1 1 1 1 1 0 0 0 8 182162 474770 265504 264400 40 119110 1350 36 1588 322710 58004 205896 176200 3214 129572 16578 1720 2073600 2073600 4 12 512416 994560 993600 128104 128104 128104 128104 12 12 12 12 0 0 0 0 
[ 3567.632949] MESSAGE_B= 4 7 4 255 1 0 192 0 248 179 0 0 0 0 0 0 0 0 0 0 0 0 0 0 0 0 0 1 12 0 0 0 0 0 0 0 0 1 1 1 1 1 1 1 1 1 0 0 0 8 182162 474770 265504 264400 40 119110 1350 36 1588 322710 58004 205896 176200 3214 129572 16578 1720 2073600 2073600 4 12 512416 990720 993600 128104 128104 128104 128104 12 12 12 12 0 0 0 0 
[ 3567.913948] MESSAGE_B= 4 7 4 255 1 1 192 0 248 179 0 0 0 0 0 0 0 0 0 0 0 0 0 0 0 0 0 1 12 0 0 0 0 0 0 0 0 1 1 1 1 1 1 1 1 1 1 0 0 8 182162 474770 265504 264400 40 119110 1350 36 1588 322710 58004 205896 176200 3214 129572 16578 1720 2073600 2073600 4 12 512416 994560 993600 128104 128104 128104 128104 12 12 12 12 0 0 0 0 
[ 3568.184962] MESSAGE_B= 4 7 4 255 1 1 192 0 248 179 0 0 0 0 0 0 0 0 0 0 0 0 0 0 0 0 0 1 12 0 0 0 0 0 0 0 0 1 1 1 1 1 1 1 1 1 1 0 0 8 182162 474770 265504 264400 40 119110 1350 36 1588 322710 58004 205896 176200 3214 129572 16578 1720 2073600 2073600 4 12 512416 990720 993600 128104 128104 128104 128104 12 12 12 12 0 0 0 0 
[ 3568.457147] MESSAGE_B= 4 7 4 255 1 1 192 0 248 179 0 0 0 0 0 0 0 0 0 0 0 0 0 0 0 0 0 1 12 0 0 0 0 0 0 0 0 1 1 1 1 1 1 1 1 1 1 0 0 8 182162 474770 265504 264400 40 119110 1350 36 1588 322710 58004 205896 176200 3214 129572 16578 1720 2073600 2073600 4 12 512416 994560 993600 128104 128104 128104 128104 12 12 12 12 0 0 0 0 
[ 3568.727950] MESSAGE_B= 4 7 4 255 1 0 192 0 248 179 0 0 0 0 0 0 0 0 0 0 0 0 0 0 0 0 0 1 12 0 0 0 0 0 0 0 0 1 1 1 1 1 1 1 1 1 0 0 0 8 182162 474770 265504 264400 40 119110 1350 36 1588 322710 58004 205896 176200 3214 129572 16578 1720 2073600 2073600 4 12 512416 990720 993600 128104 128104 128104 128104 12 12 12 12 0 0 0 0 
[ 3568.886956] MESSAGE_B= 4 7 4 255 1 1 192 0 248 179 0 0 0 0 0 0 0 0 0 0 0 0 0 0 0 0 0 1 12 0 0 0 0 0 0 0 0 1 1 1 1 1 1 1 1 1 1 0 0 8 182162 474770 265504 264400 40 119110 1350 36 1588 322710 58004 205896 176200 3214 129572 16578 1720 2073600 2073600 4 12 512416 994560 993600 128104 128104 128104 128104 12 12 12 12 0 0 0 0 
[ 3569.157948] MESSAGE_B= 4 7 4 255 1 1 192 0 248 179 0 0 0 0 0 0 0 0 0 0 0 0 0 0 0 0 0 1 12 0 0 0 0 0 0 0 0 1 1 1 1 1 1 1 1 1 1 0 0 8 226 420018 182 1260 20 118838 1302 32 1600 4206 249618 270 10784 3214 129476 16036 1720 2073600 2073600 4 12 512416 990720 993600 128104 128104 128104 128104 12 12 12 12 0 0 0 0 
[ 3569.430978] MESSAGE_B= 4 7 4 255 1 0 192 0 248 179 0 0 0 0 0 0 0 0 0 0 0 0 0 0 0 0 0 1 12 0 0 0 0 0 0 0 0 1 1 1 1 1 1 1 1 1 0 0 0 8 226 420018 182 1260 20 118838 1302 32 1600 4206 249618 270 10784 3214 129476 16036 1720 2073600 2073600 4 12 512416 994560 993600 128104 128104 128104 128104 12 12 12 12 0 0 0 0 
[ 3569.709991] MESSAGE_B= 4 7 4 255 1 1 192 0 248 179 0 0 0 0 0 0 0 0 0 0 0 0 0 0 0 0 0 1 12 0 0 0 0 0 0 0 0 1 1 1 1 1 1 1 1 1 1 0 0 8 226 420018 182 1260 20 118838 1302 32 1600 4206 249618 270 10784 3214 129476 16036 1720 2073600 2073600 4 12 512416 990720 993600 128104 128104 128104 128104 12 12 12 12 0 0 0 0 
[ 3569.984057] MESSAGE_B= 4 7 4 255 1 1 192 0 248 179 0 0 0 0 0 0 0 0 0 0 0 0 0 0 0 0 0 1 12 0 0 0 0 0 0 0 0 1 1 1 1 1 1 1 1 1 1 0 0 8 226 420018 182 1260 20 118838 1302 32 1600 4206 249618 270 10784 3214 129476 16036 1720 2073600 2073600 4 12 512416 994560 993600 128104 128104 128104 128104 12 12 12 12 0 0 0 0 
[ 3570.260306] MESSAGE_B= 4 0 4 255 1 0 192 0 248 179 0 0 0 0 0 0 0 0 0 0 0 0 0 0 0 0 0 1 12 0 0 0 0 0 0 0 0 1 0 0 1 0 1 1 0 1 0 0 0 8 226 420018 182 1260 20 118838 1302 32 1600 4206 249618 270 10784 3214 129476 16036 1720 2073600 2073600 4 12 497548 990720 993600 128104 115853 125487 128104 12 12 12 12 249 0 0 0 
[ 3570.533363] MESSAGE_B= 5 0 4 253 1 2 192 0 248 179 0 2042 0 4001 0 1014 0 4011 0 173 0 49 0 46 0 57 0 0 12 25 0 255 0 0 0 0 114 2 1 2 1 1 1 1 2 1 2 83900 0 8 226 420018 182 1260 20 118838 1302 32 1600 4206 249618 270 10784 3214 129476 16036 1720 2073600 2073600 7 12 385546 994560 993600 127089 65113 112028 81316 12 12 12 12 249 0 0 0 
[ 3570.805966] MESSAGE_B= 0 0 4 214 1 0 192 0 248 179 0 2285 0 3299 0 1500 1929 3254 1722 787 0 444 0 128 696 335 64 0 12 145 0 106 41 80 221 162 0 0 1 0 2 2 2 2 1 1 0 303342 181760 8 226 420018 182 1260 20 118838 1302 32 1600 4206 249618 270 10784 3214 129476 16036 1720 2073600 2073600 2 12 427039 990720 993600 97365 106249 114180 109245 12 12 12 12 152 4 0 0 
[ 3571.079952] MESSAGE_B= 0 0 0 216 6 0 192 0 248 179 0 0 0 0 0 0 118 0 397 0 0 0 0 0 0 0 0 1 12 0 0 0 0 0 90 30 0 0 0 0 0 1 0 0 1 6 0 212828 417214 8 226 420018 182 1260 20 118838 1302 32 1600 4206 249618 270 10784 3214 129476 16036 1720 2073600 2073600 2 12 468401 994560 993600 112096 118145 114768 123392 12 12 12 12 165 4 0 0 
[ 3571.352577] MESSAGE_B= 0 0 0 241 2 3 192 0 248 179 0 0 0 0 0 0 0 0 0 0 0 0 0 0 0 0 0 1 12 0 0 0 0 0 13 0 0 0 0 0 0 1 0 0 1 2 3 145208 183384 8 226 420018 182 1260 20 118838 1302 32 1600 4206 249618 270 10784 3214 129476 16036 1720 2073600 2073600 3 12 483022 990720 993600 121371 120885 113453 127313 12 12 12 12 191 4 0 0 
[ 3571.502023] MESSAGE_B= 0 0 0 250 2 1 192 0 248 179 0 0 0 0 0 0 0 0 0 0 0 0 0 0 0 0 0 1 12 0 0 0 0 0 36 0 0 0 0 0 0 1 0 0 1 2 1 46338 80658 30536 226 420018 134 626 22276 516810 336932 99338 87686 4206 249618 234 10050 518850 643686 293230 141022 2073600 2073600 2 12 489165 994560 993600 122822 120786 117845 127712 12 12 12 12 191 4 0 0 
[ 3571.775958] MESSAGE_B= 0 0 0 251 4 2 192 0 248 179 0 0 0 0 0 0 0 0 0 0 0 0 0 0 0 0 0 1 12 0 0 0 0 0 0 0 0 0 0 1 0 1 0 0 1 4 2 101382 38000 30536 226 420018 134 626 22276 516810 336932 99338 87686 4206 249618 234 10050 518850 643686 293230 141022 2073600 2073600 1 12 501230 990720 993600 125754 123974 123623 127879 12 12 12 12 198 4 0 0 
[ 3572.052950] MESSAGE_B= 0 0 0 253 2 1 192 0 248 179 0 0 0 0 0 0 0 0 0 0 0 0 0 0 0 0 0 1 12 0 0 0 0 0 0 0 0 0 0 0 0 1 0 0 1 2 1 14160 25186 30536 226 420018 134 626 22276 516810 336932 99338 87686 4206 249618 234 10050 518850 643686 293230 141022 2073600 2073600 2 12 506946 994560 993600 126391 126240 126507 127808 12 12 12 12 200 4 0 0 
[ 3572.327949] MESSAGE_B= 0 0 0 254 2 5 192 0 248 179 0 0 0 0 0 0 0 0 0 0 0 0 0 0 0 0 0 1 12 0 0 0 0 0 0 0 0 0 0 0 0 1 0 0 1 2 5 12492 42202 30536 226 420018 134 626 22276 516810 336932 99338 87686 4206 249618 234 10050 518850 643686 293230 141022 2073600 2073600 3 12 509076 990720 993600 127170 127192 127112 127602 12 12 12 12 200 4 0 0 
[ 3572.601956] MESSAGE_B= 0 0 0 254 0 5 192 0 248 179 0 0 0 0 0 0 0 0 0 0 0 0 0 0 0 0 0 1 12 0 0 0 0 0 0 0 0 1 0 0 0 1 0 0 1 0 5 1508 13568 30536 226 420018 134 626 22276 516810 336932 99338 87686 4206 249618 234 10050 518850 643686 293230 141022 2073600 2073600 3 12 510132 994560 993600 127511 127657 127438 127526 12 12 12 12 200 4 0 0 
[ 3572.873959] MESSAGE_B= 4 0 0 254 0 1 192 0 248 179 0 0 0 0 0 0 0 0 0 0 0 0 0 0 0 0 0 1 12 0 0 0 0 0 0 0 0 1 0 0 0 1 0 0 1 0 1 860 12118 30536 226 420018 134 626 22276 516810 336932 99338 87686 4206 249618 234 10050 518850 643686 293230 141022 2073600 2073600 4 12 510686 990720 993600 127684 127744 127592 127666 12 12 12 12 195 4 0 0 
[ 3573.157660] MESSAGE_B= 0 0 0 254 0 8 192 0 248 179 0 0 1786 0 3802 3824 0 2064 0 0 0 0 0 0 0 0 0 1 12 0 8 0 0 0 0 0 0 0 0 1 1 1 0 0 1 0 8 1360 10704 30536 226 420018 134 626 22276 516810 336932 99338 87686 4206 249618 234 10050 518850 643686 293230 141022 2073600 2073600 3 12 506335 994560 993600 125336 125533 127700 127766 12 12 12 12 176 4 0 0 
[ 3573.439258] MESSAGE_B= 4 0 0 220 0 7 192 0 248 179 0 0 2850 0 3830 3840 0 2789 0 0 0 0 0 0 0 0 0 0 12 14 14 0 0 0 7 7 0 0 0 0 0 0 0 0 0 0 7 830 5134 30536 226 420018 134 626 22276 516810 336932 99338 87686 4206 249618 234 10050 518850 643686 293230 141022 2073600 2073600 4 12 403828 990720 993600 97410 97962 103866 104590 12 12 12 12 169 0 0 0 
[ 3573.713195] MESSAGE_B= 4 0 0 72 0 0 192 0 248 179 0 16 16 16 16 16 16 16 16 0 0 0 0 0 0 0 0 0 25 0 0 0 0 0 0 0 0 0 0 0 0 1 1 1 1 0 0 8818 73194 30536 226 420018 134 626 22276 516810 336932 99338 87686 4206 249618 234 10050 518850 643686 293230 141022 2073600 2073600 5 25 382400 994560 993600 95600 95600 95600 95600 25 25 25 25 216 4 0 0 
[ 3573.863955] MESSAGE_B= 0 0 0 253 4 28 192 0 248 179 0 1359 2818 2805 1333 1283 2772 2761 1251 894 1651 1644 874 818 1634 1629 800 0 31 239 238 248 247 220 142 143 220 0 0 0 0 0 0 0 0 4 28 14414 540536 45398 5712 68218 15032 4690 4488 37812 57036 116062 10592 15098 38224 6568 13640 4592 16486 34590 24892 2073600 2073600 1 9 213254 990720 993600 51608 52555 54439 54652 9 9 9 9 216 4 4 4 
[ 3574.140947] MESSAGE_B= 0 0 0 234 3 35 192 0 248 179 0 0 116 0 75 36 70 130 91 0 0 0 0 0 0 0 0 1 12 0 0 0 51 0 0 0 0 0 0 0 0 0 0 0 0 3 35 18930 511292 45398 5712 68218 15032 4690 4488 37812 57036 116062 10592 15098 38224 6568 13640 4592 16486 34590 24892 2073600 2073600 1 12 506181 994560 993600 126598 126251 126811 126521 12 12 12 12 235 4 4 4 
[ 3574.417960] MESSAGE_B= 0 0 0 250 2 50 192 0 248 179 0 0 146 0 198 289 78 118 40 0 0 0 0 0 0 0 0 1 12 0 0 0 0 0 0 0 0 0 0 1 1 1 0 0 0 2 50 6368 211174 45398 5712 68218 15032 4690 4488 37812 57036 116062 10592 15098 38224 6568 13640 4592 16486 34590 24892 2073600 2073600 2 12 507821 990720 993600 126857 126423 127109 127432 12 12 12 12 235 4 4 4 
[ 3574.690949] MESSAGE_B= 0 0 0 251 1 18 192 0 248 179 0 0 68 0 72 243 34 63 24 0 0 0 0 0 0 0 0 1 12 0 0 0 0 0 0 0 0 0 0 1 1 1 0 0 1 1 18 5546 12636 45398 5712 68218 15032 4690 4488 37812 57036 116062 10592 15098 38224 6568 13640 4592 16486 34590 24892 2073600 2073600 3 12 508023 994560 993600 126703 126593 127147 127580 12 12 12 12 210 4 4 4 
[ 3574.964949] MESSAGE_B= 0 0 0 252 0 6 192 0 248 179 0 0 0 0 0 178 60 61 28 0 0 0 0 0 0 0 0 1 12 0 0 0 0 0 0 0 0 0 0 0 0 1 0 0 1 0 6 7040 9324 45398 5712 68218 15032 4690 4488 37812 57036 116062 10592 15098 38224 6568 13640 4592 16486 34590 24892 2073600 2073600 3 12 506441 990720 993600 126471 126072 126685 127213 12 12 12 12 186 4 4 4 
[ 3575.242954] MESSAGE_B= 0 0 0 253 0 2 192 0 248 179 0 0 0 0 0 67 76 96 432 0 0 0 0 0 0 0 0 1 12 0 8 0 0 0 0 0 0 0 0 0 0 1 0 0 1 0 2 10094 9314 45398 5712 68218 15032 4690 4488 37812 57036 116062 10592 15098 38224 6568 13640 4592 16486 34590 24892 2073600 2073600 3 12 502232 994560 993600 125545 124960 125482 126245 12 12 12 12 161 4 4 4 
[ 3575.517078] MESSAGE_B= 0 0 0 253 0 1 192 0 248 179 0 0 104 0 48 0 112 0 612 0 0 0 0 0 0 0 0 1 12 0 0 0 0 0 0 0 0 0 0 0 0 1 0 0 1 0 1 13558 18052 45398 5712 68218 15032 4690 4488 37812 57036 116062 10592 15098 38224 6568 13640 4592 16486 34590 24892 2073600 2073600 3 12 496343 990720 993600 124148 123367 123909 124919 12 12 12 12 126 4 4 4 
[ 3575.669252] MESSAGE_B= 0 0 0 253 0 1 192 0 248 179 0 0 0 0 0 0 104 0 680 0 0 0 0 0 0 0 0 1 12 0 0 0 0 0 0 0 0 0 0 0 0 1 0 0 1 0 1 25962 27252 45398 5712 68218 15032 4690 4488 37812 57036 116062 10592 15098 38224 6568 13640 4592 16486 34590 24892 2073600 2073600 3 12 493220 994560 993600 123438 122543 123055 124184 12 12 12 12 113 4 4 4 
[ 3575.941952] MESSAGE_B= 0 0 0 252 0 0 192 0 248 179 0 0 68 0 2132 0 75 0 1179 0 0 0 0 0 0 0 0 1 12 0 0 0 0 0 0 0 0 0 0 0 0 1 0 0 1 0 0 32764 64386 45398 5712 68218 15032 4690 4488 37812 57036 116062 10592 15098 38224 6568 13640 4592 16486 34590 24892 2073600 2073600 1 12 483568 990720 993600 121229 119980 120441 121918 12 12 12 12 87 4 4 4 
[ 3576.222606] MESSAGE_B= 0 0 0 251 1 0 192 0 248 179 0 0 0 0 0 0 96 0 2448 0 0 0 0 0 0 0 0 1 12 0 0 0 0 0 0 0 0 0 0 0 0 1 0 0 1 1 0 47786 82132 63548 53352 18352 10644 2532 13716 33492 4580 44420 85356 17758 11964 6340 13020 21130 71836 21752 62122 2073600 2073600 2 12 468213 994560 993600 117617 116108 116324 118164 12 12 12 12 76 4 4 4 
[ 3576.494010] MESSAGE_B= 0 0 0 249 1 0 192 0 248 179 0 0 0 0 0 0 0 0 0 0 0 0 0 0 0 0 0 1 12 0 0 0 0 0 4 9 0 0 0 0 0 1 0 0 1 1 0 77318 143632 63548 53352 18352 10644 2532 13716 33492 4580 44420 85356 17758 11964 6340 13020 21130 71836 21752 62122 2073600 2073600 2 12 442792 990720 993600 111546 109947 109717 111582 12 12 12 12 81 4 4 4 
[ 3576.774965] MESSAGE_B= 0 0 0 248 1 0 192 0 248 179 0 0 0 0 0 0 0 0 0 0 0 0 0 0 0 0 0 1 12 0 0 0 0 0 1 4 0 0 0 0 0 1 0 0 1 1 0 88332 221046 63548 53352 18352 10644 2532 13716 33492 4580 44420 85356 17758 11964 6340 13020 21130 71836 21752 62122 2073600 2073600 2 12 434233 994560 993600 109249 108369 107762 108853 12 12 12 12 81 4 4 4 
[ 3577.050954] MESSAGE_B= 0 0 0 248 1 1 192 0 248 179 0 0 0 0 0 0 0 0 0 0 0 0 0 0 0 0 0 1 12 0 0 0 0 0 2 3 0 0 0 0 0 1 0 0 1 1 1 119078 276498 63548 53352 18352 10644 2532 13716 33492 4580 44420 85356 17758 11964 6340 13020 21130 71836 21752 62122 2073600 2073600 1 12 431220 990720 993600 108410 107832 107123 107855 12 12 12 12 32 4 4 4 
[ 3577.332949] MESSAGE_B= 0 0 0 247 1 1 192 0 248 179 0 0 0 0 0 0 0 0 0 0 0 0 0 0 0 0 0 1 12 0 0 0 0 0 6 0 0 0 0 0 0 1 0 0 1 1 1 82826 301748 63548 53352 18352 10644 2532 13716 33492 4580 44420 85356 17758 11964 6340 13020 21130 71836 21752 62122 2073600 2073600 1 12 431038 994560 993600 108397 107782 107026 107833 12 12 12 12 25 4 4 4 
[ 3577.615421] MESSAGE_B= 0 0 0 247 1 1 192 0 248 179 0 0 0 0 0 0 0 0 0 0 0 0 0 0 0 0 0 1 12 0 0 0 0 0 0 0 0 0 0 0 0 1 0 0 1 1 1 121948 299154 63548 53352 18352 10644 2532 13716 33492 4580 44420 85356 17758 11964 6340 13020 21130 71836 21752 62122 2073600 2073600 1 12 431032 990720 993600 108452 107791 106918 107871 12 12 12 12 19 4 4 4 
[ 3577.886964] MESSAGE_B= 0 0 0 247 2 0 192 0 248 179 0 0 0 0 0 0 0 0 0 0 0 0 0 0 0 0 0 1 12 0 0 0 0 0 0 0 0 0 0 0 0 1 0 0 1 2 0 81980 306332 63548 53352 18352 10644 2532 13716 33492 4580 44420 85356 17758 11964 6340 13020 21130 71836 21752 62122 2073600 2073600 2 12 431045 994560 993600 108537 107779 106781 107948 12 12 12 12 20 4 4 4 
[ 3578.158960] MESSAGE_B= 0 0 0 247 1 0 192 0 248 179 0 0 0 0 0 0 0 0 0 0 0 0 0 0 0 0 0 1 12 0 0 0 0 0 0 0 0 0 0 0 0 1 0 0 1 1 0 123978 300552 63548 53352 18352 10644 2532 13716 33492 4580 44420 85356 17758 11964 6340 13020 21130 71836 21752 62122 2073600 2073600 2 12 431025 990720 993600 108608 107768 106623 108026 12 12 12 12 20 4 4 4 
[ 3578.432960] MESSAGE_B= 0 0 0 247 1 0 192 0 248 179 0 0 0 0 0 0 0 0 0 0 0 0 0 0 0 0 0 1 12 0 0 0 0 0 0 0 0 0 0 0 0 1 0 0 1 1 0 80574 311568 63548 53352 18352 10644 2532 13716 33492 4580 44420 85356 17758 11964 6340 13020 21130 71836 21752 62122 2073600 2073600 2 12 430992 994560 993600 108475 107904 106672 107941 12 12 12 12 21 4 4 4 
[ 3578.704970] MESSAGE_B= 0 0 0 247 1 0 192 0 248 179 0 0 0 0 0 0 0 0 0 0 0 0 0 0 0 0 0 1 12 0 0 0 0 0 2 0 0 0 0 0 0 1 0 0 1 1 0 126444 303338 180848 81936 94562 167686 73082 175746 184596 64636 182006 139544 120366 94400 137530 81490 137718 169312 80870 140298 2073600 2073600 2 12 430963 990720 993600 108368 107995 106720 107880 12 12 12 12 21 4 4 4 
[ 3578.857964] MESSAGE_B= 0 0 0 247 1 0 192 0 248 179 0 0 0 0 0 0 0 0 0 0 0 0 0 0 0 0 0 1 12 0 0 0 0 0 3 0 0 0 0 0 0 1 0 0 1 1 0 77536 318130 180848 81936 94562 167686 73082 175746 184596 64636 182006 139544 120366 94400 137530 81490 137718 169312 80870 140298 2073600 2073600 2 12 430920 994560 993600 108278 108059 106774 107809 12 12 12 12 21 4 4 4 
[ 3579.135956] MESSAGE_B= 0 0 0 247 1 0 192 0 248 179 0 0 0 0 0 0 0 0 0 0 0 0 0 0 0 0 0 1 12 0 0 0 0 0 2 0 0 0 0 0 0 1 0 0 1 1 0 127324 306706 180848 81936 94562 167686 73082 175746 184596 64636 182006 139544 120366 94400 137530 81490 137718 169312 80870 140298 2073600 2073600 2 12 430892 990720 993600 108172 108163 106829 107728 12 12 12 12 21 4 4 4 
[ 3579.408953] MESSAGE_B= 0 0 0 247 1 1 192 0 248 179 0 0 0 0 0 0 0 0 0 0 0 0 0 0 0 0 0 1 12 0 0 0 0 0 0 0 0 0 0 0 0 1 0 0 1 1 1 75614 318000 180848 81936 94562 167686 73082 175746 184596 64636 182006 139544 120366 94400 137530 81490 137718 169312 80870 140298 2073600 2073600 1 12 430906 994560 993600 108082 108265 106901 107658 12 12 12 12 21 4 4 4 
[ 3579.683951] MESSAGE_B= 0 0 0 247 1 1 192 0 248 179 0 0 0 0 0 0 0 0 0 0 0 0 0 0 0 0 0 1 12 0 0 0 0 0 0 0 0 0 0 0 0 1 0 0 1 1 1 126262 305838 180848 81936 94562 167686 73082 175746 184596 64636 182006 139544 120366 94400 137530 81490 137718 169312 80870 140298 2073600 2073600 1 12 430834 990720 993600 107966 108319 106991 107558 12 12 12 12 20 4 4 4 
[ 3579.956952] MESSAGE_B= 0 0 0 247 1 1 192 0 248 179 0 0 0 0 0 0 0 0 0 0 0 0 0 0 0 0 0 1 12 0 0 0 0 0 0 0 0 0 0 0 0 1 0 0 1 1 1 77188 316278 180848 81936 94562 167686 73082 175746 184596 64636 182006 139544 120366 94400 137530 81490 137718 169312 80870 140298 2073600 2073600 1 12 430834 994560 993600 107912 108381 107043 107498 12 12 12 12 19 4 4 4 
[ 3580.233138] MESSAGE_B= 0 0 0 247 1 1 192 0 248 179 0 0 0 0 0 0 0 0 0 0 0 0 0 0 0 0 0 1 12 0 0 0 0 0 0 0 0 0 0 0 0 1 0 0 1 1 1 124216 300796 180848 81936 94562 167686 73082 175746 184596 64636 182006 139544 120366 94400 137530 81490 137718 169312 80870 140298 2073600 2073600 1 12 430883 990720 993600 107887 108430 107103 107463 12 12 12 12 17 4 4 4 
[ 3580.507954] MESSAGE_B= 0 0 0 247 1 1 192 0 248 179 0 0 0 0 0 0 0 0 0 0 0 0 0 0 0 0 0 1 12 0 0 0 0 0 0 0 0 0 0 0 0 1 0 0 1 1 1 78406 313278 180848 81936 94562 167686 73082 175746 184596 64636 182006 139544 120366 94400 137530 81490 137718 169312 80870 140298 2073600 2073600 1 12 430820 994560 993600 107859 108449 107106 107406 12 12 12 12 15 4 4 4 
[ 3580.782948] MESSAGE_B= 0 0 0 247 1 1 192 0 248 179 0 0 0 0 0 0 0 0 0 0 0 0 0 0 0 0 0 1 12 0 0 0 0 0 0 0 0 0 0 0 0 1 0 0 1 1 1 122216 298944 180848 81936 94562 167686 73082 175746 184596 64636 182006 139544 120366 94400 137530 81490 137718 169312 80870 140298 2073600 2073600 1 12 430857 990720 993600 107858 108476 107136 107387 12 12 12 12 10 4 4 4 
[ 3581.064127] MESSAGE_B= 0 0 0 247 1 1 192 0 248 179 0 0 0 0 0 0 0 0 0 0 0 0 0 0 0 0 0 1 12 0 0 0 0 0 0 0 0 0 0 0 0 1 0 0 1 1 1 78586 310390 177578 164256 131508 179828 79882 176178 185926 70254 178902 135334 127720 95930 136610 86586 136024 171070 83392 136174 2073600 2073600 1 12 430901 994560 993600 107848 108522 107161 107370 12 12 12 12 9 4 4 4 
[ 3581.339494] MESSAGE_B= 0 0 0 247 1 1 192 0 248 179 0 0 0 0 0 0 0 0 0 0 0 0 0 0 0 0 0 1 12 0 0 0 0 0 0 0 0 0 0 0 0 1 0 0 1 1 1 122138 298028 177578 164256 131508 179828 79882 176178 185926 70254 178902 135334 127720 95930 136610 86586 136024 171070 83392 136174 2073600 2073600 1 12 430890 990720 993600 107850 108511 107152 107377 12 12 12 12 6 4 4 4 
[ 3581.614946] MESSAGE_B= 0 0 0 247 1 1 192 0 248 179 0 0 0 0 0 0 0 0 0 0 0 0 0 0 0 0 0 1 12 0 0 0 0 0 0 0 0 0 0 0 0 1 0 0 1 1 1 78794 309208 177578 164256 131508 179828 79882 176178 185926 70254 178902 135334 127720 95930 136610 86586 136024 171070 83392 136174 2073600 2073600 1 12 431025 994560 993600 107886 108566 107175 107398 12 12 12 12 26 4 4 4 
[ 3581.767969] MESSAGE_B= 0 0 0 250 1 1 192 0 248 179 0 0 0 0 0 0 0 0 0 0 0 0 0 0 0 0 0 1 12 0 0 0 0 0 0 0 0 0 0 0 0 1 0 0 1 1 1 121898 297506 177578 164256 131508 179828 79882 176178 185926 70254 178902 135334 127720 95930 136610 86586 136024 171070 83392 136174 2073600 2073600 1 12 431148 990720 993600 107915 108623 107191 107419 12 12 12 12 26 4 4 4 
[ 3582.046376] MESSAGE_B= 0 0 0 248 1 1 192 0 248 179 0 0 0 0 0 0 0 0 0 0 0 0 0 0 0 0 0 1 12 0 0 0 0 0 0 0 0 0 0 0 0 1 0 0 1 1 1 79342 309138 177578 164256 131508 179828 79882 176178 185926 70254 178902 135334 127720 95930 136610 86586 136024 171070 83392 136174 2073600 2073600 1 12 431364 994560 993600 107982 108711 107223 107448 12 12 12 12 28 4 4 4 
[ 3582.319706] MESSAGE_B= 0 0 0 245 1 1 192 0 248 179 0 0 0 0 0 0 0 0 0 0 0 0 0 0 0 0 0 1 12 0 0 0 0 0 0 2 0 0 0 0 0 1 0 0 1 1 1 122616 297244 177578 164256 131508 179828 79882 176178 185926 70254 178902 135334 127720 95930 136610 86586 136024 171070 83392 136174 2073600 2073600 1 12 437508 990720 993600 108242 113861 107263 108142 12 12 12 12 29 4 4 4 
[ 3582.593952] MESSAGE_B= 0 0 0 240 1 1 192 0 248 179 0 0 0 0 0 0 0 0 0 0 0 0 0 0 0 0 0 1 12 0 0 0 0 0 4 0 0 0 0 0 0 1 0 0 1 1 1 79044 310262 177578 164256 131508 179828 79882 176178 185926 70254 178902 135334 127720 95930 136610 86586 136024 171070 83392 136174 2073600 2073600 1 12 446211 994560 993600 110799 118505 107311 109596 12 12 12 12 29 4 4 4 
[ 3582.866956] MESSAGE_B= 0 0 0 236 1 1 192 0 248 179 0 0 0 0 0 0 0 0 0 0 0 0 0 0 0 0 0 1 12 0 0 0 0 0 0 0 0 0 0 0 0 1 0 0 1 1 1 122636 297214 177578 164256 131508 179828 79882 176178 185926 70254 178902 135334 127720 95930 136610 86586 136024 171070 83392 136174 2073600 2073600 1 12 455276 990720 993600 113709 122355 107371 111841 12 12 12 12 23 4 4 4 
[ 3583.146948] MESSAGE_B= 0 0 0 231 1 1 192 0 248 179 0 0 0 0 0 0 0 0 0 0 0 0 0 0 0 0 0 1 12 0 0 0 0 0 0 1 0 0 0 0 0 1 0 0 1 1 1 78496 310814 177578 164256 131508 179828 79882 176178 185926 70254 178902 135334 127720 95930 136610 86586 136024 171070 83392 136174 2073600 2073600 1 12 468047 994560 993600 118477 126062 107516 115992 12 12 12 12 26 4 4 4 
[ 3583.427393] MESSAGE_B= 0 0 0 226 1 1 192 0 248 179 0 0 0 0 0 0 0 0 0 0 0 0 0 0 0 0 0 1 12 0 0 0 0 0 0 5 0 0 0 0 0 1 0 0 1 1 1 123874 296950 176944 159520 130102 177864 14278 176728 40770 136668 180528 133706 125516 95310 134802 16438 136768 51900 103972 133482 2073600 2073600 1 12 480396 990720 993600 124095 127135 108053 121113 12 12 12 12 26 4 4 4 
[ 3583.700950] MESSAGE_B= 0 0 0 219 1 1 192 0 248 179 0 0 0 0 0 0 0 0 0 0 0 0 0 0 0 0 0 1 12 0 0 0 0 0 0 0 0 0 0 0 0 1 0 0 1 1 1 79848 308664 176944 159520 130102 177864 14278 176728 40770 136668 180528 133706 125516 95310 134802 16438 136768 51900 103972 133482 2073600 2073600 1 12 500154 994560 993600 127623 127440 117364 127727 12 12 12 12 19 4 4 4 
[ 3583.979962] MESSAGE_B= 0 7 0 215 1 1 192 0 248 179 0 0 0 0 0 0 0 0 0 0 0 0 0 0 0 0 0 1 12 0 0 0 0 0 0 0 0 1 1 1 1 1 1 1 1 1 1 121834 292100 176944 159520 130102 177864 14278 176728 40770 136668 180528 133706 125516 95310 134802 16438 136768 51900 103972 133482 2073600 2073600 1 12 512416 990720 993600 128104 128104 128104 128104 12 12 12 12 19 4 4 4 
[ 3584.253952] MESSAGE_B= 0 7 0 214 1 1 192 0 248 179 0 0 0 0 0 0 0 0 0 0 0 0 0 0 0 0 0 1 12 0 0 0 0 0 0 0 0 1 1 1 1 1 1 1 1 1 1 78776 294796 176944 159520 130102 177864 14278 176728 40770 136668 180528 133706 125516 95310 134802 16438 136768 51900 103972 133482 2073600 2073600 1 12 512416 994560 993600 128104 128104 128104 128104 12 12 12 12 22 4 4 4 
[ 3584.530951] MESSAGE_B= 0 7 0 226 2 2 192 0 248 179 0 0 0 0 0 0 0 0 0 0 0 0 0 0 0 0 0 1 12 0 0 0 0 0 0 0 0 1 1 1 1 1 1 1 1 2 2 56328 32170 176944 159520 130102 177864 14278 176728 40770 136668 180528 133706 125516 95310 134802 16438 136768 51900 103972 133482 2073600 2073600 1 12 512416 990720 993600 128104 128104 128104 128104 12 12 12 12 22 4 4 4 
[ 3584.807958] MESSAGE_B= 4 7 0 255 3 3 192 0 248 179 0 0 0 0 0 0 0 0 0 0 0 0 0 0 0 0 0 1 12 0 0 0 0 0 0 0 0 1 1 1 1 1 1 1 1 3 3 0 5468 176944 159520 130102 177864 14278 176728 40770 136668 180528 133706 125516 95310 134802 16438 136768 51900 103972 133482 2073600 2073600 4 12 512416 994560 993600 128104 128104 128104 128104 12 12 12 12 0 4 4 4 
[ 3585.085957] MESSAGE_B= 4 7 0 255 3 3 192 0 248 179 0 0 0 0 0 0 0 0 0 0 0 0 0 0 0 0 0 1 12 0 0 0 0 0 0 0 0 1 1 1 1 1 1 1 1 3 3 0 0 176944 159520 130102 177864 14278 176728 40770 136668 180528 133706 125516 95310 134802 16438 136768 51900 103972 133482 2073600 2073600 4 12 512416 990720 993600 128104 128104 128104 128104 12 12 12 12 0 4 4 4 
[ 3585.239952] MESSAGE_B= 4 7 0 255 3 2 192 0 248 179 0 0 0 0 0 0 0 0 0 0 0 0 0 0 0 0 0 1 12 0 0 0 0 0 0 0 0 1 1 1 1 1 1 1 1 3 2 0 0 176944 159520 130102 177864 14278 176728 40770 136668 180528 133706 125516 95310 134802 16438 136768 51900 103972 133482 2073600 2073600 4 12 512416 994560 993600 128104 128104 128104 128104 12 12 12 12 0 4 4 4 
[ 3585.519252] MESSAGE_B= 4 7 0 255 3 3 192 0 248 179 0 0 0 0 0 0 0 0 0 0 0 0 0 0 0 0 0 1 12 0 0 0 0 0 0 0 0 1 1 1 1 1 1 1 1 3 3 0 0 176944 159520 130102 177864 14278 176728 40770 136668 180528 133706 125516 95310 134802 16438 136768 51900 103972 133482 2073600 2073600 4 12 512416 990720 993600 128104 128104 128104 128104 12 12 12 12 0 4 4 4 
[ 3585.800951] MESSAGE_B= 4 7 0 255 3 2 192 0 248 179 0 0 0 0 0 0 0 0 0 0 0 0 0 0 0 0 0 1 12 0 0 0 0 0 0 0 0 1 1 1 1 1 1 1 1 3 2 0 0 2 177488 28484 149874 6426 2 8786 4292 88 1606 124956 14408 131768 9698 3214 27414 18258 1786 2073600 2073600 4 12 512416 994560 993600 128104 128104 128104 128104 12 12 12 12 0 4 4 4 
[ 3586.071977] MESSAGE_B= 4 0 0 255 2 2 192 0 248 179 0 0 48 0 40 48 0 32 0 0 0 0 0 0 0 0 0 1 12 0 0 0 0 0 0 0 0 1 1 1 0 1 0 1 1 2 2 0 0 2 177488 28484 149874 6426 2 8786 4292 88 1606 124956 14408 131768 9698 3214 27414 18258 1786 2073600 2073600 4 12 511816 990720 993600 128008 128053 127704 128051 12 12 12 12 221 4 4 4 
[ 3586.341994] MESSAGE_B= 5 0 0 160 1 2 192 0 248 179 0 807 864 767 694 647 810 792 622 93 69 94 55 50 103 106 41 0 12 92 50 51 66 15 69 28 127 0 0 0 2 2 2 2 2 1 2 118990 256 2 177488 28484 149874 6426 2 8786 4292 88 1606 124956 14408 131768 9698 3214 27414 18258 1786 2073600 2073600 7 12 265938 994560 993600 62038 58764 75630 84068 6 12 12 12 221 4 0 0 
[ 3586.618957] MESSAGE_B= 0 0 0 111 1 2 192 0 248 179 0 810 882 782 696 649 837 818 625 90 67 96 53 63 121 112 50 0 12 75 56 75 54 22 68 21 109 0 0 0 2 2 2 2 2 1 2 104794 564832 2 177488 28484 149874 6426 2 8786 4292 88 1606 124956 14408 131768 9698 3214 27414 18258 1786 2073600 2073600 3 12 263195 990720 993600 64986 58514 74826 82856 6 12 12 12 53 4 0 0 
[ 3586.891957] MESSAGE_B= 0 0 0 111 1 2 192 0 248 179 0 814 904 792 700 656 864 848 627 86 57 94 56 60 137 125 34 0 12 47 58 71 15 49 87 41 149 0 0 2 2 2 2 2 2 1 2 238402 464304 2 177488 28484 149874 6426 2 8786 4292 88 1606 124956 14408 131768 9698 3214 27414 18258 1786 2073600 2073600 3 12 258612 994560 993600 62942 57817 74103 81100 6 12 12 12 13 0 0 0 
[ 3587.044106] MESSAGE_B= 0 0 0 109 1 2 192 0 248 179 0 810 902 792 699 660 868 856 627 79 64 99 56 59 139 124 33 0 12 59 71 44 10 7 78 97 118 0 0 2 2 2 2 2 2 1 2 89574 555374 2 177488 28484 149874 6426 2 8786 4292 88 1606 124956 14408 131768 9698 3214 27414 18258 1786 2073600 2073600 3 12 260059 990720 993600 65243 58455 74486 81457 6 12 12 12 13 0 0 0 
[ 3587.324873] MESSAGE_B= 0 0 0 110 1 2 192 0 248 179 0 808 926 812 712 669 890 894 631 75 70 102 56 64 149 141 45 0 12 30 48 62 16 33 68 126 87 0 0 2 2 2 2 2 2 1 2 237328 481936 2 177488 28484 149874 6426 2 8786 4292 88 1606 124956 14408 131768 9698 3214 27414 18258 1786 2073600 2073600 3 12 253517 994560 993600 63975 56877 73412 79028 6 12 12 12 13 0 0 0 
[ 3587.599957] MESSAGE_B= 0 0 0 108 1 2 192 0 248 179 0 807 946 829 721 674 916 924 634 75 76 110 51 62 161 143 39 0 12 22 36 89 4 141 29 121 80 0 0 2 2 2 2 2 2 1 2 74376 530784 2 177488 28484 149874 6426 2 8786 4292 88 1606 124956 14408 131768 9698 3214 27414 18258 1786 2073600 2073600 3 12 249507 990720 993600 63975 56166 72586 77147 6 12 12 12 13 0 0 0 
[ 3587.875390] MESSAGE_B= 0 0 0 108 1 2 192 0 248 179 0 793 960 837 726 681 923 952 635 74 68 122 59 59 157 144 48 0 12 29 65 66 4 47 34 77 89 0 0 2 2 2 2 2 2 1 2 230176 494226 2 177488 28484 149874 6426 2 8786 4292 88 1606 124956 14408 131768 9698 3214 27414 18258 1786 2073600 2073600 3 12 250618 994560 993600 65948 56810 73264 76834 6 12 12 12 14 0 0 0 
[ 3588.148957] MESSAGE_B= 0 0 0 108 1 2 192 0 248 179 0 794 986 856 740 685 926 988 642 81 63 129 50 62 159 153 48 0 12 20 12 30 1 1 102 119 84 0 0 2 2 2 2 2 2 1 2 56304 528680 479660 1742 182378 563218 447576 636616 115158 637776 498718 188308 5638 76970 242956 267260 129538 378016 56870 190410 2073600 2073600 3 12 244522 990720 993600 65332 55096 72703 73937 6 12 12 12 14 0 0 0 
[ 3588.424958] MESSAGE_B= 0 0 0 106 1 2 192 0 248 179 0 792 999 868 748 681 937 1006 647 79 75 136 54 65 163 159 36 0 12 12 13 53 67 18 146 113 53 0 0 2 0 2 2 2 2 1 2 195396 500694 479660 1742 182378 563218 447576 636616 115158 637776 498718 188308 5638 76970 242956 267260 129538 378016 56870 190410 2073600 2073600 3 12 242731 994560 993600 64963 54644 72940 72288 6 12 12 12 14 4 0 0 
[ 3588.700955] MESSAGE_B= 0 0 0 107 1 2 192 0 248 179 0 790 1011 887 752 696 951 1013 767 72 99 139 58 73 166 160 257 0 12 1 40 95 132 15 118 98 85 0 0 2 0 2 2 2 2 1 2 50260 539642 479660 1742 182378 563218 447576 636616 115158 637776 498718 188308 5638 76970 242956 267260 129538 378016 56870 190410 2073600 2073600 3 12 240062 990720 993600 66511 54020 72737 69766 6 12 12 12 14 4 0 0 
[ 3588.977958] MESSAGE_B= 0 0 0 105 1 2 192 0 248 179 0 795 1015 907 767 698 952 1031 787 69 103 150 52 76 162 164 268 0 12 22 14 98 155 45 126 118 82 0 0 2 0 2 2 2 2 1 2 158000 486320 479660 1742 182378 563218 447576 636616 115158 637776 498718 188308 5638 76970 242956 267260 129538 378016 56870 190410 2073600 2073600 3 12 235990 994560 993600 66474 54614 71926 67840 6 6 12 12 15 4 0 0 
[ 3589.256967] MESSAGE_B= 0 0 0 106 1 2 192 0 248 179 0 794 997 917 772 709 958 1050 767 67 103 152 55 81 169 166 247 0 12 24 3 91 138 38 103 114 61 0 0 2 0 2 2 2 2 1 2 69144 525072 479660 1742 182378 563218 447576 636616 115158 637776 498718 188308 5638 76970 242956 267260 129538 378016 56870 190410 2073600 2073600 3 12 235446 990720 993600 66836 57609 72362 67517 6 6 12 12 15 4 0 0 
[ 3589.413956] MESSAGE_B= 0 0 0 109 1 2 192 0 248 179 0 791 984 916 775 706 963 1065 726 64 97 149 58 100 183 173 186 0 12 28 24 86 110 25 109 146 45 0 0 2 0 2 2 2 2 1 2 121720 478534 479660 1742 182378 563218 447576 636616 115158 637776 498718 188308 5638 76970 242956 267260 129538 378016 56870 190410 2073600 2073600 3 12 237180 994560 993600 68397 59586 72772 68228 6 6 12 12 15 4 0 0 
[ 3589.689959] MESSAGE_B= 0 0 0 107 1 2 192 0 248 179 0 793 961 920 789 741 957 1089 685 62 99 144 64 160 184 189 96 0 12 42 54 74 39 116 59 151 13 0 0 2 0 2 2 2 2 1 2 62130 528782 479660 1742 182378 563218 447576 636616 115158 637776 498718 188308 5638 76970 242956 267260 129538 378016 56870 190410 2073600 2073600 3 12 237425 990720 993600 69117 60719 73361 68112 6 6 12 12 15 4 0 0 
[ 3589.965967] MESSAGE_B= 0 0 0 108 1 2 192 0 248 179 0 797 939 936 815 764 959 1122 687 68 97 148 82 172 186 198 71 0 12 38 60 65 13 133 32 143 61 0 0 2 0 2 2 2 2 1 2 87828 491016 479660 1742 182378 563218 447576 636616 115158 637776 498718 188308 5638 76970 242956 267260 129538 378016 56870 190410 2073600 2073600 3 12 232904 994560 993600 68564 61638 73542 65361 6 6 12 12 15 4 0 0 
[ 3590.246966] MESSAGE_B= 0 0 0 109 1 2 192 0 248 179 0 688 670 698 776 637 907 729 677 75 50 82 53 30 350 104 55 0 6 21 128 0 80 66 22 132 86 2 2 0 2 2 0 2 2 1 2 85422 527040 479660 1742 182378 563218 447576 636616 115158 637776 498718 188308 5638 76970 242956 267260 129538 378016 56870 190410 2073600 2073600 3 12 234548 990720 993600 70955 64816 74694 65069 6 6 12 12 16 0 0 0 
[ 3590.527962] MESSAGE_B= 0 0 0 110 1 2 192 0 248 179 0 711 696 698 780 650 832 756 685 83 67 85 68 33 294 123 53 0 6 8 218 6 61 141 255 83 14 2 2 2 2 2 2 2 2 1 2 131624 480366 503500 413912 88876 492786 465438 506640 134396 490286 495534 134426 91636 86976 137292 125644 23064 93188 125696 101330 2073600 2073600 3 6 232984 994560 993600 71436 64853 73647 62842 6 6 12 12 16 0 0 0 
[ 3590.821972] MESSAGE_B= 0 0 0 109 1 2 192 0 248 179 0 439 253 327 341 235 302 377 285 326 207 256 283 177 212 302 185 0 6 215 245 198 216 49 102 84 127 2 2 2 2 2 2 2 2 1 2 104392 537638 503500 413912 88876 492786 465438 506640 134396 490286 495534 134426 91636 86976 137292 125644 23064 93188 125696 101330 2073600 2073600 3 6 240034 990720 993600 72898 67336 73891 62551 6 6 12 12 18 0 0 0 
[ 3591.104972] MESSAGE_B= 0 0 0 110 1 2 192 0 248 179 0 437 247 340 329 228 319 360 290 318 217 267 290 175 227 271 184 0 6 217 244 227 206 45 97 115 130 2 2 2 2 2 2 2 2 1 2 175720 478122 503500 413912 88876 492786 465438 506640 134396 490286 495534 134426 91636 86976 137292 125644 23064 93188 125696 101330 2073600 2073600 3 6 243768 994560 993600 73834 68673 73968 61497 6 6 12 12 18 0 0 0 
[ 3591.384709] MESSAGE_B= 0 0 0 110 2 2 192 0 248 179 0 423 237 353 310 210 369 361 287 311 213 281 286 164 354 278 183 0 6 212 247 231 141 46 34 129 156 2 2 2 2 2 2 2 2 2 2 137826 521676 503500 413912 88876 492786 465438 506640 134396 490286 495534 134426 91636 86976 137292 125644 23064 93188 125696 101330 2073600 2073600 1 6 246355 990720 993600 74138 69548 74012 60647 6 6 12 12 17 0 0 0 
[ 3591.664927] MESSAGE_B= 0 0 0 112 2 2 192 0 248 179 0 412 245 369 319 211 445 375 308 306 224 297 292 167 440 292 193 0 6 217 247 238 127 44 1 142 158 2 2 2 0 2 2 2 2 2 2 189382 478908 503500 413912 88876 492786 465438 506640 134396 490286 495534 134426 91636 86976 137292 125644 23064 93188 125696 101330 2073600 2073600 1 6 244222 994560 993600 73558 69351 72579 58626 6 6 12 12 18 0 0 0 
[ 3591.941956] MESSAGE_B= 0 0 0 113 3 2 192 0 248 179 0 375 220 355 285 202 472 389 307 294 208 309 268 160 411 318 191 0 6 216 247 238 128 49 16 139 171 2 2 2 0 2 2 2 2 3 2 137954 508148 503500 413912 88876 492786 465438 506640 134396 490286 495534 134426 91636 86976 137292 125644 23064 93188 125696 101330 2073600 2073600 2 6 247973 990720 993600 73631 70273 72459 58299 6 6 12 6 18 0 0 0 
[ 3592.097033] MESSAGE_B= 0 0 0 112 3 2 192 0 248 179 0 372 214 350 278 200 473 381 304 290 201 309 264 160 390 315 190 0 6 211 246 239 140 50 23 166 177 2 2 2 0 2 2 2 2 3 2 197226 485058 503500 413912 88876 492786 465438 506640 134396 490286 495534 134426 91636 86976 137292 125644 23064 93188 125696 101330 2073600 2073600 2 6 249184 994560 993600 73228 70543 71832 59172 6 6 12 6 18 0 0 0 
[ 3592.373962] MESSAGE_B= 0 0 0 110 3 2 192 0 248 179 0 380 208 374 273 209 582 416 318 282 197 326 260 163 523 344 192 0 6 206 244 241 122 53 59 145 170 2 2 2 0 2 2 2 2 3 2 158882 513328 503500 413912 88876 492786 465438 506640 134396 490286 495534 134426 91636 86976 137292 125644 23064 93188 125696 101330 2073600 2073600 2 6 246284 990720 993600 72416 69965 71762 58290 6 6 12 6 18 0 0 0 
[ 3592.654961] MESSAGE_B= 0 0 0 110 2 2 192 0 248 179 0 383 212 382 264 201 622 424 327 285 197 343 243 160 528 353 195 0 6 200 246 241 128 56 51 171 181 2 2 2 0 2 2 2 2 2 2 188504 471748 503500 413912 88876 492786 465438 506640 134396 490286 495534 134426 91636 86976 137292 125644 23064 93188 125696 101330 2073600 2073600 1 6 246548 994560 993600 72762 70020 71527 58639 6 6 12 6 18 0 0 0 
[ 3592.934557] MESSAGE_B= 0 0 0 110 2 2 192 0 248 179 0 362 229 397 274 195 638 444 338 294 221 385 251 153 481 366 205 0 6 206 236 240 151 54 18 172 188 2 2 2 0 2 2 2 2 2 2 169280 520726 452692 458554 43984 509946 464674 471894 244182 513772 414366 264214 143856 103416 216846 243778 207264 46002 243910 267692 2073600 2073600 1 6 245536 990720 993600 72994 69458 71173 59346 6 6 12 6 18 0 0 0 
[ 3593.211968] MESSAGE_B= 0 0 0 111 2 2 192 0 248 179 0 351 241 404 272 188 711 439 329 288 243 409 247 150 594 381 201 0 6 197 228 242 128 53 14 178 191 2 2 2 0 2 2 2 2 2 2 191772 452916 452692 458554 43984 509946 464674 471894 244182 513772 414366 264214 143856 103416 216846 243778 207264 46002 243910 267692 2073600 2073600 1 6 250744 994560 993600 73663 70515 71730 62143 6 6 12 6 17 0 0 0 
[ 3593.489963] MESSAGE_B= 0 0 0 110 2 2 192 0 248 179 0 331 238 427 264 183 735 433 330 281 253 446 253 144 608 372 206 0 6 197 223 249 132 46 40 196 191 2 2 2 0 2 2 2 2 2 2 185572 528614 452692 458554 43984 509946 464674 471894 244182 513772 414366 264214 143856 103416 216846 243778 207264 46002 243910 267692 2073600 2073600 1 6 253031 990720 993600 74113 70960 71715 63050 6 6 12 6 18 0 0 0 
[ 3593.774932] MESSAGE_B= 0 0 0 112 2 2 192 0 248 179 0 329 288 472 314 187 699 438 346 282 312 487 308 148 500 382 218 0 6 205 209 251 183 39 125 203 183 2 2 2 0 2 2 2 2 2 2 179234 440608 452692 458554 43984 509946 464674 471894 244182 513772 414366 264214 143856 103416 216846 243778 207264 46002 243910 267692 2073600 2073600 1 6 252068 994560 993600 73912 70887 70641 62934 6 6 12 6 18 0 0 0 
[ 3594.051955] MESSAGE_B= 0 0 0 112 2 2 192 0 248 179 0 324 340 478 338 189 663 442 353 279 373 493 324 148 472 387 227 0 6 205 194 249 206 31 182 197 175 2 2 2 0 2 2 2 2 2 2 193770 567194 452692 458554 43984 509946 464674 471894 244182 513772 414366 264214 143856 103416 216846 243778 207264 46002 243910 267692 2073600 2073600 1 6 253090 990720 993600 74236 71395 70821 63286 6 6 12 6 18 0 0 0 
[ 3594.217973] MESSAGE_B= 0 0 0 112 2 2 192 0 248 179 0 325 295 488 333 184 691 439 351 272 332 505 332 147 493 391 229 0 6 200 199 248 198 31 172 201 172 2 2 2 0 2 2 2 2 2 2 173176 439338 452692 458554 43984 509946 464674 471894 244182 513772 414366 264214 143856 103416 216846 243778 207264 46002 243910 267692 2073600 2073600 1 6 256912 994560 993600 75209 72380 70501 64256 6 6 12 6 18 0 0 0 
[ 3594.494967] MESSAGE_B= 0 0 0 111 1 2 192 0 248 179 0 313 553 520 413 182 780 444 347 261 736 552 330 144 543 402 228 0 6 196 150 244 200 35 203 200 167 2 0 2 0 2 2 2 2 1 2 188586 613526 452692 458554 43984 509946 464674 471894 244182 513772 414366 264214 143856 103416 216846 243778 207264 46002 243910 267692 2073600 2073600 3 6 258435 990720 993600 75419 72578 70329 65569 6 6 12 6 19 0 0 0 
[ 3594.776958] MESSAGE_B= 0 0 0 114 2 2 192 0 248 179 0 611 907 890 809 363 748 901 508 360 597 638 475 233 457 540 297 0 31 202 220 234 235 111 198 164 124 0 0 0 0 0 0 0 0 2 2 164414 442164 452692 458554 43984 509946 464674 471894 244182 513772 414366 264214 143856 103416 216846 243778 207264 46002 243910 267692 2073600 2073600 1 12 203644 994560 993600 42742 46585 69307 49814 6 7 12 12 20 4 4 0 
[ 3595.057174] MESSAGE_B= 0 4 0 113 2 2 192 0 248 179 0 628 935 903 822 376 766 917 515 372 627 651 480 237 467 549 301 0 31 206 218 238 238 122 204 171 127 0 0 0 0 0 0 0 0 2 2 182994 641098 452692 458554 43984 509946 464674 471894 244182 513772 414366 264214 143856 103416 216846 243778 207264 46002 243910 267692 2073600 2073600 1 12 199516 990720 993600 45277 47918 67456 48765 7 7 12 12 21 4 4 4 
[ 3595.333964] MESSAGE_B= 0 4 0 114 2 2 192 0 248 179 0 641 968 926 822 384 775 915 517 383 667 687 479 240 489 551 300 0 31 206 215 237 234 128 216 182 128 0 0 0 0 0 0 0 0 2 2 167604 446150 438682 404426 131244 462138 356772 602036 225450 712024 460604 245746 277360 178182 293832 320764 272240 125872 235904 282316 2073600 2073600 1 12 197648 994560 993600 47861 48173 66220 48657 7 7 12 12 28 4 4 4 
[ 3595.614090] MESSAGE_B= 0 4 0 113 2 2 192 0 248 179 0 664 1040 964 824 396 786 925 523 403 720 709 480 244 510 556 303 0 31 202 209 238 232 144 210 168 130 0 0 0 0 0 0 0 0 2 2 167420 631350 438682 404426 131244 462138 356772 602036 225450 712024 460604 245746 277360 178182 293832 320764 272240 125872 235904 282316 2073600 2073600 1 12 195715 990720 993600 46107 47862 66080 48233 7 7 12 12 32 4 4 4 
[ 3595.895955] MESSAGE_B= 0 4 4 114 1 2 192 0 248 179 0 691 1089 1039 829 409 806 928 542 422 712 727 484 252 527 561 314 0 31 211 225 239 227 152 216 180 129 0 0 0 0 0 0 0 0 1 2 149698 449358 438682 404426 131244 462138 356772 602036 225450 712024 460604 245746 277360 178182 293832 320764 272240 125872 235904 282316 2073600 2073600 3 12 189829 994560 993600 46471 47095 64483 46888 7 7 12 12 34 4 4 4 
[ 3596.052258] MESSAGE_B= 0 4 4 113 1 1 192 0 248 179 0 712 1096 1067 830 422 816 929 549 438 715 737 483 261 530 566 318 0 31 218 227 237 230 160 217 183 125 0 0 0 0 0 0 0 0 1 1 171442 652218 438682 404426 131244 462138 356772 602036 225450 712024 460604 245746 277360 178182 293832 320764 272240 125872 235904 282316 2073600 2073600 1 12 187928 990720 993600 49498 45951 64096 46006 7 7 12 12 35 4 4 4 
[ 3596.331065] MESSAGE_B= 0 4 4 112 2 2 192 0 248 179 0 737 1148 1110 847 455 822 924 568 456 770 771 495 290 535 570 329 0 31 215 231 234 231 161 221 186 136 0 0 0 0 0 0 0 0 2 2 121490 450670 438682 404426 131244 462138 356772 602036 225450 712024 460604 245746 277360 178182 293832 320764 272240 125872 235904 282316 2073600 2073600 1 12 183993 994560 993600 47897 43958 62211 49062 7 7 12 6 35 4 4 4 
[ 3596.608981] MESSAGE_B= 0 4 4 108 2 1 192 0 248 179 0 777 1173 1131 860 481 849 921 587 483 791 806 505 299 548 571 342 0 31 216 233 241 236 173 222 184 143 0 0 0 0 0 0 0 0 2 1 154016 693426 438682 404426 131244 462138 356772 602036 225450 712024 460604 245746 277360 178182 293832 320764 272240 125872 235904 282316 2073600 2073600 2 12 177758 990720 993600 45751 45627 59307 48410 7 7 12 6 34 4 4 4 
[ 3596.886956] MESSAGE_B= 0 4 4 106 2 1 192 0 248 179 0 826 1178 1134 882 503 860 905 595 523 801 811 524 311 553 564 350 0 31 217 236 243 237 189 222 177 150 0 0 0 0 0 0 0 0 2 1 98992 453210 438682 404426 131244 462138 356772 602036 225450 712024 460604 245746 277360 178182 293832 320764 272240 125872 235904 282316 2073600 2073600 2 12 175432 994560 993600 47991 45498 57808 48205 7 7 12 6 29 4 4 4 
[ 3597.168609] MESSAGE_B= 0 4 4 105 2 1 192 0 248 179 0 855 1169 1130 889 536 871 898 613 545 786 824 531 330 559 564 363 0 31 214 237 244 241 193 220 174 156 0 0 0 0 0 0 0 0 2 1 129572 698068 438682 404426 131244 462138 356772 602036 225450 712024 460604 245746 277360 178182 293832 320764 272240 125872 235904 282316 2073600 2073600 2 12 173735 990720 993600 45942 44664 55864 48540 7 7 12 6 29 4 4 4 
[ 3597.445953] MESSAGE_B= 0 4 4 103 2 1 192 0 248 179 0 876 1171 1117 892 566 888 881 625 552 785 826 532 346 573 553 374 0 31 215 237 245 240 192 220 179 149 0 0 0 0 0 0 0 0 2 1 74468 455936 438682 404426 131244 462138 356772 602036 225450 712024 460604 245746 277360 178182 293832 320764 272240 125872 235904 282316 2073600 2073600 2 12 171927 994560 993600 45515 44455 54360 48200 7 7 12 6 28 4 4 4 
[ 3597.726955] MESSAGE_B= 0 4 4 103 2 1 192 0 248 179 0 898 1181 1108 890 587 893 863 632 568 781 822 527 357 569 546 376 0 31 218 238 244 240 194 219 184 143 0 0 0 0 0 0 0 0 2 1 120230 695412 485680 175438 117544 421730 359652 641760 220384 775368 504496 142040 280446 139538 203308 169100 105276 224870 66834 131896 2073600 2073600 2 6 170749 990720 993600 43834 44471 53040 47307 7 6 12 6 26 4 4 4 
[ 3598.007957] MESSAGE_B= 0 4 4 103 2 1 192 0 248 179 0 908 1222 1099 887 613 901 848 630 579 814 820 526 372 563 541 376 0 31 216 232 241 240 193 210 183 138 0 0 0 0 0 0 0 0 2 1 54234 460172 485680 175438 117544 421730 359652 641760 220384 775368 504496 142040 280446 139538 203308 169100 105276 224870 66834 131896 2073600 2073600 2 6 175416 994560 993600 47179 43016 51110 49056 6 6 12 6 25 4 4 4 
[ 3598.273484] MESSAGE_B= 0 4 4 98 2 1 192 0 248 179 0 927 1240 1109 889 655 914 837 631 590 813 822 525 397 564 542 376 0 31 218 239 239 241 188 199 185 137 0 0 0 0 0 0 0 0 2 1 136394 691360 485680 175438 117544 421730 359652 641760 220384 775368 504496 142040 280446 139538 203308 169100 105276 224870 66834 131896 2073600 2073600 2 7 167157 990720 993600 44904 42835 48130 43988 6 7 12 6 25 4 4 4 
[ 3598.551960] MESSAGE_B= 0 4 4 97 2 1 192 0 248 179 0 948 1230 1133 889 683 919 827 630 607 789 809 524 415 566 542 379 0 31 223 242 237 241 187 195 193 128 0 0 0 0 0 0 0 0 2 1 69940 462204 485680 175438 117544 421730 359652 641760 220384 775368 504496 142040 280446 139538 203308 169100 105276 224870 66834 131896 2073600 2073600 2 6 168991 994560 993600 47422 44676 47147 43591 6 6 12 12 25 4 4 4 
[ 3598.829952] MESSAGE_B= 0 4 4 96 2 1 192 0 248 179 0 958 1221 1138 878 704 918 806 621 619 784 787 517 429 563 536 375 0 31 234 241 234 241 190 198 195 126 0 0 0 0 0 0 0 0 2 1 183000 655244 485680 175438 117544 421730 359652 641760 220384 775368 504496 142040 280446 139538 203308 169100 105276 224870 66834 131896 2073600 2073600 2 12 166220 990720 993600 48431 44103 46452 44955 6 6 12 12 25 4 4 4 
[ 3598.986011] MESSAGE_B= 0 4 4 96 2 1 192 0 248 179 0 966 1223 1138 876 714 924 804 619 625 784 791 518 438 567 535 375 0 31 236 240 233 241 190 197 198 126 0 0 0 0 0 0 0 0 2 1 74536 459554 485680 175438 117544 421730 359652 641760 220384 775368 504496 142040 280446 139538 203308 169100 105276 224870 66834 131896 2073600 2073600 2 7 166708 994560 993600 48393 42785 46779 44733 6 6 7 12 25 4 4 4 
[ 3599.264792] MESSAGE_B= 0 4 4 94 2 1 192 0 248 179 0 962 1201 1120 866 724 929 789 612 628 776 793 513 445 566 524 370 0 31 237 240 232 242 190 196 200 125 0 0 0 0 0 0 0 0 2 1 214548 631006 485680 175438 117544 421730 359652 641760 220384 775368 504496 142040 280446 139538 203308 169100 105276 224870 66834 131896 2073600 2073600 2 12 165969 990720 993600 50100 45373 48093 45712 6 6 7 12 24 4 4 4 
[ 3599.541967] MESSAGE_B= 0 4 4 92 2 1 192 0 248 179 0 972 1177 1124 872 742 928 788 606 638 776 790 515 459 566 522 369 0 31 238 235 231 244 192 199 200 121 0 0 0 0 0 0 0 0 2 1 75824 459130 485680 175438 117544 421730 359652 641760 220384 775368 504496 142040 280446 139538 203308 169100 105276 224870 66834 131896 2073600 2073600 2 7 182533 994560 993600 46262 44428 53831 47862 6 6 7 7 21 4 4 4 
[ 3599.820956] MESSAGE_B= 0 4 4 89 2 1 192 0 248 179 0 973 1166 1123 878 755 921 777 598 643 776 791 520 468 559 514 363 0 31 239 230 229 246 190 201 201 117 0 0 0 0 0 0 0 0 2 1 234856 620786 485680 175438 117544 421730 359652 641760 220384 775368 504496 142040 280446 139538 203308 169100 105276 224870 66834 131896 2073600 2073600 2 7 191475 990720 993600 45159 45368 58084 52057 6 6 7 7 21 4 4 4 
[ 3600.097961] MESSAGE_B= 0 4 4 89 2 1 192 0 248 179 0 877 1068 1049 787 674 817 677 499 606 748 766 469 425 505 465 309 0 31 238 219 223 246 197 210 204 130 0 0 0 0 0 0 0 0 2 1 102656 460082 503890 98636 102974 473900 432378 575648 152364 653406 478602 226450 182228 102676 160374 207434 181338 145488 192018 237600 2073600 2073600 2 12 187050 994560 993600 57815 57526 47434 57135 6 6 12 12 36 4 4 4 
[ 3600.377963] MESSAGE_B= 0 0 4 213 3 1 192 0 248 179 0 0 404 0 1269 1170 558 296 1109 0 0 0 0 0 0 0 0 1 12 7 0 21 13 0 0 0 0 0 0 0 0 0 0 0 0 3 1 272306 636134 503890 98636 102974 473900 432378 575648 152364 653406 478602 226450 182228 102676 160374 207434 181338 145488 192018 237600 2073600 2073600 2 12 474329 990720 993600 117816 115102 120648 120763 12 12 12 12 71 4 4 4 
[ 3600.652956] MESSAGE_B= 0 0 4 233 3 1 192 0 248 179 0 0 640 0 1231 1182 360 356 892 0 0 0 0 0 0 0 0 1 12 8 0 0 11 0 0 0 0 0 0 0 0 0 0 0 0 3 1 76422 455186 503890 98636 102974 473900 432378 575648 152364 653406 478602 226450 182228 102676 160374 207434 181338 145488 192018 237600 2073600 2073600 2 12 480520 994560 993600 118015 116126 123194 123185 12 12 12 12 93 4 4 4 
[ 3600.936655] MESSAGE_B= 0 0 4 242 3 1 192 0 248 179 0 0 0 0 0 0 0 0 0 0 0 0 0 0 0 0 0 1 12 0 0 0 0 0 0 0 0 0 0 0 1 1 0 0 1 3 1 7824 312514 503890 98636 102974 473900 432378 575648 152364 653406 478602 226450 182228 102676 160374 207434 181338 145488 192018 237600 2073600 2073600 2 12 503593 990720 993600 123133 125146 127814 127500 12 12 12 12 114 4 4 4 
[ 3601.219391] MESSAGE_B= 0 7 4 246 3 0 192 0 248 179 0 0 0 0 0 0 0 0 0 0 0 0 0 0 0 0 0 1 12 0 0 0 0 0 0 0 0 1 1 1 1 1 1 1 1 3 0 44444 99466 503890 98636 102974 473900 432378 575648 152364 653406 478602 226450 182228 102676 160374 207434 181338 145488 192018 237600 2073600 2073600 2 12 512416 994560 993600 128104 128104 128104 128104 12 12 12 12 184 4 4 4 
[ 3601.495838] MESSAGE_B= 0 7 0 253 2 1 192 0 248 179 0 0 0 0 0 0 0 0 0 0 0 0 0 0 0 0 0 1 12 0 0 0 0 0 0 0 0 1 1 1 1 1 1 1 1 2 1 130 124018 503890 98636 102974 473900 432378 575648 152364 653406 478602 226450 182228 102676 160374 207434 181338 145488 192018 237600 2073600 2073600 2 12 512416 990720 993600 128104 128104 128104 128104 12 12 12 12 184 4 4 4 
[ 3601.648954] MESSAGE_B= 4 7 0 255 3 1 192 0 248 179 0 0 0 0 0 0 0 0 0 0 0 0 0 0 0 0 0 1 12 0 0 0 0 0 0 0 0 1 1 1 1 1 1 1 1 3 1 4 108 503890 98636 102974 473900 432378 575648 152364 653406 478602 226450 182228 102676 160374 207434 181338 145488 192018 237600 2073600 2073600 4 12 512416 994560 993600 128104 128104 128104 128104 12 12 12 12 3 4 4 4 
[ 3601.923952] MESSAGE_B= 4 7 0 255 3 1 192 0 248 179 0 0 0 0 0 0 0 0 0 0 0 0 0 0 0 0 0 1 12 0 0 0 0 0 0 0 0 1 1 1 1 1 1 1 1 3 1 0 4 503890 98636 102974 473900 432378 575648 152364 653406 478602 226450 182228 102676 160374 207434 181338 145488 192018 237600 2073600 2073600 4 12 512416 990720 993600 128104 128104 128104 128104 12 12 12 12 0 4 4 4 
[ 3602.197943] MESSAGE_B= 5 7 0 255 3 1 192 0 248 179 0 0 0 0 0 0 0 0 0 0 0 0 0 0 0 0 0 1 12 0 0 0 0 0 0 0 0 1 1 1 1 1 1 1 1 3 1 4 0 503890 98636 102974 473900 432378 575648 152364 653406 478602 226450 182228 102676 160374 207434 181338 145488 192018 237600 2073600 2073600 6 12 512416 994560 993600 128104 128104 128104 128104 12 12 12 12 0 4 4 4 
[ 3602.470952] MESSAGE_B= 4 7 0 255 3 1 192 0 248 179 0 0 0 0 0 0 0 0 0 0 0 0 0 0 0 0 0 1 12 0 0 0 0 0 0 0 0 1 1 1 1 1 1 1 1 3 1 0 4 34 196106 75660 102896 117492 340 22258 5902 268 1576 246134 25110 42250 24448 3214 24096 15772 1906 2073600 2073600 4 12 512416 990720 993600 128104 128104 128104 128104 12 12 12 12 0 4 4 4 
[ 3602.743945] MESSAGE_B= 5 7 0 255 4 1 192 0 248 179 0 0 0 0 0 0 0 0 0 0 0 0 0 0 0 0 0 1 12 0 0 0 0 0 0 0 0 1 1 1 1 1 1 1 1 4 1 4 0 34 196106 75660 102896 117492 340 22258 5902 268 1576 246134 25110 42250 24448 3214 24096 15772 1906 2073600 2073600 6 12 512416 994560 993600 128104 128104 128104 128104 12 12 12 12 46 4 4 4 
[ 3603.014956] MESSAGE_B= 5 0 0 254 10 1 192 0 248 179 0 0 0 0 0 0 0 0 0 0 0 0 0 0 0 0 0 1 12 0 0 0 0 0 0 0 0 1 1 0 1 1 1 0 1 10 1 6288 4 34 196106 75660 102896 117492 340 22258 5902 268 1576 246134 25110 42250 24448 3214 24096 15772 1906 2073600 2073600 6 12 511677 990720 993600 128104 128104 127935 127534 12 12 12 12 83 4 4 4 
[ 3603.286953] MESSAGE_B= 4 0 0 254 10 1 192 0 248 179 0 0 0 0 0 0 0 0 0 0 0 0 0 0 0 0 0 1 12 0 0 0 0 0 0 0 0 1 1 0 1 1 1 0 1 10 1 4 17048 34 196106 75660 102896 117492 340 22258 5902 268 1576 246134 25110 42250 24448 3214 24096 15772 1906 2073600 2073600 4 12 511378 994560 993600 128104 128104 127874 127296 12 12 12 12 98 4 4 4 
[ 3603.563946] MESSAGE_B= 5 0 0 254 11 0 192 0 248 179 0 0 0 0 0 0 0 0 0 0 0 0 0 0 0 0 0 1 12 0 0 0 32 0 0 0 0 1 1 0 1 1 1 0 1 11 0 13112 4 34 196106 75660 102896 117492 340 22258 5902 268 1576 246134 25110 42250 24448 3214 24096 15772 1906 2073600 2073600 6 12 511076 990720 993600 128104 128104 127871 126997 12 12 12 12 98 4 4 4 
[ 3603.834958] MESSAGE_B= 4 0 0 254 10 0 192 0 248 179 0 0 0 0 0 0 0 0 0 0 0 0 0 0 0 0 0 1 12 0 0 0 64 0 0 0 0 1 1 0 0 1 1 0 1 10 0 0 20564 34 196106 75660 102896 117492 340 22258 5902 268 1576 246134 25110 42250 24448 3214 24096 15772 1906 2073600 2073600 4 12 510713 994560 993600 128104 128104 127871 126634 12 12 12 12 93 4 4 4 
[ 3604.107970] MESSAGE_B= 5 0 0 254 9 0 192 0 248 179 0 0 0 0 0 0 0 0 0 0 0 0 0 0 0 0 0 1 12 0 0 0 106 0 0 0 0 1 1 0 0 1 1 0 0 9 0 14920 0 34 196106 75660 102896 117492 340 22258 5902 268 1576 246134 25110 42250 24448 3214 24096 15772 1906 2073600 2073600 6 12 510604 990720 993600 128104 128104 127871 126525 12 12 12 12 91 4 4 4 
[ 3604.265360] MESSAGE_B= 4 0 0 254 9 2 192 0 248 179 0 0 0 0 0 0 0 0 0 0 0 0 0 0 0 0 0 1 12 0 0 0 85 0 0 0 0 1 1 0 0 1 0 0 0 9 2 0 21556 34 196106 75660 102896 117492 340 22258 5902 268 1576 246134 25110 42250 24448 3214 24096 15772 1906 2073600 2073600 4 12 510490 994560 993600 128104 128104 127828 126454 12 12 12 12 91 4 4 4 
[ 3604.540953] MESSAGE_B= 5 0 0 207 10 1 192 0 248 179 0 0 0 0 0 0 0 0 0 0 0 0 0 0 0 0 0 1 12 0 0 0 64 0 0 0 0 1 1 0 0 1 1 0 0 10 1 16182 0 34 196106 75660 102896 117492 340 22258 5902 268 1576 246134 25110 42250 24448 3214 24096 15772 1906 2073600 2073600 6 12 510427 990720 993600 128104 128104 127865 126354 12 12 12 12 92 4 4 4 
[ 3604.813948] MESSAGE_B= 0 0 0 145 16 2 192 0 248 179 0 0 0 0 0 0 0 0 0 0 0 0 0 0 0 0 0 1 12 0 0 0 73 0 0 0 0 0 0 0 0 0 0 0 0 16 2 113530 39002 83770 2358 31284 13194 20594 18072 26770 27510 19254 13508 5478 19370 10592 8088 10548 22302 18586 17038 2073600 2073600 1 12 508650 994560 993600 126662 128104 127550 126334 12 12 12 12 104 4 4 4 
[ 3605.085955] MESSAGE_B= 0 0 0 117 29 6 192 0 248 179 0 0 0 0 0 0 0 0 0 0 0 0 0 0 0 0 0 1 12 0 0 0 64 0 0 0 0 0 0 0 0 1 1 0 0 29 6 16838 3016 83770 2358 31284 13194 20594 18072 26770 27510 19254 13508 5478 19370 10592 8088 10548 22302 18586 17038 2073600 2073600 2 12 502801 990720 993600 128104 120577 127868 126252 12 12 12 12 150 4 4 4 
[ 3605.362946] MESSAGE_B= 0 0 0 113 4 5 192 0 248 179 0 0 0 0 0 0 0 0 0 0 0 0 0 0 0 0 0 1 12 0 0 0 24 0 0 0 0 1 0 0 0 1 0 0 0 4 5 243812 70390 83770 2358 31284 13194 20594 18072 26770 27510 19254 13508 5478 19370 10592 8088 10548 22302 18586 17038 2073600 2073600 3 12 502240 994560 993600 122663 128104 125173 126300 12 12 12 12 166 4 4 4 
[ 3605.635955] MESSAGE_B= 0 0 0 75 2 2 192 0 248 179 0 0 0 0 0 0 0 0 0 0 0 0 0 0 0 0 0 1 12 0 0 0 42 0 0 0 0 0 0 0 0 1 1 0 0 2 2 28976 18136 83770 2358 31284 13194 20594 18072 26770 27510 19254 13508 5478 19370 10592 8088 10548 22302 18586 17038 2073600 2073600 1 12 494725 990720 993600 128104 112468 127865 126288 12 12 12 12 166 4 4 4 
[ 3605.909955] MESSAGE_B= 0 0 0 70 3 8 192 0 248 179 0 0 1612 0 2662 0 2272 0 496 0 0 0 0 0 0 0 0 1 12 26 0 0 21 0 0 0 0 0 1 0 0 0 1 0 0 3 8 402900 68814 83770 2358 31284 13194 20594 18072 26770 27510 19254 13508 5478 19370 10592 8088 10548 22302 18586 17038 2073600 2073600 3 12 492979 994560 993600 125740 118749 122394 126096 12 12 12 12 189 4 4 4 
[ 3606.184952] MESSAGE_B= 0 0 0 71 15 2 192 0 248 179 0 0 0 0 0 0 0 0 0 0 0 0 0 0 0 0 0 1 12 0 0 0 23 0 0 0 0 1 0 0 0 1 1 0 0 15 2 73428 71784 83770 2358 31284 13194 20594 18072 26770 27510 19254 13508 5478 19370 10592 8088 10548 22302 18586 17038 2073600 2073600 2 12 501811 990720 993600 128104 119885 127866 125956 12 12 12 12 189 4 4 4 
[ 3606.462970] MESSAGE_B= 0 0 0 70 5 5 192 0 248 179 0 0 1713 0 269 0 3404 0 218 0 0 0 0 0 0 0 0 1 12 6 0 0 0 0 0 0 0 0 0 0 0 0 1 0 0 5 5 304468 147210 83770 2358 31284 13194 20594 18072 26770 27510 19254 13508 5478 19370 10592 8088 10548 22302 18586 17038 2073600 2073600 1 12 486793 994560 993600 126215 117652 117295 125631 12 12 12 12 201 4 4 4 
[ 3606.737951] MESSAGE_B= 0 7 0 71 2 4 192 0 248 179 0 0 0 0 0 0 0 0 0 0 0 0 0 0 0 0 0 1 12 0 0 0 0 0 0 0 0 1 1 1 1 1 1 1 1 2 4 75154 137958 83770 2358 31284 13194 20594 18072 26770 27510 19254 13508 5478 19370 10592 8088 10548 22302 18586 17038 2073600 2073600 3 12 512416 990720 993600 128104 128104 128104 128104 12 12 12 12 201 4 4 4 
[ 3607.015942] MESSAGE_B= 0 0 0 70 2 7 192 0 248 179 0 0 0 0 0 1520 0 2305 0 0 0 0 0 0 0 0 0 1 12 0 58 0 5 0 0 0 0 0 0 0 0 0 0 1 0 2 7 174366 302464 83770 2358 31284 13194 20594 18072 26770 27510 19254 13508 5478 19370 10592 8088 10548 22302 18586 17038 2073600 2073600 3 12 490215 994560 993600 123727 119651 119166 127671 12 12 12 12 204 4 4 4 
[ 3607.167337] MESSAGE_B= 0 0 0 70 2 1 192 0 248 179 0 0 0 0 0 0 0 0 0 0 0 0 0 0 0 0 0 1 12 0 0 0 0 0 0 0 0 1 0 1 0 1 1 1 0 2 1 97542 405698 71140 29856 112906 66636 218320 61270 138214 136822 108470 256708 64264 62112 108422 165220 62218 154050 338658 154330 2073600 2073600 2 12 494886 990720 993600 128104 115143 128104 123535 12 12 12 12 204 4 4 4 
[ 3607.441148] MESSAGE_B= 0 0 0 70 2 2 192 0 248 179 0 0 0 0 0 0 616 0 2346 0 0 0 0 0 0 0 0 1 12 0 0 0 0 0 0 0 0 0 1 0 1 0 1 0 1 2 2 154930 260598 71140 29856 112906 66636 218320 61270 138214 136822 108470 256708 64264 62112 108422 165220 62218 154050 338658 154330 2073600 2073600 1 12 497527 994560 993600 128103 122390 124271 122763 12 12 12 12 207 4 4 4 
[ 3607.714956] MESSAGE_B= 0 7 0 70 2 2 192 0 248 179 0 0 0 0 0 0 0 0 0 0 0 0 0 0 0 0 0 1 12 0 0 0 0 0 0 0 0 1 1 1 1 1 1 1 1 2 2 118064 265012 71140 29856 112906 66636 218320 61270 138214 136822 108470 256708 64264 62112 108422 165220 62218 154050 338658 154330 2073600 2073600 1 12 512416 990720 993600 128104 128104 128104 128104 12 12 12 12 207 4 4 4 
[ 3607.988951] MESSAGE_B= 0 0 0 70 2 2 192 0 248 179 0 0 0 0 0 0 0 0 0 0 0 0 0 0 0 0 0 1 12 0 0 0 0 0 0 0 0 1 0 1 0 1 1 1 0 2 2 128188 261296 71140 29856 112906 66636 218320 61270 138214 136822 108470 256708 64264 62112 108422 165220 62218 154050 338658 154330 2073600 2073600 1 12 503773 994560 993600 128104 121814 128104 125751 12 12 12 12 214 4 4 4 
[ 3608.265949] MESSAGE_B= 0 0 0 65 2 2 192 0 248 179 0 0 0 0 0 0 1088 0 16 0 0 0 0 0 0 0 0 1 12 0 0 0 0 0 0 0 0 1 1 0 1 0 1 1 1 2 2 92968 278518 71140 29856 112906 66636 218320 61270 138214 136822 108470 256708 64264 62112 108422 165220 62218 154050 338658 154330 2073600 2073600 1 12 508914 990720 993600 128104 128104 124605 128101 12 12 12 12 214 4 4 4 
[ 3608.540948] MESSAGE_B= 0 0 0 71 1 2 192 0 248 179 0 0 0 0 0 0 252 0 571 0 0 0 0 0 0 0 0 1 12 0 0 0 0 0 0 0 0 0 0 0 0 0 0 0 1 1 2 98974 417182 71140 29856 112906 66636 218320 61270 138214 136822 108470 256708 64264 62112 108422 165220 62218 154050 338658 154330 2073600 2073600 3 12 492669 994560 993600 123922 126561 118947 123239 12 12 12 12 154 4 4 4 
[ 3608.817952] MESSAGE_B= 0 0 0 73 2 2 192 0 248 179 0 0 0 0 0 0 1886 0 495 0 0 0 0 0 0 0 0 1 12 0 0 0 0 0 0 0 0 1 1 0 0 0 0 0 0 2 2 140220 348342 71140 29856 112906 66636 218320 61270 138214 136822 108470 256708 64264 62112 108422 165220 62218 154050 338658 154330 2073600 2073600 1 12 497552 990720 993600 128104 128104 115207 126137 12 12 12 12 181 4 4 4 
[ 3609.092962] MESSAGE_B= 0 0 0 72 3 2 192 0 248 179 0 0 0 0 0 0 256 0 575 0 0 0 0 0 0 0 0 1 12 0 0 0 0 0 0 0 0 1 1 0 0 0 0 0 0 3 2 21734 291930 71140 29856 112906 66636 218320 61270 138214 136822 108470 256708 64264 62112 108422 165220 62218 154050 338658 154330 2073600 2073600 2 12 508742 994560 993600 128104 128104 126463 126071 12 12 12 12 181 4 4 4 
[ 3609.250252] MESSAGE_B= 0 0 0 68 2 2 192 0 248 179 0 0 0 0 0 0 286 0 649 0 0 0 0 0 0 0 0 1 12 0 0 0 0 0 5 0 0 1 0 0 0 0 0 0 0 2 2 113018 354916 71140 29856 112906 66636 218320 61270 138214 136822 108470 256708 64264 62112 108422 165220 62218 154050 338658 154330 2073600 2073600 1 12 507213 990720 993600 127247 128087 126218 125661 12 12 12 12 181 4 4 4 
[ 3609.526210] MESSAGE_B= 0 0 0 75 1 3 192 0 248 179 0 0 436 0 235 1424 516 1772 553 0 0 0 0 0 0 0 0 1 12 8 27 5 23 0 10 22 0 0 0 0 0 0 0 0 0 1 3 103004 351594 110656 20128 47390 33448 44342 29064 147698 202098 47876 140920 147198 260644 169264 40934 57876 557764 240628 10688 2073600 2073600 3 12 487275 994560 993600 123727 121989 117838 123721 12 12 12 12 118 4 4 4 
[ 3609.801968] MESSAGE_B= 0 0 0 73 1 2 192 0 248 179 0 0 0 0 0 0 450 0 824 0 0 0 0 0 0 0 0 1 12 0 0 5 48 0 42 19 0 0 0 0 0 0 0 0 0 1 2 122866 224602 110656 20128 47390 33448 44342 29064 147698 202098 47876 140920 147198 260644 169264 40934 57876 557764 240628 10688 2073600 2073600 3 12 497147 990720 993600 126352 125142 121079 124574 12 12 12 12 119 4 4 4 
[ 3610.075970] MESSAGE_B= 0 0 0 70 2 2 192 0 248 179 0 0 0 0 0 0 376 0 885 0 0 0 0 0 0 0 0 1 12 0 0 10 32 0 0 7 0 0 0 0 0 0 0 0 0 2 2 96302 319942 110656 20128 47390 33448 44342 29064 147698 202098 47876 140920 147198 260644 169264 40934 57876 557764 240628 10688 2073600 2073600 1 12 503852 994560 993600 128104 125829 125691 124228 12 12 12 12 119 4 4 4 
[ 3610.357678] MESSAGE_B= 0 0 0 70 1 2 192 0 248 179 0 0 0 0 0 0 373 0 913 0 0 0 0 0 0 0 0 1 12 0 0 15 21 0 40 0 0 0 0 0 0 0 0 0 0 1 2 54828 90334 110656 20128 47390 33448 44342 29064 147698 202098 47876 140920 147198 260644 169264 40934 57876 557764 240628 10688 2073600 2073600 3 12 487059 990720 993600 111346 127114 124874 123725 12 12 12 12 114 4 4 4 
[ 3610.631954] MESSAGE_B= 0 0 0 74 4 3 192 0 248 179 0 0 0 0 0 654 384 234 983 0 0 0 0 0 0 0 0 1 12 0 3 0 22 0 10 4 0 0 0 0 0 0 0 0 0 4 3 232262 315640 110656 20128 47390 33448 44342 29064 147698 202098 47876 140920 147198 260644 169264 40934 57876 557764 240628 10688 2073600 2073600 2 12 488632 994560 993600 117232 122469 125545 123386 12 12 12 12 114 4 4 4 
[ 3610.906951] MESSAGE_B= 0 0 0 74 2 2 192 0 248 179 0 0 2527 0 775 0 371 0 944 0 0 0 0 0 0 0 0 1 12 13 0 0 38 0 8 5 0 0 0 0 0 0 0 0 0 2 2 85298 212708 110656 20128 47390 33448 44342 29064 147698 202098 47876 140920 147198 260644 169264 40934 57876 557764 240628 10688 2073600 2073600 1 12 484027 990720 993600 112342 122854 125332 123499 12 12 12 12 108 4 4 4 
[ 3611.180949] MESSAGE_B= 0 0 0 74 2 5 192 0 248 179 0 0 0 0 0 1219 345 179 880 0 0 0 0 0 0 0 0 1 12 0 0 0 82 0 16 5 0 0 0 0 0 0 0 0 0 2 5 32492 340440 110656 20128 47390 33448 44342 29064 147698 202098 47876 140920 147198 260644 169264 40934 57876 557764 240628 10688 2073600 2073600 1 12 488786 994560 993600 116592 123053 125676 123465 12 12 12 12 108 4 4 4 
[ 3611.349976] MESSAGE_B= 0 0 0 73 2 2 192 0 248 179 0 0 1129 0 952 0 333 0 908 0 0 0 0 0 0 0 0 1 12 29 0 0 70 0 0 11 0 0 0 0 0 0 0 0 0 2 2 85226 405134 110656 20128 47390 33448 44342 29064 147698 202098 47876 140920 147198 260644 169264 40934 57876 557764 240628 10688 2073600 2073600 1 12 492046 990720 993600 122626 120185 125801 123434 12 12 12 12 107 4 4 4 
[ 3611.630950] MESSAGE_B= 0 0 0 74 3 2 192 0 248 179 0 0 0 0 0 437 324 102 970 0 0 0 0 0 0 0 0 1 12 0 0 0 85 0 11 2 0 0 0 0 0 0 0 0 0 3 2 37278 284754 110656 20128 47390 33448 44342 29064 147698 202098 47876 140920 147198 260644 169264 40934 57876 557764 240628 10688 2073600 2073600 2 12 492147 994560 993600 117759 125110 125895 123383 12 12 12 12 107 4 4 4 
[ 3611.908202] MESSAGE_B= 0 0 0 73 4 3 192 0 248 179 0 0 1442 0 798 0 295 0 889 0 0 0 0 0 0 0 0 1 12 17 0 0 74 0 0 4 0 0 0 0 0 0 0 0 0 4 3 80416 287448 220138 82982 30040 44856 50760 344858 473986 476808 359790 57624 224398 197800 43220 127524 106444 464420 319172 288724 2073600 2073600 2 12 491298 990720 993600 119853 122211 125945 123289 12 12 12 12 110 4 4 4 
[ 3612.183957] MESSAGE_B= 0 0 0 75 6 2 192 0 248 179 0 0 0 0 0 384 286 46 966 0 0 0 0 0 0 0 0 1 12 0 0 0 66 0 11 0 0 0 0 0 0 0 0 0 0 6 2 121982 299318 220138 82982 30040 44856 50760 344858 473986 476808 359790 57624 224398 197800 43220 127524 106444 464420 319172 288724 2073600 2073600 2 12 494282 994560 993600 119905 125278 125985 123114 12 12 12 12 110 4 4 4 
[ 3612.460951] MESSAGE_B= 0 0 0 73 2 3 192 0 248 179 0 0 1887 0 581 134 275 451 986 0 0 0 0 0 0 0 0 1 12 8 0 0 56 0 0 8 0 0 0 0 0 0 0 0 0 2 3 81034 203152 220138 82982 30040 44856 50760 344858 473986 476808 359790 57624 224398 197800 43220 127524 106444 464420 319172 288724 2073600 2073600 3 12 491337 990720 993600 118340 123896 125835 123266 12 12 12 12 107 4 4 4 
[ 3612.737947] MESSAGE_B= 0 0 0 73 2 2 192 0 248 179 0 0 0 0 0 93 277 176 964 0 0 0 0 0 0 0 0 1 12 0 0 0 66 0 18 2 0 0 0 0 0 0 0 0 0 2 2 95848 361314 220138 82982 30040 44856 50760 344858 473986 476808 359790 57624 224398 197800 43220 127524 106444 464420 319172 288724 2073600 2073600 1 12 494974 994560 993600 121126 124422 126055 123371 12 12 12 12 107 4 4 4 
[ 3613.028167] MESSAGE_B= 0 0 0 73 2 2 192 0 248 179 0 0 0 0 0 96 248 16 1009 0 0 0 0 0 0 0 0 1 12 0 0 0 56 0 0 5 0 0 0 0 0 0 0 0 0 2 2 62244 276770 220138 82982 30040 44856 50760 344858 473986 476808 359790 57624 224398 197800 43220 127524 106444 464420 319172 288724 2073600 2073600 1 12 501428 990720 993600 127559 124298 126159 123412 12 12 12 12 136 4 4 4 
