[17691.752742] MESSAGE_B= 4 4 4 255 0 3 192 0 248 179 0 0 780 0 780 707 286 707 286 0 0 0 0 0 0 0 0 1 12 255 255 255 255 0 0 0 0 0 0 1 1 0 0 0 0 0 3 252 24276 2 65454 148386 102648 104374 73604 165346 139176 2 2 83686 118554 118972 121518 116636 15988 14344 2 2073600 2073600 4 12 506918 990720 993600 125776 125776 127683 127683 12 12 12 12 6 4 4 4 
[17692.024952] MESSAGE_B= 4 4 4 255 0 3 192 0 248 179 0 0 780 0 780 707 286 707 286 0 0 0 0 0 0 0 0 1 12 255 255 255 255 0 0 0 0 0 0 1 1 0 0 0 0 0 3 814 8458 2 65454 148386 102648 104374 73604 165346 139176 2 2 83686 118554 118972 121518 116636 15988 14344 2 2073600 2073600 4 12 506918 994560 993600 125776 125776 127683 127683 12 12 12 12 6 4 4 4 
[17692.299950] MESSAGE_B= 4 4 4 255 0 3 192 0 248 179 0 0 780 0 780 707 286 707 286 0 0 0 0 0 0 0 0 1 12 255 255 255 255 0 0 0 0 0 0 1 1 0 0 0 0 0 3 252 24302 2 65454 148386 102648 104374 73604 165346 139176 2 2 83686 118554 118972 121518 116636 15988 14344 2 2073600 2073600 4 12 506918 990720 993600 125776 125776 127683 127683 12 12 12 12 6 4 4 4 
[17692.574951] MESSAGE_B= 4 4 4 255 0 3 192 0 248 179 0 0 780 0 780 707 286 707 286 0 0 0 0 0 0 0 0 1 12 255 255 255 255 0 0 0 0 0 0 1 1 0 0 0 0 0 3 822 8458 2 65454 148386 102648 104374 73604 165346 139176 2 2 83686 118554 118972 121518 116636 15988 14344 2 2073600 2073600 4 12 506918 994560 993600 125776 125776 127683 127683 12 12 12 12 6 4 4 4 
[17692.848956] MESSAGE_B= 4 4 4 255 0 3 192 0 248 179 0 0 780 0 780 707 286 707 286 0 0 0 0 0 0 0 0 1 12 255 255 255 255 0 0 0 0 0 0 1 1 0 0 0 0 0 3 252 24302 2 65454 148386 102648 104374 73604 165346 139176 2 2 83686 118554 118972 121518 116636 15988 14344 2 2073600 2073600 4 12 506918 990720 993600 125776 125776 127683 127683 12 12 12 12 6 4 4 4 
[17693.131163] MESSAGE_B= 4 4 4 255 0 3 192 0 248 179 0 0 780 0 780 707 286 707 286 0 0 0 0 0 0 0 0 1 12 255 255 255 255 0 0 0 0 0 0 1 1 0 0 0 0 0 3 822 8458 38268 140930 44110 39196 39198 39198 174750 137798 39118 2 19550 1074 4 4 4 21722 13726 4 2073600 2073600 4 12 506918 994560 993600 125776 125776 127683 127683 12 12 12 12 6 4 4 4 
[17693.409923] MESSAGE_B= 4 4 4 255 0 3 192 0 248 179 0 0 780 0 780 705 288 705 288 0 0 0 0 0 0 0 0 1 12 255 255 255 255 0 0 0 0 0 0 1 1 0 0 0 0 0 3 252 24276 38268 140930 44110 39196 39198 39198 174750 137798 39118 2 19550 1074 4 4 4 21722 13726 4 2073600 2073600 4 12 506926 990720 993600 125778 125778 127685 127685 12 12 12 12 6 4 4 4 
[17693.564968] MESSAGE_B= 4 4 4 255 0 3 192 0 248 179 0 0 780 0 780 705 288 705 288 0 0 0 0 0 0 0 0 1 12 255 255 255 255 0 0 0 0 0 0 1 1 0 0 0 0 0 3 772 8478 38268 140930 44110 39196 39198 39198 174750 137798 39118 2 19550 1074 4 4 4 21722 13726 4 2073600 2073600 4 12 506926 994560 993600 125778 125778 127685 127685 12 12 12 12 6 4 4 4 
[17693.841950] MESSAGE_B= 4 4 4 255 0 3 192 0 248 179 0 0 779 0 779 703 285 703 285 0 0 0 0 0 0 0 0 1 12 255 255 255 255 0 0 0 0 0 0 1 1 0 0 0 0 0 3 276 24224 38268 140930 44110 39196 39198 39198 174750 137798 39118 2 19550 1074 4 4 4 21722 13726 4 2073600 2073600 4 12 506940 990720 993600 125782 125782 127688 127688 12 12 12 12 7 4 4 4 
[17694.121953] MESSAGE_B= 4 4 4 255 0 3 192 0 248 179 0 0 778 0 778 705 285 705 285 0 0 0 0 0 0 0 0 1 12 255 255 255 255 0 0 0 0 0 0 1 1 0 0 0 0 0 3 760 8428 38268 140930 44110 39196 39198 39198 174750 137798 39118 2 19550 1074 4 4 4 21722 13726 4 2073600 2073600 4 12 506938 994560 993600 125781 125781 127688 127688 12 12 12 12 9 4 4 4 
[17694.395952] MESSAGE_B= 4 4 4 255 0 3 192 0 248 179 0 0 778 0 778 705 286 705 286 0 0 0 0 0 0 0 0 1 12 255 255 255 255 0 0 0 0 0 0 1 1 0 0 0 0 0 3 282 24180 38268 140930 44110 39196 39198 39198 174750 137798 39118 2 19550 1074 4 4 4 21722 13726 4 2073600 2073600 4 12 506940 990720 993600 125782 125782 127688 127688 12 12 12 12 9 4 4 4 
[17694.676080] MESSAGE_B= 4 4 4 255 0 3 192 0 248 179 0 0 779 0 779 706 285 706 285 0 0 0 0 0 0 0 0 1 12 255 255 255 255 0 0 0 0 0 0 1 1 0 0 0 0 0 3 714 8364 38268 140930 44110 39196 39198 39198 174750 137798 39118 2 19550 1074 4 4 4 21722 13726 4 2073600 2073600 4 12 506930 994560 993600 125778 125778 127687 127687 12 12 12 12 5 4 4 4 
[17694.930951] MESSAGE_B= 4 7 4 255 0 3 192 0 248 179 0 0 0 0 0 0 0 0 0 0 0 0 0 0 0 0 0 1 12 0 0 0 0 0 0 0 0 1 1 1 1 1 1 1 1 0 3 310 24104 38268 140930 44110 39196 39198 39198 174750 137798 39118 2 19550 1074 4 4 4 21722 13726 4 2073600 2073600 4 12 512416 990720 993600 128104 128104 128104 128104 12 12 12 12 5 4 4 4 
[17695.215045] MESSAGE_B= 4 7 4 255 0 4 192 0 248 179 0 0 0 0 0 0 0 0 0 0 0 0 0 0 0 0 0 1 12 0 0 0 0 0 0 0 0 1 1 1 1 1 1 1 1 0 4 0 8354 38268 140930 44110 39196 39198 39198 174750 137798 39118 2 19550 1074 4 4 4 21722 13726 4 2073600 2073600 4 12 512416 994560 993600 128104 128104 128104 128104 12 12 12 12 4 4 4 4 
[17695.485950] MESSAGE_B= 4 7 4 255 8 5 192 0 248 179 0 0 0 0 0 0 0 0 0 0 0 0 0 0 0 0 0 1 12 0 0 0 0 0 0 0 0 1 1 1 1 1 1 1 1 8 5 0 0 2 141070 45670 38832 38402 38414 174502 137830 2 2 19550 1074 2 2 2 21740 13748 2 2073600 2073600 4 12 512416 990720 993600 128104 128104 128104 128104 12 12 12 12 62 4 4 4 
[17695.756950] MESSAGE_B= 5 4 4 238 11 3 192 0 248 179 0 0 212 0 203 0 0 0 0 0 0 0 0 0 0 0 0 1 12 234 0 0 0 0 0 0 0 0 1 1 1 0 1 0 1 11 3 108 0 2 141070 45670 38832 38402 38414 174502 137830 2 2 19550 1074 2 2 2 21740 13748 2 2073600 2073600 6 12 511557 994560 993600 127669 127689 128100 128099 12 12 12 12 62 4 4 4 
[17695.910006] MESSAGE_B= 4 4 4 238 9 3 192 0 248 179 0 0 668 0 714 173 688 83 728 0 0 0 0 0 0 0 0 1 12 249 0 255 0 0 0 0 0 0 1 0 1 0 0 0 1 9 3 334 15618 2 141070 45670 38832 38402 38414 174502 137830 2 2 19550 1074 2 2 2 21740 13748 2 2073600 2073600 4 12 505446 990720 993600 125632 125683 127056 127075 12 12 12 12 62 4 4 4 
[17696.182947] MESSAGE_B= 4 4 4 210 8 2 192 0 248 179 0 0 792 0 837 530 1147 474 1186 0 0 0 0 0 0 0 0 1 12 239 247 255 246 0 0 0 0 0 0 0 0 0 0 0 0 8 2 11294 191394 2 141070 45670 38832 38402 38414 174502 137830 2 2 19550 1074 2 2 2 21740 13748 2 2073600 2073600 5 12 497032 994560 993600 124116 124085 124381 124450 12 12 12 12 29 4 4 4 
[17696.459950] MESSAGE_B= 4 4 4 183 8 2 192 0 248 179 0 0 582 0 654 415 801 372 848 0 0 0 0 0 0 0 0 1 12 243 229 249 255 0 0 0 0 0 0 0 0 0 0 0 0 8 2 9006 497578 2 141070 45670 38832 38402 38414 174502 137830 2 2 19550 1074 2 2 2 21740 13748 2 2073600 2073600 5 12 496846 990720 993600 123191 123048 125336 125271 12 12 12 12 21 4 4 4 
[17696.730957] MESSAGE_B= 4 4 4 180 8 1 192 0 248 179 0 0 913 0 944 651 817 601 839 0 0 0 0 0 0 0 0 1 12 251 255 255 255 0 0 0 0 0 0 0 0 0 0 0 0 8 1 10114 454392 2 141070 45670 38832 38402 38414 174502 137830 2 2 19550 1074 2 2 2 21740 13748 2 2073600 2073600 5 12 491759 994560 993600 120795 120855 125050 125059 12 12 12 12 21 4 4 4 
[17697.004952] MESSAGE_B= 4 4 4 178 11 0 192 0 248 179 0 0 1024 0 1067 801 1668 755 1669 0 0 0 0 0 0 0 0 1 12 245 253 252 255 0 0 0 0 0 0 0 0 0 0 0 0 11 0 11222 527302 2 141070 45670 38832 38402 38414 174502 137830 2 2 19550 1074 2 2 2 21740 13748 2 2073600 2073600 5 12 458952 990720 993600 116264 116285 113228 113175 12 12 12 12 56 4 4 4 
[17697.287967] MESSAGE_B= 4 4 4 176 12 5 192 0 248 179 0 2555 2463 2543 2472 2463 2475 2466 2470 803 759 786 768 976 901 975 899 0 12 255 255 255 255 4 0 5 0 0 0 0 0 2 1 2 2 12 5 12972 477652 2 141070 45670 38832 38402 38414 174502 137830 2 2 19550 1074 2 2 2 21740 13748 2 2073600 2073600 5 12 412029 994560 993600 112876 112893 93110 93150 12 12 12 12 56 4 4 4 
[17697.562375] MESSAGE_B= 4 4 4 177 13 5 192 0 248 179 0 2553 2464 2541 2469 2427 2440 2428 2435 799 758 786 772 968 893 971 890 0 12 255 255 255 255 0 0 0 0 0 0 0 0 1 1 1 1 13 5 9298 538094 2 141070 45670 38832 38402 38414 174502 137830 2 2 19550 1074 2 2 2 21740 13748 2 2073600 2073600 5 12 417321 990720 993600 112889 112906 95750 95776 12 12 12 12 13 4 4 4 
[17697.835961] MESSAGE_B= 4 4 4 177 14 5 192 0 248 179 0 2551 2462 2541 2472 2438 2440 2440 2434 797 758 786 772 960 895 963 890 0 12 255 255 255 255 0 0 0 0 0 0 0 0 1 1 1 1 14 5 17724 584820 278300 140418 52938 105776 94836 126290 71388 190924 280220 19870 20538 10428 11466 20192 19354 65456 51272 20376 2073600 2073600 4 12 417372 994560 993600 112890 112920 95766 95796 12 12 12 12 13 4 4 4 
[17698.121062] MESSAGE_B= 0 4 4 178 14 6 192 0 248 179 0 2552 2460 2540 2471 2425 2440 2428 2435 798 760 784 770 968 896 970 890 0 12 255 255 255 255 0 0 0 0 0 0 0 0 1 1 1 1 14 6 9438 526728 278300 140418 52938 105776 94836 126290 71388 190924 280220 19870 20538 10428 11466 20192 19354 65456 51272 20376 2073600 2073600 2 12 417332 990720 993600 112885 112918 95746 95783 12 12 12 12 4 4 4 4 
[17698.399964] MESSAGE_B= 4 4 4 178 14 5 192 0 248 179 0 2552 2462 2540 2470 2461 2440 2464 2435 799 757 789 774 945 896 948 889 0 12 255 255 255 255 0 0 0 0 0 0 0 0 1 1 1 1 14 5 16820 571474 278300 140418 52938 105776 94836 126290 71388 190924 280220 19870 20538 10428 11466 20192 19354 65456 51272 20376 2073600 2073600 4 12 417354 994560 993600 112895 112913 95757 95789 12 12 12 12 5 4 4 4 
[17698.555991] MESSAGE_B= 0 4 4 179 14 5 192 0 248 179 0 2551 2462 2541 2471 2437 2439 2439 2435 800 758 785 769 960 894 965 888 0 12 255 255 255 255 0 0 0 0 0 0 0 0 1 1 1 1 14 5 10252 526600 278300 140418 52938 105776 94836 126290 71388 190924 280220 19870 20538 10428 11466 20192 19354 65456 51272 20376 2073600 2073600 2 12 417337 990720 993600 112890 112920 95745 95782 12 12 12 12 5 4 4 4 
[17698.833957] MESSAGE_B= 4 4 4 179 15 5 192 0 248 179 0 2552 2476 2541 2488 2437 2440 2439 2435 799 743 784 755 960 895 963 887 0 12 255 255 255 255 0 0 0 0 0 0 0 0 1 1 1 1 15 5 18664 572758 278300 140418 52938 105776 94836 126290 71388 190924 280220 19870 20538 10428 11466 20192 19354 65456 51272 20376 2073600 2073600 4 12 417324 994560 993600 112876 112916 95752 95780 12 12 12 12 5 4 4 4 
[17699.112958] MESSAGE_B= 0 4 4 180 14 5 192 0 248 179 0 2553 2460 2540 2470 2438 2440 2440 2435 800 757 785 772 959 895 962 889 0 12 255 255 255 255 0 0 0 0 0 0 0 0 1 1 1 1 14 5 9966 526582 278300 140418 52938 105776 94836 126290 71388 190924 280220 19870 20538 10428 11466 20192 19354 65456 51272 20376 2073600 2073600 2 12 417345 990720 993600 112892 112914 95754 95785 12 12 12 12 5 4 4 4 
[17699.398954] MESSAGE_B= 4 4 4 180 14 5 192 0 248 179 0 2552 2463 2541 2471 2427 2441 2427 2436 799 758 787 771 966 895 972 889 0 12 255 255 255 255 0 0 0 0 0 0 0 0 1 1 1 1 14 5 17766 573674 278300 140418 52938 105776 94836 126290 71388 190924 280220 19870 20538 10428 11466 20192 19354 65456 51272 20376 2073600 2073600 4 12 417361 994560 993600 112898 112919 95765 95779 12 12 12 12 5 4 4 4 
[17699.676967] MESSAGE_B= 0 4 4 180 13 5 192 0 248 179 0 2552 2462 2542 2470 2426 2442 2427 2436 799 757 785 773 967 893 972 889 0 12 255 255 255 255 0 0 0 0 0 0 0 0 1 1 1 1 13 5 10668 526814 278300 140418 52938 105776 94836 126290 71388 190924 280220 19870 20538 10428 11466 20192 19354 65456 51272 20376 2073600 2073600 2 12 417359 990720 993600 112896 112919 95759 95785 12 12 12 12 4 4 4 4 
[17699.934975] MESSAGE_B= 4 4 4 180 13 5 192 0 248 179 0 2552 2463 2542 2471 2426 2442 2427 2436 799 758 787 772 969 894 971 888 0 12 255 255 255 255 0 0 0 0 0 0 0 0 1 1 1 1 13 5 18574 573520 278300 140418 52938 105776 94836 126290 71388 190924 280220 19870 20538 10428 11466 20192 19354 65456 51272 20376 2073600 2073600 4 12 417355 994560 993600 112895 112921 95760 95779 12 12 12 12 4 4 4 4 
[17700.212961] MESSAGE_B= 0 4 4 181 14 5 192 0 248 179 0 2552 2463 2543 2470 2426 2442 2427 2435 799 757 787 773 967 893 971 890 0 12 255 255 255 255 0 0 0 0 0 0 0 0 1 1 1 1 14 5 10770 526414 279874 69638 100578 270266 239334 286594 235848 285498 257098 20084 48064 36942 13800 18632 18356 70428 55966 19386 2073600 2073600 2 12 417360 990720 993600 112895 112930 95755 95780 12 12 12 12 4 4 4 4 
[17700.369266] MESSAGE_B= 4 4 4 181 13 5 192 0 248 179 0 2551 2462 2542 2471 2425 2442 2427 2436 799 759 786 770 969 893 971 889 0 12 255 255 255 255 0 0 0 0 0 0 0 0 1 1 1 1 13 5 20128 572668 279874 69638 100578 270266 239334 286594 235848 285498 257098 20084 48064 36942 13800 18632 18356 70428 55966 19386 2073600 2073600 4 12 417355 994560 993600 112895 112927 95753 95780 12 12 12 12 4 4 4 4 
[17700.654959] MESSAGE_B= 0 4 4 169 15 5 192 0 248 179 0 2552 2477 2536 2480 2458 2435 2460 2431 799 739 784 753 942 893 941 887 0 12 255 255 255 255 0 0 0 0 0 0 0 0 1 1 1 1 15 5 10648 526558 279874 69638 100578 270266 239334 286594 235848 285498 257098 20084 48064 36942 13800 18632 18356 70428 55966 19386 2073600 2073600 2 12 417282 990720 993600 112893 112872 95732 95785 12 12 12 12 5 4 4 4 
[17700.932001] MESSAGE_B= 4 4 4 171 15 5 192 0 248 179 0 2552 2478 2538 2482 2424 2437 2424 2432 798 739 783 750 968 892 966 889 0 12 255 255 255 255 0 0 0 0 0 0 0 0 1 1 1 1 15 5 18710 573952 279874 69638 100578 270266 239334 286594 235848 285498 257098 20084 48064 36942 13800 18632 18356 70428 55966 19386 2073600 2073600 4 12 417301 994560 993600 112888 112892 95754 95767 12 12 12 12 5 4 4 4 
[17701.211506] MESSAGE_B= 0 4 4 172 14 4 192 0 248 179 0 2561 2479 2551 2486 2436 2433 2437 2429 793 746 781 752 947 892 951 889 0 12 255 255 255 255 0 0 0 0 0 0 0 0 1 1 1 1 14 4 9604 526892 279874 69638 100578 270266 239334 286594 235848 285498 257098 20084 48064 36942 13800 18632 18356 70428 55966 19386 2073600 2073600 2 12 417049 990720 993600 112804 112824 95709 95712 12 12 12 12 16 4 4 4 
[17701.492255] MESSAGE_B= 4 4 4 177 8 0 192 0 248 179 0 2697 2674 2706 2666 2321 2207 2320 2210 845 798 840 805 881 848 886 843 0 12 255 255 255 255 0 42 0 120 0 0 0 0 1 2 1 2 8 0 17484 572412 279874 69638 100578 270266 239334 286594 235848 285498 257098 20084 48064 36942 13800 18632 18356 70428 55966 19386 2073600 2073600 4 12 416001 994560 993600 111068 110934 97143 96856 12 12 12 12 40 4 4 4 
[17701.768974] MESSAGE_B= 4 4 4 186 8 1 192 0 248 179 0 2674 2676 2684 2677 2448 2302 2449 2312 836 804 831 806 925 916 934 916 0 12 255 255 255 255 5 91 4 106 0 0 0 0 2 2 2 2 8 1 14764 536190 279874 69638 100578 270266 239334 286594 235848 285498 257098 20084 48064 36942 13800 18632 18356 70428 55966 19386 2073600 2073600 4 12 410333 990720 993600 111173 111029 94212 93919 12 12 12 12 40 4 4 4 
[17702.050426] MESSAGE_B= 0 4 4 185 9 1 192 0 248 179 0 2676 2676 2682 2675 2425 2253 2425 2264 839 804 838 806 922 920 930 921 0 12 255 255 255 255 0 12 0 17 0 0 0 0 1 2 2 2 9 1 12340 590220 279874 69638 100578 270266 239334 286594 235848 285498 257098 20084 48064 36942 13800 18632 18356 70428 55966 19386 2073600 2073600 2 12 413518 994560 993600 111170 111013 95819 95516 12 12 12 12 16 4 4 4 
[17702.327980] MESSAGE_B= 4 4 4 186 8 1 192 0 248 179 0 2676 2673 2679 2675 2423 2261 2425 2273 838 805 832 804 923 912 929 916 0 12 255 255 255 255 0 38 0 24 0 0 0 0 1 2 2 2 8 1 12386 529118 279874 69638 100578 270266 239334 286594 235848 285498 257098 20084 48064 36942 13800 18632 18356 70428 55966 19386 2073600 2073600 5 12 413515 990720 993600 111172 111023 95784 95536 12 12 12 12 9 4 4 4 
[17702.612905] MESSAGE_B= 4 4 4 186 8 1 192 0 248 179 0 2674 2674 2680 2676 2410 2262 2412 2275 840 806 835 805 932 912 937 916 0 12 255 255 255 255 0 39 0 18 0 0 0 0 2 2 2 2 8 1 9302 580142 273928 69878 100142 270700 241456 274940 213722 203390 271656 7920 46674 37302 17146 15698 21790 78272 81900 14788 2073600 2073600 5 12 413516 994560 993600 111165 111022 95806 95523 12 12 12 12 5 4 4 4 
[17702.768474] MESSAGE_B= 4 4 4 187 9 1 192 0 248 179 0 2675 2674 2679 2675 2409 2252 2411 2264 841 804 836 807 934 919 940 921 0 12 255 255 255 255 0 16 0 0 0 0 0 0 2 2 2 2 9 1 10936 529126 273928 69878 100142 270700 241456 274940 213722 203390 271656 7920 46674 37302 17146 15698 21790 78272 81900 14788 2073600 2073600 5 12 413489 990720 993600 111172 111018 95775 95524 12 12 12 12 5 4 4 4 
[17703.048959] MESSAGE_B= 4 4 4 187 9 1 192 0 248 179 0 2676 2675 2681 2676 2424 2250 2425 2264 840 804 833 805 922 919 929 919 0 12 255 255 255 255 0 10 0 0 0 0 0 0 1 2 2 2 9 1 10710 582194 273928 69878 100142 270700 241456 274940 213722 203390 271656 7920 46674 37302 17146 15698 21790 78272 81900 14788 2073600 2073600 5 12 413536 994560 993600 111182 111035 95793 95526 12 12 12 12 5 4 4 4 
[17703.328968] MESSAGE_B= 4 4 4 188 9 1 192 0 248 179 0 2675 2675 2681 2678 2409 2251 2412 2263 837 805 837 806 934 917 939 922 0 12 255 255 255 255 0 16 0 2 0 0 0 0 2 2 2 2 9 1 11190 528856 273928 69878 100142 270700 241456 274940 213722 203390 271656 7920 46674 37302 17146 15698 21790 78272 81900 14788 2073600 2073600 5 12 413510 990720 993600 111167 111033 95798 95512 12 12 12 12 5 4 4 4 
[17703.606957] MESSAGE_B= 4 4 4 188 9 1 192 0 248 179 0 2676 2675 2682 2675 2409 2250 2411 2264 838 803 834 808 932 916 939 923 0 12 255 255 255 255 0 19 0 0 0 0 0 0 2 2 2 2 9 1 9956 581100 273928 69878 100142 270700 241456 274940 213722 203390 271656 7920 46674 37302 17146 15698 21790 78272 81900 14788 2073600 2073600 5 12 413530 994560 993600 111176 111035 95784 95535 12 12 12 12 5 4 4 4 
[17703.883959] MESSAGE_B= 4 4 4 188 9 1 192 0 248 179 0 2676 2675 2679 2674 2409 2249 2411 2265 838 803 835 808 933 916 941 920 0 12 255 255 255 255 0 20 0 18 0 0 0 0 2 2 2 2 9 1 10536 528998 273928 69878 100142 270700 241456 274940 213722 203390 271656 7920 46674 37302 17146 15698 21790 78272 81900 14788 2073600 2073600 5 12 413480 990720 993600 111177 111012 95772 95519 12 12 12 12 5 4 4 4 
[17704.160959] MESSAGE_B= 4 4 4 189 9 1 192 0 248 179 0 2675 2675 2680 2676 2410 2240 2411 2254 840 805 834 805 932 920 939 927 0 12 255 255 255 255 0 9 0 1 0 0 0 0 2 2 2 2 9 1 9128 580826 273928 69878 100142 270700 241456 274940 213722 203390 271656 7920 46674 37302 17146 15698 21790 78272 81900 14788 2073600 2073600 5 12 413496 994560 993600 111187 111023 95776 95510 12 12 12 12 5 4 4 4 
[17704.440630] MESSAGE_B= 4 4 4 189 9 1 192 0 248 179 0 2676 2674 2680 2676 2423 2240 2424 2254 839 804 837 807 923 921 932 926 0 12 255 255 255 255 0 10 0 4 0 0 0 0 1 2 1 2 9 1 10050 529672 273928 69878 100142 270700 241456 274940 213722 203390 271656 7920 46674 37302 17146 15698 21790 78272 81900 14788 2073600 2073600 5 12 413495 990720 993600 111185 111025 95773 95512 12 12 12 12 5 4 4 4 
[17704.717971] MESSAGE_B= 4 4 4 189 9 1 192 0 248 179 0 2677 2675 2681 2676 2423 2239 2425 2254 837 804 835 805 924 923 929 925 0 12 255 255 255 255 0 1 0 1 0 0 0 0 2 2 1 2 9 1 10542 580552 273928 69878 100142 270700 241456 274940 213722 203390 271656 7920 46674 37302 17146 15698 21790 78272 81900 14788 2073600 2073600 5 12 413493 994560 993600 111189 111027 95772 95505 12 12 12 12 4 4 4 4 
[17704.999966] MESSAGE_B= 4 4 4 189 9 1 192 0 248 179 0 2676 2675 2680 2675 2410 2240 2411 2255 839 803 837 806 933 920 940 926 0 12 255 255 255 255 0 3 0 1 0 0 0 0 2 2 2 2 9 1 10004 529436 275012 136208 109896 298986 195616 303162 232678 182160 271852 8382 65760 53534 20712 19442 13368 83552 79898 17138 2073600 2073600 5 12 413508 990720 993600 111186 111027 95778 95517 12 12 12 12 4 4 4 4 
[17705.277974] MESSAGE_B= 4 4 4 190 9 1 192 0 248 179 0 2676 2674 2680 2675 2410 2240 2411 2254 837 803 836 807 932 921 940 926 0 12 255 255 255 255 0 7 0 7 0 0 0 0 2 2 2 2 9 1 10206 579486 275012 136208 109896 298986 195616 303162 232678 182160 271852 8382 65760 53534 20712 19442 13368 83552 79898 17138 2073600 2073600 5 12 413497 994560 993600 111188 111020 95781 95508 12 12 12 12 5 4 4 4 
[17705.443965] MESSAGE_B= 4 4 4 190 9 1 192 0 248 179 0 2676 2674 2680 2676 2410 2239 2411 2254 837 804 836 805 932 922 940 927 0 12 255 255 255 255 0 9 0 5 0 0 0 0 2 2 2 2 9 1 10114 528862 275012 136208 109896 298986 195616 303162 232678 182160 271852 8382 65760 53534 20712 19442 13368 83552 79898 17138 2073600 2073600 5 12 413497 990720 993600 111188 111022 95778 95509 12 12 12 12 5 4 4 4 
[17705.725986] MESSAGE_B= 4 4 4 193 8 1 192 0 248 179 0 2715 2697 2727 2681 2325 2322 2324 2328 829 767 821 763 970 965 971 962 0 12 255 255 255 255 28 91 39 54 0 0 0 0 2 2 2 2 8 1 10606 580404 275012 136208 109896 298986 195616 303162 232678 182160 271852 8382 65760 53534 20712 19442 13368 83552 79898 17138 2073600 2073600 5 12 410789 994560 993600 111373 111307 94148 93961 12 12 12 12 42 4 4 4 
[17706.002964] MESSAGE_B= 4 4 4 196 8 0 192 0 248 179 0 2857 2796 2850 2765 2626 2381 2629 2381 819 829 815 822 817 912 825 906 0 12 255 255 255 255 96 54 175 54 0 0 0 0 2 2 2 2 8 0 19238 528762 275012 136208 109896 298986 195616 303162 232678 182160 271852 8382 65760 53534 20712 19442 13368 83552 79898 17138 2073600 2073600 4 12 407559 990720 993600 112702 112665 90968 91224 12 12 12 12 45 4 4 4 
[17706.283975] MESSAGE_B= 0 4 4 192 9 1 192 0 248 179 0 2856 2797 2849 2763 2633 2378 2637 2379 821 829 815 820 807 914 818 911 0 12 255 255 255 255 77 15 147 8 0 0 0 0 2 2 2 2 9 1 6304 601948 275012 136208 109896 298986 195616 303162 232678 182160 271852 8382 65760 53534 20712 19442 13368 83552 79898 17138 2073600 2073600 2 12 408304 994560 993600 112686 112642 91362 91614 12 12 12 12 45 4 4 4 
[17706.561643] MESSAGE_B= 4 4 4 191 9 1 192 0 248 179 0 2857 2796 2851 2765 2557 2371 2559 2371 820 829 815 822 873 912 877 909 0 12 255 255 255 255 58 34 48 51 0 0 0 0 2 2 2 2 9 1 9134 564068 275012 136208 109896 298986 195616 303162 232678 182160 271852 8382 65760 53534 20712 19442 13368 83552 79898 17138 2073600 2073600 5 12 409352 990720 993600 112682 112663 91898 92109 12 12 12 12 10 4 4 4 
[17706.721529] MESSAGE_B= 4 4 4 192 9 1 192 0 248 179 0 2855 2797 2850 2767 2557 2370 2560 2372 822 829 817 823 872 913 876 907 0 12 255 255 255 255 70 41 49 51 0 0 0 0 2 2 2 2 9 1 7576 628758 275012 136208 109896 298986 195616 303162 232678 182160 271852 8382 65760 53534 20712 19442 13368 83552 79898 17138 2073600 2073600 5 12 409357 994560 993600 112683 112665 91906 92103 12 12 12 12 10 4 4 4 
[17707.003959] MESSAGE_B= 4 4 4 192 9 1 192 0 248 179 0 2856 2811 2849 2781 2545 2370 2547 2372 822 818 813 808 883 911 888 907 0 12 255 255 255 255 36 43 9 13 0 0 0 0 2 2 2 2 9 1 9408 542820 275012 136208 109896 298986 195616 303162 232678 182160 271852 8382 65760 53534 20712 19442 13368 83552 79898 17138 2073600 2073600 5 12 409296 990720 993600 112674 112652 91872 92098 12 12 12 12 5 4 4 4 
[17707.280964] MESSAGE_B= 4 4 4 193 9 1 192 0 248 179 0 2857 2811 2849 2779 2532 2371 2534 2372 822 819 816 810 892 914 901 907 0 12 255 255 255 255 44 37 70 15 0 0 0 0 2 2 2 2 9 1 7032 630046 336542 128658 108954 299140 238368 392576 299702 277836 340492 7234 72726 53478 13284 11356 13774 77032 65034 9078 2073600 2073600 5 12 409313 994560 993600 112675 112658 91876 92104 12 12 12 12 5 4 4 4 
[17707.557957] MESSAGE_B= 4 4 4 193 9 1 192 0 248 179 0 2858 2789 2849 2763 2507 2370 2510 2371 821 827 814 822 913 915 919 909 0 12 255 255 255 255 57 44 41 46 0 0 0 0 2 2 2 2 9 1 9294 542820 336542 128658 108954 299140 238368 392576 299702 277836 340492 7234 72726 53478 13284 11356 13774 77032 65034 9078 2073600 2073600 5 12 409284 990720 993600 112659 112648 91881 92096 12 12 12 12 5 4 4 4 
[17707.840959] MESSAGE_B= 4 4 4 194 10 1 192 0 248 179 0 2858 2773 2850 2754 2471 2361 2475 2361 820 837 813 838 940 919 944 915 0 12 255 255 255 255 56 32 74 49 0 0 0 0 2 2 2 2 10 1 6868 629476 336542 128658 108954 299140 238368 392576 299702 277836 340492 7234 72726 53478 13284 11356 13774 77032 65034 9078 2073600 2073600 5 12 409333 994560 993600 112660 112673 91882 92118 12 12 12 12 5 4 4 4 
[17708.120951] MESSAGE_B= 4 4 4 194 9 1 192 0 248 179 0 2856 2790 2848 2767 2507 2371 2510 2371 822 824 814 826 913 912 918 909 0 12 255 255 255 255 38 41 41 49 0 0 0 0 2 2 2 2 9 1 8792 542854 336542 128658 108954 299140 238368 392576 299702 277836 340492 7234 72726 53478 13284 11356 13774 77032 65034 9078 2073600 2073600 5 12 409292 990720 993600 112650 112655 91883 92104 12 12 12 12 5 4 4 4 
[17708.402455] MESSAGE_B= 4 4 4 194 9 1 192 0 248 179 0 2857 2788 2848 2768 2569 2359 2572 2362 823 822 814 822 859 920 868 913 0 12 255 255 255 255 39 39 60 46 0 0 0 0 2 2 2 2 9 1 6572 628548 336542 128658 108954 299140 238368 392576 299702 277836 340492 7234 72726 53478 13284 11356 13774 77032 65034 9078 2073600 2073600 5 12 409304 994560 993600 112650 112657 91880 92117 12 12 12 12 5 4 4 4 
[17708.683504] MESSAGE_B= 4 4 4 194 9 1 192 0 248 179 0 2857 2788 2849 2764 2556 2360 2560 2361 822 823 815 821 871 919 876 915 0 12 255 255 255 255 39 34 16 41 0 0 0 0 2 2 2 2 9 1 9020 543418 336542 128658 108954 299140 238368 392576 299702 277836 340492 7234 72726 53478 13284 11356 13774 77032 65034 9078 2073600 2073600 5 12 409292 990720 993600 112656 112638 91883 92115 12 12 12 12 5 4 4 4 
[17708.961979] MESSAGE_B= 4 4 4 194 10 1 192 0 248 179 0 2857 2789 2852 2765 2557 2360 2559 2361 823 824 816 823 871 920 878 914 0 12 255 255 255 255 44 30 30 49 0 0 0 0 2 2 2 2 10 1 6494 629184 336542 128658 108954 299140 238368 392576 299702 277836 340492 7234 72726 53478 13284 11356 13774 77032 65034 9078 2073600 2073600 5 12 409300 994560 993600 112659 112655 91875 92111 12 12 12 12 5 4 4 4 
[17709.238969] MESSAGE_B= 4 4 4 194 10 1 192 0 248 179 0 2858 2788 2851 2766 2569 2359 2572 2361 821 821 817 821 859 921 864 914 0 12 255 255 255 255 37 37 46 48 0 0 0 0 2 2 2 2 10 1 8672 542944 336542 128658 108954 299140 238368 392576 299702 277836 340492 7234 72726 53478 13284 11356 13774 77032 65034 9078 2073600 2073600 5 12 409305 990720 993600 112654 112658 91877 92116 12 12 12 12 5 4 4 4 
[17709.515957] MESSAGE_B= 4 4 4 194 9 0 192 0 248 179 0 0 912 0 934 821 1445 798 1393 0 0 0 0 0 0 0 0 1 12 255 253 251 255 0 0 0 0 0 0 0 0 0 0 0 0 9 0 6044 629012 336542 128658 108954 299140 238368 392576 299702 277836 340492 7234 72726 53478 13284 11356 13774 77032 65034 9078 2073600 2073600 5 12 442034 994560 993600 114268 114298 106757 106711 12 12 12 12 75 4 4 4 
[17709.669964] MESSAGE_B= 4 4 4 178 9 1 192 0 248 179 0 0 746 0 785 869 1026 836 1032 0 0 0 0 0 0 0 0 1 12 244 251 255 255 0 0 0 0 0 0 0 0 0 0 0 0 9 1 13926 541924 244310 113490 113038 348852 268990 368686 275438 265158 340988 24004 45910 41172 7966 13202 10414 67782 67120 9204 2073600 2073600 5 12 481297 990720 993600 119768 119737 120914 120878 12 12 12 12 75 4 4 4 
