[ 3393.616956] MESSAGE_B= 5 0 0 251 25 1 192 0 248 179 0 0 0 0 0 0 0 0 0 0 0 0 0 0 0 0 0 1 12 0 0 0 0 0 0 0 0 0 0 0 0 1 0 0 1 25 1 1902 0 13092 245490 70418 2 2 2 303252 281264 2 686 260714 13730 2 2 2 257064 276380 2 2073600 2073600 6 12 506614 994560 993600 126759 126793 126477 126585 12 12 12 12 63 0 0 0 
[ 3393.885962] MESSAGE_B= 4 0 0 251 25 1 192 0 248 179 0 0 0 0 0 0 0 0 0 0 0 0 0 0 0 0 0 1 12 0 0 0 0 0 0 0 0 0 0 0 0 1 0 0 1 25 1 2186 19950 13092 245490 70418 2 2 2 303252 281264 2 686 260714 13730 2 2 2 257064 276380 2 2073600 2073600 4 12 506558 990720 993600 126730 126766 126477 126585 12 12 12 12 44 0 0 0 
[ 3394.155956] MESSAGE_B= 5 0 0 251 16 1 192 0 248 179 0 0 0 0 0 0 0 0 0 0 0 0 0 0 0 0 0 1 12 0 0 0 0 0 0 0 0 0 0 0 0 1 0 0 1 16 1 1980 0 13092 245490 70418 2 2 2 303252 281264 2 686 260714 13730 2 2 2 257064 276380 2 2073600 2073600 6 12 506537 994560 993600 126704 126771 126477 126585 12 12 12 12 69 0 0 0 
[ 3394.425950] MESSAGE_B= 4 0 0 251 25 1 192 0 248 179 0 0 0 0 0 0 0 0 0 0 0 0 0 0 0 0 0 1 12 0 0 0 0 0 0 0 0 0 0 0 0 1 0 0 1 25 1 2236 21116 13092 245490 70418 2 2 2 303252 281264 2 686 260714 13730 2 2 2 257064 276380 2 2073600 2073600 4 12 506521 990720 993600 126703 126756 126477 126585 12 12 12 12 69 0 0 0 
[ 3394.577952] MESSAGE_B= 5 0 0 251 29 1 192 0 248 179 0 0 0 0 0 0 0 0 0 0 0 0 0 0 0 0 0 1 12 0 0 0 0 0 0 0 0 0 0 0 0 1 0 0 1 29 1 2244 0 13092 245490 70418 2 2 2 303252 281264 2 686 260714 13730 2 2 2 257064 276380 2 2073600 2073600 6 12 506542 994560 993600 126724 126756 126477 126585 12 12 12 12 69 0 0 0 
[ 3394.846959] MESSAGE_B= 4 0 0 251 21 1 192 0 248 179 0 0 0 0 0 0 0 0 0 0 0 0 0 0 0 0 0 1 12 0 0 0 0 0 0 0 0 0 0 0 0 1 0 0 1 21 1 2190 21352 13092 245490 70418 2 2 2 303252 281264 2 686 260714 13730 2 2 2 257064 276380 2 2073600 2073600 4 12 506510 990720 993600 126704 126744 126477 126585 12 12 12 12 65 0 0 0 
[ 3395.116958] MESSAGE_B= 5 0 0 251 22 1 192 0 248 179 0 0 0 0 0 0 0 0 0 0 0 0 0 0 0 0 0 1 12 0 0 0 0 0 0 0 0 0 0 0 0 1 0 0 1 22 1 1996 0 15496 220324 21568 16646 19220 5580 314792 289512 18520 2850 258326 14618 2914 1522 3078 249474 264964 3030 2073600 2073600 6 12 506520 994560 993600 126701 126757 126477 126585 12 12 12 12 65 0 0 0 
[ 3395.393949] MESSAGE_B= 4 0 0 252 17 1 192 0 248 179 0 0 0 0 0 0 0 0 0 0 0 0 0 0 0 0 0 1 12 0 0 0 0 0 0 0 0 0 0 0 0 1 0 0 1 17 1 2190 21698 15496 220324 21568 16646 19220 5580 314792 289512 18520 2850 258326 14618 2914 1522 3078 249474 264964 3030 2073600 2073600 4 12 506499 990720 993600 126684 126753 126477 126585 12 12 12 12 29 0 0 0 
[ 3395.673788] MESSAGE_B= 5 0 0 251 15 1 192 0 248 179 0 0 0 0 0 0 0 0 0 0 0 0 0 0 0 0 0 1 12 0 0 0 0 0 0 0 0 0 0 0 0 1 0 0 1 15 1 2200 0 15496 220324 21568 16646 19220 5580 314792 289512 18520 2850 258326 14618 2914 1522 3078 249474 264964 3030 2073600 2073600 6 12 506544 994560 993600 126727 126755 126477 126585 12 12 12 12 26 0 0 0 
[ 3395.944967] MESSAGE_B= 4 0 0 251 12 1 192 0 248 179 0 0 0 0 0 0 0 0 0 0 0 0 0 0 0 0 0 1 12 0 0 0 0 0 0 0 0 0 0 0 0 1 0 0 1 12 1 2248 21198 15496 220324 21568 16646 19220 5580 314792 289512 18520 2850 258326 14618 2914 1522 3078 249474 264964 3030 2073600 2073600 4 12 506520 990720 993600 126723 126735 126477 126585 12 12 12 12 60 0 0 0 
[ 3396.217951] MESSAGE_B= 5 0 0 251 14 1 192 0 248 179 0 0 0 0 0 0 0 0 0 0 0 0 0 0 0 0 0 1 12 0 0 0 0 0 0 0 0 0 0 0 0 1 0 0 1 14 1 1720 0 15496 220324 21568 16646 19220 5580 314792 289512 18520 2850 258326 14618 2914 1522 3078 249474 264964 3030 2073600 2073600 6 12 506574 994560 993600 126738 126774 126477 126585 12 12 12 12 60 0 0 0 
[ 3396.497796] MESSAGE_B= 4 0 0 251 22 1 192 0 248 179 0 0 0 0 0 0 0 0 0 0 0 0 0 0 0 0 0 1 12 0 0 0 0 0 0 0 0 0 0 0 0 1 0 0 1 22 1 2240 20884 15496 220324 21568 16646 19220 5580 314792 289512 18520 2850 258326 14618 2914 1522 3078 249474 264964 3030 2073600 2073600 4 12 506554 990720 993600 126721 126771 126477 126585 12 12 12 12 49 0 0 0 
[ 3396.659111] MESSAGE_B= 5 0 0 252 21 1 192 0 248 179 0 0 0 0 0 0 0 0 0 0 0 0 0 0 0 0 0 1 12 0 0 0 0 0 0 0 0 0 0 0 0 1 0 0 1 21 1 1610 0 15496 220324 21568 16646 19220 5580 314792 289512 18520 2850 258326 14618 2914 1522 3078 249474 264964 3030 2073600 2073600 6 12 506483 994560 993600 126688 126733 126477 126585 12 12 12 12 70 0 0 0 
[ 3396.936950] MESSAGE_B= 4 0 0 251 17 1 192 0 248 179 0 0 0 0 0 0 0 0 0 0 0 0 0 0 0 0 0 1 12 0 0 0 0 0 0 0 0 0 0 0 0 1 0 0 1 17 1 2186 20774 15496 220324 21568 16646 19220 5580 314792 289512 18520 2850 258326 14618 2914 1522 3078 249474 264964 3030 2073600 2073600 4 12 506549 990720 993600 126724 126763 126477 126585 12 12 12 12 70 0 0 0 
[ 3397.208953] MESSAGE_B= 5 0 0 251 21 1 192 0 248 179 0 0 0 0 0 0 0 0 0 0 0 0 0 0 0 0 0 1 12 0 0 0 0 0 0 0 0 0 0 0 0 1 0 0 1 21 1 2304 0 15496 220324 21568 16646 19220 5580 314792 289512 18520 2850 258326 14618 2914 1522 3078 249474 264964 3030 2073600 2073600 6 12 506521 994560 993600 126718 126741 126477 126585 12 12 12 12 45 0 0 0 
[ 3397.479953] MESSAGE_B= 4 0 0 252 16 1 192 0 248 179 0 0 0 0 0 0 0 0 0 0 0 0 0 0 0 0 0 1 12 0 0 0 0 0 0 0 0 0 0 0 0 1 0 0 1 16 1 2242 20104 15398 255936 41706 14092 20078 5590 316032 287544 18216 2174 257584 15006 2662 1186 3144 249564 265592 2416 2073600 2073600 4 12 506467 990720 993600 126697 126708 126477 126585 12 12 12 12 51 0 0 0 
[ 3397.755356] MESSAGE_B= 5 0 0 251 20 1 192 0 248 179 0 0 0 0 0 0 0 0 0 0 0 0 0 0 0 0 0 1 12 0 0 0 0 0 0 0 0 0 0 0 0 1 0 0 1 20 1 1862 0 15398 255936 41706 14092 20078 5590 316032 287544 18216 2174 257584 15006 2662 1186 3144 249564 265592 2416 2073600 2073600 6 12 506491 994560 993600 126686 126743 126477 126585 12 12 12 12 51 0 0 0 
[ 3398.028944] MESSAGE_B= 4 0 0 252 15 1 192 0 248 179 0 0 0 0 0 0 0 0 0 0 0 0 0 0 0 0 0 1 12 0 0 0 0 0 0 0 0 0 0 0 0 1 0 0 1 15 1 2236 20780 15398 255936 41706 14092 20078 5590 316032 287544 18216 2174 257584 15006 2662 1186 3144 249564 265592 2416 2073600 2073600 4 12 506517 990720 993600 126711 126744 126477 126585 12 12 12 12 34 0 0 0 
[ 3398.301955] MESSAGE_B= 5 0 0 252 15 1 192 0 248 179 0 0 0 0 0 0 0 0 0 0 0 0 0 0 0 0 0 1 12 0 0 0 0 0 0 0 0 0 0 0 0 1 0 0 1 15 1 2128 0 15398 255936 41706 14092 20078 5590 316032 287544 18216 2174 257584 15006 2662 1186 3144 249564 265592 2416 2073600 2073600 6 12 506577 994560 993600 126737 126778 126477 126585 12 12 12 12 31 0 0 0 
[ 3398.580739] MESSAGE_B= 4 0 0 252 28 1 192 0 248 179 0 0 0 0 0 0 0 0 0 0 0 0 0 0 0 0 0 1 12 0 0 0 0 0 0 0 0 0 0 0 0 1 0 0 1 28 1 2190 20698 15398 255936 41706 14092 20078 5590 316032 287544 18216 2174 257584 15006 2662 1186 3144 249564 265592 2416 2073600 2073600 4 12 506710 990720 993600 126835 126813 126477 126585 12 12 12 12 55 0 0 0 
[ 3398.857947] MESSAGE_B= 5 0 0 251 36 1 192 0 248 179 0 0 0 0 0 0 0 0 0 0 0 0 0 0 0 0 0 1 12 0 0 0 0 0 0 0 0 0 0 0 0 1 0 0 1 36 1 2646 0 15398 255936 41706 14092 20078 5590 316032 287544 18216 2174 257584 15006 2662 1186 3144 249564 265592 2416 2073600 2073600 6 12 506902 994560 993600 126940 126900 126477 126585 12 12 12 12 63 0 0 0 
[ 3399.133307] MESSAGE_B= 4 0 0 252 42 1 192 0 248 179 0 0 0 0 0 0 0 0 0 0 0 0 0 0 0 0 0 1 12 0 0 0 0 0 0 0 0 0 0 0 0 1 0 0 1 42 1 2240 19714 15398 255936 41706 14092 20078 5590 316032 287544 18216 2174 257584 15006 2662 1186 3144 249564 265592 2416 2073600 2073600 4 12 507190 990720 993600 127073 127055 126477 126585 12 12 12 12 63 0 0 0 
[ 3399.413958] MESSAGE_B= 5 0 0 251 41 1 192 0 248 179 0 0 0 0 0 0 0 0 0 0 0 0 0 0 0 0 0 1 12 0 0 0 0 0 0 0 0 0 0 0 0 1 0 0 1 41 1 1722 0 15398 255936 41706 14092 20078 5590 316032 287544 18216 2174 257584 15006 2662 1186 3144 249564 265592 2416 2073600 2073600 6 12 507683 994560 993600 127284 127337 126477 126585 12 12 12 12 40 0 0 0 
[ 3399.689299] MESSAGE_B= 4 0 0 251 51 1 192 0 248 179 0 0 0 0 0 0 0 0 0 0 0 0 0 0 0 0 0 1 12 0 0 0 0 0 0 0 0 1 1 0 0 1 0 0 1 51 1 2240 23626 15398 255936 41706 14092 20078 5590 316032 287544 18216 2174 257584 15006 2662 1186 3144 249564 265592 2416 2073600 2073600 4 12 509270 990720 993600 128104 128104 126477 126585 12 12 12 12 29 0 0 0 
[ 3399.840953] MESSAGE_B= 5 7 0 252 2 1 192 0 248 179 0 0 0 0 0 0 0 0 0 0 0 0 0 0 0 0 0 1 12 0 0 0 0 0 0 0 0 1 1 1 1 1 1 1 1 2 1 930 0 25592 245612 37438 13872 19566 13768 311696 278294 20632 1908 256674 15654 2600 1266 2832 249152 267622 2116 2073600 2073600 6 12 512416 994560 993600 128104 128104 128104 128104 12 12 12 12 29 0 0 0 
[ 3400.097964] MESSAGE_B= 4 7 0 252 2 1 192 0 248 179 0 0 0 0 0 0 0 0 0 0 0 0 0 0 0 0 0 1 12 0 0 0 0 0 0 0 0 1 1 1 1 1 1 1 1 2 1 0 30276 25592 245612 37438 13872 19566 13768 311696 278294 20632 1908 256674 15654 2600 1266 2832 249152 267622 2116 2073600 2073600 4 12 512416 990720 993600 128104 128104 128104 128104 12 12 12 12 7 0 0 0 
[ 3400.372843] MESSAGE_B= 4 7 0 252 2 1 192 0 248 179 0 0 0 0 0 0 0 0 0 0 0 0 0 0 0 0 0 1 12 0 0 0 0 0 0 0 0 1 1 1 1 1 1 1 1 2 1 0 0 25592 245612 37438 13872 19566 13768 311696 278294 20632 1908 256674 15654 2600 1266 2832 249152 267622 2116 2073600 2073600 4 12 512416 994560 993600 128104 128104 128104 128104 12 12 12 12 0 0 0 0 
[ 3400.651768] MESSAGE_B= 4 7 0 252 3 1 192 0 248 179 0 0 0 0 0 0 0 0 0 0 0 0 0 0 0 0 0 1 12 0 0 0 0 0 0 0 0 1 1 1 1 1 1 1 1 3 1 0 0 25592 245612 37438 13872 19566 13768 311696 278294 20632 1908 256674 15654 2600 1266 2832 249152 267622 2116 2073600 2073600 4 12 512416 990720 993600 128104 128104 128104 128104 12 12 12 12 51 0 0 0 
[ 3400.923952] MESSAGE_B= 5 0 0 251 13 1 192 0 248 179 0 0 357 0 1025 1156 0 332 0 0 0 0 0 0 0 0 0 1 12 0 0 0 0 0 0 0 0 0 1 0 1 0 1 0 1 13 1 728 0 25592 245612 37438 13872 19566 13768 311696 278294 20632 1908 256674 15654 2600 1266 2832 249152 267622 2116 2073600 2073600 6 12 510067 994560 993600 127062 127163 128104 127738 12 12 12 12 64 0 0 0 
[ 3401.196965] MESSAGE_B= 4 0 0 251 19 1 192 0 248 179 0 0 427 0 1358 1451 0 423 0 0 0 0 0 0 0 0 0 1 12 0 0 0 0 0 0 0 0 0 1 0 1 0 1 0 1 19 1 4294 20686 25592 245612 37438 13872 19566 13768 311696 278294 20632 1908 256674 15654 2600 1266 2832 249152 267622 2116 2073600 2073600 4 12 509418 990720 993600 126774 126878 128104 127662 12 12 12 12 105 0 0 0 
[ 3401.470952] MESSAGE_B= 0 0 0 252 29 1 192 0 248 179 0 0 478 0 1450 1602 0 448 0 0 0 0 0 0 0 0 0 1 12 18 0 0 0 0 0 0 0 0 0 0 1 0 0 0 1 29 1 2162 4534 25592 245612 37438 13872 19566 13768 311696 278294 20632 1908 256674 15654 2600 1266 2832 249152 267622 2116 2073600 2073600 2 12 508932 994560 993600 126523 126708 128104 127597 12 12 12 12 105 0 0 0 
[ 3401.745953] MESSAGE_B= 0 0 0 251 3 1 192 0 248 179 0 0 492 0 1537 1564 0 472 0 0 0 0 0 0 0 0 0 1 12 0 21 0 0 0 0 0 0 0 0 0 0 0 0 0 0 3 1 5116 28916 25592 245612 37438 13872 19566 13768 311696 278294 20632 1908 256674 15654 2600 1266 2832 249152 267622 2116 2073600 2073600 2 12 503077 990720 993600 126532 126597 125260 124688 12 12 12 12 83 0 0 0 
[ 3402.029326] MESSAGE_B= 0 0 0 251 4 1 192 0 248 179 0 0 522 0 1630 1742 0 478 0 0 0 0 0 0 0 0 0 1 12 0 0 0 0 0 0 0 0 0 0 0 0 0 0 0 0 4 1 1802 5200 25592 245612 37438 13872 19566 13768 311696 278294 20632 1908 256674 15654 2600 1266 2832 249152 267622 2116 2073600 2073600 2 12 502809 994560 993600 126374 126522 125260 124653 12 12 12 12 54 0 0 0 
[ 3402.303157] MESSAGE_B= 0 0 0 251 4 1 192 0 248 179 0 0 524 0 1637 1736 0 477 0 0 0 0 0 0 0 0 0 1 12 0 0 0 0 0 0 0 0 0 0 0 0 0 0 0 0 4 1 7840 25850 34360 224054 14878 2 8986 16790 303524 246540 37940 5536 255402 17322 2 2274 2962 245096 247270 5708 2073600 2073600 2 12 502818 990720 993600 126376 126518 125260 124664 12 12 12 12 54 0 0 0 
[ 3402.584974] MESSAGE_B= 0 0 0 251 4 1 192 0 248 179 0 0 521 0 1648 1732 0 481 0 0 0 0 0 0 0 0 0 1 12 0 0 0 0 0 0 0 0 0 0 0 0 0 0 0 0 4 1 2122 5394 34360 224054 14878 2 8986 16790 303524 246540 37940 5536 255402 17322 2 2274 2962 245096 247270 5708 2073600 2073600 2 12 502800 994560 993600 126383 126507 125260 124650 12 12 12 12 39 0 0 0 
[ 3402.744420] MESSAGE_B= 0 0 0 251 4 1 192 0 248 179 0 0 540 0 1641 1721 0 484 0 0 0 0 0 0 0 0 0 1 12 0 0 0 0 0 0 0 0 0 0 0 0 0 0 0 0 4 1 8212 29056 34360 224054 14878 2 8986 16790 303524 246540 37940 5536 255402 17322 2 2274 2962 245096 247270 5708 2073600 2073600 2 12 502789 990720 993600 126375 126510 125260 124644 12 12 12 12 39 0 0 0 
[ 3403.021972] MESSAGE_B= 0 0 0 251 4 1 192 0 248 179 0 0 540 0 1653 1756 0 488 0 0 0 0 0 0 0 0 0 1 12 0 0 0 0 0 0 0 0 0 0 0 0 0 0 0 0 4 1 2376 5498 34360 224054 14878 2 8986 16790 303524 246540 37940 5536 255402 17322 2 2274 2962 245096 247270 5708 2073600 2073600 2 12 502760 994560 993600 126352 126498 125260 124650 12 12 12 12 34 0 0 0 
[ 3403.295959] MESSAGE_B= 0 0 0 251 4 1 192 0 248 179 0 0 520 0 1642 1734 0 482 0 0 0 0 0 0 0 0 0 1 12 0 0 0 0 0 0 0 0 0 0 0 0 0 0 0 0 4 1 8148 31904 34360 224054 14878 2 8986 16790 303524 246540 37940 5536 255402 17322 2 2274 2962 245096 247270 5708 2073600 2073600 2 12 502803 990720 993600 126380 126510 125260 124653 12 12 12 12 34 0 0 0 
[ 3403.570966] MESSAGE_B= 0 0 0 251 4 1 192 0 248 179 0 0 518 0 1637 1702 0 474 0 0 0 0 0 0 0 0 0 1 12 0 0 0 0 0 0 0 0 0 0 0 0 0 0 0 0 4 1 1814 5576 34360 224054 14878 2 8986 16790 303524 246540 37940 5536 255402 17322 2 2274 2962 245096 247270 5708 2073600 2073600 2 12 502843 994560 993600 126405 126520 125260 124658 12 12 12 12 27 0 0 0 
[ 3403.845022] MESSAGE_B= 0 0 0 251 4 1 192 0 248 179 0 0 524 0 1642 1748 0 481 0 0 0 0 0 0 0 0 0 1 12 0 0 0 0 0 0 0 0 0 0 0 0 0 0 0 0 4 1 8120 30988 34360 224054 14878 2 8986 16790 303524 246540 37940 5536 255402 17322 2 2274 2962 245096 247270 5708 2073600 2073600 2 12 502789 990720 993600 126367 126511 125260 124651 12 12 12 12 42 0 0 0 
[ 3404.086972] MESSAGE_B= 0 0 0 251 4 1 192 0 248 179 0 0 526 0 1657 1729 0 478 0 0 0 0 0 0 0 0 0 1 12 0 0 0 0 0 0 0 0 0 0 0 0 0 0 0 0 4 1 1762 5622 34360 224054 14878 2 8986 16790 303524 246540 37940 5536 255402 17322 2 2274 2962 245096 247270 5708 2073600 2073600 2 12 502782 994560 993600 126379 126502 125260 124641 12 12 12 12 42 0 0 0 
[ 3404.363880] MESSAGE_B= 0 0 0 251 4 1 192 0 248 179 0 0 518 0 1642 1722 0 480 0 0 0 0 0 0 0 0 0 1 12 0 0 0 0 0 0 0 0 0 0 0 0 0 0 0 0 4 1 8250 30484 34360 224054 14878 2 8986 16790 303524 246540 37940 5536 255402 17322 2 2274 2962 245096 247270 5708 2073600 2073600 2 12 502826 990720 993600 126390 126512 125260 124664 12 12 12 12 26 0 0 0 
[ 3404.637948] MESSAGE_B= 0 0 0 251 4 1 192 0 248 179 0 0 538 0 1534 1761 0 501 0 0 0 0 0 0 0 0 0 1 12 0 0 0 0 0 0 0 0 0 0 0 0 0 0 0 1 4 1 2414 5458 33824 235484 41962 33052 17686 27506 315712 266870 39862 5468 241632 22832 5852 6048 6562 232600 244404 5806 2073600 2073600 2 12 502901 994560 993600 126375 126608 125260 124658 12 12 12 12 26 0 0 0 
[ 3404.911954] MESSAGE_B= 0 0 0 251 4 1 192 0 248 179 0 0 524 0 1632 1718 0 477 0 0 0 0 0 0 0 0 0 1 12 0 0 0 0 0 0 0 0 0 0 0 0 0 0 0 0 4 1 8016 31780 33824 235484 41962 33052 17686 27506 315712 266870 39862 5468 241632 22832 5852 6048 6562 232600 244404 5806 2073600 2073600 2 12 502811 990720 993600 126389 126522 125260 124640 12 12 12 12 38 0 0 0 
[ 3405.186949] MESSAGE_B= 0 0 0 251 4 1 192 0 248 179 0 0 529 0 1604 1764 0 498 0 0 0 0 0 0 0 0 0 1 12 0 0 0 0 0 0 0 0 0 0 0 0 0 0 0 1 4 1 2030 5468 33824 235484 41962 33052 17686 27506 315712 266870 39862 5468 241632 22832 5852 6048 6562 232600 244404 5806 2073600 2073600 2 12 502846 994560 993600 126368 126558 125260 124660 12 12 12 12 38 0 0 0 
[ 3405.463952] MESSAGE_B= 0 0 0 251 4 1 192 0 248 179 0 0 504 0 1565 1761 0 503 0 0 0 0 0 0 0 0 0 1 12 18 0 0 0 0 0 3 0 0 0 0 0 0 0 0 0 4 1 7766 29982 33824 235484 41962 33052 17686 27506 315712 266870 39862 5468 241632 22832 5852 6048 6562 232600 244404 5806 2073600 2073600 2 12 502872 990720 993600 126395 126568 125260 124649 12 12 12 12 23 0 0 0 
[ 3405.739956] MESSAGE_B= 0 0 0 251 4 1 192 0 248 179 0 0 546 0 1653 1754 0 477 0 0 0 0 0 0 0 0 0 1 12 0 0 0 0 0 0 0 0 0 0 0 0 0 0 0 0 4 1 1978 5518 33824 235484 41962 33052 17686 27506 315712 266870 39862 5468 241632 22832 5852 6048 6562 232600 244404 5806 2073600 2073600 2 12 502760 994560 993600 126345 126506 125260 124649 12 12 12 12 42 0 0 0 
[ 3406.013955] MESSAGE_B= 0 0 0 251 4 1 192 0 248 179 0 0 521 0 1636 1728 0 489 0 0 0 0 0 0 0 0 0 1 12 0 0 0 0 0 0 0 0 0 0 0 0 0 0 0 0 4 1 8178 31346 33824 235484 41962 33052 17686 27506 315712 266870 39862 5468 241632 22832 5852 6048 6562 232600 244404 5806 2073600 2073600 2 12 502800 990720 993600 126385 126510 125260 124645 12 12 12 12 42 0 0 0 
[ 3406.287953] MESSAGE_B= 0 0 0 251 4 1 192 0 248 179 0 0 510 0 1540 1752 0 503 0 0 0 0 0 0 0 0 0 1 12 17 0 0 0 0 0 0 0 0 0 0 0 0 0 0 0 4 1 2064 5490 33824 235484 41962 33052 17686 27506 315712 266870 39862 5468 241632 22832 5852 6048 6562 232600 244404 5806 2073600 2073600 2 12 502882 994560 993600 126391 126589 125260 124642 12 12 12 12 51 0 0 0 
[ 3406.440974] MESSAGE_B= 0 0 0 251 4 1 192 0 248 179 0 0 532 0 1569 1733 0 498 0 0 0 0 0 0 0 0 0 1 12 18 0 0 0 0 0 3 0 0 0 0 0 0 0 0 1 4 1 7938 31776 33824 235484 41962 33052 17686 27506 315712 266870 39862 5468 241632 22832 5852 6048 6562 232600 244404 5806 2073600 2073600 2 12 502894 990720 993600 126387 126584 125260 124663 12 12 12 12 51 0 0 0 
[ 3406.595206] MESSAGE_B= 0 0 0 251 4 1 192 0 248 179 0 0 530 0 1630 1713 0 473 0 0 0 0 0 0 0 0 0 1 12 0 0 0 0 0 0 0 0 0 0 0 0 0 0 0 0 4 1 7938 31776 33824 235484 41962 33052 17686 27506 315712 266870 39862 5468 241632 22832 5852 6048 6562 232600 244404 5806 2073600 2073600 2 12 502829 990720 993600 126388 126526 125260 124655 12 12 12 12 51 0 0 0 
[ 3406.754634] MESSAGE_B= 0 0 0 251 4 1 192 0 248 179 0 0 532 0 1600 1761 0 494 0 0 0 0 0 0 0 0 0 1 12 0 0 0 0 0 0 0 0 0 0 0 0 0 0 0 1 4 1 7938 31776 33824 235484 41962 33052 17686 27506 315712 266870 39862 5468 241632 22832 5852 6048 6562 232600 244404 5806 2073600 2073600 2 12 502853 990720 993600 126369 126564 125260 124660 12 12 12 12 51 0 0 0 
[ 3406.906954] MESSAGE_B= 0 0 0 251 4 1 192 0 248 179 0 0 521 0 1642 1714 0 476 0 0 0 0 0 0 0 0 0 1 12 0 0 0 0 0 0 0 0 0 0 0 0 0 0 0 1 4 1 1830 5506 33824 235484 41962 33052 17686 27506 315712 266870 39862 5468 241632 22832 5852 6048 6562 232600 244404 5806 2073600 2073600 2 12 502819 994560 993600 126394 126515 125260 124650 12 12 12 12 24 0 0 0 
[ 3407.057989] MESSAGE_B= 0 0 0 251 4 1 192 0 248 179 0 0 533 0 1612 1736 0 503 0 0 0 0 0 0 0 0 0 1 12 0 0 0 0 0 0 0 0 0 0 0 0 0 0 0 1 4 1 1830 5506 34668 238166 40810 31230 17752 27020 315890 266464 39918 6150 240742 20326 5952 6322 6884 231760 244542 5520 2073600 2073600 2 12 502854 994560 993600 126382 126549 125260 124663 12 12 12 12 54 0 0 0 
[ 3407.579968] MESSAGE_B= 0 0 0 251 4 1 192 0 248 179 0 0 532 0 1652 1721 0 468 0 0 0 0 0 0 0 0 0 1 12 0 0 0 0 0 0 0 0 0 0 0 0 0 0 0 1 4 1 8232 29022 34668 238166 40810 31230 17752 27020 315890 266464 39918 6150 240742 20326 5952 6322 6884 231760 244542 5520 2073600 2073600 2 12 502794 990720 993600 126381 126514 125260 124639 12 12 12 12 62 0 0 0 
[ 3407.859956] MESSAGE_B= 0 0 0 251 4 1 192 0 248 179 0 0 520 0 1634 1732 0 465 0 0 0 0 0 0 0 0 0 1 12 0 0 0 0 0 0 0 0 0 0 0 0 0 0 0 1 4 1 1918 5506 34668 238166 40810 31230 17752 27020 315890 266464 39918 6150 240742 20326 5952 6322 6884 231760 244542 5520 2073600 2073600 2 12 502818 994560 993600 126381 126529 125260 124648 12 12 12 12 30 0 0 0 
[ 3408.134952] MESSAGE_B= 0 0 0 251 4 1 192 0 248 179 0 0 533 0 1566 1746 0 497 0 0 0 0 0 0 0 0 0 1 12 0 0 0 0 0 0 0 0 0 0 0 0 0 0 0 1 4 1 8076 31130 34668 238166 40810 31230 17752 27020 315890 266464 39918 6150 240742 20326 5952 6322 6884 231760 244542 5520 2073600 2073600 2 12 502884 990720 993600 126382 126587 125260 124655 12 12 12 12 20 0 0 0 
[ 3408.286955] MESSAGE_B= 0 0 0 251 4 1 192 0 248 179 0 0 524 0 1650 1728 0 474 0 0 0 0 0 0 0 0 0 1 12 0 0 0 0 0 0 0 0 0 0 0 0 0 0 0 0 4 1 1862 5486 34668 238166 40810 31230 17752 27020 315890 266464 39918 6150 240742 20326 5952 6322 6884 231760 244542 5520 2073600 2073600 2 12 502797 994560 993600 126382 126510 125260 124645 12 12 12 12 20 0 0 0 
[ 3408.568355] MESSAGE_B= 0 0 0 251 4 1 192 0 248 179 0 0 529 0 1636 1716 0 488 0 0 0 0 0 0 0 0 0 1 12 0 0 0 0 0 0 0 0 0 0 0 0 0 0 0 0 4 1 8016 29806 34668 238166 40810 31230 17752 27020 315890 266464 39918 6150 240742 20326 5952 6322 6884 231760 244542 5520 2073600 2073600 2 12 502813 990720 993600 126390 126511 125260 124652 12 12 12 12 27 0 0 0 
[ 3408.840957] MESSAGE_B= 0 0 0 251 4 1 192 0 248 179 0 0 530 0 1652 1738 0 481 0 0 0 0 0 0 0 0 0 1 12 0 0 0 0 0 0 0 0 0 0 0 0 0 0 0 0 4 1 2278 5464 34668 238166 40810 31230 17752 27020 315890 266464 39918 6150 240742 20326 5952 6322 6884 231760 244542 5520 2073600 2073600 2 12 502774 994560 993600 126368 126504 125260 124642 12 12 12 12 42 0 0 0 
[ 3409.124947] MESSAGE_B= 0 0 0 251 4 1 192 0 248 179 0 0 553 0 1674 1760 0 481 0 0 0 0 0 0 0 0 0 1 12 0 0 0 0 0 0 0 0 0 0 0 0 0 0 0 0 4 1 8158 31046 34668 238166 40810 31230 17752 27020 315890 266464 39918 6150 240742 20326 5952 6322 6884 231760 244542 5520 2073600 2073600 2 12 502716 990720 993600 126336 126487 125259 124634 12 12 12 12 43 0 0 0 
[ 3409.405828] MESSAGE_B= 0 0 0 250 3 1 192 0 248 179 0 0 558 0 1697 1782 16 494 1024 0 0 0 0 0 0 0 0 1 12 0 0 0 0 0 0 0 0 0 0 0 0 0 0 0 0 3 1 1852 5534 34622 235528 43256 32990 17776 27824 317384 269006 39364 6008 236608 18664 5980 6176 6228 230976 244112 5548 2073600 2073600 2 12 502575 994560 993600 126307 126432 125228 124608 12 12 12 12 43 0 0 0 
[ 3409.678950] MESSAGE_B= 0 0 0 230 3 1 192 0 248 179 0 0 160 0 266 262 52 110 468 0 0 0 0 0 0 0 0 1 12 0 0 0 0 10 0 0 0 0 0 0 0 0 0 0 0 3 1 61220 30630 34622 235528 43256 32990 17776 27824 317384 269006 39364 6008 236608 18664 5980 6176 6228 230976 244112 5548 2073600 2073600 1 12 498815 990720 993600 124821 125689 124225 124080 12 12 12 12 38 0 0 0 
[ 3409.960162] MESSAGE_B= 0 0 0 228 2 2 192 0 248 179 0 680 673 661 627 642 818 975 583 99 387 403 193 26 512 745 23 0 12 232 250 84 1 29 62 41 29 2 0 2 0 0 0 0 0 2 2 335448 159064 34622 235528 43256 32990 17776 27824 317384 269006 39364 6008 236608 18664 5980 6176 6228 230976 244112 5548 2073600 2073600 1 12 266919 994560 993600 51765 84377 56059 89301 5 12 5 12 26 0 0 0 
[ 3410.236972] MESSAGE_B= 0 0 0 230 3 2 192 0 248 179 0 2005 676 1548 731 0 914 0 692 1131 383 912 116 0 616 0 24 0 5 170 232 0 34 0 82 46 59 2 0 1 0 1 0 0 0 3 2 448932 111642 34622 235528 43256 32990 17776 27824 317384 269006 39364 6008 236608 18664 5980 6176 6228 230976 244112 5548 2073600 2073600 2 5 371965 990720 993600 111231 76647 116775 67312 5 5 5 5 31 4 0 0 
[ 3410.511955] MESSAGE_B= 0 0 0 235 2 2 192 0 248 179 0 1334 910 832 940 1326 1506 915 834 256 509 380 364 54 910 413 97 0 5 203 227 33 66 20 81 71 7 0 2 2 2 2 2 0 2 2 2 383932 28740 34622 235528 43256 32990 17776 27824 317384 269006 39364 6008 236608 18664 5980 6176 6228 230976 244112 5548 2073600 2073600 1 5 483238 994560 993600 123164 120680 123312 116082 5 5 5 5 31 0 0 0 
[ 3410.666340] MESSAGE_B= 0 0 0 239 2 1 192 0 248 179 0 1475 1052 1173 1330 1378 1420 1408 1262 218 517 706 358 48 340 692 129 0 5 190 198 14 10 3 66 131 21 2 2 2 2 0 2 2 2 2 1 450678 113346 34622 235528 43256 32990 17776 27824 317384 269006 39364 6008 236608 18664 5980 6176 6228 230976 244112 5548 2073600 2073600 2 5 493994 990720 993600 124784 124736 123588 120886 5 5 5 5 32 0 0 0 
[ 3410.946006] MESSAGE_B= 0 0 0 238 2 2 192 0 248 179 0 1710 1402 1288 1589 1666 1704 1278 1535 137 354 604 193 51 454 476 124 0 5 169 174 10 3 99 54 126 41 2 2 2 2 0 2 2 2 2 2 307148 131770 34622 235528 43256 32990 17776 27824 317384 269006 39364 6008 236608 18664 5980 6176 6228 230976 244112 5548 2073600 2073600 1 5 497892 994560 993600 125940 125931 123610 122411 5 5 5 5 32 0 0 0 
[ 3411.221971] MESSAGE_B= 0 0 0 240 3 1 192 0 248 179 0 1923 1396 1347 1719 1908 1413 1270 1585 91 237 273 196 60 165 149 217 0 5 125 119 53 140 39 17 43 35 0 2 0 2 0 0 0 2 3 1 457644 181190 34622 235528 43256 32990 17776 27824 317384 269006 39364 6008 236608 18664 5980 6176 6228 230976 244112 5548 2073600 2073600 2 5 508408 990720 993600 126349 126570 128057 127432 5 5 5 5 37 0 0 0 
[ 3411.498956] MESSAGE_B= 0 0 0 238 3 1 192 0 248 179 0 2035 1788 1719 1861 1971 1894 1757 1889 77 140 264 92 33 83 189 74 0 5 10 61 124 104 118 17 63 91 2 0 2 0 0 0 2 0 3 1 268162 61802 34622 235528 43256 32990 17776 27824 317384 269006 39364 6008 236608 18664 5980 6176 6228 230976 244112 5548 2073600 2073600 2 5 507517 994560 993600 125699 127030 127276 127512 5 5 5 5 37 0 0 0 
[ 3411.777955] MESSAGE_B= 0 0 0 228 2 1 192 0 248 179 0 2237 1670 1562 1878 2205 1971 1606 1903 46 134 141 186 45 204 122 178 0 5 9 21 81 150 90 71 87 19 2 0 0 0 0 0 0 0 2 1 257720 116532 153882 52174 56356 74032 65946 26252 88104 32264 154706 448276 3414 210170 581146 884902 29690 896944 39106 414370 2073600 2073600 2 5 505565 990720 993600 124075 127814 125711 127965 5 5 5 5 36 4 0 0 
[ 3412.059959] MESSAGE_B= 0 0 0 209 3 2 192 0 248 179 0 2285 1799 1715 1807 2254 2145 1680 1938 49 144 190 183 68 89 124 180 0 5 42 19 43 119 132 18 54 108 2 0 2 0 0 0 0 0 3 2 384630 147470 153882 52174 56356 74032 65946 26252 88104 32264 154706 448276 3414 210170 581146 884902 29690 896944 39106 414370 2073600 2073600 2 5 498713 994560 993600 119874 127634 123463 127742 5 5 5 5 36 5 0 0 
[ 3412.335968] MESSAGE_B= 0 0 0 199 2 2 192 0 248 179 0 2276 1947 1667 1843 2253 2137 1628 1948 66 142 220 186 49 93 133 212 0 5 40 23 75 111 157 24 17 82 2 0 2 0 0 0 2 0 2 2 426552 124570 153882 52174 56356 74032 65946 26252 88104 32264 154706 448276 3414 210170 581146 884902 29690 896944 39106 414370 2073600 2073600 1 5 489654 990720 993600 115805 127843 118100 127906 5 5 5 5 43 0 0 0 
[ 3412.611966] MESSAGE_B= 0 0 0 205 3 1 192 0 248 179 0 2278 1856 1664 1836 2272 1997 1577 1868 72 172 160 159 59 167 100 201 0 5 5 20 48 166 97 105 89 28 2 0 2 0 0 0 0 0 3 1 437912 168340 153882 52174 56356 74032 65946 26252 88104 32264 154706 448276 3414 210170 581146 884902 29690 896944 39106 414370 2073600 2073600 2 5 501036 994560 993600 122211 127583 123640 127602 5 5 5 5 60 0 0 0 
[ 3412.893956] MESSAGE_B= 0 0 0 197 3 1 192 0 248 179 0 2260 1838 1652 1816 2249 1926 1563 1890 77 167 151 171 72 185 93 210 0 5 26 37 102 192 147 73 54 37 2 0 2 0 0 0 0 0 3 1 457534 102152 153882 52174 56356 74032 65946 26252 88104 32264 154706 448276 3414 210170 581146 884902 29690 896944 39106 414370 2073600 2073600 2 5 499338 990720 993600 121214 127593 122843 127688 5 5 5 5 60 0 0 0 
[ 3413.178222] MESSAGE_B= 0 0 0 194 3 2 192 0 248 179 0 2271 1897 1702 1854 2242 1878 1569 1777 75 149 161 185 62 237 97 194 0 5 50 6 87 179 177 45 66 81 2 0 0 0 0 0 0 0 3 2 457722 112620 153882 52174 56356 74032 65946 26252 88104 32264 154706 448276 3414 210170 581146 884902 29690 896944 39106 414370 2073600 2073600 2 5 494725 994560 993600 117760 127697 121503 127765 5 5 5 5 64 5 0 0 
[ 3413.459972] MESSAGE_B= 0 0 0 212 3 1 192 0 248 179 0 2276 1896 1671 1969 2244 1916 1509 1903 71 140 134 147 56 197 76 269 0 5 8 42 110 166 137 38 23 123 2 0 0 0 0 0 0 0 3 1 453840 76294 153882 52174 56356 74032 65946 26252 88104 32264 154706 448276 3414 210170 581146 884902 29690 896944 39106 414370 2073600 2073600 2 5 498215 990720 993600 120191 127774 122776 127474 5 5 5 5 64 4 0 0 
[ 3413.624960] MESSAGE_B= 0 0 0 203 3 2 192 0 248 179 0 2273 1803 1782 2074 2262 1789 1599 1872 47 125 149 111 62 173 105 345 0 5 103 7 77 172 146 77 36 131 2 0 0 0 0 0 0 0 3 2 465130 91278 153882 52174 56356 74032 65946 26252 88104 32264 154706 448276 3414 210170 581146 884902 29690 896944 39106 414370 2073600 2073600 2 5 497377 994560 993600 121459 127692 121279 126947 5 5 5 5 61 5 0 0 
[ 3413.910954] MESSAGE_B= 0 0 0 194 3 1 192 0 248 179 0 2259 1962 1883 1940 2208 1992 1685 1687 73 150 189 166 55 186 138 545 0 5 17 75 34 190 104 82 57 16 2 0 2 0 0 0 0 0 3 1 361854 89634 153882 52174 56356 74032 65946 26252 88104 32264 154706 448276 3414 210170 581146 884902 29690 896944 39106 414370 2073600 2073600 2 5 498410 990720 993600 121714 127883 124018 124795 5 5 5 5 57 0 0 0 
[ 3414.192953] MESSAGE_B= 0 0 0 210 3 1 192 0 248 179 0 2266 1904 1803 1911 2233 1929 1668 1472 43 146 173 145 71 181 112 509 0 5 64 16 30 202 129 72 67 84 2 0 2 0 0 0 0 0 3 1 422522 131802 152902 100266 27056 112262 74840 18086 57114 73326 115372 626258 496892 958566 665400 897458 19190 818218 31166 435698 2073600 2073600 2 5 495884 994560 993600 122117 127485 123630 122652 5 5 5 5 62 0 0 0 
[ 3414.468952] MESSAGE_B= 0 0 0 203 3 2 192 0 248 179 0 2275 1935 1757 1902 2251 1944 1657 1307 61 194 185 201 59 165 139 619 0 5 73 108 46 104 175 136 65 174 2 0 2 0 0 0 0 0 3 2 561344 126578 152902 100266 27056 112262 74840 18086 57114 73326 115372 626258 496892 958566 665400 897458 19190 818218 31166 435698 2073600 2073600 2 5 490933 990720 993600 119931 127674 123461 119867 5 5 5 5 62 5 0 0 
[ 3414.754965] MESSAGE_B= 0 0 0 210 3 1 192 0 248 179 0 2239 1814 1665 2046 2257 1733 1559 1303 87 160 172 122 65 198 119 506 0 5 100 29 160 168 109 26 53 38 2 0 2 0 0 0 0 0 3 1 422730 63496 152902 100266 27056 112262 74840 18086 57114 73326 115372 626258 496892 958566 665400 897458 19190 818218 31166 435698 2073600 2073600 2 5 500367 994560 993600 124636 127396 124602 123733 5 5 5 5 55 0 0 0 
[ 3415.031973] MESSAGE_B= 0 0 0 219 3 2 192 0 248 179 0 2259 1937 1763 2069 2209 1731 1639 1262 71 137 203 136 57 138 151 482 0 5 88 130 40 72 18 115 29 56 2 0 0 0 0 0 0 2 3 2 558758 124304 152902 100266 27056 112262 74840 18086 57114 73326 115372 626258 496892 958566 665400 897458 19190 818218 31166 435698 2073600 2073600 2 5 496050 990720 993600 123835 127920 125177 119118 5 5 5 5 60 4 0 0 
[ 3415.310953] MESSAGE_B= 0 0 0 229 3 1 192 0 248 179 0 2249 1962 2010 2125 2255 2054 2073 1477 51 150 178 67 44 146 127 489 0 5 64 139 95 26 57 81 35 62 2 2 2 2 0 0 2 2 3 1 347904 133270 152902 100266 27056 112262 74840 18086 57114 73326 115372 626258 496892 958566 665400 897458 19190 818218 31166 435698 2073600 2073600 2 5 501570 994560 993600 124193 128038 125120 124219 5 5 5 5 60 0 0 0 
[ 3415.586959] MESSAGE_B= 0 0 0 231 3 2 192 0 248 179 0 2263 1723 1667 1881 2255 1883 1616 1083 58 139 195 176 44 139 132 519 0 5 104 82 64 8 63 92 39 74 2 0 2 2 0 0 0 2 3 2 506068 109488 152902 100266 27056 112262 74840 18086 57114 73326 115372 626258 496892 958566 665400 897458 19190 818218 31166 435698 2073600 2073600 2 5 479810 990720 993600 121109 127392 123444 107865 5 5 5 5 68 0 0 0 
[ 3415.747957] MESSAGE_B= 0 0 0 219 3 1 192 0 248 179 0 2260 1628 1644 1893 2247 1742 1524 1012 40 134 190 200 47 132 169 494 0 5 138 14 69 12 180 19 49 39 2 2 2 2 0 0 0 2 3 1 466144 148076 152902 100266 27056 112262 74840 18086 57114 73326 115372 626258 496892 958566 665400 897458 19190 818218 31166 435698 2073600 2073600 2 5 483570 994560 993600 123041 127998 124526 108005 5 5 5 5 68 5 0 0 
[ 3416.031961] MESSAGE_B= 0 0 0 202 3 2 192 0 248 179 0 2278 1775 1642 1951 2257 1753 1425 973 64 193 177 234 53 142 234 475 0 5 74 132 41 43 151 120 111 50 2 0 0 2 0 0 0 2 3 2 552666 220630 152902 100266 27056 112262 74840 18086 57114 73326 115372 626258 496892 958566 665400 897458 19190 818218 31166 435698 2073600 2073600 2 5 475441 990720 993600 120488 127897 123069 103987 5 5 5 5 68 5 0 0 
[ 3416.311959] MESSAGE_B= 0 0 0 205 3 1 192 0 248 179 0 2244 1681 1508 1664 2235 1647 1246 1004 79 163 107 199 74 121 363 450 0 5 123 105 6 84 101 31 135 44 0 0 0 2 0 0 0 2 3 1 362526 299452 152902 100266 27056 112262 74840 18086 57114 73326 115372 626258 496892 958566 665400 897458 19190 818218 31166 435698 2073600 2073600 2 5 476585 994560 993600 123181 127564 125291 100549 5 5 5 5 66 5 0 0 
[ 3416.588961] MESSAGE_B= 0 0 0 207 3 1 192 0 248 179 0 2205 1551 1444 1594 2206 1578 1141 1091 86 97 98 111 78 102 414 446 0 5 102 6 9 61 87 33 115 38 0 0 0 0 0 0 0 2 3 1 525526 172256 319204 49014 240710 221160 362706 35066 221152 97658 350142 706644 679032 1001538 501346 724088 135674 1023292 165078 818702 2073600 2073600 2 5 469727 990720 993600 123256 125409 124761 96301 5 5 5 5 66 5 0 0 
[ 3416.867981] MESSAGE_B= 0 0 0 211 3 2 192 0 248 179 0 2211 1617 1457 1786 2213 1654 1104 1154 79 163 100 192 76 160 495 480 0 5 66 81 13 112 105 84 48 75 0 0 0 2 0 0 0 2 3 2 426526 264192 319204 49014 240710 221160 362706 35066 221152 97658 350142 706644 679032 1001538 501346 724088 135674 1023292 165078 818702 2073600 2073600 2 5 474165 994560 993600 124418 127313 125380 97054 5 5 5 5 64 5 0 0 
[ 3417.145745] MESSAGE_B= 0 0 0 203 3 2 192 0 248 179 0 2295 0 657 0 2303 0 450 0 55 0 181 0 105 0 222 0 0 5 48 0 110 0 156 0 0 0 2 1 2 1 2 1 2 1 3 2 524780 150174 319204 49014 240710 221160 362706 35066 221152 97658 350142 706644 679032 1001538 501346 724088 135674 1023292 165078 818702 2073600 2073600 2 5 469503 990720 993600 123869 126422 125585 93627 5 5 5 5 68 0 0 0 
[ 3417.421957] MESSAGE_B= 0 0 0 215 2 2 192 0 248 179 0 2290 0 728 0 2400 0 504 0 64 0 162 0 96 0 24 0 0 5 119 0 255 0 0 0 0 0 0 1 2 1 1 1 2 1 2 2 319710 321222 319204 49014 240710 221160 362706 35066 221152 97658 350142 706644 679032 1001538 501346 724088 135674 1023292 165078 818702 2073600 2073600 1 5 470461 994560 993600 126218 125624 126453 92166 5 5 5 5 68 0 0 0 
[ 3417.701952] MESSAGE_B= 0 0 0 221 3 2 192 0 248 179 0 2404 0 532 0 2341 175 285 841 28 0 109 0 102 60 94 467 0 5 95 0 169 47 0 0 0 0 0 1 2 2 1 1 1 1 3 2 492756 146920 319204 49014 240710 221160 362706 35066 221152 97658 350142 706644 679032 1001538 501346 724088 135674 1023292 165078 818702 2073600 2073600 2 5 471204 990720 993600 126552 125616 124463 94573 5 5 5 5 68 0 0 0 
[ 3417.976960] MESSAGE_B= 0 0 0 225 2 2 192 0 248 179 0 2080 0 352 0 2308 111 396 962 0 0 0 0 97 45 111 1051 0 5 0 0 141 35 0 0 0 0 0 1 2 2 1 1 1 1 2 2 263452 339284 319204 49014 240710 221160 362706 35066 221152 97658 350142 706644 679032 1001538 501346 724088 135674 1023292 165078 818702 2073600 2073600 1 5 468696 994560 993600 126132 125593 120910 96061 5 5 5 5 68 0 0 0 
[ 3418.254960] MESSAGE_B= 0 0 0 220 2 2 192 0 248 179 0 2121 552 720 2262 2167 100 190 468 60 120 285 246 142 45 132 447 0 5 118 107 228 53 221 0 0 56 2 0 2 2 2 1 1 2 2 2 430958 194820 319204 49014 240710 221160 362706 35066 221152 97658 350142 706644 679032 1001538 501346 724088 135674 1023292 165078 818702 2073600 2073600 1 5 457892 990720 993600 123255 125741 116421 92475 5 5 5 5 60 0 0 0 
[ 3418.533960] MESSAGE_B= 0 0 0 215 2 2 192 0 248 179 0 2246 512 929 2272 2321 135 190 345 57 0 210 0 136 65 257 296 0 5 16 0 119 112 79 0 0 118 2 0 2 2 2 1 1 2 2 2 151444 404816 319204 49014 240710 221160 362706 35066 221152 97658 350142 706644 679032 1001538 501346 724088 135674 1023292 165078 818702 2073600 2073600 1 5 450852 994560 993600 122446 125959 113923 88524 5 5 5 5 66 0 0 0 
[ 3418.818261] MESSAGE_B= 0 0 0 209 2 2 192 0 248 179 0 0 657 0 1352 2376 188 280 397 0 128 0 411 81 94 419 365 0 5 0 34 202 31 0 0 49 111 1 0 2 2 0 1 2 2 2 2 456572 157140 319204 49014 240710 221160 362706 35066 221152 97658 350142 706644 679032 1001538 501346 724088 135674 1023292 165078 818702 2073600 2073600 1 5 442619 990720 993600 123153 125319 112426 81721 5 5 5 5 70 0 0 0 
[ 3419.103843] MESSAGE_B= 0 0 0 214 2 3 192 0 248 179 0 0 739 0 1033 513 227 227 380 0 240 0 399 257 134 193 303 0 5 0 156 174 114 46 0 0 188 1 0 2 2 2 1 1 2 2 3 146070 453772 585370 312736 316556 393694 414350 73580 527200 96748 505168 397678 521272 615592 629384 846978 25150 685796 124716 455358 2073600 2073600 3 5 431915 994560 993600 121620 124964 109691 75640 5 5 5 5 72 0 0 0 
[ 3419.263960] MESSAGE_B= 0 0 0 218 2 3 192 0 248 179 0 0 854 0 1034 428 261 693 387 0 237 0 331 220 194 824 320 0 5 0 170 70 113 83 0 0 178 1 0 2 2 2 1 1 2 2 3 429646 218308 585370 312736 316556 393694 414350 73580 527200 96748 505168 397678 521272 615592 629384 846978 25150 685796 124716 455358 2073600 2073600 3 5 427789 990720 993600 122360 125115 108694 71620 5 5 5 5 72 0 0 0 
[ 3419.547961] MESSAGE_B= 0 0 0 212 2 2 192 0 248 179 0 989 1218 1760 891 523 401 449 489 518 230 568 201 269 289 428 334 0 5 78 164 47 195 171 0 0 182 2 2 0 2 2 1 1 2 2 2 114712 541110 585370 312736 316556 393694 414350 73580 527200 96748 505168 397678 521272 615592 629384 846978 25150 685796 124716 455358 2073600 2073600 1 5 404193 994560 993600 120712 115859 105266 62356 5 5 5 5 72 0 0 0 
[ 3419.824954] MESSAGE_B= 0 0 0 216 2 2 192 0 248 179 0 1805 1586 1511 1082 1346 650 384 832 541 175 164 160 793 408 280 284 0 5 165 29 75 169 128 0 162 229 2 2 2 2 2 1 2 2 2 2 484506 285522 585370 312736 316556 393694 414350 73580 527200 96748 505168 397678 521272 615592 629384 846978 25150 685796 124716 455358 2073600 2073600 1 5 380269 990720 993600 119099 109078 103257 57823 5 5 5 12 72 0 0 0 
[ 3420.105961] MESSAGE_B= 0 0 0 228 2 2 192 0 248 179 0 1993 1694 1916 1839 1697 1150 806 1440 252 114 214 142 562 425 331 211 0 5 167 61 138 195 93 0 215 236 2 2 0 2 2 1 2 2 2 2 159988 681312 585370 312736 316556 393694 414350 73580 527200 96748 505168 397678 521272 615592 629384 846978 25150 685796 124716 455358 2073600 2073600 1 5 321470 994560 993600 107813 85073 94651 70359 5 5 5 6 64 0 0 0 
[ 3420.383967] MESSAGE_B= 0 0 0 245 3 2 192 0 248 179 0 2471 2340 2220 2191 1900 1708 1241 1185 182 117 175 345 185 253 265 227 0 31 238 217 41 112 78 85 213 230 0 0 0 2 0 2 2 2 3 2 604208 361284 585370 312736 316556 393694 414350 73580 527200 96748 505168 397678 521272 615592 629384 846978 25150 685796 124716 455358 2073600 2073600 2 6 259482 990720 993600 64425 76714 79173 94746 6 5 5 6 54 4 0 0 
[ 3420.663965] MESSAGE_B= 0 0 0 250 3 2 192 0 248 179 0 2525 2229 2281 2379 1942 1696 1453 1813 160 67 181 207 278 387 201 144 0 5 226 95 55 14 81 133 220 234 0 0 2 2 0 2 2 0 3 2 334334 811114 585370 312736 316556 393694 414350 73580 527200 96748 505168 397678 521272 615592 629384 846978 25150 685796 124716 455358 2073600 2073600 2 6 278953 994560 993600 70975 65708 78611 106623 5 6 5 6 55 0 0 0 
[ 3420.819960] MESSAGE_B= 0 0 0 250 3 2 192 0 248 179 0 2679 2577 2390 2606 2395 1953 1855 1854 43 139 309 103 321 90 70 99 0 5 188 230 19 12 39 41 206 202 2 2 2 2 0 2 2 2 3 2 561210 733556 585370 312736 316556 393694 414350 73580 527200 96748 505168 397678 521272 615592 629384 846978 25150 685796 124716 455358 2073600 2073600 2 5 512370 990720 993600 128097 128104 128082 128087 5 5 5 5 55 0 0 0 
[ 3421.101979] MESSAGE_B= 0 0 0 254 3 2 192 0 248 179 0 2626 2358 1909 1793 2193 1684 1304 1495 102 303 159 211 309 154 187 128 0 5 179 67 93 31 92 109 233 143 2 0 2 0 0 2 2 2 3 2 171792 837226 585370 312736 316556 393694 414350 73580 527200 96748 505168 397678 521272 615592 629384 846978 25150 685796 124716 455358 2073600 2073600 2 5 507620 994560 993600 128094 127784 127899 123843 5 5 5 5 52 0 0 0 
[ 3421.388956] MESSAGE_B= 0 0 0 247 2 2 192 0 248 179 0 2469 2225 1338 1242 2031 691 552 903 102 132 145 650 302 417 364 168 0 5 146 131 61 118 77 186 128 33 2 2 2 2 0 2 2 0 2 2 679104 511820 1218710 599200 735032 828230 852552 103684 617274 23846 1203756 993794 292260 569688 703298 674884 26454 468960 92300 785140 2073600 2073600 1 5 256386 990720 993600 85758 75807 72679 61647 5 5 5 6 55 0 0 0 
[ 3421.667962] MESSAGE_B= 0 0 0 241 2 2 192 0 248 179 0 2456 1889 1547 1582 1620 626 584 856 154 129 229 134 547 418 285 163 0 5 197 88 98 25 105 20 157 167 2 2 2 0 2 2 2 0 2 2 698508 826822 1218710 599200 735032 828230 852552 103684 617274 23846 1203756 993794 292260 569688 703298 674884 26454 468960 92300 785140 2073600 2073600 1 5 260374 994560 993600 107664 61621 74836 62750 5 5 5 6 58 0 0 0 
[ 3421.947861] MESSAGE_B= 0 0 0 229 2 2 192 0 248 179 0 2414 1822 1613 1352 1713 572 611 647 120 173 183 210 548 398 284 171 0 5 219 1 72 48 56 129 34 170 2 2 2 0 2 2 2 0 2 2 579518 480370 1218710 599200 735032 828230 852552 103684 617274 23846 1203756 993794 292260 569688 703298 674884 26454 468960 92300 785140 2073600 2073600 1 5 236044 990720 993600 100706 55589 65448 56612 5 5 5 12 58 0 0 0 
[ 3422.227962] MESSAGE_B= 0 0 0 229 2 2 192 0 248 179 0 2294 1914 1709 1033 1726 765 531 626 67 156 199 301 488 307 267 192 0 31 216 89 73 10 39 129 123 151 0 0 0 0 0 0 0 0 2 2 577136 665248 1218710 599200 735032 828230 852552 103684 617274 23846 1203756 993794 292260 569688 703298 674884 26454 468960 92300 785140 2073600 2073600 1 5 196059 994560 993600 85212 51396 50368 70594 5 6 5 12 57 5 0 0 
[ 3422.514959] MESSAGE_B= 0 0 0 231 2 2 192 0 248 179 0 2222 1839 1638 1067 1658 626 512 678 75 196 202 335 583 297 238 232 0 31 59 90 58 77 39 137 86 125 0 0 0 0 0 0 0 0 2 2 486016 485340 1218710 599200 735032 828230 852552 103684 617274 23846 1203756 993794 292260 569688 703298 674884 26454 468960 92300 785140 2073600 2073600 1 5 216832 990720 993600 99661 51781 53940 71443 5 5 5 12 57 5 0 0 
[ 3422.794962] MESSAGE_B= 0 0 0 227 3 2 192 0 248 179 0 2186 1769 1565 1094 1656 547 613 797 74 237 180 303 527 289 166 266 0 31 33 103 105 181 114 182 101 126 0 0 0 0 0 0 0 0 3 2 551378 649264 1218710 599200 735032 828230 852552 103684 617274 23846 1203756 993794 292260 569688 703298 674884 26454 468960 92300 785140 2073600 2073600 2 5 225178 994560 993600 101978 51833 53567 57240 5 5 5 12 58 5 0 0 
[ 3422.954014] MESSAGE_B= 0 0 0 224 3 2 192 0 248 179 0 2191 1724 1503 1107 1682 517 571 728 90 244 142 263 495 284 177 221 0 31 48 106 107 198 104 191 130 63 0 0 0 0 0 0 0 0 3 2 431144 452910 1218710 599200 735032 828230 852552 103684 617274 23846 1203756 993794 292260 569688 703298 674884 26454 468960 92300 785140 2073600 2073600 2 5 225832 990720 993600 104571 51843 53086 68106 5 5 5 12 58 5 0 0 
[ 3423.231952] MESSAGE_B= 0 0 0 219 3 2 192 0 248 179 0 2220 1702 1429 1169 1643 388 507 747 77 247 153 199 542 284 166 210 0 31 24 106 110 138 66 201 117 23 0 0 0 0 0 0 0 0 3 2 515028 632952 1218710 599200 735032 828230 852552 103684 617274 23846 1203756 993794 292260 569688 703298 674884 26454 468960 92300 785140 2073600 2073600 2 5 213923 994560 993600 95891 52114 56075 71425 5 5 12 12 59 5 0 0 
[ 3423.516551] MESSAGE_B= 0 0 0 215 3 2 192 0 248 179 0 2227 1701 1402 1280 1610 370 526 811 85 249 175 198 563 286 155 194 0 31 64 56 125 49 68 195 131 86 0 0 0 0 0 0 0 0 3 2 321770 475198 1218710 599200 735032 828230 852552 103684 617274 23846 1203756 993794 292260 569688 703298 674884 26454 468960 92300 785140 2073600 2073600 2 5 216220 990720 993600 96585 52914 58854 67265 5 5 12 12 59 5 0 0 
[ 3423.797233] MESSAGE_B= 0 0 0 219 2 2 192 0 248 179 0 2191 1672 1285 1428 1498 339 532 1011 90 266 196 178 563 241 186 182 0 31 115 21 131 30 51 187 112 16 0 0 0 0 0 0 0 0 2 2 454418 620970 967482 968248 1026864 988798 1018784 177660 598474 139158 973796 659456 800550 968406 974118 883450 51538 832626 113908 690306 2073600 2073600 1 5 221612 994560 993600 95550 54328 62628 56089 5 5 12 12 59 5 0 0 
[ 3424.077963] MESSAGE_B= 0 0 0 215 2 2 192 0 248 179 0 2161 1662 1170 1567 1451 400 518 973 121 268 214 210 554 195 191 138 0 31 137 135 149 146 41 157 91 1 0 0 0 0 0 0 0 0 2 2 344246 451410 967482 968248 1026864 988798 1018784 177660 598474 139158 973796 659456 800550 968406 974118 883450 51538 832626 113908 690306 2073600 2073600 1 5 221444 990720 993600 92946 56693 61735 49324 5 5 12 12 59 4 0 0 
[ 3424.359959] MESSAGE_B= 0 0 0 215 3 2 192 0 248 179 0 2184 1707 1224 1951 1453 472 535 974 150 248 254 308 523 179 160 188 0 31 125 231 150 207 25 116 28 171 0 0 0 0 0 0 0 0 3 2 392788 613744 967482 968248 1026864 988798 1018784 177660 598474 139158 973796 659456 800550 968406 974118 883450 51538 832626 113908 690306 2073600 2073600 2 6 205108 994560 993600 80419 67053 57252 57616 5 6 12 6 50 4 0 0 
[ 3424.639965] MESSAGE_B= 0 0 0 222 3 2 192 0 248 179 0 2065 1841 875 2401 1232 249 330 882 384 582 723 257 531 93 162 185 0 31 107 230 62 155 14 87 143 59 0 2 0 0 2 2 2 0 3 2 464688 479208 967482 968248 1026864 988798 1018784 177660 598474 139158 973796 659456 800550 968406 974118 883450 51538 832626 113908 690306 2073600 2073600 2 6 195949 990720 993600 64338 63283 62966 57324 5 6 12 12 65 4 0 0 
[ 3424.799666] MESSAGE_B= 0 0 0 225 2 2 192 0 248 179 0 1968 1767 1124 2354 942 233 374 866 574 643 783 221 488 80 166 246 0 6 144 247 32 187 60 35 145 57 0 2 0 0 2 2 0 0 2 2 361172 662936 967482 968248 1026864 988798 1018784 177660 598474 139158 973796 659456 800550 968406 974118 883450 51538 832626 113908 690306 2073600 2073600 1 6 223381 994560 993600 69074 69536 67235 53935 6 6 12 12 65 4 0 0 
[ 3425.080358] MESSAGE_B= 0 0 0 230 3 2 192 0 248 179 0 2101 1765 1119 2042 1144 419 550 1051 358 376 287 161 332 143 197 187 0 31 122 213 165 159 107 0 26 27 0 0 0 0 0 0 0 0 3 2 147212 488954 967482 968248 1026864 988798 1018784 177660 598474 139158 973796 659456 800550 968406 974118 883450 51538 832626 113908 690306 2073600 2073600 2 6 197277 990720 993600 71882 62729 61133 52274 6 5 12 12 65 4 0 0 
[ 3425.356954] MESSAGE_B= 0 0 0 227 2 2 192 0 248 179 0 2186 1771 1619 2326 1354 298 842 1639 316 339 303 113 480 133 252 236 0 6 134 210 135 187 5 101 107 136 2 2 0 0 0 2 2 0 2 2 265636 720462 967482 968248 1026864 988798 1018784 177660 598474 139158 973796 659456 800550 968406 974118 883450 51538 832626 113908 690306 2073600 2073600 1 5 218541 994560 993600 64689 66557 56242 57340 6 6 12 5 62 0 0 0 
[ 3425.635966] MESSAGE_B= 0 0 0 228 3 2 192 0 248 179 0 2340 1926 1125 1993 1475 699 980 1643 282 296 235 205 324 166 191 104 0 31 33 144 106 54 86 86 32 48 0 0 0 0 0 0 0 0 3 2 402624 464542 967482 968248 1026864 988798 1018784 177660 598474 139158 973796 659456 800550 968406 974118 883450 51538 832626 113908 690306 2073600 2073600 2 6 276030 990720 993600 97909 59501 62543 63735 6 5 6 6 47 4 0 0 
[ 3425.918714] MESSAGE_B= 0 0 0 235 3 2 192 0 248 179 0 2341 2041 676 1957 2027 680 789 1157 183 202 278 143 151 277 279 277 0 6 28 173 35 194 116 82 100 85 0 2 0 2 0 2 0 0 3 2 357070 626012 967482 968248 1026864 988798 1018784 177660 598474 139158 973796 659456 800550 968406 974118 883450 51538 832626 113908 690306 2073600 2073600 2 6 252436 994560 993600 67204 62991 94285 47836 6 5 6 6 47 5 0 0 
[ 3426.197595] MESSAGE_B= 0 0 0 222 3 2 192 0 248 179 0 2291 1932 684 2031 1732 445 655 1077 219 244 348 242 426 115 272 254 0 6 64 198 84 118 10 79 181 100 0 2 0 0 0 2 0 0 3 2 298152 418792 926494 877576 991234 1066628 1006730 159078 638632 126448 883448 561422 380128 724246 693876 489862 37092 230544 125158 497262 2073600 2073600 2 6 238066 990720 993600 70715 59958 78864 42516 6 5 6 6 43 5 0 0 
[ 3426.354976] MESSAGE_B= 0 0 0 221 3 2 192 0 248 179 0 2191 1838 552 1928 1454 413 594 1018 311 331 260 293 447 106 277 299 0 31 63 195 45 122 35 62 151 126 0 2 0 0 2 2 0 0 3 2 318544 613416 926494 877576 991234 1066628 1006730 159078 638632 126448 883448 561422 380128 724246 693876 489862 37092 230544 125158 497262 2073600 2073600 2 6 205382 994560 993600 69682 60423 60808 48222 6 5 6 12 43 0 0 0 
[ 3426.643589] MESSAGE_B= 0 0 0 224 3 2 192 0 248 179 0 661 1109 417 593 364 404 335 477 265 141 175 302 193 99 130 298 0 5 158 61 153 144 10 166 88 6 2 0 0 2 2 2 0 2 3 2 378490 384154 926494 877576 991234 1066628 1006730 159078 638632 126448 883448 561422 380128 724246 693876 489862 37092 230544 125158 497262 2073600 2073600 2 5 331375 990720 993600 118019 90616 56000 66740 5 5 5 5 31 0 0 0 
[ 3426.928843] MESSAGE_B= 0 0 0 219 3 2 192 0 248 179 0 2138 1640 852 1869 1306 467 663 1253 334 361 314 164 396 133 244 196 0 31 120 133 133 136 13 138 118 124 0 0 0 0 0 0 0 0 3 2 306160 593938 926494 877576 991234 1066628 1006730 159078 638632 126448 883448 561422 380128 724246 693876 489862 37092 230544 125158 497262 2073600 2073600 2 5 203215 994560 993600 68263 59285 61108 44130 5 5 12 12 35 4 0 0 
[ 3427.207951] MESSAGE_B= 0 0 0 221 2 2 192 0 248 179 0 2168 1660 856 1840 1314 469 669 1184 341 344 319 183 396 141 258 194 0 31 111 81 113 119 25 143 102 149 0 0 0 0 0 0 0 0 2 2 266060 371744 926494 877576 991234 1066628 1006730 159078 638632 126448 883448 561422 380128 724246 693876 489862 37092 230544 125158 497262 2073600 2073600 1 5 187296 990720 993600 67225 57624 60494 48553 6 5 12 12 35 4 0 0 
[ 3427.484975] MESSAGE_B= 0 0 0 218 3 2 192 0 248 179 0 2231 1695 912 1850 1354 490 698 1296 317 318 321 163 374 137 245 178 0 31 101 63 132 144 48 112 78 89 0 0 0 0 0 0 0 0 3 2 356414 558882 926494 877576 991234 1066628 1006730 159078 638632 126448 883448 561422 380128 724246 693876 489862 37092 230544 125158 497262 2073600 2073600 2 6 208386 994560 993600 75504 56475 55889 46715 6 5 12 6 35 4 0 0 
[ 3427.763955] MESSAGE_B= 0 0 0 223 2 2 192 0 248 179 0 2203 1680 923 1823 1352 485 671 1332 306 310 336 146 363 144 253 213 0 31 108 148 131 184 71 133 32 107 0 0 0 0 0 0 0 0 2 2 290306 362226 926494 877576 991234 1066628 1006730 159078 638632 126448 883448 561422 380128 724246 693876 489862 37092 230544 125158 497262 2073600 2073600 1 6 192411 990720 993600 66264 58416 56184 46156 6 5 12 6 35 4 0 0 
[ 3428.040965] MESSAGE_B= 0 0 0 222 2 2 192 0 248 179 0 2131 1638 978 1833 1383 575 643 1311 290 295 320 129 358 106 218 178 0 31 112 124 163 181 65 116 17 79 0 0 0 0 0 0 0 0 2 2 336084 547768 926494 877576 991234 1066628 1006730 159078 638632 126448 883448 561422 380128 724246 693876 489862 37092 230544 125158 497262 2073600 2073600 1 6 200534 994560 993600 70219 58467 50941 48921 5 5 6 6 35 4 0 0 
[ 3428.327340] MESSAGE_B= 0 0 0 234 3 2 192 0 248 179 0 2002 1526 928 1676 1220 508 560 1128 296 318 288 131 354 108 210 180 0 31 138 150 159 149 66 168 5 82 0 0 0 0 0 0 0 0 3 2 330670 385826 926494 877576 991234 1066628 1006730 159078 638632 126448 883448 561422 380128 724246 693876 489862 37092 230544 125158 497262 2073600 2073600 2 6 188622 990720 993600 62879 58954 56191 49842 5 5 12 12 35 4 0 0 
[ 3428.489950] MESSAGE_B= 0 0 0 234 3 2 192 0 248 179 0 1933 1450 829 1612 1218 392 431 1067 240 325 286 151 295 116 200 156 0 31 144 174 130 124 67 98 53 137 0 0 0 0 0 0 0 0 3 2 290500 545740 834164 764122 870728 821578 838124 203142 454072 161048 839520 477148 710298 479860 378428 510592 64510 307032 93164 451412 2073600 2073600 2 6 197652 994560 993600 74174 55729 60915 56868 6 5 12 12 32 4 0 0 
[ 3428.766969] MESSAGE_B= 0 0 0 241 2 2 192 0 248 179 0 1650 1225 759 1569 933 326 407 1033 254 318 247 141 312 88 188 129 0 31 152 83 87 110 51 158 94 84 0 0 0 0 0 0 0 0 2 2 291078 407490 834164 764122 870728 821578 838124 203142 454072 161048 839520 477148 710298 479860 378428 510592 64510 307032 93164 451412 2073600 2073600 1 6 246167 990720 993600 98674 62264 74902 55203 6 6 12 12 35 4 0 0 
[ 3429.050996] MESSAGE_B= 0 0 0 242 2 2 192 0 248 179 0 1397 1018 940 1249 1145 688 810 995 83 186 178 79 62 69 114 58 0 12 157 107 6 15 3 74 40 53 0 0 2 2 0 2 2 0 2 2 310394 557760 834164 764122 870728 821578 838124 203142 454072 161048 839520 477148 710298 479860 378428 510592 64510 307032 93164 451412 2073600 2073600 1 6 213292 994560 993600 101656 51474 83896 75136 6 6 12 12 35 0 0 0 
[ 3429.335781] MESSAGE_B= 0 0 0 242 3 2 192 0 248 179 0 936 0 644 0 0 0 0 0 54 0 28 0 0 0 0 0 0 5 14 0 0 0 0 0 0 0 2 1 1 1 1 1 1 1 3 2 226732 443900 834164 764122 870728 821578 838124 203142 454072 161048 839520 477148 710298 479860 378428 510592 64510 307032 93164 451412 2073600 2073600 2 12 276751 990720 993600 91846 66500 95351 95343 5 5 12 12 34 0 0 0 
[ 3429.616334] MESSAGE_B= 0 0 0 244 3 2 192 0 248 179 0 633 558 624 547 592 0 560 0 29 25 36 27 0 0 0 0 0 12 85 239 0 0 220 0 0 226 2 2 0 1 2 1 0 2 3 2 267150 611656 834164 764122 870728 821578 838124 203142 454072 161048 839520 477148 710298 479860 378428 510592 64510 307032 93164 451412 2073600 2073600 2 12 468489 994560 993600 96516 118400 127044 126529 12 12 12 12 30 0 0 0 
[ 3429.894952] MESSAGE_B= 0 7 0 247 3 2 192 0 248 179 0 0 0 0 0 0 0 0 0 0 0 0 0 0 0 0 0 1 12 0 0 0 0 0 0 0 0 1 1 1 1 1 1 1 1 3 2 144096 398170 834164 764122 870728 821578 838124 203142 454072 161048 839520 477148 710298 479860 378428 510592 64510 307032 93164 451412 2073600 2073600 2 12 512416 990720 993600 128104 128104 128104 128104 12 12 12 12 27 0 0 0 
[ 3430.051245] MESSAGE_B= 0 7 0 254 3 3 192 0 248 179 0 0 0 0 0 0 0 0 0 0 0 0 0 0 0 0 0 1 12 0 0 0 0 0 0 0 0 1 1 1 1 1 1 1 1 3 3 284794 564114 834164 764122 870728 821578 838124 203142 454072 161048 839520 477148 710298 479860 378428 510592 64510 307032 93164 451412 2073600 2073600 1 12 512416 994560 993600 128104 128104 128104 128104 12 12 12 12 27 0 0 0 
[ 3430.325964] MESSAGE_B= 0 7 0 255 3 3 192 0 248 179 0 0 0 0 0 0 0 0 0 0 0 0 0 0 0 0 0 1 12 0 0 0 0 0 0 0 0 1 1 1 1 1 1 1 1 3 3 7116 101412 834164 764122 870728 821578 838124 203142 454072 161048 839520 477148 710298 479860 378428 510592 64510 307032 93164 451412 2073600 2073600 2 12 512416 990720 993600 128104 128104 128104 128104 12 12 12 12 25 0 0 0 
[ 3430.602954] MESSAGE_B= 4 7 0 255 3 2 192 0 248 179 0 0 0 0 0 0 0 0 0 0 0 0 0 0 0 0 0 1 12 0 0 0 0 0 0 0 0 1 1 1 1 1 1 1 1 3 2 6 34 834164 764122 870728 821578 838124 203142 454072 161048 839520 477148 710298 479860 378428 510592 64510 307032 93164 451412 2073600 2073600 4 12 512416 994560 993600 128104 128104 128104 128104 12 12 12 12 0 0 0 0 
[ 3430.877955] MESSAGE_B= 5 7 0 255 2 2 192 0 248 179 0 0 0 0 0 0 0 0 0 0 0 0 0 0 0 0 0 1 12 0 0 0 0 0 0 0 0 1 1 1 1 1 1 1 1 2 2 92 18 2 869246 875766 874988 929236 1026 808974 12008 2 2 384420 284996 316872 369728 1478 292024 1996 2 2073600 2073600 6 12 512416 990720 993600 128104 128104 128104 128104 12 12 12 12 0 0 0 0 
