[22041.150109] MESSAGE_B= 5 5 0 128 0 10 192 0 248 179 0 0 0 0 0 0 0 0 0 0 0 0 0 0 0 0 0 0 12 0 0 0 0 0 248 241 0 1 1 1 1 1 0 0 1 0 10 95992 32532 2 92278 354830 131028 136694 254176 340308 59382 2 2 32166 35298 57626 58378 64032 99228 70996 2 2073600 2073600 6 12 428861 994560 993600 106169 110769 107349 104574 12 12 12 12 31 5 5 5 
[22041.426952] MESSAGE_B= 5 5 0 115 0 21 192 0 248 179 0 0 0 0 0 0 0 0 0 0 0 0 0 0 0 0 0 0 12 0 0 0 0 0 254 250 0 1 1 1 1 1 0 0 1 0 21 123178 63786 2 92278 354830 131028 136694 254176 340308 59382 2 2 32166 35298 57626 58378 64032 99228 70996 2 2073600 2073600 6 12 383055 990720 993600 93269 103577 96698 89511 12 12 12 12 31 5 5 5 
[22041.706955] MESSAGE_B= 5 5 0 109 0 40 192 0 248 179 0 0 0 0 0 0 1951 0 607 0 0 0 0 0 140 0 27 0 12 0 0 0 46 0 255 254 0 1 1 1 2 1 0 0 1 0 40 123402 79614 2 92278 354830 131028 136694 254176 340308 59382 2 2 32166 35298 57626 58378 64032 99228 70996 2 2073600 2073600 6 12 343433 994560 993600 82685 93969 88137 78642 12 12 12 12 30 5 5 5 
[22041.982257] MESSAGE_B= 5 5 5 111 0 47 192 0 248 179 0 605 0 1981 0 0 2117 0 649 34 0 191 0 0 153 0 45 0 12 75 0 0 153 0 255 255 0 2 1 1 2 1 0 0 1 0 47 118792 76834 2 92278 354830 131028 136694 254176 340308 59382 2 2 32166 35298 57626 58378 64032 99228 70996 2 2073600 2073600 6 12 324241 990720 993600 78060 88806 84007 73368 12 12 12 12 28 5 5 5 
[22042.254957] MESSAGE_B= 5 5 5 112 0 46 192 0 248 179 0 603 0 2064 0 0 2146 0 647 19 0 135 0 0 153 0 36 0 12 123 0 0 183 0 255 254 0 2 1 1 2 1 0 0 1 0 46 121318 83422 115422 51550 193990 34272 54948 63424 61294 196008 107132 87690 14522 3062 49366 49668 52588 63788 88192 80354 2073600 2073600 6 12 322783 994560 993600 77734 88023 83939 73087 12 12 12 12 14 5 5 5 
[22042.530181] MESSAGE_B= 5 5 5 114 0 45 192 0 248 179 0 602 0 2090 0 0 2181 0 647 24 0 117 0 0 207 0 42 0 12 78 0 0 112 0 255 254 0 2 1 1 2 1 0 0 1 0 45 124394 80322 115422 51550 193990 34272 54948 63424 61294 196008 107132 87690 14522 3062 49366 49668 52588 63788 88192 80354 2073600 2073600 6 12 322613 990720 993600 77672 87864 83922 73155 12 12 12 12 20 5 5 5 
[22042.804960] MESSAGE_B= 5 5 5 117 0 49 192 0 248 179 0 604 0 1976 0 0 2159 0 642 21 0 82 0 0 219 0 30 0 12 95 0 0 24 0 254 250 0 2 1 1 2 1 0 0 1 0 49 132414 84474 115422 51550 193990 34272 54948 63424 61294 196008 107132 87690 14522 3062 49366 49668 52588 63788 88192 80354 2073600 2073600 6 12 322841 994560 993600 77666 87885 84004 73286 12 12 12 12 23 5 5 5 
[22042.959958] MESSAGE_B= 5 5 5 120 0 52 192 0 248 179 0 602 0 1972 0 0 2108 0 641 18 0 98 0 0 183 0 40 0 12 83 0 0 13 0 254 248 0 2 1 1 2 1 0 0 1 0 52 120682 87426 115422 51550 193990 34272 54948 63424 61294 196008 107132 87690 14522 3062 49366 49668 52588 63788 88192 80354 2073600 2073600 6 12 323180 990720 993600 77778 87968 84082 73352 12 12 12 12 23 5 5 5 
[22043.233969] MESSAGE_B= 5 5 5 121 0 48 192 0 248 179 0 599 0 1934 0 0 2047 0 639 25 0 78 0 0 144 0 32 0 12 113 0 0 16 0 252 246 0 2 1 1 2 1 0 0 1 0 48 143780 89948 115422 51550 193990 34272 54948 63424 61294 196008 107132 87690 14522 3062 49366 49668 52588 63788 88192 80354 2073600 2073600 6 12 324057 994560 993600 78153 87971 84363 73570 12 12 12 12 23 5 5 5 
[22043.514179] MESSAGE_B= 5 5 5 122 0 48 192 0 248 179 0 593 0 1984 0 0 2025 0 635 30 0 116 0 0 141 0 41 0 12 130 0 0 44 0 252 249 0 2 1 1 2 1 0 0 1 0 48 145238 81412 115422 51550 193990 34272 54948 63424 61294 196008 107132 87690 14522 3062 49366 49668 52588 63788 88192 80354 2073600 2073600 6 12 324733 990720 993600 78385 88098 84556 73694 12 12 12 12 26 5 5 5 
[22043.793971] MESSAGE_B= 5 5 5 124 0 48 192 0 248 179 0 587 0 2077 0 0 2042 0 626 23 0 98 0 0 135 0 42 0 12 158 0 0 70 0 251 249 0 2 1 1 2 1 0 0 1 0 48 148082 104526 115422 51550 193990 34272 54948 63424 61294 196008 107132 87690 14522 3062 49366 49668 52588 63788 88192 80354 2073600 2073600 6 12 326626 994560 993600 79035 88333 85104 74154 12 12 12 12 26 5 5 5 
[22044.071967] MESSAGE_B= 5 5 5 124 0 43 192 0 248 179 0 582 0 2079 0 0 2097 0 620 16 0 82 0 0 133 0 33 0 12 13 0 0 75 0 250 247 0 2 1 1 2 1 0 0 1 0 43 145456 104952 115422 51550 193990 34272 54948 63424 61294 196008 107132 87690 14522 3062 49366 49668 52588 63788 88192 80354 2073600 2073600 6 12 328779 990720 993600 79536 88758 85709 74776 12 12 12 12 28 5 5 5 
[22044.349991] MESSAGE_B= 5 5 5 125 0 42 192 0 248 179 0 569 0 2015 0 0 2183 0 615 27 0 87 0 0 139 0 28 0 12 115 0 0 86 0 250 247 0 2 1 1 2 1 0 0 1 0 42 178408 110572 115422 51550 193990 34272 54948 63424 61294 196008 107132 87690 14522 3062 49366 49668 52588 63788 88192 80354 2073600 2073600 6 12 330830 994560 993600 80196 89150 86354 75130 12 12 12 12 28 5 5 5 
[22044.623950] MESSAGE_B= 5 5 5 126 0 41 192 0 248 179 0 0 0 0 0 0 2365 0 607 0 0 0 0 0 146 0 37 0 12 0 0 0 122 0 252 245 0 1 1 1 2 1 0 0 1 0 41 173380 118256 157334 98568 79630 164530 112026 159164 80742 293040 183076 138238 98320 45668 94512 76000 108682 75740 95236 175796 2073600 2073600 6 12 333288 990720 993600 80913 89720 86947 75708 12 12 12 12 19 5 5 5 
[22044.901960] MESSAGE_B= 5 5 5 127 0 43 192 0 248 179 0 0 0 0 0 0 2647 0 598 0 0 0 0 0 193 0 35 0 12 0 0 0 144 0 253 241 0 1 1 1 2 1 0 0 1 0 43 157612 118482 157334 98568 79630 164530 112026 159164 80742 293040 183076 138238 98320 45668 94512 76000 108682 75740 95236 175796 2073600 2073600 6 12 337149 994560 993600 82182 89999 88279 76689 12 12 12 12 36 5 5 5 
[22045.176961] MESSAGE_B= 5 5 5 128 0 38 192 0 248 179 0 0 0 0 0 0 2774 0 586 0 0 0 0 0 236 0 26 0 12 0 0 0 153 0 250 228 0 1 1 1 2 1 0 0 1 0 38 180950 101948 157334 98568 79630 164530 112026 159164 80742 293040 183076 138238 98320 45668 94512 76000 108682 75740 95236 175796 2073600 2073600 6 12 339948 990720 993600 83519 89411 89224 77794 12 12 12 12 36 5 5 5 
[22045.450960] MESSAGE_B= 5 5 5 129 0 36 192 0 248 179 0 0 0 0 0 0 2565 0 579 0 0 0 0 0 197 0 23 0 12 0 0 0 76 0 238 217 0 1 1 1 2 1 0 0 1 0 36 183762 108336 157334 98568 79630 164530 112026 159164 80742 293040 183076 138238 98320 45668 94512 76000 108682 75740 95236 175796 2073600 2073600 6 12 341951 994560 993600 84823 88782 89539 78807 12 12 12 12 32 5 5 5 
[22045.726959] MESSAGE_B= 5 5 5 130 0 26 192 0 248 179 0 0 0 0 0 0 2336 0 560 0 0 0 0 0 0 0 0 0 12 0 0 0 0 0 211 219 0 1 1 1 2 1 0 0 1 0 26 206702 128478 157334 98568 79630 164530 112026 159164 80742 293040 183076 138238 98320 45668 94512 76000 108682 75740 95236 175796 2073600 2073600 6 12 344497 990720 993600 86686 87705 89447 80659 12 12 12 12 38 5 5 5 
[22046.008794] MESSAGE_B= 5 5 5 131 0 26 192 0 248 179 0 0 0 0 0 0 0 0 0 0 0 0 0 0 0 0 0 0 12 0 0 0 0 0 228 204 0 1 1 1 1 1 0 0 1 0 26 192082 111920 157334 98568 79630 164530 112026 159164 80742 293040 183076 138238 98320 45668 94512 76000 108682 75740 95236 175796 2073600 2073600 6 12 345994 994560 993600 87704 86939 89004 82347 12 12 12 12 38 5 5 5 
[22046.285536] MESSAGE_B= 5 5 5 33 1 29 192 0 248 179 0 974 1491 1365 864 1156 1860 1585 1052 141 592 354 177 167 734 470 210 0 0 94 36 80 54 245 248 219 201 0 0 0 0 0 0 0 0 1 29 211624 125434 157334 98568 79630 164530 112026 159164 80742 293040 183076 138238 98320 45668 94512 76000 108682 75740 95236 175796 2073600 2073600 6 0 270373 990720 993600 65438 64300 65665 74970 0 0 0 0 31 5 5 5 
[22046.447966] MESSAGE_B= 0 5 5 33 1 29 192 0 248 179 0 975 1496 1366 870 1158 1864 1594 1053 141 601 349 175 167 732 475 214 0 0 96 35 78 53 243 248 220 208 0 0 0 0 0 0 0 0 1 29 210496 0 157334 98568 79630 164530 112026 159164 80742 293040 183076 138238 98320 45668 94512 76000 108682 75740 95236 175796 2073600 2073600 3 0 268208 994560 993600 65050 63592 65304 74262 0 0 0 0 31 5 5 5 
[22046.723968] MESSAGE_B= 5 5 5 33 1 27 192 0 248 179 0 974 1498 1373 866 1159 1854 1590 1047 138 601 359 179 163 737 479 205 0 0 91 38 78 57 241 249 221 210 0 0 0 0 0 0 0 0 1 27 218612 196338 157334 98568 79630 164530 112026 159164 80742 293040 183076 138238 98320 45668 94512 76000 108682 75740 95236 175796 2073600 2073600 6 0 267255 990720 993600 65011 63364 64923 73957 0 0 0 0 31 5 5 5 
[22047.000976] MESSAGE_B= 0 5 5 33 1 27 192 0 248 179 0 975 1498 1371 867 1157 1844 1599 1042 134 612 356 177 161 741 484 193 0 0 90 36 70 57 241 248 222 205 0 0 0 0 0 0 0 0 1 27 204268 243110 325272 116548 84242 175134 206848 220664 122134 297398 352428 184018 106712 84946 168340 147946 180648 339412 449444 193430 2073600 2073600 3 0 265869 994560 993600 65004 62931 64399 73535 0 0 0 0 16 5 5 5 
[22047.277956] MESSAGE_B= 5 5 5 33 1 26 192 0 248 179 0 972 1497 1372 863 1162 1854 1592 1033 134 611 356 170 153 743 481 187 0 0 78 38 68 55 242 248 225 198 0 0 0 0 0 0 0 0 1 26 225746 195360 325272 116548 84242 175134 206848 220664 122134 297398 352428 184018 106712 84946 168340 147946 180648 339412 449444 193430 2073600 2073600 6 0 265378 990720 993600 64744 62629 64262 73743 0 0 0 0 21 5 5 5 
[22047.554969] MESSAGE_B= 0 5 5 33 1 28 192 0 248 179 0 976 1511 1381 870 1164 1843 1599 1033 129 641 369 170 157 759 496 178 0 0 89 26 69 55 242 247 222 200 0 0 0 0 0 0 0 0 1 28 204878 243068 325272 116548 84242 175134 206848 220664 122134 297398 352428 184018 106712 84946 168340 147946 180648 339412 449444 193430 2073600 2073600 3 0 264664 994560 993600 65073 61976 64351 73264 0 0 0 0 22 5 5 5 
[22047.832972] MESSAGE_B= 5 5 5 33 1 35 192 0 248 179 0 981 1423 1384 862 1175 1831 1597 1024 133 663 382 165 155 860 515 170 0 0 92 41 84 57 244 239 228 198 0 0 0 0 0 0 0 0 1 35 227034 194832 325272 116548 84242 175134 206848 220664 122134 297398 352428 184018 106712 84946 168340 147946 180648 339412 449444 193430 2073600 2073600 6 0 263611 990720 993600 65711 60524 64910 72466 0 0 0 0 45 5 5 5 
[22048.110957] MESSAGE_B= 0 5 5 33 1 35 192 0 248 179 0 981 1443 1328 851 1170 1958 1551 1028 135 696 396 156 155 993 521 173 0 0 87 49 71 10 244 234 236 193 0 0 0 0 0 0 0 0 1 35 204142 242168 325272 116548 84242 175134 206848 220664 122134 297398 352428 184018 106712 84946 168340 147946 180648 339412 449444 193430 2073600 2073600 3 0 258299 994560 993600 66434 56600 65104 70161 0 0 0 0 45 5 5 5 
[22048.389949] MESSAGE_B= 5 5 5 34 1 36 192 0 248 179 0 982 1414 1301 856 1173 1937 1561 1027 133 710 409 139 159 1001 537 164 0 0 104 51 74 25 241 239 239 204 0 0 0 0 0 0 0 0 1 36 222010 218672 325272 116548 84242 175134 206848 220664 122134 297398 352428 184018 106712 84946 168340 147946 180648 339412 449444 193430 2073600 2073600 6 0 250090 990720 993600 67459 52737 65372 64522 0 0 0 0 45 5 5 5 
[22048.670955] MESSAGE_B= 0 5 5 35 1 30 192 0 248 179 0 983 1372 1270 837 1176 1894 1542 1003 127 699 394 114 155 1055 528 134 0 0 112 94 73 96 243 238 239 185 0 2 0 2 0 0 0 0 1 30 214024 242378 325272 116548 84242 175134 206848 220664 122134 297398 352428 184018 106712 84946 168340 147946 180648 339412 449444 193430 2073600 2073600 3 0 238360 994560 993600 67031 48562 64932 57835 0 0 0 0 45 5 5 5 
[22048.957656] MESSAGE_B= 5 5 5 36 1 30 192 0 248 179 0 983 1336 1267 812 1177 1837 1547 971 132 772 360 109 155 1094 513 126 0 0 101 138 60 149 242 242 233 204 0 2 0 0 0 0 0 0 1 30 255864 207396 325272 116548 84242 175134 206848 220664 122134 297398 352428 184018 106712 84946 168340 147946 180648 339412 449444 193430 2073600 2073600 6 0 232590 990720 993600 66918 46294 64464 54914 0 0 0 0 42 5 5 5 
[22049.120004] MESSAGE_B= 0 5 5 36 1 29 192 0 248 179 0 984 1369 1250 818 1175 1849 1519 973 134 824 352 110 152 1131 497 122 0 0 105 123 58 122 245 246 232 189 0 2 0 0 0 0 0 0 1 29 231732 259948 325272 116548 84242 175134 206848 220664 122134 297398 352428 184018 106712 84946 168340 147946 180648 339412 449444 193430 2073600 2073600 3 0 231630 994560 993600 67073 46472 64619 53466 0 0 0 0 42 5 5 5 
[22049.396963] MESSAGE_B= 5 5 5 36 1 31 192 0 248 179 0 983 1465 1203 837 1176 1949 1466 996 128 897 338 106 153 1159 490 132 0 0 107 52 51 67 243 243 241 189 0 2 0 2 0 0 0 0 1 31 264758 196802 356252 169554 102064 318156 339366 300442 226486 300310 372596 343986 351862 250444 263614 279698 313152 485182 385200 317712 2073600 2073600 6 0 229974 990720 993600 66928 46173 64557 52316 0 0 0 0 42 5 5 5 
[22049.673956] MESSAGE_B= 5 5 5 37 1 32 192 0 248 179 0 988 1503 1165 854 1176 1981 1415 1001 124 890 347 103 144 1159 481 126 0 0 103 10 49 9 243 247 242 211 0 2 0 2 0 0 0 0 1 32 255506 247236 356252 169554 102064 318156 339366 300442 226486 300310 372596 343986 351862 250444 263614 279698 313152 485182 385200 317712 2073600 2073600 6 0 228067 994560 993600 65591 45771 64610 52095 0 0 0 0 53 5 5 5 
[22049.953953] MESSAGE_B= 5 5 5 38 1 33 192 0 248 179 0 984 1514 1129 869 1170 2008 1388 1009 124 848 333 105 145 1135 460 130 0 0 99 66 49 48 243 241 244 211 0 2 0 2 0 0 0 0 1 33 287684 213024 356252 169554 102064 318156 339366 300442 226486 300310 372596 343986 351862 250444 263614 279698 313152 485182 385200 317712 2073600 2073600 6 0 228561 990720 993600 65744 46070 64301 52446 0 0 0 0 53 5 5 5 
[22050.231956] MESSAGE_B= 5 5 5 38 1 29 192 0 248 179 0 986 1519 1133 871 1170 2109 1377 1014 116 809 356 104 144 1156 470 135 0 0 89 78 61 69 244 240 244 211 0 2 0 2 0 0 0 0 1 29 279612 236000 356252 169554 102064 318156 339366 300442 226486 300310 372596 343986 351862 250444 263614 279698 313152 485182 385200 317712 2073600 2073600 6 0 229911 994560 993600 66031 46519 64863 52498 0 0 0 0 48 5 5 5 
[22050.515961] MESSAGE_B= 5 5 5 37 1 28 192 0 248 179 0 986 1477 1141 874 1172 2145 1413 1015 120 724 368 113 146 1117 528 138 0 0 89 79 62 80 244 238 240 216 0 2 0 2 0 0 0 0 1 28 299640 217624 356252 169554 102064 318156 339366 300442 226486 300310 372596 343986 351862 250444 263614 279698 313152 485182 385200 317712 2073600 2073600 6 0 231172 990720 993600 66316 46929 65462 52465 0 0 0 0 28 5 5 5 
[22050.793962] MESSAGE_B= 5 5 5 37 1 26 192 0 248 179 0 986 1468 1132 873 1171 2155 1427 1017 121 693 358 112 147 1086 551 134 0 0 83 90 60 90 244 231 234 224 0 2 0 2 0 0 0 0 1 26 285812 239522 356252 169554 102064 318156 339366 300442 226486 300310 372596 343986 351862 250444 263614 279698 313152 485182 385200 317712 2073600 2073600 6 0 232163 994560 993600 66535 47014 65935 52679 0 0 0 0 28 5 5 5 
[22051.075158] MESSAGE_B= 5 5 5 37 1 42 192 0 248 179 0 2218 1482 1402 1369 2391 1708 1587 1568 1104 293 197 127 1140 306 196 117 0 31 139 194 98 194 255 255 251 255 0 0 0 0 0 0 0 0 1 42 323510 222396 356252 169554 102064 318156 339366 300442 226486 300310 372596 343986 351862 250444 263614 279698 313152 485182 385200 317712 2073600 2073600 6 0 169166 990720 993600 56813 58463 53301 68849 0 15 0 16 43 5 5 5 
[22051.235729] MESSAGE_B= 5 5 5 38 1 39 192 0 248 179 0 2216 1466 1408 1364 2389 1690 1592 1562 1104 274 210 129 1141 286 209 120 0 31 148 184 110 179 255 255 252 255 0 0 0 0 0 0 0 0 1 39 598490 238970 356252 169554 102064 318156 339366 300442 226486 300310 372596 343986 351862 250444 263614 279698 313152 485182 385200 317712 2073600 2073600 6 0 169036 994560 993600 56701 58147 53077 68288 0 15 0 16 43 5 5 5 
[22051.522097] MESSAGE_B= 5 5 5 38 1 37 192 0 248 179 0 2217 1324 1441 1363 2389 1539 1626 1560 1102 199 232 134 1140 213 239 128 0 31 160 96 123 84 255 254 251 254 0 0 0 0 0 0 0 0 1 37 634712 291490 356252 169554 102064 318156 339366 300442 226486 300310 372596 343986 351862 250444 263614 279698 313152 485182 385200 317712 2073600 2073600 6 0 172169 990720 993600 55969 56750 52877 68419 0 15 0 16 37 5 5 5 
[22051.802082] MESSAGE_B= 5 5 5 41 1 38 192 0 248 179 0 2216 1555 1553 1394 2388 1785 1743 1587 1103 428 384 126 1141 456 417 127 0 31 78 96 53 84 255 255 253 248 0 0 0 0 0 0 0 0 1 38 639822 285480 343664 116438 104150 344326 342474 354746 267658 233862 375516 1111142 440586 517336 506748 512982 495812 656194 1243938 1169818 2073600 2073600 6 0 179063 994560 993600 55350 51303 51931 63903 0 15 0 16 37 5 5 5 
[22052.082958] MESSAGE_B= 5 5 5 45 1 39 192 0 248 179 0 2216 1440 1642 1365 2389 1633 1876 1561 1102 278 445 134 1140 271 477 127 0 31 57 90 26 72 255 252 253 255 0 0 0 0 0 0 0 0 1 39 629278 259636 343664 116438 104150 344326 342474 354746 267658 233862 375516 1111142 440586 517336 506748 512982 495812 656194 1243938 1169818 2073600 2073600 6 0 161171 990720 993600 49307 56702 43994 66274 0 15 0 16 55 5 5 5 
[22052.369984] MESSAGE_B= 5 5 5 45 1 42 192 0 248 179 0 2217 1389 1700 1363 2389 1592 1930 1561 1101 205 411 134 1139 199 428 128 0 31 63 103 34 61 255 245 253 255 0 0 0 0 0 0 0 0 1 42 636694 288642 343664 116438 104150 344326 342474 354746 267658 233862 375516 1111142 440586 517336 506748 512982 495812 656194 1243938 1169818 2073600 2073600 6 0 151191 994560 993600 46479 59961 40610 67887 0 15 0 16 55 5 5 5 
[22052.652466] MESSAGE_B= 5 5 5 46 1 44 192 0 248 179 0 2216 1425 1683 1365 2389 1624 1923 1562 1102 262 409 127 1140 247 424 120 0 31 82 147 54 128 255 249 253 255 0 0 0 0 0 0 0 0 1 44 676046 284504 343664 116438 104150 344326 342474 354746 267658 233862 375516 1111142 440586 517336 506748 512982 495812 656194 1243938 1169818 2073600 2073600 6 0 150515 990720 993600 47120 60193 41221 67181 0 15 0 16 39 5 5 5 
[22052.933959] MESSAGE_B= 5 5 5 46 1 41 192 0 248 179 0 2216 1423 1691 1366 2390 1619 1932 1561 1103 228 417 130 1139 219 435 123 0 31 76 144 47 94 255 245 253 254 0 0 0 0 0 0 0 0 1 41 641378 256962 343664 116438 104150 344326 342474 354746 267658 233862 375516 1111142 440586 517336 506748 512982 495812 656194 1243938 1169818 2073600 2073600 6 0 152413 994560 993600 47589 59537 41243 67038 0 15 0 16 33 5 5 5 
[22053.095228] MESSAGE_B= 5 5 5 46 1 39 192 0 248 179 0 2217 1406 1700 1364 2388 1603 1931 1562 1101 207 437 131 1141 194 456 118 0 31 63 121 34 109 255 247 253 255 0 0 0 0 0 0 0 0 1 39 664282 301982 343664 116438 104150 344326 342474 354746 267658 233862 375516 1111142 440586 517336 506748 512982 495812 656194 1243938 1169818 2073600 2073600 6 0 154226 990720 993600 47329 58725 41786 67680 0 15 0 16 47 5 5 5 
[22053.380235] MESSAGE_B= 5 5 5 45 1 33 192 0 248 179 0 2217 1365 1696 1365 2388 1578 1909 1561 1101 201 433 124 1141 222 449 123 0 31 44 115 13 68 255 245 252 253 0 0 0 0 0 0 0 0 1 33 662130 264764 343664 116438 104150 344326 342474 354746 267658 233862 375516 1111142 440586 517336 506748 512982 495812 656194 1243938 1169818 2073600 2073600 6 0 153263 994560 993600 45931 58254 41263 68947 0 15 0 16 47 5 5 5 
[22053.660964] MESSAGE_B= 5 5 5 47 1 37 192 0 248 179 0 2216 1378 1662 1364 2389 1595 1872 1561 1102 223 424 126 1140 257 440 124 0 31 54 113 22 55 255 249 252 254 0 0 0 0 0 0 0 0 1 37 688726 283786 343664 116438 104150 344326 342474 354746 267658 233862 375516 1111142 440586 517336 506748 512982 495812 656194 1243938 1169818 2073600 2073600 6 0 152132 990720 993600 45911 58308 41628 69759 0 15 0 16 47 5 5 5 
[22053.938961] MESSAGE_B= 5 5 5 47 1 37 192 0 248 179 0 2216 1382 1656 1364 2389 1599 1861 1562 1103 236 414 130 1139 267 429 118 0 31 46 91 13 70 255 248 252 255 0 0 0 0 0 0 0 0 1 37 667768 284668 343664 116438 104150 344326 342474 354746 267658 233862 375516 1111142 440586 517336 506748 512982 495812 656194 1243938 1169818 2073600 2073600 6 0 152281 994560 993600 46094 58443 41620 69926 0 15 0 16 31 5 5 5 
[22054.217959] MESSAGE_B= 5 5 5 47 1 37 192 0 248 179 0 2216 1380 1663 1364 2389 1596 1867 1562 1103 239 420 130 1140 273 433 122 0 31 38 90 7 63 255 249 252 255 0 0 0 0 0 0 0 0 1 37 680270 266564 332330 189228 78394 324750 452114 400980 378128 232304 351460 1220016 661846 699842 1114302 1299042 1154004 853822 1252770 1285990 2073600 2073600 6 0 152816 990720 993600 46110 58288 41665 69649 0 15 0 16 31 5 5 5 
[22054.497950] MESSAGE_B= 5 5 5 47 1 36 192 0 248 179 0 2216 1375 1657 1364 2389 1591 1866 1562 1102 234 425 132 1140 270 432 116 0 31 45 94 13 76 255 248 252 255 0 0 0 0 0 0 0 0 1 36 673020 286436 332330 189228 78394 324750 452114 400980 378128 232304 351460 1220016 661846 699842 1114302 1299042 1154004 853822 1252770 1285990 2073600 2073600 6 0 152344 994560 993600 46052 58706 41716 69827 0 15 0 16 31 5 5 5 
[22054.775966] MESSAGE_B= 5 5 5 47 1 36 192 0 248 179 0 2216 1384 1660 1364 2389 1594 1875 1563 1102 240 427 134 1140 271 445 122 0 31 46 95 13 67 255 249 252 255 0 0 0 0 0 0 0 0 1 36 682074 261904 332330 189228 78394 324750 452114 400980 378128 232304 351460 1220016 661846 699842 1114302 1299042 1154004 853822 1252770 1285990 2073600 2073600 6 0 153578 990720 993600 46647 58020 42059 69189 0 15 0 16 31 5 5 5 
[22055.055826] MESSAGE_B= 5 5 5 47 0 65 192 0 248 179 0 1239 1638 1369 829 1559 1771 1611 1032 533 576 515 165 592 528 562 158 0 0 171 12 165 57 243 247 251 214 0 2 0 0 0 0 0 0 0 65 664858 284490 332330 189228 78394 324750 452114 400980 378128 232304 351460 1220016 661846 699842 1114302 1299042 1154004 853822 1252770 1285990 2073600 2073600 6 0 255294 994560 993600 65139 60237 67642 62276 0 0 0 0 226 5 5 5 
[22055.213282] MESSAGE_B= 5 5 5 33 0 69 192 0 248 179 0 1272 1695 1442 842 1601 1846 1687 1033 591 591 601 194 674 569 638 162 0 0 196 29 190 39 245 246 252 213 0 2 2 0 0 0 0 0 0 69 475112 264394 332330 189228 78394 324750 452114 400980 378128 232304 351460 1220016 661846 699842 1114302 1299042 1154004 853822 1252770 1285990 2073600 2073600 6 0 260459 990720 993600 66619 60981 69649 63210 0 0 0 0 226 5 5 5 
[22055.491953] MESSAGE_B= 5 5 5 31 0 80 192 0 248 179 0 1316 1677 1429 896 1646 1859 1697 1049 601 588 573 258 762 570 642 183 0 0 117 65 142 32 252 248 252 213 0 2 2 0 0 0 0 0 0 80 432364 401074 332330 189228 78394 324750 452114 400980 378128 232304 351460 1220016 661846 699842 1114302 1299042 1154004 853822 1252770 1285990 2073600 2073600 6 0 260449 994560 993600 66617 60380 70847 62605 0 0 0 0 20 5 5 5 
[22055.770957] MESSAGE_B= 5 5 5 30 1 70 192 0 248 179 0 1334 1583 1490 821 1640 1837 1717 1031 625 661 463 155 736 722 501 157 0 0 52 4 51 39 253 251 246 212 0 2 2 0 0 0 0 0 1 70 461756 313396 332330 189228 78394 324750 452114 400980 378128 232304 351460 1220016 661846 699842 1114302 1299042 1154004 853822 1252770 1285990 2073600 2073600 6 0 259531 990720 993600 66345 61042 71309 60835 0 0 0 0 38 5 5 5 
[22056.047953] MESSAGE_B= 5 5 5 32 1 68 192 0 248 179 0 1351 1689 1430 835 1671 1929 1659 1030 611 670 445 170 750 696 491 162 0 0 32 41 33 74 254 252 245 209 0 2 2 0 0 0 0 0 1 68 456150 381272 332330 189228 78394 324750 452114 400980 378128 232304 351460 1220016 661846 699842 1114302 1299042 1154004 853822 1252770 1285990 2073600 2073600 6 0 259419 994560 993600 66295 60952 71154 61018 0 0 0 0 47 5 5 5 
[22056.328955] MESSAGE_B= 5 5 5 34 1 82 192 0 248 179 0 1387 1685 1372 858 1735 1901 1577 1040 633 619 434 185 764 612 469 168 0 0 38 8 39 66 250 248 246 200 0 2 2 0 0 0 0 0 1 82 473424 293702 332330 189228 78394 324750 452114 400980 378128 232304 351460 1220016 661846 699842 1114302 1299042 1154004 853822 1252770 1285990 2073600 2073600 6 0 258548 990720 993600 66078 60376 71922 60172 0 0 0 0 53 5 5 5 
[22056.609966] MESSAGE_B= 5 5 5 31 1 73 192 0 248 179 0 1260 1692 1291 881 1582 1922 1487 1062 529 570 371 227 607 582 406 199 0 0 19 30 36 50 244 244 243 220 0 2 2 0 0 0 0 0 1 73 465656 388544 455660 182230 74184 331202 525006 557796 315188 614030 485082 654422 706884 721836 1172506 501254 757784 224734 303180 587610 2073600 2073600 6 0 265061 994560 993600 68983 61281 73866 60931 0 0 0 0 53 5 5 5 
[22056.891958] MESSAGE_B= 5 5 5 31 1 71 192 0 248 179 0 1211 1689 1277 909 1528 1910 1483 1078 488 545 374 261 548 555 399 216 0 0 6 49 18 74 242 247 245 224 0 2 2 0 0 0 0 0 1 71 451364 327222 455660 182230 74184 331202 525006 557796 315188 614030 485082 654422 706884 721836 1172506 501254 757784 224734 303180 587610 2073600 2073600 6 0 263211 990720 993600 68414 61154 72954 60689 0 0 0 0 30 5 5 5 
[22057.169958] MESSAGE_B= 5 5 5 31 1 59 192 0 248 179 0 1159 1666 1272 916 1468 1879 1472 1086 443 534 374 274 473 541 391 225 0 0 4 67 9 92 239 248 246 225 0 2 2 0 0 0 0 0 1 59 446114 404110 455660 182230 74184 331202 525006 557796 315188 614030 485082 654422 706884 721836 1172506 501254 757784 224734 303180 587610 2073600 2073600 6 0 262247 994560 993600 67991 61288 72186 60782 0 0 0 0 20 5 5 5 
[22057.449955] MESSAGE_B= 5 5 5 30 1 54 192 0 248 179 0 1130 1645 1269 923 1429 1874 1465 1087 427 533 367 284 448 541 384 230 0 0 12 71 12 87 238 246 245 227 0 0 2 0 0 0 0 0 1 54 442230 331304 455660 182230 74184 331202 525006 557796 315188 614030 485082 654422 706884 721836 1172506 501254 757784 224734 303180 587610 2073600 2073600 6 0 261925 990720 993600 67629 61327 71909 61060 0 0 0 0 23 5 5 5 
[22057.727964] MESSAGE_B= 5 5 5 29 1 62 192 0 248 179 0 1089 1646 1274 934 1368 1863 1466 1094 400 551 369 292 397 548 379 237 0 0 30 73 16 91 234 242 248 234 0 2 2 0 0 0 0 0 1 62 432722 403872 455660 182230 74184 331202 525006 557796 315188 614030 485082 654422 706884 721836 1172506 501254 757784 224734 303180 587610 2073600 2073600 6 0 262827 994560 993600 67476 61967 71279 62105 0 0 0 0 38 5 5 5 
[22057.884968] MESSAGE_B= 5 5 5 28 0 69 192 0 248 179 0 1035 1621 1272 949 1302 1818 1474 1105 331 543 366 299 314 546 393 248 0 0 52 75 42 99 238 250 246 239 0 2 2 0 0 0 0 0 0 69 424990 323790 455660 182230 74184 331202 525006 557796 315188 614030 485082 654422 706884 721836 1172506 501254 757784 224734 303180 587610 2073600 2073600 6 0 265712 990720 993600 68437 62437 71621 63217 0 0 0 0 38 5 5 5 
[22058.169757] MESSAGE_B= 0 5 5 28 0 61 192 0 248 179 0 1020 1685 1276 968 1289 1847 1485 1116 292 535 362 341 283 552 403 269 0 0 44 79 35 99 236 248 244 239 0 2 2 0 0 0 0 0 0 61 400400 416184 455660 182230 74184 331202 525006 557796 315188 614030 485082 654422 706884 721836 1172506 501254 757784 224734 303180 587610 2073600 2073600 3 0 266327 994560 993600 69224 61927 72589 62587 0 0 0 0 38 5 5 5 
[22058.447957] MESSAGE_B= 5 5 5 28 1 69 192 0 248 179 0 1090 1647 1221 1040 1393 1749 1471 1186 298 657 358 432 374 522 371 340 0 0 8 198 38 184 239 248 248 243 0 0 2 0 0 0 0 0 1 69 427132 316062 455660 182230 74184 331202 525006 557796 315188 614030 485082 654422 706884 721836 1172506 501254 757784 224734 303180 587610 2073600 2073600 6 0 251030 990720 993600 65239 58298 68976 58517 0 0 0 0 62 5 5 5 
[22058.726962] MESSAGE_B= 5 5 5 29 0 65 192 0 248 179 0 979 1820 1192 1075 1232 1989 1423 1232 190 791 344 345 176 740 376 310 0 0 123 2 44 27 224 253 241 246 0 0 2 0 0 0 0 0 0 65 377960 375274 455660 182230 74184 331202 525006 557796 315188 614030 485082 654422 706884 721836 1172506 501254 757784 224734 303180 587610 2073600 2073600 6 0 263211 994560 993600 67542 62433 69448 63788 0 0 0 0 68 5 5 5 
[22059.003982] MESSAGE_B= 5 5 5 26 0 72 192 0 248 179 0 978 1807 1258 1234 1232 1980 1512 1405 189 690 307 493 176 643 333 503 0 0 66 52 32 68 225 250 238 247 0 0 2 0 0 0 0 0 0 72 413710 331526 474656 259160 302764 507062 529842 528536 310292 587582 512914 552494 807136 379796 509458 539338 696752 290120 291776 587090 2073600 2073600 6 0 256869 990720 993600 69931 56000 71843 59095 0 0 0 0 68 5 5 5 
[22059.282959] MESSAGE_B= 0 5 5 30 0 57 192 0 248 179 0 978 1679 1315 1106 1232 1845 1566 1305 192 570 375 498 180 491 433 517 0 0 58 37 6 95 226 241 247 250 0 0 2 0 0 0 0 0 0 57 375818 388854 474656 259160 302764 507062 529842 528536 310292 587582 512914 552494 807136 379796 509458 539338 696752 290120 291776 587090 2073600 2073600 3 0 255903 994560 993600 69154 56689 71689 58371 0 0 0 0 52 5 5 5 
[22059.563373] MESSAGE_B= 5 5 5 28 1 94 192 0 248 179 0 646 2264 1522 1263 0 2570 0 1326 37 574 124 331 0 710 0 532 0 11 0 126 0 141 250 254 0 227 2 2 1 2 0 0 1 0 1 94 398032 321542 474656 259160 302764 507062 529842 528536 310292 587582 512914 552494 807136 379796 509458 539338 696752 290120 291776 587090 2073600 2073600 6 11 318719 990720 993600 76557 77821 78057 86284 11 11 11 11 120 5 5 5 
[22059.839956] MESSAGE_B= 0 5 5 10 1 74 192 0 248 179 0 1141 2750 1113 940 1325 3141 1234 1073 461 528 478 341 482 674 493 305 0 11 211 139 204 148 255 242 252 252 2 2 2 2 0 0 0 0 1 74 227568 374118 474656 259160 302764 507062 529842 528536 310292 587582 512914 552494 807136 379796 509458 539338 696752 290120 291776 587090 2073600 2073600 3 11 254875 994560 993600 58217 64157 61731 70770 11 11 11 11 120 5 5 5 
[22060.118959] MESSAGE_B= 0 5 5 7 1 109 192 0 248 179 0 1315 2064 1737 1071 1487 2322 1954 1245 359 339 614 392 390 332 655 414 0 31 166 145 161 121 255 253 255 254 0 0 0 0 0 0 0 0 1 109 286484 327258 474656 259160 302764 507062 529842 528536 310292 587582 512914 552494 807136 379796 509458 539338 696752 290120 291776 587090 2073600 2073600 3 11 221540 990720 993600 60570 50234 63107 52038 11 13 11 11 115 5 5 5 
[22060.399969] MESSAGE_B= 0 5 5 18 0 76 192 0 248 179 0 1353 2082 1643 971 1551 2342 1877 1138 341 396 625 440 394 387 670 455 0 31 155 126 173 125 250 255 255 252 0 0 0 0 0 0 0 0 0 76 326884 425358 474656 259160 302764 507062 529842 528536 310292 587582 512914 552494 807136 379796 509458 539338 696752 290120 291776 587090 2073600 2073600 3 11 194607 994560 993600 56259 56731 58597 54540 11 13 11 14 115 5 5 5 
[22060.679962] MESSAGE_B= 5 5 5 17 1 106 192 0 248 179 0 1250 1937 1705 997 1457 2159 1941 1145 451 566 407 470 522 594 442 508 0 31 173 125 184 110 252 255 255 254 0 0 0 0 0 0 0 0 1 106 367856 328432 474656 259160 302764 507062 529842 528536 310292 587582 512914 552494 807136 379796 509458 539338 696752 290120 291776 587090 2073600 2073600 6 11 181219 990720 993600 51275 56820 50446 53997 11 13 11 14 93 5 5 5 
[22060.960319] MESSAGE_B= 0 5 5 13 1 56 192 0 248 179 0 1206 1968 1669 1047 1442 2163 1904 1211 573 620 327 466 641 654 351 516 0 31 175 124 166 121 255 255 255 253 0 0 0 0 0 0 0 0 1 56 368226 442282 474656 259160 302764 507062 529842 528536 310292 587582 512914 552494 807136 379796 509458 539338 696752 290120 291776 587090 2073600 2073600 3 13 160421 994560 993600 40871 55206 41205 52463 11 13 11 13 83 5 5 5 
[22061.240882] MESSAGE_B= 0 5 5 15 1 62 192 0 248 179 0 1279 2058 1590 1069 1530 2239 1802 1241 600 531 416 460 692 563 456 506 0 31 189 108 182 109 255 254 255 255 0 0 0 0 0 0 0 0 1 62 350462 388854 474656 259160 302764 507062 529842 528536 310292 587582 512914 552494 807136 379796 509458 539338 696752 290120 291776 587090 2073600 2073600 3 13 153250 990720 993600 38362 54538 37036 52876 0 13 11 13 65 5 5 5 
[22061.398988] MESSAGE_B= 0 5 5 13 1 65 192 0 248 179 0 1336 1992 1474 1084 1590 2180 1686 1256 617 552 491 455 723 574 530 500 0 31 201 105 192 92 255 255 255 254 0 0 0 0 0 0 0 0 1 65 351384 428038 567552 304042 293558 372708 655250 565600 191288 554922 671008 548624 622084 283436 576448 512526 502266 498350 774062 525470 2073600 2073600 3 13 145655 994560 993600 39761 56447 38742 54630 0 13 11 13 65 5 5 5 
[22061.677964] MESSAGE_B= 5 5 5 15 1 67 192 0 248 179 0 1429 1827 1532 1123 1701 1987 1757 1287 686 525 392 465 792 556 427 498 0 31 201 128 197 127 255 254 255 255 0 0 0 0 0 0 0 0 1 67 398262 323330 567552 304042 293558 372708 655250 565600 191288 554922 671008 548624 622084 283436 576448 512526 502266 498350 774062 525470 2073600 2073600 6 0 148980 990720 993600 44677 51615 34284 51063 0 13 0 13 83 5 5 5 
[22061.959957] MESSAGE_B= 0 5 5 13 1 46 192 0 248 179 0 1520 1768 1554 1183 1782 1953 1787 1343 740 558 327 474 834 593 364 511 0 31 188 145 183 142 255 255 254 254 0 0 0 0 0 0 0 0 1 46 378238 417026 567552 304042 293558 372708 655250 565600 191288 554922 671008 548624 622084 283436 576448 512526 502266 498350 774062 525470 2073600 2073600 3 0 164903 994560 993600 49192 46698 39742 47401 0 13 0 13 83 5 5 5 
[22062.240955] MESSAGE_B= 5 5 5 11 1 52 192 0 248 179 0 1579 1720 1533 1203 1812 1931 1752 1390 773 522 392 457 834 562 428 511 0 31 174 137 171 144 255 255 254 255 0 0 0 0 0 0 0 0 1 52 374610 245726 567552 304042 293558 372708 655250 565600 191288 554922 671008 548624 622084 283436 576448 512526 502266 498350 774062 525470 2073600 2073600 6 0 180710 990720 993600 52622 47797 45174 42276 0 0 0 13 75 5 5 5 
[22062.522955] MESSAGE_B= 0 5 5 13 1 47 192 0 248 179 0 1642 1784 1442 1215 1863 2014 1645 1409 749 458 438 449 813 496 480 505 0 31 197 117 196 125 255 254 254 255 0 0 0 0 0 0 0 0 1 47 334562 403844 567552 304042 293558 372708 655250 565600 191288 554922 671008 548624 622084 283436 576448 512526 502266 498350 774062 525470 2073600 2073600 3 0 178982 994560 993600 53538 45875 44491 43299 0 0 0 13 73 5 5 5 
[22062.807978] MESSAGE_B= 5 5 5 13 1 50 192 0 248 179 0 1632 1861 1456 1229 1866 2087 1658 1425 781 383 478 448 839 409 524 505 0 31 197 104 193 119 255 254 255 255 0 0 0 0 0 0 0 0 1 50 396308 245622 567552 304042 293558 372708 655250 565600 191288 554922 671008 548624 622084 283436 576448 512526 502266 498350 774062 525470 2073600 2073600 6 0 183126 990720 993600 53817 48007 45034 42782 0 0 0 13 60 5 5 5 
[22063.095958] MESSAGE_B= 0 5 5 12 1 49 192 0 248 179 0 1672 1800 1461 1255 1911 2017 1664 1452 778 499 453 446 842 555 500 505 0 31 207 191 202 199 255 255 255 255 0 0 0 0 0 0 0 0 1 49 386638 414052 567552 304042 293558 372708 655250 565600 191288 554922 671008 548624 622084 283436 576448 512526 502266 498350 774062 525470 2073600 2073600 3 0 191091 994560 993600 55534 49754 47869 41130 0 0 0 13 49 5 5 5 
[22063.377798] MESSAGE_B= 5 5 5 11 1 54 192 0 248 179 0 1735 1822 1495 1298 1968 2048 1715 1480 778 481 452 444 833 540 506 493 0 31 181 132 179 147 255 253 255 255 0 0 0 0 0 0 0 0 1 54 389564 255842 567552 304042 293558 372708 655250 565600 191288 554922 671008 548624 622084 283436 576448 512526 502266 498350 774062 525470 2073600 2073600 6 0 202341 990720 993600 57567 52632 50549 41593 0 0 0 0 53 5 5 5 
[22063.656963] MESSAGE_B= 0 5 5 11 0 38 192 0 248 179 0 1784 1810 1495 1343 2007 2050 1737 1504 773 397 331 447 818 442 369 475 0 31 130 91 145 123 255 253 254 255 0 0 0 0 0 0 0 0 0 38 342792 388884 567552 304042 293558 372708 655250 565600 191288 554922 671008 548624 622084 283436 576448 512526 502266 498350 774062 525470 2073600 2073600 3 0 205173 994560 993600 60070 52866 51686 40551 0 0 0 0 70 5 5 5 
[22063.934961] MESSAGE_B= 5 5 5 11 1 39 192 0 248 179 0 1813 1828 1545 1389 2043 2077 1800 1553 768 344 343 455 808 368 381 471 0 31 106 64 126 108 255 252 254 255 0 0 0 0 0 0 0 0 1 39 380332 293712 488086 159584 327522 598378 631948 482168 391994 692104 591944 507168 420544 234020 504530 520232 637132 443224 512194 618578 2073600 2073600 6 0 217593 990720 993600 62366 57091 53991 44145 0 0 0 0 72 5 5 5 
[22064.092958] MESSAGE_B= 0 5 5 11 1 34 192 0 248 179 0 1833 1765 1589 1412 2060 2010 1849 1577 760 386 476 456 802 419 513 473 0 31 46 99 64 136 255 253 255 255 0 0 0 0 0 0 0 0 1 34 373672 392892 488086 159584 327522 598378 631948 482168 391994 692104 591944 507168 420544 234020 504530 520232 637132 443224 512194 618578 2073600 2073600 3 0 222879 994560 993600 61667 59892 54349 46971 0 0 0 0 73 5 5 5 
[22064.369954] MESSAGE_B= 5 5 5 12 1 30 192 0 248 179 0 1836 1681 1524 1425 2062 1930 1768 1594 757 416 332 456 792 469 357 482 0 31 62 123 93 155 255 253 252 255 0 0 0 0 0 0 0 0 1 30 359774 298838 488086 159584 327522 598378 631948 482168 391994 692104 591944 507168 420544 234020 504530 520232 637132 443224 512194 618578 2073600 2073600 6 0 220401 990720 993600 63221 55945 56293 44942 0 0 0 0 73 5 5 5 
[22064.660954] MESSAGE_B= 0 5 5 11 1 27 192 0 248 179 0 1830 1663 1552 1434 2057 1910 1794 1606 754 354 459 456 792 389 494 481 0 31 72 100 95 132 255 253 255 255 0 0 0 0 0 0 0 0 1 27 308320 414144 488086 159584 327522 598378 631948 482168 391994 692104 591944 507168 420544 234020 504530 520232 637132 443224 512194 618578 2073600 2073600 3 0 219127 994560 993600 62438 56182 54865 45642 0 0 0 0 47 5 5 5 
[22064.938957] MESSAGE_B= 5 5 5 13 1 30 192 0 248 179 0 1833 1624 1529 1438 2060 1868 1767 1609 755 401 357 454 792 440 386 484 0 31 77 111 97 144 255 253 254 255 0 0 0 0 0 0 0 0 1 30 323940 276414 488086 159584 327522 598378 631948 482168 391994 692104 591944 507168 420544 234020 504530 520232 637132 443224 512194 618578 2073600 2073600 6 0 223257 990720 993600 62996 57339 56323 46599 0 0 0 0 30 5 5 5 
[22065.217956] MESSAGE_B= 0 5 5 13 1 45 192 0 248 179 0 2213 1151 1965 1390 2388 1371 2204 1588 1111 184 431 158 1142 223 482 170 0 31 177 39 175 34 255 255 255 255 0 0 0 0 0 0 0 0 1 45 295964 417670 488086 159584 327522 598378 631948 482168 391994 692104 591944 507168 420544 234020 504530 520232 637132 443224 512194 618578 2073600 2073600 3 0 192840 994560 993600 44821 54183 43335 61481 0 0 0 16 41 5 5 5 
[22065.499972] MESSAGE_B= 5 5 5 37 1 44 192 0 248 179 0 2214 1178 1924 1418 2389 1400 2164 1621 1108 210 428 186 1140 245 487 202 0 31 122 100 120 100 255 255 255 255 0 0 0 0 0 0 0 0 1 44 699286 264826 488086 159584 327522 598378 631948 482168 391994 692104 591944 507168 420544 234020 504530 520232 637132 443224 512194 618578 2073600 2073600 6 0 199420 990720 993600 46006 56342 44621 58313 0 0 0 16 41 5 5 5 
[22065.780546] MESSAGE_B= 5 5 5 38 1 42 192 0 248 179 0 2213 1223 2040 1418 2388 1455 2312 1620 1109 182 340 179 1140 210 396 191 0 31 136 165 115 178 255 255 253 254 0 0 0 0 0 0 0 0 1 42 693642 263874 488086 159584 327522 598378 631948 482168 391994 692104 591944 507168 420544 234020 504530 520232 637132 443224 512194 618578 2073600 2073600 6 0 195399 994560 993600 45717 51731 44484 54945 0 0 0 16 45 5 5 5 
[22066.021989] MESSAGE_B= 5 5 5 41 1 43 192 0 248 179 0 2211 1497 2048 1444 2384 1772 2313 1640 1107 266 259 177 1136 300 298 174 0 31 199 22 177 60 255 254 252 254 0 0 0 0 0 0 0 0 1 43 684046 257250 488086 159584 327522 598378 631948 482168 391994 692104 591944 507168 420544 234020 504530 520232 637132 443224 512194 618578 2073600 2073600 6 0 212150 990720 993600 49004 56650 48076 58420 0 0 0 0 49 5 5 5 
[22066.302041] MESSAGE_B= 5 5 5 37 1 45 192 0 248 179 0 2327 1014 1493 1405 2418 1218 1695 1597 1241 236 121 101 1215 266 141 99 0 31 28 37 12 64 255 230 216 224 2 2 2 2 0 0 0 0 1 45 672778 232960 355188 310882 374274 559248 657336 428212 277556 238310 381768 1147480 326282 312984 435816 486514 500262 949256 976726 1307112 2073600 2073600 6 0 233242 994560 993600 55869 61093 55826 60454 0 0 0 0 49 5 5 5 
[22066.582884] MESSAGE_B= 5 5 5 33 1 46 192 0 248 179 0 2239 1504 2088 1476 2419 1770 2325 1692 1069 362 545 295 1087 423 598 335 0 31 167 37 167 43 255 255 255 255 0 0 0 0 0 0 0 0 1 46 632302 272580 355188 310882 374274 559248 657336 428212 277556 238310 381768 1147480 326282 312984 435816 486514 500262 949256 976726 1307112 2073600 2073600 6 0 234069 990720 993600 58025 60719 57972 57353 0 0 0 0 42 5 5 5 
[22066.861961] MESSAGE_B= 5 5 5 35 1 42 192 0 248 179 0 2219 1380 2117 1466 2398 1636 2364 1682 1096 315 588 291 1121 363 648 333 0 31 167 60 170 62 255 255 255 255 0 0 0 0 0 0 0 0 1 42 678080 262266 355188 310882 374274 559248 657336 428212 277556 238310 381768 1147480 326282 312984 435816 486514 500262 949256 976726 1307112 2073600 2073600 6 0 216335 994560 993600 50266 60053 49950 57696 0 0 0 16 42 5 5 5 
[22067.142955] MESSAGE_B= 5 5 5 36 1 41 192 0 248 179 0 2212 1276 2069 1473 2386 1513 2317 1685 1109 292 584 251 1140 336 645 291 0 31 148 29 153 46 255 255 255 255 0 0 0 0 0 0 0 0 1 41 687758 275290 355188 310882 374274 559248 657336 428212 277556 238310 381768 1147480 326282 312984 435816 486514 500262 949256 976726 1307112 2073600 2073600 6 0 208719 990720 993600 46259 60849 44836 56775 0 0 0 0 24 5 5 5 
[22067.422952] MESSAGE_B= 5 5 5 36 1 41 192 0 248 179 0 2212 1244 1993 1467 2387 1474 2239 1679 1110 269 536 213 1140 306 597 247 0 31 131 57 140 62 255 255 255 255 0 0 0 0 0 0 0 0 1 41 728102 261370 355188 310882 374274 559248 657336 428212 277556 238310 381768 1147480 326282 312984 435816 486514 500262 949256 976726 1307112 2073600 2073600 6 0 201730 994560 993600 45937 57674 44724 59504 0 0 0 16 23 5 5 5 
[22067.700964] MESSAGE_B= 5 5 5 36 1 52 192 0 248 179 0 1805 1024 1257 1393 2391 1317 1428 1576 574 228 180 197 925 198 201 203 0 0 90 1 17 3 239 205 233 231 2 0 2 0 2 0 0 0 1 52 674240 280124 355188 310882 374274 559248 657336 428212 277556 238310 381768 1147480 326282 312984 435816 486514 500262 949256 976726 1307112 2073600 2073600 6 0 296140 990720 993600 67710 87570 52264 88596 0 0 0 0 37 5 5 5 
[22067.857966] MESSAGE_B= 5 5 5 6 1 70 192 0 248 179 0 1639 940 1148 1272 2158 1315 1289 1493 518 254 216 212 730 266 261 249 0 0 103 109 40 92 236 222 211 222 2 0 2 0 0 0 0 0 1 70 640432 315590 355188 310882 374274 559248 657336 428212 277556 238310 381768 1147480 326282 312984 435816 486514 500262 949256 976726 1307112 2073600 2073600 6 0 318916 994560 993600 70939 85885 74602 87490 0 0 0 0 44 5 5 5 
[22068.136953] MESSAGE_B= 5 5 5 14 1 79 192 0 248 179 0 1254 1007 1000 1263 1573 1213 1052 1438 356 292 364 256 752 348 444 266 0 0 158 56 207 83 242 246 237 226 2 2 2 0 2 0 0 0 1 79 289722 228594 355188 310882 374274 559248 657336 428212 277556 238310 381768 1147480 326282 312984 435816 486514 500262 949256 976726 1307112 2073600 2073600 6 0 280055 990720 993600 67617 68572 69529 74337 0 0 0 0 44 5 5 5 
[22068.424957] MESSAGE_B= 0 5 5 13 0 82 192 0 248 179 0 1256 1105 1244 1244 1587 1311 1642 1432 355 313 390 255 762 391 429 259 0 0 75 42 125 60 244 247 229 224 2 0 2 0 2 0 0 0 0 82 294876 317118 355188 310882 374274 559248 657336 428212 277556 238310 381768 1147480 326282 312984 435816 486514 500262 949256 976726 1307112 2073600 2073600 3 0 289629 994560 993600 67922 73969 68091 79647 0 0 0 0 38 5 5 5 
[22068.704310] MESSAGE_B= 5 5 5 12 1 75 192 0 248 179 0 1261 1085 1107 1276 1653 1299 1401 1449 351 321 373 262 795 379 480 265 0 0 133 73 189 72 244 250 239 227 2 2 2 2 2 0 0 0 1 75 324646 185310 445206 220458 90616 376506 425256 366434 94392 220408 447446 490630 523134 453730 1211256 1394606 1254176 474506 195116 525282 2073600 2073600 6 0 293389 990720 993600 66439 78235 66473 82242 0 0 0 0 38 5 5 5 
[22068.983964] MESSAGE_B= 0 5 5 13 1 82 192 0 248 179 0 1250 1114 1070 1288 1576 1335 1319 1452 324 325 324 257 761 379 410 263 0 0 113 74 175 68 244 250 217 224 2 2 2 2 2 0 0 0 1 82 313398 325442 445206 220458 90616 376506 425256 366434 94392 220408 447446 490630 523134 453730 1211256 1394606 1254176 474506 195116 525282 2073600 2073600 3 0 292968 994560 993600 65708 78795 65637 82828 0 0 0 0 29 5 5 5 
[22069.265937] MESSAGE_B= 5 5 5 13 1 80 192 0 248 179 0 1250 1115 1134 1290 1665 1336 1439 1466 326 320 351 255 795 380 443 263 0 0 96 74 177 60 244 250 226 223 2 2 2 2 2 0 0 0 1 80 345274 210722 445206 220458 90616 376506 425256 366434 94392 220408 447446 490630 523134 453730 1211256 1394606 1254176 474506 195116 525282 2073600 2073600 6 0 292054 990720 993600 64455 79235 64783 83581 0 0 0 0 29 5 5 5 
[22069.546962] MESSAGE_B= 0 5 5 13 0 73 192 0 248 179 0 1250 1113 1094 1290 1593 1335 1322 1474 326 323 319 260 754 379 412 268 0 0 120 73 181 54 248 251 208 225 2 2 2 2 2 0 0 0 0 73 326458 334534 445206 220458 90616 376506 425256 366434 94392 220408 447446 490630 523134 453730 1211256 1394606 1254176 474506 195116 525282 2073600 2073600 3 0 291633 994560 993600 64580 78628 64925 83500 0 0 0 0 26 5 5 5 
[22069.827534] MESSAGE_B= 5 5 5 13 1 72 192 0 248 179 0 1248 1117 1087 1284 1553 1337 1249 1473 324 320 326 258 750 382 453 271 0 0 127 71 212 51 244 250 219 221 2 2 2 2 2 0 0 0 1 72 333814 208012 445206 220458 90616 376506 425256 366434 94392 220408 447446 490630 523134 453730 1211256 1394606 1254176 474506 195116 525282 2073600 2073600 6 0 290186 990720 993600 64288 78056 64482 83360 0 0 0 0 26 5 5 5 
[22069.986956] MESSAGE_B= 0 5 5 13 1 72 192 0 248 179 0 1256 1229 1122 1266 1557 1445 1265 1466 350 497 361 261 761 543 502 276 0 0 155 7 222 4 240 251 235 222 2 2 2 0 2 0 0 0 1 72 312672 331520 445206 220458 90616 376506 425256 366434 94392 220408 447446 490630 523134 453730 1211256 1394606 1254176 474506 195116 525282 2073600 2073600 3 0 288900 994560 993600 63717 77820 64031 83332 0 0 0 0 26 5 5 5 
[22070.267959] MESSAGE_B= 5 5 5 13 1 75 192 0 248 179 0 1248 1163 1203 1292 1569 1388 1466 1482 327 353 436 238 743 420 553 278 0 0 114 77 225 72 243 247 244 218 2 2 2 2 2 0 0 0 1 75 352172 198518 445206 220458 90616 376506 425256 366434 94392 220408 447446 490630 523134 453730 1211256 1394606 1254176 474506 195116 525282 2073600 2073600 6 0 288796 990720 993600 64215 75411 64546 84624 0 0 0 0 27 5 5 5 
[22070.545961] MESSAGE_B= 5 5 5 12 1 71 192 0 248 179 0 1258 1120 1202 1264 1564 1356 1458 1455 349 350 434 257 743 431 495 277 0 0 117 71 222 46 242 250 248 224 0 2 2 2 2 0 0 0 1 71 374582 330762 445206 220458 90616 376506 425256 366434 94392 220408 447446 490630 523134 453730 1211256 1394606 1254176 474506 195116 525282 2073600 2073600 6 0 284571 994560 993600 65312 72765 65740 80754 0 0 0 0 31 5 5 5 
[22070.831715] MESSAGE_B= 5 5 5 13 1 79 192 0 248 179 0 1255 1166 1184 1252 1552 1364 1424 1419 348 422 380 255 744 454 386 263 0 0 106 14 200 32 249 250 228 228 2 2 2 0 2 0 0 0 1 79 351432 185234 445206 220458 90616 376506 425256 366434 94392 220408 447446 490630 523134 453730 1211256 1394606 1254176 474506 195116 525282 2073600 2073600 6 0 281402 990720 993600 67676 70136 67766 75824 0 0 0 0 33 5 5 5 
[22071.109973] MESSAGE_B= 0 5 5 13 1 80 192 0 248 179 0 1259 1046 1071 1272 1561 1257 1178 1436 355 301 334 259 748 394 361 266 0 0 113 65 169 83 245 248 238 224 2 2 2 2 2 0 0 0 1 80 298566 334014 445250 140792 97186 438208 423246 466750 191290 476442 422888 474140 318060 438026 493046 531366 591424 517992 407016 586062 2073600 2073600 3 0 285442 994560 993600 69639 69224 70360 76219 0 0 0 0 40 5 5 5 
[22071.388950] MESSAGE_B= 5 5 5 14 1 78 192 0 248 179 0 1257 1036 974 1271 1552 1247 984 1439 355 297 360 257 753 385 450 257 0 0 163 60 208 76 244 247 240 223 2 2 2 0 2 0 0 0 1 78 330482 175144 445250 140792 97186 438208 423246 466750 191290 476442 422888 474140 318060 438026 493046 531366 591424 517992 407016 586062 2073600 2073600 6 0 281972 990720 993600 70597 66723 71456 73196 0 0 0 0 40 5 5 5 
[22071.668954] MESSAGE_B= 0 5 5 15 0 76 192 0 248 179 0 1249 1064 1008 1275 1557 1285 1083 1443 330 297 307 259 750 384 431 262 0 0 132 64 207 76 244 248 232 225 2 2 2 0 2 0 0 0 0 76 291250 329860 445250 140792 97186 438208 423246 466750 191290 476442 422888 474140 318060 438026 493046 531366 591424 517992 407016 586062 2073600 2073600 3 0 277503 994560 993600 69145 65771 69662 72925 0 0 0 0 31 5 5 5 
[22071.834968] MESSAGE_B= 5 5 5 14 1 79 192 0 248 179 0 1248 1120 1012 1277 1556 1315 1126 1440 325 309 329 258 756 386 405 263 0 0 131 40 195 49 242 246 240 225 2 2 2 2 2 0 0 0 1 79 320350 202588 445250 140792 97186 438208 423246 466750 191290 476442 422888 474140 318060 438026 493046 531366 591424 517992 407016 586062 2073600 2073600 6 0 285180 990720 993600 68524 70817 69163 76676 0 0 0 0 26 5 5 5 
[22072.113950] MESSAGE_B= 0 5 5 13 0 77 192 0 248 179 0 1246 1136 1093 1243 1549 1353 1312 1423 322 334 349 252 739 406 420 260 0 0 111 60 216 72 248 247 241 227 2 0 2 0 2 0 0 0 0 77 300262 329780 445250 140792 97186 438208 423246 466750 191290 476442 422888 474140 318060 438026 493046 531366 591424 517992 407016 586062 2073600 2073600 3 0 282375 994560 993600 67679 69352 68342 77002 0 0 0 0 36 5 5 5 
[22072.391040] MESSAGE_B= 5 5 5 13 1 77 192 0 248 179 0 1259 1110 1105 1246 1558 1335 1310 1428 354 313 376 254 751 406 450 260 0 0 127 81 209 84 243 250 245 223 2 2 2 0 2 0 0 0 1 77 317042 184244 445250 140792 97186 438208 423246 466750 191290 476442 422888 474140 318060 438026 493046 531366 591424 517992 407016 586062 2073600 2073600 6 0 280802 990720 993600 67236 69059 67891 76616 0 0 0 0 36 5 5 5 
[22072.669953] MESSAGE_B= 0 5 5 13 1 79 192 0 248 179 0 1257 1077 1033 1261 1541 1286 1145 1437 352 332 415 254 749 397 463 262 0 0 166 83 217 79 250 247 245 227 2 2 2 0 2 0 0 0 1 79 309140 331760 445250 140792 97186 438208 423246 466750 191290 476442 422888 474140 318060 438026 493046 531366 591424 517992 407016 586062 2073600 2073600 3 0 286120 994560 993600 68615 71541 69194 76770 0 0 0 0 36 5 5 5 
[22072.946960] MESSAGE_B= 5 5 5 13 0 77 192 0 248 179 0 1259 1049 971 1270 1567 1275 1025 1436 348 327 360 260 745 407 435 263 0 0 137 60 165 73 242 250 241 226 2 2 2 0 2 0 0 0 0 77 296854 186500 445250 140792 97186 438208 423246 466750 191290 476442 422888 474140 318060 438026 493046 531366 591424 517992 407016 586062 2073600 2073600 6 0 283687 990720 993600 69478 69654 70488 74067 0 0 0 0 36 5 5 5 
[22073.224975] MESSAGE_B= 0 5 5 14 1 76 192 0 248 179 0 1257 1024 978 1267 1553 1252 1006 1438 351 315 359 261 755 396 363 263 0 0 141 51 183 63 251 251 241 227 2 2 2 0 2 0 0 0 1 76 286532 334734 445250 140792 97186 438208 423246 466750 191290 476442 422888 474140 318060 438026 493046 531366 591424 517992 407016 586062 2073600 2073600 3 0 281763 994560 993600 70199 67740 71244 72580 0 0 0 0 24 5 5 5 
[22073.501957] MESSAGE_B= 5 5 5 14 0 77 192 0 248 179 0 1262 1082 1035 1261 1601 1314 1202 1436 350 334 335 251 769 416 322 262 0 0 109 110 169 95 250 241 234 227 2 2 2 0 2 0 0 0 0 77 311392 210938 461028 144478 118590 421726 423054 448358 184048 447666 468788 475930 306000 355094 449684 521464 549816 386794 230232 488120 2073600 2073600 6 0 292621 990720 993600 66435 77142 67173 81871 0 0 0 0 42 5 5 5 
[22073.780959] MESSAGE_B= 5 5 5 12 0 77 192 0 248 179 0 1253 1135 1141 1278 1575 1352 1366 1452 337 326 355 259 754 403 394 260 0 0 84 67 187 80 244 250 233 225 2 2 2 2 2 0 0 0 0 77 331876 327614 461028 144478 118590 421726 423054 448358 184048 447666 468788 475930 306000 355094 449684 521464 549816 386794 230232 488120 2073600 2073600 6 0 290013 994560 993600 64511 77608 64773 83121 0 0 0 0 42 5 5 5 
[22074.024959] MESSAGE_B= 5 5 5 13 0 81 192 0 248 179 0 1278 1091 1163 1281 1784 1328 1462 1481 335 331 430 258 838 405 558 269 0 0 91 70 205 68 244 250 240 226 2 2 2 2 2 0 0 0 0 81 358088 188140 461028 144478 118590 421726 423054 448358 184048 447666 468788 475930 306000 355094 449684 521464 549816 386794 230232 488120 2073600 2073600 6 0 292727 990720 993600 62905 81530 63304 84988 0 0 0 0 41 5 5 5 
[22074.301962] MESSAGE_B= 5 5 5 13 0 82 192 0 248 179 0 1255 1098 1165 1283 1678 1327 1522 1500 337 332 455 262 842 408 576 281 0 0 117 63 199 68 243 250 236 225 2 2 2 2 2 0 0 0 0 82 370436 321658 461028 144478 118590 421726 423054 448358 184048 447666 468788 475930 306000 355094 449684 521464 549816 386794 230232 488120 2073600 2073600 6 0 291067 994560 993600 62842 80275 63301 84649 0 0 0 0 41 5 5 5 
[22074.579957] MESSAGE_B= 5 5 5 13 0 79 192 0 248 179 0 1261 1096 1171 1281 1664 1327 1485 1501 340 327 446 261 822 408 556 279 0 0 113 68 207 65 249 250 240 225 2 2 2 2 2 0 0 0 0 79 373516 208030 461028 144478 118590 421726 423054 448358 184048 447666 468788 475930 306000 355094 449684 521464 549816 386794 230232 488120 2073600 2073600 6 0 289865 990720 993600 62886 79476 63201 84302 0 0 0 0 15 5 5 5 
[22074.856961] MESSAGE_B= 5 5 5 13 0 79 192 0 248 179 0 1259 1089 1170 1281 1665 1310 1551 1492 334 315 467 258 834 391 641 274 0 0 123 62 210 70 242 249 241 224 2 2 2 2 2 0 0 0 0 79 359648 320790 461028 144478 118590 421726 423054 448358 184048 447666 468788 475930 306000 355094 449684 521464 549816 386794 230232 488120 2073600 2073600 6 0 292292 994560 993600 63512 80193 63858 84729 0 0 0 0 26 5 5 5 
[22075.134967] MESSAGE_B= 5 5 5 12 0 78 192 0 248 179 0 1256 1120 1214 1289 1748 1364 1649 1500 332 320 452 256 847 397 539 267 0 0 109 69 200 68 243 250 239 223 2 2 2 2 2 0 0 0 0 78 371878 197306 461028 144478 118590 421726 423054 448358 184048 447666 468788 475930 306000 355094 449684 521464 549816 386794 230232 488120 2073600 2073600 6 0 293062 990720 993600 63584 80378 63926 85174 0 0 0 0 26 5 5 5 
[22075.412966] MESSAGE_B= 5 5 5 13 1 77 192 0 248 179 0 1256 1137 1243 1261 1714 1375 1624 1475 334 329 463 257 851 406 515 280 0 0 107 59 206 59 243 249 241 224 2 2 2 2 2 0 0 0 1 77 348746 328794 461028 144478 118590 421726 423054 448358 184048 447666 468788 475930 306000 355094 449684 521464 549816 386794 230232 488120 2073600 2073600 6 0 292263 994560 993600 63656 79960 63989 84658 0 0 0 0 24 5 5 5 
[22075.692973] MESSAGE_B= 5 5 5 12 1 77 192 0 248 179 0 1261 1142 1243 1235 1726 1377 1624 1465 335 327 456 261 849 407 525 280 0 0 110 34 207 54 243 248 241 211 2 2 2 2 2 0 0 0 1 77 351344 203814 461028 144478 118590 421726 423054 448358 184048 447666 468788 475930 306000 355094 449684 521464 549816 386794 230232 488120 2073600 2073600 6 0 291331 990720 993600 63670 79661 63798 84202 0 0 0 0 18 5 5 5 
[22075.972837] MESSAGE_B= 5 5 5 12 1 77 192 0 248 179 0 1259 1112 1225 1267 1698 1347 1647 1480 332 326 458 252 860 411 531 275 0 0 114 62 219 54 243 250 239 229 2 2 2 2 2 0 0 0 1 77 340040 330500 439628 148274 116710 435052 407908 440270 194376 455264 439136 570534 319650 501160 576554 584074 669342 450398 413136 596738 2073600 2073600 6 0 292925 994560 993600 63856 80333 64042 84694 0 0 0 0 11 5 5 5 
[22076.128954] MESSAGE_B= 5 5 5 12 0 78 192 0 248 179 0 1256 1099 1203 1278 1667 1333 1583 1479 333 324 454 264 829 406 594 274 0 0 118 67 212 63 242 249 240 228 2 2 2 2 2 0 0 0 0 78 355610 201844 439628 148274 116710 435052 407908 440270 194376 455264 439136 570534 319650 501160 576554 584074 669342 450398 413136 596738 2073600 2073600 6 0 291363 990720 993600 63520 79573 63885 84385 0 0 0 0 17 5 5 5 
[22076.407958] MESSAGE_B= 5 5 5 13 0 76 192 0 248 179 0 1259 1083 1184 1276 1652 1319 1529 1477 335 313 446 262 808 397 576 275 0 0 125 65 211 64 248 249 238 227 2 2 2 2 2 0 0 0 0 76 353644 331076 439628 148274 116710 435052 407908 440270 194376 455264 439136 570534 319650 501160 576554 584074 669342 450398 413136 596738 2073600 2073600 6 0 291175 994560 993600 63776 79303 64111 83985 0 0 0 0 18 5 5 5 
[22076.692977] MESSAGE_B= 5 5 5 13 0 77 192 0 248 179 0 1258 1091 1200 1277 1654 1324 1570 1481 336 318 451 260 834 398 588 274 0 0 123 69 212 65 248 249 236 225 2 2 2 2 2 0 0 0 0 77 373424 195236 439628 148274 116710 435052 407908 440270 194376 455264 439136 570534 319650 501160 576554 584074 669342 450398 413136 596738 2073600 2073600 6 0 293100 990720 993600 63682 80385 63880 85153 0 0 0 0 18 5 5 5 
[22076.980970] MESSAGE_B= 5 5 5 12 0 83 192 0 248 179 0 1252 1120 1137 1283 1658 1351 1415 1491 331 324 379 256 787 403 488 276 0 0 120 67 197 55 242 252 238 226 2 2 2 2 2 0 0 0 0 83 341088 321650 439628 148274 116710 435052 407908 440270 194376 455264 439136 570534 319650 501160 576554 584074 669342 450398 413136 596738 2073600 2073600 6 0 289521 994560 993600 62529 79414 62939 84639 0 0 0 0 21 5 5 5 
[22077.269277] MESSAGE_B= 5 5 5 13 0 74 192 0 248 179 0 1251 1118 1088 1284 1567 1352 1292 1486 328 324 354 257 747 405 416 274 0 0 117 61 175 57 247 250 226 229 2 2 2 2 2 0 0 0 0 74 343276 197014 439628 148274 116710 435052 407908 440270 194376 455264 439136 570534 319650 501160 576554 584074 669342 450398 413136 596738 2073600 2073600 6 0 289236 990720 993600 62513 79628 62807 84288 0 0 0 0 23 5 5 5 
[22077.546961] MESSAGE_B= 0 5 5 13 0 75 192 0 248 179 0 1248 1112 1068 1291 1618 1351 1371 1495 330 328 388 256 781 405 460 271 0 0 110 67 171 56 243 250 223 227 2 2 2 2 2 0 0 0 0 75 325770 333664 439628 148274 116710 435052 407908 440270 194376 455264 439136 570534 319650 501160 576554 584074 669342 450398 413136 596738 2073600 2073600 3 0 287815 994560 993600 62503 78950 62802 83560 0 0 0 0 23 5 5 5 
[22077.830030] MESSAGE_B= 5 5 5 13 0 75 192 0 248 179 0 1248 1111 1081 1295 1604 1353 1350 1500 328 331 374 269 771 404 410 279 0 0 101 77 172 59 241 251 225 225 2 2 2 2 2 0 0 0 0 75 346120 200654 439628 148274 116710 435052 407908 440270 194376 455264 439136 570534 319650 501160 576554 584074 669342 450398 413136 596738 2073600 2073600 6 0 288216 990720 993600 62476 78700 62847 84193 0 0 0 0 23 5 5 5 
[22078.106972] MESSAGE_B= 5 5 5 13 0 73 192 0 248 179 0 1250 1105 1088 1290 1619 1351 1322 1495 330 328 307 265 782 407 360 278 0 0 73 71 131 65 242 250 220 228 2 2 2 2 2 0 0 0 0 73 345054 339694 439628 148274 116710 435052 407908 440270 194376 455264 439136 570534 319650 501160 576554 584074 669342 450398 413136 596738 2073600 2073600 6 0 289562 994560 993600 62438 79593 62870 84661 0 0 0 0 24 5 5 5 
[22078.387951] MESSAGE_B= 5 5 5 13 1 71 192 0 248 179 0 1252 1146 1115 1298 1608 1377 1303 1498 332 338 353 266 763 410 461 274 0 0 123 79 193 67 243 250 229 228 2 2 2 2 2 0 0 0 1 71 339232 211198 451070 160308 129104 418132 420656 471828 210270 466786 453078 536024 330250 549388 571412 560742 600688 489342 329778 559202 2073600 2073600 6 0 288869 990720 993600 62915 78471 63252 84231 0 0 0 0 24 5 5 5 
[22078.548540] MESSAGE_B= 0 5 5 13 1 72 192 0 248 179 0 1252 1140 1125 1295 1623 1365 1316 1504 331 341 356 261 759 411 472 276 0 0 122 71 190 63 243 250 229 229 2 2 2 2 2 0 0 0 1 72 320690 335912 451070 160308 129104 418132 420656 471828 210270 466786 453078 536024 330250 549388 571412 560742 600688 489342 329778 559202 2073600 2073600 3 0 289530 994560 993600 63194 78463 63434 84439 0 0 0 0 21 5 5 5 
[22078.825961] MESSAGE_B= 5 5 5 13 1 71 192 0 248 179 0 1253 1140 1108 1301 1644 1361 1328 1498 332 345 368 263 785 418 476 269 0 0 113 79 192 63 245 250 231 228 2 2 2 2 2 0 0 0 1 71 342120 212828 451070 160308 129104 418132 420656 471828 210270 466786 453078 536024 330250 549388 571412 560742 600688 489342 329778 559202 2073600 2073600 6 0 290446 990720 993600 62997 79009 63422 85018 0 0 0 0 21 5 5 5 
[22079.111963] MESSAGE_B= 5 5 5 13 1 69 192 0 248 179 0 1252 1123 1139 1289 1615 1360 1436 1495 336 352 421 270 770 424 510 289 0 0 118 62 193 50 245 251 242 228 2 2 2 2 2 0 0 0 1 69 353010 336706 451070 160308 129104 418132 420656 471828 210270 466786 453078 536024 330250 549388 571412 560742 600688 489342 329778 559202 2073600 2073600 6 0 289705 994560 993600 63155 78716 63415 84419 0 0 0 0 21 5 5 5 
[22079.388955] MESSAGE_B= 5 5 5 13 1 74 192 0 248 179 0 1254 1177 1206 1294 1636 1406 1573 1501 335 338 419 264 800 392 472 279 0 0 94 82 187 81 249 248 236 226 2 2 2 2 2 0 0 0 1 74 356604 180032 451070 160308 129104 418132 420656 471828 210270 466786 453078 536024 330250 549388 571412 560742 600688 489342 329778 559202 2073600 2073600 6 0 292609 990720 993600 64128 79342 64367 84772 0 0 0 0 21 5 5 5 
[22079.668580] MESSAGE_B= 5 5 5 12 1 76 192 0 248 179 0 1256 1162 1193 1302 1691 1384 1597 1504 338 325 422 264 829 399 504 276 0 0 104 84 196 73 244 250 239 226 2 2 2 2 2 0 0 0 1 76 345014 331170 451070 160308 129104 418132 420656 471828 210270 466786 453078 536024 330250 549388 571412 560742 600688 489342 329778 559202 2073600 2073600 6 0 291034 994560 993600 63480 79217 63777 84560 0 0 0 0 19 5 5 5 
[22079.946960] MESSAGE_B= 5 5 5 13 0 73 192 0 248 179 0 1250 1104 1139 1293 1621 1334 1468 1499 333 326 426 279 799 412 580 293 0 0 125 67 200 58 243 249 240 230 2 2 2 2 2 0 0 0 0 73 350336 182194 451070 160308 129104 418132 420656 471828 210270 466786 453078 536024 330250 549388 571412 560742 600688 489342 329778 559202 2073600 2073600 6 0 288638 990720 993600 63266 78022 63519 83831 0 0 0 0 21 5 5 5 
[22080.225953] MESSAGE_B= 5 5 5 13 0 72 192 0 248 179 0 1251 1115 1135 1287 1625 1347 1475 1499 337 344 428 280 803 417 610 289 0 0 125 69 195 63 243 249 240 230 2 2 2 2 2 0 0 0 0 72 356188 333336 451070 160308 129104 418132 420656 471828 210270 466786 453078 536024 330250 549388 571412 560742 600688 489342 329778 559202 2073600 2073600 6 0 287842 994560 993600 62836 77834 63186 83986 0 0 0 0 21 5 5 5 
[22080.507959] MESSAGE_B= 5 5 5 13 0 73 192 0 248 179 0 1255 1123 1184 1292 1633 1360 1503 1502 337 350 419 279 814 418 502 290 0 0 116 72 205 61 242 251 237 229 2 2 2 2 2 0 0 0 0 73 360520 182126 451070 160308 129104 418132 420656 471828 210270 466786 453078 536024 330250 549388 571412 560742 600688 489342 329778 559202 2073600 2073600 6 0 290011 990720 993600 63691 78205 63777 84338 0 0 0 0 14 5 5 5 
[22080.794116] MESSAGE_B= 5 5 5 12 1 76 192 0 248 179 0 1255 1146 1201 1296 1680 1376 1571 1510 335 332 429 274 820 404 516 288 0 0 106 76 194 70 243 250 239 227 2 2 2 2 2 0 0 0 1 76 350960 329226 423930 148014 124434 426908 410136 420776 201716 436322 422224 563318 333360 516654 564332 557242 641944 453790 417492 607186 2073600 2073600 6 0 290172 994560 993600 63442 78623 63597 84510 0 0 0 0 14 5 5 5 
[22081.071951] MESSAGE_B= 5 5 5 13 0 76 192 0 248 179 0 1248 1109 1140 1300 1602 1335 1465 1511 331 337 430 279 821 414 576 293 0 0 117 63 195 54 242 250 240 229 2 2 2 2 2 0 0 0 0 76 348986 181316 423930 148014 124434 426908 410136 420776 201716 436322 422224 563318 333360 516654 564332 557242 641944 453790 417492 607186 2073600 2073600 6 0 289191 990720 993600 63433 78019 63720 84019 0 0 0 0 19 5 5 5 
[22081.360959] MESSAGE_B= 5 5 5 13 0 76 192 0 248 179 0 1250 1120 1119 1295 1592 1360 1417 1505 335 352 409 276 805 425 532 289 0 0 114 77 182 72 245 251 238 229 2 2 2 2 2 0 0 0 0 76 355984 330328 423930 148014 124434 426908 410136 420776 201716 436322 422224 563318 333360 516654 564332 557242 641944 453790 417492 607186 2073600 2073600 6 0 288000 994560 993600 62879 77991 63010 84120 0 0 0 0 19 5 5 5 
[22081.527952] MESSAGE_B= 5 5 5 13 0 75 192 0 248 179 0 1254 1124 1122 1290 1580 1365 1413 1500 333 349 403 274 805 422 524 285 0 0 109 74 185 63 245 251 238 227 2 2 2 2 2 0 0 0 0 75 352140 180876 423930 148014 124434 426908 410136 420776 201716 436322 422224 563318 333360 516654 564332 557242 641944 453790 417492 607186 2073600 2073600 6 0 287658 990720 993600 62909 77687 63093 83969 0 0 0 0 19 5 5 5 
[22081.808964] MESSAGE_B= 5 5 5 13 0 75 192 0 248 179 0 1254 1141 1139 1297 1583 1377 1445 1497 336 360 410 276 817 431 546 284 0 0 117 78 188 58 244 252 237 227 2 2 2 2 2 0 0 0 0 75 347204 329202 423930 148014 124434 426908 410136 420776 201716 436322 422224 563318 333360 516654 564332 557242 641944 453790 417492 607186 2073600 2073600 6 0 288208 994560 993600 62920 78080 63041 84167 0 0 0 0 19 5 5 5 
