[17550.426964] MESSAGE_B= 4 4 0 248 0 0 192 0 248 179 0 0 750 0 744 613 530 618 529 0 0 0 0 0 0 0 0 1 12 255 255 255 255 0 0 0 0 0 0 0 0 0 0 0 0 0 0 1828 54136 2 119258 136994 101300 100904 2 232646 221942 2 2 33378 133414 121452 14 2 152802 158264 2 2073600 2073600 5 3 464066 990720 993600 116846 116846 115189 115185 3 3 3 3 0 4 4 4 
[17550.707956] MESSAGE_B= 4 4 0 248 0 0 192 0 248 179 0 0 739 0 738 587 536 588 532 0 0 0 0 0 0 0 0 1 12 255 255 255 255 0 0 0 0 0 0 0 0 0 0 0 0 0 0 2234 79722 2 119258 136994 101300 100904 2 232646 221942 2 2 33378 133414 121452 14 2 152802 158264 2 2073600 2073600 5 3 464174 994560 993600 116868 116870 115221 115215 3 3 3 3 0 4 4 4 
[17550.982723] MESSAGE_B= 4 4 4 248 0 0 192 0 248 179 0 0 747 0 741 620 526 619 525 0 0 0 0 0 0 0 0 1 12 255 255 255 255 0 0 0 0 0 0 0 0 0 0 0 0 0 0 1798 54174 2 119258 136994 101300 100904 2 232646 221942 2 2 33378 133414 121452 14 2 152802 158264 2 2073600 2073600 5 3 464091 990720 993600 116841 116850 115202 115198 3 3 3 3 0 4 4 4 
[17551.262593] MESSAGE_B= 4 4 4 248 0 0 192 0 248 179 0 0 746 0 743 618 525 615 528 0 0 0 0 0 0 0 0 1 12 255 255 255 255 0 0 0 0 0 0 0 0 0 0 0 0 0 0 2280 79624 2 119258 136994 101300 100904 2 232646 221942 2 2 33378 133414 121452 14 2 152802 158264 2 2073600 2073600 5 3 464081 994560 993600 116848 116854 115202 115177 3 3 3 3 0 4 4 4 
[17551.533959] MESSAGE_B= 4 4 4 249 0 0 192 0 248 179 0 0 742 0 741 620 526 613 526 0 0 0 0 0 0 0 0 1 12 255 255 255 255 0 0 0 0 0 0 0 0 0 0 0 0 0 0 1798 53972 2 119258 136994 101300 100904 2 232646 221942 2 2 33378 133414 121452 14 2 152802 158264 2 2073600 2073600 5 3 464089 990720 993600 116850 116856 115195 115188 3 3 3 3 0 4 4 4 
[17551.683997] MESSAGE_B= 4 4 4 249 0 0 192 0 248 179 0 0 744 0 739 616 538 608 533 0 0 0 0 0 0 0 0 1 12 255 255 255 255 0 0 0 0 0 0 0 0 0 0 0 0 0 0 2354 79630 2 119258 136994 101300 100904 2 232646 221942 2 2 33378 133414 121452 14 2 152802 158264 2 2073600 2073600 5 3 464121 994560 993600 116852 116866 115204 115199 3 3 3 3 0 4 4 4 
[17551.956952] MESSAGE_B= 4 4 4 248 0 0 192 0 248 179 0 0 743 0 744 591 526 595 527 0 0 0 0 0 0 0 0 1 12 255 255 255 255 0 0 0 0 0 0 0 0 0 0 0 0 0 0 1684 54012 43532 124790 52314 49918 27622 27198 22782 37792 48110 222 124062 570 396 472 432 916 958 516 2073600 2073600 5 3 464104 990720 993600 116853 116850 115202 115199 3 3 3 3 0 4 4 4 
[17552.238430] MESSAGE_B= 4 4 4 248 0 0 192 0 248 179 0 0 743 0 743 591 529 592 525 0 0 0 0 0 0 0 0 1 12 255 255 255 255 0 0 0 0 0 0 0 0 0 0 0 0 0 0 2290 79624 43532 124790 52314 49918 27622 27198 22782 37792 48110 222 124062 570 396 472 432 916 958 516 2073600 2073600 5 3 464095 994560 993600 116851 116861 115178 115205 3 3 3 3 0 4 4 4 
[17552.524056] MESSAGE_B= 4 4 4 249 0 0 192 0 248 179 0 0 743 0 742 609 538 609 537 0 0 0 0 0 0 0 0 1 12 255 255 255 255 0 0 0 0 0 0 0 0 0 0 0 0 0 0 1838 54030 43532 124790 52314 49918 27622 27198 22782 37792 48110 222 124062 570 396 472 432 916 958 516 2073600 2073600 5 3 464130 990720 993600 116862 116860 115207 115201 3 3 3 3 1 4 4 4 
[17552.796948] MESSAGE_B= 4 4 4 249 0 0 192 0 248 179 0 0 742 0 739 585 525 587 525 0 0 0 0 0 0 0 0 1 12 255 255 255 255 0 0 0 0 0 0 0 0 0 0 0 0 0 0 2238 79644 43532 124790 52314 49918 27622 27198 22782 37792 48110 222 124062 570 396 472 432 916 958 516 2073600 2073600 5 3 464162 994560 993600 116868 116871 115213 115210 3 3 3 3 2 4 4 4 
[17553.068961] MESSAGE_B= 4 4 4 248 0 0 192 0 248 179 0 0 740 0 743 613 525 613 524 0 0 0 0 0 0 0 0 1 12 255 255 255 255 0 0 0 0 0 0 0 0 0 0 0 0 0 0 1756 53920 43532 124790 52314 49918 27622 27198 22782 37792 48110 222 124062 570 396 472 432 916 958 516 2073600 2073600 5 3 464116 990720 993600 116857 116853 115197 115209 3 3 3 3 2 4 4 4 
[17553.343949] MESSAGE_B= 4 4 4 249 0 0 192 0 248 179 0 0 773 0 776 618 524 612 526 0 0 0 0 0 0 0 0 1 12 255 255 255 255 0 0 0 0 0 0 0 0 0 0 0 0 0 0 2194 79636 43532 124790 52314 49918 27622 27198 22782 37792 48110 222 124062 570 396 472 432 916 958 516 2073600 2073600 5 3 464096 994560 993600 116849 116853 115196 115198 3 3 3 3 1 4 4 4 
[17553.622962] MESSAGE_B= 4 4 4 249 0 0 192 0 248 179 0 0 770 0 770 584 537 588 535 0 0 0 0 0 0 0 0 1 12 255 255 255 255 0 0 0 0 0 0 0 0 0 0 0 0 0 0 1842 53898 43532 124790 52314 49918 27622 27198 22782 37792 48110 222 124062 570 396 472 432 916 958 516 2073600 2073600 5 3 464147 990720 993600 116870 116863 115206 115208 3 3 3 3 1 4 4 4 
[17553.897948] MESSAGE_B= 4 4 4 249 0 0 192 0 248 179 0 0 769 0 769 612 526 604 520 0 0 0 0 0 0 0 0 1 12 255 255 248 255 0 0 0 0 0 0 0 0 0 0 0 0 0 0 2232 79604 43532 124790 52314 49918 27622 27198 22782 37792 48110 222 124062 570 396 472 432 916 958 516 2073600 2073600 5 3 464181 994560 993600 116869 116868 115219 115225 3 3 3 3 1 4 4 4 
[17554.169953] MESSAGE_B= 4 4 4 249 0 0 192 0 248 179 0 0 744 0 743 617 525 616 529 0 0 0 0 0 0 0 0 1 12 255 255 255 255 0 0 0 0 0 0 0 0 0 0 0 0 0 0 1742 53802 43532 124790 52314 49918 27622 27198 22782 37792 48110 222 124062 570 396 472 432 916 958 516 2073600 2073600 5 3 464091 990720 993600 116847 116852 115202 115190 3 3 3 3 1 4 4 4 
[17554.327787] MESSAGE_B= 4 4 4 248 0 0 192 0 248 179 0 0 741 0 738 620 525 613 527 0 0 0 0 0 0 0 0 1 12 255 243 255 255 0 0 0 0 0 0 0 0 0 0 0 0 0 0 2208 79592 43568 50100 48278 49350 27448 27240 22626 37190 48034 388 542 358 480 558 448 1354 934 414 2073600 2073600 5 3 464114 994560 993600 116847 116862 115209 115196 3 3 3 3 1 4 4 4 
[17554.599957] MESSAGE_B= 4 4 4 249 0 0 192 0 248 179 0 0 739 0 741 613 522 609 528 0 0 0 0 0 0 0 0 1 12 255 255 255 255 0 0 0 0 0 0 0 0 0 0 0 0 0 0 1868 53842 43568 50100 48278 49350 27448 27240 22626 37190 48034 388 542 358 480 558 448 1354 934 414 2073600 2073600 5 3 464160 990720 993600 116857 116867 115229 115207 3 3 3 3 1 4 4 4 
[17554.878924] MESSAGE_B= 4 4 4 249 0 0 192 0 248 179 0 0 765 0 766 613 521 613 525 0 0 0 0 0 0 0 0 1 12 255 255 255 255 0 0 0 0 0 0 0 0 0 0 0 0 0 0 2220 79514 43568 50100 48278 49350 27448 27240 22626 37190 48034 388 542 358 480 558 448 1354 934 414 2073600 2073600 5 3 464145 994560 993600 116867 116867 115214 115197 3 3 3 3 1 4 4 4 
[17555.149946] MESSAGE_B= 4 7 4 255 1 1 192 0 248 179 0 0 0 0 0 0 0 0 0 0 0 0 0 0 0 0 0 1 12 0 0 0 0 0 0 0 0 1 1 1 1 1 1 1 1 1 1 1264 53798 43568 50100 48278 49350 27448 27240 22626 37190 48034 388 542 358 480 558 448 1354 934 414 2073600 2073600 5 12 512416 990720 993600 128104 128104 128104 128104 12 12 12 12 1 4 4 4 
[17555.421960] MESSAGE_B= 4 7 4 255 1 1 192 0 248 179 0 0 0 0 0 0 0 0 0 0 0 0 0 0 0 0 0 1 12 0 0 0 0 0 0 0 0 1 1 1 1 1 1 1 1 1 1 0 0 43568 50100 48278 49350 27448 27240 22626 37190 48034 388 542 358 480 558 448 1354 934 414 2073600 2073600 4 12 512416 994560 993600 128104 128104 128104 128104 12 12 12 12 0 4 4 4 
[17555.698950] MESSAGE_B= 4 7 4 255 1 1 192 0 248 179 0 0 0 0 0 0 0 0 0 0 0 0 0 0 0 0 0 1 12 0 0 0 0 0 0 0 0 1 1 1 1 1 1 1 1 1 1 0 0 43568 50100 48278 49350 27448 27240 22626 37190 48034 388 542 358 480 558 448 1354 934 414 2073600 2073600 4 12 512416 990720 993600 128104 128104 128104 128104 12 12 12 12 0 4 4 4 
[17555.971284] MESSAGE_B= 4 7 4 255 1 1 192 0 248 179 0 0 0 0 0 0 0 0 0 0 0 0 0 0 0 0 0 1 12 0 0 0 0 0 0 0 0 1 1 1 1 1 1 1 1 1 1 0 0 43568 50100 48278 49350 27448 27240 22626 37190 48034 388 542 358 480 558 448 1354 934 414 2073600 2073600 4 12 512416 994560 993600 128104 128104 128104 128104 12 12 12 12 0 4 4 4 
[17556.243950] MESSAGE_B= 4 7 4 255 1 1 192 0 248 179 0 0 0 0 0 0 0 0 0 0 0 0 0 0 0 0 0 1 12 0 0 0 0 0 0 0 0 1 1 1 1 1 1 1 1 1 1 0 0 43568 50100 48278 49350 27448 27240 22626 37190 48034 388 542 358 480 558 448 1354 934 414 2073600 2073600 4 12 512416 990720 993600 128104 128104 128104 128104 12 12 12 12 0 4 4 4 
[17556.518617] MESSAGE_B= 4 7 4 255 1 1 192 0 248 179 0 0 0 0 0 0 0 0 0 0 0 0 0 0 0 0 0 1 12 0 0 0 0 0 0 0 0 1 1 1 1 1 1 1 1 1 1 0 0 43568 50100 48278 49350 27448 27240 22626 37190 48034 388 542 358 480 558 448 1354 934 414 2073600 2073600 4 12 512416 994560 993600 128104 128104 128104 128104 12 12 12 12 0 4 4 4 
[17556.798145] MESSAGE_B= 4 7 4 255 1 1 192 0 248 179 0 0 0 0 0 0 0 0 0 0 0 0 0 0 0 0 0 1 12 0 0 0 0 0 0 0 0 1 1 1 1 1 1 1 1 1 1 0 0 2 50494 48538 49106 2 2 2 2 2 2 858 518 2 2 2 2 2 2 2073600 2073600 4 12 512416 990720 993600 128104 128104 128104 128104 12 12 12 12 0 4 4 4 
[17557.065956] MESSAGE_B= 4 7 4 255 1 1 192 0 248 179 0 0 0 0 0 0 0 0 0 0 0 0 0 0 0 0 0 1 12 0 0 0 0 0 0 0 0 1 1 1 1 1 1 1 1 1 1 0 0 2 50494 48538 49106 2 2 2 2 2 2 858 518 2 2 2 2 2 2 2073600 2073600 4 12 512416 994560 993600 128104 128104 128104 128104 12 12 12 12 0 4 4 4 
[17557.332945] MESSAGE_B= 4 7 4 255 1 1 192 0 248 179 0 0 0 0 0 0 0 0 0 0 0 0 0 0 0 0 0 1 12 0 0 0 0 0 0 0 0 1 1 1 1 1 1 1 1 1 1 0 0 2 50494 48538 49106 2 2 2 2 2 2 858 518 2 2 2 2 2 2 2073600 2073600 4 12 512416 990720 993600 128104 128104 128104 128104 12 12 12 12 0 4 4 4 
[17557.478961] MESSAGE_B= 4 7 4 255 1 1 192 0 248 179 0 0 0 0 0 0 0 0 0 0 0 0 0 0 0 0 0 1 12 0 0 0 0 0 0 0 0 1 1 1 1 1 1 1 1 1 1 0 0 2 50494 48538 49106 2 2 2 2 2 2 858 518 2 2 2 2 2 2 2073600 2073600 4 12 512416 994560 993600 128104 128104 128104 128104 12 12 12 12 0 4 4 4 
[17557.746955] MESSAGE_B= 5 4 4 116 1 1 192 0 248 179 0 776 988 804 974 1690 1133 1692 1111 202 350 214 336 849 347 844 341 0 31 255 255 255 255 130 77 131 69 0 0 0 0 0 0 0 0 1 1 13654 0 2 50494 48538 49106 2 2 2 2 2 2 858 518 2 2 2 2 2 2 2073600 2073600 6 12 190719 990720 993600 60464 58967 48438 47691 12 12 5 5 26 4 4 4 
[17558.016969] MESSAGE_B= 0 4 4 113 1 0 192 0 248 179 0 770 1072 796 1053 1783 1155 1792 1128 199 387 207 371 812 402 802 392 0 31 255 255 255 255 89 97 80 91 0 0 0 0 0 0 0 0 1 0 19056 326534 2 50494 48538 49106 2 2 2 2 2 2 858 518 2 2 2 2 2 2 2073600 2073600 2 12 191874 994560 993600 63092 62333 49584 48606 12 12 5 5 38 4 4 4 
[17558.288959] MESSAGE_B= 0 4 4 112 1 1 192 0 248 179 0 997 962 993 957 1087 929 1095 924 240 169 248 161 169 171 167 175 0 12 255 254 255 255 103 36 100 17 0 0 0 0 2 0 2 0 1 1 9748 573008 2 50494 48538 49106 2 2 2 2 2 2 858 518 2 2 2 2 2 2 2073600 2073600 2 12 312293 990720 993600 93150 93242 62624 63277 12 12 12 12 211 4 4 4 
[17558.568964] MESSAGE_B= 4 7 4 232 1 1 192 0 248 179 0 0 0 0 0 0 0 0 0 0 0 0 0 0 0 0 0 1 12 0 0 0 0 0 0 0 0 1 1 1 1 1 1 1 1 1 1 10 443380 2 50494 48538 49106 2 2 2 2 2 2 858 518 2 2 2 2 2 2 2073600 2073600 5 12 512416 994560 993600 128104 128104 128104 128104 12 12 12 12 211 4 4 4 
[17558.835958] MESSAGE_B= 4 7 4 238 1 1 192 0 248 179 0 0 0 0 0 0 0 0 0 0 0 0 0 0 0 0 0 1 12 0 0 0 0 0 0 0 0 1 1 1 1 1 1 1 1 1 1 0 0 2 50494 48538 49106 2 2 2 2 2 2 858 518 2 2 2 2 2 2 2073600 2073600 4 12 512416 990720 993600 128104 128104 128104 128104 12 12 12 12 0 4 4 4 
[17559.110948] MESSAGE_B= 4 7 4 238 1 1 192 0 248 179 0 0 0 0 0 0 0 0 0 0 0 0 0 0 0 0 0 1 12 0 0 0 0 0 0 0 0 1 1 1 1 1 1 1 1 1 1 0 0 2 2 2 2 613462 263034 649982 274850 2 2 2 2 2 25556 7754 31222 10354 2 2073600 2073600 4 12 512416 994560 993600 128104 128104 128104 128104 12 12 12 12 0 4 4 4 
[17559.383963] MESSAGE_B= 4 0 4 252 1 1 192 0 248 179 0 453 757 488 756 424 830 444 832 162 227 170 231 116 221 120 228 0 31 255 255 255 255 111 25 120 28 0 0 0 0 0 0 0 0 1 1 0 0 2 2 2 2 613462 263034 649982 274850 2 2 2 2 2 25556 7754 31222 10354 2 2073600 2073600 4 12 203635 990720 993600 52982 52437 49591 48625 12 12 12 12 217 4 4 4 
[17559.541955] MESSAGE_B= 5 4 4 194 1 1 192 0 248 179 0 457 757 490 756 429 840 452 838 174 250 184 255 118 227 124 233 0 31 255 255 255 255 122 22 131 26 0 0 0 0 0 0 0 0 1 1 16664 0 2 2 2 2 613462 263034 649982 274850 2 2 2 2 2 25556 7754 31222 10354 2 2073600 2073600 6 12 203955 994560 993600 53465 52907 49226 48357 12 12 12 12 217 4 4 4 
[17559.818135] MESSAGE_B= 0 4 4 191 1 1 192 0 248 179 0 470 775 496 772 446 844 468 842 179 256 183 260 124 233 128 237 0 31 255 255 255 255 109 11 124 13 0 0 0 0 0 0 0 0 1 1 7768 316258 2 2 2 2 613462 263034 649982 274850 2 2 2 2 2 25556 7754 31222 10354 2 2073600 2073600 2 12 208193 990720 993600 54497 54188 50045 49463 12 12 12 12 217 4 4 4 
[17560.089959] MESSAGE_B= 0 4 4 190 1 1 192 0 248 179 0 482 786 517 782 434 851 460 845 175 251 176 259 122 256 129 260 0 31 255 255 255 255 151 21 159 15 0 0 0 0 0 0 0 0 1 1 19844 362240 2 2 2 2 613462 263034 649982 274850 2 2 2 2 2 25556 7754 31222 10354 2 2073600 2073600 1 12 217396 994560 993600 56652 56592 52287 51865 12 12 12 12 23 4 4 4 
[17560.361961] MESSAGE_B= 0 4 4 187 1 0 192 0 248 179 0 496 789 529 786 476 823 492 815 173 266 177 271 140 238 145 245 0 31 255 255 255 255 94 14 98 4 0 0 0 0 0 0 0 0 1 0 11526 296436 2 2 2 2 613462 263034 649982 274850 2 2 2 2 2 25556 7754 31222 10354 2 2073600 2073600 2 12 225831 990720 993600 58759 58232 54474 54366 12 12 12 12 24 4 4 4 
[17560.633953] MESSAGE_B= 0 4 4 185 1 0 192 0 248 179 0 504 798 534 796 475 804 496 798 177 281 181 285 135 233 142 236 0 31 255 255 255 255 110 11 119 19 0 0 0 0 0 0 0 0 1 0 21700 343780 2 2 2 2 613462 263034 649982 274850 2 2 2 2 2 25556 7754 31222 10354 2 2073600 2073600 2 12 235736 994560 993600 60577 60150 57684 57325 12 12 12 12 24 4 4 4 
[17560.913955] MESSAGE_B= 0 4 4 184 1 0 192 0 248 179 0 514 807 547 803 476 786 498 780 176 302 184 310 137 237 144 244 0 31 255 255 254 255 123 15 131 23 0 0 0 0 0 0 0 0 1 0 14948 303090 2 2 2 2 613462 263034 649982 274850 2 2 2 2 2 25556 7754 31222 10354 2 2073600 2073600 2 12 244213 990720 993600 61892 61419 60534 60368 12 12 12 12 18 4 4 4 
[17561.185976] MESSAGE_B= 0 4 4 183 1 0 192 0 248 179 0 530 816 568 816 475 767 498 760 177 321 187 331 137 251 148 258 0 31 255 255 255 255 140 28 155 42 0 0 0 0 0 0 0 0 1 0 18120 325766 2 2 2 2 613462 263034 649982 274850 2 2 2 2 2 25556 7754 31222 10354 2 2073600 2073600 2 12 252734 994560 993600 62980 62203 63793 63758 12 12 12 12 23 4 4 4 
[17561.458955] MESSAGE_B= 0 4 4 181 1 0 192 0 248 179 0 919 1592 941 1651 866 1288 871 1330 103 426 105 453 179 185 173 197 0 12 248 255 254 254 116 83 141 84 0 0 0 0 0 0 0 0 1 0 13804 339660 163312 18234 225046 332326 393420 92334 622348 139506 189756 26450 1038 24476 35960 37862 6036 42736 16838 20452 2073600 2073600 2 12 261077 990720 993600 63157 62611 67545 67764 12 12 12 12 23 4 4 4 
[17561.734948] MESSAGE_B= 0 7 4 255 1 1 192 0 248 179 0 0 0 0 0 0 0 0 0 0 0 0 0 0 0 0 0 1 12 0 0 0 0 0 0 0 0 1 1 1 1 1 1 1 1 1 1 17254 279930 163312 18234 225046 332326 393420 92334 622348 139506 189756 26450 1038 24476 35960 37862 6036 42736 16838 20452 2073600 2073600 1 12 512416 994560 993600 128104 128104 128104 128104 12 12 12 12 18 4 4 4 
[17562.006976] MESSAGE_B= 4 7 4 255 1 1 192 0 248 179 0 0 0 0 0 0 0 0 0 0 0 0 0 0 0 0 0 1 12 0 0 0 0 0 0 0 0 1 1 1 1 1 1 1 1 1 1 0 0 163312 18234 225046 332326 393420 92334 622348 139506 189756 26450 1038 24476 35960 37862 6036 42736 16838 20452 2073600 2073600 4 12 512416 990720 993600 128104 128104 128104 128104 12 12 12 12 0 4 4 4 
[17562.285831] MESSAGE_B= 4 7 4 255 1 1 192 0 248 179 0 0 0 0 0 0 0 0 0 0 0 0 0 0 0 0 0 1 12 0 0 0 0 0 0 0 0 1 1 1 1 1 1 1 1 1 1 0 0 163312 18234 225046 332326 393420 92334 622348 139506 189756 26450 1038 24476 35960 37862 6036 42736 16838 20452 2073600 2073600 4 12 512416 994560 993600 128104 128104 128104 128104 12 12 12 12 0 4 4 4 
[17562.557366] MESSAGE_B= 4 7 4 255 1 1 192 0 248 179 0 0 0 0 0 0 0 0 0 0 0 0 0 0 0 0 0 1 12 0 0 0 0 0 0 0 0 1 1 1 1 1 1 1 1 1 1 0 0 163312 18234 225046 332326 393420 92334 622348 139506 189756 26450 1038 24476 35960 37862 6036 42736 16838 20452 2073600 2073600 4 12 512416 990720 993600 128104 128104 128104 128104 12 12 12 12 0 4 4 4 
[17562.830944] MESSAGE_B= 4 7 4 255 1 1 192 0 248 179 0 0 0 0 0 0 0 0 0 0 0 0 0 0 0 0 0 1 12 0 0 0 0 0 0 0 0 1 1 1 1 1 1 1 1 1 1 0 0 163312 18234 225046 332326 393420 92334 622348 139506 189756 26450 1038 24476 35960 37862 6036 42736 16838 20452 2073600 2073600 4 12 512416 994560 993600 128104 128104 128104 128104 12 12 12 12 0 4 4 4 
[17563.103966] MESSAGE_B= 4 4 4 248 1 1 192 0 248 179 0 840 750 831 765 863 776 866 777 100 145 103 153 133 143 132 145 0 12 251 255 255 255 53 114 87 130 0 0 0 0 2 2 2 2 1 1 0 0 163312 18234 225046 332326 393420 92334 622348 139506 189756 26450 1038 24476 35960 37862 6036 42736 16838 20452 2073600 2073600 4 12 359508 990720 993600 96139 96131 83763 83475 12 12 12 12 60 4 4 4 
[17563.268931] MESSAGE_B= 0 4 4 206 1 1 192 0 248 179 0 702 622 689 629 850 626 865 615 248 163 243 170 483 445 488 441 0 31 255 255 255 255 7 12 0 20 0 0 0 0 0 0 0 0 1 1 3596 41830 163312 18234 225046 332326 393420 92334 622348 139506 189756 26450 1038 24476 35960 37862 6036 42736 16838 20452 2073600 2073600 1 5 233166 994560 993600 56321 56970 62923 63138 12 12 5 5 60 4 4 4 
[17563.548956] MESSAGE_B= 4 4 4 206 1 1 192 0 248 179 0 1107 691 1124 676 336 502 354 479 450 198 463 202 159 232 167 225 0 5 254 251 253 255 48 0 38 0 0 0 0 0 2 0 2 0 1 1 4936 487968 163312 18234 225046 332326 393420 92334 622348 139506 189756 26450 1038 24476 35960 37862 6036 42736 16838 20452 2073600 2073600 5 5 281223 990720 993600 65319 66043 74903 74958 5 5 5 5 30 4 4 4 
[17563.824957] MESSAGE_B= 4 4 4 206 1 1 192 0 248 179 0 1105 676 1130 659 344 510 350 485 454 192 474 190 157 227 162 219 0 5 255 252 253 255 26 10 34 5 0 0 0 0 2 0 2 0 1 1 9478 349572 658294 129228 132998 2 2 2 151750 581090 625052 8322 5150 146 2 2 2 28426 16722 8930 2073600 2073600 5 5 280096 994560 993600 64336 65707 74895 75158 5 5 5 5 30 4 4 4 
[17564.098957] MESSAGE_B= 4 4 4 206 1 1 192 0 248 179 0 1114 665 1134 645 337 512 348 489 458 195 468 186 143 225 153 217 0 5 255 253 252 255 19 30 19 11 0 0 0 0 2 0 2 0 1 1 6504 526312 658294 129228 132998 2 2 2 151750 581090 625052 8322 5150 146 2 2 2 28426 16722 8930 2073600 2073600 5 5 277182 990720 993600 63609 63761 74873 74939 5 5 5 5 17 4 4 4 
[17564.376893] MESSAGE_B= 4 4 4 206 1 1 192 0 248 179 0 1115 659 1144 634 342 513 353 482 451 194 477 188 163 232 166 218 0 5 255 255 252 255 35 47 36 34 0 0 0 0 2 0 2 0 1 1 8436 343982 658294 129228 132998 2 2 2 151750 581090 625052 8322 5150 146 2 2 2 28426 16722 8930 2073600 2073600 5 5 274554 994560 993600 62440 62907 74549 74658 5 5 5 5 19 4 4 4 
[17564.651980] MESSAGE_B= 4 4 4 205 1 1 192 0 248 179 0 1102 651 1126 628 374 515 379 487 464 189 467 188 197 224 203 213 0 5 255 253 254 255 76 38 83 44 0 0 0 0 2 0 2 0 1 1 5270 522322 658294 129228 132998 2 2 2 151750 581090 625052 8322 5150 146 2 2 2 28426 16722 8930 2073600 2073600 5 5 275383 990720 993600 62770 63745 74325 74543 5 5 5 5 19 4 4 4 
[17564.924958] MESSAGE_B= 4 4 4 199 1 1 192 0 248 179 0 1537 1154 1606 1044 1007 1166 1059 1093 473 295 503 278 347 346 373 330 0 5 250 250 253 252 91 0 50 9 0 0 0 0 2 2 2 2 1 1 11676 357050 658294 129228 132998 2 2 2 151750 581090 625052 8322 5150 146 2 2 2 28426 16722 8930 2073600 2073600 5 5 367411 994560 993600 92531 92172 91303 91405 5 5 5 5 87 4 4 4 
[17565.199949] MESSAGE_B= 4 4 4 31 1 1 192 0 248 179 0 2263 2165 2329 2093 2035 2113 2074 2040 578 512 601 496 555 549 567 542 0 5 253 255 255 254 36 14 21 16 0 0 0 0 2 0 2 0 1 1 10582 531990 658294 129228 132998 2 2 2 151750 581090 625052 8322 5150 146 2 2 2 28426 16722 8930 2073600 2073600 5 5 249997 990720 993600 60157 59891 65176 64773 5 5 5 5 87 4 4 4 
[17565.476960] MESSAGE_B= 0 4 4 83 1 0 192 0 248 179 0 2993 2567 3087 2161 3030 2855 3144 2631 759 874 787 791 901 1065 890 1069 0 24 255 249 254 251 12 32 5 52 0 0 0 0 2 2 2 2 1 0 16870 414082 658294 129228 132998 2 2 2 151750 581090 625052 8322 5150 146 2 2 2 28426 16722 8930 2073600 2073600 2 24 459844 994560 993600 112766 112985 117042 117051 24 24 24 24 76 4 4 4 
[17565.762964] MESSAGE_B= 0 0 4 255 1 0 192 0 248 179 0 2916 2513 2904 2619 3089 2678 3083 2692 1251 938 1251 977 934 971 940 974 0 6 255 254 255 253 201 164 193 165 0 0 0 0 2 2 2 2 1 0 6658 523484 658294 129228 132998 2 2 2 151750 581090 625052 8322 5150 146 2 2 2 28426 16722 8930 2073600 2073600 2 6 394291 990720 993600 108063 108020 89333 88875 6 6 6 6 226 4 4 4 
[17566.040958] MESSAGE_B= 0 4 4 188 1 0 192 0 248 179 0 2691 1793 2760 1884 2162 1781 2191 1773 1283 910 1307 932 1304 1058 1322 1050 0 6 255 254 255 254 233 207 247 189 0 0 0 0 2 2 2 2 1 0 26308 186924 658294 129228 132998 2 2 2 151750 581090 625052 8322 5150 146 2 2 2 28426 16722 8930 2073600 2073600 2 6 394533 994560 993600 109524 109417 87845 87747 6 6 6 6 226 4 4 4 
[17566.194962] MESSAGE_B= 0 4 4 189 1 0 192 0 248 179 0 2689 1761 2746 1843 2162 1773 2182 1770 1267 906 1290 924 1303 1049 1323 1044 0 6 255 254 255 255 228 208 237 200 0 0 0 0 2 2 2 2 1 0 12006 774808 881286 731512 464546 687862 608976 696196 1103264 354794 993862 12216 11896 15458 18210 21104 21910 38522 17908 17938 2073600 2073600 2 6 394490 990720 993600 109662 109581 87611 87636 6 6 6 6 226 4 4 4 
[17566.473969] MESSAGE_B= 4 4 4 189 1 1 192 0 248 179 0 2677 1733 2752 1807 2171 1772 2190 1764 1278 919 1301 931 1309 1041 1326 1037 0 6 255 254 255 254 243 230 246 220 0 0 0 0 2 2 2 2 1 1 14298 480614 881286 731512 464546 687862 608976 696196 1103264 354794 993862 12216 11896 15458 18210 21104 21910 38522 17908 17938 2073600 2073600 5 6 394576 994560 993600 109791 109695 87666 87424 6 6 6 6 14 4 4 4 
[17566.754063] MESSAGE_B= 4 4 4 189 1 1 192 0 248 179 0 2666 1713 2740 1806 2162 1757 2184 1752 1275 925 1300 940 1306 1041 1323 1043 0 6 255 254 255 255 242 229 246 217 0 0 0 0 2 2 2 2 1 1 10912 771166 881286 731512 464546 687862 608976 696196 1103264 354794 993862 12216 11896 15458 18210 21104 21910 38522 17908 17938 2073600 2073600 5 6 394327 990720 993600 109965 109880 87317 87165 6 6 6 6 12 4 4 4 
[17567.032961] MESSAGE_B= 4 4 4 179 1 0 192 0 248 179 0 2564 2230 2581 2217 2503 2704 2516 2696 741 638 747 638 614 693 615 689 0 31 255 255 255 255 96 65 95 63 0 0 0 0 0 0 0 0 1 0 13834 461894 881286 731512 464546 687862 608976 696196 1103264 354794 993862 12216 11896 15458 18210 21104 21910 38522 17908 17938 2073600 2073600 5 10 77327 994560 993600 18702 18427 28869 28813 0 0 10 10 241 4 4 4 
[17567.315985] MESSAGE_B= 4 4 4 63 1 0 192 0 248 179 0 2611 3111 2630 3089 3012 3097 3036 3080 645 779 646 776 715 731 726 729 0 31 255 255 255 255 24 25 21 25 0 0 0 0 0 0 0 0 1 0 9044 413292 881286 731512 464546 687862 608976 696196 1103264 354794 993862 12216 11896 15458 18210 21104 21910 38522 17908 17938 2073600 2073600 5 20 114758 990720 993600 31720 31507 31114 31465 0 0 20 20 241 4 4 4 
[17567.596965] MESSAGE_B= 0 0 4 255 1 1 192 0 248 179 0 1580 2001 1579 2003 1279 1374 1269 1376 275 283 269 282 174 320 171 322 0 12 253 255 254 255 74 158 67 160 0 0 0 0 0 2 0 2 1 1 18720 487234 881286 731512 464546 687862 608976 696196 1103264 354794 993862 12216 11896 15458 18210 21104 21910 38522 17908 17938 2073600 2073600 1 12 296480 994560 993600 65829 65730 82445 82476 12 12 12 12 235 4 4 4 
[17567.875962] MESSAGE_B= 5 4 4 241 1 1 192 0 248 179 0 1856 1424 1850 1434 1879 1580 1865 1585 641 355 631 355 392 389 382 394 0 12 255 255 255 255 162 139 164 148 0 0 0 0 0 2 0 2 1 1 12856 0 881286 731512 464546 687862 608976 696196 1103264 354794 993862 12216 11896 15458 18210 21104 21910 38522 17908 17938 2073600 2073600 6 12 272942 990720 993600 73546 72963 63943 62490 12 12 12 12 210 4 4 4 
[17568.153956] MESSAGE_B= 4 4 4 154 1 2 192 0 248 179 0 919 1732 894 1723 1267 1575 1224 1573 131 406 139 403 362 263 365 260 0 12 248 255 250 255 18 225 16 216 0 0 0 0 2 0 2 0 1 2 11800 176384 881286 731512 464546 687862 608976 696196 1103264 354794 993862 12216 11896 15458 18210 21104 21910 38522 17908 17938 2073600 2073600 5 12 275947 994560 993600 65499 65545 72282 72621 12 12 12 12 236 4 4 4 
[17568.432949] MESSAGE_B= 4 4 4 219 1 0 192 0 248 179 0 1486 1723 1465 1731 1541 1497 1546 1500 360 491 338 489 445 398 448 396 0 12 254 255 254 255 91 9 85 12 0 0 0 0 0 0 0 0 1 0 12892 437078 881286 731512 464546 687862 608976 696196 1103264 354794 993862 12216 11896 15458 18210 21104 21910 38522 17908 17938 2073600 2073600 5 12 294707 990720 993600 67419 67308 79979 80001 12 12 12 12 236 4 4 4 
[17568.713970] MESSAGE_B= 0 4 4 228 1 1 192 0 248 179 0 1523 1552 1498 1558 1541 1345 1537 1347 383 520 361 521 448 154 443 155 0 12 254 255 255 254 100 50 101 48 0 0 0 0 0 0 0 0 1 1 23734 169554 289032 1239666 1120014 781492 289586 487496 251660 184868 288252 10606 16186 3838 15560 17816 2 14692 19888 6664 2073600 2073600 1 12 302278 994560 993600 69722 69362 81606 81588 12 12 12 12 60 4 4 4 
[17568.991957] MESSAGE_B= 0 4 4 230 1 1 192 0 248 179 0 1508 1590 1492 1595 1517 1339 1513 1340 411 494 394 491 455 294 452 293 0 12 255 255 255 255 106 72 111 69 0 0 0 0 0 0 0 0 1 1 9030 294656 289032 1239666 1120014 781492 289586 487496 251660 184868 288252 10606 16186 3838 15560 17816 2 14692 19888 6664 2073600 2073600 2 12 296119 990720 993600 67344 67011 80900 80864 12 12 12 12 60 4 4 4 
[17569.270956] MESSAGE_B= 4 4 4 230 1 1 192 0 248 179 0 1508 1983 1471 1990 1575 1393 1569 1395 418 788 396 789 456 380 455 373 0 12 254 255 253 255 110 6 96 5 0 0 0 0 0 0 0 0 1 1 8528 159790 289032 1239666 1120014 781492 289586 487496 251660 184868 288252 10606 16186 3838 15560 17816 2 14692 19888 6664 2073600 2073600 5 12 311482 994560 993600 68923 68410 87082 87067 12 12 12 12 105 4 4 4 
[17569.436393] MESSAGE_B= 4 4 4 220 1 3 192 0 248 179 0 2194 2462 2270 2402 128 1545 151 1354 869 876 877 859 378 762 454 686 0 0 255 255 255 248 238 80 248 52 0 0 0 0 2 2 2 2 1 3 8602 311976 289032 1239666 1120014 781492 289586 487496 251660 184868 288252 10606 16186 3838 15560 17816 2 14692 19888 6664 2073600 2073600 5 0 272774 990720 993600 25620 25019 113796 113960 4 4 0 0 253 4 4 4 
[17569.712961] MESSAGE_B= 4 4 4 29 1 3 192 0 248 179 0 2261 2373 2301 2313 463 1039 542 849 875 898 865 884 562 842 661 727 0 0 255 255 250 248 36 8 30 21 0 0 0 0 2 2 2 2 1 3 10412 146934 289032 1239666 1120014 781492 289586 487496 251660 184868 288252 10606 16186 3838 15560 17816 2 14692 19888 6664 2073600 2073600 5 0 285333 994560 993600 27054 27646 115262 115371 0 0 0 0 253 4 4 4 
[17569.993130] MESSAGE_B= 0 4 4 28 1 2 192 0 248 179 0 2622 2552 2687 2512 1876 1889 2068 1774 766 880 784 861 693 569 763 522 0 0 255 255 255 255 135 47 133 39 0 0 0 0 2 2 2 2 1 2 15408 898460 289032 1239666 1120014 781492 289586 487496 251660 184868 288252 10606 16186 3838 15560 17816 2 14692 19888 6664 2073600 2073600 1 0 228587 990720 993600 28741 29731 85911 85566 1 1 0 0 105 4 4 4 
[17570.268954] MESSAGE_B= 0 4 4 40 1 1 192 0 248 179 0 3061 2730 3144 2617 2715 2657 2698 2637 814 868 833 859 782 838 811 808 0 31 255 255 255 255 35 44 32 50 0 0 0 0 0 0 0 0 1 1 17922 969230 289032 1239666 1120014 781492 289586 487496 251660 184868 288252 10606 16186 3838 15560 17816 2 14692 19888 6664 2073600 2073600 1 0 188759 994560 993600 35629 34633 59870 58627 0 0 0 0 105 4 4 4 
[17570.547958] MESSAGE_B= 0 4 4 41 1 1 192 0 248 179 0 2630 2847 2609 2855 2067 2741 2094 2672 631 669 622 670 599 740 623 715 0 31 255 255 255 255 8 32 1 31 0 0 0 0 0 0 0 0 1 1 15844 547390 289032 1239666 1120014 781492 289586 487496 251660 184868 288252 10606 16186 3838 15560 17816 2 14692 19888 6664 2073600 2073600 1 0 146077 990720 993600 53322 54088 56018 55038 5 5 0 0 208 4 4 4 
[17570.823966] MESSAGE_B= 0 4 4 60 1 1 192 0 248 179 0 2627 2849 2606 2857 2068 2743 2094 2675 631 671 624 673 597 741 624 718 0 31 255 255 255 255 9 31 0 29 0 0 0 0 0 0 0 0 1 1 46232 495628 289032 1239666 1120014 781492 289586 487496 251660 184868 288252 10606 16186 3838 15560 17816 2 14692 19888 6664 2073600 2073600 1 0 145763 994560 993600 53026 53859 55724 54979 5 5 0 0 208 4 4 4 
[17571.099963] MESSAGE_B= 0 4 4 61 1 1 192 0 248 179 0 2624 2850 2602 2857 2067 2743 2094 2674 628 673 623 675 597 741 622 721 0 31 255 255 255 255 10 32 1 29 0 0 0 0 0 0 0 0 1 1 13588 816080 555050 294442 250374 444670 1610076 720380 781480 703930 578466 19280 12216 26256 20528 25736 21724 29892 26012 22728 2073600 2073600 2 0 146845 990720 993600 53271 53969 55907 55232 5 5 0 0 9 4 4 4 
[17571.375962] MESSAGE_B= 4 4 4 44 1 1 192 0 248 179 0 1753 2424 1723 2395 1542 1656 1534 1628 597 751 607 751 441 467 442 462 0 0 255 255 254 253 56 74 56 65 0 0 0 0 2 2 2 2 1 1 11436 708948 555050 294442 250374 444670 1610076 720380 781480 703930 578466 19280 12216 26256 20528 25736 21724 29892 26012 22728 2073600 2073600 5 0 167664 994560 993600 28866 29040 69489 72886 4 4 0 0 80 4 4 4 
[17571.652961] MESSAGE_B= 0 4 4 22 1 0 192 0 248 179 0 2116 2336 2104 2301 1862 1740 1833 1672 524 691 526 684 535 436 551 424 0 31 255 255 255 255 46 69 45 69 0 0 0 0 0 0 0 0 1 0 41638 761996 555050 294442 250374 444670 1610076 720380 781480 703930 578466 19280 12216 26256 20528 25736 21724 29892 26012 22728 2073600 2073600 2 1 155195 990720 993600 26086 25415 57005 46689 1 1 1 1 96 4 4 4 
[17571.929966] MESSAGE_B= 0 0 4 27 1 2 192 0 248 179 0 2709 2695 2716 2676 1242 1401 1392 1273 737 651 725 660 419 423 433 420 0 0 255 254 246 245 36 20 93 31 0 0 2 2 2 2 2 2 1 2 51266 854936 555050 294442 250374 444670 1610076 720380 781480 703930 578466 19280 12216 26256 20528 25736 21724 29892 26012 22728 2073600 2073600 3 0 208096 994560 993600 25216 23990 86672 87535 4 4 0 0 96 0 0 0 
[17572.205961] MESSAGE_B= 0 4 4 29 1 0 192 0 248 179 0 2699 2706 2705 2688 1662 1936 1789 1801 709 646 701 640 743 712 773 692 0 1 255 255 254 247 40 120 21 127 0 0 0 0 2 0 2 0 1 0 9204 630594 555050 294442 250374 444670 1610076 720380 781480 703930 578466 19280 12216 26256 20528 25736 21724 29892 26012 22728 2073600 2073600 2 1 201172 990720 993600 29138 30492 70072 71470 1 1 1 1 45 4 4 4 
[17572.483158] MESSAGE_B= 0 4 4 28 1 0 192 0 248 179 0 2676 2464 2685 2465 1740 1633 1793 1580 753 637 742 648 581 469 602 450 0 31 255 255 255 255 25 4 27 11 0 0 0 0 0 0 0 0 1 0 14982 971752 555050 294442 250374 444670 1610076 720380 781480 703930 578466 19280 12216 26256 20528 25736 21724 29892 26012 22728 2073600 2073600 2 1 188894 994560 993600 41782 42380 52742 51990 1 1 1 1 45 4 4 4 
[17572.759973] MESSAGE_B= 0 4 4 27 1 0 192 0 248 179 0 1673 2548 1702 2464 2395 3017 2430 3013 959 769 955 808 720 719 709 717 0 5 253 245 253 255 153 81 139 90 0 0 0 0 2 2 2 2 1 0 19824 822976 555050 294442 250374 444670 1610076 720380 781480 703930 578466 19280 12216 26256 20528 25736 21724 29892 26012 22728 2073600 2073600 2 5 307415 990720 993600 98577 98997 54885 54956 5 5 5 5 90 4 4 4 
[17573.044325] MESSAGE_B= 0 4 4 138 1 0 192 0 248 179 0 2469 2709 2487 2685 1958 2887 2007 2878 773 766 791 765 722 781 698 781 0 5 254 254 252 255 99 18 17 21 0 0 0 0 2 2 2 2 1 0 17600 976926 555050 294442 250374 444670 1610076 720380 781480 703930 578466 19280 12216 26256 20528 25736 21724 29892 26012 22728 2073600 2073600 2 5 341932 994560 993600 89637 89396 81352 81547 5 5 5 5 110 4 4 4 
[17573.330963] MESSAGE_B= 0 4 4 169 1 0 192 0 248 179 0 2091 890 2215 860 2107 1256 2171 1206 787 463 778 479 592 645 603 647 0 5 255 254 255 255 95 138 89 144 0 0 0 0 0 0 0 0 1 0 15064 660458 555050 294442 250374 444670 1610076 720380 781480 703930 578466 19280 12216 26256 20528 25736 21724 29892 26012 22728 2073600 2073600 2 5 205687 990720 993600 66961 66033 37938 38116 5 5 18 18 135 4 4 4 
[17573.486973] MESSAGE_B= 0 4 4 109 1 0 192 0 248 179 0 1767 1078 1904 1058 1933 1409 2033 1369 517 403 557 435 477 607 495 609 0 5 253 253 254 255 47 70 41 70 0 0 0 0 0 0 0 0 1 0 16930 415092 566034 1066348 1123708 988784 1641990 521570 430460 1047744 603064 30680 12216 51784 23196 19396 21624 45280 23170 28458 2073600 2073600 2 5 214729 994560 993600 70160 69231 38496 39774 5 5 18 18 135 4 4 4 
[17573.764955] MESSAGE_B= 0 4 4 96 1 0 192 0 248 179 0 2096 1107 2160 1032 2080 1881 2160 1856 521 405 528 410 531 495 557 487 0 5 252 253 255 255 5 0 20 9 0 0 0 0 0 0 0 0 1 0 16528 743364 566034 1066348 1123708 988784 1641990 521570 430460 1047744 603064 30680 12216 51784 23196 19396 21624 45280 23170 28458 2073600 2073600 2 5 202297 990720 993600 69670 68740 32375 31512 5 5 5 5 127 4 4 4 
[17574.043960] MESSAGE_B= 0 4 4 100 1 0 192 0 248 179 0 2261 1204 2404 1138 2162 1532 2268 1513 636 421 641 428 548 525 587 517 0 5 254 247 255 254 82 50 85 53 0 0 0 0 0 2 0 0 1 0 15288 263570 566034 1066348 1123708 988784 1641990 521570 430460 1047744 603064 30680 12216 51784 23196 19396 21624 45280 23170 28458 2073600 2073600 2 5 220591 994560 993600 75530 72764 36657 35640 5 5 5 5 131 4 4 4 
[17574.325159] MESSAGE_B= 0 4 4 108 1 0 192 0 248 179 0 2383 1146 2494 1091 2141 1401 2242 1343 611 505 628 490 552 576 587 554 0 5 255 246 254 255 41 2 42 10 0 0 0 0 0 0 0 0 1 0 21654 660436 566034 1066348 1123708 988784 1641990 521570 430460 1047744 603064 30680 12216 51784 23196 19396 21624 45280 23170 28458 2073600 2073600 2 5 242984 990720 993600 74283 72016 48859 47826 5 5 5 5 131 4 4 4 
[17574.602963] MESSAGE_B= 0 4 4 120 1 0 192 0 248 179 0 712 1968 802 1947 1412 1185 1346 1200 257 466 287 461 852 417 872 430 0 0 254 255 249 255 196 69 193 64 0 0 0 0 2 0 2 0 1 0 21734 380472 566034 1066348 1123708 988784 1641990 521570 430460 1047744 603064 30680 12216 51784 23196 19396 21624 45280 23170 28458 2073600 2073600 2 0 186773 994560 993600 63821 65027 35362 35557 0 0 12 12 90 4 4 4 
[17574.886813] MESSAGE_B= 0 4 4 80 1 1 192 0 248 179 0 28 1896 27 1886 1324 1329 1438 1341 45 458 41 458 630 379 583 392 0 0 255 255 253 255 0 7 125 7 0 0 0 0 1 0 2 0 1 1 20604 544006 566034 1066348 1123708 988784 1641990 521570 430460 1047744 603064 30680 12216 51784 23196 19396 21624 45280 23170 28458 2073600 2073600 1 0 189883 990720 993600 70183 70123 36983 38844 0 0 5 5 90 4 4 4 
[17575.167016] MESSAGE_B= 0 4 4 82 1 1 192 0 248 179 0 27 1876 26 1863 1328 1280 1438 1299 41 456 37 454 626 373 589 389 0 0 255 255 253 255 0 1 118 6 0 0 0 0 1 0 2 0 1 1 27820 515008 566034 1066348 1123708 988784 1641990 521570 430460 1047744 603064 30680 12216 51784 23196 19396 21624 45280 23170 28458 2073600 2073600 1 0 196073 994560 993600 71730 71860 33618 35247 0 0 5 5 39 4 4 4 
[17575.445957] MESSAGE_B= 0 4 4 106 1 2 192 0 248 179 0 1138 723 939 899 1329 1335 1352 1312 343 345 284 391 561 570 561 574 0 5 238 241 255 254 148 58 126 110 0 0 0 0 0 0 0 0 1 2 42294 578406 566034 1066348 1123708 988784 1641990 521570 430460 1047744 603064 30680 12216 51784 23196 19396 21624 45280 23170 28458 2073600 2073600 1 5 278952 990720 993600 83270 83846 55814 56022 5 5 5 5 51 4 4 4 
[17575.726958] MESSAGE_B= 0 4 4 182 1 1 192 0 248 179 0 1043 788 859 926 1377 1316 1397 1293 354 416 302 456 539 531 534 533 0 5 244 248 255 255 160 49 138 87 0 0 0 0 0 0 0 0 1 1 11036 487860 566034 1066348 1123708 988784 1641990 521570 430460 1047744 603064 30680 12216 51784 23196 19396 21624 45280 23170 28458 2073600 2073600 2 5 282426 994560 993600 83584 83505 57862 57475 5 5 5 5 51 4 4 4 
[17575.883956] MESSAGE_B= 4 4 4 186 1 2 192 0 248 179 0 1136 759 934 846 1344 1226 1368 1200 375 394 309 446 561 531 567 534 0 5 243 249 255 254 177 66 167 93 0 0 0 0 0 0 0 0 1 2 8626 408900 866398 709718 701604 579664 615130 771428 862512 770848 760012 12294 39150 29966 34530 24698 61254 56784 47528 10618 2073600 2073600 5 5 290349 990720 993600 85149 84413 60324 60463 5 5 5 5 28 4 4 4 
[17576.160362] MESSAGE_B= 4 4 4 189 1 2 192 0 248 179 0 1035 697 846 874 1370 1139 1409 1117 337 364 300 407 629 552 600 531 0 5 237 246 253 255 154 112 111 114 0 0 0 0 0 0 0 0 1 2 9926 500974 866398 709718 701604 579664 615130 771428 862512 770848 760012 12294 39150 29966 34530 24698 61254 56784 47528 10618 2073600 2073600 5 5 274311 994560 993600 81131 80622 56371 56187 5 5 5 5 28 4 4 4 
[17576.445954] MESSAGE_B= 4 4 4 189 1 1 192 0 248 179 0 1020 1267 1054 1228 854 1129 881 1121 374 659 381 642 223 301 230 299 0 31 255 255 255 255 4 87 0 86 0 0 0 0 0 0 0 0 1 1 7128 314904 866398 709718 701604 579664 615130 771428 862512 770848 760012 12294 39150 29966 34530 24698 61254 56784 47528 10618 2073600 2073600 5 5 210058 990720 993600 49181 49497 55081 56299 5 5 5 5 25 4 4 4 
[17576.722967] MESSAGE_B= 4 4 4 182 1 0 192 0 248 179 0 1026 1260 1058 1222 860 1134 889 1124 376 650 386 635 226 292 235 287 0 31 255 255 255 255 5 89 7 89 0 0 0 0 0 0 0 0 1 0 7970 590152 866398 709718 701604 579664 615130 771428 862512 770848 760012 12294 39150 29966 34530 24698 61254 56784 47528 10618 2073600 2073600 5 5 210356 994560 993600 49309 49655 55088 56304 5 5 5 5 13 4 4 4 
[17577.000957] MESSAGE_B= 4 4 4 48 1 1 192 0 248 179 0 2555 2702 2562 2696 1485 1692 1475 1695 660 704 661 702 653 571 652 564 0 31 255 255 255 255 2 23 4 20 0 0 0 0 0 0 0 0 1 1 14186 296122 866398 709718 701604 579664 615130 771428 862512 770848 760012 12294 39150 29966 34530 24698 61254 56784 47528 10618 2073600 2073600 5 1 151021 990720 993600 62386 63261 45588 45763 1 1 5 5 97 4 4 4 
[17577.276968] MESSAGE_B= 0 0 4 75 1 2 192 0 248 179 0 1938 1817 2140 1560 1453 1472 1865 1124 848 858 990 662 612 749 783 586 0 5 254 249 246 249 206 175 220 112 0 0 2 2 2 2 2 2 1 2 19124 789764 866398 709718 701604 579664 615130 771428 862512 770848 760012 12294 39150 29966 34530 24698 61254 56784 47528 10618 2073600 2073600 1 5 364762 994560 993600 74729 75375 107303 107355 5 5 5 5 97 0 0 0 
[17577.554979] MESSAGE_B= 0 4 4 77 1 2 192 0 248 179 0 1867 1820 2012 1701 2296 2534 2534 2307 762 844 818 785 571 610 617 582 0 6 255 255 251 250 60 31 51 48 0 0 0 0 2 2 2 2 1 2 22366 640008 866398 709718 701604 579664 615130 771428 862512 770848 760012 12294 39150 29966 34530 24698 61254 56784 47528 10618 2073600 2073600 1 6 290128 990720 993600 84393 84003 61943 59789 6 6 6 6 84 4 4 4 
[17577.831956] MESSAGE_B= 0 4 4 69 1 1 192 0 248 179 0 2431 3038 2425 3036 2016 2130 2018 2139 835 721 837 718 848 912 849 907 0 31 255 255 255 255 78 69 80 71 0 0 0 0 0 0 0 0 1 1 10178 909054 866398 709718 701604 579664 615130 771428 862512 770848 760012 12294 39150 29966 34530 24698 61254 56784 47528 10618 2073600 2073600 2 2 135416 994560 993600 36580 37126 44172 43776 22 22 2 2 45 4 4 4 
[17577.988953] MESSAGE_B= 4 4 4 70 1 2 192 0 248 179 0 2443 3025 2439 3023 1990 2137 1992 2145 844 717 844 714 843 924 845 919 0 31 255 255 255 255 77 66 78 67 0 0 0 0 0 0 0 0 1 2 7236 667962 866398 709718 701604 579664 615130 771428 862512 770848 760012 12294 39150 29966 34530 24698 61254 56784 47528 10618 2073600 2073600 5 2 135302 990720 993600 34808 34831 43907 44060 22 22 2 2 42 4 4 4 
[17578.268961] MESSAGE_B= 4 4 4 71 1 2 192 0 248 179 0 2455 3022 2451 3020 1984 2132 1986 2139 841 719 842 716 841 923 844 917 0 31 255 255 255 255 81 70 82 72 0 0 0 0 0 0 0 0 1 2 12002 536762 980438 655654 405812 353062 458060 1070342 965858 1073312 766542 8440 11028 14652 23676 14570 16964 21578 12076 10818 2073600 2073600 5 2 134593 994560 993600 33534 33790 43752 43723 22 22 2 2 16 4 4 4 
[17578.547954] MESSAGE_B= 4 4 4 72 1 2 192 0 248 179 0 2453 3022 2449 3019 1984 2130 1986 2137 838 716 839 716 841 922 844 917 0 31 255 255 255 255 79 71 80 71 0 0 0 0 0 0 0 0 1 2 9694 596898 980438 655654 405812 353062 458060 1070342 965858 1073312 766542 8440 11028 14652 23676 14570 16964 21578 12076 10818 2073600 2073600 5 2 136312 990720 993600 32521 32371 43911 44043 22 22 2 2 16 4 4 4 
[17578.827959] MESSAGE_B= 4 4 4 72 1 2 192 0 248 179 0 1202 1585 1234 1572 1175 1360 1242 1342 339 431 351 425 413 555 431 551 0 31 255 255 255 255 104 54 113 42 0 0 0 0 0 0 0 0 1 2 9460 535084 980438 655654 405812 353062 458060 1070342 965858 1073312 766542 8440 11028 14652 23676 14570 16964 21578 12076 10818 2073600 2073600 5 4 104063 994560 993600 41992 41141 37146 38182 5 5 4 4 21 4 4 4 
[17579.112367] MESSAGE_B= 0 4 4 114 1 2 192 0 248 179 0 1197 1585 1227 1580 1190 1374 1245 1356 340 426 352 422 427 559 442 548 0 31 255 255 255 255 91 35 95 28 0 0 0 0 0 0 0 0 1 2 17904 618224 980438 655654 405812 353062 458060 1070342 965858 1073312 766542 8440 11028 14652 23676 14570 16964 21578 12076 10818 2073600 2073600 1 4 100511 990720 993600 41330 40509 36103 37117 5 5 4 4 21 4 4 4 
[17579.392959] MESSAGE_B= 0 4 4 112 1 2 192 0 248 179 0 1236 1630 1278 1614 1164 1361 1187 1352 330 436 336 434 424 554 449 541 0 31 255 255 255 255 80 42 76 38 0 0 0 0 0 0 0 0 1 2 15774 361454 980438 655654 405812 353062 458060 1070342 965858 1073312 766542 8440 11028 14652 23676 14570 16964 21578 12076 10818 2073600 2073600 1 5 98820 994560 993600 39836 39111 35868 36371 5 5 4 4 21 4 4 4 
[17579.677927] MESSAGE_B= 0 4 4 111 1 2 192 0 248 179 0 1272 1675 1326 1644 1183 1333 1193 1334 341 461 352 457 418 557 441 544 0 31 255 255 255 255 84 43 76 44 0 0 0 0 0 0 0 0 1 2 22286 546686 980438 655654 405812 353062 458060 1070342 965858 1073312 766542 8440 11028 14652 23676 14570 16964 21578 12076 10818 2073600 2073600 1 4 97760 990720 993600 37371 36649 35593 36076 5 5 4 4 19 4 4 4 
[17579.835191] MESSAGE_B= 0 4 4 108 1 2 192 0 248 179 0 1288 1683 1347 1651 1189 1321 1196 1325 354 469 365 459 409 552 426 542 0 31 255 255 255 255 82 41 74 45 0 0 0 0 0 0 0 0 1 2 17512 384278 980438 655654 405812 353062 458060 1070342 965858 1073312 766542 8440 11028 14652 23676 14570 16964 21578 12076 10818 2073600 2073600 1 4 98393 994560 993600 36972 36031 35789 36174 5 5 4 4 21 4 4 4 
[17580.113952] MESSAGE_B= 0 4 4 108 1 1 192 0 248 179 0 2496 2365 2590 2298 2197 2186 2312 2079 714 699 727 675 1032 925 1078 873 0 31 255 255 255 255 3 54 8 55 0 0 0 0 0 0 0 0 1 1 19112 501176 980438 655654 405812 353062 458060 1070342 965858 1073312 766542 8440 11028 14652 23676 14570 16964 21578 12076 10818 2073600 2073600 1 0 135527 990720 993600 31454 30766 62107 61836 5 5 0 0 21 4 4 4 
[17580.393493] MESSAGE_B= 0 0 4 45 1 1 192 0 248 179 0 2579 2410 2686 2331 1444 1421 1578 1313 630 683 651 662 505 583 530 577 0 0 255 255 241 234 41 88 64 30 0 0 2 2 2 2 2 2 1 1 22806 321524 980438 655654 405812 353062 458060 1070342 965858 1073312 766542 8440 11028 14652 23676 14570 16964 21578 12076 10818 2073600 2073600 1 0 143783 994560 993600 38920 40159 66292 66489 4 4 0 0 53 0 0 0 
[17580.669967] MESSAGE_B= 0 4 4 41 1 1 192 0 248 179 0 1566 1364 1584 1379 1985 1330 2154 1293 487 639 502 638 781 985 829 965 0 5 254 254 253 255 73 182 88 180 0 0 0 0 0 2 0 2 1 1 13616 692940 1001538 452264 733838 467082 643818 331912 929812 454386 789730 20154 6034 13084 25446 24830 20922 32862 30644 18892 2073600 2073600 2 5 320229 990720 993600 89964 90599 69382 70284 5 5 5 5 242 4 4 4 
[17580.948950] MESSAGE_B= 4 4 4 239 1 1 192 0 248 179 0 1285 1030 1276 1060 1984 1598 2147 1572 350 265 350 265 954 1112 984 1099 0 5 255 254 249 255 42 69 40 69 0 0 0 0 2 0 2 0 1 1 13980 865960 1001538 452264 733838 467082 643818 331912 929812 454386 789730 20154 6034 13084 25446 24830 20922 32862 30644 18892 2073600 2073600 5 5 270417 994560 993600 64629 64175 70681 70932 5 5 5 5 242 4 4 4 
[17581.226959] MESSAGE_B= 4 4 4 240 1 1 192 0 248 179 0 1279 1156 1272 1179 1540 1802 1774 1766 312 302 309 306 743 1056 807 1038 0 5 255 254 242 255 35 109 61 102 0 0 0 0 0 0 0 0 1 1 11554 564606 1001538 452264 733838 467082 643818 331912 929812 454386 789730 20154 6034 13084 25446 24830 20922 32862 30644 18892 2073600 2073600 5 5 301553 990720 993600 68781 68943 81827 82002 5 5 5 5 69 4 4 4 
[17581.507971] MESSAGE_B= 4 4 4 244 1 0 192 0 248 179 0 1266 1855 1199 1765 2593 1714 2522 1727 510 1125 485 1136 692 506 686 524 0 5 254 253 255 253 14 107 17 98 0 0 0 0 0 2 0 2 1 0 14132 634622 1001538 452264 733838 467082 643818 331912 929812 454386 789730 20154 6034 13084 25446 24830 20922 32862 30644 18892 2073600 2073600 5 5 298520 994560 993600 80713 78691 69868 69248 5 5 5 5 49 4 4 4 
[17581.793599] MESSAGE_B= 0 4 4 226 1 1 192 0 248 179 0 1177 1388 1122 1315 2626 1341 2560 1367 539 621 505 643 692 362 679 372 0 5 254 254 255 255 12 0 7 14 0 0 0 0 0 0 0 0 1 1 20470 608532 1001538 452264 733838 467082 643818 331912 929812 454386 789730 20154 6034 13084 25446 24830 20922 32862 30644 18892 2073600 2073600 1 5 279684 990720 993600 77612 76566 63347 62159 5 5 5 5 34 4 4 4 
[17582.069958] MESSAGE_B= 0 4 4 225 1 0 192 0 248 179 0 1209 987 1150 972 2625 1136 2560 1183 501 275 468 282 685 324 673 336 0 5 255 253 255 255 17 21 13 19 0 0 0 0 0 0 0 0 1 0 14832 567036 1001538 452264 733838 467082 643818 331912 929812 454386 789730 20154 6034 13084 25446 24830 20922 32862 30644 18892 2073600 2073600 2 5 272423 994560 993600 69923 69438 66910 66152 5 5 5 5 25 4 4 4 
[17582.228369] MESSAGE_B= 0 4 4 230 1 0 192 0 248 179 0 1233 931 1184 906 2602 928 2532 961 488 221 453 222 683 268 672 279 0 5 253 254 255 255 16 35 12 52 0 0 0 0 0 0 0 0 1 0 19136 425128 1001538 452264 733838 467082 643818 331912 929812 454386 789730 20154 6034 13084 25446 24830 20922 32862 30644 18892 2073600 2073600 2 5 257701 990720 993600 70076 68696 59555 59374 5 5 5 5 25 4 4 4 
[17582.505960] MESSAGE_B= 0 4 4 239 1 0 192 0 248 179 0 742 1844 1075 1841 1264 1224 1437 1090 403 1148 535 1188 432 362 447 356 0 5 228 255 249 249 25 118 110 118 0 0 0 0 2 2 2 2 1 0 15224 441816 1001538 452264 733838 467082 643818 331912 929812 454386 789730 20154 6034 13084 25446 24830 20922 32862 30644 18892 2073600 2073600 2 5 399254 994560 993600 112572 112676 86789 87217 5 5 5 5 197 4 4 4 
[17582.786018] MESSAGE_B= 0 4 4 244 1 0 192 0 248 179 0 1711 1633 1899 1634 1602 1351 1703 1283 455 713 486 724 500 331 532 314 0 5 254 255 255 255 110 1 104 3 0 0 0 0 2 0 2 0 1 0 8146 530614 1001538 452264 733838 467082 643818 331912 929812 454386 789730 20154 6034 13084 25446 24830 20922 32862 30644 18892 2073600 2073600 2 5 430314 990720 993600 114965 115290 100058 100001 5 5 5 5 197 4 4 4 
[17583.070598] MESSAGE_B= 4 4 4 239 1 0 192 0 248 179 0 2825 919 2840 809 2781 1322 2842 1265 684 452 684 404 671 336 687 319 0 31 255 253 255 255 42 67 41 64 0 0 0 0 0 2 0 2 1 0 9724 454262 422784 684108 1178022 987864 653996 344232 506702 322012 554958 21812 20140 24042 21234 38284 3402 39342 17744 26242 2073600 2073600 5 5 182768 994560 993600 57597 57029 34541 34021 5 5 6 5 114 4 4 4 
[17583.348951] MESSAGE_B= 0 4 4 135 1 0 192 0 248 179 0 2720 1777 2737 1770 2445 1348 2489 1311 671 456 669 460 592 370 603 359 0 31 255 255 255 255 32 95 29 101 0 0 0 0 0 0 0 0 1 0 25332 371904 422784 684108 1178022 987864 653996 344232 506702 322012 554958 21812 20140 24042 21234 38284 3402 39342 17744 26242 2073600 2073600 2 5 175030 990720 993600 55964 54976 35579 33669 5 5 6 6 114 4 4 4 
[17583.626964] MESSAGE_B= 0 4 4 137 1 1 192 0 248 179 0 2786 1711 2805 1703 2567 1321 2612 1288 661 490 664 494 633 368 643 358 0 31 255 255 255 255 5 112 9 115 0 0 0 0 0 0 0 0 1 1 14826 545708 422784 684108 1178022 987864 653996 344232 506702 322012 554958 21812 20140 24042 21234 38284 3402 39342 17744 26242 2073600 2073600 1 5 177390 994560 993600 56189 54586 34215 33394 5 5 6 5 26 4 4 4 
[17583.903964] MESSAGE_B= 0 4 4 134 1 1 192 0 248 179 0 2809 1741 2832 1731 2601 1329 2648 1296 663 480 669 487 642 363 654 351 0 31 255 255 255 255 28 99 31 102 0 0 0 0 0 0 0 0 1 1 22640 561158 422784 684108 1178022 987864 653996 344232 506702 322012 554958 21812 20140 24042 21234 38284 3402 39342 17744 26242 2073600 2073600 1 5 183210 990720 993600 60258 58467 35681 34084 5 5 6 6 24 4 4 4 
[17584.179955] MESSAGE_B= 0 4 4 138 1 0 192 0 248 179 0 2829 653 2862 591 2985 1277 3049 1223 714 369 721 347 712 341 728 320 0 5 255 255 255 255 45 146 45 149 0 0 0 0 0 2 0 2 1 0 13968 679842 422784 684108 1178022 987864 653996 344232 506702 322012 554958 21812 20140 24042 21234 38284 3402 39342 17744 26242 2073600 2073600 2 5 201139 994560 993600 69166 67184 35803 33359 5 5 6 6 19 4 4 4 
[17584.459959] MESSAGE_B= 0 4 4 145 1 2 192 0 248 179 0 1703 1720 1741 1728 1155 1423 1159 1436 351 237 327 244 373 376 385 388 0 12 250 254 255 255 93 11 76 21 0 0 0 0 2 2 2 2 1 2 23382 557224 422784 684108 1178022 987864 653996 344232 506702 322012 554958 21812 20140 24042 21234 38284 3402 39342 17744 26242 2073600 2073600 1 12 244298 990720 993600 43311 43073 79188 78726 12 12 12 12 19 4 4 4 
[17584.745965] MESSAGE_B= 0 4 4 75 1 2 192 0 248 179 0 1706 1710 1730 1719 1128 1436 1131 1448 347 251 327 253 332 434 347 426 0 12 253 255 255 255 87 2 87 9 0 0 0 0 2 2 2 2 1 2 11412 584930 422784 684108 1178022 987864 653996 344232 506702 322012 554958 21812 20140 24042 21234 38284 3402 39342 17744 26242 2073600 2073600 2 12 247087 994560 993600 43640 43081 80133 80233 12 12 12 12 16 4 4 4 
[17585.032954] MESSAGE_B= 4 4 4 74 1 1 192 0 248 179 0 1716 1713 1749 1729 1106 1432 1106 1445 339 243 326 247 315 429 332 426 0 12 252 255 255 255 83 2 81 0 0 0 0 0 2 2 2 2 1 1 9846 798870 422784 684108 1178022 987864 653996 344232 506702 322012 554958 21812 20140 24042 21234 38284 3402 39342 17744 26242 2073600 2073600 5 12 247770 990720 993600 43922 43731 80042 80075 12 12 12 12 15 4 4 4 
[17585.187952] MESSAGE_B= 4 4 4 74 1 2 192 0 248 179 0 1705 1703 1728 1716 1119 1417 1124 1427 372 250 365 250 323 428 342 429 0 12 254 255 255 255 115 13 121 12 0 0 0 0 2 2 2 2 1 2 6358 200046 422784 684108 1178022 987864 653996 344232 506702 322012 554958 21812 20140 24042 21234 38284 3402 39342 17744 26242 2073600 2073600 5 12 247442 994560 993600 43422 42948 80563 80509 12 12 12 12 18 4 4 4 
[17585.473990] MESSAGE_B= 4 4 4 76 1 1 192 0 248 179 0 1725 1702 1740 1719 1169 1423 1176 1437 393 262 383 259 400 415 412 419 0 12 255 255 255 255 141 10 143 6 0 0 0 0 2 2 2 2 1 1 8004 804418 768868 580494 488686 909516 850340 474136 523738 428046 749780 12244 34720 39008 44252 38706 25814 26800 30224 14292 2073600 2073600 5 12 247095 990720 993600 43097 42748 80691 80559 12 12 12 12 20 4 4 4 
[17585.755979] MESSAGE_B= 4 4 4 75 1 1 192 0 248 179 0 1724 1708 1731 1722 1168 1425 1172 1433 384 256 387 259 394 427 408 422 0 12 255 255 255 255 137 11 137 9 0 0 0 0 2 2 2 2 1 1 4866 176090 768868 580494 488686 909516 850340 474136 523738 428046 749780 12244 34720 39008 44252 38706 25814 26800 30224 14292 2073600 2073600 5 12 249709 994560 993600 44130 43477 81176 80926 12 12 12 12 20 4 4 4 
[17586.032952] MESSAGE_B= 4 4 4 76 1 1 192 0 248 179 0 1363 1243 1369 1245 1350 1537 1353 1547 426 584 438 589 329 440 334 444 0 31 255 255 255 255 88 84 91 81 0 0 0 0 2 2 2 2 1 1 6324 816454 768868 580494 488686 909516 850340 474136 523738 428046 749780 12244 34720 39008 44252 38706 25814 26800 30224 14292 2073600 2073600 5 12 187808 990720 993600 47003 46827 56813 57113 5 5 12 12 172 4 4 4 
[17586.308952] MESSAGE_B= 4 4 4 58 1 1 192 0 248 179 0 1035 971 1046 948 976 1134 995 1109 485 653 490 638 356 535 361 530 0 31 255 255 255 255 7 78 9 80 0 0 0 0 0 0 0 0 1 1 6206 180852 768868 580494 488686 909516 850340 474136 523738 428046 749780 12244 34720 39008 44252 38706 25814 26800 30224 14292 2073600 2073600 5 12 209498 994560 993600 51772 51984 52749 52993 12 12 12 12 172 4 4 4 
[17586.589962] MESSAGE_B= 4 4 4 59 1 1 192 0 248 179 0 997 900 1007 883 982 1177 1005 1150 457 595 455 590 363 566 370 558 0 31 255 255 255 255 34 41 37 43 0 0 0 0 0 0 0 0 1 1 7256 387280 768868 580494 488686 909516 850340 474136 523738 428046 749780 12244 34720 39008 44252 38706 25814 26800 30224 14292 2073600 2073600 5 12 210171 990720 993600 53757 53901 51200 51313 12 12 12 12 24 4 4 4 
[17586.875024] MESSAGE_B= 4 4 4 62 1 1 192 0 248 179 0 964 837 979 820 1035 1246 1061 1215 422 514 424 516 366 579 377 573 0 31 255 255 255 255 71 14 69 15 0 0 0 0 0 0 0 0 1 1 9722 506612 768868 580494 488686 909516 850340 474136 523738 428046 749780 12244 34720 39008 44252 38706 25814 26800 30224 14292 2073600 2073600 5 12 202492 994560 993600 55117 55392 50431 49954 12 12 5 5 27 4 4 4 
[17587.152956] MESSAGE_B= 4 4 4 66 1 1 192 0 248 179 0 949 789 968 770 1110 1355 1141 1321 404 433 405 438 358 583 368 579 0 31 255 255 255 255 101 9 101 7 0 0 0 0 0 0 0 0 1 1 7726 350224 768868 580494 488686 909516 850340 474136 523738 428046 749780 12244 34720 39008 44252 38706 25814 26800 30224 14292 2073600 2073600 5 5 211826 990720 993600 53058 53285 56226 56404 12 12 5 5 28 4 4 4 
[17587.431322] MESSAGE_B= 4 4 4 72 1 1 192 0 248 179 0 558 609 571 595 720 1165 747 1104 312 278 308 281 341 624 357 578 0 5 255 255 255 253 36 3 35 8 0 0 0 0 2 0 2 0 1 1 9086 530846 768868 580494 488686 909516 850340 474136 523738 428046 749780 12244 34720 39008 44252 38706 25814 26800 30224 14292 2073600 2073600 5 5 241180 994560 993600 55351 55587 65217 65025 5 5 5 5 28 4 4 4 
[17587.588967] MESSAGE_B= 4 4 4 79 1 1 192 0 248 179 0 536 600 548 586 717 1229 741 1174 271 269 267 271 341 685 354 657 0 5 255 255 255 255 25 6 24 3 0 0 0 0 2 2 2 0 1 1 8880 457520 768868 580494 488686 909516 850340 474136 523738 428046 749780 12244 34720 39008 44252 38706 25814 26800 30224 14292 2073600 2073600 5 5 258549 990720 993600 59485 59306 69737 70021 5 5 5 5 26 4 4 4 
[17587.869995] MESSAGE_B= 4 4 4 82 1 1 192 0 248 179 0 481 567 493 551 687 733 718 694 135 186 139 183 334 427 340 428 0 5 254 255 255 255 16 4 23 3 0 0 0 0 2 2 2 2 1 1 4146 618134 1002298 520034 346352 433888 396174 519070 418824 725176 935598 5866 17082 15208 12754 15690 11482 26484 23784 9322 2073600 2073600 5 5 307700 994560 993600 68646 68223 85212 85619 5 5 5 5 24 4 4 4 
[17588.144957] MESSAGE_B= 4 4 4 88 1 1 192 0 248 179 0 497 609 516 595 666 720 715 679 135 188 140 188 332 435 333 426 0 5 255 255 255 255 2 1 13 5 0 0 0 0 2 2 2 2 1 1 7810 621074 1002298 520034 346352 433888 396174 519070 418824 725176 935598 5866 17082 15208 12754 15690 11482 26484 23784 9322 2073600 2073600 5 5 349989 990720 993600 79127 79174 95844 95844 5 5 5 5 42 4 4 4 
[17588.419960] MESSAGE_B= 4 4 4 98 1 1 192 0 248 179 0 497 656 533 636 831 874 859 843 156 192 154 195 641 793 647 783 0 5 253 255 255 255 76 20 5 20 0 0 0 0 2 2 2 2 1 1 10426 797816 1002298 520034 346352 433888 396174 519070 418824 725176 935598 5866 17082 15208 12754 15690 11482 26484 23784 9322 2073600 2073600 5 5 394653 994560 993600 89028 89134 108157 108334 5 5 5 5 42 4 4 4 
[17588.700978] MESSAGE_B= 4 4 4 98 1 1 192 0 248 179 0 1965 645 1990 618 1589 1846 1594 1833 786 265 801 269 537 565 537 562 0 5 254 255 255 255 168 10 166 0 0 0 0 0 2 2 2 2 1 1 9012 705892 1002298 520034 346352 433888 396174 519070 418824 725176 935598 5866 17082 15208 12754 15690 11482 26484 23784 9322 2073600 2073600 5 5 427575 990720 993600 98603 98454 115420 115098 5 5 5 5 41 4 4 4 
[17588.980954] MESSAGE_B= 4 4 4 105 1 0 192 0 248 179 0 2065 636 2092 611 1564 1839 1570 1826 702 260 707 264 502 560 508 556 0 5 254 255 255 255 172 4 166 11 0 0 0 0 2 2 2 2 1 0 9472 794966 1002298 520034 346352 433888 396174 519070 418824 725176 935598 5866 17082 15208 12754 15690 11482 26484 23784 9322 2073600 2073600 5 5 434193 994560 993600 100308 100525 116740 116620 5 5 5 5 29 4 4 4 
[17589.261186] MESSAGE_B= 4 4 4 111 1 1 192 0 248 179 0 1367 1255 1394 1253 1419 1807 1432 1793 792 571 806 603 477 526 478 521 0 5 255 255 255 255 190 60 191 54 0 0 0 0 2 2 2 2 1 1 5840 878260 1002298 520034 346352 433888 396174 519070 418824 725176 935598 5866 17082 15208 12754 15690 11482 26484 23784 9322 2073600 2073600 5 5 429398 990720 993600 97053 97932 117147 117266 5 5 5 5 53 4 4 4 
[17589.420106] MESSAGE_B= 4 4 4 88 1 1 192 0 248 179 0 424 721 457 679 438 224 520 200 149 218 138 218 389 387 459 340 0 5 242 255 251 255 20 254 78 254 0 0 0 0 2 2 2 2 1 1 9752 782870 1002298 520034 346352 433888 396174 519070 418824 725176 935598 5866 17082 15208 12754 15690 11482 26484 23784 9322 2073600 2073600 5 5 415368 994560 993600 90674 91479 116478 116737 5 5 5 5 64 4 4 4 
[17589.704355] MESSAGE_B= 0 4 4 24 1 1 192 0 248 179 0 725 754 753 698 690 772 722 758 196 215 201 209 173 229 182 250 0 31 255 253 255 247 141 5 124 1 0 0 0 0 0 0 0 0 1 1 18678 750652 1002298 520034 346352 433888 396174 519070 418824 725176 935598 5866 17082 15208 12754 15690 11482 26484 23784 9322 2073600 2073600 1 5 213141 990720 993600 53196 52309 54807 52829 5 5 5 5 124 4 4 4 
[17589.983957] MESSAGE_B= 0 4 4 99 1 1 192 0 248 179 0 795 948 841 836 785 1135 816 1099 231 432 247 406 223 275 224 268 0 5 252 246 255 255 74 36 29 63 0 2 0 0 0 2 0 2 1 1 15444 961110 1002298 520034 346352 433888 396174 519070 418824 725176 935598 5866 17082 15208 12754 15690 11482 26484 23784 9322 2073600 2073600 1 5 221753 994560 993600 77340 76020 35991 35718 5 5 4 4 124 4 4 4 
[17590.264952] MESSAGE_B= 0 4 4 80 1 0 192 0 248 179 0 833 746 875 691 685 1108 731 1082 206 529 217 504 190 274 192 268 0 5 255 255 242 254 14 150 26 145 0 0 0 0 2 2 2 2 1 0 16190 674618 972040 723398 888468 1345508 1524210 1093308 460466 1349682 496698 21594 2144 7952 7928 6462 5890 16398 39342 15276 2073600 2073600 2 5 268111 990720 993600 79605 78420 55903 54183 5 5 5 5 100 4 4 4 
[17590.540962] MESSAGE_B= 0 4 4 51 1 2 192 0 248 179 0 2334 2424 2362 2382 2077 2303 2107 2255 646 895 654 890 827 991 832 983 0 0 255 255 255 255 7 151 5 151 0 0 0 0 0 0 0 0 1 2 18950 561222 972040 723398 888468 1345508 1524210 1093308 460466 1349682 496698 21594 2144 7952 7928 6462 5890 16398 39342 15276 2073600 2073600 1 0 395156 994560 993600 100430 99981 97619 97126 0 0 0 0 52 4 4 4 
[17590.818961] MESSAGE_B= 0 4 4 49 1 3 192 0 248 179 0 2326 2420 2357 2375 1896 2299 1922 2252 636 886 647 881 922 995 929 987 0 0 255 255 255 255 4 152 6 153 0 0 0 0 0 0 0 0 1 3 8362 461574 972040 723398 888468 1345508 1524210 1093308 460466 1349682 496698 21594 2144 7952 7928 6462 5890 16398 39342 15276 2073600 2073600 2 0 399031 990720 993600 102674 102440 96878 97039 0 0 0 0 42 4 4 4 
[17591.097958] MESSAGE_B= 4 4 4 44 1 3 192 0 248 179 0 1038 2369 1087 2011 1230 2421 1319 2249 645 1105 648 943 874 1216 946 1202 0 0 250 253 253 254 8 104 16 121 0 0 0 0 0 2 0 2 1 3 8430 378992 972040 723398 888468 1345508 1524210 1093308 460466 1349682 496698 21594 2144 7952 7928 6462 5890 16398 39342 15276 2073600 2073600 5 0 401567 994560 993600 106942 106487 94132 94006 0 0 0 0 42 4 4 4 
[17591.375959] MESSAGE_B= 4 4 4 38 1 1 192 0 248 179 0 1781 2398 1818 2358 1468 2217 1479 2174 705 853 719 840 1035 731 1048 722 0 0 255 255 255 255 97 18 95 15 0 0 0 0 0 0 0 0 1 1 9840 552350 972040 723398 888468 1345508 1524210 1093308 460466 1349682 496698 21594 2144 7952 7928 6462 5890 16398 39342 15276 2073600 2073600 5 0 402427 990720 993600 103676 103839 97477 97435 0 0 0 0 47 4 4 4 
[17591.530957] MESSAGE_B= 4 4 4 37 1 1 192 0 248 179 0 1187 2229 1259 1958 1286 1908 1323 1754 839 1128 887 1033 1002 913 1036 885 0 0 254 252 254 253 62 14 68 2 0 0 0 0 0 2 0 2 1 1 9314 468260 972040 723398 888468 1345508 1524210 1093308 460466 1349682 496698 21594 2144 7952 7928 6462 5890 16398 39342 15276 2073600 2073600 5 0 396571 994560 993600 103434 103891 94674 94572 0 0 0 0 47 4 4 4 
[17591.810962] MESSAGE_B= 4 4 4 39 1 1 192 0 248 179 0 979 2225 1031 1923 1264 1941 1325 1749 689 1111 743 995 973 930 1006 917 0 0 252 252 254 252 46 23 45 11 0 0 0 0 0 2 0 2 1 1 6892 412462 972040 723398 888468 1345508 1524210 1093308 460466 1349682 496698 21594 2144 7952 7928 6462 5890 16398 39342 15276 2073600 2073600 5 0 398160 990720 993600 105953 105894 93419 92894 0 0 0 0 44 4 4 4 
[17592.086962] MESSAGE_B= 4 4 4 43 1 1 192 0 248 179 0 1158 2269 1206 2007 1325 1949 1393 1762 675 1030 697 945 972 927 1007 910 0 0 254 253 254 252 53 2 58 37 0 0 0 0 0 2 0 2 1 1 7600 438072 972040 723398 888468 1345508 1524210 1093308 460466 1349682 496698 21594 2144 7952 7928 6462 5890 16398 39342 15276 2073600 2073600 5 0 370519 994560 993600 95836 95601 89438 89644 0 0 0 0 44 4 4 4 
[17592.362960] MESSAGE_B= 4 4 4 45 1 1 192 0 248 179 0 1094 2374 1105 2091 1244 1961 1297 1803 658 922 646 848 728 1108 822 1086 0 0 251 250 248 253 37 52 24 17 0 0 0 0 0 2 0 2 1 1 5666 404338 972040 723398 888468 1345508 1524210 1093308 460466 1349682 496698 21594 2144 7952 7928 6462 5890 16398 39342 15276 2073600 2073600 5 0 389939 990720 993600 98837 97613 96776 96713 0 0 0 0 46 4 4 4 
[17592.639961] MESSAGE_B= 4 4 4 47 1 1 192 0 248 179 0 1219 2362 1302 2154 1012 1641 1045 1477 674 926 730 851 778 958 826 938 0 0 254 253 252 253 6 48 15 74 0 0 0 0 0 2 0 2 1 1 5816 337624 532030 888254 151944 610232 464166 582314 393398 805390 522396 13350 13210 19748 15750 12854 15902 15686 23070 15778 2073600 2073600 5 0 377310 994560 993600 93574 93461 95004 95271 0 0 0 0 47 4 4 4 
[17592.916965] MESSAGE_B= 4 4 4 31 1 0 192 0 248 179 0 1675 1210 1576 1391 695 1319 681 1384 897 611 881 650 542 873 553 867 0 0 251 245 254 245 181 122 173 126 0 0 0 0 2 2 2 2 1 0 11382 385946 532030 888254 151944 610232 464166 582314 393398 805390 522396 13350 13210 19748 15750 12854 15902 15686 23070 15778 2073600 2073600 5 0 383226 990720 993600 79186 79263 112273 112504 0 0 0 0 47 4 4 4 
[17593.193965] MESSAGE_B= 4 4 4 31 1 0 192 0 248 179 0 2030 1482 1913 1662 380 1262 376 1169 775 674 804 641 98 988 97 937 0 0 251 238 242 249 82 198 26 200 0 0 0 0 0 2 0 2 1 0 9620 385000 532030 888254 151944 610232 464166 582314 393398 805390 522396 13350 13210 19748 15750 12854 15902 15686 23070 15778 2073600 2073600 5 0 410842 994560 993600 98164 98093 107272 107313 0 0 0 0 80 4 4 4 
[17593.469960] MESSAGE_B= 0 4 4 29 1 1 192 0 248 179 0 1681 896 1674 956 725 1010 734 1019 771 190 763 264 92 335 93 315 0 12 255 246 243 246 89 90 112 110 0 0 0 0 2 2 2 2 1 1 17932 526776 532030 888254 151944 610232 464166 582314 393398 805390 522396 13350 13210 19748 15750 12854 15902 15686 23070 15778 2073600 2073600 1 12 219485 990720 993600 65284 65433 68623 69947 12 12 5 5 80 4 4 4 
[17593.766609] MESSAGE_B= 0 4 4 159 1 0 192 0 248 179 0 1578 868 1567 979 714 959 713 955 863 236 842 323 101 397 103 393 0 5 255 250 254 254 120 170 152 176 0 0 0 0 2 2 2 2 1 0 13126 409476 532030 888254 151944 610232 464166 582314 393398 805390 522396 13350 13210 19748 15750 12854 15902 15686 23070 15778 2073600 2073600 2 5 238027 994560 993600 63306 63303 71714 72048 12 12 5 5 60 4 4 4 
[17593.922958] MESSAGE_B= 4 4 4 163 1 0 192 0 248 179 0 853 897 841 920 569 683 570 694 244 248 236 245 202 252 202 252 0 31 255 255 255 255 2 161 14 163 0 0 0 0 0 0 0 0 1 0 13950 452008 532030 888254 151944 610232 464166 582314 393398 805390 522396 13350 13210 19748 15750 12854 15902 15686 23070 15778 2073600 2073600 5 5 242273 990720 993600 63626 63621 58069 57696 5 5 12 5 51 4 4 4 
[17594.198964] MESSAGE_B= 0 4 4 174 1 1 192 0 248 179 0 715 1040 727 1035 718 769 715 774 67 303 76 297 134 121 128 126 0 5 249 250 255 255 28 23 41 25 0 0 0 0 2 2 2 2 1 1 20586 460994 532030 888254 151944 610232 464166 582314 393398 805390 522396 13350 13210 19748 15750 12854 15902 15686 23070 15778 2073600 2073600 1 12 241405 994560 993600 67011 68184 76385 76219 5 5 12 12 71 4 4 4 
[17594.486975] MESSAGE_B= 0 4 4 41 1 1 192 0 248 179 0 1869 2464 1953 2340 867 672 934 643 769 684 737 658 346 225 390 218 0 0 255 255 254 255 117 183 95 168 0 0 0 2 2 2 2 2 1 1 9766 580912 532030 888254 151944 610232 464166 582314 393398 805390 522396 13350 13210 19748 15750 12854 15902 15686 23070 15778 2073600 2073600 2 0 329491 990720 993600 86647 86675 78111 78058 0 0 0 0 238 4 4 4 
[17594.762966] MESSAGE_B= 4 4 4 41 1 1 192 0 248 179 0 1857 2468 1943 2348 924 832 997 769 780 677 747 649 334 467 372 402 0 0 255 255 253 255 143 8 116 110 0 0 0 0 2 2 2 2 1 1 8440 325826 532030 888254 151944 610232 464166 582314 393398 805390 522396 13350 13210 19748 15750 12854 15902 15686 23070 15778 2073600 2073600 5 0 332785 994560 993600 86839 86863 79604 79479 0 0 0 0 238 4 4 4 
[17595.040962] MESSAGE_B= 4 4 4 42 1 0 192 0 248 179 0 1758 2542 1845 2419 850 940 917 871 719 706 693 683 307 418 343 362 0 0 255 255 250 254 127 145 106 119 0 0 0 0 2 2 2 2 1 0 7532 874254 1332300 307150 434308 634514 581958 513120 640234 375682 1370078 11556 39738 6806 21794 23080 6866 35134 20028 12266 2073600 2073600 5 0 327646 990720 993600 87402 87410 76454 76380 0 0 0 0 45 4 4 4 
[17595.321959] MESSAGE_B= 4 4 4 42 1 0 192 0 248 179 0 1534 2392 1626 2260 789 958 854 891 580 744 570 728 293 450 355 387 0 0 253 254 250 255 102 57 101 33 0 0 0 0 2 2 2 2 1 0 8102 729976 1332300 307150 434308 634514 581958 513120 640234 375682 1370078 11556 39738 6806 21794 23080 6866 35134 20028 12266 2073600 2073600 5 0 314516 994560 993600 93138 93426 63946 64006 0 0 0 0 50 4 4 4 
[17595.598956] MESSAGE_B= 4 4 4 45 1 0 192 0 248 179 0 926 2180 1117 2033 844 783 937 747 346 783 397 777 404 264 507 235 0 0 250 255 252 253 46 69 60 54 0 0 0 0 2 2 2 2 1 0 7844 856356 1332300 307150 434308 634514 581958 513120 640234 375682 1370078 11556 39738 6806 21794 23080 6866 35134 20028 12266 2073600 2073600 5 0 284368 990720 993600 99942 99865 67218 66462 0 0 13 13 51 4 4 4 
[17595.875960] MESSAGE_B= 0 4 4 50 1 1 192 0 248 179 0 1193 1838 1416 1716 527 980 600 901 665 791 737 759 290 625 334 624 0 0 255 255 253 255 60 89 52 82 2 0 0 0 2 2 2 2 1 1 15614 789048 1332300 307150 434308 634514 581958 513120 640234 375682 1370078 11556 39738 6806 21794 23080 6866 35134 20028 12266 2073600 2073600 1 0 250375 994560 993600 101595 101672 77591 76345 0 0 13 13 60 4 4 4 
[17596.153957] MESSAGE_B= 0 4 4 52 1 1 192 0 248 179 0 1543 1759 1806 1584 406 1029 451 822 698 578 784 556 146 398 154 341 0 0 251 250 242 248 177 6 120 25 0 0 0 0 2 2 2 2 1 1 11798 969250 1332300 307150 434308 634514 581958 513120 640234 375682 1370078 11556 39738 6806 21794 23080 6866 35134 20028 12266 2073600 2073600 2 0 247699 990720 993600 101580 102829 80334 80003 0 0 13 13 60 4 4 4 
[17596.429964] MESSAGE_B= 0 4 4 63 1 1 192 0 248 179 0 1866 2242 2078 2117 800 934 841 902 574 580 623 571 362 405 395 398 0 0 253 253 255 255 58 135 49 152 0 0 0 0 2 0 2 0 1 1 18296 885876 1332300 307150 434308 634514 581958 513120 640234 375682 1370078 11556 39738 6806 21794 23080 6866 35134 20028 12266 2073600 2073600 1 0 254241 994560 993600 76662 76366 51423 51096 0 0 13 0 96 4 4 4 
[17596.716956] MESSAGE_B= 0 4 4 52 1 1 192 0 248 179 0 1927 2287 1968 2253 1718 1337 1747 1305 527 576 539 572 442 569 448 559 0 31 255 255 255 255 17 140 23 137 0 0 0 0 0 0 0 0 1 1 7788 895892 1332300 307150 434308 634514 581958 513120 640234 375682 1370078 11556 39738 6806 21794 23080 6866 35134 20028 12266 2073600 2073600 2 0 199719 990720 993600 49248 49663 50502 50306 0 0 0 0 160 4 4 4 
[17596.892412] MESSAGE_B= 0 4 4 30 1 0 192 0 248 179 0 1789 24 1896 24 1720 2022 1759 1871 445 28 463 28 538 599 552 577 0 0 255 255 255 251 123 0 121 0 0 0 0 0 0 1 0 1 1 0 16302 686598 1332300 307150 434308 634514 581958 513120 640234 375682 1370078 11556 39738 6806 21794 23080 6866 35134 20028 12266 2073600 2073600 2 0 292491 994560 993600 95228 94375 51708 51180 0 0 0 0 160 4 4 4 
[17597.167968] MESSAGE_B= 0 0 4 27 1 0 192 0 248 179 0 1264 24 1771 24 1467 492 1524 469 600 28 744 28 686 248 721 240 0 0 222 255 255 255 35 0 68 21 2 2 0 0 2 1 2 2 1 0 13990 658808 1332300 307150 434308 634514 581958 513120 640234 375682 1370078 11556 39738 6806 21794 23080 6866 35134 20028 12266 2073600 2073600 2 0 390052 990720 993600 112748 111906 83328 82070 0 0 0 0 160 0 0 0 
[17597.443974] MESSAGE_B= 0 4 4 38 1 0 192 0 248 179 0 2662 2205 2749 2087 1201 897 1271 797 652 613 671 585 633 553 688 453 0 0 255 255 255 238 39 61 38 65 0 0 0 0 0 2 2 2 1 0 26512 503208 1200394 629392 490302 1526236 1501266 1494274 627048 658610 497546 31526 33198 6676 35566 28352 36400 13288 33758 31188 2073600 2073600 2 0 251980 994560 993600 56444 53825 71258 70453 0 0 0 0 114 4 4 4 
[17597.723958] MESSAGE_B= 0 4 4 40 1 0 192 0 248 179 0 2620 2328 2635 2332 1390 1607 1430 1558 632 588 638 590 692 702 704 690 0 31 255 255 255 255 45 43 34 42 0 0 0 0 0 0 0 0 1 0 12458 778600 1200394 629392 490302 1526236 1501266 1494274 627048 658610 497546 31526 33198 6676 35566 28352 36400 13288 33758 31188 2073600 2073600 2 0 209280 990720 993600 44253 42777 61383 60867 0 0 0 0 79 4 4 4 
[17598.000952] MESSAGE_B= 0 7 4 44 1 0 192 0 248 179 0 0 0 0 0 0 0 0 0 0 0 0 0 0 0 0 0 1 12 0 0 0 0 0 0 0 0 1 1 1 1 1 1 1 1 1 0 15874 800416 1200394 629392 490302 1526236 1501266 1494274 627048 658610 497546 31526 33198 6676 35566 28352 36400 13288 33758 31188 2073600 2073600 2 12 512416 994560 993600 128104 128104 128104 128104 12 12 12 12 67 4 4 4 
[17598.274953] MESSAGE_B= 0 7 4 255 1 0 192 0 248 179 0 0 0 0 0 0 0 0 0 0 0 0 0 0 0 0 0 1 12 0 0 0 0 0 0 0 0 1 1 1 1 1 1 1 1 1 0 33944 872712 1200394 629392 490302 1526236 1501266 1494274 627048 658610 497546 31526 33198 6676 35566 28352 36400 13288 33758 31188 2073600 2073600 2 12 512416 990720 993600 128104 128104 128104 128104 12 12 12 12 23 4 4 4 
[17598.430302] MESSAGE_B= 4 7 4 255 1 0 192 0 248 179 0 0 0 0 0 0 0 0 0 0 0 0 0 0 0 0 0 1 12 0 0 0 0 0 0 0 0 1 1 1 1 1 1 1 1 1 0 0 0 1200394 629392 490302 1526236 1501266 1494274 627048 658610 497546 31526 33198 6676 35566 28352 36400 13288 33758 31188 2073600 2073600 4 12 512416 994560 993600 128104 128104 128104 128104 12 12 12 12 0 4 4 4 
[17598.702954] MESSAGE_B= 4 7 4 255 1 0 192 0 248 179 0 0 0 0 0 0 0 0 0 0 0 0 0 0 0 0 0 1 12 0 0 0 0 0 0 0 0 1 1 1 1 1 1 1 1 1 0 0 0 1200394 629392 490302 1526236 1501266 1494274 627048 658610 497546 31526 33198 6676 35566 28352 36400 13288 33758 31188 2073600 2073600 4 12 512416 990720 993600 128104 128104 128104 128104 12 12 12 12 0 4 4 4 
[17598.974958] MESSAGE_B= 4 4 4 63 1 0 192 0 248 179 0 2557 2485 2495 2551 2593 2264 2564 2274 659 583 644 602 663 575 653 578 0 31 255 255 255 255 59 50 56 46 0 0 0 0 0 0 0 0 1 0 0 0 1200394 629392 490302 1526236 1501266 1494274 627048 658610 497546 31526 33198 6676 35566 28352 36400 13288 33758 31188 2073600 2073600 4 11 153265 994560 993600 43508 43099 43120 44695 11 11 0 0 34 4 4 4 
[17599.251961] MESSAGE_B= 0 4 4 64 1 0 192 0 248 179 0 2183 1952 2129 2023 2136 1838 2115 1855 558 461 546 477 548 461 542 466 0 31 255 255 255 255 63 35 63 43 0 0 0 0 0 0 0 0 1 0 29276 460866 1200394 629392 490302 1526236 1501266 1494274 627048 658610 497546 31526 33198 6676 35566 28352 36400 13288 33758 31188 2073600 2073600 2 11 118737 990720 993600 33381 33219 45225 44831 22 22 0 0 93 4 4 4 
[17599.538650] MESSAGE_B= 0 4 4 65 1 0 192 0 248 179 0 943 917 932 932 776 764 777 759 69 70 79 62 58 62 69 60 0 12 254 255 255 253 41 234 12 241 0 0 0 0 0 0 0 0 1 0 34862 465092 1200394 629392 490302 1526236 1501266 1494274 627048 658610 497546 31526 33198 6676 35566 28352 36400 13288 33758 31188 2073600 2073600 2 12 246297 994560 993600 67759 67395 55379 55764 12 12 12 12 94 4 4 4 
[17599.814964] MESSAGE_B= 0 4 4 237 1 1 192 0 248 179 0 1718 586 1706 576 1888 1794 1895 1780 411 275 409 252 458 469 455 470 0 31 254 255 255 255 10 104 4 92 0 0 0 0 0 0 0 0 1 1 17988 415590 466724 487158 199800 2 2 2 20818 900862 692094 2 28712 3850 2 2 2 42074 17874 20466 2073600 2073600 1 18 147422 990720 993600 46747 47071 62935 62777 12 12 18 18 94 4 4 4 
[17600.088965] MESSAGE_B= 5 4 4 100 1 1 192 0 248 179 0 1711 585 1700 576 1890 1778 1900 1766 411 279 407 254 459 469 459 471 0 31 254 255 255 255 11 95 4 86 0 0 0 0 0 0 0 0 1 1 28192 0 466724 487158 199800 2 2 2 20818 900862 692094 2 28712 3850 2 2 2 42074 17874 20466 2073600 2073600 6 18 148051 994560 993600 46724 47145 63084 63195 12 12 18 18 28 4 4 4 
[17600.363951] MESSAGE_B= 0 4 4 99 1 1 192 0 248 179 0 1320 853 1329 839 1334 1317 1326 1318 88 40 85 39 139 273 141 277 0 12 247 221 248 254 53 79 11 60 0 0 0 0 0 2 0 2 1 1 8572 581604 466724 487158 199800 2 2 2 20818 900862 692094 2 28712 3850 2 2 2 42074 17874 20466 2073600 2073600 2 15 178446 990720 993600 68341 70646 72567 72592 12 12 15 15 57 4 4 4 
[17600.638957] MESSAGE_B= 0 0 4 73 1 1 192 0 248 179 0 0 75 0 87 0 0 0 0 0 0 0 0 0 0 0 0 1 12 80 0 0 210 0 0 0 0 0 1 1 0 1 0 0 0 1 1 23926 579236 466724 487158 199800 2 2 2 20818 900862 692094 2 28712 3850 2 2 2 42074 17874 20466 2073600 2073600 1 12 508367 994560 993600 127535 127448 126602 126782 12 12 12 12 57 4 4 4 
[17600.909967] MESSAGE_B= 0 4 4 111 1 1 192 0 248 179 0 1232 1586 1200 1611 1186 1499 1185 1496 340 430 328 435 563 506 562 507 0 18 255 255 255 254 4 70 3 64 0 0 0 0 0 2 0 2 1 1 11498 557952 466724 487158 199800 2 2 2 20818 900862 692094 2 28712 3850 2 2 2 42074 17874 20466 2073600 2073600 2 18 171469 990720 993600 36935 37940 74625 74162 14 14 18 18 82 4 4 4 
[17601.185984] MESSAGE_B= 0 4 4 161 1 0 192 0 248 179 0 1812 1885 1795 1892 1388 1542 1383 1543 562 554 564 553 538 400 541 399 0 31 255 255 255 255 7 10 3 1 0 0 0 0 0 0 0 0 1 0 13616 31304 466724 487158 199800 2 2 2 20818 900862 692094 2 28712 3850 2 2 2 42074 17874 20466 2073600 2073600 2 15 110738 994560 993600 54231 53823 41683 40951 0 0 17 17 115 4 4 4 
[17601.463952] MESSAGE_B= 4 4 4 145 1 0 192 0 248 179 0 1545 2000 1500 2040 1617 1827 1607 1831 423 524 412 533 662 594 662 596 0 31 255 255 255 255 163 140 165 139 0 0 0 0 0 0 0 0 1 0 12624 907222 466724 487158 199800 2 2 2 20818 900862 692094 2 28712 3850 2 2 2 42074 17874 20466 2073600 2073600 5 15 136492 990720 993600 41111 41864 27130 27450 15 15 14 14 127 4 4 4 
[17601.617966] MESSAGE_B= 0 4 4 131 1 0 192 0 248 179 0 1395 2181 1357 2220 1647 1870 1631 1886 383 571 382 583 616 650 612 653 0 31 255 255 255 255 100 35 108 38 0 0 0 0 0 0 0 0 1 0 16190 370860 466724 487158 199800 2 2 2 20818 900862 692094 2 28712 3850 2 2 2 42074 17874 20466 2073600 2073600 2 15 136216 994560 993600 37677 38908 32366 32674 16 16 15 15 127 4 4 4 
[17601.892958] MESSAGE_B= 0 4 4 125 1 0 192 0 248 179 0 1381 2198 1373 2230 1727 1917 1707 1933 374 558 370 566 598 666 597 667 0 31 255 255 255 255 100 12 99 16 0 0 0 0 0 0 0 0 1 0 16880 392040 466724 487158 199800 2 2 2 20818 900862 692094 2 28712 3850 2 2 2 42074 17874 20466 2073600 2073600 2 15 129264 990720 993600 39281 40382 33453 34170 16 16 15 15 127 4 4 4 
[17602.167966] MESSAGE_B= 0 4 4 123 1 1 192 0 248 179 0 1781 1423 1780 1422 1453 1551 1462 1515 1118 805 1118 819 504 566 522 548 0 31 255 255 255 255 49 27 54 30 0 0 0 0 0 0 0 0 1 1 15844 364516 376874 362842 673796 953020 943492 693636 1335154 539464 426956 13900 7504 9248 25206 4 13882 39658 33692 16318 2073600 2073600 1 12 97458 994560 993600 29235 29609 22494 22455 12 12 14 14 73 4 4 4 
[17602.445956] MESSAGE_B= 0 4 4 70 1 1 192 0 248 179 0 1779 1422 1777 1421 1453 1552 1463 1516 1117 805 1118 819 506 566 523 550 0 31 255 255 255 255 49 31 54 32 0 0 0 0 0 0 0 0 1 1 13676 458628 376874 362842 673796 953020 943492 693636 1335154 539464 426956 13900 7504 9248 25206 4 13882 39658 33692 16318 2073600 2073600 2 12 96158 990720 993600 29373 29789 22086 21732 12 12 14 14 73 4 4 4 
[17602.726506] MESSAGE_B= 4 4 4 71 1 1 192 0 248 179 0 1783 1426 1780 1424 1455 1557 1466 1520 1117 806 1119 820 509 566 523 552 0 31 255 255 255 255 49 34 54 35 0 0 0 0 0 0 0 0 1 1 7682 566496 376874 362842 673796 953020 943492 693636 1335154 539464 426956 13900 7504 9248 25206 4 13882 39658 33692 16318 2073600 2073600 5 12 96140 994560 993600 29243 29857 22190 21939 12 12 14 14 12 4 4 4 
[17603.005950] MESSAGE_B= 4 4 4 71 1 1 192 0 248 179 0 1784 1427 1781 1426 1456 1559 1466 1523 1117 806 1118 821 508 564 523 547 0 31 255 255 255 255 49 37 54 38 0 0 0 0 0 0 0 0 1 1 7080 599544 376874 362842 673796 953020 943492 693636 1335154 539464 426956 13900 7504 9248 25206 4 13882 39658 33692 16318 2073600 2073600 5 12 95695 990720 993600 29077 29786 21901 21717 12 12 14 14 7 4 4 4 
[17603.289737] MESSAGE_B= 4 4 4 71 1 1 192 0 248 179 0 1781 1422 1778 1420 1454 1559 1464 1520 1116 805 1117 821 507 580 524 563 0 31 255 255 255 255 50 22 54 21 0 0 0 0 0 0 0 0 1 1 6908 551492 376874 362842 673796 953020 943492 693636 1335154 539464 426956 13900 7504 9248 25206 4 13882 39658 33692 16318 2073600 2073600 5 12 95217 994560 993600 29046 29672 21627 21316 12 12 15 15 11 4 4 4 
[17603.565994] MESSAGE_B= 4 4 4 70 1 1 192 0 248 179 0 1780 1432 1778 1430 1454 1606 1463 1563 1117 798 1116 814 507 572 524 557 0 31 255 255 255 255 50 2 54 4 0 0 0 0 0 0 0 0 1 1 9640 599186 376874 362842 673796 953020 943492 693636 1335154 539464 426956 13900 7504 9248 25206 4 13882 39658 33692 16318 2073600 2073600 5 12 94445 990720 993600 29122 29934 20925 20644 12 12 14 14 13 4 4 4 
[17603.726970] MESSAGE_B= 4 4 4 70 1 1 192 0 248 179 0 1784 1496 1781 1496 1484 1538 1494 1503 1118 763 1120 776 496 596 510 578 0 31 255 255 255 255 45 15 50 16 0 0 0 0 0 0 0 0 1 1 8092 579388 376874 362842 673796 953020 943492 693636 1335154 539464 426956 13900 7504 9248 25206 4 13882 39658 33692 16318 2073600 2073600 5 12 93708 994560 993600 28161 28875 21491 21379 12 12 14 14 13 4 4 4 
[17604.006497] MESSAGE_B= 4 4 4 71 1 1 192 0 248 179 0 1784 1482 1781 1481 1469 1565 1480 1529 1118 758 1120 772 503 593 518 579 0 31 255 255 255 255 45 6 50 7 0 0 0 0 0 0 0 0 1 1 8668 592886 376874 362842 673796 953020 943492 693636 1335154 539464 426956 13900 7504 9248 25206 4 13882 39658 33692 16318 2073600 2073600 5 12 94157 990720 993600 28442 29151 21401 21293 12 12 14 15 13 4 4 4 
[17604.285956] MESSAGE_B= 4 4 4 70 1 1 192 0 248 179 0 1780 1431 1778 1430 1454 1552 1464 1515 1117 799 1117 814 508 604 524 589 0 31 255 255 255 255 49 29 54 30 0 0 0 0 0 0 0 0 1 1 7452 570846 376874 362842 673796 953020 943492 693636 1335154 539464 426956 13900 7504 9248 25206 4 13882 39658 33692 16318 2073600 2073600 5 12 94069 994560 993600 28579 29133 21826 21854 12 12 15 15 10 4 4 4 
[17604.564953] MESSAGE_B= 4 4 4 71 1 1 192 0 248 179 0 1781 1422 1778 1420 1454 1523 1464 1487 1117 805 1118 820 507 600 523 582 0 31 255 255 255 255 50 27 54 28 0 0 0 0 0 0 0 0 1 1 7946 612008 342126 212364 444972 353024 302010 427214 848838 467192 414004 20676 14410 7044 20870 19248 26238 29654 19186 20502 2073600 2073600 5 12 96439 990720 993600 29343 30052 22770 22462 12 12 15 15 9 4 4 4 
[17604.843960] MESSAGE_B= 4 4 4 72 1 1 192 0 248 179 0 1785 1426 1782 1425 1457 1501 1467 1465 1117 807 1119 821 507 599 523 581 0 31 255 255 255 255 49 37 54 39 0 0 0 0 0 0 0 0 1 1 8870 575696 342126 212364 444972 353024 302010 427214 848838 467192 414004 20676 14410 7044 20870 19248 26238 29654 19186 20502 2073600 2073600 5 12 97335 994560 993600 29333 30047 22308 22294 12 12 14 14 7 4 4 4 
[17605.138971] MESSAGE_B= 4 4 4 71 1 1 192 0 248 179 0 1783 1423 1780 1422 1454 1475 1465 1439 1117 805 1118 820 508 606 523 589 0 31 255 255 255 255 49 34 54 36 0 0 0 0 0 0 0 0 1 1 6660 599248 342126 212364 444972 353024 302010 427214 848838 467192 414004 20676 14410 7044 20870 19248 26238 29654 19186 20502 2073600 2073600 5 12 97646 990720 993600 29152 29879 21970 21897 12 12 14 14 7 4 4 4 
[17605.421957] MESSAGE_B= 4 4 4 71 7 0 192 0 248 179 0 1235 1141 1242 1135 823 774 832 764 804 737 818 727 349 287 364 264 0 12 255 255 255 255 100 59 102 62 0 0 0 0 2 2 2 2 7 0 6602 580412 342126 212364 444972 353024 302010 427214 848838 467192 414004 20676 14410 7044 20870 19248 26238 29654 19186 20502 2073600 2073600 5 12 236144 994560 993600 58154 58679 69239 69227 0 0 12 12 27 4 4 4 
[17605.697959] MESSAGE_B= 4 4 4 213 7 0 192 0 248 179 0 2985 1995 2967 1998 2386 2345 2387 2358 876 677 879 669 898 661 891 673 0 0 255 253 254 254 175 40 176 51 0 0 0 0 0 0 0 0 7 0 14558 593384 342126 212364 444972 353024 302010 427214 848838 467192 414004 20676 14410 7044 20870 19248 26238 29654 19186 20502 2073600 2073600 5 0 259464 990720 993600 63277 63363 66614 66210 0 0 0 0 173 4 4 4 
[17605.853225] MESSAGE_B= 4 4 4 167 9 0 192 0 248 179 0 1479 1238 1478 1250 750 555 750 534 1203 461 1224 463 678 294 675 272 0 12 255 254 255 253 162 5 159 14 0 0 0 0 0 0 0 0 9 0 14532 243192 342126 212364 444972 353024 302010 427214 848838 467192 414004 20676 14410 7044 20870 19248 26238 29654 19186 20502 2073600 2073600 4 12 211784 994560 993600 54806 54784 67092 67802 0 0 12 12 173 4 4 4 
[17606.133073] MESSAGE_B= 4 4 4 115 9 0 192 0 248 179 0 1683 1429 1703 1429 1015 892 1038 877 741 778 753 760 412 338 444 305 0 12 255 255 255 255 180 48 148 49 0 0 0 0 2 2 2 2 9 0 16422 425912 342126 212364 444972 353024 302010 427214 848838 467192 414004 20676 14410 7044 20870 19248 26238 29654 19186 20502 2073600 2073600 4 12 321663 990720 993600 65107 65396 95410 95750 12 12 12 12 136 4 4 4 
[17606.409959] MESSAGE_B= 4 4 4 97 8 0 192 0 248 179 0 1494 1338 1518 1338 1126 973 1163 951 856 853 886 854 460 412 506 372 0 12 255 255 255 254 28 28 94 36 0 0 0 0 2 2 2 2 8 0 15676 297954 342126 212364 444972 353024 302010 427214 848838 467192 414004 20676 14410 7044 20870 19248 26238 29654 19186 20502 2073600 2073600 4 12 357863 994560 993600 76883 76704 102278 101998 12 12 12 12 39 4 4 4 
[17606.693968] MESSAGE_B= 0 4 4 92 7 0 192 0 248 179 0 1452 1422 1472 1421 1169 1126 1201 1078 877 998 904 986 388 389 421 348 0 12 255 255 255 252 0 142 0 77 0 0 0 0 2 2 1 2 7 0 7554 767638 342126 212364 444972 353024 302010 427214 848838 467192 414004 20676 14410 7044 20870 19248 26238 29654 19186 20502 2073600 2073600 2 12 367514 990720 993600 80205 80426 103594 103289 12 12 12 12 39 4 4 4 
[17606.978641] MESSAGE_B= 4 4 4 88 1 0 192 0 248 179 0 2272 1518 2253 1500 1423 1174 1428 1173 875 534 856 516 383 365 380 369 0 1 255 251 255 255 10 10 7 12 0 0 0 0 2 2 2 2 1 0 11756 329122 375770 220256 439026 356426 125090 310398 200920 369220 417362 18450 27264 8000 22012 8038 15152 37160 37606 12970 2073600 2073600 5 1 204473 994560 993600 92565 92787 22878 22813 1 1 6 6 27 4 4 4 
[17607.257960] MESSAGE_B= 4 4 4 42 1 0 192 0 248 179 0 2281 1471 2265 1453 1419 1171 1422 1169 902 490 884 481 382 361 380 365 0 1 255 252 255 255 12 9 9 13 0 0 0 0 2 2 2 2 1 0 13776 789756 375770 220256 439026 356426 125090 310398 200920 369220 417362 18450 27264 8000 22012 8038 15152 37160 37606 12970 2073600 2073600 5 1 201662 990720 993600 91497 91674 23499 23412 1 1 6 6 24 4 4 4 
[17607.544022] MESSAGE_B= 4 4 4 43 1 0 192 0 248 179 0 2047 1435 2050 1400 1430 1390 1450 1377 745 464 734 453 363 425 365 424 0 1 255 253 255 255 4 30 12 30 0 0 0 0 2 2 2 2 1 0 14250 787998 375770 220256 439026 356426 125090 310398 200920 369220 417362 18450 27264 8000 22012 8038 15152 37160 37606 12970 2073600 2073600 5 1 216654 994560 993600 93737 93297 28427 27963 1 1 16 16 110 4 4 4 
[17607.821959] MESSAGE_B= 4 4 4 70 1 0 192 0 248 179 0 1883 2270 1953 2232 1872 2289 1953 2266 512 581 547 571 507 824 543 801 0 31 253 255 254 255 41 16 53 23 0 0 0 0 0 0 0 0 1 0 10024 430574 375770 220256 439026 356426 125090 310398 200920 369220 417362 18450 27264 8000 22012 8038 15152 37160 37606 12970 2073600 2073600 5 1 138888 990720 993600 37582 36167 51865 52501 1 1 0 0 110 4 4 4 
[17608.097960] MESSAGE_B= 0 4 4 74 1 0 192 0 248 179 0 1881 2263 1963 2219 1881 2308 1969 2283 512 615 543 599 517 816 551 798 0 31 254 255 255 255 46 15 54 6 0 0 0 0 0 0 0 0 1 0 21428 374802 375770 220256 439026 356426 125090 310398 200920 369220 417362 18450 27264 8000 22012 8038 15152 37160 37606 12970 2073600 2073600 2 1 141520 994560 993600 36776 35255 49456 50475 1 1 0 0 28 4 4 4 
[17608.253964] MESSAGE_B= 0 4 4 74 1 0 192 0 248 179 0 1882 2257 1963 2215 1882 2312 1976 2288 511 614 546 596 513 815 552 795 0 31 254 255 255 255 45 15 55 8 0 0 0 0 0 0 0 0 1 0 22656 476740 375770 220256 439026 356426 125090 310398 200920 369220 417362 18450 27264 8000 22012 8038 15152 37160 37606 12970 2073600 2073600 2 1 141190 990720 993600 36427 34941 48921 50193 1 1 0 0 28 4 4 4 
[17608.530961] MESSAGE_B= 0 4 4 48 1 1 192 0 248 179 0 1441 1180 1441 1181 2034 2066 2038 2069 404 293 401 293 514 535 516 530 0 31 255 255 255 255 118 33 115 29 0 0 0 0 0 0 0 0 1 1 20276 400774 375770 220256 439026 356426 125090 310398 200920 369220 417362 18450 27264 8000 22012 8038 15152 37160 37606 12970 2073600 2073600 1 0 123530 994560 993600 47515 47538 57849 58130 15 15 0 0 17 4 4 4 
[17608.819435] MESSAGE_B= 0 4 4 47 1 1 192 0 248 179 0 1447 1184 1448 1186 2040 2071 2043 2074 404 295 403 295 518 536 516 534 0 31 255 255 255 255 120 36 118 32 0 0 0 0 0 0 0 0 1 1 6548 486812 375770 220256 439026 356426 125090 310398 200920 369220 417362 18450 27264 8000 22012 8038 15152 37160 37606 12970 2073600 2073600 2 0 124049 990720 993600 47178 47000 58284 58461 15 15 0 0 17 4 4 4 
[17609.108028] MESSAGE_B= 0 4 4 47 1 1 192 0 248 179 0 1444 1183 1444 1185 2035 2063 2039 2066 404 296 402 294 515 534 513 531 0 31 255 255 255 255 121 33 119 28 0 0 0 0 0 0 0 0 1 1 17508 768270 375770 220256 439026 356426 125090 310398 200920 369220 417362 18450 27264 8000 22012 8038 15152 37160 37606 12970 2073600 2073600 1 0 124136 994560 993600 47096 47314 58202 58369 15 15 0 0 9 4 4 4 
[17609.388996] MESSAGE_B= 0 4 4 47 1 1 192 0 248 179 0 1444 1184 1445 1185 2044 2061 2047 2064 407 295 408 293 521 534 521 528 0 31 255 255 255 255 124 32 121 26 0 0 0 0 0 0 0 0 1 1 5398 489556 1047150 1257634 1058930 874340 332332 429660 1059472 618636 1043074 7906 17474 3338 48216 57762 50544 16538 18166 8372 2073600 2073600 2 0 124233 990720 993600 47008 47017 58462 58714 15 15 0 0 10 4 4 4 
[17609.666965] MESSAGE_B= 0 4 4 48 1 1 192 0 248 179 0 1449 1185 1451 1186 2051 2048 2054 2051 414 295 412 297 524 526 522 524 0 31 255 255 255 255 129 28 128 26 0 0 0 0 0 0 0 0 1 1 16172 765172 1047150 1257634 1058930 874340 332332 429660 1059472 618636 1043074 7906 17474 3338 48216 57762 50544 16538 18166 8372 2073600 2073600 1 0 123378 994560 993600 46964 46932 58145 58395 15 15 0 0 10 4 4 4 
[17609.823033] MESSAGE_B= 0 4 4 43 1 0 192 0 248 179 0 2312 1907 2497 1773 1580 1422 1605 1400 878 639 954 620 528 425 533 421 0 1 254 251 255 255 50 57 18 71 0 0 0 0 2 2 2 2 1 0 4522 486600 1047150 1257634 1058930 874340 332332 429660 1059472 618636 1043074 7906 17474 3338 48216 57762 50544 16538 18166 8372 2073600 2073600 2 1 194238 990720 993600 89688 89203 22828 22854 1 1 6 6 33 4 4 4 
[17610.102952] MESSAGE_B= 4 4 4 39 1 0 192 0 248 179 0 2348 1753 2528 1594 1509 1318 1528 1297 867 648 959 634 500 419 505 414 0 1 255 248 255 255 44 39 9 53 0 0 0 0 2 2 2 2 1 0 12564 829910 1047150 1257634 1058930 874340 332332 429660 1059472 618636 1043074 7906 17474 3338 48216 57762 50544 16538 18166 8372 2073600 2073600 5 1 198670 994560 993600 91168 90830 20986 21096 1 1 6 6 33 4 4 4 
[17610.378955] MESSAGE_B= 4 4 4 41 1 1 192 0 248 179 0 2367 1659 2566 1490 1413 1281 1430 1262 839 549 919 524 412 401 414 401 0 1 253 244 255 255 17 33 3 53 0 0 0 0 2 2 2 2 1 1 10488 373084 1047150 1257634 1058930 874340 332332 429660 1059472 618636 1043074 7906 17474 3338 48216 57762 50544 16538 18166 8372 2073600 2073600 5 1 197650 990720 993600 90566 90441 17541 17637 1 1 14 14 31 4 4 4 
[17610.659959] MESSAGE_B= 4 4 4 39 1 1 192 0 248 179 0 2088 1496 2151 1461 2120 2315 2154 2273 614 440 618 434 769 805 780 804 0 31 255 255 255 255 59 1 54 0 0 0 0 0 0 0 0 0 1 1 13954 819326 1047150 1257634 1058930 874340 332332 429660 1059472 618636 1043074 7906 17474 3338 48216 57762 50544 16538 18166 8372 2073600 2073600 5 0 86094 994560 993600 27241 27478 39244 39496 5 5 0 0 58 4 4 4 
[17610.936963] MESSAGE_B= 0 4 4 62 1 1 192 0 248 179 0 2187 1723 2220 1691 2097 2482 2114 2467 581 552 590 555 756 753 769 737 0 31 255 255 255 255 9 15 9 16 0 0 0 0 0 0 0 0 1 1 15964 385706 1047150 1257634 1058930 874340 332332 429660 1059472 618636 1043074 7906 17474 3338 48216 57762 50544 16538 18166 8372 2073600 2073600 1 5 90678 990720 993600 30066 31765 39626 39988 5 5 0 0 63 4 4 4 
[17611.213947] MESSAGE_B= 0 4 4 67 1 0 192 0 248 179 0 2191 1806 2225 1796 1992 2568 2005 2548 576 585 585 585 781 723 795 713 0 31 255 255 255 255 14 30 19 33 0 0 0 0 0 0 0 0 1 0 11878 357866 1047150 1257634 1058930 874340 332332 429660 1059472 618636 1043074 7906 17474 3338 48216 57762 50544 16538 18166 8372 2073600 2073600 2 0 114883 994560 993600 35758 36212 48932 48932 5 5 0 0 63 4 4 4 
[17611.489971] MESSAGE_B= 4 4 4 69 1 0 192 0 248 179 0 2164 1926 2186 1928 1919 2537 1938 2504 551 608 551 608 799 743 814 736 0 31 255 255 255 255 13 22 6 23 0 0 0 0 0 0 0 0 1 0 10548 473208 1047150 1257634 1058930 874340 332332 429660 1059472 618636 1043074 7906 17474 3338 48216 57762 50544 16538 18166 8372 2073600 2073600 5 0 125254 990720 993600 32466 32485 46067 45918 5 5 0 0 56 4 4 4 
[17611.769973] MESSAGE_B= 4 4 4 72 1 1 192 0 248 179 0 2051 2016 2082 2011 1902 2450 1926 2418 510 593 517 591 815 772 827 768 0 31 255 255 255 255 3 7 15 4 0 0 0 0 0 0 0 0 1 1 11952 344372 474020 993752 909908 913962 330588 1086428 801532 813526 626284 15680 4246 13672 18600 16826 20174 31704 27772 14346 2073600 2073600 5 0 136542 994560 993600 29951 29992 44730 44769 5 5 0 0 56 4 4 4 
[17612.046950] MESSAGE_B= 4 4 4 65 1 1 192 0 248 179 0 2029 2063 2050 2067 1891 2448 1898 2435 503 584 512 581 837 769 854 755 0 31 255 255 255 255 39 3 51 0 0 0 0 0 0 0 0 0 1 1 12676 469366 474020 993752 909908 913962 330588 1086428 801532 813526 626284 15680 4246 13672 18600 16826 20174 31704 27772 14346 2073600 2073600 5 0 151256 990720 993600 27954 29790 46542 46970 0 0 0 0 52 4 4 4 
[17612.331191] MESSAGE_B= 4 4 4 67 1 1 192 0 248 179 0 1993 2117 2035 2116 1849 2481 1851 2471 503 574 509 572 848 745 866 730 0 31 255 255 255 255 61 3 63 0 0 0 0 0 0 0 0 0 1 1 8724 259896 474020 993752 909908 913962 330588 1086428 801532 813526 626284 15680 4246 13672 18600 16826 20174 31704 27772 14346 2073600 2073600 5 0 157797 994560 993600 30739 32364 47093 47601 0 0 0 0 39 4 4 4 
