[ 3070.942957] MESSAGE_B= 0 0 0 232 1 4 192 0 248 179 0 2156 1971 2229 2478 3066 2848 2257 2021 395 178 307 533 107 261 165 160 0 20 191 37 183 110 164 39 42 192 0 2 2 2 0 2 2 2 1 4 286014 499580 2 122726 119086 151886 100406 199288 15840 43728 2 2 116634 149722 128874 128790 127808 21818 12660 2 2073600 2073600 3 20 232878 994560 993600 80174 58953 65305 98730 18 18 20 20 200 0 0 0 
[ 3071.224966] MESSAGE_B= 0 0 0 233 1 8 192 0 248 179 0 2219 2072 2322 2492 2669 2539 2491 2471 342 214 246 454 331 190 171 316 0 31 151 10 165 52 173 9 7 92 0 0 0 0 0 0 0 0 1 8 475534 672104 2 122726 119086 151886 100406 199288 15840 43728 2 2 116634 149722 128874 128790 127808 21818 12660 2 2073600 2073600 3 20 227114 990720 993600 82459 56539 61561 94607 18 19 19 20 9 4 0 0 
[ 3071.501955] MESSAGE_B= 0 0 0 232 1 7 192 0 248 179 0 2227 2112 2348 2509 2625 2484 2450 2461 346 231 247 459 351 182 175 310 0 31 120 25 150 37 175 50 4 94 0 0 0 0 0 0 0 0 1 7 286884 515968 2 122726 119086 151886 100406 199288 15840 43728 2 2 116634 149722 128874 128790 127808 21818 12660 2 2073600 2073600 3 20 224733 994560 993600 83059 58077 62927 91683 18 19 19 20 9 4 0 0 
[ 3071.779891] MESSAGE_B= 0 0 0 231 1 4 192 0 248 179 0 2233 2146 2367 2525 2595 2430 2407 2452 342 253 249 454 356 175 183 301 0 31 103 41 153 73 174 112 6 92 0 0 0 0 0 0 0 0 1 4 393538 483896 2 122726 119086 151886 100406 199288 15840 43728 2 2 116634 149722 128874 128790 127808 21818 12660 2 2073600 2073600 3 19 228810 990720 993600 81274 58051 60619 89695 18 19 19 20 10 5 0 0 
[ 3072.056959] MESSAGE_B= 0 0 0 229 1 3 192 0 248 179 0 2244 2180 2382 2541 2591 2366 2360 2444 337 261 251 456 348 189 187 300 0 31 86 50 176 114 173 186 16 101 0 0 0 0 0 0 0 0 1 3 297968 488864 2 122726 119086 151886 100406 199288 15840 43728 2 2 116634 149722 128874 128790 127808 21818 12660 2 2073600 2073600 3 20 229795 994560 993600 78702 57053 55059 88113 18 19 19 20 10 5 0 0 
[ 3072.333950] MESSAGE_B= 0 0 0 226 2 2 192 0 248 179 0 2260 2216 2401 2560 2601 2295 2298 2439 329 282 247 450 343 230 185 295 0 31 64 56 199 157 169 217 50 108 0 0 0 0 0 0 0 0 2 2 325470 264294 2 122726 119086 151886 100406 199288 15840 43728 2 2 116634 149722 128874 128790 127808 21818 12660 2 2073600 2073600 1 20 223401 990720 993600 74527 57368 51715 80254 18 20 18 20 10 5 0 0 
[ 3072.491831] MESSAGE_B= 0 0 0 223 2 3 192 0 248 179 0 2262 2230 2409 2567 2607 2265 2252 2438 328 292 245 447 336 256 185 294 0 31 58 60 208 169 165 225 72 114 0 0 0 0 0 0 0 0 2 3 284530 431232 2 122726 119086 151886 100406 199288 15840 43728 2 2 116634 149722 128874 128790 127808 21818 12660 2 2073600 2073600 3 18 219400 994560 993600 73366 58071 55389 74076 18 20 18 20 10 5 0 0 
[ 3072.768962] MESSAGE_B= 0 0 0 223 2 3 192 0 248 179 0 2270 2260 2428 2587 2630 2246 2180 2438 316 311 249 440 328 270 161 293 0 31 43 64 198 181 152 240 116 124 0 0 0 0 0 0 0 0 2 3 322868 206008 390672 32766 58404 994990 958918 735548 731578 841496 500986 448282 76142 22494 507392 455614 569802 387040 328252 478192 2073600 2073600 3 18 226109 990720 993600 72840 59535 55807 64718 18 20 18 19 10 5 0 0 
[ 3073.048115] MESSAGE_B= 0 0 0 223 2 4 192 0 248 179 0 2270 2276 2445 2603 2659 2239 2136 2429 301 354 254 424 322 273 156 289 0 31 31 71 149 174 132 227 129 133 0 0 0 0 0 0 0 0 2 4 313828 410408 390672 32766 58404 994990 958918 735548 731578 841496 500986 448282 76142 22494 507392 455614 569802 387040 328252 478192 2073600 2073600 3 18 225912 994560 993600 70846 60799 51818 68819 18 20 18 18 10 5 0 0 
[ 3073.326258] MESSAGE_B= 0 0 0 223 2 2 192 0 248 179 0 2282 2298 2466 2618 2701 2242 2137 2424 278 386 261 416 316 272 162 283 0 31 17 96 157 165 113 223 140 140 0 0 0 0 0 0 0 0 2 2 288644 350394 390672 32766 58404 994990 958918 735548 731578 841496 500986 448282 76142 22494 507392 455614 569802 387040 328252 478192 2073600 2073600 1 18 215648 990720 993600 65029 61210 50721 68852 18 20 21 18 10 5 0 0 
[ 3073.606964] MESSAGE_B= 0 0 0 225 3 3 192 0 248 179 0 2296 2315 2481 2625 2744 2249 2151 2431 261 408 271 408 314 271 182 270 0 31 10 122 152 165 93 227 121 140 0 0 0 0 0 0 0 0 3 3 346396 344362 390672 32766 58404 994990 958918 735548 731578 841496 500986 448282 76142 22494 507392 455614 569802 387040 328252 478192 2073600 2073600 1 19 211627 994560 993600 62928 60326 49996 66929 19 20 21 18 10 5 0 0 
[ 3073.885954] MESSAGE_B= 0 0 0 226 3 2 192 0 248 179 0 2312 2330 2490 2632 2798 2261 2165 2446 239 436 288 404 301 272 198 273 0 31 2 158 166 167 58 217 78 136 0 0 0 0 0 0 0 0 3 2 358196 434332 390672 32766 58404 994990 958918 735548 731578 841496 500986 448282 76142 22494 507392 455614 569802 387040 328252 478192 2073600 2073600 2 19 205812 990720 993600 59508 58200 48730 63136 19 20 21 18 11 4 0 0 
[ 3074.168958] MESSAGE_B= 0 0 0 227 3 2 192 0 248 179 0 2337 2356 2491 2639 2859 2284 2189 2475 231 453 328 403 299 267 209 292 0 31 6 183 168 172 27 222 11 139 0 0 0 0 0 0 0 0 3 2 298248 293650 390672 32766 58404 994990 958918 735548 731578 841496 500986 448282 76142 22494 507392 455614 569802 387040 328252 478192 2073600 2073600 2 19 204188 994560 993600 56877 57692 48043 63642 19 20 21 19 12 4 0 0 
[ 3074.454645] MESSAGE_B= 0 0 0 228 2 3 192 0 248 179 0 2359 2379 2498 2643 2922 2308 2220 2513 223 476 366 401 295 270 224 311 0 31 10 205 167 181 21 211 30 142 0 0 0 0 0 0 0 0 2 3 352106 421888 390672 32766 58404 994990 958918 735548 731578 841496 500986 448282 76142 22494 507392 455614 569802 387040 328252 478192 2073600 2073600 3 19 200104 990720 993600 53397 55873 46258 62979 19 20 21 19 12 4 0 0 
[ 3074.731957] MESSAGE_B= 0 0 0 229 3 3 192 0 248 179 0 2386 2399 2512 2648 2993 2342 2260 2572 234 499 391 407 289 280 240 333 0 31 22 220 176 177 77 189 52 143 0 0 0 0 0 0 0 0 3 3 306798 343594 390672 32766 58404 994990 958918 735548 731578 841496 500986 448282 76142 22494 507392 455614 569802 387040 328252 478192 2073600 2073600 1 19 192034 994560 993600 50042 52037 43002 61028 20 20 21 19 12 4 0 0 
[ 3074.891031] MESSAGE_B= 0 0 0 230 3 3 192 0 248 179 0 2396 2405 2512 2641 3024 2360 2284 2604 244 512 404 414 300 278 254 347 0 31 38 226 153 181 95 186 60 143 0 0 0 0 0 0 0 0 3 3 342870 383276 390672 32766 58404 994990 958918 735548 731578 841496 500986 448282 76142 22494 507392 455614 569802 387040 328252 478192 2073600 2073600 1 19 186105 990720 993600 47765 50488 41277 58695 20 19 21 19 13 4 0 0 
[ 3075.169959] MESSAGE_B= 0 0 0 231 2 2 192 0 248 179 0 2424 2425 2520 2637 3096 2408 2341 2688 277 529 425 421 299 283 278 377 0 31 65 228 155 175 146 175 93 139 0 0 0 0 0 0 0 0 2 2 251922 363748 297804 545906 63270 317270 278804 434996 797106 954846 370206 276528 58886 61362 297748 267922 290630 304010 200088 306156 2073600 2073600 1 20 178780 994560 993600 42847 49348 42056 52173 20 19 23 19 13 4 0 0 
[ 3075.456321] MESSAGE_B= 0 0 0 232 2 2 192 0 248 179 0 2449 2434 2525 2627 3163 2462 2401 2782 329 550 447 425 300 288 300 404 0 31 96 223 166 169 158 154 118 132 0 0 0 0 0 0 0 0 2 2 297648 318840 297804 545906 63270 317270 278804 434996 797106 954846 370206 276528 58886 61362 297748 267922 290630 304010 200088 306156 2073600 2073600 1 20 172620 990720 993600 38211 48770 47170 47890 20 19 23 20 14 4 0 0 
[ 3075.734953] MESSAGE_B= 0 0 0 233 2 2 192 0 248 179 0 2476 2449 2532 2627 3242 2533 2481 2893 378 569 462 415 284 293 336 427 0 31 118 205 169 153 180 130 139 123 0 0 0 0 0 0 0 0 2 2 206318 388370 297804 545906 63270 317270 278804 434996 797106 954846 370206 276528 58886 61362 297748 267922 290630 304010 200088 306156 2073600 2073600 1 20 164575 994560 993600 36090 49182 47512 43533 18 20 23 20 14 4 0 0 
[ 3076.013955] MESSAGE_B= 0 0 0 233 2 2 192 0 248 179 0 2490 2453 2527 2607 3315 2612 2571 3003 433 587 476 401 274 306 368 439 0 31 133 183 168 145 168 95 158 110 0 0 0 0 0 0 0 0 2 2 202830 250022 297804 545906 63270 317270 278804 434996 797106 954846 370206 276528 58886 61362 297748 267922 290630 304010 200088 306156 2073600 2073600 1 21 151138 990720 993600 36240 49722 45029 39854 18 20 23 23 14 4 0 0 
[ 3076.292968] MESSAGE_B= 0 0 0 233 2 2 192 0 248 179 0 2498 2458 2540 2591 3393 2708 2676 3116 479 603 491 384 249 305 410 441 0 31 140 160 168 138 165 53 176 100 0 0 0 0 0 0 0 0 2 2 245242 470576 297804 545906 63270 317270 278804 434996 797106 954846 370206 276528 58886 61362 297748 267922 290630 304010 200088 306156 2073600 2073600 1 21 148715 994560 993600 37404 50916 47381 43965 18 20 24 23 14 4 0 0 
[ 3076.574968] MESSAGE_B= 0 0 0 234 2 2 192 0 248 179 0 2496 2462 2542 2572 3467 2806 2781 3212 526 611 501 355 228 328 442 439 0 31 142 138 169 98 134 7 187 95 0 0 0 0 0 0 0 0 2 2 174664 276040 297804 545906 63270 317270 278804 434996 797106 954846 370206 276528 58886 61362 297748 267922 290630 304010 200088 306156 2073600 2073600 1 21 140534 990720 993600 38023 51892 55139 45617 18 20 24 24 15 4 0 0 
[ 3076.852965] MESSAGE_B= 0 0 0 235 2 2 192 0 248 179 0 2483 2456 2535 2540 3540 2916 2890 3300 567 613 495 329 182 346 464 423 0 31 140 111 189 73 110 71 187 97 0 0 0 0 0 0 0 0 2 2 294350 548188 297804 545906 63270 317270 278804 434996 797106 954846 370206 276528 58886 61362 297748 267922 290630 304010 200088 306156 2073600 2073600 1 24 146894 994560 993600 37734 52384 65969 55500 18 20 24 24 15 4 0 0 
[ 3077.012958] MESSAGE_B= 0 0 0 235 2 2 192 0 248 179 0 2475 2451 2533 2523 3577 2983 2953 3341 585 612 491 313 172 353 477 417 0 31 140 94 170 56 85 107 182 100 0 0 0 0 0 0 0 0 2 2 189470 356954 297804 545906 63270 317270 278804 434996 797106 954846 370206 276528 58886 61362 297748 267922 290630 304010 200088 306156 2073600 2073600 1 24 159696 990720 993600 37407 52899 72477 61357 18 20 24 24 14 5 0 0 
[ 3077.289958] MESSAGE_B= 0 0 0 236 2 2 192 0 248 179 0 2345 2378 2460 2481 3149 3093 3100 2929 495 530 433 261 87 156 125 297 0 24 89 68 128 113 83 120 34 221 0 0 2 2 2 0 2 2 2 2 332142 633754 297804 545906 63270 317270 278804 434996 797106 954846 370206 276528 58886 61362 297748 267922 290630 304010 200088 306156 2073600 2073600 1 24 175290 994560 993600 37083 54795 81037 68665 18 20 24 24 14 0 0 0 
[ 3077.566965] MESSAGE_B= 0 0 0 236 1 2 192 0 248 179 0 2293 2370 2441 2465 3249 3221 3172 2880 477 517 403 257 85 80 100 278 0 24 65 35 45 21 124 123 40 137 0 0 2 2 2 0 2 2 1 2 287282 499916 1184424 499184 209448 398650 498538 547274 582570 229618 1038270 601280 308892 43342 343262 352136 328756 272240 106316 547894 2073600 2073600 3 24 188121 990720 993600 37063 57469 89141 74714 17 20 24 24 14 0 0 0 
[ 3077.843957] MESSAGE_B= 0 0 0 236 2 3 192 0 248 179 0 2263 2352 2432 2439 0 3306 0 2808 469 512 384 254 0 76 0 261 0 24 59 0 0 33 96 88 60 61 0 0 1 2 2 0 2 2 2 3 378498 698192 1184424 499184 209448 398650 498538 547274 582570 229618 1038270 601280 308892 43342 343262 352136 328756 272240 106316 547894 2073600 2073600 3 24 198883 994560 993600 38755 57298 96524 80266 17 20 24 24 14 0 0 0 
[ 3078.121952] MESSAGE_B= 0 0 0 236 2 2 192 0 248 179 0 2265 2334 2437 2416 0 3371 0 2737 478 500 375 263 0 89 0 266 0 24 79 33 0 55 149 19 53 141 0 0 1 2 2 2 2 2 2 2 400504 654680 1184424 499184 209448 398650 498538 547274 582570 229618 1038270 601280 308892 43342 343262 352136 328756 272240 106316 547894 2073600 2073600 1 24 207985 990720 993600 40844 55975 103297 84800 17 20 24 24 13 4 0 0 
[ 3078.398952] MESSAGE_B= 0 0 0 237 1 2 192 0 248 179 0 2286 2323 2453 2402 0 3467 0 2705 492 491 365 280 0 129 0 289 0 24 105 62 0 101 153 56 40 216 0 0 1 2 2 2 2 2 1 2 400490 733002 1184424 499184 209448 398650 498538 547274 582570 229618 1038270 601280 308892 43342 343262 352136 328756 272240 106316 547894 2073600 2073600 3 24 212617 994560 993600 43459 54648 107552 87848 17 20 24 24 12 4 0 0 
[ 3078.677964] MESSAGE_B= 0 0 0 237 2 2 192 0 248 179 0 2310 2306 2474 2389 0 3555 0 2638 509 477 373 295 0 112 0 327 0 24 134 89 0 16 103 105 3 232 0 0 1 2 2 2 2 2 2 2 460760 787772 1184424 499184 209448 398650 498538 547274 582570 229618 1038270 601280 308892 43342 343262 352136 328756 272240 106316 547894 2073600 2073600 1 24 211821 990720 993600 45302 54062 108917 88951 17 20 24 24 12 4 0 0 
[ 3078.958956] MESSAGE_B= 0 0 0 237 2 2 192 0 248 179 0 2261 2284 2451 2389 0 3657 0 2395 450 446 335 313 0 54 0 207 0 24 120 93 0 54 0 175 69 214 0 0 1 2 1 2 2 2 2 2 373646 749246 1184424 499184 209448 398650 498538 547274 582570 229618 1038270 601280 308892 43342 343262 352136 328756 272240 106316 547894 2073600 2073600 1 24 202956 994560 993600 47161 54426 103616 95836 17 20 24 23 12 4 0 0 
[ 3079.114956] MESSAGE_B= 0 0 0 236 2 2 192 0 248 179 0 2259 2285 2449 2386 0 3662 0 2397 448 433 332 319 0 86 0 255 0 24 125 95 0 73 0 186 119 216 0 0 1 2 1 2 2 2 2 2 586642 865644 1184424 499184 209448 398650 498538 547274 582570 229618 1038270 601280 308892 43342 343262 352136 328756 272240 106316 547894 2073600 2073600 1 24 198366 990720 993600 47471 54685 101262 96218 17 20 24 23 11 4 0 0 
[ 3079.400073] MESSAGE_B= 0 0 0 234 2 2 192 0 248 179 0 2268 2280 2458 2399 0 3657 0 2375 447 415 333 327 0 210 0 291 0 24 136 103 0 53 0 180 174 210 0 0 1 2 1 2 2 2 2 2 362068 770618 1184424 499184 209448 398650 498538 547274 582570 229618 1038270 601280 308892 43342 343262 352136 328756 272240 106316 547894 2073600 2073600 1 23 190661 994560 993600 49079 54636 88895 96477 17 20 24 23 11 4 0 0 
[ 3079.677957] MESSAGE_B= 0 0 0 233 3 2 192 0 248 179 0 2262 2270 2450 2408 3664 3665 3032 2353 452 409 323 330 90 145 200 345 0 23 147 107 41 94 146 3 178 216 0 0 2 2 2 2 2 2 3 2 618626 914320 1184424 499184 209448 398650 498538 547274 582570 229618 1038270 601280 308892 43342 343262 352136 328756 272240 106316 547894 2073600 2073600 2 23 192055 990720 993600 50259 54845 87164 95328 17 20 23 23 11 0 0 0 
[ 3079.955977] MESSAGE_B= 0 0 0 232 3 2 192 0 248 179 0 2259 2264 2441 2416 3597 3592 3031 2386 460 370 306 326 175 198 156 405 0 23 155 106 14 172 88 52 145 216 0 0 2 2 2 2 2 2 3 2 339514 773714 1628876 323752 417264 1453288 1495644 1541616 1135964 571318 1679686 860842 135820 103188 765052 815596 887768 256382 79442 892704 2073600 2073600 2 23 188493 994560 993600 50766 55385 85991 92890 17 20 23 23 11 0 0 0 
[ 3080.239953] MESSAGE_B= 0 0 0 231 3 1 192 0 248 179 0 2233 2230 2409 2364 3573 3634 2953 2134 445 338 273 277 231 118 161 240 0 23 138 98 25 21 165 58 100 203 0 0 0 0 2 2 2 2 3 1 603290 907642 1628876 323752 417264 1453288 1495644 1541616 1135964 571318 1679686 860842 135820 103188 765052 815596 887768 256382 79442 892704 2073600 2073600 2 22 195005 990720 993600 50888 56379 85010 92793 17 20 23 22 11 4 0 0 
[ 3080.518962] MESSAGE_B= 0 0 0 230 4 2 192 0 248 179 0 2237 2221 2395 2375 3439 3568 2970 2159 477 344 255 280 110 131 128 293 0 22 124 105 56 81 115 31 18 202 0 0 0 0 2 2 2 2 4 2 311592 750376 1628876 323752 417264 1453288 1495644 1541616 1135964 571318 1679686 860842 135820 103188 765052 815596 887768 256382 79442 892704 2073600 2073600 2 22 201796 994560 993600 51460 56169 82489 92676 17 20 22 22 11 4 0 0 
[ 3080.797955] MESSAGE_B= 0 0 0 228 3 2 192 0 248 179 0 2259 2236 2393 2410 3359 3482 2888 2141 513 352 238 329 207 197 159 289 0 22 108 127 86 121 15 93 48 146 0 0 2 2 2 2 2 2 3 2 580086 856876 1628876 323752 417264 1453288 1495644 1541616 1135964 571318 1679686 860842 135820 103188 765052 815596 887768 256382 79442 892704 2073600 2073600 2 22 200447 990720 993600 50980 54559 84026 89161 17 20 22 22 12 0 0 0 
[ 3080.958825] MESSAGE_B= 0 0 0 227 3 1 192 0 248 179 0 2271 2262 2404 2442 3312 3331 2843 2213 541 375 252 383 247 296 156 330 0 22 124 147 66 204 16 121 80 123 0 0 2 0 2 2 2 2 3 1 315164 722350 1628876 323752 417264 1453288 1495644 1541616 1135964 571318 1679686 860842 135820 103188 765052 815596 887768 256382 79442 892704 2073600 2073600 2 22 199217 994560 993600 50252 52731 84835 86270 17 20 22 22 14 4 0 0 
[ 3081.244993] MESSAGE_B= 0 0 0 224 2 1 192 0 248 179 0 2302 2365 2449 2496 3253 3174 2744 2249 590 328 338 475 287 289 174 334 0 22 151 131 63 202 57 115 97 88 0 0 2 0 2 2 2 2 2 1 576574 767618 1628876 323752 417264 1453288 1495644 1541616 1135964 571318 1679686 860842 135820 103188 765052 815596 887768 256382 79442 892704 2073600 2073600 2 21 200801 990720 993600 49990 49220 83954 79327 18 20 22 22 18 4 0 0 
[ 3081.522964] MESSAGE_B= 0 0 0 220 2 1 192 0 248 179 0 2299 2563 2481 2465 3113 3258 2593 2088 664 475 476 586 403 279 214 210 0 22 168 6 0 24 230 2 29 35 0 2 2 0 2 2 2 2 2 1 344552 621042 1628876 323752 417264 1453288 1495644 1541616 1135964 571318 1679686 860842 135820 103188 765052 815596 887768 256382 79442 892704 2073600 2073600 2 21 203246 994560 993600 49748 46097 76411 83089 18 20 22 21 22 0 0 0 
[ 3081.808708] MESSAGE_B= 0 0 0 216 3 2 192 0 248 179 0 2399 2706 2625 2640 2517 3163 2533 2137 715 558 575 649 334 362 118 216 0 22 183 35 175 37 219 104 19 49 0 2 2 0 2 2 2 2 3 2 539412 704408 1628876 323752 417264 1453288 1495644 1541616 1135964 571318 1679686 860842 135820 103188 765052 815596 887768 256382 79442 892704 2073600 2073600 2 21 189194 990720 993600 46372 41514 66798 77377 18 20 22 21 31 0 0 0 
[ 3082.087955] MESSAGE_B= 0 0 0 211 3 2 192 0 248 179 0 2549 2778 2819 2850 2878 2916 2724 2472 700 581 562 565 307 256 169 366 0 31 191 45 50 158 161 168 99 50 0 0 0 0 0 0 0 0 3 2 392406 437182 1628876 323752 417264 1453288 1495644 1541616 1135964 571318 1679686 860842 135820 103188 765052 815596 887768 256382 79442 892704 2073600 2073600 2 21 173035 994560 993600 43452 36579 61177 71629 18 20 22 21 38 5 0 0 
[ 3082.366955] MESSAGE_B= 0 0 0 208 3 1 192 0 248 179 0 2706 2907 2932 2896 2802 2892 2674 2476 700 614 561 561 382 248 152 371 0 31 180 55 24 173 173 189 48 81 0 0 0 0 0 0 0 0 3 1 462154 666394 828966 436722 557108 1515914 1457010 1276714 1127306 585876 945714 432624 90000 137332 718568 643996 546482 256312 258468 455534 2073600 2073600 2 21 151850 990720 993600 39567 32031 57414 63652 18 20 22 21 46 5 0 0 
[ 3082.525971] MESSAGE_B= 0 0 0 203 3 2 192 0 248 179 0 2800 2979 2967 2904 2758 2867 2667 2490 694 622 554 557 415 227 150 391 0 31 189 61 60 201 181 192 4 89 0 0 0 0 0 0 0 0 3 2 393500 432374 828966 436722 557108 1515914 1457010 1276714 1127306 585876 945714 432624 90000 137332 718568 643996 546482 256312 258468 455534 2073600 2073600 2 20 140750 994560 993600 34864 34755 54863 67326 18 23 22 20 49 4 0 0 
[ 3082.804800] MESSAGE_B= 0 0 0 200 4 2 192 0 248 179 0 2931 3088 3023 2936 2711 2820 2684 2534 683 609 545 551 418 207 214 447 0 31 194 68 153 189 184 167 76 105 0 0 0 0 0 0 0 0 4 2 377472 502144 828966 436722 557108 1515914 1457010 1276714 1127306 585876 945714 432624 90000 137332 718568 643996 546482 256312 258468 455534 2073600 2073600 2 20 120761 990720 993600 39583 43017 51101 55001 25 23 22 20 55 4 0 0 
[ 3083.083953] MESSAGE_B= 0 0 0 195 3 2 192 0 248 179 0 3031 3166 3101 3055 2713 2771 2698 2524 688 592 547 481 377 214 242 486 0 31 187 107 164 177 178 127 106 147 0 0 0 0 0 0 0 0 3 2 385354 719488 828966 436722 557108 1515914 1457010 1276714 1127306 585876 945714 432624 90000 137332 718568 643996 546482 256312 258468 455534 2073600 2073600 2 22 119437 994560 993600 48227 50658 47043 40903 24 23 22 20 61 4 0 0 
[ 3083.371960] MESSAGE_B= 0 0 0 188 4 1 192 0 248 179 0 3227 3284 3257 3158 2588 2705 2655 2570 570 508 396 382 347 241 302 510 0 31 149 184 51 112 149 82 120 161 0 0 0 0 0 0 0 0 4 1 339310 332872 828966 436722 557108 1515914 1457010 1276714 1127306 585876 945714 432624 90000 137332 718568 643996 546482 256312 258468 455534 2073600 2073600 2 23 139185 990720 993600 59436 66595 36017 41727 24 23 19 18 68 5 0 0 
[ 3083.652974] MESSAGE_B= 0 0 0 180 2 2 192 0 248 179 0 3681 3116 3108 3031 2417 2624 2729 2747 308 628 434 583 290 209 254 475 0 24 88 230 85 51 161 21 110 171 2 0 0 0 2 2 2 2 2 2 452560 774664 828966 436722 557108 1515914 1457010 1276714 1127306 585876 945714 432624 90000 137332 718568 643996 546482 256312 258468 455534 2073600 2073600 1 23 175938 994560 993600 79225 81410 46632 38652 24 23 19 20 69 4 0 0 
[ 3083.932958] MESSAGE_B= 0 0 0 157 2 3 192 0 248 179 0 0 3761 0 3292 2593 2678 2820 2881 0 215 0 610 533 188 252 444 0 24 0 63 164 73 123 0 181 8 1 2 0 0 2 2 2 2 2 3 325756 619744 828966 436722 557108 1515914 1457010 1276714 1127306 585876 945714 432624 90000 137332 718568 643996 546482 256312 258468 455534 2073600 2073600 3 23 205150 990720 993600 111309 83790 39951 40009 24 24 18 20 69 4 0 0 
[ 3084.209958] MESSAGE_B= 0 0 0 129 2 3 192 0 248 179 0 3119 3604 3318 3450 2684 2873 2823 2870 95 200 79 293 615 318 238 390 0 24 134 103 79 33 10 190 151 96 2 2 0 0 2 2 2 2 2 3 257000 865540 828966 436722 557108 1515914 1457010 1276714 1127306 585876 945714 432624 90000 137332 718568 643996 546482 256312 258468 455534 2073600 2073600 3 24 231224 994560 993600 116461 96082 28960 36675 24 24 25 20 63 0 0 0 
[ 3084.368303] MESSAGE_B= 0 0 0 121 2 2 192 0 248 179 0 3137 3608 3328 3475 2721 2931 2819 2884 72 195 0 288 639 339 213 385 0 24 0 114 27 31 216 224 143 106 2 2 0 0 2 2 2 2 2 2 409360 847852 828966 436722 557108 1515914 1457010 1276714 1127306 585876 945714 432624 90000 137332 718568 643996 546482 256312 258468 455534 2073600 2073600 1 24 238255 990720 993600 117089 98454 33880 36698 24 24 25 2 59 0 0 0 
[ 3084.645958] MESSAGE_B= 0 0 0 111 2 2 192 0 248 179 0 0 3643 0 3454 2754 2927 2782 2904 0 142 0 351 574 380 169 370 0 24 0 71 80 0 0 116 121 138 1 2 2 0 1 2 2 2 2 2 376608 936050 1484260 239694 532592 751002 793564 1096446 1407398 1241386 1637076 579170 176322 214674 499270 456060 424092 350954 350404 521404 2073600 2073600 1 24 244444 994560 993600 114571 98508 32814 37624 24 24 25 2 44 0 0 0 
[ 3084.924951] MESSAGE_B= 0 0 0 106 2 1 192 0 248 179 0 3595 3581 3691 3409 2649 3000 2823 2922 77 109 78 381 385 319 158 373 0 24 255 111 116 16 103 88 134 136 2 2 2 0 2 2 2 2 2 1 438366 824008 1484260 239694 532592 751002 793564 1096446 1407398 1241386 1637076 579170 176322 214674 499270 456060 424092 350954 350404 521404 2073600 2073600 2 24 243306 990720 993600 109955 93473 37640 40284 24 24 24 2 49 0 0 0 
[ 3085.202964] MESSAGE_B= 0 0 0 102 4 1 192 0 248 179 0 3154 3291 3592 3424 3160 2940 2812 2928 319 138 46 359 386 413 140 365 0 24 42 94 19 54 153 20 108 131 2 2 2 0 2 2 2 2 4 1 431230 848364 1484260 239694 532592 751002 793564 1096446 1407398 1241386 1637076 579170 176322 214674 499270 456060 424092 350954 350404 521404 2073600 2073600 2 24 245996 994560 993600 104094 92348 47175 40570 24 24 24 2 61 0 0 0 
[ 3085.480954] MESSAGE_B= 0 0 0 105 3 2 192 0 248 179 0 3263 3149 3508 3480 3199 2915 2969 2869 208 200 141 305 417 369 224 330 0 24 2 23 47 44 22 60 198 40 0 2 2 0 2 2 2 2 3 2 516030 710636 1484260 239694 532592 751002 793564 1096446 1407398 1241386 1637076 579170 176322 214674 499270 456060 424092 350954 350404 521404 2073600 2073600 2 24 250920 990720 993600 99644 93879 51245 39070 24 24 24 2 80 0 0 0 
[ 3085.760617] MESSAGE_B= 0 0 0 93 3 2 192 0 248 179 0 3158 3173 3255 3556 3293 2750 2932 2853 155 473 185 279 137 288 261 230 0 24 58 200 86 72 51 42 216 20 2 2 0 2 2 2 2 2 3 2 577258 693110 1484260 239694 532592 751002 793564 1096446 1407398 1241386 1637076 579170 176322 214674 499270 456060 424092 350954 350404 521404 2073600 2073600 2 24 246842 994560 993600 103534 93741 45121 42122 24 24 24 2 90 0 0 0 
[ 3086.038977] MESSAGE_B= 0 0 0 102 4 1 192 0 248 179 0 3058 3273 3021 3627 2761 2809 3078 2833 197 149 113 243 547 366 210 165 0 24 101 125 141 172 36 113 92 143 2 2 2 0 2 2 2 2 4 1 431156 575602 1484260 239694 532592 751002 793564 1096446 1407398 1241386 1637076 579170 176322 214674 499270 456060 424092 350954 350404 521404 2073600 2073600 2 24 283757 990720 993600 117250 94389 66007 42515 24 24 24 20 90 0 0 0 
[ 3086.317954] MESSAGE_B= 0 0 0 105 3 1 192 0 248 179 0 3667 2978 3352 3565 3271 2545 3056 2969 64 217 89 339 273 324 205 133 0 24 23 177 61 62 174 187 174 24 2 2 0 0 2 2 2 2 3 1 482504 641984 1484260 239694 532592 751002 793564 1096446 1407398 1241386 1637076 579170 176322 214674 499270 456060 424092 350954 350404 521404 2073600 2073600 2 24 267158 994560 993600 106160 101452 49632 61368 24 24 24 21 77 0 0 0 
[ 3086.596956] MESSAGE_B= 0 0 0 117 2 1 192 0 248 179 0 3002 2973 3240 3574 2587 2459 3035 3119 136 323 65 348 313 160 255 154 0 24 39 178 148 36 28 74 119 68 2 2 2 0 2 0 2 2 2 1 604154 572606 1484260 239694 532592 751002 793564 1096446 1407398 1241386 1637076 579170 176322 214674 499270 456060 424092 350954 350404 521404 2073600 2073600 2 24 303006 990720 993600 107655 104264 65697 64357 24 24 24 22 77 0 0 0 
[ 3086.754000] MESSAGE_B= 0 0 0 143 3 1 192 0 248 179 0 2490 3031 3211 3597 2454 2298 3160 3179 400 219 146 363 245 190 246 185 0 24 130 160 173 30 28 111 103 61 2 2 0 0 2 0 2 2 3 1 347262 534864 1484260 239694 532592 751002 793564 1096446 1407398 1241386 1637076 579170 176322 214674 499270 456060 424092 350954 350404 521404 2073600 2073600 2 24 293990 994560 993600 97233 105674 60628 53976 24 24 3 23 77 0 0 0 
[ 3087.041954] MESSAGE_B= 0 0 0 156 4 0 192 0 248 179 0 2731 3061 3518 3901 2430 2247 3172 3301 67 189 129 66 158 188 249 214 0 24 223 30 124 119 173 142 187 8 2 2 0 2 0 2 2 2 4 0 676642 640010 968144 655872 1298932 1128688 1050242 1125184 1114734 1160450 1024358 941196 100132 378470 611176 789474 836332 644986 1076416 893018 2073600 2073600 2 24 312224 990720 993600 84499 112530 68399 60376 24 24 3 24 81 0 0 0 
[ 3087.326967] MESSAGE_B= 0 0 0 177 2 1 192 0 248 179 0 3078 3171 3536 3634 2029 2540 3308 2672 132 330 96 383 190 167 361 687 0 24 16 188 141 20 25 152 104 195 2 2 0 2 2 2 2 2 2 1 507498 527922 968144 655872 1298932 1128688 1050242 1125184 1114734 1160450 1024358 941196 100132 378470 611176 789474 836332 644986 1076416 893018 2073600 2073600 2 24 312065 994560 993600 81388 111043 64819 69372 24 24 3 24 82 0 0 0 
[ 3087.607121] MESSAGE_B= 0 0 0 78 1 2 192 0 248 179 0 3359 3393 3499 3454 3069 3168 3418 3233 225 136 88 323 312 184 320 115 0 3 20 110 74 223 15 7 80 93 2 2 2 2 2 2 2 2 1 2 598676 606810 968144 655872 1298932 1128688 1050242 1125184 1114734 1160450 1024358 941196 100132 378470 611176 789474 836332 644986 1076416 893018 2073600 2073600 3 3 199594 990720 993600 80103 67261 82700 81545 3 24 3 25 87 0 0 0 
[ 3087.780001] MESSAGE_B= 0 0 0 70 2 3 192 0 248 179 0 3028 3341 3610 3518 3227 3354 3574 3622 223 108 57 169 264 286 160 186 0 3 32 141 49 182 61 110 234 126 2 2 2 2 2 2 2 2 2 3 467830 612464 968144 655872 1298932 1128688 1050242 1125184 1114734 1160450 1024358 941196 100132 378470 611176 789474 836332 644986 1076416 893018 2073600 2073600 3 3 303264 994560 993600 113420 90290 92551 84043 3 3 3 25 87 0 0 0 
[ 3088.066300] MESSAGE_B= 0 0 0 75 1 2 192 0 248 179 0 3201 3614 3689 3438 3010 3392 3525 3660 117 81 84 74 180 148 153 195 0 3 173 197 44 86 229 127 198 43 0 2 2 0 2 2 2 2 1 2 653012 411906 968144 655872 1298932 1128688 1050242 1125184 1114734 1160450 1024358 941196 100132 378470 611176 789474 836332 644986 1076416 893018 2073600 2073600 3 3 285663 990720 993600 124347 82866 74448 87914 3 3 3 25 76 0 0 0 
[ 3088.347949] MESSAGE_B= 0 0 0 87 1 3 192 0 248 179 0 3131 3027 3619 3223 2511 3036 3530 3650 237 108 98 251 176 299 280 147 0 3 10 84 231 106 109 49 215 43 2 2 0 0 2 2 2 0 1 3 536278 515060 968144 655872 1298932 1128688 1050242 1125184 1114734 1160450 1024358 941196 100132 378470 611176 789474 836332 644986 1076416 893018 2073600 2073600 3 3 169716 994560 993600 94077 64327 82996 79943 3 3 2 25 65 0 0 0 
[ 3088.625969] MESSAGE_B= 0 0 0 108 1 3 192 0 248 179 0 2971 3157 3326 3181 2995 3348 3383 3605 265 74 183 255 245 203 300 266 0 31 35 122 75 8 229 48 211 28 0 0 0 0 0 0 0 0 1 3 642490 650092 968144 655872 1298932 1128688 1050242 1125184 1114734 1160450 1024358 941196 100132 378470 611176 789474 836332 644986 1076416 893018 2073600 2073600 3 3 145009 990720 993600 99345 48408 65698 88504 3 2 2 24 65 5 0 0 
[ 3088.905540] MESSAGE_B= 0 0 0 83 1 6 192 0 248 179 0 3145 3136 3160 3321 3220 3252 3240 3362 71 56 77 318 55 90 17 258 0 2 255 1 255 154 255 255 150 109 2 2 2 2 2 2 2 2 1 6 649794 711396 968144 655872 1298932 1128688 1050242 1125184 1114734 1160450 1024358 941196 100132 378470 611176 789474 836332 644986 1076416 893018 2073600 2073600 3 2 328478 994560 993600 111687 103624 102126 59177 2 2 2 24 53 0 0 0 
[ 3089.184959] MESSAGE_B= 0 0 0 8 1 5 192 0 248 179 0 2282 0 2818 0 2510 2671 2742 2718 30 0 72 0 298 177 67 59 0 2 255 0 32 63 207 0 0 92 0 1 0 0 2 1 2 2 1 5 773872 575294 968144 655872 1298932 1128688 1050242 1125184 1114734 1160450 1024358 941196 100132 378470 611176 789474 836332 644986 1076416 893018 2073600 2073600 3 2 463329 990720 993600 128104 124977 124293 85955 2 2 2 2 53 4 0 0 
[ 3089.463018] MESSAGE_B= 0 0 0 0 0 8 192 0 248 179 0 3260 3260 3143 3096 2893 0 2912 0 77 72 147 148 185 0 43 0 0 2 171 156 48 0 56 128 211 0 0 2 2 1 2 2 2 1 0 8 491276 918408 1637088 547096 714744 1010526 931990 1329060 1106284 1266170 1167094 757146 622446 946252 864594 1040556 1161482 841798 1053702 409730 2073600 2073600 3 2 508197 994560 993600 128104 124911 127079 128103 2 2 2 2 27 0 0 0 
[ 3089.739967] MESSAGE_B= 0 4 0 0 0 5 192 0 248 179 0 3269 3263 3126 3069 2630 2673 2721 2700 146 137 251 248 70 67 87 79 0 2 245 252 236 192 169 72 214 255 0 0 2 0 2 2 2 2 0 5 500544 909648 1637088 547096 714744 1010526 931990 1329060 1106284 1266170 1167094 757146 622446 946252 864594 1040556 1161482 841798 1053702 409730 2073600 2073600 3 2 502677 990720 993600 125647 122296 126631 128103 2 2 2 2 20 4 4 4 
[ 3089.896964] MESSAGE_B= 0 0 0 0 1 3 192 0 248 179 0 3192 3155 3081 2999 2078 2466 2468 2559 256 286 327 343 298 75 140 108 0 2 254 252 234 149 183 171 225 69 0 0 2 2 2 2 2 2 1 3 330556 978686 1637088 547096 714744 1010526 931990 1329060 1106284 1266170 1167094 757146 622446 946252 864594 1040556 1161482 841798 1053702 409730 2073600 2073600 3 2 477337 994560 993600 111108 111416 126735 128078 2 2 2 2 19 0 0 0 
[ 3090.175966] MESSAGE_B= 0 0 0 0 1 2 192 0 248 179 0 3182 3178 3138 3107 2488 2373 2484 2323 301 306 331 305 172 114 120 76 0 2 254 253 99 175 119 101 146 34 0 0 2 2 2 2 2 2 1 2 365202 989066 1637088 547096 714744 1010526 931990 1329060 1106284 1266170 1167094 757146 622446 946252 864594 1040556 1161482 841798 1053702 409730 2073600 2073600 3 2 433740 990720 993600 111177 99321 104737 118505 2 2 2 2 20 0 0 0 
[ 3090.454968] MESSAGE_B= 0 0 0 0 1 2 192 0 248 179 0 3126 3278 2740 3229 2235 2224 2189 2156 375 331 708 270 159 110 126 108 0 1 229 245 228 197 230 227 215 196 2 2 0 0 2 2 2 2 1 2 148102 990762 1637088 547096 714744 1010526 931990 1329060 1106284 1266170 1167094 757146 622446 946252 864594 1040556 1161482 841798 1053702 409730 2073600 2073600 3 1 228513 994560 993600 90526 71213 61553 83298 1 1 2 2 24 0 0 0 
[ 3090.732953] MESSAGE_B= 0 0 0 0 1 2 192 0 248 179 0 3670 3589 3460 3396 2280 2223 2246 2199 130 103 66 94 181 97 87 76 0 2 246 174 205 157 195 182 4 123 2 0 2 2 2 2 2 2 1 2 198952 957748 1637088 547096 714744 1010526 931990 1329060 1106284 1266170 1167094 757146 622446 946252 864594 1040556 1161482 841798 1053702 409730 2073600 2073600 3 2 291320 990720 993600 60817 54799 101057 84224 1 23 2 2 27 0 0 0 
[ 3091.013134] MESSAGE_B= 0 0 0 0 1 1 192 0 248 179 0 3941 3644 3390 3210 2470 2349 2287 2102 214 420 422 554 134 97 108 277 0 2 197 231 127 114 248 63 2 135 2 0 2 2 2 2 2 2 1 1 567122 989658 1637088 547096 714744 1010526 931990 1329060 1106284 1266170 1167094 757146 622446 946252 864594 1040556 1161482 841798 1053702 409730 2073600 2073600 1 2 323281 994560 993600 65745 53963 115329 108075 1 24 2 2 41 0 0 0 
[ 3091.291979] MESSAGE_B= 0 0 0 9 1 1 192 0 248 179 0 3972 3387 3423 2568 2159 2291 2215 1868 194 675 273 879 49 148 98 306 0 2 229 246 17 163 217 201 72 185 0 0 2 2 2 2 2 2 1 1 224152 945034 1637088 547096 714744 1010526 931990 1329060 1106284 1266170 1167094 757146 622446 946252 864594 1040556 1161482 841798 1053702 409730 2073600 2073600 1 2 288895 990720 993600 45687 51515 112596 80316 2 24 2 2 61 0 0 0 
[ 3091.572659] MESSAGE_B= 0 0 0 20 2 2 192 0 248 179 0 3683 3032 3281 1993 2408 2338 2064 1627 299 714 358 661 272 209 181 336 0 31 224 241 140 87 230 210 1 82 0 0 0 0 0 0 0 0 2 2 696114 978358 1637088 547096 714744 1010526 931990 1329060 1106284 1266170 1167094 757146 622446 946252 864594 1040556 1161482 841798 1053702 409730 2073600 2073600 1 1 161295 994560 993600 46858 42411 72888 65753 1 24 1 3 84 4 0 0 
[ 3091.859127] MESSAGE_B= 0 0 0 19 2 1 192 0 248 179 0 3158 2270 3327 3424 2275 2216 2332 2080 731 774 384 49 121 89 215 365 0 1 178 39 173 119 162 154 160 48 0 0 2 2 2 2 0 2 2 1 678826 833506 1328874 1229992 370678 1870218 1936402 1952834 1741364 1610290 1596302 1054592 203208 244094 184066 361004 421044 185912 627182 1106182 2073600 2073600 2 1 205698 990720 993600 41296 85362 67695 73673 3 24 1 1 84 0 0 0 
[ 3092.140961] MESSAGE_B= 0 0 0 13 2 1 192 0 248 179 0 2666 1991 3227 3430 2291 2269 2298 2518 755 447 578 77 359 171 150 403 0 2 78 56 56 215 155 66 150 30 0 0 2 2 2 0 2 2 2 1 774770 733082 1328874 1229992 370678 1870218 1936402 1952834 1741364 1610290 1596302 1054592 203208 244094 184066 361004 421044 185912 627182 1106182 2073600 2073600 1 2 282952 994560 993600 64562 81244 100805 97534 2 24 2 2 83 0 0 0 
[ 3092.426887] MESSAGE_B= 0 0 0 3 3 1 192 0 248 179 0 1682 1768 2808 3260 2256 2317 2277 2409 402 215 536 331 140 183 196 243 0 1 237 170 48 135 101 30 78 125 0 0 2 2 2 2 0 2 3 1 241988 869812 1328874 1229992 370678 1870218 1936402 1952834 1741364 1610290 1596302 1054592 203208 244094 184066 361004 421044 185912 627182 1106182 2073600 2073600 2 1 180357 990720 993600 99653 77008 74182 79471 3 24 1 1 76 0 0 0 
[ 3092.584986] MESSAGE_B= 0 0 0 2 2 1 192 0 248 179 0 1965 1947 3242 3168 2408 2352 2408 2309 777 444 216 427 488 207 189 147 0 2 107 232 36 38 77 88 152 118 0 0 2 2 2 0 2 2 2 1 720442 808656 1328874 1229992 370678 1870218 1936402 1952834 1741364 1610290 1596302 1054592 203208 244094 184066 361004 421044 185912 627182 1106182 2073600 2073600 1 2 304519 994560 993600 69829 68250 96737 106698 2 24 2 2 82 0 0 0 
[ 3092.870958] MESSAGE_B= 0 0 0 4 2 1 192 0 248 179 0 2184 2002 2780 2939 2490 2426 2435 2387 537 426 431 603 428 279 263 235 0 31 179 223 204 72 93 172 28 148 0 0 0 0 0 0 0 0 2 1 261966 920610 1328874 1229992 370678 1870218 1936402 1952834 1741364 1610290 1596302 1054592 203208 244094 184066 361004 421044 185912 627182 1106182 2073600 2073600 2 3 167352 990720 993600 79713 53687 57103 61394 3 24 1 1 91 4 4 0 
[ 3093.150961] MESSAGE_B= 0 0 0 5 2 1 192 0 248 179 0 1750 2367 2570 2794 2489 2433 2433 2356 457 307 452 580 325 254 256 203 0 31 129 219 199 7 145 170 193 132 0 0 0 0 0 0 0 0 2 1 539224 722482 1328874 1229992 370678 1870218 1936402 1952834 1741364 1610290 1596302 1054592 203208 244094 184066 361004 421044 185912 627182 1106182 2073600 2073600 2 3 193920 994560 993600 78327 38030 50811 47356 3 3 3 1 106 5 0 0 
[ 3093.428967] MESSAGE_B= 0 0 0 5 1 1 192 0 248 179 0 2316 2690 3285 2605 2407 2460 2396 2382 214 344 253 625 242 218 185 174 0 31 28 144 112 100 45 49 135 207 0 0 0 0 0 0 0 0 1 1 338978 787044 1328874 1229992 370678 1870218 1936402 1952834 1741364 1610290 1596302 1054592 203208 244094 184066 361004 421044 185912 627182 1106182 2073600 2073600 1 3 178455 990720 993600 58902 37395 57374 38895 3 1 3 19 106 5 0 0 
[ 3093.714971] MESSAGE_B= 0 0 0 12 2 1 192 0 248 179 0 1686 2985 2878 2381 2366 2405 2306 2350 137 667 380 568 208 188 147 184 0 31 43 234 58 170 102 140 10 230 0 0 0 0 0 0 0 0 2 1 476378 699628 1328874 1229992 370678 1870218 1936402 1952834 1741364 1610290 1596302 1054592 203208 244094 184066 361004 421044 185912 627182 1106182 2073600 2073600 2 3 157082 994560 993600 42285 41229 47401 61658 2 3 3 1 116 4 0 0 
[ 3093.993952] MESSAGE_B= 0 0 0 11 2 1 192 0 248 179 0 1864 2230 2531 2218 2455 2250 2312 2290 257 392 493 433 309 95 116 178 0 31 125 193 71 11 84 19 129 147 0 0 0 0 0 0 0 0 2 1 250740 781172 1328874 1229992 370678 1870218 1936402 1952834 1741364 1610290 1596302 1054592 203208 244094 184066 361004 421044 185912 627182 1106182 2073600 2073600 2 3 188841 990720 993600 56365 50867 53389 47907 3 3 3 19 117 4 0 0 
[ 3094.273953] MESSAGE_B= 0 0 0 9 2 1 192 0 248 179 0 2048 1681 2528 2192 2276 2143 2296 2246 657 218 540 396 367 157 170 141 0 31 216 222 145 74 155 18 112 42 0 0 0 0 0 0 0 0 2 1 309706 525400 1160962 482554 499184 1641562 1503606 1293138 996340 1105024 1168304 478554 738604 703238 767904 830820 695564 616024 611932 524248 2073600 2073600 2 3 212312 994560 993600 66103 50852 59575 35782 3 3 3 3 130 4 0 0 
[ 3094.560323] MESSAGE_B= 0 0 0 10 2 1 192 0 248 179 0 1709 2179 3052 2491 2251 2196 2489 2295 411 668 259 488 418 235 335 243 0 3 23 155 62 90 125 101 31 132 0 0 2 0 0 0 0 0 2 1 301432 779468 1160962 482554 499184 1641562 1503606 1293138 996340 1105024 1168304 478554 738604 703238 767904 830820 695564 616024 611932 524248 2073600 2073600 2 3 225849 990720 993600 72457 43242 69432 40718 3 3 3 3 141 5 0 0 
[ 3094.717960] MESSAGE_B= 0 0 0 11 2 1 192 0 248 179 0 1307 2738 3199 2447 2293 2061 2312 2229 266 655 261 478 392 388 240 115 0 3 117 33 134 170 8 167 146 91 0 0 0 2 0 0 0 0 2 1 352610 434762 1160962 482554 499184 1641562 1503606 1293138 996340 1105024 1168304 478554 738604 703238 767904 830820 695564 616024 611932 524248 2073600 2073600 2 3 238798 994560 993600 71906 45194 73232 48466 3 3 3 3 141 5 0 0 
[ 3094.996951] MESSAGE_B= 0 0 0 17 5 1 192 0 248 179 0 2035 2898 2857 2190 1893 2248 2244 2231 258 289 399 324 328 279 197 91 0 31 156 94 100 154 110 178 180 17 0 0 0 0 0 0 0 0 5 1 423840 505666 1160962 482554 499184 1641562 1503606 1293138 996340 1105024 1168304 478554 738604 703238 767904 830820 695564 616024 611932 524248 2073600 2073600 2 3 222436 990720 993600 54484 48368 72247 47337 3 3 3 3 145 4 0 0 
[ 3095.275956] MESSAGE_B= 0 0 0 32 3 1 192 0 248 179 0 1639 3826 2734 1937 2026 2349 2444 2063 299 437 342 245 463 200 279 227 0 31 165 50 180 85 136 108 170 87 0 0 0 0 0 0 0 0 3 1 392752 433632 1160962 482554 499184 1641562 1503606 1293138 996340 1105024 1168304 478554 738604 703238 767904 830820 695564 616024 611932 524248 2073600 2073600 2 2 142884 994560 993600 48026 52577 47533 45165 25 3 2 1 145 5 0 0 
[ 3095.559962] MESSAGE_B= 0 0 0 53 2 1 192 0 248 179 0 3455 3974 2729 1778 2380 2546 2456 2288 612 252 287 300 192 260 291 467 0 31 26 139 11 135 62 157 140 61 0 0 0 0 0 0 0 0 2 1 259066 427336 1160962 482554 499184 1641562 1503606 1293138 996340 1105024 1168304 478554 738604 703238 767904 830820 695564 616024 611932 524248 2073600 2073600 2 1 152142 990720 993600 90935 63352 69467 48856 25 3 1 2 136 5 0 0 
[ 3095.837959] MESSAGE_B= 0 0 0 51 2 1 192 0 248 179 0 3893 3946 2713 1752 1777 2439 2574 2095 465 150 247 352 340 114 120 105 0 31 34 145 142 56 165 6 65 128 0 0 0 0 0 0 0 0 2 1 778558 526036 1160962 482554 499184 1641562 1503606 1293138 996340 1105024 1168304 478554 738604 703238 767904 830820 695564 616024 611932 524248 2073600 2073600 2 3 158251 994560 993600 98565 66876 48833 66349 25 3 2 2 131 4 0 0 
[ 3096.116965] MESSAGE_B= 0 0 0 47 2 1 192 0 248 179 0 3826 3581 2620 2050 1815 2488 2649 2318 286 147 219 300 370 214 81 178 0 3 120 72 31 92 36 24 2 12 0 2 0 2 2 0 0 0 2 1 453870 626802 1160962 482554 499184 1641562 1503606 1293138 996340 1105024 1168304 478554 738604 703238 767904 830820 695564 616024 611932 524248 2073600 2073600 2 3 207395 990720 993600 72527 77787 52276 67980 25 3 3 3 117 0 0 0 
[ 3096.398614] MESSAGE_B= 0 0 0 32 2 1 192 0 248 179 0 3455 3377 1876 1593 2077 2276 2013 1881 593 328 394 240 649 542 163 239 0 2 138 45 57 82 198 134 29 86 2 0 2 0 2 0 2 0 2 1 719022 615084 1160962 482554 499184 1641562 1503606 1293138 996340 1105024 1168304 478554 738604 703238 767904 830820 695564 616024 611932 524248 2073600 2073600 2 2 394725 994560 993600 81743 100663 102996 109323 2 2 2 2 140 0 0 0 
[ 3096.679425] MESSAGE_B= 0 0 0 17 2 1 192 0 248 179 0 2382 2345 2253 2043 2112 2412 2611 2404 463 176 450 532 417 233 246 320 0 3 173 40 74 162 31 107 7 131 0 2 0 2 0 2 0 2 2 1 387538 517658 590240 337712 311628 848082 613092 762076 723088 1209016 967510 388632 403854 382750 611260 509176 667316 801020 952334 689078 2073600 2073600 2 3 272895 990720 993600 66719 88870 52227 93298 2 3 3 3 145 0 0 0 
[ 3096.837960] MESSAGE_B= 0 0 0 11 2 1 192 0 248 179 0 2170 2705 1796 2046 2124 2356 1807 1772 636 441 435 602 690 648 301 237 0 2 100 110 44 217 17 66 93 202 0 0 0 2 0 2 0 0 2 1 399830 134764 590240 337712 311628 848082 613092 762076 723088 1209016 967510 388632 403854 382750 611260 509176 667316 801020 952334 689078 2073600 2073600 2 2 405913 994560 993600 107731 98457 109017 90708 2 2 2 2 152 5 0 0 
[ 3097.120954] MESSAGE_B= 0 0 0 14 2 1 192 0 248 179 0 2637 1541 1871 2131 2636 2181 1621 1572 496 496 527 811 564 1074 141 168 0 2 107 180 31 123 82 58 39 128 0 0 0 2 0 0 0 0 2 1 417592 259654 590240 337712 311628 848082 613092 762076 723088 1209016 967510 388632 403854 382750 611260 509176 667316 801020 952334 689078 2073600 2073600 2 2 390043 990720 993600 99504 99173 112125 79241 2 2 2 2 160 4 0 0 
[ 3097.401971] MESSAGE_B= 0 0 0 28 2 1 192 0 248 179 0 2744 1956 1966 2684 1405 2521 1682 1648 874 405 564 726 543 912 175 233 0 2 122 32 201 148 148 128 47 177 0 2 2 2 2 2 0 0 2 1 337308 282882 590240 337712 311628 848082 613092 762076 723088 1209016 967510 388632 403854 382750 611260 509176 667316 801020 952334 689078 2073600 2073600 2 2 396803 994560 993600 96689 103333 114905 81876 2 2 2 2 172 0 0 0 
[ 3097.690956] MESSAGE_B= 0 0 0 14 2 2 192 0 248 179 0 2578 2107 2014 2658 2272 2548 2047 1730 271 284 294 369 205 294 291 403 0 3 38 73 41 35 159 127 62 133 2 0 2 2 0 0 0 2 2 2 711088 191132 590240 337712 311628 848082 613092 762076 723088 1209016 967510 388632 403854 382750 611260 509176 667316 801020 952334 689078 2073600 2073600 1 3 248649 990720 993600 59605 67158 52177 110766 2 3 2 3 172 5 0 0 
[ 3097.968972] MESSAGE_B= 0 0 0 14 2 1 192 0 248 179 0 2094 2176 1738 2729 2370 2215 2065 1928 110 361 359 499 278 348 398 596 0 3 35 164 25 37 15 14 16 0 2 0 2 2 0 0 2 2 2 1 497682 245428 590240 337712 311628 848082 613092 762076 723088 1209016 967510 388632 403854 382750 611260 509176 667316 801020 952334 689078 2073600 2073600 2 3 279158 994560 993600 64518 68692 54439 109739 2 3 3 3 168 0 0 0 
[ 3098.245961] MESSAGE_B= 0 0 0 17 2 1 192 0 248 179 0 1588 1884 1082 1807 1965 1589 1266 2205 399 682 338 615 365 229 291 551 0 2 15 199 10 140 23 28 19 73 2 0 2 0 2 0 0 0 2 1 501868 234006 590240 337712 311628 848082 613092 762076 723088 1209016 967510 388632 403854 382750 611260 509176 667316 801020 952334 689078 2073600 2073600 2 2 400830 990720 993600 113876 101794 107713 77447 2 2 2 2 170 0 0 0 
[ 3098.523004] MESSAGE_B= 0 0 0 17 2 1 192 0 248 179 0 1863 1950 1733 2389 2397 2380 1692 2283 238 298 512 789 474 525 683 807 0 3 90 4 87 37 67 30 15 16 0 0 0 2 0 0 0 0 2 1 428338 213966 590240 337712 311628 848082 613092 762076 723088 1209016 967510 388632 403854 382750 611260 509176 667316 801020 952334 689078 2073600 2073600 2 3 340428 994560 993600 88802 69539 98606 83481 3 3 3 3 170 4 0 0 
[ 3098.680953] MESSAGE_B= 0 0 0 22 3 1 192 0 248 179 0 1919 1925 1668 1944 2671 2415 1912 1748 347 309 801 656 502 361 884 949 0 3 4 3 50 91 49 44 62 82 0 0 0 0 0 0 0 0 3 1 281118 230582 590240 337712 311628 848082 613092 762076 723088 1209016 967510 388632 403854 382750 611260 509176 667316 801020 952334 689078 2073600 2073600 2 3 364291 990720 993600 97755 74632 101078 90826 3 3 3 3 168 5 0 0 
[ 3098.957958] MESSAGE_B= 0 0 0 14 2 1 192 0 248 179 0 2155 1732 2188 2425 2442 2273 2855 2972 256 321 263 666 268 385 647 463 0 3 99 162 99 180 113 56 119 208 0 0 0 0 0 0 0 0 2 1 315782 283924 256244 469536 448526 290156 364756 295154 466774 334362 394680 310044 547980 727730 588462 973334 915484 479318 295198 596500 2073600 2073600 2 3 300998 994560 993600 62130 78808 71993 88067 3 3 3 3 181 4 0 0 
[ 3099.237961] MESSAGE_B= 0 0 0 17 2 1 192 0 248 179 0 1564 1726 2097 2535 2352 2607 2608 2981 249 246 162 376 360 558 606 371 0 31 26 30 218 136 182 31 28 92 0 0 0 0 0 0 0 0 2 1 307246 316962 256244 469536 448526 290156 364756 295154 466774 334362 394680 310044 547980 727730 588462 973334 915484 479318 295198 596500 2073600 2073600 2 3 232331 990720 993600 66072 55501 56304 73351 3 2 3 3 193 4 0 0 
[ 3099.516961] MESSAGE_B= 0 0 0 16 2 1 192 0 248 179 0 1567 1881 2193 2135 2589 2522 2589 2438 518 216 254 269 313 557 569 438 0 3 7 99 176 222 138 23 68 129 0 0 0 0 0 0 0 0 2 1 385936 313230 256244 469536 448526 290156 364756 295154 466774 334362 394680 310044 547980 727730 588462 973334 915484 479318 295198 596500 2073600 2073600 2 3 250076 994560 993600 58441 55415 64944 81391 3 2 3 3 193 4 0 0 
