[16188.740889] MESSAGE_B= 4 4 4 39 28 1 192 0 248 179 0 1654 1994 1660 1988 1849 1573 1843 1569 116 237 116 235 505 328 499 337 0 31 238 252 255 255 10 51 2 58 0 0 0 0 0 0 0 0 28 1 16614 415042 2 211262 220346 227296 183668 307638 154072 230278 228976 2 114686 147910 129024 131152 123428 158562 75680 12254 2073600 2073600 4 6 168570 994560 993600 57779 58723 26495 25573 6 6 6 6 162 4 4 4 
[16189.016969] MESSAGE_B= 0 4 4 42 14 1 192 0 248 179 0 1427 1805 1433 1795 1834 1481 1820 1482 101 226 114 221 431 315 426 306 0 31 245 254 255 255 8 3 0 22 0 0 0 0 0 0 0 0 14 1 12876 542386 2 211262 220346 227296 183668 307638 154072 230278 228976 2 114686 147910 129024 131152 123428 158562 75680 12254 2073600 2073600 2 6 165337 990720 993600 62818 63190 20269 21103 6 6 0 0 162 4 4 4 
[16189.293973] MESSAGE_B= 4 4 4 46 23 2 192 0 248 179 0 1467 1300 1469 1327 2342 1514 2435 1215 257 357 257 343 469 287 443 313 0 6 227 241 212 226 126 86 137 129 0 0 0 0 2 0 2 0 23 2 12778 373610 2 211262 220346 227296 183668 307638 154072 230278 228976 2 114686 147910 129024 131152 123428 158562 75680 12254 2073600 2073600 5 6 152741 994560 993600 68360 67530 55035 46585 6 6 7 7 176 4 4 4 
[16189.571960] MESSAGE_B= 4 7 4 87 23 1 192 0 248 179 0 2138 1643 2023 1595 2380 1024 1589 1267 535 240 692 243 295 247 320 271 0 31 249 237 209 235 198 41 234 109 0 0 0 0 0 0 0 0 23 1 194992 409894 760208 66058 34918 2 919934 856204 645874 644776 603884 188034 86 16022 37076 40360 26366 37208 25730 30640 2073600 2073600 4 7 171726 990720 993600 49851 38587 55506 41149 7 6 7 7 176 4 4 20 
[16189.857085] MESSAGE_B= 0 4 4 50 8 1 192 0 248 179 0 1424 1062 1422 1063 1452 979 1442 970 156 209 156 200 436 272 435 275 0 31 253 245 255 255 141 4 148 0 0 0 0 0 0 0 0 0 8 1 130014 428546 760208 66058 34918 2 919934 856204 645874 644776 603884 188034 86 16022 37076 40360 26366 37208 25730 30640 2073600 2073600 2 6 169009 994560 993600 53880 54297 33670 34240 6 6 12 12 167 4 4 4 
[16190.138080] MESSAGE_B= 4 4 4 44 10 1 192 0 248 179 0 1373 950 1378 949 1579 1252 1588 1230 252 185 260 195 276 189 280 194 0 31 252 250 255 253 18 53 2 34 0 0 0 0 0 0 0 0 10 1 15626 394754 760208 66058 34918 2 919934 856204 645874 644776 603884 188034 86 16022 37076 40360 26366 37208 25730 30640 2073600 2073600 4 6 158410 990720 993600 48055 48937 30845 30573 6 6 6 6 181 4 4 4 
[16190.421939] MESSAGE_B= 0 4 4 41 11 1 192 0 248 179 0 1412 944 1422 941 1622 1224 1630 1212 260 134 257 141 272 235 277 235 0 31 248 243 255 255 37 56 46 67 0 0 0 0 0 0 0 0 11 1 12692 348556 760208 66058 34918 2 919934 856204 645874 644776 603884 188034 86 16022 37076 40360 26366 37208 25730 30640 2073600 2073600 2 6 170353 994560 993600 55388 55844 29789 29332 6 6 6 6 181 4 4 4 
[16190.576016] MESSAGE_B= 4 4 4 53 16 1 192 0 248 179 0 1110 966 1147 961 1593 1205 1604 1189 319 112 288 115 283 247 287 241 0 31 254 244 255 255 169 63 158 76 0 0 0 0 0 0 0 0 16 1 13950 467030 760208 66058 34918 2 919934 856204 645874 644776 603884 188034 86 16022 37076 40360 26366 37208 25730 30640 2073600 2073600 5 12 163439 990720 993600 57328 55708 29998 30088 12 12 6 6 155 4 4 4 
[16190.851959] MESSAGE_B= 4 4 4 92 14 1 192 0 248 179 0 1087 1457 1103 1468 1729 1475 1739 1463 234 138 250 120 228 213 228 211 0 31 253 245 253 254 79 22 85 46 0 0 0 0 0 0 2 0 14 1 16268 390424 760208 66058 34918 2 919934 856204 645874 644776 603884 188034 86 16022 37076 40360 26366 37208 25730 30640 2073600 2073600 4 12 171577 994560 993600 58943 60381 30276 30163 12 12 6 6 103 4 4 4 
[16191.248963] MESSAGE_B= 0 4 4 118 14 1 192 0 248 179 0 1086 1338 1099 1323 1371 1182 1389 1152 115 288 124 250 282 238 295 239 0 31 228 254 255 254 85 30 100 38 0 0 0 0 0 0 0 0 14 1 13906 524014 760208 66058 34918 2 919934 856204 645874 644776 603884 188034 86 16022 37076 40360 26366 37208 25730 30640 2073600 2073600 2 12 119948 990720 993600 33583 33762 33436 32729 16 16 14 14 153 4 4 4 
[16191.526954] MESSAGE_B= 4 4 4 114 17 1 192 0 248 179 0 1101 1343 1087 1343 1231 1494 1247 1469 176 317 185 282 109 313 120 332 0 31 243 255 255 255 129 161 137 151 0 0 0 0 0 0 0 0 17 1 33482 421042 760208 66058 34918 2 919934 856204 645874 644776 603884 188034 86 16022 37076 40360 26366 37208 25730 30640 2073600 2073600 4 12 116630 994560 993600 40122 40058 33833 32771 12 12 14 14 153 4 4 4 
[16191.684324] MESSAGE_B= 4 4 4 106 16 2 192 0 248 179 0 1129 1286 1113 1311 1234 1537 1240 1521 237 211 229 197 183 280 175 294 0 31 249 247 255 255 174 162 186 170 0 0 0 0 0 0 0 0 16 2 39302 373498 760208 66058 34918 2 919934 856204 645874 644776 603884 188034 86 16022 37076 40360 26366 37208 25730 30640 2073600 2073600 4 12 123816 990720 993600 43593 43111 37345 35501 12 12 15 15 76 4 4 4 
[16191.960958] MESSAGE_B= 4 4 4 102 21 2 192 0 248 179 0 1086 1062 1114 1068 1398 1501 1395 1484 197 384 208 350 350 253 346 265 0 31 245 255 255 255 152 24 139 10 0 0 0 0 0 0 0 0 21 2 25870 499788 842936 750760 626792 638616 850282 944206 685800 613710 412080 37616 9460 10468 13896 25082 26986 29372 24536 41686 2073600 2073600 4 12 148945 994560 993600 60795 59044 44933 44316 12 12 15 15 86 4 4 4 
[16192.238964] MESSAGE_B= 4 4 4 82 23 1 192 0 248 179 0 1183 1040 1199 1034 1446 1509 1441 1501 461 163 462 158 424 183 414 182 0 31 252 254 255 252 73 41 71 28 0 0 0 0 0 0 0 0 23 1 20060 460290 842936 750760 626792 638616 850282 944206 685800 613710 412080 37616 9460 10468 13896 25082 26986 29372 24536 41686 2073600 2073600 4 13 143892 990720 993600 50690 51630 32587 32861 13 13 15 15 92 4 4 4 
[16192.515969] MESSAGE_B= 4 4 4 61 22 1 192 0 248 179 0 1316 1212 1327 1206 1406 1496 1399 1482 529 213 522 211 411 248 410 247 0 31 252 255 255 255 147 116 135 115 0 0 0 0 0 0 0 0 22 1 23162 445538 842936 750760 626792 638616 850282 944206 685800 613710 412080 37616 9460 10468 13896 25082 26986 29372 24536 41686 2073600 2073600 4 14 156360 994560 993600 44265 45571 32977 33547 14 14 14 14 92 4 4 4 
[16192.793959] MESSAGE_B= 4 4 4 60 17 1 192 0 248 179 0 1289 1274 1295 1267 948 1486 969 1481 369 175 371 184 261 268 270 261 0 31 249 252 255 255 27 154 52 163 0 0 0 0 0 0 0 0 17 1 23300 478008 842936 750760 626792 638616 850282 944206 685800 613710 412080 37616 9460 10468 13896 25082 26986 29372 24536 41686 2073600 2073600 4 14 163751 990720 993600 37059 37584 44610 44498 14 14 14 14 97 4 4 4 
[16193.070958] MESSAGE_B= 4 4 4 54 103 1 192 0 248 179 0 1669 2735 1664 2706 1284 2249 1288 2281 150 414 134 413 495 583 504 566 0 12 255 255 255 255 63 218 59 205 0 0 0 0 0 2 0 2 103 1 18588 308054 842936 750760 626792 638616 850282 944206 685800 613710 412080 37616 9460 10468 13896 25082 26986 29372 24536 41686 2073600 2073600 4 12 146006 994560 993600 42337 42785 67373 66561 7 7 12 12 167 4 4 4 
[16193.348969] MESSAGE_B= 4 4 4 225 19 0 192 0 248 179 0 2774 2723 2777 2695 3115 3564 3122 3613 395 504 409 446 630 153 392 171 0 12 253 251 226 19 105 185 162 156 0 0 0 0 2 2 2 2 19 0 19828 384894 842936 750760 626792 638616 850282 944206 685800 613710 412080 37616 9460 10468 13896 25082 26986 29372 24536 41686 2073600 2073600 4 12 399098 990720 993600 105456 106158 92340 95144 12 12 12 12 214 4 4 4 
[16193.626959] MESSAGE_B= 0 0 4 244 75 1 192 0 248 179 0 2542 2555 2538 3476 3068 2987 3031 3680 468 430 485 101 363 326 309 111 0 12 252 216 225 63 183 0 182 138 0 2 0 2 2 1 2 0 75 1 287656 263912 842936 750760 626792 638616 850282 944206 685800 613710 412080 37616 9460 10468 13896 25082 26986 29372 24536 41686 2073600 2073600 2 12 410606 994560 993600 116836 98419 108063 87288 12 12 12 12 214 0 0 0 
[16193.903955] MESSAGE_B= 4 4 4 235 14 1 192 0 248 179 0 0 1230 0 1168 597 554 641 548 0 0 0 0 0 0 0 0 1 12 250 255 248 252 0 0 0 0 0 0 0 0 0 0 0 0 14 1 153936 233570 842936 750760 626792 638616 850282 944206 685800 613710 412080 37616 9460 10468 13896 25082 26986 29372 24536 41686 2073600 2073600 4 12 474386 990720 993600 116978 117075 120133 120200 12 12 12 12 199 0 0 0 
[16194.182952] MESSAGE_B= 0 4 4 244 17 1 192 0 248 179 0 0 1229 0 1167 569 604 612 602 0 0 0 0 0 0 0 0 1 12 250 253 241 244 0 0 0 0 0 0 0 0 0 0 0 0 17 1 5800 465006 842936 750760 626792 638616 850282 944206 685800 613710 412080 37616 9460 10468 13896 25082 26986 29372 24536 41686 2073600 2073600 2 12 480245 994560 993600 117168 117280 122918 122879 12 12 12 12 113 0 0 0 
[16194.463957] MESSAGE_B= 4 4 4 160 17 4 192 0 248 179 0 0 1228 0 1167 569 1301 612 1277 0 0 0 0 0 0 0 0 1 12 253 253 255 252 0 0 0 0 0 0 0 0 0 0 0 0 17 4 2226 204930 88810 551826 864152 504982 530840 652600 189284 72858 72482 15840 6208 8182 21218 15382 473814 8276 19712 3014 2073600 2073600 5 12 468302 990720 993600 117174 117287 116937 116904 12 12 12 12 150 0 0 0 
[16194.617957] MESSAGE_B= 4 4 4 236 17 1 192 0 248 179 0 0 1299 0 1236 570 968 613 948 0 0 0 0 0 0 0 0 1 12 250 253 255 244 0 0 0 0 0 0 0 0 0 0 0 0 17 1 4164 749690 88810 551826 864152 504982 530840 652600 189284 72858 72482 15840 6208 8182 21218 15382 473814 8276 19712 3014 2073600 2073600 5 12 473478 994560 993600 116731 116849 119977 119921 12 12 12 12 150 0 0 0 
[16194.891959] MESSAGE_B= 4 4 4 238 18 1 192 0 248 179 0 0 1480 0 1410 614 1211 664 1185 0 0 0 0 0 0 0 0 1 12 253 250 252 234 0 0 0 0 0 0 0 0 0 0 0 0 18 1 1988 206268 88810 551826 864152 504982 530840 652600 189284 72858 72482 15840 6208 8182 21218 15382 473814 8276 19712 3014 2073600 2073600 5 12 464963 990720 993600 114282 114413 118180 118088 12 12 12 12 118 0 0 0 
[16195.172014] MESSAGE_B= 4 4 4 233 17 1 192 0 248 179 0 0 1639 0 1565 655 1538 709 1501 0 0 0 0 0 0 0 0 1 12 255 251 252 234 0 0 0 0 0 0 0 0 0 0 0 0 17 1 2450 180484 88810 551826 864152 504982 530840 652600 189284 72858 72482 15840 6208 8182 21218 15382 473814 8276 19712 3014 2073600 2073600 5 12 449832 994560 993600 110443 110603 114423 114363 12 12 12 12 123 0 0 0 
[16195.451954] MESSAGE_B= 4 4 4 238 17 1 192 0 248 179 0 0 1113 0 1065 395 718 434 677 0 0 0 0 0 0 0 0 1 12 255 214 232 255 0 0 0 0 0 0 0 0 0 0 0 0 17 1 9116 334540 88810 551826 864152 504982 530840 652600 189284 72858 72482 15840 6208 8182 21218 15382 473814 8276 19712 3014 2073600 2073600 5 12 468648 990720 993600 116529 116645 117756 117718 12 12 12 12 179 0 0 0 
[16195.725956] MESSAGE_B= 4 4 4 249 18 0 192 0 248 179 0 0 1193 0 1124 1030 1237 1094 1169 0 0 0 0 0 0 0 0 1 12 252 254 255 255 0 0 0 0 0 0 0 0 0 0 0 0 18 0 7924 310516 88810 551826 864152 504982 530840 652600 189284 72858 72482 15840 6208 8182 21218 15382 473814 8276 19712 3014 2073600 2073600 5 12 438482 994560 993600 109080 109093 110149 110160 12 12 12 12 179 0 0 0 
[16196.001953] MESSAGE_B= 4 4 4 237 18 0 192 0 248 179 0 0 945 0 886 1146 1044 1213 973 0 0 0 0 0 0 0 0 1 12 254 254 255 255 14 4 12 3 0 0 0 0 0 0 0 0 18 0 2090 274782 88810 551826 864152 504982 530840 652600 189284 72858 72482 15840 6208 8182 21218 15382 473814 8276 19712 3014 2073600 2073600 5 12 431644 990720 993600 107420 107389 108404 108431 12 12 12 12 163 0 0 0 
[16196.282960] MESSAGE_B= 4 4 4 237 17 0 192 0 248 179 0 2622 2900 2634 2859 2723 2676 2720 2654 401 312 406 313 251 367 255 369 0 12 253 255 255 255 128 184 95 191 0 0 0 0 2 2 2 2 17 0 10100 318784 88810 551826 864152 504982 530840 652600 189284 72858 72482 15840 6208 8182 21218 15382 473814 8276 19712 3014 2073600 2073600 5 12 397396 994560 993600 98997 98987 99709 99703 12 12 12 12 177 4 4 4 
[16196.559968] MESSAGE_B= 4 4 4 212 18 0 192 0 248 179 0 2494 1945 2503 1867 2619 2318 2650 2264 472 156 413 153 317 455 314 479 0 12 255 253 255 255 194 180 200 166 0 0 0 0 2 2 2 2 18 0 4354 336798 88810 551826 864152 504982 530840 652600 189284 72858 72482 15840 6208 8182 21218 15382 473814 8276 19712 3014 2073600 2073600 5 12 375292 990720 993600 93492 93504 94137 94159 12 12 12 12 177 4 4 4 
[16196.843821] MESSAGE_B= 4 4 4 211 17 0 192 0 248 179 0 2478 1933 2487 1858 2605 2316 2638 2260 477 146 417 147 322 454 321 480 0 12 254 253 255 255 199 195 192 168 0 0 0 0 2 2 2 2 17 0 6476 321712 164718 190014 138076 57628 130372 76590 146520 138734 109950 5416 5224 2056 2460 5124 3014 8724 12932 4262 2073600 2073600 5 12 375299 994560 993600 93474 93499 94150 94176 12 12 12 12 66 4 4 4 
[16197.119958] MESSAGE_B= 4 4 4 211 18 0 192 0 248 179 0 2415 1781 2370 1823 2619 2117 2603 2113 381 133 379 138 269 525 278 508 0 12 254 250 255 255 118 152 132 137 0 0 0 0 2 2 2 2 18 0 4198 354058 164718 190014 138076 57628 130372 76590 146520 138734 109950 5416 5224 2056 2460 5124 3014 8724 12932 4262 2073600 2073600 5 12 396188 990720 993600 98984 99041 99061 99102 12 12 12 12 139 4 4 4 
[16197.406280] MESSAGE_B= 4 4 4 225 3 0 192 0 248 179 0 0 1459 0 1427 913 1811 913 1812 0 0 0 0 0 0 0 0 1 12 253 255 253 255 0 0 0 0 0 0 0 0 0 0 0 0 3 0 5792 316214 164718 190014 138076 57628 130372 76590 146520 138734 109950 5416 5224 2056 2460 5124 3014 8724 12932 4262 2073600 2073600 5 12 451972 994560 993600 113436 113697 112424 112415 12 12 12 12 172 4 4 4 
[16197.558953] MESSAGE_B= 4 4 4 240 3 0 192 0 248 179 0 0 1277 0 1243 931 1613 930 1607 0 0 0 0 0 0 0 0 1 12 253 255 255 255 0 0 0 0 0 0 0 0 0 0 0 0 3 0 3162 335632 164718 190014 138076 57628 130372 76590 146520 138734 109950 5416 5224 2056 2460 5124 3014 8724 12932 4262 2073600 2073600 5 12 465836 990720 993600 117057 117287 115724 115768 12 12 12 12 172 4 4 4 
[16197.839959] MESSAGE_B= 4 4 4 243 3 0 192 0 248 179 0 0 1204 0 1165 917 1519 917 1510 0 0 0 0 0 0 0 0 1 12 247 255 253 255 0 0 0 0 0 0 0 0 0 0 0 0 3 0 5066 224094 164718 190014 138076 57628 130372 76590 146520 138734 109950 5416 5224 2056 2460 5124 3014 8724 12932 4262 2073600 2073600 5 12 470938 994560 993600 118301 118544 117021 117072 12 12 12 12 160 4 4 4 
[16198.115948] MESSAGE_B= 4 4 4 243 3 0 192 0 248 179 0 0 1208 0 1166 916 1516 916 1510 0 0 0 0 0 0 0 0 1 12 247 255 253 255 0 0 0 0 0 0 0 0 0 0 0 0 3 0 2534 146470 164718 190014 138076 57628 130372 76590 146520 138734 109950 5416 5224 2056 2460 5124 3014 8724 12932 4262 2073600 2073600 5 12 470927 990720 993600 118286 118537 117035 117069 12 12 12 12 45 4 4 4 
[16198.395245] MESSAGE_B= 4 4 4 243 3 0 192 0 248 179 0 0 1212 0 1169 925 1519 925 1512 0 0 0 0 0 0 0 0 1 12 247 255 253 255 0 0 0 0 0 0 0 0 0 0 0 0 3 0 4294 173400 164718 190014 138076 57628 130372 76590 146520 138734 109950 5416 5224 2056 2460 5124 3014 8724 12932 4262 2073600 2073600 5 12 470815 994560 993600 118239 118498 117017 117061 12 12 12 12 5 4 4 4 
[16198.668966] MESSAGE_B= 4 4 4 243 3 0 192 0 248 179 0 0 1211 0 1169 925 1520 925 1513 0 0 0 0 0 0 0 0 1 12 247 255 253 255 0 0 0 0 0 0 0 0 0 0 0 0 3 0 2314 146312 164718 190014 138076 57628 130372 76590 146520 138734 109950 5416 5224 2056 2460 5124 3014 8724 12932 4262 2073600 2073600 5 12 470809 990720 993600 118242 118498 117012 117057 12 12 12 12 5 4 4 4 
[16198.950944] MESSAGE_B= 4 4 4 243 3 0 192 0 248 179 0 0 1212 0 1172 917 1519 917 1510 0 0 0 0 0 0 0 0 1 12 247 255 253 255 0 0 0 0 0 0 0 0 0 0 0 0 3 0 4074 173288 164718 190014 138076 57628 130372 76590 146520 138734 109950 5416 5224 2056 2460 5124 3014 8724 12932 4262 2073600 2073600 5 12 470848 994560 993600 118262 118502 117015 117069 12 12 12 12 4 4 4 4 
[16199.229831] MESSAGE_B= 4 4 4 243 3 0 192 0 248 179 0 0 1214 0 1172 925 1524 925 1515 0 0 0 0 0 0 0 0 1 12 247 255 253 255 0 0 0 0 0 0 0 0 0 0 0 0 3 0 1948 146640 56876 116722 223926 82228 45302 47456 252680 266752 50756 3074 3416 5146 4008 3456 4480 10222 14648 3758 2073600 2073600 5 12 470743 990720 993600 118224 118482 116992 117045 12 12 12 12 4 4 4 4 
[16199.511798] MESSAGE_B= 4 4 4 243 3 0 192 0 248 179 0 0 1214 0 1174 917 1524 917 1514 0 0 0 0 0 0 0 0 1 12 247 255 253 255 0 0 0 0 0 0 0 0 0 0 0 0 3 0 3994 173302 56876 116722 223926 82228 45302 47456 252680 266752 50756 3074 3416 5146 4008 3456 4480 10222 14648 3758 2073600 2073600 5 12 470773 994560 993600 118244 118488 116992 117049 12 12 12 12 4 4 4 4 
[16199.792613] MESSAGE_B= 4 4 4 243 3 0 192 0 248 179 0 0 1218 0 1176 926 1528 926 1518 0 0 0 0 0 0 0 0 1 12 247 255 253 255 0 0 0 0 0 0 0 0 0 0 0 0 3 0 2190 146448 56876 116722 223926 82228 45302 47456 252680 266752 50756 3074 3416 5146 4008 3456 4480 10222 14648 3758 2073600 2073600 5 12 470648 990720 993600 118200 118455 116969 117024 12 12 12 12 4 4 4 4 
[16200.065966] MESSAGE_B= 4 4 4 243 3 0 192 0 248 179 0 0 1217 0 1174 924 1526 924 1517 0 0 0 0 0 0 0 0 1 12 247 255 253 255 0 0 0 0 0 0 0 0 0 0 0 0 3 0 3950 173294 56876 116722 223926 82228 45302 47456 252680 266752 50756 3074 3416 5146 4008 3456 4480 10222 14648 3758 2073600 2073600 5 12 470695 994560 993600 118213 118472 116978 117032 12 12 12 12 4 4 4 4 
[16200.220956] MESSAGE_B= 4 4 4 243 3 0 192 0 248 179 0 0 1216 0 1174 924 1526 924 1517 0 0 0 0 0 0 0 0 1 12 247 255 253 255 0 0 0 0 0 0 0 0 0 0 0 0 3 0 2514 146388 56876 116722 223926 82228 45302 47456 252680 266752 50756 3074 3416 5146 4008 3456 4480 10222 14648 3758 2073600 2073600 5 12 470697 990720 993600 118215 118472 116978 117032 12 12 12 12 4 4 4 4 
[16200.496962] MESSAGE_B= 4 4 4 243 3 0 192 0 248 179 0 0 1217 0 1174 924 1526 924 1517 0 0 0 0 0 0 0 0 1 12 247 255 253 255 0 0 0 0 0 0 0 0 0 0 0 0 3 0 3832 173306 56876 116722 223926 82228 45302 47456 252680 266752 50756 3074 3416 5146 4008 3456 4480 10222 14648 3758 2073600 2073600 5 12 470691 994560 993600 118212 118472 116977 117030 12 12 12 12 3 4 4 4 
[16200.772964] MESSAGE_B= 4 4 4 243 49 1 192 0 248 179 0 2011 1478 1991 1488 1087 1342 1058 1349 465 53 475 51 144 95 148 98 0 6 255 217 255 237 196 116 200 43 0 0 0 0 0 2 0 2 49 1 2608 146616 56876 116722 223926 82228 45302 47456 252680 266752 50756 3074 3416 5146 4008 3456 4480 10222 14648 3758 2073600 2073600 5 6 270487 990720 993600 92009 90095 45059 43324 6 6 6 6 105 4 4 4 
[16201.056618] MESSAGE_B= 4 4 4 13 48 1 192 0 248 179 0 2015 1480 1993 1485 1090 1341 1061 1345 470 66 481 68 144 86 145 94 0 6 255 228 255 236 197 38 203 59 0 0 0 0 0 2 0 2 48 1 43678 173306 56876 116722 223926 82228 45302 47456 252680 266752 50756 3074 3416 5146 4008 3456 4480 10222 14648 3758 2073600 2073600 4 6 270562 994560 993600 92020 90133 45005 43404 6 6 6 6 105 4 4 4 
[16201.335951] MESSAGE_B= 4 4 4 13 49 1 192 0 248 179 0 2012 1488 1990 1491 1087 1349 1059 1348 467 75 477 49 145 100 143 97 0 6 255 224 255 235 195 63 203 67 0 0 0 0 0 2 0 2 49 1 24196 577594 56876 116722 223926 82228 45302 47456 252680 266752 50756 3074 3416 5146 4008 3456 4480 10222 14648 3758 2073600 2073600 4 6 270429 990720 993600 92004 90080 45019 43326 6 6 6 6 2 4 4 4 
[16201.612959] MESSAGE_B= 4 4 4 13 49 1 192 0 248 179 0 2012 1499 1991 1491 1087 1350 1058 1348 469 72 474 49 145 99 149 94 0 6 255 219 255 234 196 78 200 118 0 0 0 0 0 2 0 2 49 1 44562 684162 1255158 49998 205080 54450 42960 51066 238808 771828 1252300 53736 6606 4422 3416 3430 4224 10360 46592 55368 2073600 2073600 4 6 270390 994560 993600 91974 90093 44960 43363 6 6 6 6 2 4 4 4 
[16201.888969] MESSAGE_B= 4 4 4 13 50 1 192 0 248 179 0 2012 1519 1991 1486 1089 1366 1060 1346 471 69 479 54 144 90 146 95 0 6 255 242 255 231 195 85 200 82 0 0 0 0 0 2 0 2 50 1 26590 578032 1255158 49998 205080 54450 42960 51066 238808 771828 1252300 53736 6606 4422 3416 3430 4224 10360 46592 55368 2073600 2073600 4 6 271004 990720 993600 92149 90141 45172 43542 6 6 6 6 3 4 4 4 
[16202.175966] MESSAGE_B= 4 4 4 13 49 1 192 0 248 179 0 2009 1537 1990 1489 1087 1369 1059 1347 467 54 477 56 143 107 142 100 0 6 255 220 254 237 196 115 203 100 0 0 0 0 0 2 0 2 49 1 46120 683522 1255158 49998 205080 54450 42960 51066 238808 771828 1252300 53736 6606 4422 3416 3430 4224 10360 46592 55368 2073600 2073600 4 6 270677 994560 993600 92094 90098 45081 43404 6 6 6 6 3 4 4 4 
[16202.334995] MESSAGE_B= 4 4 4 13 51 1 192 0 248 179 0 2015 1558 1991 1485 1088 1382 1060 1345 468 83 480 60 146 102 143 94 0 6 255 219 255 236 195 104 202 54 0 0 0 0 0 2 0 2 51 1 31332 577758 1255158 49998 205080 54450 42960 51066 238808 771828 1252300 53736 6606 4422 3416 3430 4224 10360 46592 55368 2073600 2073600 4 6 271071 990720 993600 92086 90147 45268 43570 6 6 6 6 2 4 4 4 
[16202.619005] MESSAGE_B= 4 4 4 22 38 1 192 0 248 179 0 2518 1978 2528 2004 1172 1849 1188 1816 405 201 440 197 710 256 707 267 0 0 254 245 255 252 177 86 187 63 0 0 0 0 0 0 0 0 38 1 46514 681470 1255158 49998 205080 54450 42960 51066 238808 771828 1252300 53736 6606 4422 3416 3430 4224 10360 46592 55368 2073600 2073600 4 0 200852 994560 993600 33806 33407 66859 67511 0 11 0 0 233 4 4 4 
[16202.894954] MESSAGE_B= 0 4 4 22 38 1 192 0 248 179 0 2453 1939 2477 1949 1263 1786 1256 1764 453 195 475 206 680 241 663 250 0 31 255 249 255 251 164 30 170 20 0 0 0 0 0 0 0 0 38 1 11968 400356 1255158 49998 205080 54450 42960 51066 238808 771828 1252300 53736 6606 4422 3416 3430 4224 10360 46592 55368 2073600 2073600 2 0 198412 990720 993600 35807 34899 63487 64219 0 0 0 0 233 4 4 4 
[16203.180964] MESSAGE_B= 4 4 4 21 38 1 192 0 248 179 0 2420 2099 2420 2118 1434 1736 1419 1726 445 176 493 180 570 305 558 314 0 31 252 249 255 254 197 22 214 19 0 0 0 0 0 0 0 0 38 1 18878 397542 1255158 49998 205080 54450 42960 51066 238808 771828 1252300 53736 6606 4422 3416 3430 4224 10360 46592 55368 2073600 2073600 4 0 198661 994560 993600 37736 36398 62014 62513 0 0 0 0 30 4 4 4 
[16203.460952] MESSAGE_B= 0 4 4 21 39 1 192 0 248 179 0 2434 2118 2432 2140 1449 1748 1431 1737 469 209 519 203 565 329 553 338 0 31 252 251 255 255 199 1 215 2 0 0 0 0 0 0 0 0 39 1 13270 449590 1255158 49998 205080 54450 42960 51066 238808 771828 1252300 53736 6606 4422 3416 3430 4224 10360 46592 55368 2073600 2073600 2 0 191010 990720 993600 35320 34312 60628 60750 0 0 0 0 26 4 4 4 
[16203.746963] MESSAGE_B= 4 4 4 23 39 1 192 0 248 179 0 2442 2090 2466 2105 1448 1728 1434 1716 480 176 523 177 572 301 563 307 0 31 253 249 255 254 202 11 211 11 0 0 0 0 0 0 0 0 39 1 16556 392540 1255158 49998 205080 54450 42960 51066 238808 771828 1252300 53736 6606 4422 3416 3430 4224 10360 46592 55368 2073600 2073600 4 0 190626 994560 993600 35050 33977 60649 60950 0 0 0 0 22 4 4 4 
[16204.023967] MESSAGE_B= 0 4 4 23 24 0 192 0 248 179 0 2304 0 2276 0 1571 1944 1561 1936 145 0 153 0 461 429 451 440 0 6 248 0 255 255 29 0 24 0 0 1 0 0 2 1 2 1 24 0 14050 461040 637406 915670 980138 1246822 1237450 587126 637852 565580 645642 17430 34506 49418 59382 16124 15122 14206 17222 20006 2073600 2073600 2 6 310325 990720 993600 125652 125616 28809 30248 6 6 6 6 232 4 4 4 
[16204.318774] MESSAGE_B= 4 4 4 13 24 0 192 0 248 179 0 2303 0 2277 0 1571 1941 1558 1934 149 0 141 0 462 432 454 443 0 6 249 0 255 255 34 0 0 0 0 1 0 0 2 1 2 1 24 0 41970 921380 637406 915670 980138 1246822 1237450 587126 637852 565580 645642 17430 34506 49418 59382 16124 15122 14206 17222 20006 2073600 2073600 4 6 309570 994560 993600 125578 125547 28614 29831 6 6 6 6 232 4 4 4 
[16204.593959] MESSAGE_B= 4 4 4 14 23 1 192 0 248 179 0 1664 0 1653 0 1562 1939 1554 1932 787 0 778 0 463 427 456 439 0 6 255 0 255 255 14 0 6 0 0 1 0 0 2 1 2 1 23 1 25704 851742 637406 915670 980138 1246822 1237450 587126 637852 565580 645642 17430 34506 49418 59382 16124 15122 14206 17222 20006 2073600 2073600 4 6 305583 990720 993600 123087 123024 29058 30414 6 6 6 6 7 4 4 4 
[16204.873961] MESSAGE_B= 4 4 4 14 24 0 192 0 248 179 0 1588 1866 1572 1861 1559 1932 1548 1926 763 56 752 46 463 431 454 444 0 6 255 255 255 255 29 255 47 254 0 0 0 0 2 2 2 2 24 0 28912 939008 637406 915670 980138 1246822 1237450 587126 637852 565580 645642 17430 34506 49418 59382 16124 15122 14206 17222 20006 2073600 2073600 4 6 298635 994560 993600 119940 119890 28735 30070 6 6 6 6 7 4 4 4 
[16205.034971] MESSAGE_B= 4 4 4 14 22 0 192 0 248 179 0 1652 1922 1644 1913 1569 1941 1558 1934 692 115 684 130 461 428 454 442 0 6 255 250 255 255 20 113 36 107 0 0 0 0 2 2 2 2 22 0 28614 834706 637406 915670 980138 1246822 1237450 587126 637852 565580 645642 17430 34506 49418 59382 16124 15122 14206 17222 20006 2073600 2073600 4 6 297309 990720 993600 119127 119074 28897 30211 6 6 6 6 7 4 4 4 
[16205.312963] MESSAGE_B= 4 4 4 15 24 0 192 0 248 179 0 1716 2220 1706 2227 1562 1935 1551 1928 659 303 649 320 463 430 455 442 0 6 255 254 255 255 1 156 16 139 0 0 0 0 2 2 2 2 24 0 21538 822612 637406 915670 980138 1246822 1237450 587126 637852 565580 645642 17430 34506 49418 59382 16124 15122 14206 17222 20006 2073600 2073600 4 6 295634 994560 993600 118446 118411 28666 30111 6 6 6 6 7 4 4 4 
[16205.590953] MESSAGE_B= 4 4 4 15 23 0 192 0 248 179 0 1720 2102 1706 2110 1561 1936 1551 1930 661 506 648 500 464 428 454 441 0 6 255 255 255 255 4 39 16 37 0 0 0 0 2 2 2 2 23 0 28160 800324 637406 915670 980138 1246822 1237450 587126 637852 565580 645642 17430 34506 49418 59382 16124 15122 14206 17222 20006 2073600 2073600 4 6 296319 990720 993600 118408 118380 29151 30380 6 6 6 6 6 4 4 4 
[16205.869963] MESSAGE_B= 4 4 4 16 25 0 192 0 248 179 0 1716 2100 1704 2104 1558 1933 1547 1926 661 491 648 475 466 427 455 439 0 6 255 255 255 255 3 50 16 14 0 0 0 0 2 2 2 2 25 0 20504 828880 637406 915670 980138 1246822 1237450 587126 637852 565580 645642 17430 34506 49418 59382 16124 15122 14206 17222 20006 2073600 2073600 4 6 295811 994560 993600 118414 118373 28945 30079 6 6 6 6 6 4 4 4 
[16206.147958] MESSAGE_B= 4 4 4 15 24 1 192 0 248 179 0 1713 2110 1701 2136 1555 1931 1545 1924 658 496 650 503 459 428 454 440 0 6 255 255 255 255 4 48 16 41 0 0 0 0 2 2 2 2 24 1 28008 801644 637406 915670 980138 1246822 1237450 587126 637852 565580 645642 17430 34506 49418 59382 16124 15122 14206 17222 20006 2073600 2073600 4 6 295815 990720 993600 118449 118405 28915 30046 6 6 6 6 6 4 4 4 
[16206.425953] MESSAGE_B= 4 4 4 15 26 0 192 0 248 179 0 1712 2105 1704 2101 1559 1931 1549 1925 659 509 649 505 463 427 456 441 0 6 255 255 255 255 3 48 16 37 0 0 0 0 2 2 2 2 26 0 21368 828994 1117768 1959900 1679736 1481816 1385220 1461170 1026116 1635520 1263922 24764 7766 11372 25132 37384 33880 24230 31468 27286 2073600 2073600 4 6 296305 994560 993600 118418 118435 29054 30398 6 6 6 6 6 4 4 4 
[16206.705956] MESSAGE_B= 4 4 4 52 30 0 192 0 248 179 0 2229 2231 2268 2249 1218 1741 1234 1676 479 497 473 547 236 675 236 662 0 31 254 253 255 255 12 22 1 10 0 0 0 0 0 0 0 0 30 0 24852 800506 1117768 1959900 1679736 1481816 1385220 1461170 1026116 1635520 1263922 24764 7766 11372 25132 37384 33880 24230 31468 27286 2073600 2073600 4 6 87926 990720 993600 31494 31880 37752 37763 6 6 12 12 15 4 4 4 
[16206.985729] MESSAGE_B= 4 4 4 52 30 1 192 0 248 179 0 2234 2234 2272 2250 1219 1745 1235 1679 474 494 471 547 233 671 237 661 0 31 254 254 255 255 11 21 6 11 0 0 0 0 0 0 0 0 30 1 24220 647092 1117768 1959900 1679736 1481816 1385220 1461170 1026116 1635520 1263922 24764 7766 11372 25132 37384 33880 24230 31468 27286 2073600 2073600 4 6 87632 994560 993600 31287 31664 37638 37441 6 6 12 12 15 4 4 4 
[16207.269881] MESSAGE_B= 4 4 4 53 30 0 192 0 248 179 0 2223 2224 2262 2242 1211 1733 1227 1669 477 495 473 545 232 673 237 662 0 31 254 254 255 255 9 20 3 10 0 0 0 0 0 0 0 0 30 0 19078 459914 1117768 1959900 1679736 1481816 1385220 1461170 1026116 1635520 1263922 24764 7766 11372 25132 37384 33880 24230 31468 27286 2073600 2073600 4 12 87416 990720 993600 30957 31477 37616 37544 6 6 12 12 15 4 4 4 
[16207.548103] MESSAGE_B= 4 4 4 52 30 0 192 0 248 179 0 2228 2227 2267 2245 1213 1737 1231 1674 474 497 474 546 236 674 234 661 0 31 253 254 255 255 12 20 1 9 0 0 0 0 0 0 0 0 30 0 23028 644956 1117768 1959900 1679736 1481816 1385220 1461170 1026116 1635520 1263922 24764 7766 11372 25132 37384 33880 24230 31468 27286 2073600 2073600 4 6 87805 994560 993600 31328 31799 36888 37143 6 6 12 12 13 4 4 4 
[16207.704955] MESSAGE_B= 4 4 4 53 30 1 192 0 248 179 0 2227 2230 2263 2247 1210 1736 1227 1672 479 493 479 544 234 674 234 661 0 31 254 254 255 255 12 22 4 10 0 0 0 0 0 0 0 0 30 1 20820 458886 1117768 1959900 1679736 1481816 1385220 1461170 1026116 1635520 1263922 24764 7766 11372 25132 37384 33880 24230 31468 27286 2073600 2073600 4 6 88328 990720 993600 31496 32017 37327 37739 6 6 12 12 18 4 4 4 
[16207.982983] MESSAGE_B= 4 4 4 46 17 1 192 0 248 179 0 1826 2061 1811 2087 2434 2135 2399 2123 182 297 198 306 301 190 282 183 0 31 245 254 253 239 5 44 2 66 0 0 0 0 0 0 0 0 17 1 23566 645140 1117768 1959900 1679736 1481816 1385220 1461170 1026116 1635520 1263922 24764 7766 11372 25132 37384 33880 24230 31468 27286 2073600 2073600 4 6 112600 994560 993600 19632 20371 36309 36288 6 6 6 6 230 4 4 4 
[16208.270347] MESSAGE_B= 4 4 4 46 17 1 192 0 248 179 0 1827 2175 1812 2202 2431 2136 2398 2123 180 262 192 269 296 193 287 181 0 31 244 253 253 240 10 19 5 54 0 0 0 0 0 0 0 0 17 1 26438 283696 1117768 1959900 1679736 1481816 1385220 1461170 1026116 1635520 1263922 24764 7766 11372 25132 37384 33880 24230 31468 27286 2073600 2073600 4 6 113277 990720 993600 19447 20535 36682 36613 6 6 6 6 230 4 4 4 
[16208.555967] MESSAGE_B= 4 4 4 48 18 1 192 0 248 179 0 1907 2078 1885 2099 2442 2146 2410 2135 194 292 203 289 301 206 284 187 0 31 240 253 254 240 9 38 32 58 0 0 0 0 0 0 0 0 18 1 18728 207376 1117768 1959900 1679736 1481816 1385220 1461170 1026116 1635520 1263922 24764 7766 11372 25132 37384 33880 24230 31468 27286 2073600 2073600 4 6 110720 994560 993600 18513 19698 36210 36299 6 6 6 6 29 4 4 4 
[16208.832970] MESSAGE_B= 4 4 4 44 19 1 192 0 248 179 0 1821 2088 1807 2110 2439 2140 2406 2130 153 287 161 289 294 203 283 192 0 31 236 253 253 240 36 25 9 61 0 0 0 0 0 0 0 0 19 1 26498 274348 284114 1658604 424702 1014426 1022900 757196 1028460 275118 332112 31476 13606 19740 36032 39474 32106 27346 35488 23276 2073600 2073600 4 6 110916 990720 993600 19027 20105 35919 35865 6 6 6 6 32 4 4 4 
[16208.992685] MESSAGE_B= 4 4 4 47 18 1 192 0 248 179 0 1880 2087 1869 2107 2436 2137 2404 2127 156 289 136 281 301 200 285 193 0 31 239 253 253 241 52 21 82 55 0 0 0 0 0 0 0 0 18 1 21892 227504 284114 1658604 424702 1014426 1022900 757196 1028460 275118 332112 31476 13606 19740 36032 39474 32106 27346 35488 23276 2073600 2073600 4 6 112078 994560 993600 19264 20297 36252 36265 6 6 6 6 32 4 4 4 
[16209.276973] MESSAGE_B= 4 4 4 185 16 1 192 0 248 179 0 2364 1889 2274 1918 2185 1578 2174 1584 460 403 446 436 312 169 352 209 0 18 238 247 236 245 79 58 71 78 0 0 0 0 2 2 2 2 16 1 28680 265160 284114 1658604 424702 1014426 1022900 757196 1028460 275118 332112 31476 13606 19740 36032 39474 32106 27346 35488 23276 2073600 2073600 4 18 365421 990720 993600 100400 100014 80208 84799 18 18 18 18 29 4 4 4 
[16209.562743] MESSAGE_B= 4 4 4 188 14 2 192 0 248 179 0 2569 1915 2470 1926 2210 1588 2197 1596 385 396 401 418 264 172 309 205 0 18 229 252 238 244 116 58 148 75 0 0 0 0 2 2 2 2 14 2 35246 326966 284114 1658604 424702 1014426 1022900 757196 1028460 275118 332112 31476 13606 19740 36032 39474 32106 27346 35488 23276 2073600 2073600 4 18 357226 994560 993600 98069 97733 78482 82942 18 18 18 18 23 4 4 4 
[16209.844958] MESSAGE_B= 4 4 4 182 15 2 192 0 248 179 0 2392 1895 2286 1920 2224 1566 2242 1571 439 409 413 437 423 166 434 202 0 18 236 248 248 244 0 62 41 68 0 0 0 0 2 2 2 2 15 2 111912 249818 284114 1658604 424702 1014426 1022900 757196 1028460 275118 332112 31476 13606 19740 36032 39474 32106 27346 35488 23276 2073600 2073600 4 18 337902 990720 993600 99563 99133 67760 71446 18 18 18 18 42 4 4 4 
[16210.128884] MESSAGE_B= 4 4 4 149 21 1 192 0 248 179 0 2416 1835 2328 1824 2226 1480 2251 1495 407 529 384 558 467 205 469 233 0 18 231 254 248 250 86 48 92 28 0 0 0 0 2 0 2 0 21 1 35670 321704 284114 1658604 424702 1014426 1022900 757196 1028460 275118 332112 31476 13606 19740 36032 39474 32106 27346 35488 23276 2073600 2073600 4 18 272511 994560 993600 84592 84319 50212 53388 18 18 18 18 81 4 4 4 
[16210.414735] MESSAGE_B= 4 4 4 134 21 1 192 0 248 179 0 2537 1847 2394 1867 2213 1549 2222 1554 408 583 393 598 443 238 450 279 0 18 230 254 253 252 4 209 64 210 0 0 0 0 2 0 2 0 21 1 62410 455770 284114 1658604 424702 1014426 1022900 757196 1028460 275118 332112 31476 13606 19740 36032 39474 32106 27346 35488 23276 2073600 2073600 4 18 252888 990720 993600 84268 84228 41010 43382 18 18 18 18 81 4 4 4 
[16210.571029] MESSAGE_B= 4 4 4 132 14 1 192 0 248 179 0 2358 1990 2271 2008 2354 1654 2382 1702 391 480 371 513 321 270 317 309 0 18 227 250 236 252 65 112 48 118 0 0 0 0 2 2 2 2 14 1 54628 439856 284114 1658604 424702 1014426 1022900 757196 1028460 275118 332112 31476 13606 19740 36032 39474 32106 27346 35488 23276 2073600 2073600 4 18 328247 994560 993600 90607 89845 71454 76341 18 18 18 18 79 4 4 4 
[16210.969963] MESSAGE_B= 4 4 4 143 18 3 192 0 248 179 0 1242 1250 1227 1255 2235 1735 2257 1733 223 270 231 263 622 308 628 314 0 31 253 254 255 255 123 86 134 84 0 0 0 0 0 0 0 0 18 3 66668 375616 284114 1658604 424702 1014426 1022900 757196 1028460 275118 332112 31476 13606 19740 36032 39474 32106 27346 35488 23276 2073600 2073600 4 15 115172 990720 993600 48255 48300 48070 46762 15 15 2 2 63 4 4 4 
[16211.125951] MESSAGE_B= 4 4 4 78 15 4 192 0 248 179 0 1222 1257 1209 1249 2456 1860 2478 1866 249 273 247 275 711 494 716 501 0 31 253 252 255 255 187 98 190 96 0 0 0 0 0 0 0 0 15 4 57810 472684 793518 328972 376016 530566 435256 629770 559560 704064 395600 34644 20606 19440 112300 112742 94234 266874 125788 99488 2073600 2073600 4 15 116810 994560 993600 49351 49575 36606 35426 15 15 2 2 80 4 4 4 
[16211.404229] MESSAGE_B= 4 4 4 93 15 4 192 0 248 179 0 1203 1210 1206 1203 2442 2210 2427 2241 203 287 191 286 728 675 723 677 0 31 255 255 255 255 198 112 203 120 0 0 0 0 0 0 0 0 15 4 33080 640938 793518 328972 376016 530566 435256 629770 559560 704064 395600 34644 20606 19440 112300 112742 94234 266874 125788 99488 2073600 2073600 4 15 127312 990720 993600 55635 55707 36763 36833 15 15 23 23 80 4 4 4 
[16211.682956] MESSAGE_B= 4 4 4 96 11 3 192 0 248 179 0 1183 1192 1171 1187 2242 2527 2235 2540 204 268 206 256 582 643 581 650 0 31 253 253 255 255 173 170 171 178 0 0 0 0 0 0 0 0 11 3 26086 653174 793518 328972 376016 530566 435256 629770 559560 704064 395600 34644 20606 19440 112300 112742 94234 266874 125788 99488 2073600 2073600 4 15 135925 994560 993600 60376 60236 42672 43081 15 15 18 18 79 4 4 4 
[16211.966956] MESSAGE_B= 4 4 4 95 11 3 192 0 248 179 0 1116 1170 1110 1157 2161 2324 2166 2310 213 270 202 273 556 614 560 611 0 31 255 254 255 255 156 161 156 173 0 0 0 0 0 0 0 0 11 3 39676 848866 793518 328972 376016 530566 435256 629770 559560 704064 395600 34644 20606 19440 112300 112742 94234 266874 125788 99488 2073600 2073600 4 15 134958 990720 993600 60164 59915 52962 52654 15 15 18 18 84 4 4 4 
[16212.245959] MESSAGE_B= 4 4 4 90 14 4 192 0 248 179 0 1056 1114 1049 1104 2423 2185 2423 2183 236 349 226 344 890 596 910 603 0 31 252 255 255 255 66 89 69 87 0 0 0 0 0 0 0 0 14 4 29828 656936 793518 328972 376016 530566 435256 629770 559560 704064 395600 34644 20606 19440 112300 112742 94234 266874 125788 99488 2073600 2073600 4 14 139968 994560 993600 54948 55789 45386 44602 14 14 18 18 84 4 4 4 
[16212.541518] MESSAGE_B= 4 4 4 113 11 4 192 0 248 179 0 1041 1062 1034 1050 2279 2307 2265 2322 240 236 238 234 860 767 860 786 0 31 255 253 255 255 58 115 55 122 0 0 0 0 0 0 0 0 11 4 30834 976556 793518 328972 376016 530566 435256 629770 559560 704064 395600 34644 20606 19440 112300 112742 94234 266874 125788 99488 2073600 2073600 4 14 145375 990720 993600 53023 53136 39675 39831 14 14 19 19 84 4 4 4 
[16212.698002] MESSAGE_B= 0 4 4 119 13 4 192 0 248 179 0 1021 1040 1014 1039 2180 2383 2173 2384 161 174 161 163 787 897 774 908 0 31 249 249 255 255 56 139 63 144 0 0 0 0 0 0 0 0 13 4 11934 589714 793518 328972 376016 530566 435256 629770 559560 704064 395600 34644 20606 19440 112300 112742 94234 266874 125788 99488 2073600 2073600 2 14 146206 994560 993600 50626 50496 43936 44453 14 14 19 19 79 4 4 4 
[16212.986960] MESSAGE_B= 4 4 4 125 22 5 192 0 248 179 0 1219 1294 1254 1287 1973 2203 1983 2206 433 181 479 170 624 869 618 863 0 31 255 254 255 255 194 61 204 65 0 0 0 0 0 0 0 0 22 5 13410 987756 793518 328972 376016 530566 435256 629770 559560 704064 395600 34644 20606 19440 112300 112742 94234 266874 125788 99488 2073600 2073600 5 14 135881 990720 993600 39562 39151 52573 54606 14 6 19 19 72 4 4 4 
[16213.265969] MESSAGE_B= 4 4 4 116 33 3 192 0 248 179 0 1862 1124 1903 1135 1929 2058 1943 2054 562 130 582 149 310 787 280 783 0 31 254 241 254 255 199 34 195 14 0 0 0 0 0 0 0 0 33 3 17278 567452 793518 328972 376016 530566 435256 629770 559560 704064 395600 34644 20606 19440 112300 112742 94234 266874 125788 99488 2073600 2073600 4 14 107530 994560 993600 43648 45838 49494 49684 6 6 19 19 90 4 4 4 
[16213.551903] MESSAGE_B= 0 4 4 96 19 2 192 0 248 179 0 1978 1193 2019 1219 1959 1988 1960 1984 648 202 657 243 316 743 323 741 0 31 255 251 255 255 199 145 181 164 0 0 0 0 0 0 0 0 19 2 10916 833134 693508 1146046 358158 1532642 1485180 1528766 1440540 993848 918014 26572 15146 61276 54264 23888 53838 20300 22206 26306 2073600 2073600 2 6 119134 990720 993600 57473 59203 49789 50051 6 6 19 19 90 4 4 4 
[16213.831962] MESSAGE_B= 4 4 4 94 19 1 192 0 248 179 0 1989 1206 2031 1230 1951 1978 1956 1973 655 215 661 252 333 738 332 731 0 31 255 249 255 255 199 149 190 176 0 0 0 0 0 0 0 0 19 1 21094 624196 693508 1146046 358158 1532642 1485180 1528766 1440540 993848 918014 26572 15146 61276 54264 23888 53838 20300 22206 26306 2073600 2073600 4 6 119980 994560 993600 57798 59852 49716 49894 6 6 19 19 82 4 4 4 
[16214.124247] MESSAGE_B= 0 4 4 97 18 1 192 0 248 179 0 1981 1202 2023 1225 1945 2005 1949 1998 652 208 660 249 332 728 331 722 0 31 255 250 255 255 199 150 187 172 0 0 0 0 0 0 0 0 18 1 10844 826292 693508 1146046 358158 1532642 1485180 1528766 1440540 993848 918014 26572 15146 61276 54264 23888 53838 20300 22206 26306 2073600 2073600 2 6 115237 990720 993600 55439 57405 50195 50357 6 6 19 19 38 4 4 4 
[16214.403337] MESSAGE_B= 4 4 4 96 16 1 192 0 248 179 0 1976 1196 2018 1222 1945 1984 1947 1983 650 208 658 244 328 740 328 733 0 31 254 250 255 255 198 147 188 172 0 0 0 0 0 0 0 0 16 1 20554 602390 693508 1146046 358158 1532642 1485180 1528766 1440540 993848 918014 26572 15146 61276 54264 23888 53838 20300 22206 26306 2073600 2073600 4 6 117986 994560 993600 56476 58231 49439 49698 6 6 19 19 36 4 4 4 
[16214.564354] MESSAGE_B= 0 4 4 95 17 1 192 0 248 179 0 1977 1198 2019 1224 1953 2004 1955 1998 644 202 653 241 319 738 323 734 0 31 254 250 255 255 204 143 188 164 0 0 0 0 0 0 0 0 17 1 11678 826412 693508 1146046 358158 1532642 1485180 1528766 1440540 993848 918014 26572 15146 61276 54264 23888 53838 20300 22206 26306 2073600 2073600 2 6 116169 990720 993600 55614 57395 49566 49731 6 6 19 19 37 4 4 4 
[16214.841963] MESSAGE_B= 4 4 4 94 16 1 192 0 248 179 0 1966 1188 2008 1217 1938 2004 1941 1996 643 198 650 235 324 735 323 734 0 31 255 250 255 255 201 138 192 157 0 0 0 0 0 0 0 0 16 1 22316 593254 693508 1146046 358158 1532642 1485180 1528766 1440540 993848 918014 26572 15146 61276 54264 23888 53838 20300 22206 26306 2073600 2073600 4 6 115521 994560 993600 55578 57454 49201 49576 6 6 19 19 37 4 4 4 
[16215.122969] MESSAGE_B= 0 4 4 94 17 1 192 0 248 179 0 1968 1192 2010 1221 1952 2031 1953 2024 631 192 641 227 308 733 308 728 0 31 255 249 255 255 206 125 195 156 0 0 0 0 0 0 0 0 17 1 11608 825722 693508 1146046 358158 1532642 1485180 1528766 1440540 993848 918014 26572 15146 61276 54264 23888 53838 20300 22206 26306 2073600 2073600 2 6 114097 990720 993600 55023 56714 50339 50390 6 6 19 19 37 4 4 4 
[16215.403960] MESSAGE_B= 4 4 4 95 18 1 192 0 248 179 0 1957 1182 1998 1211 1958 2024 1954 2021 629 190 640 224 302 744 303 738 0 31 254 247 255 255 203 118 192 149 0 0 0 0 0 0 0 0 18 1 20946 604914 693508 1146046 358158 1532642 1485180 1528766 1440540 993848 918014 26572 15146 61276 54264 23888 53838 20300 22206 26306 2073600 2073600 4 6 113664 994560 993600 53730 55479 49990 50149 6 6 19 19 34 4 4 4 
[16215.682960] MESSAGE_B= 0 4 4 93 18 1 192 0 248 179 0 1950 1176 1991 1203 1944 2013 1947 2008 627 185 638 220 301 748 302 743 0 31 255 247 255 255 205 118 193 145 0 0 0 0 0 0 0 0 18 1 13194 830200 693508 1146046 358158 1532642 1485180 1528766 1440540 993848 918014 26572 15146 61276 54264 23888 53838 20300 22206 26306 2073600 2073600 2 6 110946 990720 993600 52640 54079 49568 49721 6 6 19 19 34 4 4 4 
[16215.961080] MESSAGE_B= 4 4 4 97 18 1 192 0 248 179 0 1950 1174 1991 1204 1956 2033 1956 2026 625 186 637 215 292 753 296 748 0 31 254 247 255 255 207 109 192 144 0 0 0 0 0 0 0 0 18 1 21298 619640 753520 1292674 1111916 712762 1109894 1162106 1280386 1263110 944288 23462 20220 22756 25724 29278 29214 28090 17194 25904 2073600 2073600 4 6 110978 994560 993600 52606 54641 50440 50597 6 6 19 19 30 4 4 4 
[16216.202960] MESSAGE_B= 0 4 4 96 18 1 192 0 248 179 0 1947 1173 1986 1201 1952 2048 1951 2041 621 177 634 215 297 745 295 741 0 31 254 248 255 255 204 111 194 137 0 0 0 0 0 0 0 0 18 1 11386 834458 753520 1292674 1111916 712762 1109894 1162106 1280386 1263110 944288 23462 20220 22756 25724 29278 29214 28090 17194 25904 2073600 2073600 2 6 107568 990720 993600 51451 53121 50615 50555 6 6 19 19 26 4 4 4 
[16216.482967] MESSAGE_B= 4 4 4 220 18 1 192 0 248 179 0 2276 2032 2217 2105 1586 1700 1560 1708 372 261 450 285 440 671 409 686 0 17 238 225 247 255 61 82 72 5 0 0 0 0 2 2 2 2 18 1 19606 611510 753520 1292674 1111916 712762 1109894 1162106 1280386 1263110 944288 23462 20220 22756 25724 29278 29214 28090 17194 25904 2073600 2073600 4 17 289982 994560 993600 101876 102294 65540 64422 17 17 19 19 60 4 4 4 
[16216.760959] MESSAGE_B= 4 4 4 207 34 3 192 0 248 179 0 896 1603 889 1591 997 1842 998 1820 208 128 208 138 241 195 238 210 0 31 255 244 255 255 159 56 161 29 0 0 0 0 0 0 0 0 34 3 31706 877444 753520 1292674 1111916 712762 1109894 1162106 1280386 1263110 944288 23462 20220 22756 25724 29278 29214 28090 17194 25904 2073600 2073600 4 17 140343 990720 993600 46224 42378 31845 30193 17 17 18 18 155 4 4 4 
[16217.046973] MESSAGE_B= 4 4 4 123 15 2 192 0 248 179 0 2528 2373 2516 2374 2319 2304 2335 2286 550 264 625 267 505 422 477 461 0 18 243 239 255 254 23 51 86 19 0 0 0 0 2 2 2 2 15 2 42210 659072 753520 1292674 1111916 712762 1109894 1162106 1280386 1263110 944288 23462 20220 22756 25724 29278 29214 28090 17194 25904 2073600 2073600 4 18 313412 994560 993600 104317 104267 59416 58210 18 18 19 19 155 4 4 4 
[16217.204723] MESSAGE_B= 4 4 4 221 11 1 192 0 248 179 0 2437 2299 2491 2288 2381 2262 2389 2276 611 240 691 247 477 518 447 528 0 18 247 243 253 254 104 51 102 3 0 0 0 0 2 2 2 2 11 1 23024 292338 753520 1292674 1111916 712762 1109894 1162106 1280386 1263110 944288 23462 20220 22756 25724 29278 29214 28090 17194 25904 2073600 2073600 4 18 314094 990720 993600 106722 106724 54374 52761 18 18 19 19 155 4 4 4 
[16217.485442] MESSAGE_B= 4 4 4 172 26 1 192 0 248 179 0 2150 2109 2152 2101 2258 2483 2270 2488 592 322 663 330 556 463 546 452 0 18 249 252 252 254 35 158 22 143 0 0 0 0 2 2 2 2 26 1 40934 515652 753520 1292674 1111916 712762 1109894 1162106 1280386 1263110 944288 23462 20220 22756 25724 29278 29214 28090 17194 25904 2073600 2073600 4 18 330707 994560 993600 100257 100130 64877 65443 18 18 18 18 73 4 4 4 
[16217.764967] MESSAGE_B= 4 4 4 216 22 1 192 0 248 179 0 2133 1937 2135 1939 2099 2109 2090 2160 633 377 683 383 506 685 529 656 0 18 251 253 252 255 214 203 203 194 0 0 0 0 2 2 2 2 22 1 35578 917644 753520 1292674 1111916 712762 1109894 1162106 1280386 1263110 944288 23462 20220 22756 25724 29278 29214 28090 17194 25904 2073600 2073600 4 18 359609 990720 993600 93808 94371 85637 85793 18 18 18 18 48 4 4 4 
[16218.050775] MESSAGE_B= 4 4 4 144 15 2 192 0 248 179 0 2094 1709 2097 1722 2162 2047 2161 2049 156 269 135 257 148 157 151 150 0 17 245 251 252 245 77 29 67 39 0 0 0 0 0 2 0 2 15 2 27764 519984 753520 1292674 1111916 712762 1109894 1162106 1280386 1263110 944288 23462 20220 22756 25724 29278 29214 28090 17194 25904 2073600 2073600 4 18 243580 994560 993600 58251 60460 65803 64558 18 18 17 17 93 4 4 4 
[16218.337755] MESSAGE_B= 4 4 4 137 14 1 192 0 248 179 0 1936 1909 1926 1927 1991 1878 1990 1884 124 305 134 294 159 82 154 99 0 31 247 252 254 253 88 168 122 133 0 0 0 0 0 0 0 0 14 1 18810 428724 896866 1291638 1011012 1288380 557930 958882 822130 584234 838528 22712 18504 17862 25658 94998 31092 135880 55232 60508 2073600 2073600 4 18 214426 990720 993600 55276 56567 62120 61059 18 18 17 17 119 4 4 4 
[16218.616953] MESSAGE_B= 4 4 4 134 12 4 192 0 248 179 0 2006 1859 2015 1854 1876 1762 1886 1761 443 362 443 376 175 136 190 142 0 31 255 254 255 254 83 53 84 50 0 0 0 0 0 0 0 0 12 4 27566 590062 896866 1291638 1011012 1288380 557930 958882 822130 584234 838528 22712 18504 17862 25658 94998 31092 135880 55232 60508 2073600 2073600 4 17 243663 994560 993600 61265 60007 61764 60627 17 17 17 17 119 4 4 4 
[16218.773954] MESSAGE_B= 4 4 4 139 15 1 192 0 248 179 0 1755 1936 1755 1922 1773 1784 1783 1786 466 337 471 366 228 148 233 154 0 17 251 244 252 242 16 98 28 77 0 0 0 0 2 2 2 2 15 1 17352 485990 896866 1291638 1011012 1288380 557930 958882 822130 584234 838528 22712 18504 17862 25658 94998 31092 135880 55232 60508 2073600 2073600 4 17 265181 990720 993600 65859 64122 67138 68062 17 17 17 17 119 4 4 4 
[16219.054453] MESSAGE_B= 4 4 4 141 14 2 192 0 248 179 0 1686 1812 1668 1766 1877 1851 1870 1852 324 331 285 328 240 162 256 167 0 17 238 247 250 251 72 18 65 1 0 0 0 0 2 2 2 2 14 2 37904 593124 896866 1291638 1011012 1288380 557930 958882 822130 584234 838528 22712 18504 17862 25658 94998 31092 135880 55232 60508 2073600 2073600 4 17 261808 994560 993600 65729 62657 65977 67445 17 17 17 17 116 4 4 4 
[16219.335187] MESSAGE_B= 4 4 4 144 10 2 192 0 248 179 0 1565 2004 1546 2001 1949 1814 1928 1819 85 238 87 221 354 194 383 194 0 17 239 253 250 255 33 127 40 128 0 0 0 0 2 0 2 0 10 2 18422 413368 896866 1291638 1011012 1288380 557930 958882 822130 584234 838528 22712 18504 17862 25658 94998 31092 135880 55232 60508 2073600 2073600 4 17 240512 990720 993600 63602 62521 65859 66822 18 18 17 17 102 4 4 4 
[16219.614958] MESSAGE_B= 4 4 4 159 14 1 192 0 248 179 0 1793 1915 1836 1903 1848 1694 1848 1708 248 246 264 231 291 169 338 165 0 18 254 235 250 253 98 55 79 44 0 0 0 0 2 2 2 2 14 1 41492 392936 896866 1291638 1011012 1288380 557930 958882 822130 584234 838528 22712 18504 17862 25658 94998 31092 135880 55232 60508 2073600 2073600 4 18 272414 994560 993600 67443 66285 68104 70582 18 18 18 18 99 4 4 4 
[16219.891957] MESSAGE_B= 4 4 4 146 27 1 192 0 248 179 0 2169 2142 2123 2141 1890 2573 1863 2564 131 279 114 302 235 160 212 155 0 31 229 254 254 253 46 46 8 71 0 0 0 0 0 0 0 0 27 1 23098 363544 896866 1291638 1011012 1288380 557930 958882 822130 584234 838528 22712 18504 17862 25658 94998 31092 135880 55232 60508 2073600 2073600 4 0 98734 990720 993600 37545 36405 37409 36520 18 18 0 0 97 4 4 4 
[16220.170955] MESSAGE_B= 4 4 4 47 39 0 192 0 248 179 0 2201 2140 2180 2140 1957 2544 1905 2541 158 279 164 308 227 179 217 176 0 31 243 254 252 249 129 35 126 88 0 0 0 0 0 0 0 0 39 0 39934 471304 896866 1291638 1011012 1288380 557930 958882 822130 584234 838528 22712 18504 17862 25658 94998 31092 135880 55232 60508 2073600 2073600 4 19 96957 994560 993600 34502 33591 36849 35785 18 17 0 0 97 4 4 4 
[16220.448964] MESSAGE_B= 4 4 4 48 46 1 192 0 248 179 0 2161 2133 2165 2128 1934 2515 1903 2517 152 278 167 304 166 194 180 178 0 31 254 254 254 250 18 34 23 81 0 0 0 0 0 0 0 0 46 1 27282 330138 896866 1291638 1011012 1288380 557930 958882 822130 584234 838528 22712 18504 17862 25658 94998 31092 135880 55232 60508 2073600 2073600 4 0 105265 990720 993600 37176 36078 37158 36988 18 18 0 0 36 4 4 4 
[16220.739609] MESSAGE_B= 4 4 4 48 38 1 192 0 248 179 0 2165 2134 2132 2122 1999 2504 1953 2501 147 273 134 303 156 188 138 188 0 31 250 253 254 249 16 23 30 74 0 0 0 0 0 0 0 0 38 1 37700 480044 510522 578680 723794 726260 659078 581256 763840 454098 553570 36376 5386 24770 29818 49554 37224 158216 29202 49652 2073600 2073600 4 0 108338 994560 993600 38360 36928 39062 38206 18 18 0 0 26 4 4 4 
[16221.017949] MESSAGE_B= 4 4 4 63 30 3 192 0 248 179 0 2848 2254 2783 2233 1452 1767 1453 1796 244 370 359 319 622 502 633 500 0 21 244 219 255 254 13 183 42 152 0 0 0 0 2 2 2 2 30 3 30904 324282 510522 578680 723794 726260 659078 581256 763840 454098 553570 36376 5386 24770 29818 49554 37224 158216 29202 49652 2073600 2073600 4 18 239865 990720 993600 70221 73196 81140 79500 21 21 18 18 58 4 4 4 
[16221.294963] MESSAGE_B= 4 4 4 18 45 2 192 0 248 179 0 2851 2200 2876 2200 1743 1500 1778 1519 173 473 163 431 752 414 756 443 0 21 243 236 253 252 33 82 54 42 0 0 0 0 2 2 2 0 45 2 48138 490406 510522 578680 723794 726260 659078 581256 763840 454098 553570 36376 5386 24770 29818 49554 37224 158216 29202 49652 2073600 2073600 4 18 244489 994560 993600 70481 73183 84431 82995 21 21 18 18 58 4 4 4 
[16221.451958] MESSAGE_B= 4 4 4 18 41 3 192 0 248 179 0 2905 2136 2918 2151 2591 1641 2605 1651 176 468 167 474 544 616 557 611 0 21 251 243 255 255 188 71 110 82 0 0 0 0 2 2 2 2 41 3 23444 794546 510522 578680 723794 726260 659078 581256 763840 454098 553570 36376 5386 24770 29818 49554 37224 158216 29202 49652 2073600 2073600 4 18 245891 990720 993600 69777 72691 85470 84018 21 21 18 18 39 4 4 4 
[16221.728957] MESSAGE_B= 4 4 4 19 42 2 192 0 248 179 0 2875 2235 2891 2222 1317 1696 1302 1720 208 497 188 484 638 510 644 506 0 21 250 243 255 255 187 127 163 93 0 0 0 0 2 2 2 2 42 2 49184 371340 510522 578680 723794 726260 659078 581256 763840 454098 553570 36376 5386 24770 29818 49554 37224 158216 29202 49652 2073600 2073600 4 18 217640 994560 993600 70613 73707 70113 68280 21 21 18 18 46 4 4 4 
[16222.015647] MESSAGE_B= 4 4 4 19 40 2 192 0 248 179 0 2832 2024 2877 2024 1883 1844 1863 1835 205 101 169 120 246 206 242 218 0 21 205 240 237 253 99 113 82 72 0 0 0 0 2 0 2 0 40 2 23414 785208 510522 578680 723794 726260 659078 581256 763840 454098 553570 36376 5386 24770 29818 49554 37224 158216 29202 49652 2073600 2073600 4 21 195612 990720 993600 70722 74268 58551 56554 21 21 18 18 56 4 4 4 
[16222.292968] MESSAGE_B= 4 4 4 20 44 2 192 0 248 179 0 2768 2299 2771 2322 1349 1658 1372 1650 256 428 284 404 615 748 636 762 0 21 255 243 255 254 76 13 25 37 0 0 0 0 2 0 2 0 44 2 50990 350548 510522 578680 723794 726260 659078 581256 763840 454098 553570 36376 5386 24770 29818 49554 37224 158216 29202 49652 2073600 2073600 4 18 220198 994560 993600 72013 75138 70702 69814 21 21 18 18 56 4 4 4 
[16222.569973] MESSAGE_B= 4 4 4 100 10 1 192 0 248 179 0 2050 1822 2039 1823 2095 1541 2094 1562 315 250 320 246 161 136 162 137 0 31 255 254 255 254 22 78 28 55 0 0 0 0 0 0 0 0 10 1 28534 810076 510522 578680 723794 726260 659078 581256 763840 454098 553570 36376 5386 24770 29818 49554 37224 158216 29202 49652 2073600 2073600 4 20 108806 990720 993600 28680 28524 32009 32118 18 18 20 20 219 4 4 4 
[16222.850322] MESSAGE_B= 4 4 4 103 10 1 192 0 248 179 0 2044 1819 2035 1825 2099 1557 2099 1572 314 252 318 248 165 137 174 127 0 31 255 255 255 255 23 121 27 102 0 0 0 0 0 0 0 0 10 1 17952 406550 510522 578680 723794 726260 659078 581256 763840 454098 553570 36376 5386 24770 29818 49554 37224 158216 29202 49652 2073600 2073600 4 20 110376 994560 993600 28469 28694 32570 32548 18 18 20 20 219 4 4 4 
[16223.127960] MESSAGE_B= 4 4 4 102 9 1 192 0 248 179 0 2042 1828 2033 1827 2105 1557 2105 1571 306 261 311 252 151 137 163 140 0 31 255 255 255 254 40 64 42 55 0 0 0 0 0 0 0 0 9 1 23468 281742 556716 435570 401268 1182664 978592 1133148 672762 312638 560914 26474 4796 58910 49672 50012 70370 38906 40132 31528 2073600 2073600 4 20 111402 990720 993600 28128 28176 32960 32922 18 18 20 20 80 4 4 4 
[16223.405987] MESSAGE_B= 4 4 4 101 9 1 192 0 248 179 0 2030 1827 2023 1827 2104 1547 2104 1563 306 271 310 258 151 141 152 139 0 31 255 255 255 254 46 60 64 59 0 0 0 0 0 0 0 0 9 1 18150 415940 556716 435570 401268 1182664 978592 1133148 672762 312638 560914 26474 4796 58910 49672 50012 70370 38906 40132 31528 2073600 2073600 4 20 111339 994560 993600 27850 27888 33081 33108 18 18 20 20 83 4 4 4 
[16223.682956] MESSAGE_B= 4 4 4 103 8 1 192 0 248 179 0 2021 1837 2015 1829 2102 1562 2104 1573 304 271 302 263 153 135 166 132 0 31 255 255 255 251 56 62 64 55 0 0 0 0 0 0 0 0 8 1 23076 269500 556716 435570 401268 1182664 978592 1133148 672762 312638 560914 26474 4796 58910 49672 50012 70370 38906 40132 31528 2073600 2073600 4 20 111250 990720 993600 27536 27464 33378 33411 18 18 20 20 83 4 4 4 
[16223.963958] MESSAGE_B= 4 4 4 101 8 1 192 0 248 179 0 2012 1832 2008 1835 2101 1574 2107 1575 305 288 303 273 152 133 157 132 0 31 255 255 254 255 71 48 76 48 0 0 0 0 0 0 0 0 8 1 17728 417680 556716 435570 401268 1182664 978592 1133148 672762 312638 560914 26474 4796 58910 49672 50012 70370 38906 40132 31528 2073600 2073600 4 20 111494 994560 993600 27416 27507 33697 33641 18 18 20 20 78 4 4 4 
[16224.241953] MESSAGE_B= 4 4 4 103 11 1 192 0 248 179 0 2003 1825 1999 1827 2099 1559 2104 1573 301 288 305 281 164 130 160 124 0 31 255 255 254 251 70 58 74 57 0 0 0 0 0 0 0 0 11 1 20556 263732 556716 435570 401268 1182664 978592 1133148 672762 312638 560914 26474 4796 58910 49672 50012 70370 38906 40132 31528 2073600 2073600 4 20 111846 990720 993600 26980 27047 34077 34059 18 18 20 20 83 4 4 4 
[16224.400959] MESSAGE_B= 4 4 4 101 10 1 192 0 248 179 0 1999 1829 1997 1828 2099 1556 2105 1571 299 287 307 287 154 125 152 131 0 31 255 254 255 254 85 72 77 46 0 0 0 0 0 0 0 0 10 1 17902 416510 556716 435570 401268 1182664 978592 1133148 672762 312638 560914 26474 4796 58910 49672 50012 70370 38906 40132 31528 2073600 2073600 4 20 111636 994560 993600 26947 27111 34119 34266 18 18 20 20 83 4 4 4 
[16224.678960] MESSAGE_B= 4 4 4 41 17 2 192 0 248 179 0 1073 1479 1046 1448 1459 1768 1446 1766 203 368 187 393 403 539 400 553 0 18 252 255 254 255 125 155 119 162 0 0 0 0 2 2 2 2 17 2 21590 272554 556716 435570 401268 1182664 978592 1133148 672762 312638 560914 26474 4796 58910 49672 50012 70370 38906 40132 31528 2073600 2073600 4 18 150219 990720 993600 27655 26024 70400 69641 11 11 18 18 226 4 4 4 
[16224.958404] MESSAGE_B= 4 4 4 39 17 1 192 0 248 179 0 1195 1390 1146 1422 1577 1840 1576 1823 210 409 191 409 462 406 448 420 0 18 254 255 255 255 166 145 158 136 0 0 0 0 2 2 2 2 17 1 36228 415502 556716 435570 401268 1182664 978592 1133148 672762 312638 560914 26474 4796 58910 49672 50012 70370 38906 40132 31528 2073600 2073600 4 18 144473 994560 993600 28107 28132 65310 64521 11 11 18 18 226 4 4 4 
[16225.204407] MESSAGE_B= 4 4 4 42 12 1 192 0 248 179 0 1269 1320 1235 1322 1718 1968 1730 1965 214 347 208 370 408 307 399 320 0 31 255 253 255 255 171 52 160 62 0 0 0 0 0 0 0 0 12 1 27438 852996 556716 435570 401268 1182664 978592 1133148 672762 312638 560914 26474 4796 58910 49672 50012 70370 38906 40132 31528 2073600 2073600 4 18 136754 990720 993600 27697 28008 61314 60787 11 12 18 18 108 4 4 4 
[16225.483952] MESSAGE_B= 4 4 4 44 11 2 192 0 248 179 0 1213 1187 1211 1172 1668 1902 1675 1906 214 284 187 290 419 294 412 312 0 31 254 249 255 255 149 17 152 5 0 0 0 0 0 0 0 0 11 2 21178 355874 1087224 149348 537378 527102 558244 472190 504550 1012536 1101302 22746 20654 61796 25902 28012 29840 48498 61844 34596 2073600 2073600 4 18 118676 994560 993600 33229 33589 53768 53219 12 12 18 18 118 4 4 4 
[16225.765957] MESSAGE_B= 4 4 4 43 12 1 192 0 248 179 0 1180 1058 1158 1060 1625 1828 1617 1844 245 306 233 299 404 313 401 333 0 31 253 254 255 255 96 43 121 49 0 0 0 0 0 0 0 0 12 1 23644 776882 1087224 149348 537378 527102 558244 472190 504550 1012536 1101302 22746 20654 61796 25902 28012 29840 48498 61844 34596 2073600 2073600 4 12 109278 990720 993600 40317 41229 44372 44911 12 12 18 18 118 4 4 4 
[16226.042957] MESSAGE_B= 4 4 4 39 23 1 192 0 248 179 0 1806 2067 1783 2085 1327 1622 1388 1599 400 454 423 457 461 442 466 437 0 31 254 255 255 255 101 43 96 37 0 0 0 0 0 0 0 0 23 1 25086 408338 1087224 149348 537378 527102 558244 472190 504550 1012536 1101302 22746 20654 61796 25902 28012 29840 48498 61844 34596 2073600 2073600 4 12 135632 994560 993600 42299 43521 55228 54467 1 1 12 12 230 4 4 4 
[16226.319991] MESSAGE_B= 4 4 4 35 20 2 192 0 248 179 0 1777 2105 1744 2106 1684 1604 1743 1595 329 502 324 520 410 431 425 419 0 31 252 254 254 254 113 3 99 20 0 0 0 0 0 0 0 0 20 2 29594 584350 1087224 149348 537378 527102 558244 472190 504550 1012536 1101302 22746 20654 61796 25902 28012 29840 48498 61844 34596 2073600 2073600 4 12 124408 990720 993600 44962 45742 49035 48118 1 1 12 12 230 4 4 4 
[16226.596973] MESSAGE_B= 4 4 4 41 24 1 192 0 248 179 0 1810 2054 1766 2069 1684 1911 1713 1934 294 636 295 621 531 469 505 490 0 31 253 254 255 254 92 171 71 181 0 0 0 0 0 0 0 0 24 1 31862 739870 1087224 149348 537378 527102 558244 472190 504550 1012536 1101302 22746 20654 61796 25902 28012 29840 48498 61844 34596 2073600 2073600 4 12 119505 994560 993600 35959 38253 43386 42603 1 1 12 12 115 4 4 4 
[16226.878980] MESSAGE_B= 4 4 4 40 24 1 192 0 248 179 0 1687 2006 1701 1961 1756 2038 1777 2065 222 587 242 561 420 455 407 449 0 31 252 255 255 254 40 162 28 162 0 0 0 0 0 0 0 0 24 1 28130 509740 1087224 149348 537378 527102 558244 472190 504550 1012536 1101302 22746 20654 61796 25902 28012 29840 48498 61844 34596 2073600 2073600 4 12 119950 990720 993600 38107 39965 40159 39538 1 1 12 12 115 4 4 4 
[16227.155976] MESSAGE_B= 4 4 4 37 21 1 192 0 248 179 0 1675 1472 1671 1492 1758 1889 1799 1905 266 211 291 212 135 365 134 339 0 31 254 253 248 254 21 55 5 67 0 0 0 0 0 0 0 0 21 1 33128 694542 1087224 149348 537378 527102 558244 472190 504550 1012536 1101302 22746 20654 61796 25902 28012 29840 48498 61844 34596 2073600 2073600 4 12 134143 994560 993600 42549 44300 42223 41579 1 1 12 12 109 4 4 4 
[16227.315777] MESSAGE_B= 4 4 4 33 26 1 192 0 248 179 0 1642 1266 1619 1309 1763 1821 1786 1864 270 261 315 271 209 307 192 291 0 31 252 249 255 253 46 102 55 95 0 0 0 0 0 0 0 0 26 1 31660 426542 1087224 149348 537378 527102 558244 472190 504550 1012536 1101302 22746 20654 61796 25902 28012 29840 48498 61844 34596 2073600 2073600 4 12 141925 990720 993600 38413 40214 41174 40686 1 1 12 12 109 4 4 4 
[16227.592956] MESSAGE_B= 4 4 4 40 25 1 192 0 248 179 0 1433 1074 1399 1122 1710 1763 1722 1789 332 292 342 291 215 347 225 351 0 31 253 252 255 255 38 21 49 0 0 0 0 0 0 0 0 0 25 1 42110 665926 1087224 149348 537378 527102 558244 472190 504550 1012536 1101302 22746 20654 61796 25902 28012 29840 48498 61844 34596 2073600 2073600 4 12 166337 994560 993600 41460 40713 42189 41975 12 12 12 12 113 4 4 4 
[16227.871961] MESSAGE_B= 4 4 4 36 26 1 192 0 248 179 0 1441 1065 1412 1114 1699 1768 1710 1795 334 296 352 297 223 339 233 341 0 31 254 253 255 255 32 12 37 1 0 0 0 0 0 0 0 0 26 1 42696 418334 695014 508362 632824 994272 771702 865292 575158 570498 713262 46560 25802 51630 56800 32372 30344 64038 41294 38054 2073600 2073600 4 12 166960 990720 993600 41210 40521 42657 42572 12 12 12 12 113 4 4 4 
[16228.158956] MESSAGE_B= 4 4 4 38 24 1 192 0 248 179 0 1437 1057 1415 1102 1675 1766 1687 1793 338 292 348 293 242 335 252 337 0 31 251 254 255 255 21 7 31 7 0 0 0 0 0 0 0 0 24 1 56584 549566 695014 508362 632824 994272 771702 865292 575158 570498 713262 46560 25802 51630 56800 32372 30344 64038 41294 38054 2073600 2073600 4 12 166261 994560 993600 40769 39932 42779 42781 12 12 12 12 35 4 4 4 
[16228.445968] MESSAGE_B= 4 4 4 41 25 1 192 0 248 179 0 1440 1048 1414 1093 1659 1775 1677 1803 355 306 359 303 276 327 281 331 0 31 253 255 255 255 47 20 44 17 0 0 0 0 0 0 0 0 25 1 45660 388668 695014 508362 632824 994272 771702 865292 575158 570498 713262 46560 25802 51630 56800 32372 30344 64038 41294 38054 2073600 2073600 4 12 166547 990720 993600 40747 40078 42920 42802 12 12 12 12 36 4 4 4 
[16228.722960] MESSAGE_B= 4 4 4 42 23 1 192 0 248 179 0 1415 1028 1404 1069 1621 1764 1637 1797 392 317 380 314 303 329 313 325 0 31 253 255 255 255 95 38 98 28 0 0 0 0 0 0 0 0 23 1 58624 539352 695014 508362 632824 994272 771702 865292 575158 570498 713262 46560 25802 51630 56800 32372 30344 64038 41294 38054 2073600 2073600 4 12 169470 994560 993600 41717 40654 43780 43319 12 12 12 12 37 4 4 4 
[16228.999967] MESSAGE_B= 4 4 4 42 23 1 192 0 248 179 0 1385 1036 1380 1071 1576 1751 1595 1782 435 321 422 316 335 335 345 325 0 31 255 255 255 254 109 48 118 41 0 0 0 0 0 0 0 0 23 1 42148 387704 695014 508362 632824 994272 771702 865292 575158 570498 713262 46560 25802 51630 56800 32372 30344 64038 41294 38054 2073600 2073600 4 12 173338 990720 993600 42964 41541 44574 44259 12 12 12 12 39 4 4 4 
[16229.281770] MESSAGE_B= 4 4 4 43 24 1 192 0 248 179 0 1355 1036 1339 1077 1528 1737 1537 1768 476 339 484 334 357 339 388 323 0 31 255 255 255 254 108 56 121 44 0 0 0 0 0 0 0 0 24 1 56160 512800 695014 508362 632824 994272 771702 865292 575158 570498 713262 46560 25802 51630 56800 32372 30344 64038 41294 38054 2073600 2073600 4 12 181181 994560 993600 45153 43759 46291 45978 12 12 12 12 39 4 4 4 
[16229.568975] MESSAGE_B= 4 4 4 42 17 1 192 0 248 179 0 1333 1048 1323 1084 1496 1703 1493 1732 505 346 506 339 349 313 395 299 0 31 255 255 254 253 109 84 133 78 0 0 0 0 0 0 0 0 17 1 36524 383184 695014 508362 632824 994272 771702 865292 575158 570498 713262 46560 25802 51630 56800 32372 30344 64038 41294 38054 2073600 2073600 4 12 185930 990720 993600 46076 44584 47540 47730 12 12 12 12 39 4 4 4 
[16229.852961] MESSAGE_B= 4 4 4 44 17 1 192 0 248 179 0 1313 1047 1304 1081 1465 1673 1469 1692 527 353 538 349 347 291 387 271 0 31 254 254 253 251 99 115 123 118 0 0 0 0 0 0 0 0 17 1 53744 489530 695014 508362 632824 994272 771702 865292 575158 570498 713262 46560 25802 51630 56800 32372 30344 64038 41294 38054 2073600 2073600 4 12 190704 994560 993600 47358 46337 48424 48585 12 12 12 12 39 4 4 4 
[16230.017959] MESSAGE_B= 4 4 4 42 17 1 192 0 248 179 0 1313 1042 1294 1072 1449 1656 1458 1673 525 360 546 362 351 281 389 259 0 31 255 255 253 251 103 131 120 128 0 0 0 0 0 0 0 0 17 1 35228 378800 695014 508362 632824 994272 771702 865292 575158 570498 713262 46560 25802 51630 56800 32372 30344 64038 41294 38054 2073600 2073600 4 12 192694 990720 993600 47658 47268 48892 48876 12 12 12 12 39 4 4 4 
[16230.304967] MESSAGE_B= 4 4 4 44 16 1 192 0 248 179 0 1341 1044 1304 1075 1433 1637 1438 1652 504 372 531 371 360 270 397 258 0 31 255 255 254 253 118 147 131 145 0 0 0 0 0 0 0 0 16 1 55438 471654 681244 557958 183696 746560 644310 747880 605546 567276 659780 44006 27286 50736 90658 31824 34128 99212 72156 34752 2073600 2073600 4 12 191446 994560 993600 46380 46610 49140 49316 12 12 12 12 40 4 4 4 
[16230.582967] MESSAGE_B= 4 4 4 44 16 1 192 0 248 179 0 1343 1040 1324 1070 1440 1630 1442 1651 495 396 516 395 354 288 386 274 0 31 255 255 254 254 127 127 141 123 0 0 0 0 0 0 0 0 16 1 33596 380464 681244 557958 183696 746560 644310 747880 605546 567276 659780 44006 27286 50736 90658 31824 34128 99212 72156 34752 2073600 2073600 4 12 191077 990720 993600 46939 46496 48775 48867 12 12 12 12 44 4 4 4 
[16230.865930] MESSAGE_B= 4 4 4 44 18 1 192 0 248 179 0 1333 1043 1303 1063 1437 1604 1436 1631 501 411 521 410 346 294 360 278 0 31 255 255 254 255 133 98 145 105 0 0 0 0 0 0 0 0 18 1 59886 452376 681244 557958 183696 746560 644310 747880 605546 567276 659780 44006 27286 50736 90658 31824 34128 99212 72156 34752 2073600 2073600 4 12 192379 994560 993600 47308 47239 48830 49002 12 12 12 12 44 4 4 4 
[16231.143962] MESSAGE_B= 4 4 4 46 19 1 192 0 248 179 0 1344 1085 1309 1084 1440 1568 1440 1598 503 396 521 405 348 278 353 271 0 31 254 254 253 255 147 92 154 92 0 0 0 0 0 0 0 0 19 1 36282 378204 681244 557958 183696 746560 644310 747880 605546 567276 659780 44006 27286 50736 90658 31824 34128 99212 72156 34752 2073600 2073600 4 12 191724 990720 993600 46307 46456 49560 49401 12 12 12 12 43 4 4 4 
[16231.421961] MESSAGE_B= 4 4 4 47 17 2 192 0 248 179 0 2020 1994 2009 1995 1974 1365 2017 1361 402 613 407 615 186 434 189 420 0 31 255 255 248 255 25 164 57 163 0 0 0 0 0 0 0 0 17 2 57172 448948 681244 557958 183696 746560 644310 747880 605546 567276 659780 44006 27286 50736 90658 31824 34128 99212 72156 34752 2073600 2073600 4 19 95130 994560 993600 28900 28906 40841 42235 1 1 19 19 228 4 4 4 
[16231.701960] MESSAGE_B= 4 4 4 79 20 2 192 0 248 179 0 2035 1965 2023 1970 2039 1398 2060 1402 428 666 438 668 180 325 186 318 0 31 255 255 248 254 102 96 65 100 0 0 0 0 0 0 0 0 20 2 21508 349064 681244 557958 183696 746560 644310 747880 605546 567276 659780 44006 27286 50736 90658 31824 34128 99212 72156 34752 2073600 2073600 4 19 94870 990720 993600 24560 24559 40747 42314 11 11 19 19 228 4 4 4 
[16231.979974] MESSAGE_B= 4 4 4 80 17 2 192 0 248 179 0 1993 1934 1983 1936 2028 1486 2057 1479 396 672 392 687 186 285 196 286 0 31 254 255 249 253 92 38 76 45 0 0 0 0 0 0 0 0 17 2 14980 558852 681244 557958 183696 746560 644310 747880 605546 567276 659780 44006 27286 50736 90658 31824 34128 99212 72156 34752 2073600 2073600 4 19 94051 994560 993600 24430 24336 40279 41931 11 11 19 19 79 4 4 4 
[16232.257952] MESSAGE_B= 4 4 4 80 16 2 192 0 248 179 0 1957 1886 1943 1895 2005 1627 2042 1623 385 729 385 733 173 247 165 259 0 31 255 255 245 252 96 123 62 107 0 0 0 0 0 0 0 0 16 2 18000 567662 681244 557958 183696 746560 644310 747880 605546 567276 659780 44006 27286 50736 90658 31824 34128 99212 72156 34752 2073600 2073600 4 19 95187 990720 993600 28240 27615 40706 42311 1 1 19 19 75 4 4 4 
[16232.413965] MESSAGE_B= 4 4 4 84 16 2 192 0 248 179 0 1945 1844 1938 1856 2014 1659 2038 1669 369 766 375 763 191 238 181 233 0 31 255 255 250 252 133 127 99 118 0 0 0 0 0 0 0 0 16 2 14966 474528 681244 557958 183696 746560 644310 747880 605546 567276 659780 44006 27286 50736 90658 31824 34128 99212 72156 34752 2073600 2073600 4 19 96339 994560 993600 29901 29528 40906 42454 1 1 19 19 75 4 4 4 
[16232.691953] MESSAGE_B= 4 4 4 89 22 2 192 0 248 179 0 1971 1921 1954 1928 2032 1612 2062 1605 341 720 331 718 195 289 200 290 0 31 255 255 252 254 84 37 53 41 0 0 0 0 0 0 0 0 22 2 19532 496446 667022 427620 228882 653856 520804 1116472 815794 902172 498690 22078 31038 38326 86378 28286 21292 27008 30798 22466 2073600 2073600 4 19 94687 990720 993600 26479 26104 39870 40831 1 1 19 19 79 4 4 4 
[16232.976629] MESSAGE_B= 4 4 4 83 21 3 192 0 248 179 0 1948 1934 1933 1940 1885 1591 1915 1572 326 739 326 737 303 290 313 295 0 31 255 255 255 255 88 8 72 18 0 0 0 0 0 0 0 0 21 3 15536 509228 667022 427620 228882 653856 520804 1116472 815794 902172 498690 22078 31038 38326 86378 28286 21292 27008 30798 22466 2073600 2073600 4 19 82526 994560 993600 24552 24415 33036 34277 11 11 19 19 82 4 4 4 
[16233.252964] MESSAGE_B= 4 4 4 85 16 3 192 0 248 179 0 1925 1893 1906 1896 1669 1640 1688 1637 336 792 336 794 557 349 563 357 0 31 255 255 255 254 8 130 7 134 0 0 0 0 0 0 0 0 16 3 20308 482772 667022 427620 228882 653856 520804 1116472 815794 902172 498690 22078 31038 38326 86378 28286 21292 27008 30798 22466 2073600 2073600 4 11 82482 990720 993600 24410 24356 19304 19094 11 11 19 19 82 4 4 4 
[16233.537235] MESSAGE_B= 0 4 4 84 22 1 192 0 248 179 0 1914 1947 1899 1948 1842 1647 1854 1637 336 741 337 744 414 295 418 291 0 31 255 255 255 255 28 47 17 49 0 0 0 0 0 0 0 0 22 1 14016 432904 667022 427620 228882 653856 520804 1116472 815794 902172 498690 22078 31038 38326 86378 28286 21292 27008 30798 22466 2073600 2073600 2 11 77674 994560 993600 24344 24157 24850 24463 11 11 19 19 77 4 4 4 
[16233.813962] MESSAGE_B= 4 4 4 78 25 1 192 0 248 179 0 1914 1987 1898 1994 1885 1545 1891 1544 356 669 361 665 397 323 400 323 0 31 255 255 255 254 57 22 43 25 0 0 0 0 0 0 0 0 25 1 12408 492394 667022 427620 228882 653856 520804 1116472 815794 902172 498690 22078 31038 38326 86378 28286 21292 27008 30798 22466 2073600 2073600 5 1 66918 990720 993600 23079 22911 23809 23841 11 11 19 19 78 4 4 4 
[16234.091038] MESSAGE_B= 4 4 4 77 19 2 192 0 248 179 0 1921 1847 1901 1859 1872 1655 1880 1669 333 742 337 732 415 309 417 317 0 31 254 255 255 254 88 79 80 87 0 0 0 0 0 0 0 0 19 2 15200 389292 667022 427620 228882 653856 520804 1116472 815794 902172 498690 22078 31038 38326 86378 28286 21292 27008 30798 22466 2073600 2073600 4 1 84938 994560 993600 27495 27797 24110 24084 1 1 19 19 79 4 4 4 
[16234.368957] MESSAGE_B= 4 4 4 87 26 1 192 0 248 179 0 1926 1846 1909 1850 1856 1495 1869 1488 330 643 343 650 416 390 425 382 0 31 255 255 255 255 40 8 38 7 0 0 0 0 0 0 0 0 26 1 20778 420840 667022 427620 228882 653856 520804 1116472 815794 902172 498690 22078 31038 38326 86378 28286 21292 27008 30798 22466 2073600 2073600 4 1 85786 990720 993600 30291 30408 24954 24733 1 1 19 19 79 4 4 4 
[16234.645962] MESSAGE_B= 4 4 4 76 16 1 192 0 248 179 0 1925 1970 1906 1975 1829 1517 1840 1514 354 650 368 647 414 295 412 294 0 31 254 255 255 254 2 63 10 61 0 0 0 0 0 0 0 0 16 1 18634 394052 667022 427620 228882 653856 520804 1116472 815794 902172 498690 22078 31038 38326 86378 28286 21292 27008 30798 22466 2073600 2073600 4 1 89461 994560 993600 25114 24905 24435 24615 1 1 19 19 75 4 4 4 
[16234.930986] MESSAGE_B= 4 4 4 64 52 1 192 0 248 179 0 2294 1578 2297 1597 1882 960 1902 954 416 576 420 607 490 279 479 281 0 31 252 255 254 249 137 102 111 69 0 0 0 0 0 0 0 0 52 1 20376 455822 667022 427620 228882 653856 520804 1116472 815794 902172 498690 22078 31038 38326 86378 28286 21292 27008 30798 22466 2073600 2073600 4 12 118001 990720 993600 22018 22066 41796 41550 6 6 12 12 66 4 4 4 
[16235.091953] MESSAGE_B= 4 4 4 59 61 1 192 0 248 179 0 2273 1617 2265 1647 1844 965 1857 959 337 592 361 606 452 268 439 268 0 31 252 255 255 249 154 75 133 52 0 0 0 0 0 0 0 0 61 1 18058 378426 533490 536680 427134 578518 542574 715390 832668 811206 575448 20342 16904 4490 25682 25968 18850 31086 22114 23784 2073600 2073600 4 12 116638 994560 993600 23773 23226 41599 40795 6 6 12 12 57 4 4 4 
[16235.371979] MESSAGE_B= 4 4 4 59 58 1 192 0 248 179 0 2388 1647 2353 1692 1884 977 1892 971 259 598 297 602 440 263 442 260 0 31 253 255 255 248 144 95 138 68 0 0 0 0 0 0 0 0 58 1 21698 337570 533490 536680 427134 578518 542574 715390 832668 811206 575448 20342 16904 4490 25682 25968 18850 31086 22114 23784 2073600 2073600 4 12 120134 990720 993600 23146 23101 42265 41923 6 6 12 12 57 4 4 4 
[16235.656900] MESSAGE_B= 4 4 4 62 34 1 192 0 248 179 0 2440 2060 2435 2042 1838 1127 1843 1077 337 495 321 505 408 365 412 389 0 31 254 254 255 254 68 122 52 108 0 0 0 0 0 0 0 0 34 1 19218 325174 533490 536680 427134 578518 542574 715390 832668 811206 575448 20342 16904 4490 25682 25968 18850 31086 22114 23784 2073600 2073600 4 12 102188 994560 993600 23993 22978 39428 39633 24 24 12 12 52 4 4 4 
[16235.933974] MESSAGE_B= 0 4 4 104 13 3 192 0 248 179 0 1767 1613 1777 1603 1962 1629 1967 1635 310 289 306 315 116 169 127 177 0 31 254 255 255 255 31 38 36 37 0 0 0 0 0 0 0 0 13 3 14172 324498 533490 536680 427134 578518 542574 715390 832668 811206 575448 20342 16904 4490 25682 25968 18850 31086 22114 23784 2073600 2073600 2 17 132798 990720 993600 45572 45723 53319 52668 2 2 17 17 109 4 4 4 
[16236.214405] MESSAGE_B= 4 4 4 106 11 3 192 0 248 179 0 1718 1675 1733 1677 1948 1587 1949 1592 289 179 284 187 127 160 133 165 0 31 255 254 254 255 68 59 62 70 0 0 0 0 0 0 0 0 11 3 42414 670500 533490 536680 427134 578518 542574 715390 832668 811206 575448 20342 16904 4490 25682 25968 18850 31086 22114 23784 2073600 2073600 4 17 138707 994560 993600 44667 43219 49247 48961 2 2 17 17 109 4 4 4 
[16236.492951] MESSAGE_B= 0 4 4 101 15 2 192 0 248 179 0 1758 1691 1778 1697 1882 1491 1884 1501 284 111 294 92 130 171 134 177 0 31 255 252 251 255 66 34 74 15 0 0 0 0 0 0 0 0 15 2 12340 422740 533490 536680 427134 578518 542574 715390 832668 811206 575448 20342 16904 4490 25682 25968 18850 31086 22114 23784 2073600 2073600 2 17 134621 990720 993600 47459 46655 42897 42596 2 2 17 17 109 4 4 4 
[16236.769961] MESSAGE_B= 4 4 4 99 14 2 192 0 248 179 0 1823 1737 1829 1740 1872 1422 1868 1434 283 148 282 143 176 199 184 207 0 31 255 255 255 255 37 94 60 77 0 0 0 0 0 0 0 0 14 2 54660 603544 533490 536680 427134 578518 542574 715390 832668 811206 575448 20342 16904 4490 25682 25968 18850 31086 22114 23784 2073600 2073600 4 18 128277 994560 993600 44337 44914 35886 35500 2 2 17 17 108 4 4 4 
[16236.925992] MESSAGE_B= 0 4 4 99 18 2 192 0 248 179 0 1894 1743 1897 1756 1866 1381 1860 1396 275 136 295 149 160 222 172 229 0 31 255 252 254 255 42 2 65 20 0 0 0 0 0 0 0 0 18 2 13228 408548 533490 536680 427134 578518 542574 715390 832668 811206 575448 20342 16904 4490 25682 25968 18850 31086 22114 23784 2073600 2073600 2 18 129433 990720 993600 41654 42198 34143 34091 2 2 18 18 111 4 4 4 
[16237.205958] MESSAGE_B= 4 4 4 102 12 1 192 0 248 179 0 2018 1747 2027 1765 1887 1365 1875 1381 201 154 215 165 149 216 154 219 0 31 254 254 255 255 34 151 23 160 0 0 0 0 0 0 0 0 12 1 44064 399528 533490 536680 427134 578518 542574 715390 832668 811206 575448 20342 16904 4490 25682 25968 18850 31086 22114 23784 2073600 2073600 4 18 133081 994560 993600 37594 37975 35681 35581 2 2 18 18 112 4 4 4 
[16237.483955] MESSAGE_B= 0 4 4 103 15 1 192 0 248 179 0 1957 1762 1982 1777 1885 1376 1878 1390 220 204 214 209 94 233 107 231 0 31 255 255 255 255 87 137 44 146 0 0 0 0 0 0 0 0 15 1 11608 408450 610452 712948 270482 583282 927024 736604 920146 561886 710556 29450 10108 3474 37770 30550 43416 28604 36992 39182 2073600 2073600 2 18 129158 990720 993600 34187 34152 36244 35939 2 2 18 18 112 4 4 4 
[16237.760980] MESSAGE_B= 4 4 4 103 17 2 192 0 248 179 0 1780 1505 1747 1567 2150 1975 2164 2013 588 494 577 586 859 756 861 802 0 17 253 249 255 253 61 113 52 99 0 0 0 0 0 2 0 2 17 2 45720 330676 610452 712948 270482 583282 927024 736604 920146 561886 710556 29450 10108 3474 37770 30550 43416 28604 36992 39182 2073600 2073600 4 17 295613 994560 993600 85412 86427 61496 62278 17 17 17 17 201 4 4 4 
[16238.038966] MESSAGE_B= 4 4 4 174 46 2 192 0 248 179 0 1984 1995 1998 1982 2342 2140 2260 2161 453 459 453 447 551 526 522 540 0 31 249 238 255 254 27 33 20 14 0 0 0 0 0 0 0 0 46 2 19548 450896 610452 712948 270482 583282 927024 736604 920146 561886 710556 29450 10108 3474 37770 30550 43416 28604 36992 39182 2073600 2073600 4 17 245930 990720 993600 61426 60138 63287 61079 17 17 17 17 201 4 4 4 
[16238.318961] MESSAGE_B= 4 4 4 139 34 2 192 0 248 179 0 1867 1998 1867 1985 1151 2266 1134 2268 511 446 519 467 483 514 488 524 0 31 255 255 255 255 88 84 90 87 0 0 0 0 0 0 0 0 34 2 49898 390304 610452 712948 270482 583282 927024 736604 920146 561886 710556 29450 10108 3474 37770 30550 43416 28604 36992 39182 2073600 2073600 4 18 172388 994560 993600 43564 44188 43318 42811 6 6 18 18 95 4 4 4 
[16238.597962] MESSAGE_B= 4 4 4 89 35 1 192 0 248 179 0 1900 1941 1967 1926 1644 1865 1648 1851 514 508 463 512 316 502 324 504 0 31 254 255 255 255 109 44 110 52 0 0 0 0 0 0 0 0 35 1 22898 625738 610452 712948 270482 583282 927024 736604 920146 561886 710556 29450 10108 3474 37770 30550 43416 28604 36992 39182 2073600 2073600 4 18 157514 990720 993600 50604 50306 50343 49473 6 6 18 18 102 4 4 4 
[16238.880965] MESSAGE_B= 4 4 4 92 21 2 192 0 248 179 0 2275 1751 2268 1761 2386 1633 2391 1640 325 587 336 587 510 871 519 879 0 31 254 255 255 255 122 125 121 127 0 0 0 0 0 0 0 0 21 2 30758 650432 610452 712948 270482 583282 927024 736604 920146 561886 710556 29450 10108 3474 37770 30550 43416 28604 36992 39182 2073600 2073600 4 18 152304 994560 993600 46395 46474 53824 54463 6 6 18 18 102 4 4 4 
[16239.039958] MESSAGE_B= 4 4 4 109 22 1 192 0 248 179 0 2123 2139 2088 2193 2544 2023 2553 2023 384 495 390 451 571 572 565 564 0 31 254 254 255 255 25 93 19 85 0 0 0 0 0 0 0 0 22 1 24136 496974 610452 712948 270482 583282 927024 736604 920146 561886 710556 29450 10108 3474 37770 30550 43416 28604 36992 39182 2073600 2073600 4 18 163299 990720 993600 41770 39463 56011 56371 6 6 18 18 102 4 4 4 
[16239.316963] MESSAGE_B= 4 4 4 129 10 2 192 0 248 179 0 2135 2244 2151 2222 2197 2610 2213 2606 390 400 398 414 816 775 828 771 0 18 253 254 255 255 29 32 28 26 0 0 0 0 2 2 2 2 10 2 27376 728704 610452 712948 270482 583282 927024 736604 920146 561886 710556 29450 10108 3474 37770 30550 43416 28604 36992 39182 2073600 2073600 4 18 178901 994560 993600 29465 29844 69108 69336 2 2 18 18 71 4 4 4 
[16239.594963] MESSAGE_B= 4 4 4 119 14 1 192 0 248 179 0 2179 1451 2115 1557 1890 2190 1896 2165 504 388 464 336 138 184 128 180 0 31 255 252 255 254 73 164 53 144 0 0 0 0 0 0 0 0 14 1 20854 429298 610452 712948 270482 583282 927024 736604 920146 561886 710556 29450 10108 3474 37770 30550 43416 28604 36992 39182 2073600 2073600 4 17 183644 990720 993600 51940 50679 61666 63776 6 6 17 17 98 4 4 4 
[16239.871957] MESSAGE_B= 4 4 4 151 36 1 192 0 248 179 0 2375 1582 2274 1746 2432 2437 2412 2431 637 418 648 375 196 160 185 169 0 17 255 249 207 253 51 151 61 151 0 0 0 0 2 0 2 0 36 1 20656 863026 888946 433728 314194 776898 822120 881006 471070 1081756 891152 44262 38662 6824 21020 32730 30590 68916 30986 33046 2073600 2073600 4 17 220600 994560 993600 49764 47875 68498 69854 6 6 17 17 98 4 4 4 
[16240.148967] MESSAGE_B= 4 4 4 175 30 2 192 0 248 179 0 2301 1975 2132 2119 0 2374 0 2357 633 321 717 333 0 199 0 209 0 17 253 232 0 255 0 53 0 26 0 0 1 0 1 0 1 0 30 2 33956 326718 888946 433728 314194 776898 822120 881006 471070 1081756 891152 44262 38662 6824 21020 32730 30590 68916 30986 33046 2073600 2073600 4 17 292105 990720 993600 55385 56781 88499 91440 17 17 17 17 78 4 4 4 
[16240.426995] MESSAGE_B= 4 4 4 191 17 2 192 0 248 179 0 2290 2404 2158 2491 1514 2116 1518 2045 859 375 811 432 74 354 71 406 0 17 255 235 219 255 60 106 143 145 0 0 0 0 2 0 2 0 17 2 20900 667412 888946 433728 314194 776898 822120 881006 471070 1081756 891152 44262 38662 6824 21020 32730 30590 68916 30986 33046 2073600 2073600 4 17 323540 994560 993600 56804 56721 103518 106497 17 17 17 17 72 4 4 4 
[16240.703967] MESSAGE_B= 4 4 4 189 13 1 192 0 248 179 0 2317 2513 2223 2595 1726 1998 1761 1913 857 417 771 479 79 390 107 437 0 17 253 245 228 252 120 62 105 66 0 0 0 2 2 2 2 2 13 1 26378 313734 888946 433728 314194 776898 822120 881006 471070 1081756 891152 44262 38662 6824 21020 32730 30590 68916 30986 33046 2073600 2073600 4 17 328868 990720 993600 50207 49825 113215 115621 17 17 17 17 65 4 4 4 
[16240.988000] MESSAGE_B= 0 4 4 185 17 1 192 0 248 179 0 2582 2287 2481 2402 1804 1949 1841 1868 672 444 622 498 578 383 598 416 0 17 254 253 254 255 96 61 65 97 0 0 0 0 2 2 2 2 17 1 13926 614012 888946 433728 314194 776898 822120 881006 471070 1081756 891152 44262 38662 6824 21020 32730 30590 68916 30986 33046 2073600 2073600 2 17 282168 994560 993600 38717 39738 100907 102806 17 17 17 17 65 4 4 4 
[16241.266159] MESSAGE_B= 4 4 4 179 14 1 192 0 248 179 0 2523 1686 2415 1774 1926 2091 1964 2048 511 367 490 423 704 226 681 249 0 17 251 248 255 255 227 75 219 81 0 0 0 0 0 2 0 2 14 1 23182 477812 888946 433728 314194 776898 822120 881006 471070 1081756 891152 44262 38662 6824 21020 32730 30590 68916 30986 33046 2073600 2073600 4 17 219533 990720 993600 36187 36940 72306 74100 17 17 17 17 104 4 4 4 
[16241.544170] MESSAGE_B= 4 4 4 177 17 2 192 0 248 179 0 2815 2128 2802 2128 2053 1556 2062 1549 265 633 279 635 479 627 477 623 0 31 255 255 255 255 22 49 27 50 0 0 0 0 0 0 0 0 17 2 25324 549510 888946 433728 314194 776898 822120 881006 471070 1081756 891152 44262 38662 6824 21020 32730 30590 68916 30986 33046 2073600 2073600 4 12 115865 994560 993600 41682 41719 35466 35344 7 7 12 12 163 4 4 4 
[16241.823931] MESSAGE_B= 4 0 4 207 34 1 192 0 248 179 0 1494 1886 853 856 1776 1569 930 850 242 377 160 91 235 305 132 139 0 12 129 63 162 114 10 117 84 46 0 2 2 2 2 2 2 2 34 1 15708 565624 888946 433728 314194 776898 822120 881006 471070 1081756 891152 44262 38662 6824 21020 32730 30590 68916 30986 33046 2073600 2073600 4 12 221049 990720 993600 44610 66192 33150 77819 12 12 15 12 186 0 0 0 
[16241.978983] MESSAGE_B= 0 0 4 107 30 1 192 0 248 179 0 1613 1840 976 1153 1809 1736 1114 1067 300 305 212 145 616 638 283 305 0 12 236 202 228 250 42 23 149 54 0 0 2 2 2 0 2 2 30 1 3842 541552 888946 433728 314194 776898 822120 881006 471070 1081756 891152 44262 38662 6824 21020 32730 30590 68916 30986 33046 2073600 2073600 2 12 210594 994560 993600 42899 65268 32968 69459 12 12 12 12 186 0 0 0 
[16242.255960] MESSAGE_B= 0 4 4 99 20 2 192 0 248 179 0 1340 1382 725 748 1336 1337 723 725 543 494 304 280 754 755 418 421 0 31 255 255 255 255 44 14 42 13 0 0 0 0 0 0 0 0 20 2 437836 364302 281854 550802 223684 843454 994246 1005178 486250 640498 782756 732240 20336 133066 31208 18780 41474 48286 12484 734108 2073600 2073600 2 12 205334 990720 993600 33405 62015 41691 68223 12 12 12 12 186 4 4 4 
[16242.537964] MESSAGE_B= 4 4 4 97 14 2 192 0 248 179 0 1756 1683 1061 1069 1874 1813 1129 1087 349 328 191 209 568 615 258 288 0 12 236 221 238 252 82 89 103 118 0 0 2 2 2 2 2 2 14 2 361036 397072 281854 550802 223684 843454 994246 1005178 486250 640498 782756 732240 20336 133066 31208 18780 41474 48286 12484 734108 2073600 2073600 4 12 256143 994560 993600 49208 72679 54213 80043 12 12 12 12 114 4 4 4 
[16242.815969] MESSAGE_B= 4 4 4 110 14 1 192 0 248 179 0 1725 1688 1050 1062 1991 1976 1533 1622 309 340 169 231 469 467 458 539 0 12 234 226 147 164 88 131 44 25 0 0 2 2 2 2 2 2 14 1 298800 462514 281854 550802 223684 843454 994246 1005178 486250 640498 782756 732240 20336 133066 31208 18780 41474 48286 12484 734108 2073600 2073600 4 12 240487 990720 993600 50356 73865 48652 67614 12 12 12 12 107 4 4 4 
[16243.094961] MESSAGE_B= 0 0 4 113 11 1 192 0 248 179 0 1722 1585 1054 1039 1830 1774 1363 1257 314 306 163 198 452 541 465 453 0 12 235 198 142 134 118 61 22 53 0 0 0 2 2 2 2 2 11 1 378622 359070 281854 550802 223684 843454 994246 1005178 486250 640498 782756 732240 20336 133066 31208 18780 41474 48286 12484 734108 2073600 2073600 2 12 256992 994560 993600 52530 76760 51367 76335 12 12 12 12 107 4 0 0 
[16243.376828] MESSAGE_B= 0 0 4 117 12 1 192 0 248 179 0 1750 1706 1064 1068 1853 1755 1381 1068 302 362 165 214 495 582 438 282 0 12 232 207 105 252 124 124 53 97 0 0 0 2 2 2 2 2 12 1 310766 256092 281854 550802 223684 843454 994246 1005178 486250 640498 782756 732240 20336 133066 31208 18780 41474 48286 12484 734108 2073600 2073600 2 12 248641 990720 993600 48210 71106 51600 77725 12 12 12 12 52 4 0 0 
[16243.544955] MESSAGE_B= 0 0 4 115 12 1 192 0 248 179 0 1748 1740 1062 1086 1863 1800 1391 1083 310 374 179 224 489 588 441 280 0 12 229 215 103 254 120 146 59 73 0 0 0 2 2 2 2 2 12 1 384604 372218 281854 550802 223684 843454 994246 1005178 486250 640498 782756 732240 20336 133066 31208 18780 41474 48286 12484 734108 2073600 2073600 2 12 253984 994560 993600 46868 69147 56971 80998 12 12 12 12 44 4 0 0 
[16243.822956] MESSAGE_B= 4 0 0 116 14 1 192 0 248 179 0 1785 1675 1090 1058 1851 1771 1378 1079 342 334 203 208 479 569 424 269 0 12 222 206 101 252 107 100 77 132 0 0 0 2 2 2 2 2 14 1 239576 475234 281854 550802 223684 843454 994246 1005178 486250 640498 782756 732240 20336 133066 31208 18780 41474 48286 12484 734108 2073600 2073600 4 12 246358 990720 993600 46143 69402 52932 77881 12 12 12 12 32 4 0 0 
[16244.102786] MESSAGE_B= 0 0 0 120 12 1 192 0 248 179 0 1767 1684 1070 1077 1881 1830 1398 1103 342 319 183 208 465 562 422 265 0 12 243 235 91 252 96 67 68 137 0 0 0 2 2 2 2 2 12 1 355858 325198 281854 550802 223684 843454 994246 1005178 486250 640498 782756 732240 20336 133066 31208 18780 41474 48286 12484 734108 2073600 2073600 2 12 242240 994560 993600 47438 71085 48599 75118 12 12 12 12 45 4 0 0 
[16244.381958] MESSAGE_B= 4 0 0 125 17 1 192 0 248 179 0 1744 1633 1057 1051 1878 1875 1384 1104 344 293 172 180 462 554 414 260 0 12 240 218 92 255 123 83 43 203 0 0 0 2 2 2 2 2 17 1 312612 438828 281854 550802 223684 843454 994246 1005178 486250 640498 782756 732240 20336 133066 31208 18780 41474 48286 12484 734108 2073600 2073600 4 12 241523 990720 993600 47013 70360 49269 74881 12 12 12 12 45 4 0 0 
[16244.661973] MESSAGE_B= 4 0 0 129 18 1 192 0 248 179 0 1753 1649 1071 1052 1906 1850 1386 1105 343 318 174 178 450 547 408 258 0 12 239 219 93 253 91 79 78 194 0 0 0 2 2 2 2 2 18 1 365732 379208 179670 249244 336814 290588 244090 264532 382106 346808 280780 639684 107716 234688 598734 647988 617540 253280 107872 623212 2073600 2073600 4 12 238795 994560 993600 45922 69199 49077 74597 12 12 12 12 31 4 0 0 
[16244.939958] MESSAGE_B= 4 0 0 135 17 1 192 0 248 179 0 1759 1703 1081 1063 1891 1869 1357 1094 319 332 155 167 455 538 416 256 0 12 237 233 114 253 85 113 45 48 0 0 0 2 2 2 2 2 17 1 318642 467842 179670 249244 336814 290588 244090 264532 382106 346808 280780 639684 107716 234688 598734 647988 617540 253280 107872 623212 2073600 2073600 4 12 235780 990720 993600 44919 67420 50102 73339 12 12 12 12 33 4 0 0 
[16245.217980] MESSAGE_B= 0 0 0 137 16 1 192 0 248 179 0 1786 1781 1103 1107 1894 1922 1351 1127 325 351 164 184 468 545 419 261 0 12 230 231 131 253 86 82 56 79 0 0 0 2 2 2 2 2 16 1 400224 378344 179670 249244 336814 290588 244090 264532 382106 346808 280780 639684 107716 234688 598734 647988 617540 253280 107872 623212 2073600 2073600 2 12 234307 994560 993600 44924 66975 50077 72331 12 12 12 12 33 4 0 0 
[16245.499973] MESSAGE_B= 4 0 0 138 15 2 192 0 248 179 0 1839 1722 1143 1102 1895 2001 1338 1156 329 375 159 190 456 537 430 264 0 12 208 220 139 251 54 17 92 17 0 0 0 2 2 0 2 2 15 2 331886 514012 179670 249244 336814 290588 244090 264532 382106 346808 280780 639684 107716 234688 598734 647988 617540 253280 107872 623212 2073600 2073600 4 12 272425 990720 993600 57832 78353 58681 77559 12 12 12 12 39 4 0 0 
[16245.780958] MESSAGE_B= 0 0 0 127 14 1 192 0 248 179 0 1931 1667 1200 1211 1905 1889 1342 1163 336 299 170 203 465 551 413 263 0 12 211 195 145 244 60 21 58 4 0 0 0 2 2 0 2 2 14 1 372940 372026 179670 249244 336814 290588 244090 264532 382106 346808 280780 639684 107716 234688 598734 647988 617540 253280 107872 623212 2073600 2073600 2 12 289193 994560 993600 59244 81155 66093 82701 12 12 12 12 50 4 0 0 
[16245.947044] MESSAGE_B= 0 0 0 125 15 1 192 0 248 179 0 1950 1624 1203 1209 1914 1874 1352 1188 344 278 161 206 460 546 411 262 0 12 215 174 140 236 67 0 55 21 0 0 0 2 2 0 2 2 15 1 349480 326636 179670 249244 336814 290588 244090 264532 382106 346808 280780 639684 107716 234688 598734 647988 617540 253280 107872 623212 2073600 2073600 2 12 290651 990720 993600 59391 80738 66802 83720 12 12 12 12 50 4 0 0 
[16246.227969] MESSAGE_B= 0 0 0 120 15 1 192 0 248 179 0 1894 1628 1177 1202 1914 1889 1352 1229 329 245 147 177 474 546 403 266 0 12 165 172 145 229 71 38 29 19 0 0 0 2 2 2 2 2 15 1 341910 227568 179670 249244 336814 290588 244090 264532 382106 346808 280780 639684 107716 234688 598734 647988 617540 253280 107872 623212 2073600 2073600 2 12 293954 994560 993600 59876 80500 68271 85307 12 12 12 12 44 4 0 0 
[16246.505955] MESSAGE_B= 0 0 0 122 17 0 192 0 248 179 0 1857 1667 1156 1223 1944 1842 1370 1218 318 254 147 213 478 514 410 269 0 12 164 162 141 234 73 48 42 83 0 0 0 0 2 2 2 2 17 0 367406 361062 179670 249244 336814 290588 244090 264532 382106 346808 280780 639684 107716 234688 598734 647988 617540 253280 107872 623212 2073600 2073600 2 12 297903 990720 993600 60116 80879 70239 86669 12 12 12 12 42 4 0 0 
[16246.787958] MESSAGE_B= 0 0 0 119 18 0 192 0 248 179 0 1867 1704 1153 1228 1944 1816 1360 1232 298 290 132 207 500 521 403 265 0 12 198 176 137 233 78 37 28 83 0 0 0 0 2 2 2 2 18 0 332484 221262 179670 249244 336814 290588 244090 264532 382106 346808 280780 639684 107716 234688 598734 647988 617540 253280 107872 623212 2073600 2073600 2 12 296720 994560 993600 59537 80035 70292 86856 12 12 12 12 42 4 0 0 
[16247.065963] MESSAGE_B= 0 0 0 120 15 1 192 0 248 179 0 1885 1702 1152 1236 1981 1776 1384 1239 308 293 143 196 507 539 411 269 0 12 212 170 129 233 79 78 60 139 0 0 0 0 2 2 2 2 15 1 396116 389098 160382 201270 270906 188678 223496 150904 263574 298216 159376 680674 99832 152210 721200 716422 691184 285086 134980 742806 2073600 2073600 2 12 296420 990720 993600 58588 79860 70844 87128 12 12 12 12 43 4 0 0 
[16247.351985] MESSAGE_B= 0 0 0 116 15 0 192 0 248 179 0 1938 1674 1180 1237 1975 1774 1382 1243 348 287 151 185 517 513 401 269 0 12 227 176 126 232 85 84 66 89 0 0 0 2 2 2 2 2 15 0 335510 225134 160382 201270 270906 188678 223496 150904 263574 298216 159376 680674 99832 152210 721200 716422 691184 285086 134980 742806 2073600 2073600 2 12 295100 994560 993600 57496 78968 71144 87492 12 12 12 12 43 4 0 0 
[16247.629977] MESSAGE_B= 0 0 0 117 15 0 192 0 248 179 0 1956 1670 1191 1251 1978 1753 1391 1243 362 303 156 205 513 497 389 255 0 12 224 195 117 232 99 53 51 94 0 0 0 2 2 2 2 2 15 0 398522 398664 160382 201270 270906 188678 223496 150904 263574 298216 159376 680674 99832 152210 721200 716422 691184 285086 134980 742806 2073600 2073600 2 12 292981 990720 993600 56129 77892 71289 87671 12 12 12 12 43 4 0 0 
[16247.786973] MESSAGE_B= 0 4 0 115 16 0 192 0 248 179 0 1971 1673 1198 1249 1978 1749 1391 1264 358 269 157 195 508 472 386 244 0 12 222 183 118 225 99 37 72 98 0 0 0 0 2 2 2 2 16 0 325002 208608 160382 201270 270906 188678 223496 150904 263574 298216 159376 680674 99832 152210 721200 716422 691184 285086 134980 742806 2073600 2073600 2 12 291701 994560 993600 55282 76895 71593 87931 12 12 12 12 47 4 4 4 
[16248.065970] MESSAGE_B= 4 4 0 110 12 2 192 0 248 179 0 1819 1778 1802 1769 1479 1818 1488 1829 243 407 242 410 229 302 234 307 0 31 254 255 254 255 81 44 70 56 0 0 0 0 0 0 0 0 12 2 392038 419978 160382 201270 270906 188678 223496 150904 263574 298216 159376 680674 99832 152210 721200 716422 691184 285086 134980 742806 2073600 2073600 4 17 147503 990720 993600 40811 40449 32930 33313 17 17 17 17 57 4 4 4 
[16248.343956] MESSAGE_B= 4 4 0 116 11 2 192 0 248 179 0 1786 1693 1768 1682 1487 1810 1495 1823 222 335 226 341 226 297 235 300 0 31 253 255 254 254 24 80 34 92 0 0 0 0 0 0 0 0 11 2 18662 463222 160382 201270 270906 188678 223496 150904 263574 298216 159376 680674 99832 152210 721200 716422 691184 285086 134980 742806 2073600 2073600 4 17 145924 994560 993600 40041 39682 32895 33306 17 17 17 17 57 4 4 4 
[16248.621959] MESSAGE_B= 4 4 4 112 10 2 192 0 248 179 0 1828 1806 1812 1793 1492 1828 1503 1840 238 272 232 283 226 301 234 306 0 31 254 254 254 255 57 9 52 20 0 0 0 0 0 0 0 0 10 2 15806 376080 160382 201270 270906 188678 223496 150904 263574 298216 159376 680674 99832 152210 721200 716422 691184 285086 134980 742806 2073600 2073600 4 17 151999 990720 993600 43110 42881 32877 33131 17 17 17 17 40 4 4 4 
[16248.904439] MESSAGE_B= 4 4 4 112 10 3 192 0 248 179 0 1827 1812 1811 1802 1493 1817 1505 1828 239 263 237 271 234 304 243 307 0 31 254 254 253 254 57 33 56 38 0 0 0 0 0 0 0 0 10 3 17918 422970 160382 201270 270906 188678 223496 150904 263574 298216 159376 680674 99832 152210 721200 716422 691184 285086 134980 742806 2073600 2073600 4 17 148849 994560 993600 41903 41784 32601 32561 17 17 17 17 22 4 4 4 
[16249.190950] MESSAGE_B= 4 4 4 113 10 2 192 0 248 179 0 1842 1817 1825 1806 1510 1818 1516 1828 236 261 237 268 232 297 239 299 0 31 254 254 253 254 38 43 39 52 0 0 0 0 0 0 0 0 10 2 15046 358384 160382 201270 270906 188678 223496 150904 263574 298216 159376 680674 99832 152210 721200 716422 691184 285086 134980 742806 2073600 2073600 4 17 149829 990720 993600 41839 41645 32967 33378 17 17 17 17 22 4 4 4 
[16249.359809] MESSAGE_B= 4 4 4 113 11 3 192 0 248 179 0 1847 1815 1831 1805 1512 1820 1522 1832 242 264 238 270 236 300 237 302 0 31 254 254 254 254 46 36 31 45 0 0 0 0 0 0 0 0 11 3 16860 422678 522240 182530 292592 208870 257218 556574 596336 592752 570398 13640 102074 195748 695128 31128 16890 28326 19140 16484 2073600 2073600 4 17 150513 994560 993600 42191 41887 33005 33430 17 17 17 17 22 4 4 4 
[16249.647957] MESSAGE_B= 0 4 4 113 10 2 192 0 248 179 0 1855 1815 1839 1806 1520 1823 1527 1835 242 266 233 269 242 298 242 304 0 31 254 254 254 254 56 35 45 44 0 0 0 0 0 0 0 0 10 2 14106 358706 522240 182530 292592 208870 257218 556574 596336 592752 570398 13640 102074 195748 695128 31128 16890 28326 19140 16484 2073600 2073600 2 17 148086 990720 993600 41868 41548 32186 32484 17 17 17 17 16 4 4 4 
[16249.924955] MESSAGE_B= 4 4 4 115 11 2 192 0 248 179 0 1864 1821 1846 1810 1530 1832 1537 1843 234 263 239 270 243 304 243 306 0 31 254 254 254 254 51 38 48 46 0 0 0 0 0 0 0 0 11 2 15598 427030 522240 182530 292592 208870 257218 556574 596336 592752 570398 13640 102074 195748 695128 31128 16890 28326 19140 16484 2073600 2073600 4 17 149216 994560 993600 41957 41676 32585 32998 17 17 17 17 16 4 4 4 
[16250.202996] MESSAGE_B= 4 4 4 113 10 2 192 0 248 179 0 1857 1812 1840 1802 1522 1819 1530 1830 234 266 232 272 241 301 245 305 0 31 254 254 254 254 58 37 55 43 0 0 0 0 0 0 0 0 10 2 16046 358464 522240 182530 292592 208870 257218 556574 596336 592752 570398 13640 102074 195748 695128 31128 16890 28326 19140 16484 2073600 2073600 4 17 147450 990720 993600 41452 40958 32385 32655 17 17 17 17 16 4 4 4 
[16250.486056] MESSAGE_B= 0 4 4 47 7 2 192 0 248 179 0 1736 1699 1736 1695 2400 2388 2403 2383 228 244 242 237 413 488 414 494 0 31 254 255 255 255 205 150 206 148 0 0 0 0 0 0 0 0 7 2 15780 419190 522240 182530 292592 208870 257218 556574 596336 592752 570398 13640 102074 195748 695128 31128 16890 28326 19140 16484 2073600 2073600 2 18 176986 994560 993600 47615 47133 55077 54609 17 17 18 18 75 4 4 4 
[16250.763398] MESSAGE_B= 4 4 4 50 8 2 192 0 248 179 0 1709 1723 1723 1704 2315 2272 2318 2266 268 241 281 226 328 509 327 515 0 31 255 255 255 255 183 165 187 166 0 0 0 0 0 0 0 0 8 2 23324 906534 522240 182530 292592 208870 257218 556574 596336 592752 570398 13640 102074 195748 695128 31128 16890 28326 19140 16484 2073600 2073600 4 18 176386 990720 993600 41877 41465 54400 53738 17 17 18 18 80 4 4 4 
[16250.924490] MESSAGE_B= 4 4 4 54 8 3 192 0 248 179 0 1622 1670 1637 1652 2263 2106 2271 2101 265 235 277 224 282 506 277 514 0 31 255 255 255 255 33 108 51 102 0 0 0 0 0 0 0 0 8 3 16372 786852 522240 182530 292592 208870 257218 556574 596336 592752 570398 13640 102074 195748 695128 31128 16890 28326 19140 16484 2073600 2073600 4 18 157063 994560 993600 40039 39765 61077 60091 16 16 19 19 92 4 4 4 
[16251.205955] MESSAGE_B= 4 4 4 60 12 2 192 0 248 179 0 1593 1498 1600 1490 1579 1458 1575 1447 246 308 249 306 288 444 289 428 0 19 254 255 253 254 62 11 112 6 0 0 0 0 2 2 2 2 12 2 67144 836546 522240 182530 292592 208870 257218 556574 596336 592752 570398 13640 102074 195748 695128 31128 16890 28326 19140 16484 2073600 2073600 4 19 161960 990720 993600 45747 46339 72036 72024 16 16 19 19 119 4 4 4 
[16251.487002] MESSAGE_B= 0 4 4 69 12 18 192 0 248 179 0 1416 1593 1410 1586 1615 1804 1624 1778 201 135 200 133 432 300 441 308 0 31 255 252 255 255 62 20 57 23 0 0 0 0 0 0 0 0 12 18 15038 749264 522240 182530 292592 208870 257218 556574 596336 592752 570398 13640 102074 195748 695128 31128 16890 28326 19140 16484 2073600 2073600 1 18 129468 994560 993600 42957 41707 48921 47121 16 16 18 18 155 4 4 4 
[16251.764276] MESSAGE_B= 4 4 4 68 9 5 192 0 248 179 0 1418 1430 1411 1426 1335 1877 1329 1854 97 106 92 114 196 260 186 266 0 31 250 251 255 255 18 44 32 51 0 0 0 0 0 0 0 0 9 5 19840 735656 1115996 358478 196980 551720 588906 1276294 1498632 1428522 1165684 24042 15192 16092 14680 27212 14508 28542 119914 19558 2073600 2073600 4 15 140957 990720 993600 50698 50507 44288 42648 15 15 18 18 155 4 4 4 
[16252.040965] MESSAGE_B= 4 4 4 59 60 1 192 0 248 179 0 2194 1326 2204 1367 2139 2046 2147 1994 580 821 623 820 303 617 300 780 0 7 255 254 254 248 57 203 70 232 0 0 0 0 0 2 0 2 60 1 16036 405430 1115996 358478 196980 551720 588906 1276294 1498632 1428522 1165684 24042 15192 16092 14680 27212 14508 28542 119914 19558 2073600 2073600 4 7 253447 994560 993600 61489 60346 66273 65339 7 7 7 7 145 4 4 4 
[16252.321222] MESSAGE_B= 4 4 4 10 52 1 192 0 248 179 0 2239 1449 2236 1494 2158 1512 2181 1303 561 1077 610 1082 391 793 381 969 0 7 255 254 255 250 52 71 25 30 0 0 0 0 0 2 0 2 52 1 48340 723658 1115996 358478 196980 551720 588906 1276294 1498632 1428522 1165684 24042 15192 16092 14680 27212 14508 28542 119914 19558 2073600 2073600 4 7 235318 990720 993600 51429 49796 67193 66900 7 7 7 7 136 4 4 4 
[16252.607951] MESSAGE_B= 4 4 4 11 32 1 192 0 248 179 0 2103 2036 2070 2058 2073 1385 2099 1121 506 934 541 975 370 444 372 588 0 7 255 254 255 242 109 204 100 182 0 0 0 0 0 0 0 0 32 1 60456 571632 1115996 358478 196980 551720 588906 1276294 1498632 1428522 1165684 24042 15192 16092 14680 27212 14508 28542 119914 19558 2073600 2073600 4 7 235529 994560 993600 52891 51709 64734 66195 7 7 7 7 46 4 4 4 
[16252.766954] MESSAGE_B= 4 4 4 11 34 1 192 0 248 179 0 1997 2101 1962 2111 2044 1376 2065 1152 390 763 396 783 357 516 360 611 0 7 255 253 255 241 170 149 170 150 0 0 0 0 0 0 0 0 34 1 78164 535468 1115996 358478 196980 551720 588906 1276294 1498632 1428522 1165684 24042 15192 16092 14680 27212 14508 28542 119914 19558 2073600 2073600 4 7 240814 990720 993600 54839 53334 65789 66852 7 7 7 7 47 4 4 4 
