[15238.624951] MESSAGE_B= 4 4 0 151 12 1 192 0 248 179 0 2457 2138 2481 2113 2395 1926 2417 1906 166 259 168 266 448 213 455 215 0 31 255 255 255 255 115 113 112 104 0 0 0 0 0 0 0 0 12 1 10116 671132 714948 109198 660846 2 2 2 654358 406634 2 14172 29628 78854 2 2 2 120312 148642 2 2073600 2073600 5 20 125652 994560 993600 48016 48265 31114 31091 19 19 0 0 89 4 4 4 
[15238.899965] MESSAGE_B= 4 4 0 161 10 1 192 0 248 179 0 2449 2057 2475 2031 2277 2091 2296 2073 168 335 160 337 510 171 516 161 0 31 255 255 255 255 28 59 37 68 0 0 0 0 0 0 0 0 10 1 6820 437412 714948 109198 660846 2 2 2 654358 406634 2 14172 29628 78854 2 2 2 120312 148642 2 2073600 2073600 5 20 136980 990720 993600 51393 51378 26966 27030 20 20 0 0 90 4 4 4 
[15239.173955] MESSAGE_B= 4 4 4 153 12 1 192 0 248 179 0 2314 2202 2339 2179 2281 2033 2301 2012 168 294 169 298 473 314 478 313 0 31 255 255 255 255 147 65 148 64 0 0 0 0 0 0 0 0 12 1 10348 593852 714948 109198 660846 2 2 2 654358 406634 2 14172 29628 78854 2 2 2 120312 148642 2 2073600 2073600 5 20 141325 994560 993600 54363 54449 32444 32160 20 20 0 0 90 4 4 4 
[15239.327951] MESSAGE_B= 4 4 4 157 13 1 192 0 248 179 0 2324 2230 2349 2205 2306 1999 2328 1980 244 291 237 285 520 290 525 290 0 31 255 255 255 255 98 93 106 104 0 0 0 0 0 0 0 0 13 1 6622 436956 714948 109198 660846 2 2 2 654358 406634 2 14172 29628 78854 2 2 2 120312 148642 2 2073600 2073600 5 20 129422 990720 993600 49612 49401 31201 30863 20 20 0 0 71 4 4 4 
[15239.602955] MESSAGE_B= 4 4 4 156 21 1 192 0 248 179 0 2340 2021 2352 1997 2308 1959 2330 1939 215 370 210 373 541 348 547 345 0 31 255 255 255 255 167 156 149 153 0 0 0 0 0 0 0 0 21 1 7626 597058 714948 109198 660846 2 2 2 654358 406634 2 14172 29628 78854 2 2 2 120312 148642 2 2073600 2073600 5 0 131969 994560 993600 45927 45220 36524 36160 20 20 0 0 62 4 4 4 
[15239.877967] MESSAGE_B= 4 4 4 141 14 1 192 0 248 179 0 2345 2206 2383 2175 2318 1786 2335 1767 194 210 185 217 508 296 521 291 0 31 255 255 255 255 167 58 186 48 0 0 0 0 0 0 0 0 14 1 8532 464546 714948 109198 660846 2 2 2 654358 406634 2 14172 29628 78854 2 2 2 120312 148642 2 2073600 2073600 5 20 119869 990720 993600 50108 50290 35158 34789 19 19 0 0 76 4 4 4 
[15240.151961] MESSAGE_B= 4 4 4 146 22 1 192 0 248 179 0 2427 2237 2472 2205 2233 1863 2240 1847 171 188 165 198 531 335 548 332 0 31 244 255 255 255 97 24 62 22 0 0 0 0 0 0 0 0 22 1 11248 683112 714948 109198 660846 2 2 2 654358 406634 2 14172 29628 78854 2 2 2 120312 148642 2 2073600 2073600 5 20 120685 994560 993600 46849 46607 31592 30984 20 20 0 0 76 4 4 4 
[15240.425988] MESSAGE_B= 4 4 4 139 18 1 192 0 248 179 0 2379 2166 2406 2169 2146 2006 2162 1992 263 298 258 300 514 294 522 289 0 31 255 252 255 255 93 198 96 179 0 0 0 0 0 0 0 0 18 1 8468 474448 714948 109198 660846 2 2 2 654358 406634 2 14172 29628 78854 2 2 2 120312 148642 2 2073600 2073600 5 20 119697 990720 993600 45188 45818 37863 37520 20 20 0 0 82 4 4 4 
[15240.707794] MESSAGE_B= 4 4 4 148 16 1 192 0 248 179 0 2406 2189 2442 2155 2155 2136 2176 2084 219 336 219 337 502 345 507 308 0 31 255 255 255 255 155 202 157 193 0 0 0 0 0 0 0 0 16 1 20976 712640 825192 960972 1034906 817212 920144 787392 896220 476094 966982 25552 12054 3892 11192 11132 11500 22380 21984 19312 2073600 2073600 4 20 124344 994560 993600 44305 44698 31879 31893 20 20 0 0 82 4 4 4 
[15240.988958] MESSAGE_B= 4 4 4 144 19 1 192 0 248 179 0 2389 2212 2404 2195 2206 1992 2197 1961 224 243 239 240 421 372 460 368 0 31 254 255 253 255 145 196 160 189 0 0 0 0 0 0 0 0 19 1 32580 415312 825192 960972 1034906 817212 920144 787392 896220 476094 966982 25552 12054 3892 11192 11132 11500 22380 21984 19312 2073600 2073600 4 20 116338 990720 993600 44774 44966 34889 33671 20 20 0 0 75 4 4 4 
[15241.270954] MESSAGE_B= 0 4 4 136 19 1 192 0 248 179 0 2381 2191 2411 2168 2187 2046 2217 2034 235 230 235 230 475 256 480 272 0 31 255 255 255 254 152 56 145 69 0 0 0 0 0 0 0 0 19 1 11922 632172 825192 960972 1034906 817212 920144 787392 896220 476094 966982 25552 12054 3892 11192 11132 11500 22380 21984 19312 2073600 2073600 2 0 109978 994560 993600 41206 41254 31417 30356 20 20 0 0 88 4 4 4 
[15241.555214] MESSAGE_B= 4 4 4 131 24 1 192 0 248 179 0 2434 2246 2440 2227 2244 2016 2234 2004 172 212 186 206 491 367 524 335 0 31 253 253 255 255 43 5 59 1 0 0 0 0 0 0 0 0 24 1 24238 388376 825192 960972 1034906 817212 920144 787392 896220 476094 966982 25552 12054 3892 11192 11132 11500 22380 21984 19312 2073600 2073600 4 0 116657 990720 993600 40320 41134 31667 31950 20 20 0 0 96 4 4 4 
[15241.840977] MESSAGE_B= 4 4 4 126 15 1 192 0 248 179 0 2330 2117 2334 2098 2273 2301 2352 2154 242 294 256 302 483 672 658 513 0 31 247 253 254 253 159 150 198 120 0 0 0 0 0 0 0 0 15 1 17372 664250 825192 960972 1034906 817212 920144 787392 896220 476094 966982 25552 12054 3892 11192 11132 11500 22380 21984 19312 2073600 2073600 4 20 100818 994560 993600 36238 35756 24570 22740 20 20 22 22 96 4 4 4 
[15241.997962] MESSAGE_B= 4 4 4 119 13 1 192 0 248 179 0 2293 2035 2232 2089 2242 1970 2234 1963 217 252 276 268 516 335 547 326 0 31 245 237 255 254 190 157 218 87 0 0 0 0 0 0 0 0 13 1 77140 429984 825192 960972 1034906 817212 920144 787392 896220 476094 966982 25552 12054 3892 11192 11132 11500 22380 21984 19312 2073600 2073600 4 20 93935 990720 993600 32592 32302 27462 29197 20 20 22 0 88 4 4 4 
[15242.275963] MESSAGE_B= 4 4 4 112 13 1 192 0 248 179 0 2241 2085 2202 2141 2170 1956 2146 1928 276 259 332 241 555 389 568 325 0 31 252 219 253 251 227 112 241 12 0 0 0 0 0 0 0 0 13 1 60544 587858 825192 960972 1034906 817212 920144 787392 896220 476094 966982 25552 12054 3892 11192 11132 11500 22380 21984 19312 2073600 2073600 4 20 88247 994560 993600 34234 32544 24368 25885 19 19 22 0 101 4 4 4 
[15242.553964] MESSAGE_B= 4 4 4 111 16 1 192 0 248 179 0 2441 2161 2460 2124 2282 2052 2322 2031 207 225 192 236 457 331 449 351 0 31 255 251 255 255 55 37 49 25 0 0 0 0 0 0 0 0 16 1 70082 445238 825192 960972 1034906 817212 920144 787392 896220 476094 966982 25552 12054 3892 11192 11132 11500 22380 21984 19312 2073600 2073600 4 0 140549 990720 993600 36486 37343 37195 36143 20 20 0 0 105 4 4 4 
[15242.831958] MESSAGE_B= 4 4 4 117 17 2 192 0 248 179 0 1924 2176 1949 2155 1399 1605 1413 1585 292 282 301 268 170 107 170 115 0 31 255 255 255 255 34 128 18 134 0 0 0 0 0 0 0 0 17 2 26080 693320 825192 960972 1034906 817212 920144 787392 896220 476094 966982 25552 12054 3892 11192 11132 11500 22380 21984 19312 2073600 2073600 4 15 116473 994560 993600 34648 34890 39630 39857 16 16 14 14 231 4 4 4 
[15243.108952] MESSAGE_B= 0 4 4 114 17 2 192 0 248 179 0 1909 2155 1941 2131 1496 1643 1521 1617 293 282 302 272 124 113 123 113 0 31 255 255 255 255 11 106 3 118 0 0 0 0 0 0 0 0 17 2 13998 429842 815814 569190 958848 800370 816978 835590 632884 517724 694314 20250 8392 6542 24856 31286 46774 94328 36874 35260 2073600 2073600 2 5 109841 990720 993600 35025 34591 40356 40329 16 16 5 5 231 4 4 4 
[15243.386952] MESSAGE_B= 4 4 4 94 16 2 192 0 248 179 0 1912 2083 1932 2067 1484 1571 1503 1555 234 277 244 268 190 140 203 137 0 31 254 255 255 254 77 148 88 155 0 0 0 0 0 0 0 0 16 2 20480 641196 815814 569190 958848 800370 816978 835590 632884 517724 694314 20250 8392 6542 24856 31286 46774 94328 36874 35260 2073600 2073600 4 5 117691 994560 993600 32540 31859 35430 35898 16 16 6 6 68 4 4 4 
[15243.664982] MESSAGE_B= 4 4 4 100 17 2 192 0 248 179 0 1910 2102 1934 2084 1364 1473 1373 1465 257 273 255 268 224 171 232 163 0 31 253 253 255 255 48 143 41 150 0 0 0 0 0 0 0 0 17 2 21440 448982 815814 569190 958848 800370 816978 835590 632884 517724 694314 20250 8392 6542 24856 31286 46774 94328 36874 35260 2073600 2073600 4 5 124360 990720 993600 31485 31013 33943 33858 16 16 14 14 47 4 4 4 
[15243.944956] MESSAGE_B= 4 4 4 108 36 1 192 0 248 179 0 2155 2499 2181 2477 1428 1539 1443 1525 493 534 498 529 259 184 264 181 0 31 255 255 255 255 127 5 124 11 0 0 0 0 0 0 0 0 36 1 21732 543664 815814 569190 958848 800370 816978 835590 632884 517724 694314 20250 8392 6542 24856 31286 46774 94328 36874 35260 2073600 2073600 4 15 96583 994560 993600 23767 23752 35339 35548 16 16 14 14 137 4 4 4 
[15244.225016] MESSAGE_B= 0 4 4 119 29 1 192 0 248 179 0 2196 2282 2224 2269 1993 2288 2014 2277 378 491 377 483 386 513 384 503 0 31 255 255 255 255 197 157 208 158 0 0 0 0 0 0 0 0 29 1 13372 457068 815814 569190 958848 800370 816978 835590 632884 517724 694314 20250 8392 6542 24856 31286 46774 94328 36874 35260 2073600 2073600 2 19 154344 990720 993600 39827 40454 42485 42708 19 19 20 20 148 4 4 4 
[15244.391092] MESSAGE_B= 4 4 4 209 12 1 192 0 248 179 0 2144 2215 2172 2195 2145 2393 2170 2375 395 523 398 522 470 512 479 504 0 31 255 255 255 255 221 167 221 162 0 0 0 0 0 0 0 0 12 1 8154 864934 815814 569190 958848 800370 816978 835590 632884 517724 694314 20250 8392 6542 24856 31286 46774 94328 36874 35260 2073600 2073600 5 20 150841 994560 993600 39628 39899 40665 40917 19 19 20 20 148 4 4 4 
[15244.672959] MESSAGE_B= 4 4 4 211 11 1 192 0 248 179 0 2128 2195 2156 2176 2135 2388 2161 2371 399 534 402 530 480 518 484 510 0 31 255 255 255 255 221 167 224 165 0 0 0 0 0 0 0 0 11 1 6456 732644 815814 569190 958848 800370 816978 835590 632884 517724 694314 20250 8392 6542 24856 31286 46774 94328 36874 35260 2073600 2073600 5 20 149299 990720 993600 39786 40227 40537 40695 19 19 20 20 118 4 4 4 
[15244.951953] MESSAGE_B= 4 4 4 212 10 1 192 0 248 179 0 2127 2200 2157 2180 2141 2394 2166 2378 409 537 408 536 478 519 484 508 0 31 255 255 255 255 220 165 224 163 0 0 0 0 0 0 0 0 10 1 5554 402554 815814 569190 958848 800370 816978 835590 632884 517724 694314 20250 8392 6542 24856 31286 46774 94328 36874 35260 2073600 2073600 5 20 149718 994560 993600 39785 40065 40370 40602 19 19 20 20 12 4 4 4 
[15245.231953] MESSAGE_B= 4 4 4 212 92 1 192 0 248 179 0 1474 2251 1458 2238 2008 1731 2035 1732 123 240 123 239 525 233 538 212 0 31 255 255 255 255 128 187 122 177 0 0 0 0 0 0 0 0 92 1 6350 738800 815814 569190 958848 800370 816978 835590 632884 517724 694314 20250 8392 6542 24856 31286 46774 94328 36874 35260 2073600 2073600 5 14 104852 990720 993600 33870 35925 22011 21905 14 14 0 0 213 4 4 4 
[15245.516759] MESSAGE_B= 4 4 4 111 92 1 192 0 248 179 0 1470 2245 1454 2234 1992 1727 2019 1729 127 244 125 246 518 238 530 216 0 31 255 255 255 255 115 179 114 167 0 0 0 0 0 0 0 0 92 1 41582 398232 736704 601302 435978 824062 872070 438646 1290530 1011640 505140 52694 10552 27016 25938 23106 9790 25388 5028 8338 2073600 2073600 4 14 104157 994560 993600 33487 35161 22071 21998 14 14 0 0 213 4 4 4 
[15245.682818] MESSAGE_B= 4 4 4 112 84 1 192 0 248 179 0 1475 2239 1460 2226 1998 1724 2025 1726 111 239 103 247 507 239 520 212 0 31 255 255 255 255 107 179 115 167 0 0 0 0 0 0 0 0 84 1 36340 419532 736704 601302 435978 824062 872070 438646 1290530 1011640 505140 52694 10552 27016 25938 23106 9790 25388 5028 8338 2073600 2073600 4 14 103364 990720 993600 33469 35341 22093 22026 14 14 0 5 15 4 4 4 
[15245.967148] MESSAGE_B= 4 4 4 112 82 1 192 0 248 179 0 1438 2267 1421 2257 2001 1751 2028 1752 115 265 121 269 497 253 509 229 0 31 255 255 255 255 188 170 172 168 0 0 0 0 0 0 0 0 82 1 40496 624244 736704 601302 435978 824062 872070 438646 1290530 1011640 505140 52694 10552 27016 25938 23106 9790 25388 5028 8338 2073600 2073600 4 14 106734 994560 993600 35861 37628 22466 22401 14 14 0 0 17 4 4 4 
