[ 4108.286864] MESSAGE_B= 0 0 0 50 1 5 192 0 248 179 0 747 875 2292 754 916 577 125 334 187 471 153 101 238 240 125 204 0 1 65 31 34 9 122 16 103 181 2 0 2 0 2 0 2 0 1 5 421150 422856 854248 45742 39286 40954 38922 38990 87614 87660 829822 635132 24282 39290 40958 38926 38994 79850 68944 586248 2073600 2073600 3 1 270201 994560 993600 82720 88302 63632 84257 1 1 1 12 6 0 0 0 0 
[ 4108.573452] MESSAGE_B= 0 0 0 48 1 5 192 0 248 179 0 428 908 1987 487 747 495 250 307 113 672 627 44 78 204 299 144 0 0 81 3 9 49 211 68 136 123 2 2 0 0 2 0 2 2 1 5 362036 566368 854248 45742 39286 40954 38922 38990 87614 87660 829822 635132 24282 39290 40958 38926 38994 79850 68944 586248 2073600 2073600 3 0 246376 990720 993600 66065 115762 39913 81874 0 0 1 12 12 0 0 0 0 
[ 4108.849856] MESSAGE_B= 0 0 0 57 1 2 192 0 248 179 0 621 588 2023 779 764 575 411 394 162 271 275 53 58 218 415 221 0 31 155 161 104 141 193 144 50 155 0 0 0 0 0 0 0 0 1 2 466048 445628 854248 45742 39286 40954 38922 38990 87614 87660 829822 635132 24282 39290 40958 38926 38994 79850 68944 586248 2073600 2073600 3 1 230515 994560 993600 67411 86945 57699 85531 12 1 1 12 17 4 0 0 0 
[ 4109.126115] MESSAGE_B= 0 0 0 65 2 2 192 0 248 179 0 530 823 2034 788 768 550 403 404 179 436 270 50 57 226 380 223 0 31 180 121 78 150 19 44 43 177 0 0 0 0 0 0 0 0 2 2 348274 533484 854248 45742 39286 40954 38922 38990 87614 87660 829822 635132 24282 39290 40958 38926 38994 79850 68944 586248 2073600 2073600 1 0 211246 990720 993600 67179 113625 49940 84476 12 0 12 12 17 4 0 0 0 
[ 4109.404864] MESSAGE_B= 0 0 0 63 1 2 192 0 248 179 0 515 880 2041 779 759 528 420 398 153 522 231 53 57 225 405 220 0 31 160 89 78 150 137 15 43 158 0 0 0 0 0 0 0 0 1 2 563110 510724 854248 45742 39286 40954 38922 38990 87614 87660 829822 635132 24282 39290 40958 38926 38994 79850 68944 586248 2073600 2073600 3 0 212452 994560 993600 67348 115077 52927 83339 12 0 12 12 16 4 0 0 0 
[ 4109.684868] MESSAGE_B= 0 0 0 65 1 2 192 0 248 179 0 515 896 2027 773 761 508 427 396 149 534 229 44 58 220 416 219 0 31 147 105 75 153 124 16 47 179 0 0 0 0 0 0 0 0 1 2 349774 448222 854248 45742 39286 40954 38922 38990 87614 87660 829822 635132 24282 39290 40958 38926 38994 79850 68944 586248 2073600 2073600 3 0 215264 990720 993600 66980 115662 53555 82384 12 0 12 12 10 4 0 0 0 
[ 4109.839853] MESSAGE_B= 0 0 0 67 1 2 192 0 248 179 0 510 907 2016 762 755 488 431 387 145 546 226 46 60 217 422 216 0 31 133 84 80 153 139 15 48 169 0 0 0 0 0 0 0 0 1 2 551842 470930 854248 45742 39286 40954 38922 38990 87614 87660 829822 635132 24282 39290 40958 38926 38994 79850 68944 586248 2073600 2073600 3 12 213899 994560 993600 67198 113416 55507 83106 12 0 12 12 10 4 0 0 0 
[ 4110.121845] MESSAGE_B= 0 0 0 68 1 2 192 0 248 179 0 527 686 2006 762 766 520 426 394 161 376 239 36 63 211 393 217 0 31 151 203 80 144 69 112 58 207 0 0 0 0 0 0 0 0 1 2 345160 452178 854248 45742 39286 40954 38922 38990 87614 87660 829822 635132 24282 39290 40958 38926 38994 79850 68944 586248 2073600 2073600 3 0 212864 990720 993600 70712 115043 52044 82041 12 0 12 12 24 4 0 0 0 
[ 4110.401886] MESSAGE_B= 0 0 0 71 1 3 192 0 248 179 0 520 1366 2063 749 746 609 476 384 280 530 134 42 84 284 482 215 0 31 64 134 145 3 194 16 54 193 0 0 0 0 0 0 0 0 1 3 550880 462500 854248 45742 39286 40954 38922 38990 87614 87660 829822 635132 24282 39290 40958 38926 38994 79850 68944 586248 2073600 2073600 3 0 222876 994560 993600 57790 113790 48674 79446 12 0 12 12 24 5 0 0 0 
[ 4110.678851] MESSAGE_B= 0 0 0 63 1 3 192 0 248 179 0 563 1371 2069 750 730 605 474 384 277 532 133 39 118 295 476 215 0 31 129 155 167 6 151 16 51 210 0 0 0 0 0 0 0 0 1 3 285972 485240 614426 782902 606268 705398 511750 873694 691700 483920 722912 432790 159132 553276 546430 226106 801846 627020 404290 532804 2073600 2073600 3 0 225129 990720 993600 55904 114368 51612 79639 0 0 12 12 15 4 0 0 0 
[ 4110.958856] MESSAGE_B= 0 0 0 60 1 3 192 0 248 179 0 539 1358 2059 746 759 633 444 382 262 516 141 51 70 324 393 208 0 31 78 108 112 112 171 8 49 159 0 0 0 0 0 0 0 0 1 3 461514 421080 614426 782902 606268 705398 511750 873694 691700 483920 722912 432790 159132 553276 546430 226106 801846 627020 404290 532804 2073600 2073600 3 0 219657 994560 993600 56481 113641 45966 80909 12 0 12 12 19 4 0 0 0 
[ 4111.255325] MESSAGE_B= 0 0 0 60 1 3 192 0 248 179 0 649 1101 1947 755 774 733 529 382 238 435 395 42 65 274 369 197 0 31 55 89 146 5 119 79 120 207 0 0 0 0 0 0 0 0 1 3 263582 466286 614426 782902 606268 705398 511750 873694 691700 483920 722912 432790 159132 553276 546430 226106 801846 627020 404290 532804 2073600 2073600 3 0 238228 990720 993600 56825 112265 39120 76812 0 0 1 12 19 5 0 0 0 
[ 4111.415696] MESSAGE_B= 0 0 0 56 1 3 192 0 248 179 0 687 1130 2012 746 767 678 462 374 238 423 270 40 59 285 310 201 0 31 4 28 151 60 197 57 126 217 0 0 0 0 0 0 0 0 1 3 494480 415980 614426 782902 606268 705398 511750 873694 691700 483920 722912 432790 159132 553276 546430 226106 801846 627020 404290 532804 2073600 2073600 3 0 216432 994560 993600 51062 109236 43165 81456 12 0 1 12 20 5 0 0 0 
[ 4111.696852] MESSAGE_B= 0 0 0 55 1 3 192 0 248 179 0 700 1252 2060 753 772 610 433 378 232 435 139 50 59 297 327 206 0 31 110 64 95 39 36 73 82 174 0 0 0 0 0 0 0 0 1 3 354642 448444 614426 782902 606268 705398 511750 873694 691700 483920 722912 432790 159132 553276 546430 226106 801846 627020 404290 532804 2073600 2073600 3 0 226272 990720 993600 55571 114032 46411 81762 0 0 12 12 20 5 0 0 0 
[ 4111.973862] MESSAGE_B= 0 0 0 55 1 2 192 0 248 179 0 756 1054 2002 488 741 406 204 296 240 825 637 16 81 193 175 144 0 0 21 26 6 6 28 49 28 42 2 2 0 0 2 0 2 2 1 2 465756 404694 614426 782902 606268 705398 511750 873694 691700 483920 722912 432790 159132 553276 546430 226106 801846 627020 404290 532804 2073600 2073600 3 0 240448 994560 993600 64064 115848 50522 80478 0 0 12 12 15 0 0 0 0 
[ 4112.249870] MESSAGE_B= 0 0 0 56 1 2 192 0 248 179 0 760 1345 2070 759 745 551 459 389 210 517 145 47 116 292 456 213 0 31 196 100 182 25 22 80 49 176 0 0 0 0 0 0 0 0 1 2 295458 483838 614426 782902 606268 705398 511750 873694 691700 483920 722912 432790 159132 553276 546430 226106 801846 627020 404290 532804 2073600 2073600 3 1 237711 990720 993600 61908 82850 54744 79250 1 1 12 12 13 4 0 0 0 
[ 4112.537856] MESSAGE_B= 0 0 0 53 1 2 192 0 248 179 0 761 1078 1933 486 722 374 278 304 228 783 644 24 111 174 333 154 0 0 3 40 133 23 52 25 99 4 2 2 0 0 2 0 2 2 1 2 439810 427114 614426 782902 606268 705398 511750 873694 691700 483920 722912 432790 159132 553276 546430 226106 801846 627020 404290 532804 2073600 2073600 3 0 240716 994560 993600 71072 114792 58161 79759 0 0 12 12 13 0 0 0 0 
[ 4112.815860] MESSAGE_B= 0 0 0 50 1 2 192 0 248 179 0 734 912 1895 749 811 396 398 321 258 471 283 89 299 237 483 191 0 1 10 11 183 78 135 7 155 169 2 0 2 0 2 0 2 0 1 2 260894 474966 614426 782902 606268 705398 511750 873694 691700 483920 722912 432790 159132 553276 546430 226106 801846 627020 404290 532804 2073600 2073600 3 1 239002 990720 993600 65960 83889 60360 80314 1 1 12 12 13 0 0 0 0 
[ 4113.092844] MESSAGE_B= 0 0 0 56 1 2 192 0 248 179 0 720 1294 2080 762 764 507 474 390 227 494 143 47 62 252 504 215 0 31 142 85 154 155 22 102 53 188 0 0 0 0 0 0 0 0 1 2 413752 433196 798716 607762 587902 587150 505820 860652 712844 590442 803526 542362 496938 497454 509652 358480 637682 511080 500202 495784 2073600 2073600 3 0 237059 994560 993600 63376 116083 52188 80293 0 0 12 12 19 4 0 0 0 
[ 4113.371862] MESSAGE_B= 0 0 0 58 1 1 192 0 248 179 0 484 859 2079 479 742 477 179 303 201 692 658 22 72 184 174 152 0 0 118 50 5 69 97 37 0 35 2 2 0 0 2 0 2 2 1 1 272148 515930 798716 607762 587902 587150 505820 860652 712844 590442 803526 542362 496938 497454 509652 358480 637682 511080 500202 495784 2073600 2073600 1 0 257984 990720 993600 78758 116565 42145 80879 0 0 12 12 22 0 0 0 0 
[ 4113.649857] MESSAGE_B= 0 0 0 49 1 1 192 0 248 179 0 779 913 2172 788 900 591 141 334 137 462 157 93 215 213 148 204 0 1 47 10 4 57 68 17 131 174 2 0 2 0 2 0 2 0 1 1 505522 412078 798716 607762 587902 587150 505820 860652 712844 590442 803526 542362 496938 497454 509652 358480 637682 511080 500202 495784 2073600 2073600 1 1 260727 994560 993600 83535 82208 57723 81072 1 1 1 12 22 0 0 0 0 
[ 4113.925864] MESSAGE_B= 0 0 0 47 1 1 192 0 248 179 0 724 1025 1914 495 740 503 239 308 197 675 589 36 67 177 276 152 0 0 27 31 50 67 33 61 110 62 2 2 0 0 2 0 2 2 1 1 349222 566676 798716 607762 587902 587150 505820 860652 712844 590442 803526 542362 496938 497454 509652 358480 637682 511080 500202 495784 2073600 2073600 1 0 255323 990720 993600 79703 115247 40492 81481 0 0 12 12 8 0 0 0 0 
[ 4114.085609] MESSAGE_B= 0 0 0 46 1 1 192 0 248 179 0 531 925 1962 820 985 611 139 342 127 444 233 110 221 195 144 210 0 31 182 36 38 53 35 9 153 175 2 0 2 0 2 0 2 0 1 1 425650 402838 798716 607762 587902 587150 505820 860652 712844 590442 803526 542362 496938 497454 509652 358480 637682 511080 500202 495784 2073600 2073600 1 1 236460 994560 993600 59141 79186 61425 81530 1 1 1 12 21 0 0 0 0 
[ 4114.363862] MESSAGE_B= 0 0 0 51 0 2 192 0 248 179 0 793 920 2142 480 759 510 198 305 284 793 613 31 96 188 216 147 0 0 42 17 28 48 72 56 113 24 2 2 0 0 2 0 2 2 0 2 367384 576070 798716 607762 587902 587150 505820 860652 712844 590442 803526 542362 496938 497454 509652 358480 637682 511080 500202 495784 2073600 2073600 3 0 272727 990720 993600 87663 117274 37616 83146 0 0 12 12 21 0 0 0 0 
[ 4114.640423] MESSAGE_B= 0 0 0 47 0 2 192 0 248 179 0 790 839 2343 834 961 605 166 341 181 426 204 79 271 160 177 228 0 1 7 26 34 72 162 21 52 165 2 0 2 0 2 0 2 0 0 2 439666 444986 798716 607762 587902 587150 505820 860652 712844 590442 803526 542362 496938 497454 509652 358480 637682 511080 500202 495784 2073600 2073600 3 1 266403 994560 993600 83531 84619 63497 85539 1 1 1 12 21 0 0 0 0 
[ 4114.917868] MESSAGE_B= 0 0 0 47 1 1 192 0 248 179 0 863 744 2111 486 724 539 214 293 250 551 724 38 63 186 257 147 0 0 53 1 16 6 32 100 10 59 2 2 0 0 2 0 2 2 1 1 391066 592582 798716 607762 587902 587150 505820 860652 712844 590442 803526 542362 496938 497454 509652 358480 637682 511080 500202 495784 2073600 2073600 1 0 269237 990720 993600 89946 113693 37911 84305 0 0 12 12 21 0 0 0 0 
[ 4115.193853] MESSAGE_B= 0 0 0 44 1 1 192 0 248 179 0 795 796 2453 1025 410 671 299 353 247 292 411 100 207 152 433 291 0 1 151 57 89 65 2 36 7 121 2 0 2 0 2 0 2 0 1 1 452820 426140 798716 607762 587902 587150 505820 860652 712844 590442 803526 542362 496938 497454 509652 358480 637682 511080 500202 495784 2073600 2073600 1 1 256714 994560 993600 79787 87520 54636 85089 1 1 1 12 22 0 0 0 0 
[ 4115.474864] MESSAGE_B= 0 0 0 45 1 1 192 0 248 179 0 1034 1091 2060 1104 573 630 296 264 239 394 696 293 46 167 381 198 0 0 45 72 20 27 2 117 30 117 2 2 0 0 2 0 2 2 1 1 368728 637116 888468 660334 555250 743540 806276 780786 826434 625392 847044 630208 397078 534466 631946 575612 686412 360988 729060 634006 2073600 2073600 1 0 270453 990720 993600 93042 116097 45971 85982 0 0 12 12 30 0 0 0 0 
[ 4115.751865] MESSAGE_B= 0 0 0 41 1 2 192 0 248 179 0 683 593 2362 1187 359 809 215 321 264 63 474 135 118 186 255 364 0 1 70 7 34 65 167 66 26 43 2 0 0 0 2 0 2 2 1 2 451274 445430 888468 660334 555250 743540 806276 780786 826434 625392 847044 630208 397078 534466 631946 575612 686412 360988 729060 634006 2073600 2073600 3 1 274867 994560 993600 83765 100645 53632 87039 1 1 1 12 42 0 0 0 0 
[ 4116.031873] MESSAGE_B= 0 0 0 43 3 2 192 0 248 179 0 730 401 2261 1362 424 792 392 345 280 58 1085 226 83 238 339 328 0 0 92 36 20 149 140 63 43 57 2 2 0 0 2 0 2 2 3 2 353914 649532 888468 660334 555250 743540 806276 780786 826434 625392 847044 630208 397078 534466 631946 575612 686412 360988 729060 634006 2073600 2073600 2 0 267360 990720 993600 88699 109193 45381 81406 0 0 12 12 42 0 0 0 0 
[ 4116.310844] MESSAGE_B= 0 0 0 37 2 2 192 0 248 179 0 734 474 1891 1639 213 830 511 324 356 102 489 196 28 255 401 390 0 1 32 151 4 218 9 30 11 71 2 0 0 0 2 0 0 2 2 2 585308 454752 888468 660334 555250 743540 806276 780786 826434 625392 847044 630208 397078 534466 631946 575612 686412 360988 729060 634006 2073600 2073600 1 1 272101 994560 993600 86575 89284 56444 76328 1 1 12 12 50 4 0 0 0 
[ 4116.588863] MESSAGE_B= 0 0 0 42 1 3 192 0 248 179 0 637 436 1434 2104 287 953 537 211 321 159 558 319 42 289 307 262 0 1 49 151 108 176 64 74 63 114 2 0 0 2 2 0 0 2 1 3 364502 619054 888468 660334 555250 743540 806276 780786 826434 625392 847044 630208 397078 534466 631946 575612 686412 360988 729060 634006 2073600 2073600 3 1 268056 990720 993600 77891 90343 57463 73747 1 1 1 12 56 0 0 0 0 
[ 4116.866862] MESSAGE_B= 0 0 0 38 2 2 192 0 248 179 0 660 830 1709 2098 632 978 1134 892 71 219 1040 599 55 223 169 289 0 0 179 4 31 142 2 91 16 178 2 2 2 2 2 2 2 2 2 2 640500 464212 888468 660334 555250 743540 806276 780786 826434 625392 847044 630208 397078 534466 631946 575612 686412 360988 729060 634006 2073600 2073600 1 0 228070 994560 993600 69233 95785 73472 67091 0 0 12 12 57 0 0 0 0 
[ 4117.146968] MESSAGE_B= 0 0 0 40 3 2 192 0 248 179 0 578 854 724 2110 196 653 585 465 152 204 432 648 30 111 210 394 0 0 185 101 98 103 156 82 58 28 0 0 0 0 0 2 0 2 3 2 357344 491306 888468 660334 555250 743540 806276 780786 826434 625392 847044 630208 397078 534466 631946 575612 686412 360988 729060 634006 2073600 2073600 2 0 206036 990720 993600 68537 81909 80167 59624 0 0 12 12 62 4 0 0 0 
[ 4117.388852] MESSAGE_B= 0 0 0 45 0 2 192 0 248 179 0 701 721 514 2222 101 536 661 504 299 214 152 756 19 108 181 301 0 0 88 118 83 25 31 158 2 56 0 2 0 0 0 2 0 2 0 2 564156 398930 888468 660334 555250 743540 806276 780786 826434 625392 847044 630208 397078 534466 631946 575612 686412 360988 729060 634006 2073600 2073600 3 0 199828 994560 993600 67266 77928 90464 51041 0 0 12 12 62 4 0 0 0 
[ 4117.665856] MESSAGE_B= 0 0 0 50 2 2 192 0 248 179 0 509 681 406 2338 115 516 755 538 212 150 53 848 29 126 232 265 0 0 181 46 159 80 130 39 146 12 0 2 0 0 0 2 0 2 2 2 482590 534330 888468 660334 555250 743540 806276 780786 826434 625392 847044 630208 397078 534466 631946 575612 686412 360988 729060 634006 2073600 2073600 1 12 192335 990720 993600 64620 69809 90069 46441 0 0 12 12 62 4 0 0 0 
[ 4117.943850] MESSAGE_B= 0 0 0 51 0 2 192 0 248 179 0 629 887 366 1543 173 551 778 544 254 232 83 506 24 90 285 299 0 0 155 18 26 156 204 108 172 50 0 2 0 0 0 2 0 2 0 2 493482 406134 715836 984182 559554 877352 858802 880080 682014 440602 780820 788446 226466 428810 949802 700900 781730 719464 631698 777408 2073600 2073600 3 0 219031 994560 993600 77443 78248 86767 51330 0 0 12 0 56 0 0 0 0 
[ 4118.220854] MESSAGE_B= 0 0 0 45 1 3 192 0 248 179 0 732 732 380 1319 134 281 710 754 359 262 122 779 96 71 324 320 0 1 93 4 112 187 15 180 142 11 0 0 2 0 0 0 0 2 1 3 503844 529582 715836 984182 559554 877352 858802 880080 682014 440602 780820 788446 226466 428810 949802 700900 781730 719464 631698 777408 2073600 2073600 3 1 232821 990720 993600 64614 75616 95101 64049 1 1 12 1 53 5 0 0 0 
[ 4118.497896] MESSAGE_B= 0 0 0 47 2 1 192 0 248 179 0 800 858 680 1364 313 326 695 980 156 201 65 449 110 46 147 289 0 31 71 167 73 61 63 67 77 92 0 0 0 0 0 0 0 0 2 1 299068 376134 715836 984182 559554 877352 858802 880080 682014 440602 780820 788446 226466 428810 949802 700900 781730 719464 631698 777408 2073600 2073600 2 1 213262 994560 993600 59945 73533 99429 62050 1 1 12 1 56 4 0 0 0 
[ 4118.776852] MESSAGE_B= 0 0 0 42 3 1 192 0 248 179 0 827 893 507 702 195 329 654 643 220 304 118 305 135 95 179 209 0 0 58 41 156 30 41 226 58 14 2 2 0 0 0 2 2 0 3 1 551812 458334 715836 984182 559554 877352 858802 880080 682014 440602 780820 788446 226466 428810 949802 700900 781730 719464 631698 777408 2073600 2073600 2 0 209233 990720 993600 69295 78495 98259 48719 0 0 12 0 56 0 0 0 0 
