[ 9452.850848] MESSAGE_B= 4 7 0 232 0 9 192 0 248 179 0 0 0 0 0 0 0 0 0 0 0 0 0 0 0 0 0 1 12 0 0 0 0 0 0 0 0 1 1 1 1 1 1 1 1 0 9 0 0 132050 129538 104818 64414 62376 145130 182572 56872 155156 168608 162494 131750 165552 163028 156710 265792 299188 168818 2073600 2073600 4 12 512416 990720 993600 128104 128104 128104 128104 12 12 12 12 0 5 5 5 5 
[ 9453.125835] MESSAGE_B= 4 7 0 232 0 9 192 0 248 179 0 0 0 0 0 0 0 0 0 0 0 0 0 0 0 0 0 1 12 0 0 0 0 0 0 0 0 1 1 1 1 1 1 1 1 0 9 0 0 2 154070 105222 47838 43998 123114 161306 47090 2 2 186574 165026 176718 139752 139448 243222 102652 2 2073600 2073600 4 12 512416 994560 993600 128104 128104 128104 128104 12 12 12 12 0 5 5 5 5 
[ 9453.281904] MESSAGE_B= 4 7 0 232 0 9 192 0 248 179 0 0 0 0 0 0 0 0 0 0 0 0 0 0 0 0 0 1 12 0 0 0 0 0 0 0 0 1 1 1 1 1 1 1 1 0 9 0 0 2 154070 105222 47838 43998 123114 161306 47090 2 2 186574 165026 176718 139752 139448 243222 102652 2 2073600 2073600 4 12 512416 990720 993600 128104 128104 128104 128104 12 12 12 12 0 5 5 5 5 
[ 9453.561245] MESSAGE_B= 4 5 0 52 1 24 192 0 248 179 0 1021 1123 1412 900 944 1052 1414 991 440 574 344 401 428 578 384 371 0 31 12 149 2 146 250 254 254 254 0 0 0 0 0 0 0 0 1 24 0 0 2 154070 105222 47838 43998 123114 161306 47090 2 2 186574 165026 176718 139752 139448 243222 102652 2 2073600 2073600 4 12 204907 994560 993600 54620 46262 58931 45094 12 12 12 12 106 5 5 5 5 
[ 9453.835862] MESSAGE_B= 5 5 0 60 2 30 192 0 248 179 0 966 1316 1463 858 916 1212 1481 940 414 715 458 377 422 699 463 356 0 31 29 88 9 94 249 255 252 253 0 0 0 0 0 0 0 0 2 30 183734 47880 2 154070 105222 47838 43998 123114 161306 47090 2 2 186574 165026 176718 139752 139448 243222 102652 2 2073600 2073600 6 12 198509 990720 993600 53931 43667 58798 42113 12 12 12 12 117 5 5 5 5 
[ 9454.113871] MESSAGE_B= 5 5 0 61 1 33 192 0 248 179 0 918 1221 1247 1198 839 1190 1259 1254 396 635 423 443 377 689 369 443 0 31 33 31 14 35 251 254 247 254 0 0 0 0 0 0 0 0 1 33 151464 95670 2 154070 105222 47838 43998 123114 161306 47090 2 2 186574 165026 176718 139752 139448 243222 102652 2 2073600 2073600 6 12 193736 994560 993600 55239 40111 60342 38044 12 12 12 12 120 5 5 5 5 
[ 9454.391851] MESSAGE_B= 5 5 5 59 1 22 192 0 248 179 0 932 1137 1498 1252 846 1025 1574 1436 366 582 695 355 356 615 789 369 0 31 78 37 52 15 250 252 252 242 0 0 0 0 0 0 0 0 1 22 220224 38290 2 154070 105222 47838 43998 123114 161306 47090 2 2 186574 165026 176718 139752 139448 243222 102652 2 2073600 2073600 6 12 189716 990720 993600 55382 38101 62857 33376 12 12 12 12 121 5 5 5 5 
[ 9454.676066] MESSAGE_B= 5 5 5 56 0 24 192 0 248 179 0 913 1123 1611 1361 829 1068 1682 1251 379 530 494 507 372 541 470 443 0 31 110 147 50 84 249 246 227 235 0 0 0 0 0 0 0 0 0 24 157824 72538 2 154070 105222 47838 43998 123114 161306 47090 2 2 186574 165026 176718 139752 139448 243222 102652 2 2073600 2073600 6 12 189149 994560 993600 56437 34713 61345 36654 12 12 12 12 127 5 5 5 5 
[ 9454.957352] MESSAGE_B= 5 5 5 59 1 53 192 0 248 179 0 909 1016 1484 1463 820 947 1548 1682 377 618 541 513 373 666 568 546 0 31 66 68 79 82 249 254 224 202 0 0 0 0 0 0 0 0 1 53 228042 55892 2 154070 105222 47838 43998 123114 161306 47090 2 2 186574 165026 176718 139752 139448 243222 102652 2 2073600 2073600 6 12 187104 990720 993600 59864 32263 66977 28000 12 12 12 12 137 5 5 5 5 
[ 9455.242845] MESSAGE_B= 5 5 5 50 1 32 192 0 248 179 0 903 915 1532 1075 813 831 1591 1210 385 486 440 389 380 518 494 300 0 31 95 86 84 5 249 253 250 171 0 0 0 0 0 0 0 0 1 32 277438 96572 2 154070 105222 47838 43998 123114 161306 47090 2 2 186574 165026 176718 139752 139448 243222 102652 2 2073600 2073600 6 12 205199 994560 993600 61482 39621 69484 34612 12 12 12 12 137 5 5 5 5 
[ 9455.518844] MESSAGE_B= 5 5 5 50 1 32 192 0 248 179 0 897 912 1294 1757 812 836 1292 1872 364 548 456 467 360 550 492 430 0 12 100 89 93 89 248 254 251 247 0 0 0 0 0 0 0 0 1 32 325830 85826 170796 43322 2 76116 110928 110436 202294 182898 160172 442282 11110 145902 288800 379090 368476 323626 513516 581158 2073600 2073600 6 12 192365 990720 993600 63872 29543 70286 28664 12 12 12 12 118 5 5 5 5 
[ 9455.798861] MESSAGE_B= 5 5 5 52 1 42 192 0 248 179 0 1386 1515 1709 1902 1423 1608 1807 2040 287 431 344 488 347 394 344 441 0 12 30 85 42 23 214 219 235 237 2 2 2 2 0 0 0 0 1 42 261462 120132 170796 43322 2 76116 110928 110436 202294 182898 160172 442282 11110 145902 288800 379090 368476 323626 513516 581158 2073600 2073600 6 12 214202 994560 993600 65029 40878 72052 36243 12 12 12 12 116 5 5 5 5 
[ 9455.958850] MESSAGE_B= 5 5 5 52 1 30 192 0 248 179 0 1431 1598 1692 1548 1456 1584 1792 1775 291 457 301 229 341 453 351 344 0 12 39 69 53 75 216 242 244 176 2 2 2 2 0 0 0 0 1 30 388714 66142 170796 43322 2 76116 110928 110436 202294 182898 160172 442282 11110 145902 288800 379090 368476 323626 513516 581158 2073600 2073600 6 12 226510 990720 993600 65167 46779 71776 42788 12 12 12 12 116 5 5 5 5 
[ 9456.239858] MESSAGE_B= 5 5 5 51 0 19 192 0 248 179 0 877 1025 1212 852 804 936 1244 935 386 521 550 400 371 544 552 384 0 31 139 129 127 118 249 254 251 254 0 0 0 0 0 0 0 0 0 19 215644 86552 170796 43322 2 76116 110928 110436 202294 182898 160172 442282 11110 145902 288800 379090 368476 323626 513516 581158 2073600 2073600 6 12 228285 994560 993600 61053 51304 66933 48995 12 12 12 12 104 5 5 5 5 
[ 9456.516855] MESSAGE_B= 5 5 5 52 1 28 192 0 248 179 0 875 1144 1198 950 807 1053 1204 987 382 524 522 364 372 545 527 357 0 31 145 102 138 100 248 253 251 243 0 0 0 0 0 0 0 0 1 28 184998 49388 170796 43322 2 76116 110928 110436 202294 182898 160172 442282 11110 145902 288800 379090 368476 323626 513516 581158 2073600 2073600 6 12 211657 990720 993600 55558 47586 61838 46675 12 12 12 12 94 5 5 5 5 
[ 9456.793850] MESSAGE_B= 5 5 5 45 0 30 192 0 248 179 0 709 964 1240 819 651 919 1226 932 292 459 357 296 287 480 351 334 0 31 43 18 43 14 247 255 252 242 0 0 0 0 0 0 0 0 0 30 142024 89740 170796 43322 2 76116 110928 110436 202294 182898 160172 442282 11110 145902 288800 379090 368476 323626 513516 581158 2073600 2073600 6 12 213556 994560 993600 60761 44979 65952 41864 12 12 12 12 101 5 5 5 5 
[ 9457.072852] MESSAGE_B= 5 5 5 45 1 29 192 0 248 179 0 1014 1289 1142 1089 1023 1214 1159 1089 242 250 201 198 259 308 238 221 0 12 84 8 80 12 223 244 245 232 2 2 2 2 0 0 0 0 1 29 224830 59774 170796 43322 2 76116 110928 110436 202294 182898 160172 442282 11110 145902 288800 379090 368476 323626 513516 581158 2073600 2073600 6 12 268548 990720 993600 74371 59754 77391 57032 12 12 12 12 101 5 5 5 5 
[ 9457.353891] MESSAGE_B= 5 5 5 45 1 30 192 0 248 179 0 699 761 731 756 693 789 804 789 125 112 161 121 123 116 181 121 0 12 100 2 208 16 227 240 231 244 2 0 2 0 0 0 0 0 1 30 176476 93008 170796 43322 2 76116 110928 110436 202294 182898 160172 442282 11110 145902 288800 379090 368476 323626 513516 581158 2073600 2073600 6 12 423054 994560 993600 105553 102896 111145 103460 12 12 12 12 89 5 5 5 5 
[ 9457.630865] MESSAGE_B= 5 7 5 54 0 43 192 0 248 179 0 0 0 0 0 0 0 0 0 0 0 0 0 0 0 0 0 1 12 0 0 0 0 0 0 0 0 1 1 1 1 1 1 1 1 0 43 266312 40212 170796 43322 2 76116 110928 110436 202294 182898 160172 442282 11110 145902 288800 379090 368476 323626 513516 581158 2073600 2073600 6 12 512416 990720 993600 128104 128104 128104 128104 12 12 12 12 84 5 5 5 5 
[ 9457.905844] MESSAGE_B= 0 7 5 155 0 115 192 0 248 179 0 0 0 0 0 0 0 0 0 0 0 0 0 0 0 0 0 1 12 0 0 0 0 0 0 0 0 1 1 1 1 1 1 1 1 0 115 0 75128 2 103498 74328 51800 106254 132668 162338 127670 58116 2 245562 169082 309424 276024 248460 197990 341350 467820 2073600 2073600 2 12 512416 994560 993600 128104 128104 128104 128104 12 12 12 12 0 5 5 5 5 
[ 9458.177852] MESSAGE_B= 4 5 5 113 0 21 192 0 248 179 0 737 586 715 822 771 587 715 847 223 257 306 267 234 263 307 271 0 31 195 145 186 166 249 253 254 255 0 0 0 0 0 0 0 0 0 21 0 0 2 103498 74328 51800 106254 132668 162338 127670 58116 2 245562 169082 309424 276024 248460 197990 341350 467820 2073600 2073600 4 12 235302 990720 993600 62152 56740 60724 55686 12 12 12 12 75 5 5 5 5 
[ 9458.461498] MESSAGE_B= 5 5 5 53 0 24 192 0 248 179 0 1487 1226 1445 1623 1537 1236 1420 1639 376 447 579 498 384 462 551 491 0 31 198 145 196 162 249 253 254 255 0 0 0 0 0 0 0 0 0 24 85812 23154 2 103498 74328 51800 106254 132668 162338 127670 58116 2 245562 169082 309424 276024 248460 197990 341350 467820 2073600 2073600 6 12 138407 994560 993600 35225 34504 34177 34501 12 12 12 12 92 5 5 5 5 
[ 9458.738862] MESSAGE_B= 5 5 5 21 0 22 192 0 248 179 0 1588 1359 1592 1666 1645 1375 1564 1688 373 435 508 530 379 435 459 519 0 31 166 131 159 141 250 253 253 255 0 0 0 0 0 0 0 0 0 22 122464 32724 2 103498 74328 51800 106254 132668 162338 127670 58116 2 245562 169082 309424 276024 248460 197990 341350 467820 2073600 2073600 6 11 132941 990720 993600 30410 35812 31368 35351 11 11 11 11 92 5 5 5 5 
[ 9459.025852] MESSAGE_B= 5 5 5 20 1 20 192 0 248 179 0 1594 1357 1605 1660 1661 1376 1564 1704 377 416 519 597 375 418 482 585 0 31 169 127 169 133 251 253 253 255 0 0 0 0 0 0 0 0 1 20 114210 111160 2 103498 74328 51800 106254 132668 162338 127670 58116 2 245562 169082 309424 276024 248460 197990 341350 467820 2073600 2073600 6 11 127241 994560 993600 29739 34755 31395 36518 12 11 0 0 83 5 5 5 5 
[ 9459.191847] MESSAGE_B= 5 5 5 20 1 20 192 0 248 179 0 1604 1362 1637 1730 1661 1387 1589 1786 398 411 520 587 395 407 478 563 0 31 157 132 161 140 252 253 253 254 0 0 0 0 0 0 0 0 1 20 127956 39540 2 103498 74328 51800 106254 132668 162338 127670 58116 2 245562 169082 309424 276024 248460 197990 341350 467820 2073600 2073600 6 0 134939 990720 993600 29786 35694 32099 39580 12 0 0 0 83 5 5 5 5 
[ 9459.471233] MESSAGE_B= 5 5 5 19 1 18 192 0 248 179 0 1600 1390 1588 1720 1650 1405 1548 1777 403 400 539 555 396 405 493 545 0 31 150 156 153 161 251 253 254 254 0 0 0 0 0 0 0 0 1 18 139158 104528 2 103498 74328 51800 106254 132668 162338 127670 58116 2 245562 169082 309424 276024 248460 197990 341350 467820 2073600 2073600 6 0 136012 994560 993600 30208 34694 33834 38039 12 0 0 0 83 5 5 5 5 
[ 9459.749848] MESSAGE_B= 5 5 5 20 0 18 192 0 248 179 0 1584 1386 1560 1702 1629 1401 1531 1739 415 426 496 560 406 434 445 555 0 31 143 152 138 155 252 254 253 254 0 0 0 0 0 0 0 0 0 18 109868 54532 2 103498 74328 51800 106254 132668 162338 127670 58116 2 245562 169082 309424 276024 248460 197990 341350 467820 2073600 2073600 6 0 132170 990720 993600 30182 34347 32435 37235 12 11 0 0 83 5 5 5 5 
[ 9460.026859] MESSAGE_B= 5 5 5 19 1 16 192 0 248 179 0 1218 1058 1151 1338 1261 1087 1130 1376 318 373 391 427 315 377 354 426 0 31 120 146 118 145 251 254 255 254 0 0 0 0 0 0 0 0 1 16 104786 92738 2 103498 74328 51800 106254 132668 162338 127670 58116 2 245562 169082 309424 276024 248460 197990 341350 467820 2073600 2073600 6 12 144755 994560 993600 36678 37235 34765 36077 12 12 12 12 84 5 5 5 5 
[ 9460.304851] MESSAGE_B= 5 5 5 13 0 18 192 0 248 179 0 631 604 656 642 641 616 665 663 49 52 58 55 62 56 79 63 0 12 129 136 184 109 216 232 246 248 0 2 0 2 0 0 0 0 0 18 102726 39616 97224 7466 42362 66338 106552 76810 180120 238316 69416 110582 40810 186658 159894 114030 254586 284784 232382 175216 2073600 2073600 6 12 433433 990720 993600 112680 102288 112687 105778 12 12 12 12 84 5 5 5 5 
[ 9460.581851] MESSAGE_B= 5 5 5 11 1 22 192 0 248 179 0 0 893 0 908 0 884 0 927 0 40 0 60 0 42 0 79 0 12 0 86 0 129 0 237 247 236 1 2 1 2 1 0 0 0 1 22 103020 94624 97224 7466 42362 66338 106552 76810 180120 238316 69416 110582 40810 186658 159894 114030 254586 284784 232382 175216 2073600 2073600 6 12 443486 994560 993600 125795 97676 126003 94012 12 12 12 12 71 5 5 5 5 
[ 9460.857856] MESSAGE_B= 5 5 5 52 1 27 192 0 248 179 0 921 1209 1662 1156 825 1246 1667 1199 64 281 71 122 48 257 57 136 0 12 166 78 18 99 184 252 245 238 2 2 2 2 0 0 0 0 1 27 538984 495350 97224 7466 42362 66338 106552 76810 180120 238316 69416 110582 40810 186658 159894 114030 254586 284784 232382 175216 2073600 2073600 6 12 344650 990720 993600 117416 56409 118816 52009 12 12 12 12 85 5 5 5 5 
[ 9461.018855] MESSAGE_B= 5 5 5 64 1 34 192 0 248 179 0 899 1393 2006 1348 849 1457 2011 1360 113 387 105 172 115 342 106 135 0 12 58 44 87 107 247 255 249 243 2 2 2 2 0 0 0 0 1 34 580740 34178 97224 7466 42362 66338 106552 76810 180120 238316 69416 110582 40810 186658 159894 114030 254586 284784 232382 175216 2073600 2073600 6 12 311786 994560 993600 110035 47361 111986 42404 12 12 12 12 97 5 5 5 5 
[ 9461.295857] MESSAGE_B= 5 5 5 60 1 38 192 0 248 179 0 994 1558 1705 1273 916 1516 1658 1326 73 280 206 221 83 274 201 228 0 12 6 82 65 96 221 254 251 248 2 2 2 2 0 0 0 0 1 38 637686 32742 97224 7466 42362 66338 106552 76810 180120 238316 69416 110582 40810 186658 159894 114030 254586 284784 232382 175216 2073600 2073600 6 12 306522 990720 993600 103889 51186 104821 46626 12 12 12 12 113 5 5 5 5 
[ 9461.581852] MESSAGE_B= 5 5 5 67 1 46 192 0 248 179 0 965 1815 1556 1437 897 1740 1441 1479 110 415 144 246 105 424 114 246 0 12 83 114 42 95 253 254 244 244 2 2 2 2 0 0 0 0 1 46 489456 82994 97224 7466 42362 66338 106552 76810 180120 238316 69416 110582 40810 186658 159894 114030 254586 284784 232382 175216 2073600 2073600 6 12 271489 994560 993600 91448 45581 92479 41981 12 12 12 12 141 5 5 5 5 
[ 9461.858873] MESSAGE_B= 5 5 5 52 1 78 192 0 248 179 0 1482 1846 1742 1324 1413 1805 1710 1310 357 457 315 313 352 456 321 269 0 12 8 91 26 102 248 255 252 243 2 2 2 2 0 0 0 0 1 78 553076 39126 97224 7466 42362 66338 106552 76810 180120 238316 69416 110582 40810 186658 159894 114030 254586 284784 232382 175216 2073600 2073600 6 12 263685 990720 993600 82403 51004 83695 46583 12 12 12 12 188 5 5 5 5 
[ 9462.135857] MESSAGE_B= 5 5 5 66 1 51 192 0 248 179 0 1326 1880 944 846 1280 1740 840 972 713 704 333 316 691 746 344 330 0 31 102 94 106 109 254 252 248 242 0 0 0 0 0 0 0 0 1 51 349954 206468 97224 7466 42362 66338 106552 76810 180120 238316 69416 110582 40810 186658 159894 114030 254586 284784 232382 175216 2073600 2073600 6 12 199226 994560 993600 40821 58604 44047 55754 12 12 12 12 188 5 5 5 5 
[ 9462.417297] MESSAGE_B= 5 5 5 90 1 30 192 0 248 179 0 1720 1672 1475 1334 1615 1660 1504 1309 466 340 357 258 428 340 386 233 0 12 180 40 185 27 251 251 254 246 0 2 2 2 0 0 0 0 1 30 307140 54718 97224 7466 42362 66338 106552 76810 180120 238316 69416 110582 40810 186658 159894 114030 254586 284784 232382 175216 2073600 2073600 6 12 297617 990720 993600 75436 71277 79897 71007 12 12 12 12 154 5 5 5 5 
[ 9462.695855] MESSAGE_B= 5 5 5 70 1 63 192 0 248 179 0 1562 1656 1550 1139 1469 1634 1507 1158 368 432 364 149 334 403 377 157 0 12 117 57 94 39 251 244 254 241 2 2 2 2 0 0 0 0 1 63 160632 98596 54616 60254 527030 41638 76960 96540 360010 278978 67112 559550 54430 123834 1167282 1057912 968924 725368 504094 593034 2073600 2073600 6 12 290359 994560 993600 79859 64772 80919 64809 12 12 12 12 154 5 5 5 5 
[ 9462.853865] MESSAGE_B= 5 5 5 67 0 53 192 0 248 179 0 1858 1653 1524 1212 1748 1583 1541 1251 239 431 267 168 244 448 241 154 0 12 74 46 75 88 247 254 250 238 2 2 2 2 0 0 0 0 0 53 354304 52592 54616 60254 527030 41638 76960 96540 360010 278978 67112 559550 54430 123834 1167282 1057912 968924 725368 504094 593034 2073600 2073600 6 12 254590 990720 993600 65414 60707 67513 60956 12 12 12 12 155 5 5 5 5 
[ 9463.131851] MESSAGE_B= 5 7 5 169 0 51 192 0 248 179 0 0 0 0 0 0 0 0 0 0 0 0 0 0 0 0 0 1 12 0 0 0 0 0 0 0 0 1 1 1 1 1 1 1 1 0 51 296814 107022 54616 60254 527030 41638 76960 96540 360010 278978 67112 559550 54430 123834 1167282 1057912 968924 725368 504094 593034 2073600 2073600 6 12 512416 994560 993600 128104 128104 128104 128104 12 12 12 12 155 5 5 5 5 
[ 9463.405850] MESSAGE_B= 4 0 5 76 1 13 192 0 248 179 0 0 924 0 686 486 1182 370 1157 0 0 0 0 0 0 0 0 0 12 47 32 79 73 119 62 58 35 0 0 0 0 0 0 0 0 1 13 0 26818 54616 60254 527030 41638 76960 96540 360010 278978 67112 559550 54430 123834 1167282 1057912 968924 725368 504094 593034 2073600 2073600 4 12 421509 990720 993600 108568 113292 99389 100260 12 12 12 12 72 0 0 0 0 
[ 9463.682849] MESSAGE_B= 5 5 5 56 1 13 192 0 248 179 0 811 730 788 606 831 780 873 722 222 199 289 161 248 228 315 180 0 31 198 168 205 177 253 253 255 253 0 0 0 0 0 0 0 0 1 13 113156 83120 54616 60254 527030 41638 76960 96540 360010 278978 67112 559550 54430 123834 1167282 1057912 968924 725368 504094 593034 2073600 2073600 6 12 214406 994560 993600 51995 63894 46615 51902 12 12 12 12 72 5 5 5 5 
[ 9463.963887] MESSAGE_B= 0 5 5 39 1 15 192 0 248 179 0 1254 1123 1219 944 1232 1153 1293 1083 317 286 413 217 346 312 436 235 0 31 198 173 203 183 254 252 255 251 0 0 0 0 0 0 0 0 1 15 84624 98844 54616 60254 527030 41638 76960 96540 360010 278978 67112 559550 54430 123834 1167282 1057912 968924 725368 504094 593034 2073600 2073600 3 12 129336 990720 993600 29488 37498 30167 32183 12 12 12 12 43 5 5 5 5 
[ 9464.250852] MESSAGE_B= 5 5 5 31 1 13 192 0 248 179 0 1685 1516 1637 1267 1614 1513 1689 1415 400 368 526 279 419 393 533 290 0 31 195 169 198 177 254 253 255 253 0 0 0 0 0 0 0 0 1 13 132304 84204 54616 60254 527030 41638 76960 96540 360010 278978 67112 559550 54430 123834 1167282 1057912 968924 725368 504094 593034 2073600 2073600 6 0 100292 994560 993600 29292 25733 29190 22194 0 12 0 12 82 5 5 5 5 
[ 9464.534848] MESSAGE_B= 5 5 5 26 1 15 192 0 248 179 0 2080 1842 2015 1551 1967 1809 2044 1704 469 445 616 343 484 464 624 349 0 31 188 173 191 180 253 253 255 252 0 0 0 0 0 0 0 0 1 15 105922 68978 54616 60254 527030 41638 76960 96540 360010 278978 67112 559550 54430 123834 1167282 1057912 968924 725368 504094 593034 2073600 2073600 6 0 115389 990720 993600 32825 23497 34223 24844 0 0 0 0 82 5 5 5 5 
[ 9464.817849] MESSAGE_B= 5 5 5 24 1 16 192 0 248 179 0 2249 2042 2164 1715 2127 1995 2191 1867 492 467 630 358 519 494 638 371 0 31 188 165 190 176 253 254 255 251 0 0 0 0 0 0 0 0 1 16 140036 77066 54616 60254 527030 41638 76960 96540 360010 278978 67112 559550 54430 123834 1167282 1057912 968924 725368 504094 593034 2073600 2073600 6 0 111047 994560 993600 30344 20984 35389 24330 0 0 0 0 96 5 5 5 5 
[ 9464.976856] MESSAGE_B= 5 5 5 27 0 15 192 0 248 179 0 2223 2071 2130 1713 2109 2022 2158 1865 484 465 619 357 510 494 626 365 0 31 182 161 184 171 253 254 255 252 0 0 0 0 0 0 0 0 0 15 118156 74592 93308 20038 25672 2 192492 151308 271642 182456 57440 210510 524932 33652 42678 136050 191974 182966 249626 199656 2073600 2073600 6 0 110600 990720 993600 29943 21284 34492 24881 0 0 0 0 96 5 5 5 5 
[ 9465.253855] MESSAGE_B= 5 5 5 28 0 14 192 0 248 179 0 2204 2110 2090 1721 2085 2056 2122 1871 474 468 615 348 500 498 626 363 0 31 188 156 188 165 253 253 255 252 0 0 0 0 0 0 0 0 0 14 132526 78514 93308 20038 25672 2 192492 151308 271642 182456 57440 210510 524932 33652 42678 136050 191974 182966 249626 199656 2073600 2073600 6 0 107254 994560 993600 27934 21033 33279 25008 0 0 0 0 96 5 5 5 5 
[ 9465.532852] MESSAGE_B= 5 5 5 26 0 14 192 0 248 179 0 2224 2089 2177 1731 2103 2041 2199 1890 441 472 657 352 468 492 667 366 0 31 166 159 172 166 252 253 255 251 0 0 0 0 0 0 0 0 0 14 112710 65710 93308 20038 25672 2 192492 151308 271642 182456 57440 210510 524932 33652 42678 136050 191974 182966 249626 199656 2073600 2073600 6 0 108130 990720 993600 28172 21616 33775 24567 0 0 0 0 127 5 5 5 5 
[ 9465.809867] MESSAGE_B= 5 5 5 26 1 15 192 0 248 179 0 2216 2041 2222 1719 2096 1989 2250 1866 402 479 675 404 435 484 684 400 0 31 129 148 141 158 251 253 255 252 0 0 0 0 0 0 0 0 1 15 128400 80404 93308 20038 25672 2 192492 151308 271642 182456 57440 210510 524932 33652 42678 136050 191974 182966 249626 199656 2073600 2073600 6 0 108181 994560 993600 28876 21490 34258 23557 0 0 0 0 127 5 5 5 5 
[ 9466.091852] MESSAGE_B= 5 5 5 24 1 14 192 0 248 179 0 1725 1549 1731 1262 1647 1530 1785 1407 340 397 570 381 361 404 578 375 0 31 163 141 170 152 252 253 255 252 0 0 0 0 0 0 0 0 1 14 98844 64942 93308 20038 25672 2 192492 151308 271642 182456 57440 210510 524932 33652 42678 136050 191974 182966 249626 199656 2073600 2073600 6 0 97839 990720 993600 27968 24369 28252 20893 0 12 0 12 105 5 5 5 5 
[ 9466.370896] MESSAGE_B= 5 7 5 31 0 20 192 0 248 179 0 0 0 0 0 0 0 0 0 0 0 0 0 0 0 0 0 1 12 0 0 0 0 0 0 0 0 1 1 1 1 1 1 1 1 0 20 103250 75482 93308 20038 25672 2 192492 151308 271642 182456 57440 210510 524932 33652 42678 136050 191974 182966 249626 199656 2073600 2073600 6 12 512416 994560 993600 128104 128104 128104 128104 12 12 12 12 148 5 5 5 5 
[ 9466.644858] MESSAGE_B= 0 0 5 59 1 11 192 0 248 179 0 0 578 0 532 697 594 705 477 0 0 0 0 0 0 0 0 1 12 63 41 43 30 176 185 120 102 0 0 0 0 0 0 0 0 1 11 44338 67296 93308 20038 25672 2 192492 151308 271642 182456 57440 210510 524932 33652 42678 136050 191974 182966 249626 199656 2073600 2073600 1 12 467697 990720 993600 114538 117467 115953 119739 12 12 12 12 148 5 5 5 5 
[ 9466.925847] MESSAGE_B= 5 5 5 8 1 23 192 0 248 179 0 904 874 816 876 896 883 824 846 284 311 175 232 262 296 169 217 0 31 148 119 144 102 255 255 254 254 0 0 0 0 0 0 0 0 1 23 42864 0 93308 20038 25672 2 192492 151308 271642 182456 57440 210510 524932 33652 42678 136050 191974 182966 249626 199656 2073600 2073600 6 12 156619 994560 993600 35418 42211 36164 42826 12 12 12 12 66 5 5 5 5 
[ 9467.202863] MESSAGE_B= 0 5 5 5 1 36 192 0 248 179 0 1338 1285 1192 1296 1344 1314 1222 1268 439 469 266 352 409 441 254 332 0 31 150 124 145 107 254 255 254 255 0 0 0 0 0 0 0 0 1 36 60166 75216 93308 20038 25672 2 192492 151308 271642 182456 57440 210510 524932 33652 42678 136050 191974 182966 249626 199656 2073600 2073600 3 14 115106 990720 993600 24305 32017 27136 34101 2 14 14 14 64 5 5 5 5 
[ 9467.479851] MESSAGE_B= 5 5 5 4 1 43 192 0 248 179 0 1445 1395 1311 1403 1456 1434 1349 1381 430 497 298 367 410 481 284 355 0 31 167 130 164 112 254 255 255 255 0 0 0 0 0 0 0 0 1 43 92418 68670 75734 262670 175778 91884 99744 124734 204084 171584 63984 186760 165410 226222 144784 101958 147246 78434 223914 149048 2073600 2073600 6 14 116511 994560 993600 23692 31707 28218 33647 2 14 14 14 64 5 5 5 5 
[ 9467.648893] MESSAGE_B= 5 5 5 4 1 44 192 0 248 179 0 1431 1403 1332 1425 1440 1442 1367 1400 381 494 291 364 362 480 279 351 0 31 185 129 185 112 254 255 255 254 0 0 0 0 0 0 0 0 1 44 107124 47220 75734 262670 175778 91884 99744 124734 204084 171584 63984 186760 165410 226222 144784 101958 147246 78434 223914 149048 2073600 2073600 6 14 119330 990720 993600 23887 33373 28469 34759 2 14 14 14 64 5 5 5 5 
[ 9467.929892] MESSAGE_B= 5 5 5 6 1 42 192 0 248 179 0 1413 1379 1319 1410 1428 1419 1359 1388 370 489 304 375 360 475 292 358 0 31 198 144 201 129 254 255 255 253 0 0 0 0 0 0 0 0 1 42 91040 79444 75734 262670 175778 91884 99744 124734 204084 171584 63984 186760 165410 226222 144784 101958 147246 78434 223914 149048 2073600 2073600 6 14 117594 994560 993600 24407 30535 30668 33005 2 14 14 14 52 5 5 5 5 
[ 9468.216837] MESSAGE_B= 5 5 5 4 1 66 192 0 248 179 0 1440 1390 1335 1422 1451 1428 1372 1397 378 491 309 369 366 481 300 354 0 31 191 148 189 131 253 255 255 254 0 0 0 0 0 0 0 0 1 66 77330 54146 75734 262670 175778 91884 99744 124734 204084 171584 63984 186760 165410 226222 144784 101958 147246 78434 223914 149048 2073600 2073600 6 14 118580 990720 993600 24948 29738 31626 32780 2 14 14 14 54 5 5 5 5 
[ 9468.495851] MESSAGE_B= 0 5 5 4 1 14 192 0 248 179 0 1609 1569 1509 1407 1702 1590 1562 1450 389 321 290 517 407 320 280 528 0 31 11 51 9 48 255 255 255 255 0 0 0 0 0 0 0 0 1 14 66040 86064 75734 262670 175778 91884 99744 124734 204084 171584 63984 186760 165410 226222 144784 101958 147246 78434 223914 149048 2073600 2073600 3 11 116241 994560 993600 32513 22199 35779 25750 11 11 11 11 184 5 5 5 5 
[ 9468.774562] MESSAGE_B= 0 5 5 5 1 9 192 0 248 179 0 1446 1111 1103 1425 1527 1123 1140 1459 784 257 236 676 790 252 240 621 0 31 120 123 104 116 255 254 254 255 0 0 0 0 0 0 0 0 1 9 98280 45892 75734 262670 175778 91884 99744 124734 204084 171584 63984 186760 165410 226222 144784 101958 147246 78434 223914 149048 2073600 2073600 3 15 101312 990720 993600 24331 29964 23024 24514 15 15 8 15 184 5 5 5 5 
[ 9469.054857] MESSAGE_B= 5 5 5 8 1 10 192 0 248 179 0 1354 1288 1289 1352 1444 1316 1338 1396 747 795 801 775 775 804 797 766 0 31 229 227 220 222 255 255 255 255 0 0 0 0 0 0 0 0 1 10 97794 56070 75734 262670 175778 91884 99744 124734 204084 171584 63984 186760 165410 226222 144784 101958 147246 78434 223914 149048 2073600 2073600 6 8 135106 994560 993600 34140 26561 37388 37017 8 8 8 8 165 5 5 5 5 
[ 9469.334850] MESSAGE_B= 0 5 5 1 1 13 192 0 248 179 0 1347 1258 1235 1274 1409 1266 1267 1287 714 787 798 755 754 799 805 746 0 31 226 235 220 230 255 255 255 255 0 0 0 0 0 0 0 0 1 13 105204 127764 75734 262670 175778 91884 99744 124734 204084 171584 63984 186760 165410 226222 144784 101958 147246 78434 223914 149048 2073600 2073600 3 8 191387 990720 993600 48581 39137 52495 51174 8 8 8 8 138 5 5 5 5 
[ 9469.612852] MESSAGE_B= 0 0 5 0 2 8 192 0 248 179 0 973 824 898 932 1145 845 980 1016 369 82 201 229 454 90 320 324 0 8 29 10 8 43 239 248 240 250 0 0 0 0 0 0 0 0 2 8 151444 78304 75734 262670 175778 91884 99744 124734 204084 171584 63984 186760 165410 226222 144784 101958 147246 78434 223914 149048 2073600 2073600 3 8 312012 994560 993600 83816 61752 88476 77968 8 8 8 8 133 5 5 0 5 
[ 9469.892076] MESSAGE_B= 5 5 5 1 1 60 192 0 248 179 0 1271 1337 1329 1326 1679 1670 1556 1614 850 977 884 864 911 1057 963 939 0 8 217 240 200 237 252 255 249 255 2 0 2 2 0 0 0 2 1 60 249724 80532 71274 139286 23854 107310 94402 84224 190394 166226 117612 307358 110054 152530 156170 197408 263336 186440 132084 396566 2073600 2073600 6 8 240118 990720 993600 65621 41356 71741 61400 8 8 8 8 75 5 5 5 5 
[ 9470.173018] MESSAGE_B= 5 5 5 32 1 39 192 0 248 179 0 2193 2380 2357 2404 2340 2458 2449 2472 798 954 970 942 792 930 946 923 0 31 233 230 233 228 254 255 255 255 0 0 0 0 0 0 0 0 1 39 180166 156814 71274 139286 23854 107310 94402 84224 190394 166226 117612 307358 110054 152530 156170 197408 263336 186440 132084 396566 2073600 2073600 6 8 114731 994560 993600 23900 22231 42287 35332 8 24 8 8 173 5 5 5 5 
[ 9470.453865] MESSAGE_B= 0 0 5 49 1 99 192 0 248 179 0 2133 2494 2567 2731 2318 2529 2638 2771 876 858 851 807 905 856 864 811 0 31 156 190 157 189 254 255 255 255 0 0 0 0 0 0 0 0 1 99 167894 299306 71274 139286 23854 107310 94402 84224 190394 166226 117612 307358 110054 152530 156170 197408 263336 186440 132084 396566 2073600 2073600 3 24 100954 990720 993600 27766 28384 28267 27051 24 11 24 11 192 5 5 0 5 
[ 9470.610883] MESSAGE_B= 0 5 5 43 0 20 192 0 248 179 0 1959 2330 2431 2495 2104 2370 2491 2530 829 903 926 921 881 907 932 925 0 31 149 191 149 187 254 254 255 255 0 0 0 0 0 0 0 0 0 20 143792 152032 71274 139286 23854 107310 94402 84224 190394 166226 117612 307358 110054 152530 156170 197408 263336 186440 132084 396566 2073600 2073600 3 24 90517 994560 993600 27097 28101 25391 27099 14 11 24 11 192 5 5 5 5 
[ 9470.888876] MESSAGE_B= 0 5 5 54 0 19 192 0 248 179 0 1909 2277 2299 2400 2002 2295 2351 2426 754 914 876 901 756 898 880 891 0 31 122 191 119 186 253 254 255 254 0 0 0 0 0 0 0 0 0 19 172206 173628 71274 139286 23854 107310 94402 84224 190394 166226 117612 307358 110054 152530 156170 197408 263336 186440 132084 396566 2073600 2073600 3 14 94129 990720 993600 27342 25010 25391 27695 14 24 24 24 192 5 5 5 5 
[ 9471.167846] MESSAGE_B= 0 5 5 45 1 37 192 0 248 179 0 1945 2250 2212 2284 2022 2262 2251 2315 696 870 804 782 680 863 813 784 0 31 149 208 136 207 254 255 255 255 0 0 0 0 0 0 0 0 1 37 222528 229656 71274 139286 23854 107310 94402 84224 190394 166226 117612 307358 110054 152530 156170 197408 263336 186440 132084 396566 2073600 2073600 3 18 114828 994560 993600 36964 31798 39628 31397 18 19 18 19 165 5 5 5 5 
[ 9471.451205] MESSAGE_B= 5 5 5 42 1 30 192 0 248 179 0 2024 2196 2310 2187 2095 2212 2359 2209 697 791 813 738 686 795 814 713 0 31 187 192 174 193 255 255 255 255 0 0 0 0 0 0 0 0 1 30 292784 151082 71274 139286 23854 107310 94402 84224 190394 166226 117612 307358 110054 152530 156170 197408 263336 186440 132084 396566 2073600 2073600 6 19 124606 990720 993600 38476 35078 39257 34886 18 19 18 19 132 5 5 5 5 
[ 9471.728867] MESSAGE_B= 5 5 5 36 0 19 192 0 248 179 0 1960 2131 2205 2069 2028 2134 2247 2096 706 840 833 748 700 830 840 726 0 31 193 191 183 187 254 255 255 255 0 0 0 0 0 0 0 0 0 19 257230 180378 71274 139286 23854 107310 94402 84224 190394 166226 117612 307358 110054 152530 156170 197408 263336 186440 132084 396566 2073600 2073600 6 18 122688 994560 993600 36243 34346 37307 34517 18 19 18 19 79 5 5 5 5 
[ 9472.007865] MESSAGE_B= 0 5 5 32 0 32 192 0 248 179 0 2157 2317 2345 2042 2232 2342 2397 2086 719 810 792 704 703 816 798 706 0 31 204 152 196 150 254 255 254 255 0 0 0 0 0 0 0 0 0 32 234218 233050 71274 139286 23854 107310 94402 84224 190394 166226 117612 307358 110054 152530 156170 197408 263336 186440 132084 396566 2073600 2073600 3 19 117162 990720 993600 33589 30788 33770 30998 18 19 18 19 145 5 5 5 5 
[ 9472.285851] MESSAGE_B= 5 5 5 51 1 18 192 0 248 179 0 2570 2581 2510 2230 2672 2634 2567 2250 820 864 879 745 820 860 870 733 0 31 226 218 229 219 254 255 255 255 0 0 0 0 0 0 0 0 1 18 201218 146672 120198 131904 258780 145208 390766 346254 647038 810636 203226 253976 217772 288716 209010 409036 426456 106808 149858 429830 2073600 2073600 6 24 103897 994560 993600 23843 30164 22297 31455 11 24 24 24 202 5 5 5 5 
[ 9472.563861] MESSAGE_B= 5 5 5 50 1 48 192 0 248 179 0 1392 1284 1483 1458 1482 1342 1535 1482 848 910 1024 637 868 916 1018 629 0 31 250 182 249 187 255 255 255 255 0 0 0 0 0 0 0 0 1 48 143120 128430 120198 131904 258780 145208 390766 346254 647038 810636 203226 253976 217772 288716 209010 409036 426456 106808 149858 429830 2073600 2073600 6 8 182787 990720 993600 49077 31174 55787 46749 8 8 8 8 202 5 5 5 5 
[ 9472.844263] MESSAGE_B= 5 5 5 3 2 9 192 0 248 179 0 1437 1346 1241 1378 1501 1379 1284 1429 836 750 732 777 834 756 762 807 0 31 208 246 214 249 255 255 255 255 0 0 0 0 0 0 0 0 2 9 376844 148816 120198 131904 258780 145208 390766 346254 647038 810636 203226 253976 217772 288716 209010 409036 426456 106808 149858 429830 2073600 2073600 6 15 131427 994560 993600 38399 33413 32419 27196 15 15 15 15 149 5 5 5 5 
[ 9473.002858] MESSAGE_B= 0 5 5 8 2 21 192 0 248 179 0 1440 1338 1311 1562 1482 1372 1341 1618 623 356 312 706 608 377 334 662 0 31 69 172 65 191 255 255 255 254 0 0 0 0 0 0 0 0 2 21 96510 218776 120198 131904 258780 145208 390766 346254 647038 810636 203226 253976 217772 288716 209010 409036 426456 106808 149858 429830 2073600 2073600 3 11 99410 990720 993600 26209 28400 23399 34467 15 15 11 11 165 5 5 5 5 
[ 9473.281852] MESSAGE_B= 0 5 5 4 2 12 192 0 248 179 0 966 1250 1312 1238 964 1274 1360 1340 167 122 272 228 176 180 290 275 0 2 28 169 26 84 244 237 254 248 2 2 2 2 0 0 0 0 2 12 84120 83470 120198 131904 258780 145208 390766 346254 647038 810636 203226 253976 217772 288716 209010 409036 426456 106808 149858 429830 2073600 2073600 3 2 318048 994560 993600 78379 82822 73316 83531 2 2 2 2 201 5 5 5 5 
[ 9473.560847] MESSAGE_B= 5 7 5 255 1 17 192 0 248 179 0 0 0 0 0 0 0 0 0 0 0 0 0 0 0 0 0 1 12 0 0 0 0 0 0 0 0 1 1 1 1 1 1 1 1 1 17 130354 98624 120198 131904 258780 145208 390766 346254 647038 810636 203226 253976 217772 288716 209010 409036 426456 106808 149858 429830 2073600 2073600 6 12 512414 990720 993600 128104 128102 128104 128104 12 12 12 12 201 5 5 5 5 
[ 9473.834858] MESSAGE_B= 5 5 5 32 1 9 192 0 248 179 0 974 986 947 1004 994 966 944 1007 137 176 141 129 129 168 137 123 0 31 76 184 63 192 253 255 255 255 0 0 0 0 0 0 0 0 1 9 16998 0 120198 131904 258780 145208 390766 346254 647038 810636 203226 253976 217772 288716 209010 409036 426456 106808 149858 429830 2073600 2073600 6 2 133803 994560 993600 36733 30833 36021 30216 2 2 2 2 87 5 5 5 5 
[ 9474.112868] MESSAGE_B= 5 5 5 16 0 11 192 0 248 179 0 1598 1613 1610 1659 1656 1613 1640 1699 225 282 292 216 226 273 285 218 0 31 56 183 46 192 253 254 254 254 0 0 0 0 0 0 0 0 0 11 69132 51200 120198 131904 258780 145208 390766 346254 647038 810636 203226 253976 217772 288716 209010 409036 426456 106808 149858 429830 2073600 2073600 6 2 105985 990720 993600 31432 25771 26477 22305 2 2 2 2 139 5 5 5 5 
[ 9474.400511] MESSAGE_B= 5 5 5 18 0 13 192 0 248 179 0 1724 1857 1754 1834 1802 1880 1788 1887 268 362 309 300 271 349 300 290 0 31 53 162 56 169 255 255 255 255 0 0 0 0 0 0 0 0 0 13 90984 84752 120198 131904 258780 145208 390766 346254 647038 810636 203226 253976 217772 288716 209010 409036 426456 106808 149858 429830 2073600 2073600 6 2 101434 994560 993600 30594 25069 24791 20980 2 2 2 2 154 5 5 5 5 
[ 9474.680054] MESSAGE_B= 0 5 5 18 0 12 192 0 248 179 0 1716 1859 1799 1726 1796 1884 1834 1784 229 403 316 275 226 391 311 269 0 31 121 112 111 110 251 255 255 253 0 0 0 0 0 0 0 0 0 12 102608 128362 133448 204288 184748 80724 146244 75494 78418 204142 145028 139326 467034 161830 291514 187320 2 187978 73914 94596 2073600 2073600 3 2 109628 990720 993600 29778 30072 23984 25794 2 2 2 2 154 5 5 5 5 
[ 9474.956855] MESSAGE_B= 5 5 5 16 0 12 192 0 248 179 0 1780 1778 1785 1719 1849 1801 1832 1783 270 318 314 335 273 311 305 329 0 31 137 132 139 131 253 253 253 246 0 0 0 0 0 0 0 0 0 12 116318 86526 133448 204288 184748 80724 146244 75494 78418 204142 145028 139326 467034 161830 291514 187320 2 187978 73914 94596 2073600 2073600 6 2 105222 994560 993600 28137 28422 23382 25281 2 2 2 2 148 5 5 5 5 
[ 9475.112856] MESSAGE_B= 0 5 5 19 0 13 192 0 248 179 0 1780 1750 1742 1765 1851 1769 1787 1832 275 277 260 385 282 266 262 375 0 31 94 129 90 131 253 253 253 246 0 0 0 0 0 0 0 0 0 13 84512 117620 133448 204288 184748 80724 146244 75494 78418 204142 145028 139326 467034 161830 291514 187320 2 187978 73914 94596 2073600 2073600 3 2 99535 990720 993600 26232 27347 21661 24295 2 2 2 2 149 5 5 5 5 
[ 9475.393268] MESSAGE_B= 0 5 5 16 0 25 192 0 248 179 0 1797 1852 1684 1822 1864 1862 1727 1891 284 360 302 323 274 337 292 323 0 31 131 51 137 54 253 254 253 251 0 0 0 0 0 0 0 0 0 25 84212 84968 133448 204288 184748 80724 146244 75494 78418 204142 145028 139326 467034 161830 291514 187320 2 187978 73914 94596 2073600 2073600 3 2 79124 994560 993600 20418 21993 17880 18833 2 2 2 2 177 5 5 5 5 
[ 9475.670856] MESSAGE_B= 0 5 5 11 0 37 192 0 248 179 0 1856 1643 1808 1858 1922 1669 1843 1932 343 369 350 447 357 354 327 449 0 31 145 1 143 1 254 255 255 255 0 0 0 0 0 0 0 0 0 37 61948 130590 133448 204288 184748 80724 146244 75494 78418 204142 145028 139326 467034 161830 291514 187320 2 187978 73914 94596 2073600 2073600 3 16 62239 990720 993600 17130 25202 18239 20312 16 2 16 2 177 5 5 5 5 
[ 9475.947874] MESSAGE_B= 5 5 5 8 0 31 192 0 248 179 0 1846 1789 1770 1858 1894 1800 1818 1950 432 296 422 353 426 277 416 372 0 31 15 95 12 89 255 253 255 254 0 0 0 0 0 0 0 0 0 31 142630 73456 133448 204288 184748 80724 146244 75494 78418 204142 145028 139326 467034 161830 291514 187320 2 187978 73914 94596 2073600 2073600 6 2 95530 994560 993600 17543 33048 15916 30091 2 2 16 2 176 5 5 5 5 
[ 9476.224848] MESSAGE_B= 5 5 5 14 0 16 192 0 248 179 0 1908 1749 1754 1855 1988 1770 1804 1948 450 321 425 318 455 303 422 328 0 31 72 30 71 33 254 254 255 253 0 0 0 0 0 0 0 0 0 16 126038 108912 133448 204288 184748 80724 146244 75494 78418 204142 145028 139326 467034 161830 291514 187320 2 187978 73914 94596 2073600 2073600 6 2 111361 990720 993600 18988 39221 16984 36168 2 2 2 2 162 5 5 5 5 
[ 9476.520070] MESSAGE_B= 5 5 5 16 0 19 192 0 248 179 0 1871 1836 1800 1909 1941 1848 1838 1991 374 317 295 562 359 311 291 564 0 31 23 43 29 43 254 253 252 254 0 0 0 0 0 0 0 0 0 19 129944 109294 133448 204288 184748 80724 146244 75494 78418 204142 145028 139326 467034 161830 291514 187320 2 187978 73914 94596 2073600 2073600 6 2 108511 994560 993600 18273 41775 17056 37070 0 2 0 2 153 5 5 5 5 
[ 9476.803857] MESSAGE_B= 5 5 5 15 0 17 192 0 248 179 0 1878 1697 1764 2013 1909 1740 1806 1966 386 374 308 224 382 410 327 243 0 2 96 58 75 39 247 248 253 246 2 0 2 0 0 0 0 0 0 17 148784 122862 133448 204288 184748 80724 146244 75494 78418 204142 145028 139326 467034 161830 291514 187320 2 187978 73914 94596 2073600 2073600 6 2 220895 990720 993600 66910 44646 65377 43962 2 2 2 2 153 5 5 5 5 
[ 9476.963764] MESSAGE_B= 5 5 5 8 0 18 192 0 248 179 0 1917 1816 1747 2004 1899 1851 1842 1960 412 451 349 256 425 461 413 265 0 2 56 62 49 51 243 251 253 248 2 2 2 2 0 0 0 0 0 18 239820 87356 60908 132262 58310 110356 138138 164296 127078 210550 178494 409426 49394 135954 122900 144074 308080 481440 401850 290476 2073600 2073600 6 2 223244 994560 993600 67347 45464 65655 44778 2 2 2 2 153 5 5 5 5 
[ 9477.241842] MESSAGE_B= 5 5 5 7 0 16 192 0 248 179 0 1807 1881 1791 1962 1827 1894 1827 1933 378 433 321 266 417 421 326 278 0 2 54 53 49 56 217 250 252 249 2 0 2 0 0 0 0 0 0 16 226080 158566 60908 132262 58310 110356 138138 164296 127078 210550 178494 409426 49394 135954 122900 144074 308080 481440 401850 290476 2073600 2073600 6 2 224565 990720 993600 68069 45898 65939 44659 2 2 2 2 111 5 5 5 5 
[ 9477.528856] MESSAGE_B= 5 5 5 8 0 19 192 0 248 179 0 1725 1763 1710 1765 1733 1786 1729 1731 263 277 282 254 283 280 290 247 0 31 53 99 71 109 251 254 255 251 0 0 0 0 0 0 0 0 0 19 250142 81068 60908 132262 58310 110356 138138 164296 127078 210550 178494 409426 49394 135954 122900 144074 308080 481440 401850 290476 2073600 2073600 6 2 223321 994560 993600 65371 47701 63341 46908 2 2 2 2 109 5 5 5 5 
[ 9477.805850] MESSAGE_B= 5 5 5 8 0 17 192 0 248 179 0 1736 1735 1724 1766 1734 1756 1754 1729 269 324 350 237 280 342 349 238 0 31 31 48 58 56 251 254 255 251 0 0 0 0 0 0 0 0 0 17 210724 132076 60908 132262 58310 110356 138138 164296 127078 210550 178494 409426 49394 135954 122900 144074 308080 481440 401850 290476 2073600 2073600 6 2 218594 990720 993600 63012 47420 61103 47059 2 2 2 2 107 5 5 5 5 
[ 9478.084857] MESSAGE_B= 5 5 5 11 0 14 192 0 248 179 0 1754 1667 1736 1786 1766 1682 1773 1758 287 296 322 272 315 290 337 273 0 31 82 25 98 27 252 253 255 254 0 0 0 0 0 0 0 0 0 14 182264 71492 60908 132262 58310 110356 138138 164296 127078 210550 178494 409426 49394 135954 122900 144074 308080 481440 401850 290476 2073600 2073600 6 2 210161 994560 993600 60837 45386 58906 45032 2 2 2 2 109 5 5 5 5 
[ 9478.361866] MESSAGE_B= 5 5 5 12 0 13 192 0 248 179 0 1763 1671 1813 1804 1745 1691 1836 1778 289 266 340 276 288 280 352 285 0 31 31 40 39 52 253 254 255 253 0 0 0 0 0 0 0 0 0 13 171952 126536 60908 132262 58310 110356 138138 164296 127078 210550 178494 409426 49394 135954 122900 144074 308080 481440 401850 290476 2073600 2073600 6 2 207486 990720 993600 58348 46198 57232 45708 2 2 2 2 115 5 5 5 5 
[ 9478.640865] MESSAGE_B= 5 5 5 12 0 12 192 0 248 179 0 1751 1692 1826 1778 1737 1707 1857 1756 271 333 331 298 265 336 335 315 0 31 94 73 94 84 252 254 255 254 0 0 0 0 0 0 0 0 0 12 149350 63522 60908 132262 58310 110356 138138 164296 127078 210550 178494 409426 49394 135954 122900 144074 308080 481440 401850 290476 2073600 2073600 6 2 204461 994560 993600 54866 48247 54065 47283 2 2 2 2 122 5 5 5 5 
[ 9478.918864] MESSAGE_B= 5 5 5 11 0 13 192 0 248 179 0 1714 1669 1740 1714 1711 1692 1767 1690 236 300 240 238 250 304 251 245 0 31 98 74 115 84 251 253 253 255 0 0 0 0 0 0 0 0 0 13 152638 143812 60908 132262 58310 110356 138138 164296 127078 210550 178494 409426 49394 135954 122900 144074 308080 481440 401850 290476 2073600 2073600 6 2 196654 990720 993600 50311 48769 49804 47770 2 2 2 2 127 5 5 5 5 
[ 9479.079507] MESSAGE_B= 5 5 5 12 0 14 192 0 248 179 0 1715 1722 1752 1671 1707 1750 1769 1654 249 352 288 243 240 355 301 258 0 31 44 113 47 117 252 253 253 252 0 0 0 0 0 0 0 0 0 14 89574 57274 60908 132262 58310 110356 138138 164296 127078 210550 178494 409426 49394 135954 122900 144074 308080 481440 401850 290476 2073600 2073600 6 2 200377 994560 993600 50398 50451 49698 49830 2 2 2 2 127 5 5 5 5 
[ 9479.359849] MESSAGE_B= 0 5 5 12 1 21 192 0 248 179 0 1723 1790 1723 1613 1707 1814 1748 1586 255 445 280 234 254 454 291 227 0 31 17 7 21 2 251 255 254 253 0 0 0 0 0 0 0 0 1 21 78588 131816 80052 169514 164846 85852 178674 45160 139756 206128 118436 211252 396830 369686 383270 253320 264898 292324 163512 165434 2073600 2073600 3 2 203948 990720 993600 47082 55258 47128 54480 2 2 2 2 127 5 5 5 5 
[ 9479.639843] MESSAGE_B= 5 5 5 11 0 27 192 0 248 179 0 1612 1742 1669 1560 1600 1761 1684 1540 259 381 308 248 256 388 312 241 0 31 6 75 14 79 254 254 255 252 0 0 0 0 0 0 0 0 0 27 166432 55672 80052 169514 164846 85852 178674 45160 139756 206128 118436 211252 396830 369686 383270 253320 264898 292324 163512 165434 2073600 2073600 6 2 214542 994560 993600 50248 57385 50277 56632 2 2 2 2 124 5 5 5 5 
[ 9479.917864] MESSAGE_B= 0 5 5 12 0 40 192 0 248 179 0 979 1002 985 945 969 1004 985 925 150 182 152 123 145 184 149 118 0 31 28 73 34 78 252 254 255 254 0 0 0 0 0 0 0 0 0 40 115254 148350 80052 169514 164846 85852 178674 45160 139756 206128 118436 211252 396830 369686 383270 253320 264898 292324 163512 165434 2073600 2073600 3 2 224239 990720 993600 53996 57432 55016 57795 2 2 2 2 124 5 5 5 5 
