[ 7058.621857] MESSAGE_B= 0 0 0 253 0 4 192 0 248 179 0 1429 1406 1254 1427 2109 2164 2114 2117 92 226 118 213 33 86 83 52 0 6 244 254 255 220 101 51 190 1 0 0 2 2 2 2 2 2 0 4 52508 518178 40954 238742 145498 40954 38922 38986 51602 46096 40954 40958 9646 30386 40958 38926 38990 130224 72932 40958 2073600 2073600 3 6 508139 990720 993600 127823 126919 127116 126281 6 6 6 6 30 0 0 0 0 
[ 7058.900845] MESSAGE_B= 0 0 0 239 2 3 192 0 248 179 0 0 0 0 0 0 0 0 0 0 0 0 0 0 0 0 0 0 7 0 0 0 0 0 0 0 0 1 1 1 1 1 1 1 1 2 3 148536 959390 40954 238742 145498 40954 38922 38986 51602 46096 40954 40958 9646 30386 40958 38926 38990 130224 72932 40958 2073600 2073600 3 7 269941 994560 993600 120982 112570 116267 103149 7 7 6 6 30 0 0 0 0 
[ 7059.175878] MESSAGE_B= 0 0 0 239 2 3 192 0 248 179 0 0 0 0 0 0 0 0 0 0 0 0 0 0 0 0 0 0 7 0 0 0 0 0 0 0 0 1 1 1 1 1 1 1 1 2 3 209804 946120 40954 238742 145498 40954 38922 38986 51602 46096 40954 40958 9646 30386 40958 38926 38990 130224 72932 40958 2073600 2073600 3 7 269253 990720 993600 120937 112959 116330 104128 7 7 6 6 4 0 0 0 0 
[ 7059.448856] MESSAGE_B= 0 0 0 239 1 3 192 0 248 179 0 0 0 0 0 0 0 0 0 0 0 0 0 0 0 0 0 0 7 0 0 0 0 0 0 0 0 1 1 1 1 1 1 1 1 1 3 159404 973918 40954 238742 145498 40954 38922 38986 51602 46096 40954 40958 9646 30386 40958 38926 38990 130224 72932 40958 2073600 2073600 3 7 269053 994560 993600 121455 112993 116936 104317 7 7 6 6 4 0 0 0 0 
[ 7059.721856] MESSAGE_B= 0 0 0 239 2 3 192 0 248 179 0 0 0 0 0 0 0 0 0 0 0 0 0 0 0 0 0 0 7 0 0 0 0 0 0 0 0 1 1 1 1 1 1 1 1 2 3 208114 943384 1765772 42910 38506 90 330646 15760 345120 364412 1778240 219410 4906 40822 172 84066 6338 220934 247332 162240 2073600 2073600 3 7 267228 990720 993600 121070 113411 117811 105350 7 7 6 6 6 0 0 0 0 
[ 7059.994853] MESSAGE_B= 0 0 0 240 2 3 192 0 248 179 0 0 0 0 0 0 0 0 0 0 0 0 0 0 0 0 0 0 7 0 0 0 0 0 0 0 0 1 1 1 1 1 1 1 1 2 3 163712 972346 1765772 42910 38506 90 330646 15760 345120 364412 1778240 219410 4906 40822 172 84066 6338 220934 247332 162240 2073600 2073600 3 7 260686 994560 993600 120625 112875 120123 108697 7 7 6 6 7 0 0 0 0 
[ 7060.274981] MESSAGE_B= 0 0 0 243 2 3 192 0 248 179 0 0 0 0 0 0 0 0 0 0 0 0 0 0 0 0 0 0 7 0 0 0 0 0 0 0 0 1 1 1 1 1 1 1 1 2 3 176944 940360 1765772 42910 38506 90 330646 15760 345120 364412 1778240 219410 4906 40822 172 84066 6338 220934 247332 162240 2073600 2073600 3 6 272982 990720 993600 114315 107659 123612 115146 7 7 6 6 8 0 0 0 0 
[ 7060.425845] MESSAGE_B= 0 0 0 247 2 3 192 0 248 179 0 0 0 0 0 0 0 0 0 0 0 0 0 0 0 0 0 0 7 0 0 0 0 0 0 0 0 1 1 1 1 1 1 1 1 2 3 168454 969838 1765772 42910 38506 90 330646 15760 345120 364412 1778240 219410 4906 40822 172 84066 6338 220934 247332 162240 2073600 2073600 3 6 287924 994560 993600 106018 104950 125117 117584 7 7 6 6 11 0 0 0 0 
[ 7060.697867] MESSAGE_B= 0 0 0 250 2 4 192 0 248 179 0 0 0 0 0 0 0 0 0 0 0 0 0 0 0 0 0 0 7 0 0 0 0 0 0 0 0 1 1 1 1 1 1 1 1 2 4 238100 875718 1765772 42910 38506 90 330646 15760 345120 364412 1778240 219410 4906 40822 172 84066 6338 220934 247332 162240 2073600 2073600 3 6 324966 990720 993600 83409 98765 126686 124258 7 7 6 6 12 0 0 0 0 
[ 7060.976869] MESSAGE_B= 0 0 0 252 2 4 192 0 248 179 0 1986 1953 1646 2040 0 0 0 0 148 258 87 164 0 0 0 0 0 6 236 255 0 0 0 165 138 217 2 2 1 1 1 2 2 2 2 4 217306 983422 1765772 42910 38506 90 330646 15760 345120 364412 1778240 219410 4906 40822 172 84066 6338 220934 247332 162240 2073600 2073600 3 6 377366 994560 993600 81121 84689 126859 125978 6 7 6 6 15 0 0 0 0 
[ 7061.258977] MESSAGE_B= 0 0 0 251 1 4 192 0 248 179 0 2168 2096 1979 2060 2384 2385 2289 2244 107 89 203 98 39 54 66 60 0 6 232 176 240 254 238 138 226 247 2 2 0 0 2 2 2 2 1 4 283856 627090 1765772 42910 38506 90 330646 15760 345120 364412 1778240 219410 4906 40822 172 84066 6338 220934 247332 162240 2073600 2073600 3 6 407085 990720 993600 97200 68928 126003 124717 6 7 6 6 16 0 0 0 0 
[ 7061.536853] MESSAGE_B= 0 0 0 250 1 5 192 0 248 179 0 2175 2068 2025 2116 0 2016 0 2348 98 138 186 130 0 7 0 40 0 6 212 223 0 255 0 255 0 254 2 2 1 0 1 2 1 2 1 5 379296 885712 1765772 42910 38506 90 330646 15760 345120 364412 1778240 219410 4906 40822 172 84066 6338 220934 247332 162240 2073600 2073600 3 6 387925 994560 993600 73539 66530 126784 126108 6 7 6 6 16 0 0 0 0 
[ 7061.812857] MESSAGE_B= 0 0 0 249 1 6 192 0 248 179 0 2125 2046 2039 2149 0 0 0 0 99 124 155 148 0 0 0 0 0 6 243 156 0 0 0 172 0 0 0 0 1 1 2 2 1 1 1 6 358028 644256 1765772 42910 38506 90 330646 15760 345120 364412 1778240 219410 4906 40822 172 84066 6338 220934 247332 162240 2073600 2073600 3 6 378933 990720 993600 68656 66783 125221 127483 7 6 6 6 15 4 0 0 0 
[ 7062.087867] MESSAGE_B= 0 0 0 249 1 4 192 0 248 179 0 2079 2049 2026 2159 2056 2209 2070 2170 124 142 116 142 43 88 63 70 0 6 251 120 255 255 103 184 136 22 0 0 2 2 2 2 2 2 1 4 197114 899364 881808 1099858 1501848 1815552 1574624 76950 1419058 187260 1275912 334462 128630 260132 296260 414742 55350 124732 118942 236222 2073600 2073600 3 6 387306 994560 993600 72188 83147 109984 121987 6 6 6 6 14 0 0 0 0 
[ 7062.365857] MESSAGE_B= 0 0 0 252 0 16 192 0 248 179 0 2102 2153 2069 2128 1972 2054 1984 2053 107 109 147 112 78 73 102 65 0 6 227 207 234 219 2 37 155 24 2 2 0 2 2 2 2 2 0 16 244246 264740 881808 1099858 1501848 1815552 1574624 76950 1419058 187260 1275912 334462 128630 260132 296260 414742 55350 124732 118942 236222 2073600 2073600 3 6 366526 990720 993600 93064 102798 69078 101586 6 6 6 6 14 0 0 0 0 
[ 7062.643855] MESSAGE_B= 0 0 0 253 1 9 192 0 248 179 0 2010 0 2002 0 1934 1919 1856 1799 53 0 23 0 79 56 86 134 0 6 255 0 136 234 255 181 255 0 0 1 2 2 2 2 2 1 1 9 77408 556708 881808 1099858 1501848 1815552 1574624 76950 1419058 187260 1275912 334462 128630 260132 296260 414742 55350 124732 118942 236222 2073600 2073600 3 6 403739 994560 993600 122642 126936 83145 71016 6 6 6 6 15 0 0 0 0 
[ 7062.801853] MESSAGE_B= 0 0 0 240 1 7 192 0 248 179 0 0 0 0 0 0 0 0 0 0 0 0 0 0 0 0 0 0 6 0 0 0 0 0 0 0 0 1 1 1 1 1 1 1 1 1 7 181802 767034 881808 1099858 1501848 1815552 1574624 76950 1419058 187260 1275912 334462 128630 260132 296260 414742 55350 124732 118942 236222 2073600 2073600 3 6 305396 990720 993600 117957 117515 76766 109518 6 6 7 7 18 0 0 0 0 
[ 7063.074849] MESSAGE_B= 0 0 0 186 1 3 192 0 248 179 0 0 0 0 0 0 0 0 0 0 0 0 0 0 0 0 0 0 6 0 0 0 0 0 0 0 0 1 1 1 1 1 1 1 1 1 3 128380 849998 881808 1099858 1501848 1815552 1574624 76950 1419058 187260 1275912 334462 128630 260132 296260 414742 55350 124732 118942 236222 2073600 2073600 3 7 324512 994560 993600 71431 76943 101444 115236 6 6 7 7 20 0 0 0 0 
[ 7063.347864] MESSAGE_B= 0 0 0 156 1 3 192 0 248 179 0 2068 2136 2133 2210 1518 1545 1543 1473 87 131 169 125 130 223 186 104 0 7 183 238 234 233 72 174 192 119 2 2 0 0 2 2 0 2 1 3 177958 949388 881808 1099858 1501848 1815552 1574624 76950 1419058 187260 1275912 334462 128630 260132 296260 414742 55350 124732 118942 236222 2073600 2073600 3 7 433688 990720 993600 112372 100257 107974 113085 7 7 7 7 23 0 0 0 0 
[ 7063.635865] MESSAGE_B= 0 0 0 143 0 5 192 0 248 179 0 2104 2221 2226 2225 0 0 0 0 85 133 117 170 0 0 0 0 0 6 9 162 0 0 0 0 0 0 2 0 1 1 1 1 1 1 0 5 309212 722040 881808 1099858 1501848 1815552 1574624 76950 1419058 187260 1275912 334462 128630 260132 296260 414742 55350 124732 118942 236222 2073600 2073600 3 6 417407 994560 993600 92035 69889 127458 128025 6 6 6 6 23 0 0 0 0 
[ 7063.911854] MESSAGE_B= 0 0 0 141 1 3 192 0 248 179 0 2100 2241 2214 2240 0 0 0 0 97 134 102 140 0 0 0 0 0 6 32 111 0 0 0 0 0 0 2 2 1 1 1 1 1 1 1 3 225304 977432 881808 1099858 1501848 1815552 1574624 76950 1419058 187260 1275912 334462 128630 260132 296260 414742 55350 124732 118942 236222 2073600 2073600 3 6 420418 990720 993600 92479 71964 127942 128033 6 6 6 6 22 0 0 0 0 
[ 7064.190335] MESSAGE_B= 0 0 0 141 1 4 192 0 248 179 0 2108 2264 2194 2249 0 0 0 0 91 130 83 130 0 0 0 0 0 6 30 103 0 0 0 0 0 0 2 0 1 1 1 1 1 1 1 4 243664 982506 881808 1099858 1501848 1815552 1574624 76950 1419058 187260 1275912 334462 128630 260132 296260 414742 55350 124732 118942 236222 2073600 2073600 3 6 423771 994560 993600 93705 74123 127931 128012 6 6 6 6 21 0 0 0 0 
[ 7064.465858] MESSAGE_B= 0 0 0 145 1 3 192 0 248 179 0 2102 2264 2177 2218 0 0 0 0 102 139 75 166 0 0 0 0 0 6 76 146 0 0 0 0 0 0 2 0 1 1 1 1 1 1 1 3 228770 901268 1627400 373670 7402 607040 1140570 266004 648078 1425156 1699240 260590 124610 248682 242828 313324 307746 203168 313250 383368 2073600 2073600 3 6 431248 990720 993600 97197 78185 127874 127992 6 6 6 6 20 0 0 0 0 
[ 7064.741849] MESSAGE_B= 0 0 0 150 1 3 192 0 248 179 0 2094 2276 2183 2235 0 0 0 0 105 141 91 146 0 0 0 0 0 6 14 133 0 0 0 0 0 0 2 0 1 1 1 1 1 1 1 3 249008 945750 1627400 373670 7402 607040 1140570 266004 648078 1425156 1699240 260590 124610 248682 242828 313324 307746 203168 313250 383368 2073600 2073600 3 6 434824 994560 993600 99144 79996 127733 127951 6 6 6 6 21 0 0 0 0 
[ 7065.019678] MESSAGE_B= 0 0 0 156 1 3 192 0 248 179 0 2118 2295 2152 2253 0 0 0 0 108 144 63 128 0 0 0 0 0 6 146 135 0 0 0 0 0 0 2 0 1 1 1 1 1 1 1 3 177812 868560 1627400 373670 7402 607040 1140570 266004 648078 1425156 1699240 260590 124610 248682 242828 313324 307746 203168 313250 383368 2073600 2073600 3 6 440663 990720 993600 102462 82694 127673 127834 6 6 6 6 23 0 0 0 0 
[ 7065.275894] MESSAGE_B= 0 0 0 160 1 3 192 0 248 179 0 2138 2306 2147 2256 0 0 0 0 87 127 50 131 0 0 0 0 0 6 156 158 0 0 0 0 0 0 2 0 1 1 1 1 1 1 1 3 312662 979326 1627400 373670 7402 607040 1140570 266004 648078 1425156 1699240 260590 124610 248682 242828 313324 307746 203168 313250 383368 2073600 2073600 3 6 442768 994560 993600 103801 84096 127300 127571 6 6 6 6 23 0 0 0 0 
[ 7065.565278] MESSAGE_B= 0 0 0 163 1 2 192 0 248 179 0 2154 2314 2157 2263 0 0 0 0 87 130 72 118 0 0 0 0 0 6 194 169 0 0 0 0 0 0 2 0 1 1 1 1 1 1 1 2 183696 823084 1627400 373670 7402 607040 1140570 266004 648078 1425156 1699240 260590 124610 248682 242828 313324 307746 203168 313250 383368 2073600 2073600 3 6 441919 990720 993600 104033 85050 126474 126362 6 6 6 6 22 0 0 0 0 
[ 7065.720090] MESSAGE_B= 0 0 0 163 1 2 192 0 248 179 0 2160 2317 2149 2260 0 1701 0 1061 87 120 68 115 0 34 0 47 0 6 203 162 0 156 0 0 0 0 2 0 1 0 1 1 1 1 1 2 262666 967620 1627400 373670 7402 607040 1140570 266004 648078 1425156 1699240 260590 124610 248682 242828 313324 307746 203168 313250 383368 2073600 2073600 3 6 442780 994560 993600 104683 86127 125871 126099 6 6 6 6 22 4 0 0 0 
[ 7066.005863] MESSAGE_B= 0 0 0 165 2 2 192 0 248 179 0 2165 2315 2149 2264 0 928 0 1056 63 131 43 110 0 0 0 0 0 6 168 197 0 0 0 0 0 0 2 0 1 0 1 1 2 1 2 2 207686 832132 1627400 373670 7402 607040 1140570 266004 648078 1425156 1699240 260590 124610 248682 242828 313324 307746 203168 313250 383368 2073600 2073600 1 6 444853 990720 993600 106006 88073 125176 125598 6 6 6 6 22 4 0 0 0 
[ 7066.291246] MESSAGE_B= 0 0 0 168 2 2 192 0 248 179 0 2177 2319 2152 2260 1024 1088 656 1008 80 122 53 111 0 0 61 0 0 6 222 179 0 0 0 78 0 184 2 0 0 2 2 2 2 2 2 2 254028 976474 1627400 373670 7402 607040 1140570 266004 648078 1425156 1699240 260590 124610 248682 242828 313324 307746 203168 313250 383368 2073600 2073600 1 6 441603 994560 993600 105852 88501 123329 123921 6 6 6 6 21 0 0 0 0 
[ 7066.568858] MESSAGE_B= 0 0 0 169 2 2 192 0 248 179 0 1932 2073 2026 2001 1025 1113 965 977 183 255 184 345 130 256 245 248 0 7 214 244 71 235 101 192 159 213 0 0 2 0 0 2 0 2 2 2 348480 860718 1627400 373670 7402 607040 1140570 266004 648078 1425156 1699240 260590 124610 248682 242828 313324 307746 203168 313250 383368 2073600 2073600 1 7 440965 990720 993600 107574 118111 116132 99148 7 7 7 7 20 4 4 0 4 
[ 7066.725997] MESSAGE_B= 0 0 0 168 2 2 192 0 248 179 0 1938 2086 2031 2011 1010 1095 978 958 192 254 176 341 150 267 253 252 0 7 210 245 94 237 113 188 164 198 0 0 2 0 2 2 0 2 2 2 250364 986000 1458146 902166 854994 1364668 1586612 1146418 524522 1084712 1518758 534986 114550 153974 294720 382706 243136 257032 270022 555032 2073600 2073600 1 7 442167 994560 993600 106788 118126 116767 100486 7 7 7 7 19 4 4 0 4 
[ 7067.004854] MESSAGE_B= 0 0 0 166 2 2 192 0 248 179 0 1948 2093 2035 2015 989 1067 1025 924 194 246 171 336 163 270 272 253 0 7 206 244 122 232 124 181 167 177 0 0 2 0 2 2 0 2 2 2 426642 866024 1458146 902166 854994 1364668 1586612 1146418 524522 1084712 1518758 534986 114550 153974 294720 382706 243136 257032 270022 555032 2073600 2073600 1 7 437995 990720 993600 104581 116750 115780 100884 7 7 7 7 18 4 4 0 4 
[ 7067.284619] MESSAGE_B= 0 0 0 163 2 2 192 0 248 179 0 1819 2124 1846 1994 1053 1079 1023 910 291 454 340 449 141 220 279 241 0 7 230 250 54 166 113 182 224 190 0 0 0 0 2 2 2 2 2 2 220186 986560 1458146 902166 854994 1364668 1586612 1146418 524522 1084712 1518758 534986 114550 153974 294720 382706 243136 257032 270022 555032 2073600 2073600 1 7 440570 994560 993600 105092 116010 116693 102775 7 7 7 7 16 4 0 0 0 
[ 7067.562858] MESSAGE_B= 0 0 0 160 2 2 192 0 248 179 0 1847 2158 1863 2030 1063 1022 1129 917 276 432 323 424 141 217 167 243 0 7 230 248 16 160 143 162 158 172 2 0 0 0 2 2 2 2 2 2 398666 837374 1458146 902166 854994 1364668 1586612 1146418 524522 1084712 1518758 534986 114550 153974 294720 382706 243136 257032 270022 555032 2073600 2073600 1 7 429618 990720 993600 103137 113141 110435 102905 7 7 7 7 23 4 0 0 0 
[ 7067.841852] MESSAGE_B= 0 0 0 115 1 3 192 0 248 179 0 1907 2067 1651 2070 1087 1071 895 935 258 389 403 394 155 233 196 240 0 7 244 221 1 174 157 182 201 155 0 0 0 0 2 2 2 2 1 3 235946 982998 1458146 902166 854994 1364668 1586612 1146418 524522 1084712 1518758 534986 114550 153974 294720 382706 243136 257032 270022 555032 2073600 2073600 3 7 409298 994560 993600 97596 101689 107668 102345 7 7 7 7 47 4 0 0 0 
[ 7068.120864] MESSAGE_B= 0 0 0 140 4 2 192 0 248 179 0 1950 1921 1562 1789 1246 1229 1175 1283 174 395 413 298 178 206 379 147 0 7 117 221 70 182 210 138 32 200 2 0 0 2 2 2 2 2 4 2 509090 834028 1458146 902166 854994 1364668 1586612 1146418 524522 1084712 1518758 534986 114550 153974 294720 382706 243136 257032 270022 555032 2073600 2073600 2 7 373810 990720 993600 89849 99929 91166 92866 7 7 7 7 47 0 0 0 0 
[ 7068.398885] MESSAGE_B= 0 0 0 143 5 2 192 0 248 179 0 2261 2364 1797 2288 1792 680 640 1616 76 136 208 115 250 205 130 202 0 6 108 173 102 163 0 72 52 0 2 0 0 2 1 2 2 2 5 2 327826 947072 1458146 902166 854994 1364668 1586612 1146418 524522 1084712 1518758 534986 114550 153974 294720 382706 243136 257032 270022 555032 2073600 2073600 2 6 440765 994560 993600 102118 90419 123068 125160 6 6 6 6 27 0 0 0 0 
[ 7068.677866] MESSAGE_B= 0 0 0 132 4 2 192 0 248 179 0 1971 1990 1913 1932 1312 1391 1196 1369 181 382 197 249 150 143 233 128 0 7 238 180 99 129 228 172 50 128 2 0 0 2 2 2 2 2 4 2 352604 769386 1458146 902166 854994 1364668 1586612 1146418 524522 1084712 1518758 534986 114550 153974 294720 382706 243136 257032 270022 555032 2073600 2073600 2 7 296386 990720 993600 92115 102109 97005 74863 7 7 6 7 27 0 0 0 0 
[ 7068.956848] MESSAGE_B= 0 0 0 126 4 3 192 0 248 179 0 2238 2407 2248 2313 1824 638 1400 727 54 140 40 158 96 165 8 123 0 6 126 40 255 32 0 87 116 144 2 2 2 2 1 2 2 2 4 3 208374 902724 1458146 902166 854994 1364668 1586612 1146418 524522 1084712 1518758 534986 114550 153974 294720 382706 243136 257032 270022 555032 2073600 2073600 2 6 432940 994560 993600 101353 84522 123389 123676 6 6 6 6 25 0 0 0 0 
[ 7069.236744] MESSAGE_B= 0 0 0 127 3 2 192 0 248 179 0 2198 2388 2226 2373 1728 889 1144 718 71 138 61 201 128 134 40 118 0 6 104 36 255 55 0 31 88 215 2 0 2 2 1 2 2 2 3 2 464850 836262 1470994 1473558 604962 1466456 1676120 922766 480694 1256488 1579566 585568 272370 379862 511750 394448 291034 146504 218200 518814 2073600 2073600 2 6 426508 990720 993600 100232 81196 122994 122086 6 6 6 6 26 0 0 0 0 
[ 7069.395857] MESSAGE_B= 0 0 0 131 3 2 192 0 248 179 0 2194 2382 2225 2393 1553 1006 983 698 83 129 44 200 154 136 169 76 0 6 186 23 158 10 0 16 91 111 2 2 2 2 1 2 2 2 3 2 229692 902754 1470994 1473558 604962 1466456 1676120 922766 480694 1256488 1579566 585568 272370 379862 511750 394448 291034 146504 218200 518814 2073600 2073600 2 6 420084 994560 993600 100006 77086 122184 120808 6 6 6 6 27 0 0 0 0 
[ 7069.683858] MESSAGE_B= 0 0 0 123 3 3 192 0 248 179 0 2202 2347 2237 2489 1357 829 1035 1202 121 112 165 235 289 219 144 261 0 6 77 81 168 19 0 142 79 18 2 2 2 2 1 2 2 2 3 3 401522 862906 1470994 1473558 604962 1466456 1676120 922766 480694 1256488 1579566 585568 272370 379862 511750 394448 291034 146504 218200 518814 2073600 2073600 1 6 403953 990720 993600 97487 67624 121381 117461 6 6 6 6 32 0 0 0 0 
[ 7069.970696] MESSAGE_B= 0 0 0 124 3 2 192 0 248 179 0 2192 2242 2272 2581 2289 1049 1438 1670 162 136 165 227 391 412 107 575 0 6 30 170 197 4 25 94 188 127 2 2 2 2 2 2 0 0 3 2 345384 915274 1470994 1473558 604962 1466456 1676120 922766 480694 1256488 1579566 585568 272370 379862 511750 394448 291034 146504 218200 518814 2073600 2073600 2 6 301607 994560 993600 95249 62811 116948 46506 6 7 6 7 60 0 0 0 0 
[ 7070.250859] MESSAGE_B= 0 0 0 67 4 2 192 0 248 179 0 3918 2156 2707 2687 1367 1504 2009 2753 138 302 374 409 173 196 460 457 0 7 141 151 162 115 129 126 60 143 2 2 2 2 2 2 0 2 4 2 384212 921720 1470994 1473558 604962 1466456 1676120 922766 480694 1256488 1579566 585568 272370 379862 511750 394448 291034 146504 218200 518814 2073600 2073600 2 7 324396 990720 993600 90833 75248 80135 78180 7 7 7 7 107 0 0 0 0 
[ 7070.531866] MESSAGE_B= 0 0 0 36 4 2 192 0 248 179 0 2218 3365 3177 3025 1581 1741 1916 2929 271 531 160 480 685 489 523 354 0 7 16 169 106 97 150 156 107 122 2 2 2 2 2 2 0 2 4 2 314486 774484 1470994 1473558 604962 1466456 1676120 922766 480694 1256488 1579566 585568 272370 379862 511750 394448 291034 146504 218200 518814 2073600 2073600 2 7 352283 994560 993600 117094 71769 88653 74767 7 7 7 7 114 0 0 0 0 
[ 7070.810859] MESSAGE_B= 0 0 0 41 2 2 192 0 248 179 0 2094 2008 3277 3304 1508 1735 2196 3127 193 44 220 209 270 703 725 479 0 7 70 75 146 109 134 59 19 74 2 2 2 2 2 2 0 2 2 2 517442 921374 1470994 1473558 604962 1466456 1676120 922766 480694 1256488 1579566 585568 272370 379862 511750 394448 291034 146504 218200 518814 2073600 2073600 1 7 350345 990720 993600 92737 77568 100114 79926 7 7 7 7 116 0 0 0 0 
[ 7071.095862] MESSAGE_B= 0 0 0 58 2 3 192 0 248 179 0 2034 1963 3184 3385 1479 1268 1599 1926 182 50 278 236 175 354 726 904 0 7 135 34 178 191 63 29 169 151 2 2 2 2 2 2 0 2 2 3 603614 482584 1470994 1473558 604962 1466456 1676120 922766 480694 1256488 1579566 585568 272370 379862 511750 394448 291034 146504 218200 518814 2073600 2073600 3 7 359895 994560 993600 91931 85692 109694 72578 7 7 7 7 116 0 0 0 0 
[ 7071.380856] MESSAGE_B= 0 0 0 72 3 2 192 0 248 179 0 1986 1940 2963 3450 1477 1194 1407 1814 139 70 341 219 184 309 429 954 0 7 135 52 207 135 81 46 226 120 2 2 2 2 2 2 0 2 3 2 546112 738856 1470994 1473558 604962 1466456 1676120 922766 480694 1256488 1579566 585568 272370 379862 511750 394448 291034 146504 218200 518814 2073600 2073600 2 7 367165 990720 993600 95926 88040 110601 72598 7 7 7 7 113 0 0 0 0 
[ 7071.537866] MESSAGE_B= 0 0 0 88 3 2 192 0 248 179 0 1956 1922 2841 3269 1502 1152 1301 1973 89 52 334 421 193 368 195 946 0 7 198 43 161 12 107 60 229 200 2 2 2 2 2 0 0 2 3 2 742628 396022 858206 1321834 578250 1610014 1677798 652410 478572 371554 838996 1161422 235514 538758 684464 606928 652558 933616 1282844 1110682 2073600 2073600 2 7 369660 994560 993600 91814 86439 111534 79873 7 7 7 7 106 0 0 0 0 
[ 7071.820853] MESSAGE_B= 0 0 0 94 4 2 192 0 248 179 0 2095 2492 2789 2874 1798 1403 2198 2767 109 383 94 103 499 572 658 598 0 6 10 59 237 166 107 47 153 91 2 2 2 2 2 2 0 2 4 2 429500 869362 858206 1321834 578250 1610014 1677798 652410 478572 371554 838996 1161422 235514 538758 684464 606928 652558 933616 1282844 1110682 2073600 2073600 2 6 311168 990720 993600 121365 50467 85624 53712 6 6 6 6 67 0 0 0 0 
[ 7072.102854] MESSAGE_B= 0 0 0 94 3 2 192 0 248 179 0 1936 2290 2955 2763 1837 1661 2330 2714 120 198 55 120 464 414 515 666 0 6 61 32 215 205 255 154 194 28 2 2 2 2 2 2 0 2 3 2 813672 390232 858206 1321834 578250 1610014 1677798 652410 478572 371554 838996 1161422 235514 538758 684464 606928 652558 933616 1282844 1110682 2073600 2073600 2 6 328727 994560 993600 123920 72084 83263 49460 6 6 6 6 67 0 0 0 0 
[ 7072.389097] MESSAGE_B= 0 0 0 93 3 1 192 0 248 179 0 1902 2169 2620 2644 1792 2030 2362 2686 122 154 68 117 484 315 478 662 0 6 47 217 198 183 53 153 201 19 2 2 2 2 2 2 2 2 3 1 533742 881852 858206 1321834 578250 1610014 1677798 652410 478572 371554 838996 1161422 235514 538758 684464 606928 652558 933616 1282844 1110682 2073600 2073600 2 6 346523 990720 993600 124663 90405 78431 53024 6 6 6 6 63 0 0 0 0 
[ 7072.668852] MESSAGE_B= 0 0 0 97 2 3 192 0 248 179 0 1952 2715 2503 2647 1763 2137 2309 2553 116 319 62 86 515 415 525 762 0 6 69 95 208 163 49 107 123 117 2 2 2 2 2 2 2 2 2 3 792334 480522 858206 1321834 578250 1610014 1677798 652410 478572 371554 838996 1161422 235514 538758 684464 606928 652558 933616 1282844 1110682 2073600 2073600 3 6 352921 994560 993600 122896 105748 70205 54072 6 6 6 6 61 0 0 0 0 
[ 7072.948861] MESSAGE_B= 0 0 0 88 3 2 192 0 248 179 0 1875 2536 2291 2560 1751 2289 2296 2497 82 342 86 135 547 303 524 782 0 6 64 128 235 47 81 109 128 86 2 2 2 2 2 2 2 2 3 2 474556 790942 858206 1321834 578250 1610014 1677798 652410 478572 371554 838996 1161422 235514 538758 684464 606928 652558 933616 1282844 1110682 2073600 2073600 2 6 356518 990720 993600 122396 114447 64104 55571 6 6 6 6 61 0 0 0 0 
[ 7073.114204] MESSAGE_B= 0 0 0 93 4 1 192 0 248 179 0 1888 2592 2170 2465 1944 2502 2464 2380 22 275 57 94 476 257 339 810 0 6 255 155 140 107 255 56 73 31 2 2 2 2 2 2 2 2 4 1 458068 578576 858206 1321834 578250 1610014 1677798 652410 478572 371554 838996 1161422 235514 538758 684464 606928 652558 933616 1282844 1110682 2073600 2073600 2 6 354071 994560 993600 120985 116234 59922 56930 6 6 6 6 61 0 0 0 0 
[ 7073.401221] MESSAGE_B= 0 0 0 97 4 1 192 0 248 179 0 0 2624 0 2400 1967 2651 2504 2274 0 0 0 0 485 335 239 828 0 6 0 0 45 11 0 15 44 0 1 2 2 2 1 2 2 2 4 1 318014 745624 858206 1321834 578250 1610014 1677798 652410 478572 371554 838996 1161422 235514 538758 684464 606928 652558 933616 1282844 1110682 2073600 2073600 2 6 352559 990720 993600 117730 117829 56223 60777 6 6 6 6 61 0 0 0 0 
[ 7073.684855] MESSAGE_B= 0 0 0 103 3 2 192 0 248 179 0 2287 0 1996 0 1950 2678 2419 2271 67 0 76 0 574 335 253 766 0 6 179 0 137 10 255 46 8 0 2 1 2 2 2 2 2 1 3 2 280490 699192 858206 1321834 578250 1610014 1677798 652410 478572 371554 838996 1161422 235514 538758 684464 606928 652558 933616 1282844 1110682 2073600 2073600 2 6 348878 994560 993600 115298 118677 52783 62120 6 6 6 6 61 0 0 0 0 
[ 7073.969786] MESSAGE_B= 0 0 0 114 2 1 192 0 248 179 0 2243 0 1815 0 1994 2536 2329 2146 43 0 87 0 617 427 308 797 0 6 136 0 149 136 48 22 93 0 2 1 2 2 2 2 2 1 2 1 288334 741276 1074160 829130 919694 777428 1017770 354828 988650 821848 1079144 331324 1086946 871814 1174126 950488 706596 211076 378992 407848 2073600 2073600 2 6 346701 990720 993600 114897 115279 50881 65644 6 6 6 6 60 0 0 0 0 
[ 7074.255843] MESSAGE_B= 0 0 0 119 2 1 192 0 248 179 0 2211 0 1800 0 2013 2410 2255 2016 38 0 173 0 612 496 301 838 0 6 141 0 160 222 148 97 155 0 2 1 2 2 2 2 2 1 2 1 290796 793114 1074160 829130 919694 777428 1017770 354828 988650 821848 1079144 331324 1086946 871814 1174126 950488 706596 211076 378992 407848 2073600 2073600 2 6 339688 994560 993600 115154 110229 47040 67265 6 6 6 6 56 0 0 0 0 
[ 7074.412848] MESSAGE_B= 0 0 0 123 2 1 192 0 248 179 0 2235 0 1979 0 2017 2368 2247 1931 64 0 155 0 617 500 319 865 0 6 174 0 128 232 164 114 168 0 2 1 2 2 2 2 0 1 2 1 210386 724108 1074160 829130 919694 777428 1017770 354828 988650 821848 1079144 331324 1086946 871814 1174126 950488 706596 211076 378992 407848 2073600 2073600 2 6 338623 990720 993600 115622 108200 46814 67987 6 6 6 6 54 0 0 0 0 
[ 7074.690850] MESSAGE_B= 0 0 0 126 1 1 192 0 248 179 0 2235 0 2422 0 2039 2212 2203 1850 52 0 96 0 642 570 457 846 0 6 212 0 104 234 31 158 119 0 2 1 2 2 2 2 0 1 1 1 398632 802296 1074160 829130 919694 777428 1017770 354828 988650 821848 1079144 331324 1086946 871814 1174126 950488 706596 211076 378992 407848 2073600 2073600 1 6 332474 994560 993600 116073 103866 43404 69131 6 6 6 6 52 0 0 0 0 
[ 7074.969939] MESSAGE_B= 0 0 0 128 2 2 192 0 248 179 0 2225 0 2446 0 2138 2094 2156 1974 41 0 103 0 613 622 539 744 0 6 14 0 129 214 12 153 127 0 2 1 2 2 2 2 0 1 2 2 162756 691332 1074160 829130 919694 777428 1017770 354828 988650 821848 1079144 331324 1086946 871814 1174126 950488 706596 211076 378992 407848 2073600 2073600 1 6 339850 990720 993600 116623 103153 44202 75872 6 6 6 6 49 0 0 0 0 
[ 7075.250368] MESSAGE_B= 0 0 0 127 2 1 192 0 248 179 0 2221 0 2355 0 2273 2108 2245 2049 44 0 91 0 516 594 520 696 0 6 199 0 148 238 0 139 147 0 2 1 2 2 1 2 2 1 2 1 488436 801628 1074160 829130 919694 777428 1017770 354828 988650 821848 1079144 331324 1086946 871814 1174126 950488 706596 211076 378992 407848 2073600 2073600 2 6 353634 994560 993600 119745 104150 47601 82138 6 6 6 6 46 0 0 0 0 
[ 7075.531858] MESSAGE_B= 0 0 0 126 2 1 192 0 248 179 0 2232 0 2110 0 2376 2178 2275 2164 91 0 57 0 416 500 457 620 0 6 63 0 156 217 0 128 115 0 2 1 2 2 1 2 2 1 2 1 225964 687908 1074160 829130 919694 777428 1017770 354828 988650 821848 1079144 331324 1086946 871814 1174126 950488 706596 211076 378992 407848 2073600 2073600 2 6 363712 990720 993600 120972 106066 50083 86591 6 6 6 6 44 0 0 0 0 
[ 7075.811927] MESSAGE_B= 0 0 0 129 3 1 192 0 248 179 0 2253 0 1853 0 2425 2102 2270 2170 89 0 93 0 406 485 415 605 0 6 117 0 151 197 0 135 107 0 2 1 2 2 1 2 2 1 3 1 498412 797098 1074160 829130 919694 777428 1017770 354828 988650 821848 1079144 331324 1086946 871814 1174126 950488 706596 211076 378992 407848 2073600 2073600 2 6 374124 994560 993600 120918 109204 53371 90631 6 6 6 6 43 0 0 0 0 
[ 7076.091254] MESSAGE_B= 0 0 0 132 3 1 192 0 248 179 0 2256 0 1819 0 2383 2038 2158 2224 91 0 156 0 552 491 499 537 0 6 76 0 194 201 110 83 80 0 2 1 2 2 2 2 2 1 3 1 264336 703840 1074160 829130 919694 777428 1017770 354828 988650 821848 1079144 331324 1086946 871814 1174126 950488 706596 211076 378992 407848 2073600 2073600 2 6 379551 990720 993600 119462 111633 55544 92912 6 6 6 6 40 0 0 0 0 
[ 7076.246871] MESSAGE_B= 0 0 0 135 3 1 192 0 248 179 0 2255 0 1825 0 2349 1955 2047 2143 84 0 142 0 621 547 589 646 0 6 35 0 205 223 54 99 46 0 2 1 2 2 2 2 2 1 3 1 480616 800782 831696 964018 1123386 1063590 1238082 1053832 872942 1179908 1117248 494956 333890 304994 350758 531144 191122 250692 294410 543882 2073600 2073600 2 6 380471 994560 993600 118543 112009 56560 93359 6 6 6 6 39 0 0 0 0 
[ 7076.525848] MESSAGE_B= 0 0 0 138 2 1 192 0 248 179 0 2273 0 1589 0 2344 1728 1974 1953 82 0 227 0 675 489 611 811 0 6 58 0 203 227 255 172 37 0 2 1 2 2 2 2 2 1 2 1 289080 755798 831696 964018 1123386 1063590 1238082 1053832 872942 1179908 1117248 494956 333890 304994 350758 531144 191122 250692 294410 543882 2073600 2073600 2 6 381519 990720 993600 117868 112494 55952 95205 6 6 6 6 35 0 0 0 0 
[ 7076.802875] MESSAGE_B= 0 0 0 140 2 2 192 0 248 179 0 2286 0 1735 0 2080 1868 1835 2144 99 0 149 0 909 390 635 715 0 6 118 0 211 207 165 129 8 0 2 1 0 2 2 2 2 1 2 2 459514 840304 831696 964018 1123386 1063590 1238082 1053832 872942 1179908 1117248 494956 333890 304994 350758 531144 191122 250692 294410 543882 2073600 2073600 1 6 378383 994560 993600 117118 112655 51695 96915 6 6 6 6 34 0 0 0 0 
[ 7077.079878] MESSAGE_B= 0 0 0 139 2 2 192 0 248 179 0 2301 0 1846 0 2035 1838 1749 2030 121 0 249 0 871 371 651 711 0 6 125 0 215 208 209 9 12 0 2 1 0 2 2 2 2 1 2 2 293322 798746 831696 964018 1123386 1063590 1238082 1053832 872942 1179908 1117248 494956 333890 304994 350758 531144 191122 250692 294410 543882 2073600 2073600 1 6 373529 990720 993600 115864 112218 48392 97055 6 6 6 6 33 0 0 0 0 
[ 7077.363744] MESSAGE_B= 0 0 0 135 2 2 192 0 248 179 0 2331 0 2038 0 2068 1755 1709 1834 142 0 320 0 793 369 660 747 0 6 142 0 193 223 81 9 100 0 2 1 2 2 2 2 2 1 2 2 465780 836212 831696 964018 1123386 1063590 1238082 1053832 872942 1179908 1117248 494956 333890 304994 350758 531144 191122 250692 294410 543882 2073600 2073600 1 6 364796 994560 993600 114351 108925 45590 95930 6 6 6 6 32 0 0 0 0 
[ 7077.641854] MESSAGE_B= 0 0 0 132 3 1 192 0 248 179 0 2372 0 2135 0 2100 1733 1683 1757 168 0 352 0 704 380 646 739 0 6 165 0 181 225 216 36 159 0 2 1 2 2 2 2 2 1 3 1 383830 783822 831696 964018 1123386 1063590 1238082 1053832 872942 1179908 1117248 494956 333890 304994 350758 531144 191122 250692 294410 543882 2073600 2073600 2 6 365397 990720 993600 112561 108795 46385 97656 6 6 6 6 32 0 0 0 0 
[ 7077.926796] MESSAGE_B= 0 0 0 132 2 2 192 0 248 179 0 2395 0 2156 0 2094 2007 1621 2295 191 0 368 0 669 345 691 583 0 6 138 0 184 203 150 87 200 0 2 1 2 2 2 2 2 1 2 2 441732 782212 831696 964018 1123386 1063590 1238082 1053832 872942 1179908 1117248 494956 333890 304994 350758 531144 191122 250692 294410 543882 2073600 2073600 1 6 366747 994560 993600 111486 109072 47598 98591 6 6 6 6 31 0 0 0 0 
[ 7078.205847] MESSAGE_B= 0 0 0 135 2 3 192 0 248 179 0 2448 0 2131 0 2100 1950 1590 2055 218 0 307 0 610 308 679 759 0 6 114 0 178 199 129 27 196 0 2 1 2 2 2 2 2 1 2 3 460980 760404 831696 964018 1123386 1063590 1238082 1053832 872942 1179908 1117248 494956 333890 304994 350758 531144 191122 250692 294410 543882 2073600 2073600 3 6 362955 990720 993600 109089 108874 46849 98143 6 6 6 6 31 0 0 0 0 
[ 7078.361867] MESSAGE_B= 0 0 0 135 2 3 192 0 248 179 0 2464 0 2102 0 2117 1999 1547 2275 230 0 268 0 567 265 701 563 0 6 114 0 179 160 228 8 197 0 2 1 2 2 2 2 2 1 2 3 460980 760404 831696 964018 1123386 1063590 1238082 1053832 872942 1179908 1117248 494956 333890 304994 350758 531144 191122 250692 294410 543882 2073600 2073600 3 6 363345 990720 993600 108225 108854 47671 98595 6 6 6 6 30 0 0 0 0 
[ 7078.519857] MESSAGE_B= 0 0 0 137 2 2 192 0 248 179 0 2477 0 2093 0 2139 2126 1548 2452 250 0 228 0 534 313 713 283 0 6 61 0 172 115 206 12 199 0 2 1 2 2 2 2 2 1 2 2 443652 776474 831696 964018 1123386 1063590 1238082 1053832 872942 1179908 1117248 494956 333890 304994 350758 531144 191122 250692 294410 543882 2073600 2073600 1 6 367058 994560 993600 107399 109375 51148 99136 6 6 6 6 31 0 0 0 0 
[ 7078.675855] MESSAGE_B= 0 0 0 139 2 2 192 0 248 179 0 2480 0 2056 0 2146 2146 1577 2412 266 0 193 0 512 292 714 238 0 6 2 0 176 57 202 0 196 0 2 1 0 2 2 2 2 1 2 2 443652 776474 893268 910354 991350 844496 1293172 999768 1011756 1118958 1194190 755744 299122 455902 583906 574010 413878 424548 533680 748132 2073600 2073600 1 6 372980 994560 993600 107177 110089 55510 100204 6 6 6 6 31 0 0 0 0 
[ 7079.203406] MESSAGE_B= 0 0 0 144 2 1 192 0 248 179 0 2455 0 1991 0 2154 1742 1744 1329 303 0 232 0 526 420 676 975 0 6 215 0 158 223 246 20 202 0 2 1 2 2 2 2 2 1 2 1 414172 768928 893268 910354 991350 844496 1293172 999768 1011756 1118958 1194190 755744 299122 455902 583906 574010 413878 424548 533680 748132 2073600 2073600 2 6 379045 990720 993600 107951 113263 62627 95204 6 6 6 6 28 0 0 0 0 
[ 7079.484854] MESSAGE_B= 0 0 0 145 2 1 192 0 248 179 0 2418 0 1963 0 1882 1651 1864 1049 324 0 319 0 833 404 621 918 0 6 224 0 192 223 116 67 187 0 2 1 2 2 2 2 2 1 2 1 404190 769878 893268 910354 991350 844496 1293172 999768 1011756 1118958 1194190 755744 299122 455902 583906 574010 413878 424548 533680 748132 2073600 2073600 2 6 378371 994560 993600 110660 114553 59974 93184 6 6 6 6 25 0 0 0 0 
[ 7079.761863] MESSAGE_B= 0 0 0 146 2 1 192 0 248 179 0 2402 0 1936 0 1829 1614 1823 1039 332 0 355 0 855 370 633 902 0 6 223 0 202 217 148 32 191 197 2 1 2 2 2 2 2 2 2 1 342574 817774 893268 910354 991350 844496 1293172 999768 1011756 1118958 1194190 755744 299122 455902 583906 574010 413878 424548 533680 748132 2073600 2073600 2 6 374664 990720 993600 111038 113964 57966 91696 6 6 6 6 24 0 0 0 0 
[ 7080.047450] MESSAGE_B= 0 0 0 147 2 1 192 0 248 179 0 2366 3077 1864 1016 1798 1541 1857 915 349 443 394 8 888 436 633 855 0 6 231 142 207 211 150 140 189 80 2 2 2 2 2 2 2 2 2 1 353344 715146 893268 910354 991350 844496 1293172 999768 1011756 1118958 1194190 755744 299122 455902 583906 574010 413878 424548 533680 748132 2073600 2073600 2 6 370246 994560 993600 110261 111199 57133 91653 6 6 6 6 24 0 0 0 0 
[ 7080.332313] MESSAGE_B= 0 0 0 149 2 1 192 0 248 179 0 2345 3229 1814 998 1657 1520 1789 856 347 265 412 16 930 441 628 835 0 6 235 117 213 211 207 204 162 3 2 2 2 2 2 2 2 2 2 1 310406 818914 893268 910354 991350 844496 1293172 999768 1011756 1118958 1194190 755744 299122 455902 583906 574010 413878 424548 533680 748132 2073600 2073600 2 6 368751 990720 993600 110210 112513 55674 90354 6 6 6 6 20 0 0 0 0 
[ 7080.610857] MESSAGE_B= 0 0 0 149 2 1 192 0 248 179 0 2304 2985 1779 1014 1552 1506 1758 785 366 176 442 29 943 400 621 761 0 6 238 77 211 219 156 135 114 105 0 2 2 2 2 2 2 2 2 1 291396 663506 893268 910354 991350 844496 1293172 999768 1011756 1118958 1194190 755744 299122 455902 583906 574010 413878 424548 533680 748132 2073600 2073600 2 6 368899 994560 993600 110160 114444 54877 89418 6 6 6 6 20 0 0 0 0 
[ 7080.888848] MESSAGE_B= 0 0 0 150 2 1 192 0 248 179 0 2277 0 1779 0 1476 1508 1724 755 362 0 446 0 946 401 630 756 0 6 235 0 214 217 179 76 152 86 0 1 2 2 2 2 2 2 2 1 321712 782964 893268 910354 991350 844496 1293172 999768 1011756 1118958 1194190 755744 299122 455902 583906 574010 413878 424548 533680 748132 2073600 2073600 2 6 363602 990720 993600 110924 110592 53840 88246 6 6 6 6 17 0 0 0 0 
[ 7081.165845] MESSAGE_B= 0 0 0 151 2 1 192 0 248 179 0 2260 0 1779 0 1317 1483 1677 703 368 0 444 0 936 380 608 704 0 6 235 0 204 205 103 100 161 131 0 1 2 2 2 2 2 2 2 1 258060 605566 792610 1243710 1068386 734014 1128354 580416 579486 849948 907710 333210 294538 423790 513208 463860 290402 299394 349738 351076 2073600 2073600 2 6 358188 994560 993600 110864 107953 52571 86800 6 6 6 6 16 0 0 0 0 
[ 7081.323870] MESSAGE_B= 0 0 0 154 2 1 192 0 248 179 0 2237 0 1777 0 1307 1463 1697 665 380 0 450 0 918 384 605 669 0 6 235 0 197 205 202 185 127 150 2 1 2 2 2 2 2 2 2 1 321738 743584 792610 1243710 1068386 734014 1128354 580416 579486 849948 907710 333210 294538 423790 513208 463860 290402 299394 349738 351076 2073600 2073600 2 6 353491 990720 993600 110626 104931 52065 85869 6 6 6 6 17 0 0 0 0 
[ 7081.602848] MESSAGE_B= 0 0 0 157 2 1 192 0 248 179 0 2211 0 1782 0 1215 1466 1668 627 382 0 444 0 921 418 565 657 0 6 237 0 203 197 206 139 146 148 2 1 2 2 2 2 2 2 2 1 234914 591426 792610 1243710 1068386 734014 1128354 580416 579486 849948 907710 333210 294538 423790 513208 463860 290402 299394 349738 351076 2073600 2073600 2 6 344410 994560 993600 105557 102633 51243 84977 6 6 6 6 23 0 0 0 0 
[ 7081.879876] MESSAGE_B= 0 0 0 158 2 1 192 0 248 179 0 2140 0 1776 0 1184 1513 1684 615 440 0 444 0 909 430 561 650 0 6 234 0 196 189 184 150 31 147 2 1 2 2 2 2 2 2 2 1 310864 723008 792610 1243710 1068386 734014 1128354 580416 579486 849948 907710 333210 294538 423790 513208 463860 290402 299394 349738 351076 2073600 2073600 2 6 337931 990720 993600 103819 101346 49377 83389 6 6 6 6 23 0 0 0 0 
[ 7082.165118] MESSAGE_B= 0 0 0 159 2 1 192 0 248 179 0 2181 0 1804 0 1174 1560 1725 613 386 0 437 0 909 424 544 650 0 6 236 0 190 185 180 160 14 137 2 1 2 2 2 2 2 2 2 1 235208 645750 792610 1243710 1068386 734014 1128354 580416 579486 849948 907710 333210 294538 423790 513208 463860 290402 299394 349738 351076 2073600 2073600 2 6 337224 994560 993600 104059 102043 49054 82068 6 6 6 6 13 0 0 0 0 
[ 7082.442850] MESSAGE_B= 0 0 0 159 2 2 192 0 248 179 0 2156 0 1775 0 1158 1559 1745 617 423 0 455 0 908 439 527 650 0 6 233 0 184 184 185 99 26 114 2 1 2 2 2 2 2 2 2 2 298970 683464 792610 1243710 1068386 734014 1128354 580416 579486 849948 907710 333210 294538 423790 513208 463860 290402 299394 349738 351076 2073600 2073600 1 6 335145 990720 993600 103746 101635 49061 80703 6 6 6 6 13 0 0 0 0 
[ 7082.727858] MESSAGE_B= 0 0 0 160 2 1 192 0 248 179 0 2155 0 1774 0 1174 1569 1789 601 417 0 456 0 909 453 514 631 0 6 235 0 173 180 182 153 88 113 2 1 2 2 2 2 2 2 2 1 226080 660012 792610 1243710 1068386 734014 1128354 580416 579486 849948 907710 333210 294538 423790 513208 463860 290402 299394 349738 351076 2073600 2073600 2 6 334734 994560 993600 103930 101527 48966 80311 6 6 6 6 13 0 0 0 0 
[ 7083.013082] MESSAGE_B= 0 0 0 160 2 1 192 0 248 179 0 2160 0 1782 0 1186 1599 1818 621 423 0 451 0 908 459 509 653 0 6 235 0 166 179 181 155 106 116 2 1 2 2 2 2 2 2 2 1 292166 666728 792610 1243710 1068386 734014 1128354 580416 579486 849948 907710 333210 294538 423790 513208 463860 290402 299394 349738 351076 2073600 2073600 2 6 332965 990720 993600 103439 101283 48099 80144 6 6 6 6 9 0 0 0 0 
[ 7083.290852] MESSAGE_B= 0 0 0 161 2 1 192 0 248 179 0 2165 0 1782 0 1185 1631 1855 617 405 0 456 0 910 472 502 645 0 6 236 0 156 178 182 131 85 134 2 1 2 2 2 2 2 2 2 1 230958 659162 792610 1243710 1068386 734014 1128354 580416 579486 849948 907710 333210 294538 423790 513208 463860 290402 299394 349738 351076 2073600 2073600 2 6 333457 994560 993600 103466 101528 48616 79847 6 6 6 6 7 0 0 0 0 
[ 7083.446878] MESSAGE_B= 0 0 0 161 2 1 192 0 248 179 0 2180 0 1791 0 1176 1649 1848 619 394 0 447 0 907 457 511 647 0 6 238 0 155 178 179 115 115 116 2 1 2 2 2 2 2 2 2 1 277126 666586 783388 1288970 1061958 665954 905786 698238 430010 944612 881020 277580 184830 203242 303770 320652 344952 229930 336830 330382 2073600 2073600 2 6 331608 990720 993600 103436 101092 48076 79004 6 6 6 6 7 0 0 0 0 
[ 7083.734362] MESSAGE_B= 0 0 0 161 2 2 192 0 248 179 0 2122 0 1763 0 1162 1691 1881 625 447 0 454 0 909 463 504 652 0 6 225 0 140 165 186 143 123 149 2 1 2 2 2 2 2 2 2 2 238786 657160 783388 1288970 1061958 665954 905786 698238 430010 944612 881020 277580 184830 203242 303770 320652 344952 229930 336830 330382 2073600 2073600 1 6 332495 994560 993600 103427 101574 48608 78886 6 6 6 6 8 0 0 0 0 
[ 7084.014850] MESSAGE_B= 0 0 0 162 2 1 192 0 248 179 0 2171 0 1789 0 1171 1699 1904 622 407 0 451 0 909 478 507 650 0 6 233 0 131 161 180 158 106 127 2 1 2 2 2 2 2 2 2 1 270356 663694 783388 1288970 1061958 665954 905786 698238 430010 944612 881020 277580 184830 203242 303770 320652 344952 229930 336830 330382 2073600 2073600 2 6 332579 990720 993600 103855 101139 48673 78912 6 6 6 6 8 0 0 0 0 
[ 7084.291862] MESSAGE_B= 0 0 0 162 2 1 192 0 248 179 0 2180 0 1786 0 1163 1686 1916 607 387 0 459 0 909 502 513 639 0 6 237 0 125 154 186 162 113 103 2 1 2 2 2 2 2 2 2 1 235306 655968 783388 1288970 1061958 665954 905786 698238 430010 944612 881020 277580 184830 203242 303770 320652 344952 229930 336830 330382 2073600 2073600 2 6 332614 994560 993600 103789 101392 48828 78605 6 6 6 6 6 0 0 0 0 
[ 7084.568860] MESSAGE_B= 0 0 0 162 2 1 192 0 248 179 0 2169 0 1786 0 1163 1733 1926 631 408 0 449 0 902 495 516 655 0 6 232 0 115 147 185 196 124 126 2 1 2 2 2 2 2 2 2 1 267910 663320 783388 1288970 1061958 665954 905786 698238 430010 944612 881020 277580 184830 203242 303770 320652 344952 229930 336830 330382 2073600 2073600 2 6 331191 990720 993600 103554 101893 47782 77962 6 6 6 6 7 0 0 0 0 
[ 7084.848297] MESSAGE_B= 0 0 0 163 2 1 192 0 248 179 0 2164 0 1783 0 1146 1766 1931 634 412 0 450 0 905 492 520 656 0 6 232 0 114 149 182 187 119 109 2 1 2 2 2 2 2 2 2 1 239588 656230 783388 1288970 1061958 665954 905786 698238 430010 944612 881020 277580 184830 203242 303770 320652 344952 229930 336830 330382 2073600 2073600 2 6 331565 994560 993600 103410 101610 48411 78134 6 6 6 6 7 0 0 0 0 
[ 7085.126853] MESSAGE_B= 0 0 0 163 2 1 192 0 248 179 0 2155 0 1779 0 1160 1777 1951 623 416 0 453 0 909 506 515 648 0 6 229 0 108 146 182 179 121 117 2 1 2 2 2 2 2 2 2 1 265862 664950 783388 1288970 1061958 665954 905786 698238 430010 944612 881020 277580 184830 203242 303770 320652 344952 229930 336830 330382 2073600 2073600 2 6 332004 990720 993600 103822 101289 48973 77920 6 6 6 6 6 0 0 0 0 
[ 7085.283237] MESSAGE_B= 0 0 0 163 2 1 192 0 248 179 0 2183 0 1791 0 1162 1792 1960 632 388 0 452 0 907 484 513 657 0 6 235 0 106 143 188 188 114 111 2 1 2 2 2 2 2 2 2 1 237606 656104 783388 1288970 1061958 665954 905786 698238 430010 944612 881020 277580 184830 203242 303770 320652 344952 229930 336830 330382 2073600 2073600 2 6 331709 994560 993600 103760 101352 48624 77973 6 6 6 6 6 0 0 0 0 
[ 7085.560855] MESSAGE_B= 0 0 0 163 2 1 192 0 248 179 0 2154 0 1778 0 1163 1751 1970 609 414 0 459 0 906 508 503 641 0 6 229 0 104 147 181 179 108 109 2 1 2 2 2 2 2 2 2 1 263978 664696 783388 1288970 1061958 665954 905786 698238 430010 944612 881020 277580 184830 203242 303770 320652 344952 229930 336830 330382 2073600 2073600 2 6 331511 990720 993600 103528 101534 48359 78090 6 6 6 6 6 0 0 0 0 
[ 7085.841875] MESSAGE_B= 0 0 0 163 2 1 192 0 248 179 0 2173 0 1792 0 1139 1753 1944 620 406 0 443 0 906 506 511 647 0 6 232 0 108 144 179 174 114 120 2 1 2 2 2 2 2 2 2 1 237808 656772 797314 1204398 1037410 717092 945030 729242 467716 963054 916050 275154 216094 177002 281472 290698 308704 227970 323870 322714 2073600 2073600 2 6 331874 994560 993600 103474 101734 48645 78021 6 6 6 6 6 0 0 0 0 
[ 7086.121847] MESSAGE_B= 0 0 0 163 2 1 192 0 248 179 0 2181 0 1795 0 1178 1785 1977 619 388 0 450 0 912 497 504 646 0 6 235 0 96 151 187 181 93 118 2 1 2 2 2 2 2 2 2 1 266080 665958 797314 1204398 1037410 717092 945030 729242 467716 963054 916050 275154 216094 177002 281472 290698 308704 227970 323870 322714 2073600 2073600 2 6 331853 990720 993600 103834 101351 48541 78127 6 6 6 6 5 0 0 0 0 
[ 7086.398851] MESSAGE_B= 0 0 0 163 2 1 192 0 248 179 0 2180 0 1794 0 1155 1787 1959 636 390 0 446 0 908 492 518 659 0 6 237 0 101 142 188 189 115 144 2 1 2 2 2 2 2 2 2 1 237860 657220 797314 1204398 1037410 717092 945030 729242 467716 963054 916050 275154 216094 177002 281472 290698 308704 227970 323870 322714 2073600 2073600 2 6 330950 994560 993600 103624 101175 48393 77758 6 6 6 6 5 0 0 0 0 
[ 7086.678866] MESSAGE_B= 0 0 0 163 2 1 192 0 248 179 0 2163 0 1786 0 1144 1757 1955 622 406 0 449 0 908 507 521 650 0 6 232 0 104 149 181 166 111 149 2 1 2 2 2 2 2 2 2 1 267028 668130 797314 1204398 1037410 717092 945030 729242 467716 963054 916050 275154 216094 177002 281472 290698 308704 227970 323870 322714 2073600 2073600 2 6 331943 990720 993600 103676 101628 48710 77929 6 6 6 6 5 0 0 0 0 
[ 7086.959857] MESSAGE_B= 0 0 0 163 2 1 192 0 248 179 0 2153 0 1779 0 1160 1726 1973 606 422 0 449 0 910 534 514 639 0 6 228 0 102 150 181 176 117 124 2 1 2 2 2 2 2 2 2 1 237812 658336 797314 1204398 1037410 717092 945030 729242 467716 963054 916050 275154 216094 177002 281472 290698 308704 227970 323870 322714 2073600 2073600 2 6 332565 994560 993600 103806 101645 48881 78233 6 6 6 6 5 0 0 0 0 
[ 7087.240065] MESSAGE_B= 0 0 0 163 2 2 192 0 248 179 0 2164 0 1780 0 1169 1790 1981 633 409 0 453 0 911 495 512 662 0 6 236 0 97 144 187 187 105 132 2 1 2 2 2 2 2 2 2 2 264796 667770 797314 1204398 1037410 717092 945030 729242 467716 963054 916050 275154 216094 177002 281472 290698 308704 227970 323870 322714 2073600 2073600 1 6 332454 990720 993600 103644 101431 49016 78363 6 6 6 6 5 0 0 0 0 
[ 7087.397305] MESSAGE_B= 0 0 0 163 2 2 192 0 248 179 0 1845 1104 1544 976 1064 1540 1829 549 503 0 470 0 823 548 509 569 0 6 234 0 115 144 168 187 88 159 2 2 0 2 2 2 2 2 2 2 237690 657100 797314 1204398 1037410 717092 945030 729242 467716 963054 916050 275154 216094 177002 281472 290698 308704 227970 323870 322714 2073600 2073600 1 6 324237 994560 993600 101646 102506 45676 74409 6 6 6 6 15 0 0 0 0 
[ 7087.676717] MESSAGE_B= 0 0 0 171 2 1 192 0 248 179 0 969 0 1066 0 981 1299 1467 1020 159 0 130 0 130 111 347 220 0 6 84 0 92 196 0 0 187 0 0 1 2 2 1 1 2 1 2 1 272218 670048 797314 1204398 1037410 717092 945030 729242 467716 963054 916050 275154 216094 177002 281472 290698 308704 227970 323870 322714 2073600 2073600 2 12 248937 990720 993600 83310 68682 76546 81174 6 6 12 12 28 0 0 0 0 
[ 7087.956875] MESSAGE_B= 0 0 0 166 1 2 192 0 248 179 0 0 0 0 0 0 200 0 112 0 0 0 0 0 0 0 0 1 12 0 0 0 3 0 0 0 0 1 1 0 0 1 0 0 1 1 2 179656 528462 797314 1204398 1037410 717092 945030 729242 467716 963054 916050 275154 216094 177002 281472 290698 308704 227970 323870 322714 2073600 2073600 3 12 506329 994560 993600 127860 127996 125639 124834 12 12 12 12 36 0 0 0 0 
[ 7088.230875] MESSAGE_B= 0 7 0 116 1 5 192 0 248 179 0 0 0 0 0 0 0 0 0 0 0 0 0 0 0 0 0 1 12 0 0 0 0 0 0 0 0 1 1 1 1 1 1 1 1 1 5 114174 583756 345368 1213110 1025150 728924 959744 737510 481296 967686 791946 29334 206982 166868 281908 286908 306816 225158 312216 217374 2073600 2073600 3 12 512410 990720 993600 128104 128104 128100 128102 12 12 12 12 42 0 0 0 0 
[ 7088.513980] MESSAGE_B= 0 4 0 33 0 1573 192 0 248 179 0 664 665 666 664 722 714 722 718 58 58 62 64 33 50 37 43 0 31 255 255 246 254 188 194 185 216 0 0 0 0 0 0 0 0 0 1573 952 273302 345368 1213110 1025150 728924 959744 737510 481296 967686 791946 29334 206982 166868 281908 286908 306816 225158 312216 217374 2073600 2073600 2 6 462151 994560 993600 109946 111053 120250 120902 6 6 6 6 91 4 4 4 4 
[ 7088.790875] MESSAGE_B= 5 4 0 0 0 166 192 0 248 179 0 2152 2154 2153 2153 586 653 666 651 109 103 103 99 286 273 318 340 0 6 255 255 187 209 77 14 39 107 0 0 0 0 2 2 2 2 0 166 3900 1076 345368 1213110 1025150 728924 959744 737510 481296 967686 791946 29334 206982 166868 281908 286908 306816 225158 312216 217374 2073600 2073600 6 6 506392 990720 993600 128078 128084 125071 125159 6 6 6 6 128 4 4 4 4 
[ 7089.068864] MESSAGE_B= 4 4 0 0 1 33 192 0 248 179 0 3034 3040 3034 3040 831 848 932 858 174 184 180 185 325 317 356 331 0 6 255 255 162 186 135 27 20 118 0 0 0 0 2 2 2 2 1 33 8170 949972 345368 1213110 1025150 728924 959744 737510 481296 967686 791946 29334 206982 166868 281908 286908 306816 225158 312216 217374 2073600 2073600 5 6 507285 994560 993600 128104 128104 125448 125629 6 6 6 6 128 4 4 4 4 
[ 7089.346861] MESSAGE_B= 0 0 0 0 1 15 192 0 248 179 0 3034 3037 3033 3037 814 836 921 1004 176 188 172 187 322 308 352 365 0 6 255 255 134 179 148 25 34 124 0 0 0 0 2 2 2 2 1 15 38902 592668 345368 1213110 1025150 728924 959744 737510 481296 967686 791946 29334 206982 166868 281908 286908 306816 225158 312216 217374 2073600 2073600 1 6 506771 990720 993600 128104 127871 125445 125351 6 6 6 6 5 4 0 0 0 
[ 7089.504843] MESSAGE_B= 0 0 4 1 1 13 192 0 248 179 0 3042 3035 3041 3035 819 836 945 1370 178 173 187 185 321 311 354 380 0 6 255 255 137 129 114 36 48 100 0 0 0 0 2 2 2 2 1 13 8470 987798 345368 1213110 1025150 728924 959744 737510 481296 967686 791946 29334 206982 166868 281908 286908 306816 225158 312216 217374 2073600 2073600 2 6 505904 994560 993600 128104 126880 125445 125475 6 6 6 6 5 4 0 0 0 
[ 7089.783855] MESSAGE_B= 0 0 4 1 1 3 192 0 248 179 0 3041 3036 3040 3035 824 894 1165 1286 187 182 188 189 440 426 547 642 0 6 255 255 170 125 99 24 148 25 0 2 0 0 2 2 2 2 1 3 44422 803900 345368 1213110 1025150 728924 959744 737510 481296 967686 791946 29334 206982 166868 281908 286908 306816 225158 312216 217374 2073600 2073600 1 6 504835 990720 993600 128104 126576 125388 124767 6 6 6 6 8 4 0 0 0 
[ 7090.060884] MESSAGE_B= 0 4 4 1 1 2 192 0 248 179 0 3040 3035 3039 3036 818 868 1044 1529 176 186 176 182 440 432 565 473 0 6 255 255 212 174 102 39 168 85 0 0 0 0 2 2 2 2 1 2 25790 982312 345368 1213110 1025150 728924 959744 737510 481296 967686 791946 29334 206982 166868 281908 286908 306816 225158 312216 217374 2073600 2073600 1 6 504461 994560 993600 128104 127042 125386 123929 6 6 6 6 8 4 4 4 4 
[ 7090.339846] MESSAGE_B= 0 0 0 1 1 3 192 0 248 179 0 3036 3040 3036 3040 796 1018 1339 1284 185 183 174 184 281 595 567 582 0 6 255 255 20 163 125 75 74 16 0 0 0 0 2 2 2 2 1 3 57898 828006 345368 1213110 1025150 728924 959744 737510 481296 967686 791946 29334 206982 166868 281908 286908 306816 225158 312216 217374 2073600 2073600 3 6 505425 990720 993600 128104 126807 125469 125045 6 6 6 6 7 4 0 0 0 
[ 7090.616899] MESSAGE_B= 0 4 0 1 1 3 192 0 248 179 0 3034 3031 3035 3032 873 1013 2100 900 187 182 186 171 525 420 358 439 0 6 255 255 117 214 89 133 9 64 0 0 0 0 2 2 2 2 1 3 20376 981922 1473270 206350 11738 1493616 1708378 1468158 374088 789538 1591204 32712 1098 966 46548 28326 51288 37492 47576 48712 2073600 2073600 1 6 504276 994560 993600 128104 126806 125238 124128 6 6 6 6 8 4 4 4 4 
[ 7090.897264] MESSAGE_B= 0 4 0 1 1 2 192 0 248 179 0 3036 3039 3035 3039 895 944 1840 905 173 174 184 185 501 437 435 435 0 6 255 255 134 231 62 105 12 33 0 0 0 0 2 2 2 2 1 2 45518 825002 1473270 206350 11738 1493616 1708378 1468158 374088 789538 1591204 32712 1098 966 46548 28326 51288 37492 47576 48712 2073600 2073600 1 6 505913 990720 993600 128104 127139 125494 125176 6 6 6 6 8 4 4 4 4 
[ 7091.173848] MESSAGE_B= 0 0 0 1 1 2 192 0 248 179 0 3041 3035 3040 3036 811 1207 1037 870 187 176 188 175 286 671 429 280 0 6 255 255 126 85 100 43 22 75 0 2 0 0 2 2 2 2 1 2 25080 981686 1473270 206350 11738 1493616 1708378 1468158 374088 789538 1591204 32712 1098 966 46548 28326 51288 37492 47576 48712 2073600 2073600 1 6 505447 994560 993600 126775 128104 125024 125544 6 6 6 6 8 4 0 0 0 
[ 7091.339085] MESSAGE_B= 0 0 0 1 1 2 192 0 248 179 0 3037 3034 3027 3033 797 1427 950 870 179 173 177 183 295 506 375 281 0 6 255 255 149 150 93 132 44 78 0 0 0 0 2 2 2 2 1 2 29410 803768 1473270 206350 11738 1493616 1708378 1468158 374088 789538 1591204 32712 1098 966 46548 28326 51288 37492 47576 48712 2073600 2073600 1 6 505693 990720 993600 127090 128104 124778 125721 6 6 6 6 8 4 0 0 0 
[ 7091.615864] MESSAGE_B= 0 0 0 1 1 1 192 0 248 179 0 3033 3033 3034 3034 995 1699 961 901 184 182 185 184 684 485 456 425 0 6 255 255 71 148 160 63 32 48 0 0 0 0 2 2 2 2 1 1 16068 980292 1473270 206350 11738 1493616 1708378 1468158 374088 789538 1591204 32712 1098 966 46548 28326 51288 37492 47576 48712 2073600 2073600 1 6 505399 994560 993600 127223 128104 124390 125682 6 6 6 6 8 4 0 0 0 
[ 7091.893871] MESSAGE_B= 0 0 0 1 1 4 192 0 248 179 0 3029 3030 3031 3031 1320 1473 957 902 174 173 184 182 385 547 429 425 0 6 255 255 152 140 76 105 43 38 0 0 0 0 2 2 2 2 1 4 44732 792546 1473270 206350 11738 1493616 1708378 1468158 374088 789538 1591204 32712 1098 966 46548 28326 51288 37492 47576 48712 2073600 2073600 1 6 504962 990720 993600 127574 128104 123604 125680 6 6 6 6 8 4 0 0 0 
[ 7092.171199] MESSAGE_B= 0 0 0 1 1 2 192 0 248 179 0 3032 3033 3032 3032 1187 1458 910 916 173 173 177 172 354 577 320 459 0 6 255 255 123 149 96 71 24 17 0 0 0 0 2 2 2 2 1 2 42062 981142 1473270 206350 11738 1493616 1708378 1468158 374088 789538 1591204 32712 1098 966 46548 28326 51288 37492 47576 48712 2073600 2073600 1 6 504969 994560 993600 127282 128104 123862 125721 6 6 6 6 6 4 0 0 0 
[ 7092.447852] MESSAGE_B= 0 0 0 1 1 2 192 0 248 179 0 3031 3032 3031 3033 1105 1430 917 916 178 180 186 174 428 606 316 456 0 6 255 255 114 159 175 138 30 6 0 0 0 0 2 2 2 2 1 2 42586 805206 1473270 206350 11738 1493616 1708378 1468158 374088 789538 1591204 32712 1098 966 46548 28326 51288 37492 47576 48712 2073600 2073600 1 6 504778 990720 993600 126923 128104 124032 125719 6 6 6 6 6 4 0 0 0 
[ 7092.727874] MESSAGE_B= 0 0 0 1 1 3 192 0 248 179 0 3033 3030 3032 3031 1070 1611 967 896 174 174 179 183 479 558 430 425 0 6 255 255 157 124 151 47 54 43 0 0 0 0 2 2 2 2 1 3 31288 982036 1473270 206350 11738 1493616 1708378 1468158 374088 789538 1591204 32712 1098 966 46548 28326 51288 37492 47576 48712 2073600 2073600 1 6 504818 994560 993600 126924 128104 124119 125671 6 6 6 6 6 4 0 0 0 
[ 7093.012859] MESSAGE_B= 0 0 0 1 1 4 192 0 248 179 0 3027 3033 3038 3038 1190 1743 917 863 184 173 176 184 469 511 316 264 0 6 255 255 95 55 212 21 16 72 0 0 0 0 2 2 2 2 1 4 36318 813540 1443832 793710 47846 1544234 1688268 1411664 382298 753674 1562014 57720 4946 16070 47372 33814 52986 28538 50740 63364 2073600 2073600 1 6 504947 990720 993600 127772 128104 123352 125719 6 6 6 6 7 4 0 0 0 
[ 7093.292856] MESSAGE_B= 0 0 0 1 1 4 192 0 248 179 0 3026 3030 3036 3038 1147 1719 956 895 176 176 176 172 522 531 422 421 0 6 255 255 127 72 163 21 32 35 0 0 0 0 2 2 2 2 1 4 39808 981508 1443832 793710 47846 1544234 1688268 1411664 382298 753674 1562014 57720 4946 16070 47372 33814 52986 28538 50740 63364 2073600 2073600 1 6 505014 994560 993600 127796 128104 123444 125670 6 6 6 6 7 4 0 0 0 
[ 7093.569860] MESSAGE_B= 0 0 0 1 1 3 192 0 248 179 0 3027 3029 3037 3038 1160 1838 918 863 180 172 180 169 466 503 311 262 0 6 255 255 90 43 193 30 24 69 0 0 0 0 2 2 2 2 1 3 37954 790196 1443832 793710 47846 1544234 1688268 1411664 382298 753674 1562014 57720 4946 16070 47372 33814 52986 28538 50740 63364 2073600 2073600 1 6 504936 990720 993600 127793 128104 123323 125716 6 6 6 6 7 4 0 0 0 
[ 7093.848896] MESSAGE_B= 0 0 0 1 1 8 192 0 248 179 0 3030 3034 3030 3034 825 1012 1000 897 181 188 174 181 428 690 468 420 0 6 255 253 174 147 63 134 78 49 0 2 0 0 2 2 2 2 1 8 45324 979788 1443832 793710 47846 1544234 1688268 1411664 382298 753674 1562014 57720 4946 16070 47372 33814 52986 28538 50740 63364 2073600 2073600 1 6 505465 994560 993600 126361 128104 125333 125667 6 6 6 6 8 4 0 0 0 
[ 7094.004846] MESSAGE_B= 0 0 0 1 1 9 192 0 248 179 0 3034 3026 3032 3042 793 854 943 864 182 176 180 171 281 479 344 259 0 6 255 250 143 173 90 47 41 56 0 2 0 0 2 2 2 2 1 9 46332 800166 1443832 793710 47846 1544234 1688268 1411664 382298 753674 1562014 57720 4946 16070 47372 33814 52986 28538 50740 63364 2073600 2073600 1 6 505517 990720 993600 126301 128104 125399 125713 6 6 6 6 8 4 0 0 0 
[ 7094.285859] MESSAGE_B= 0 0 0 1 1 4 192 0 248 179 0 3040 3029 3039 3029 828 1139 1005 894 178 175 189 173 429 706 510 418 0 6 255 255 184 102 88 125 122 37 0 2 0 0 2 2 2 2 1 4 39392 979788 1443832 793710 47846 1544234 1688268 1411664 382298 753674 1562014 57720 4946 16070 47372 33814 52986 28538 50740 63364 2073600 2073600 1 6 505403 994560 993600 126536 128104 125103 125660 6 6 6 6 8 4 0 0 0 
[ 7094.564850] MESSAGE_B= 0 0 0 1 1 7 192 0 248 179 0 3033 3033 3033 3033 793 986 942 866 184 173 178 177 281 569 334 259 0 6 255 255 144 146 106 64 34 78 0 0 0 0 2 2 2 2 1 7 20982 822356 1443832 793710 47846 1544234 1688268 1411664 382298 753674 1562014 57720 4946 16070 47372 33814 52986 28538 50740 63364 2073600 2073600 1 6 505393 990720 993600 126768 128104 124810 125711 6 6 6 6 8 4 0 0 0 
[ 7094.842855] MESSAGE_B= 0 0 0 1 1 6 192 0 248 179 0 3031 3033 3031 3034 797 1026 1048 870 181 174 176 175 275 712 554 247 0 6 255 255 132 118 95 151 116 76 0 2 0 0 2 2 2 2 1 6 31582 979564 1443832 793710 47846 1544234 1688268 1411664 382298 753674 1562014 57720 4946 16070 47372 33814 52986 28538 50740 63364 2073600 2073600 1 6 505418 994560 993600 126313 128104 125339 125662 6 6 6 6 8 4 0 0 0 
[ 7095.120848] MESSAGE_B= 0 0 0 1 1 2 192 0 248 179 0 3029 3033 3030 3033 824 1388 964 896 186 174 174 176 429 697 483 393 0 6 255 255 175 95 98 44 70 27 0 2 0 0 2 2 2 2 1 2 24398 802322 1443832 793710 47846 1544234 1688268 1411664 382298 753674 1562014 57720 4946 16070 47372 33814 52986 28538 50740 63364 2073600 2073600 1 6 505849 990720 993600 127099 128104 124993 125653 6 6 6 6 8 4 0 0 0 
[ 7095.398850] MESSAGE_B= 0 0 0 1 1 11 192 0 248 179 0 3032 3019 3033 3035 797 1008 914 858 179 170 173 171 275 476 338 218 0 6 255 239 143 91 90 42 51 47 0 0 0 0 2 2 2 2 1 11 30652 983222 1469612 787614 71290 1517362 1728902 1415278 413324 746852 1588716 31394 31050 26022 66074 32702 38704 19820 36452 23250 2073600 2073600 1 6 505782 994560 993600 126535 128104 125448 125695 6 6 6 6 8 4 0 0 0 
[ 7095.675880] MESSAGE_B= 0 0 0 1 1 3 192 0 248 179 0 3034 3033 3033 3033 797 1459 957 854 178 187 183 173 275 602 357 232 0 6 255 255 149 53 90 61 62 66 0 0 0 0 2 2 2 2 1 3 26512 797410 1469612 787614 71290 1517362 1728902 1415278 413324 746852 1588716 31394 31050 26022 66074 32702 38704 19820 36452 23250 2073600 2073600 1 6 506254 990720 993600 127345 128104 125101 125704 6 6 6 6 8 4 0 0 0 
[ 7095.957852] MESSAGE_B= 0 0 0 1 1 1 192 0 248 179 0 3029 2991 3030 3042 824 1158 981 882 174 153 182 183 429 598 475 398 0 6 255 211 177 132 75 51 93 30 0 0 0 0 2 2 2 2 1 1 25444 980108 1469612 787614 71290 1517362 1728902 1415278 413324 746852 1588716 31394 31050 26022 66074 32702 38704 19820 36452 23250 2073600 2073600 1 6 505601 994560 993600 126419 128104 125419 125659 6 6 6 6 9 4 0 0 0 
[ 7096.235859] MESSAGE_B= 0 0 0 1 1 6 192 0 248 179 0 3035 3007 3035 3045 802 917 940 849 174 162 173 176 276 444 340 223 0 6 255 230 157 105 113 117 9 33 0 0 0 0 2 2 2 2 1 6 27574 795300 1469612 787614 71290 1517362 1728902 1415278 413324 746852 1588716 31394 31050 26022 66074 32702 38704 19820 36452 23250 2073600 2073600 1 6 505717 990720 993600 126444 128104 125470 125699 6 6 6 6 9 4 0 0 0 
[ 7096.395849] MESSAGE_B= 0 0 0 1 1 6 192 0 248 179 0 3029 3042 3030 3041 826 1976 974 896 182 176 173 190 431 429 473 414 0 6 255 255 176 119 88 144 50 26 0 0 0 0 2 2 2 2 1 6 21696 976652 1469612 787614 71290 1517362 1728902 1415278 413324 746852 1588716 31394 31050 26022 66074 32702 38704 19820 36452 23250 2073600 2073600 1 6 506390 994560 993600 127145 128104 125483 125658 6 6 6 6 8 4 0 0 0 
[ 7096.675866] MESSAGE_B= 0 0 0 1 1 2 192 0 248 179 0 3034 3043 3034 3043 801 1600 1039 884 184 177 184 186 277 538 502 272 0 6 255 255 156 136 150 135 138 74 0 0 0 0 2 2 2 2 1 2 41462 786232 1469612 787614 71290 1517362 1728902 1415278 413324 746852 1588716 31394 31050 26022 66074 32702 38704 19820 36452 23250 2073600 2073600 1 6 506099 990720 993600 127234 128104 125059 125702 6 6 6 6 8 4 0 0 0 
[ 7096.957866] MESSAGE_B= 0 0 0 1 1 2 192 0 248 179 0 3034 3041 3033 3042 828 1735 988 915 185 188 187 187 429 559 491 432 0 6 255 255 177 145 62 56 61 56 0 0 0 0 2 2 2 2 1 2 18524 984646 1469612 787614 71290 1517362 1728902 1415278 413324 746852 1588716 31394 31050 26022 66074 32702 38704 19820 36452 23250 2073600 2073600 1 6 505737 994560 993600 127584 128104 124389 125660 6 6 6 6 7 4 0 0 0 
[ 7097.243108] MESSAGE_B= 0 0 0 1 1 1 192 0 248 179 0 3033 3041 3033 3042 801 1984 949 881 185 180 187 185 277 553 343 273 0 6 255 255 156 81 146 10 38 76 0 0 0 0 2 2 2 2 1 1 19962 782872 1469612 787614 71290 1517362 1728902 1415278 413324 746852 1588716 31394 31050 26022 66074 32702 38704 19820 36452 23250 2073600 2073600 1 6 505912 990720 993600 128017 128104 124078 125713 6 6 6 6 7 4 0 0 0 
[ 7097.519847] MESSAGE_B= 0 0 0 1 1 2 192 0 248 179 0 3039 3039 3040 3039 828 1841 984 917 176 188 174 185 429 559 487 428 0 6 255 255 178 100 188 63 68 56 0 0 0 0 2 2 2 2 1 2 9432 983102 1469612 787614 71290 1517362 1728902 1415278 413324 746852 1588716 31394 31050 26022 66074 32702 38704 19820 36452 23250 2073600 2073600 2 6 504707 994560 993600 127550 128104 123384 125669 6 6 6 6 6 4 0 0 0 
[ 7097.796858] MESSAGE_B= 0 0 0 1 1 2 192 0 248 179 0 3042 3034 3042 3033 828 1745 986 917 183 173 185 180 429 592 485 428 0 6 255 255 178 115 63 78 190 191 0 0 0 0 2 2 2 2 1 2 34112 784080 1476362 771986 49666 1546500 1713296 1431714 395484 763584 1577420 41506 15486 15262 22734 20104 31290 17004 23808 36758 2073600 2073600 1 6 505504 990720 993600 127569 128104 124162 125669 6 6 6 6 8 4 0 0 0 
[ 7098.078341] MESSAGE_B= 0 0 0 1 1 2 192 0 248 179 0 3041 3042 3042 3039 801 1742 956 883 189 183 190 180 277 605 341 277 0 6 255 255 155 113 124 92 187 210 0 0 0 0 2 2 2 2 1 2 10126 983374 1476362 771986 49666 1546500 1713296 1431714 395484 763584 1577420 41506 15486 15262 22734 20104 31290 17004 23808 36758 2073600 2073600 2 6 505644 994560 993600 127602 128104 124225 125713 6 6 6 6 8 4 0 0 0 
[ 7098.362870] MESSAGE_B= 0 0 0 1 1 2 192 0 248 179 0 3041 3033 3041 3031 828 1749 986 916 186 178 178 185 429 601 485 429 0 6 255 255 178 90 64 86 184 189 0 0 0 0 2 2 2 2 1 2 19242 794426 1476362 771986 49666 1546500 1713296 1431714 395484 763584 1577420 41506 15486 15262 22734 20104 31290 17004 23808 36758 2073600 2073600 1 6 505494 990720 993600 127623 128104 124097 125670 6 6 6 6 5 4 0 0 0 
[ 7098.641857] MESSAGE_B= 0 0 0 1 1 2 192 0 248 179 0 3035 3035 3034 3036 887 1741 1010 950 177 183 185 170 337 552 335 465 0 6 255 255 147 149 158 58 189 154 0 0 0 0 2 2 2 2 1 2 14776 981288 1476362 771986 49666 1546500 1713296 1431714 395484 763584 1577420 41506 15486 15262 22734 20104 31290 17004 23808 36758 2073600 2073600 1 6 505662 994560 993600 127528 128104 124330 125700 6 6 6 6 6 4 0 0 0 
[ 7098.918854] MESSAGE_B= 0 0 0 1 1 3 192 0 248 179 0 3043 3043 3043 3045 833 1606 1050 932 183 180 176 175 445 470 488 422 0 6 255 255 165 124 101 138 179 150 0 0 0 0 2 2 2 2 1 3 19524 786216 1476362 771986 49666 1546500 1713296 1431714 395484 763584 1577420 41506 15486 15262 22734 20104 31290 17004 23808 36758 2073600 2073600 1 6 505250 990720 993600 126782 128104 124758 125606 6 6 6 6 7 4 0 0 0 
[ 7099.198866] MESSAGE_B= 0 0 0 0 1 4 192 0 248 179 0 3039 3036 3042 3034 870 1615 996 956 186 175 176 186 334 500 326 464 0 6 255 255 121 170 140 156 176 122 0 0 0 0 2 2 2 2 1 4 15326 983606 1476362 771986 49666 1546500 1713296 1431714 395484 763584 1577420 41506 15486 15262 22734 20104 31290 17004 23808 36758 2073600 2073600 1 6 505546 994560 993600 126659 128104 125128 125655 6 6 6 6 7 4 0 0 0 
[ 7099.364191] MESSAGE_B= 0 0 0 0 1 4 192 0 248 179 0 3040 3041 3042 3041 870 1610 996 957 188 182 186 185 334 503 326 464 0 6 255 255 121 170 155 149 167 128 0 0 0 0 2 2 2 2 1 4 109018 792326 1476362 771986 49666 1546500 1713296 1431714 395484 763584 1577420 41506 15486 15262 22734 20104 31290 17004 23808 36758 2073600 2073600 3 6 505545 990720 993600 126659 128104 125127 125655 6 6 6 6 7 4 0 0 0 
[ 7099.640879] MESSAGE_B= 0 0 0 0 1 4 192 0 248 179 0 3043 3038 3044 3039 870 1610 996 957 175 180 180 175 334 502 326 464 0 6 255 255 121 171 126 180 167 137 0 0 0 0 2 2 2 2 1 4 20270 981844 1476362 771986 49666 1546500 1713296 1431714 395484 763584 1577420 41506 15486 15262 22734 20104 31290 17004 23808 36758 2073600 2073600 1 6 505545 994560 993600 126659 128104 125127 125655 6 6 6 6 4 4 0 0 0 
[ 7099.920021] MESSAGE_B= 0 0 0 0 2 4 192 0 248 179 0 2791 2787 2790 2785 772 1450 917 849 167 171 170 171 425 434 462 419 0 6 255 255 172 151 137 153 153 154 0 0 0 0 2 2 2 2 2 4 114296 815072 1476362 771986 49666 1546500 1713296 1431714 395484 763584 1577420 41506 15486 15262 22734 20104 31290 17004 23808 36758 2073600 2073600 3 6 505314 990720 993600 126676 128104 125018 125516 6 6 6 6 39 4 0 0 0 
[ 7100.196855] MESSAGE_B= 0 4 0 0 2 4 192 0 248 179 0 2007 2008 2008 2008 2068 2226 2118 1953 65 60 39 30 652 387 577 584 0 6 255 255 235 233 5 217 8 2 0 0 0 2 2 2 2 2 2 4 15356 979982 1626518 803602 62066 1541002 1674860 1431262 390814 776698 1590106 73644 29202 19154 17370 17410 127668 23566 61668 68864 2073600 2073600 1 6 504455 994560 993600 126664 128098 124489 125204 6 6 6 6 52 4 4 4 4 
[ 7100.488850] MESSAGE_B= 0 4 0 0 2 3 192 0 248 179 0 1202 1204 1201 1202 1287 1284 1283 1277 97 101 104 103 61 57 48 58 0 31 255 255 222 224 170 162 183 207 0 0 0 0 0 0 0 0 2 3 92832 656506 1626518 803602 62066 1541002 1674860 1431262 390814 776698 1590106 73644 29202 19154 17370 17410 127668 23566 61668 68864 2073600 2073600 3 6 482877 990720 993600 124457 126495 115888 116037 6 6 6 6 70 4 4 4 4 
[ 7100.766846] MESSAGE_B= 0 7 0 1 1 1 192 0 248 179 0 0 0 0 0 0 0 0 0 0 0 0 0 0 0 0 0 1 12 0 0 0 0 0 0 0 0 1 1 1 1 1 1 1 1 1 1 15412 980492 1626518 803602 62066 1541002 1674860 1431262 390814 776698 1590106 73644 29202 19154 17370 17410 127668 23566 61668 68864 2073600 2073600 1 12 512416 994560 993600 128104 128104 128104 128104 12 12 12 12 108 4 4 4 4 
[ 7101.039854] MESSAGE_B= 0 0 0 12 3 3 192 0 248 179 0 1261 1261 1257 1287 1302 1290 1316 1286 50 47 33 69 59 57 67 44 0 31 245 130 99 183 202 173 231 134 0 0 0 0 0 0 0 0 3 3 0 291126 1626518 803602 62066 1541002 1674860 1431262 390814 776698 1590106 73644 29202 19154 17370 17410 127668 23566 61668 68864 2073600 2073600 2 6 426519 990720 993600 117574 100563 96937 111445 6 6 6 6 108 5 0 0 0 
[ 7101.319847] MESSAGE_B= 0 0 0 16 0 6 192 0 248 179 0 2581 2570 2568 2649 2670 2649 2702 2632 68 69 49 131 93 102 113 70 0 31 173 53 7 138 115 92 193 122 0 0 0 0 0 0 0 0 0 6 153350 738190 1626518 803602 62066 1541002 1674860 1431262 390814 776698 1590106 73644 29202 19154 17370 17410 127668 23566 61668 68864 2073600 2073600 3 6 431630 994560 993600 118139 102462 99002 112027 6 6 6 6 85 5 0 0 0 
[ 7101.597853] MESSAGE_B= 0 0 0 15 4 2 192 0 248 179 0 3523 3167 3560 3414 3441 3298 3399 3223 98 262 129 244 322 238 375 236 0 6 254 108 157 222 153 139 187 159 2 2 2 2 2 2 2 2 4 2 165806 816266 1626518 803602 62066 1541002 1674860 1431262 390814 776698 1590106 73644 29202 19154 17370 17410 127668 23566 61668 68864 2073600 2073600 2 6 418772 990720 993600 116173 100482 94972 107145 6 6 6 6 85 0 0 0 0 
[ 7101.875855] MESSAGE_B= 0 0 0 24 2 0 192 0 248 179 0 3189 2987 2884 2982 3456 1766 3197 1435 314 259 346 517 482 1207 748 1092 0 6 174 148 24 255 116 58 29 35 2 2 2 2 2 2 2 2 2 0 226788 779732 1626518 803602 62066 1541002 1674860 1431262 390814 776698 1590106 73644 29202 19154 17370 17410 127668 23566 61668 68864 2073600 2073600 2 6 417437 994560 993600 113010 97416 97496 109515 6 6 6 6 33 0 0 0 0 
[ 7102.033850] MESSAGE_B= 0 0 0 24 2 0 192 0 248 179 0 3140 2965 2872 2958 3464 1750 3189 1401 302 271 354 538 485 1188 763 1069 0 6 197 153 19 254 140 43 43 22 2 2 2 2 2 2 2 2 2 0 155454 849770 1626518 803602 62066 1541002 1674860 1431262 390814 776698 1590106 73644 29202 19154 17370 17410 127668 23566 61668 68864 2073600 2073600 2 6 417228 990720 993600 113017 97271 97385 109555 6 6 6 6 33 0 0 0 0 
[ 7102.311859] MESSAGE_B= 0 0 0 24 2 0 192 0 248 179 0 3144 2967 2871 2970 3462 1750 3194 1398 312 266 359 540 485 1183 763 1068 0 6 195 146 19 254 132 47 42 22 2 2 2 2 2 2 2 2 2 0 232068 781896 1626518 803602 62066 1541002 1674860 1431262 390814 776698 1590106 73644 29202 19154 17370 17410 127668 23566 61668 68864 2073600 2073600 2 6 416939 994560 993600 112959 97185 97196 109599 6 6 6 6 5 0 0 0 0 
[ 7102.591707] MESSAGE_B= 0 0 0 24 2 0 192 0 248 179 0 3126 2973 2853 2969 3459 1932 3200 1592 333 275 380 540 494 1189 764 1059 0 6 204 152 17 254 130 29 41 2 2 2 2 2 2 2 2 2 2 0 149884 888306 1367020 55700 118964 2 40690 1189636 826542 1370788 956584 236590 123286 1718 32718 67754 284164 80264 222430 198938 2073600 2073600 2 6 416571 990720 993600 112907 97112 97011 109541 6 6 6 6 3 0 0 0 0 
[ 7102.868851] MESSAGE_B= 0 0 0 24 2 0 192 0 248 179 0 3140 2969 2868 2966 3459 1753 3198 1398 312 269 364 541 500 1185 768 1068 0 6 195 145 14 255 135 39 45 44 2 2 2 2 2 2 2 2 2 0 232390 782578 1367020 55700 118964 2 40690 1189636 826542 1370788 956584 236590 123286 1718 32718 67754 284164 80264 222430 198938 2073600 2073600 2 6 417220 994560 993600 112950 97441 97181 109648 6 6 6 6 3 0 0 0 0 
[ 7103.145856] MESSAGE_B= 0 0 0 24 2 0 192 0 248 179 0 3156 2972 2868 2939 3463 1750 3198 1398 317 276 353 538 503 1189 767 1068 0 6 185 154 9 254 141 41 43 45 2 2 2 2 2 2 2 2 2 0 154392 887988 1367020 55700 118964 2 40690 1189636 826542 1370788 956584 236590 123286 1718 32718 67754 284164 80264 222430 198938 2073600 2073600 2 6 417069 990720 993600 113004 97284 97129 109652 6 6 6 6 3 0 0 0 0 
[ 7103.422843] MESSAGE_B= 0 0 0 24 2 0 192 0 248 179 0 3142 2963 2853 2967 3450 1928 3208 1578 341 281 372 529 510 1189 766 1062 0 6 196 148 13 254 133 22 44 34 2 2 2 2 2 2 2 2 2 0 233178 783606 1367020 55700 118964 2 40690 1189636 826542 1370788 956584 236590 123286 1718 32718 67754 284164 80264 222430 198938 2073600 2073600 2 6 417002 994560 993600 113057 97373 96994 109578 6 6 6 6 3 0 0 0 0 
[ 7103.700897] MESSAGE_B= 0 0 0 24 2 0 192 0 248 179 0 3131 2974 2857 2972 3454 1753 3206 1396 319 269 361 535 512 1185 767 1066 0 6 195 149 7 255 132 25 44 76 2 2 2 2 2 2 2 2 2 0 152940 887924 1367020 55700 118964 2 40690 1189636 826542 1370788 956584 236590 123286 1718 32718 67754 284164 80264 222430 198938 2073600 2073600 2 6 417351 990720 993600 113023 97465 97203 109660 6 6 6 6 3 0 0 0 0 
[ 7103.977857] MESSAGE_B= 0 0 0 24 2 0 192 0 248 179 0 3147 2972 2855 2964 3460 1757 3205 1396 314 273 354 535 511 1180 770 1066 0 6 191 147 4 254 137 34 43 102 2 2 2 2 2 2 2 2 2 0 231234 783318 1367020 55700 118964 2 40690 1189636 826542 1370788 956584 236590 123286 1718 32718 67754 284164 80264 222430 198938 2073600 2073600 2 6 417159 994560 993600 112964 97410 97166 109619 6 6 6 6 3 0 0 0 0 
[ 7104.255844] MESSAGE_B= 0 0 0 24 2 0 192 0 248 179 0 3137 2979 2857 2977 3449 1938 3211 1578 331 269 372 534 518 1188 771 1062 0 6 200 146 5 253 131 41 45 84 2 2 2 2 2 2 2 2 2 0 153036 887556 1367020 55700 118964 2 40690 1189636 826542 1370788 956584 236590 123286 1718 32718 67754 284164 80264 222430 198938 2073600 2073600 2 6 417029 990720 993600 113055 97477 96964 109533 6 6 6 6 3 0 0 0 0 
[ 7104.413856] MESSAGE_B= 0 0 0 24 2 0 192 0 248 179 0 3139 2966 2857 2983 3450 1940 3210 1578 333 279 372 537 510 1189 774 1062 0 6 200 145 5 253 131 27 45 127 2 2 2 2 2 2 2 2 2 0 231252 784152 1367020 55700 118964 2 40690 1189636 826542 1370788 956584 236590 123286 1718 32718 67754 284164 80264 222430 198938 2073600 2073600 2 6 416841 994560 993600 113018 97380 96924 109519 6 6 6 6 3 0 0 0 0 
[ 7104.690850] MESSAGE_B= 0 0 0 24 2 0 192 0 248 179 0 3137 2965 2859 2980 3451 1946 3212 1578 331 284 373 530 515 1182 773 1062 0 6 202 143 5 253 134 7 48 82 2 2 2 2 2 2 2 2 2 0 153730 887986 1367020 55700 118964 2 40690 1189636 826542 1370788 956584 236590 123286 1718 32718 67754 284164 80264 222430 198938 2073600 2073600 2 6 416812 990720 993600 113035 97416 96886 109475 6 6 6 6 3 0 0 0 0 
[ 7104.970849] MESSAGE_B= 0 0 0 24 2 0 192 0 248 179 0 3189 2976 2867 3002 3435 1771 3222 1396 313 256 336 521 516 1172 768 1066 0 6 173 143 5 254 97 26 44 80 2 2 2 2 2 2 2 2 2 0 229478 784386 1364658 751910 1154506 1577902 1224648 1313806 867278 1367094 989342 234648 149534 124522 267796 165774 216994 91736 227148 193254 2073600 2073600 2 6 417074 994560 993600 113041 97473 97042 109518 6 6 6 6 3 0 0 0 0 
[ 7105.248852] MESSAGE_B= 0 0 0 24 2 0 192 0 248 179 0 3409 3016 2963 3161 3452 2282 3242 2085 288 234 344 467 454 1207 752 1151 0 6 212 125 29 253 69 43 4 10 2 2 2 2 2 2 2 2 2 0 153378 888148 1364658 751910 1154506 1577902 1224648 1313806 867278 1367094 989342 234648 149534 124522 267796 165774 216994 91736 227148 193254 2073600 2073600 2 6 418482 990720 993600 114003 98260 96702 109517 6 6 6 6 14 0 0 0 0 
[ 7105.533393] MESSAGE_B= 0 0 0 22 7 3 192 0 248 179 0 3049 3044 3039 3140 3132 3147 3180 3100 86 71 75 143 85 104 143 46 0 31 164 34 14 57 138 48 162 34 0 0 0 0 0 0 0 0 7 3 227020 785776 1364658 751910 1154506 1577902 1224648 1313806 867278 1367094 989342 234648 149534 124522 267796 165774 216994 91736 227148 193254 2073600 2073600 2 6 431790 994560 993600 118582 103096 98396 111716 6 6 6 6 15 5 0 0 0 
[ 7105.810870] MESSAGE_B= 0 0 0 15 2 3 192 0 248 179 0 3456 3006 2848 3396 3395 3438 3483 3349 0 90 0 209 261 148 328 112 0 6 0 49 114 208 113 190 182 36 2 2 2 2 2 2 2 2 2 3 163186 879378 1364658 751910 1154506 1577902 1224648 1313806 867278 1367094 989342 234648 149534 124522 267796 165774 216994 91736 227148 193254 2073600 2073600 3 6 417300 990720 993600 118497 103004 92765 103034 6 6 6 6 39 0 0 0 0 
[ 7106.090022] MESSAGE_B= 0 0 0 24 1 0 192 0 248 179 0 2996 2980 2942 3108 3389 2013 3242 1659 369 325 384 426 569 1246 818 1399 0 6 230 167 34 255 111 36 35 30 2 2 2 2 2 2 2 2 1 0 229182 785356 1364658 751910 1154506 1577902 1224648 1313806 867278 1367094 989342 234648 149534 124522 267796 165774 216994 91736 227148 193254 2073600 2073600 2 6 414819 994560 993600 112368 95838 97038 109575 6 6 6 6 39 0 0 0 0 
[ 7106.248101] MESSAGE_B= 0 0 0 25 1 0 192 0 248 179 0 2995 2975 2941 3108 3387 2013 3243 1659 372 322 381 427 569 1246 815 1399 0 6 229 165 31 255 92 61 34 30 2 2 2 2 2 2 2 2 1 0 149554 882370 1364658 751910 1154506 1577902 1224648 1313806 867278 1367094 989342 234648 149534 124522 267796 165774 216994 91736 227148 193254 2073600 2073600 2 6 414582 990720 993600 112287 95914 96797 109584 6 6 6 6 39 0 0 0 0 
[ 7106.525903] MESSAGE_B= 0 0 0 25 1 0 192 0 248 179 0 2996 2983 2942 3117 3388 2016 3248 1659 370 319 381 426 569 1248 818 1399 0 6 232 165 30 255 94 55 35 42 2 2 2 2 2 2 2 2 1 0 227630 787494 1364658 751910 1154506 1577902 1224648 1313806 867278 1367094 989342 234648 149534 124522 267796 165774 216994 91736 227148 193254 2073600 2073600 2 6 414322 994560 993600 112218 95744 96741 109619 6 6 6 6 5 0 0 0 0 
[ 7106.805849] MESSAGE_B= 0 0 0 25 1 0 192 0 248 179 0 2981 2980 2917 3099 3389 1931 3258 1430 370 311 357 420 572 1158 801 1367 0 6 235 166 39 244 154 38 37 52 2 2 2 2 2 2 2 2 1 0 149342 886016 1364658 751910 1154506 1577902 1224648 1313806 867278 1367094 989342 234648 149534 124522 267796 165774 216994 91736 227148 193254 2073600 2073600 2 6 414206 990720 993600 112056 95478 96966 109706 6 6 6 6 2 0 0 0 0 
[ 7107.084156] MESSAGE_B= 0 0 0 25 1 0 192 0 248 179 0 2994 2980 2936 3108 3380 2018 3247 1661 371 325 384 425 573 1250 819 1396 0 6 230 169 32 255 95 80 33 48 2 2 2 2 2 2 2 2 1 0 225454 788924 1364658 751910 1154506 1577902 1224648 1313806 867278 1367094 989342 234648 149534 124522 267796 165774 216994 91736 227148 193254 2073600 2073600 2 6 414444 994560 993600 112392 95852 96652 109548 6 6 6 6 3 0 0 0 0 
[ 7107.325859] MESSAGE_B= 0 0 0 25 1 0 192 0 248 179 0 2995 2979 2934 3100 3388 2020 3240 1664 371 321 387 421 571 1249 818 1398 0 6 231 165 34 255 152 73 35 43 2 2 2 2 2 2 2 2 1 0 150802 887126 1393798 747766 1159268 1598444 1136684 1344864 881834 1370148 998298 223126 143336 131202 259218 184330 226372 87694 237698 204294 2073600 2073600 2 6 414202 990720 993600 112351 95743 96564 109544 6 6 6 6 3 0 0 0 0 
[ 7107.605566] MESSAGE_B= 0 0 0 25 1 0 192 0 248 179 0 2970 2972 2912 3094 3389 1926 3255 1430 364 314 360 415 579 1159 806 1367 0 6 243 162 40 245 150 64 39 54 2 2 2 2 2 2 2 2 1 0 224702 789930 1393798 747766 1159268 1598444 1136684 1344864 881834 1370148 998298 223126 143336 131202 259218 184330 226372 87694 237698 204294 2073600 2073600 2 6 413825 994560 993600 112052 95459 96678 109636 6 6 6 6 3 0 0 0 0 
[ 7107.886294] MESSAGE_B= 0 0 0 25 1 0 192 0 248 179 0 3011 2988 2929 3103 3387 2018 3245 1666 372 322 383 417 574 1246 821 1400 0 6 228 171 34 255 131 52 35 63 2 2 2 2 2 2 2 2 1 0 150208 887806 1393798 747766 1159268 1598444 1136684 1344864 881834 1370148 998298 223126 143336 131202 259218 184330 226372 87694 237698 204294 2073600 2073600 2 6 413961 990720 993600 112284 95549 96588 109540 6 6 6 6 3 0 0 0 0 
[ 7108.167094] MESSAGE_B= 0 0 0 25 1 0 192 0 248 179 0 2968 2948 2863 3048 3355 2094 3254 1634 403 299 292 462 578 1208 794 1204 0 6 183 166 32 250 180 60 47 69 2 2 2 2 2 2 2 2 1 0 223890 790878 1393798 747766 1159268 1598444 1136684 1344864 881834 1370148 998298 223126 143336 131202 259218 184330 226372 87694 237698 204294 2073600 2073600 2 6 414264 994560 993600 112145 95671 96735 109713 6 6 6 6 3 0 0 0 0 
[ 7108.445851] MESSAGE_B= 0 0 0 25 1 0 192 0 248 179 0 2941 2950 2864 3047 3343 2086 3263 1628 436 305 319 459 575 1206 790 1190 0 6 200 171 33 249 154 75 48 62 2 2 2 2 2 2 2 2 1 0 150854 887970 1393798 747766 1159268 1598444 1136684 1344864 881834 1370148 998298 223126 143336 131202 259218 184330 226372 87694 237698 204294 2073600 2073600 2 6 413855 990720 993600 112104 95654 96515 109582 6 6 6 6 4 0 0 0 0 
[ 7108.723863] MESSAGE_B= 0 0 0 25 1 0 192 0 248 179 0 2945 2917 2864 3042 3337 2062 3264 1684 398 386 339 508 576 1161 800 1221 0 6 224 185 30 253 140 56 48 69 2 2 2 2 2 2 2 2 1 0 217840 791548 1393798 747766 1159268 1598444 1136684 1344864 881834 1370148 998298 223126 143336 131202 259218 184330 226372 87694 237698 204294 2073600 2073600 2 6 413829 994560 993600 112227 95902 96218 109482 6 6 6 6 4 0 0 0 0 
[ 7109.004133] MESSAGE_B= 0 0 0 25 1 0 192 0 248 179 0 2956 2945 2858 3041 3325 2090 3259 1628 435 300 319 457 574 1207 789 1190 0 6 192 168 37 248 118 24 48 72 2 2 2 2 2 2 2 2 1 0 150624 889166 1393798 747766 1159268 1598444 1136684 1344864 881834 1370148 998298 223126 143336 131202 259218 184330 226372 87694 237698 204294 2073600 2073600 2 6 414520 990720 993600 112223 96022 96649 109626 6 6 6 6 3 0 0 0 0 
[ 7109.283855] MESSAGE_B= 0 0 0 25 1 0 192 0 248 179 0 2958 2918 2861 3019 3325 2068 3257 1684 397 384 338 520 572 1154 801 1221 0 6 220 195 35 253 118 13 48 67 2 2 2 2 2 2 2 2 1 0 221010 794508 1393798 747766 1159268 1598444 1136684 1344864 881834 1370148 998298 223126 143336 131202 259218 184330 226372 87694 237698 204294 2073600 2073600 2 6 414327 994560 993600 112338 96132 96362 109495 6 6 6 6 3 0 0 0 0 
[ 7109.562938] MESSAGE_B= 0 0 0 25 1 2 192 0 248 179 0 3206 3085 3074 3316 3352 3040 3387 2885 322 197 241 251 357 537 525 644 0 6 175 48 23 252 29 15 120 62 2 2 2 2 2 2 2 2 1 2 152806 889944 1393798 747766 1159268 1598444 1136684 1344864 881834 1370148 998298 223126 143336 131202 259218 184330 226372 87694 237698 204294 2073600 2073600 3 6 420491 990720 993600 116049 100118 95691 108633 6 6 6 6 20 0 0 0 0 
[ 7109.726657] MESSAGE_B= 0 0 0 21 3 3 192 0 248 179 0 3048 3043 3036 3140 3114 3151 3172 3109 94 67 76 146 68 154 117 50 0 31 171 17 3 25 143 19 131 73 0 0 0 0 0 0 0 0 3 3 214986 795238 1386660 760866 1164050 1594868 1236376 1356570 884106 1387910 992720 224012 145974 113006 263436 181784 212344 98852 234044 204824 2073600 2073600 1 6 430114 994560 993600 118763 103632 98090 109629 6 6 6 6 20 5 0 0 0 
[ 7110.006857] MESSAGE_B= 0 0 0 15 0 2 192 0 248 179 0 2997 2970 2913 3263 3393 0 3562 0 169 138 186 220 289 0 474 0 0 6 30 143 177 0 49 37 140 184 2 2 2 1 2 2 2 2 0 2 134180 876378 1386660 760866 1164050 1594868 1236376 1356570 884106 1387910 992720 224012 145974 113006 263436 181784 212344 98852 234044 204824 2073600 2073600 3 6 388367 990720 993600 100769 86423 92324 108851 6 6 6 6 20 0 0 0 0 
[ 7110.283859] MESSAGE_B= 0 0 0 13 0 1 192 0 248 179 0 3068 3209 3045 3272 3380 0 3680 0 193 241 271 223 279 0 337 0 0 6 102 8 161 0 8 94 39 201 2 2 2 1 2 2 2 2 0 1 210576 798482 1386660 760866 1164050 1594868 1236376 1356570 884106 1387910 992720 224012 145974 113006 263436 181784 212344 98852 234044 204824 2073600 2073600 3 6 373230 994560 993600 93023 79205 92251 108751 6 6 6 6 23 0 0 0 0 
[ 7110.560877] MESSAGE_B= 0 0 0 37 0 1 192 0 248 179 0 3064 3207 3053 3272 3365 0 3696 0 193 230 273 235 270 0 327 0 0 6 104 16 170 0 13 101 34 176 2 2 2 1 2 2 2 2 0 1 179372 856778 1386660 760866 1164050 1594868 1236376 1356570 884106 1387910 992720 224012 145974 113006 263436 181784 212344 98852 234044 204824 2073600 2073600 3 6 373155 990720 993600 93013 79219 92231 108692 6 6 6 6 23 0 0 0 0 
[ 7110.837849] MESSAGE_B= 0 0 0 37 0 1 192 0 248 179 0 3049 3207 3068 3272 3344 0 3704 0 189 238 276 225 264 0 326 0 0 6 94 17 159 0 34 95 26 141 2 2 2 1 2 2 2 2 0 1 218830 771054 1386660 760866 1164050 1594868 1236376 1356570 884106 1387910 992720 224012 145974 113006 263436 181784 212344 98852 234044 204824 2073600 2073600 3 6 373241 994560 993600 92919 79202 92433 108687 6 6 6 6 3 0 0 0 0 
[ 7111.121497] MESSAGE_B= 0 0 0 37 0 1 192 0 248 179 0 3054 3207 3060 3275 3334 0 3707 0 184 239 269 223 263 0 331 0 0 6 112 21 146 0 64 92 27 172 2 2 2 1 2 2 2 2 0 1 178774 831934 1386660 760866 1164050 1594868 1236376 1356570 884106 1387910 992720 224012 145974 113006 263436 181784 212344 98852 234044 204824 2073600 2073600 3 6 373212 990720 993600 93023 79187 92344 108658 6 6 6 6 3 0 0 0 0 
[ 7111.404863] MESSAGE_B= 0 0 0 37 0 1 192 0 248 179 0 3057 3208 3063 3265 3321 0 3710 0 184 235 276 238 262 0 339 0 0 6 113 7 120 0 102 99 29 135 2 2 2 1 2 2 2 2 0 1 216648 771726 1386660 760866 1164050 1594868 1236376 1356570 884106 1387910 992720 224012 145974 113006 263436 181784 212344 98852 234044 204824 2073600 2073600 3 6 373232 994560 993600 93063 79214 92353 108602 6 6 6 6 3 0 0 0 0 
[ 7111.681858] MESSAGE_B= 0 0 0 37 0 2 192 0 248 179 0 3072 3209 3051 3269 3303 3367 2975 1590 200 244 275 235 264 250 547 1265 0 6 99 4 15 157 141 57 126 102 2 2 2 2 2 2 2 2 0 2 178136 831806 1386660 760866 1164050 1594868 1236376 1356570 884106 1387910 992720 224012 145974 113006 263436 181784 212344 98852 234044 204824 2073600 2073600 3 6 325047 990720 993600 93154 79542 86149 66202 6 6 6 6 54 0 0 0 0 
[ 7111.963180] MESSAGE_B= 0 0 0 36 1 1 192 0 248 179 0 3074 3215 3051 3271 3311 3441 2950 830 197 230 275 234 251 245 921 274 0 6 109 16 64 25 116 70 91 92 2 2 2 2 2 2 2 2 1 1 319128 772374 1386660 760866 1164050 1594868 1236376 1356570 884106 1387910 992720 224012 145974 113006 263436 181784 212344 98852 234044 204824 2073600 2073600 1 6 322273 994560 993600 93153 79417 79740 69963 6 6 6 6 54 0 0 0 0 
[ 7112.126938] MESSAGE_B= 0 0 0 33 0 1 192 0 248 179 0 3077 3214 3053 3277 3312 3406 2932 835 188 233 270 236 248 198 924 276 0 6 129 12 68 46 109 62 97 95 2 2 2 2 2 2 2 2 0 1 240070 712452 1167162 717514 1188394 1507270 1253996 1273986 1027268 1309066 789644 349502 102404 174210 263628 219582 179366 133566 238422 317680 2073600 2073600 3 6 313698 990720 993600 93171 79437 77573 63517 6 6 6 6 54 0 0 0 0 
[ 7112.412900] MESSAGE_B= 0 0 0 33 1 1 192 0 248 179 0 3063 3216 3073 3277 3316 3324 2892 1004 187 237 275 235 256 136 902 468 0 6 107 14 91 6 120 58 65 89 2 2 2 2 2 2 2 2 1 1 218456 668786 1167162 717514 1188394 1507270 1253996 1273986 1027268 1309066 789644 349502 102404 174210 263628 219582 179366 133566 238422 317680 2073600 2073600 1 6 304047 994560 993600 93082 79200 73202 58563 6 6 6 6 8 0 0 0 0 
[ 7112.691034] MESSAGE_B= 0 0 0 31 1 1 192 0 248 179 0 3085 3220 3063 3282 3318 3286 2874 1532 212 230 268 237 257 127 878 1028 0 6 119 37 88 54 96 65 72 117 2 2 2 2 2 2 2 2 1 1 286866 681916 1167162 717514 1188394 1507270 1253996 1273986 1027268 1309066 789644 349502 102404 174210 263628 219582 179366 133566 238422 317680 2073600 2073600 1 6 301975 990720 993600 93166 79202 71320 58287 6 6 6 6 10 0 0 0 0 
[ 7112.969866] MESSAGE_B= 0 0 0 27 0 1 192 0 248 179 0 3060 3216 3072 3282 3315 3448 3172 3472 186 232 277 236 256 97 120 105 0 6 121 31 150 54 42 29 16 128 2 2 2 2 2 2 2 2 0 1 224038 681218 1167162 717514 1188394 1507270 1253996 1273986 1027268 1309066 789644 349502 102404 174210 263628 219582 179366 133566 238422 317680 2073600 2073600 3 6 312014 994560 993600 93123 78958 71304 68629 6 6 6 6 32 0 0 0 0 
[ 7113.247858] MESSAGE_B= 0 0 0 22 0 2 192 0 248 179 0 3071 3212 3068 3277 3309 3112 3652 3568 204 236 275 243 259 285 149 99 0 6 107 14 111 16 31 63 34 83 2 2 2 2 2 2 2 2 0 2 225608 654712 1167162 717514 1188394 1507270 1253996 1273986 1027268 1309066 789644 349502 102404 174210 263628 219582 179366 133566 238422 317680 2073600 2073600 3 6 355642 990720 993600 93284 79211 84193 98954 6 6 6 6 32 0 0 0 0 
[ 7113.532852] MESSAGE_B= 0 0 0 20 0 1 192 0 248 179 0 3056 3203 3070 3294 3301 2771 3529 3544 195 236 273 243 244 406 235 89 0 6 111 17 108 2 20 43 37 84 2 2 2 2 2 2 2 2 0 1 267498 713792 1167162 717514 1188394 1507270 1253996 1273986 1027268 1309066 789644 349502 102404 174210 263628 219582 179366 133566 238422 317680 2073600 2073600 3 6 358880 994560 993600 93169 79488 85736 100487 6 6 6 6 12 0 0 0 0 
[ 7113.693868] MESSAGE_B= 0 0 0 22 0 1 192 0 248 179 0 3081 3205 3059 3292 3295 2855 3532 3562 208 241 261 232 252 305 232 112 0 6 138 21 85 12 42 63 40 107 2 2 2 2 2 2 2 2 0 1 276778 725868 1167162 717514 1188394 1507270 1253996 1273986 1027268 1309066 789644 349502 102404 174210 263628 219582 179366 133566 238422 317680 2073600 2073600 3 6 360040 990720 993600 93284 79690 86269 100797 6 6 6 6 12 0 0 0 0 
[ 7113.971844] MESSAGE_B= 0 0 0 29 0 1 192 0 248 179 0 3088 3184 3063 3315 3300 2888 3530 3576 217 240 272 248 245 271 247 80 0 6 127 38 97 44 7 81 44 20 2 2 2 2 2 2 2 2 0 1 236826 724456 1167162 717514 1188394 1507270 1253996 1273986 1027268 1309066 789644 349502 102404 174210 263628 219582 179366 133566 238422 317680 2073600 2073600 3 6 360772 994560 993600 93195 79562 86899 101116 6 6 6 6 8 0 0 0 0 
[ 7114.251847] MESSAGE_B= 0 0 0 39 0 1 192 0 248 179 0 3083 3170 3060 3345 3305 3001 3549 3602 230 239 265 248 256 256 256 83 0 6 120 63 101 40 13 77 57 69 2 2 2 2 2 2 2 2 0 1 340424 766742 1167162 717514 1188394 1507270 1253996 1273986 1027268 1309066 789644 349502 102404 174210 263628 219582 179366 133566 238422 317680 2073600 2073600 3 6 360623 990720 993600 93199 79792 86629 101003 6 6 6 6 9 0 0 0 0 
[ 7114.537317] MESSAGE_B= 0 0 0 40 0 1 192 0 248 179 0 3090 3175 3063 3343 3308 3064 3559 3607 228 235 271 253 253 272 255 102 0 6 108 63 95 42 40 87 58 101 2 2 2 2 2 2 2 2 0 1 222316 736956 1245698 858894 1010238 1309912 1134228 1100374 948862 1098238 1157702 221834 340910 318766 370636 641004 352014 139484 496770 254764 2073600 2073600 3 6 360220 994560 993600 93126 79689 86523 100882 6 6 6 6 9 0 0 0 0 
[ 7114.824362] MESSAGE_B= 0 0 0 40 0 1 192 0 248 179 0 3094 3173 3051 3346 3295 2969 3531 3618 220 248 268 259 259 226 270 75 0 6 132 48 96 61 16 100 72 101 2 2 2 2 2 2 2 2 0 1 167290 781044 1245698 858894 1010238 1309912 1134228 1100374 948862 1098238 1157702 221834 340910 318766 370636 641004 352014 139484 496770 254764 2073600 2073600 3 6 359199 990720 993600 93262 79837 85633 100467 6 6 6 6 6 0 0 0 0 
[ 7114.983850] MESSAGE_B= 0 0 0 38 1 1 192 0 248 179 0 3047 3176 3072 3350 3294 2631 3496 3608 190 240 273 248 264 442 351 84 0 6 128 76 39 53 31 97 66 68 2 2 2 2 2 2 2 2 1 1 215250 738886 1245698 858894 1010238 1309912 1134228 1100374 948862 1098238 1157702 221834 340910 318766 370636 641004 352014 139484 496770 254764 2073600 2073600 1 6 357806 994560 993600 93307 80028 84620 99851 6 6 6 6 9 0 0 0 0 
[ 7115.270846] MESSAGE_B= 0 0 0 37 0 1 192 0 248 179 0 3042 3192 3068 3350 3298 2172 3555 3580 192 246 273 247 258 1256 342 83 0 6 117 84 27 108 87 104 81 120 2 2 2 2 2 2 2 2 0 1 174124 765292 1245698 858894 1010238 1309912 1134228 1100374 948862 1098238 1157702 221834 340910 318766 370636 641004 352014 139484 496770 254764 2073600 2073600 3 6 354295 990720 993600 93193 80045 81913 99144 6 6 6 6 16 0 0 0 0 
[ 7115.551197] MESSAGE_B= 0 0 0 23 1 2 192 0 248 179 0 3059 3276 3057 3359 3243 1763 2878 3529 193 326 270 252 227 556 566 120 0 6 132 139 14 159 199 71 108 108 2 2 2 2 2 2 2 2 1 2 213768 693854 1245698 858894 1010238 1309912 1134228 1100374 948862 1098238 1157702 221834 340910 318766 370636 641004 352014 139484 496770 254764 2073600 2073600 3 6 307787 994560 993600 89915 78942 59826 79104 6 6 6 6 59 0 0 0 0 
[ 7115.833860] MESSAGE_B= 0 0 0 11 1 2 192 0 248 179 0 3026 3451 3054 2988 2406 2824 2584 2700 104 223 448 244 408 536 416 438 0 31 40 127 99 141 17 33 106 120 0 0 0 0 0 0 0 0 1 2 183642 625796 1245698 858894 1010238 1309912 1134228 1100374 948862 1098238 1157702 221834 340910 318766 370636 641004 352014 139484 496770 254764 2073600 2073600 3 6 188984 990720 993600 62210 47493 50194 47587 6 0 0 6 118 4 0 0 0 
[ 7116.112857] MESSAGE_B= 0 0 0 9 1 2 192 0 248 179 0 3050 3000 3165 3093 2207 2371 2392 2706 279 379 310 273 381 470 801 466 0 31 4 21 106 23 47 69 16 144 0 0 0 0 0 0 0 0 1 2 320378 664068 1245698 858894 1010238 1309912 1134228 1100374 948862 1098238 1157702 221834 340910 318766 370636 641004 352014 139484 496770 254764 2073600 2073600 3 0 236168 994560 993600 58470 58264 67749 51685 0 0 0 0 129 5 0 0 0 
[ 7116.398429] MESSAGE_B= 0 0 0 5 1 1 192 0 248 179 0 2371 2396 2549 2987 1895 2618 2183 2017 190 684 613 406 494 239 616 243 0 31 43 217 162 49 23 9 198 137 0 0 0 0 0 0 0 0 1 1 182468 467722 1245698 858894 1010238 1309912 1134228 1100374 948862 1098238 1157702 221834 340910 318766 370636 641004 352014 139484 496770 254764 2073600 2073600 1 11 220410 990720 993600 44014 48819 67042 84763 0 0 0 11 129 4 0 0 0 
