[ 9558.956847] MESSAGE_B= 5 0 0 140 0 8 192 0 248 179 0 0 0 0 0 0 0 0 0 0 0 0 0 0 0 0 0 1 12 0 0 0 0 0 220 44 0 0 0 0 0 1 0 0 1 0 8 58752 22232 2 259510 158530 127822 121746 260552 299312 5972 2 2 13842 23148 59036 48328 65048 5338 2318 2 2073600 2073600 6 12 442499 990720 993600 109497 115100 110294 107608 12 12 12 12 93 5 5 5 5 
[ 9559.232852] MESSAGE_B= 5 5 0 123 0 11 192 0 248 179 0 0 0 0 0 0 0 0 0 0 0 0 0 0 0 0 0 0 12 0 0 0 0 0 246 232 0 1 1 1 1 1 0 0 1 0 11 99344 35004 2 259510 158530 127822 121746 260552 299312 5972 2 2 13842 23148 59036 48328 65048 5338 2318 2 2073600 2073600 6 12 428463 994560 993600 106399 110957 107260 103847 12 12 12 12 30 5 5 5 5 
[ 9559.503857] MESSAGE_B= 5 5 0 118 0 29 192 0 248 179 0 0 0 0 0 0 0 0 0 0 0 0 0 0 0 0 0 0 12 0 0 0 0 0 254 250 0 1 1 1 1 1 0 0 1 0 29 117358 62134 2 259510 158530 127822 121746 260552 299312 5972 2 2 13842 23148 59036 48328 65048 5338 2318 2 2073600 2073600 6 12 382286 990720 993600 92717 103390 96393 89786 12 12 12 12 28 5 5 5 5 
[ 9559.777844] MESSAGE_B= 5 5 0 113 0 39 192 0 248 179 0 0 0 0 0 0 1943 0 611 0 0 0 0 0 117 0 17 0 12 0 0 0 24 0 255 255 0 1 1 1 2 1 0 0 1 0 39 127322 75140 2 259510 158530 127822 121746 260552 299312 5972 2 2 13842 23148 59036 48328 65048 5338 2318 2 2073600 2073600 6 12 349208 994560 993600 84007 95126 89490 80585 12 12 12 12 28 5 5 5 5 
[ 9560.050844] MESSAGE_B= 5 5 5 113 0 39 192 0 248 179 0 592 0 2012 0 0 2162 0 646 9 0 115 0 0 129 0 35 0 12 105 0 0 144 0 255 255 0 2 1 1 2 1 0 0 1 0 39 125704 88966 111712 8154 2 2 18388 23316 164194 139948 117700 93694 1094 2 2 49640 56734 41168 45742 68480 2073600 2073600 6 12 333113 990720 993600 80170 90636 86293 76014 12 12 12 12 28 5 5 5 5 
[ 9560.323849] MESSAGE_B= 5 5 5 113 0 39 192 0 248 179 0 593 0 2126 0 0 2202 0 650 21 0 105 0 0 114 0 35 0 12 143 0 0 155 0 255 255 0 2 1 1 2 1 0 0 1 0 39 122324 87064 111712 8154 2 2 18388 23316 164194 139948 117700 93694 1094 2 2 49640 56734 41168 45742 68480 2073600 2073600 6 12 331822 994560 993600 79914 89802 86303 75803 12 12 12 12 19 5 5 5 5 
[ 9560.596866] MESSAGE_B= 5 5 5 116 0 37 192 0 248 179 0 594 0 2001 0 0 2226 0 647 5 0 81 0 0 223 0 28 0 12 55 0 0 48 0 255 254 0 2 1 1 2 1 0 0 1 0 37 131592 82164 111712 8154 2 2 18388 23316 164194 139948 117700 93694 1094 2 2 49640 56734 41168 45742 68480 2073600 2073600 6 12 331689 990720 993600 79903 89676 86289 75821 12 12 12 12 19 5 5 5 5 
[ 9560.754853] MESSAGE_B= 5 5 5 118 0 38 192 0 248 179 0 587 0 1964 0 0 2205 0 643 32 0 80 0 0 228 0 41 0 12 180 0 0 41 0 255 251 0 2 1 1 2 1 0 0 1 0 38 127594 87192 111712 8154 2 2 18388 23316 164194 139948 117700 93694 1094 2 2 49640 56734 41168 45742 68480 2073600 2073600 6 12 331899 994560 993600 79910 89715 86417 75857 12 12 12 12 21 5 5 5 5 
[ 9561.026854] MESSAGE_B= 5 5 5 119 0 36 192 0 248 179 0 586 0 1915 0 0 2088 0 639 32 0 83 0 0 165 0 42 0 12 213 0 0 17 0 254 246 0 2 1 1 2 1 0 0 1 0 36 122510 87234 111712 8154 2 2 18388 23316 164194 139948 117700 93694 1094 2 2 49640 56734 41168 45742 68480 2073600 2073600 6 12 332283 990720 993600 80067 89690 86542 75984 12 12 12 12 21 5 5 5 5 
[ 9561.303372] MESSAGE_B= 5 5 5 120 0 37 192 0 248 179 0 585 0 1890 0 0 2037 0 636 21 0 50 0 0 141 0 28 0 12 89 0 0 97 0 252 246 0 2 1 1 2 1 0 0 1 0 37 147750 89220 111712 8154 2 2 18388 23316 164194 139948 117700 93694 1094 2 2 49640 56734 41168 45742 68480 2073600 2073600 6 12 332916 994560 993600 80334 89679 86829 76074 12 12 12 12 16 5 5 5 5 
[ 9561.575870] MESSAGE_B= 5 5 5 121 0 38 192 0 248 179 0 592 0 2022 0 0 2035 0 633 0 0 17 0 0 148 0 36 0 12 0 0 0 41 0 252 250 0 2 1 1 2 1 0 0 1 0 38 146804 80630 111712 8154 2 2 18388 23316 164194 139948 117700 93694 1094 2 2 49640 56734 41168 45742 68480 2073600 2073600 6 12 334486 990720 993600 80812 89965 87260 76449 12 12 12 12 24 5 5 5 5 
[ 9561.848860] MESSAGE_B= 5 5 5 122 0 39 192 0 248 179 0 0 0 0 0 0 2048 0 631 0 0 0 0 0 138 0 34 0 12 0 0 0 8 0 251 247 0 1 1 1 2 1 0 0 1 0 39 159576 98738 111712 8154 2 2 18388 23316 164194 139948 117700 93694 1094 2 2 49640 56734 41168 45742 68480 2073600 2073600 6 12 336206 994560 993600 81413 90182 87705 76906 12 12 12 12 26 5 5 5 5 
[ 9562.128294] MESSAGE_B= 5 5 5 124 0 39 192 0 248 179 0 0 0 0 0 0 2096 0 631 0 0 0 0 0 135 0 32 0 12 0 0 0 46 0 250 244 0 1 1 1 2 1 0 0 1 0 39 145298 105176 111712 8154 2 2 18388 23316 164194 139948 117700 93694 1094 2 2 49640 56734 41168 45742 68480 2073600 2073600 6 12 338068 990720 993600 82025 90534 88223 77286 12 12 12 12 26 5 5 5 5 
[ 9562.403851] MESSAGE_B= 5 5 5 125 0 39 192 0 248 179 0 0 0 0 0 0 2243 0 619 0 0 0 0 0 131 0 21 0 12 0 0 0 82 0 249 243 0 1 1 1 2 1 0 0 1 0 39 178442 97836 167466 94114 50162 156898 112494 152196 84628 187338 180914 168944 57426 41982 73524 82762 115706 48156 56670 144940 2073600 2073600 6 12 341006 994560 993600 82734 91212 89133 77927 12 12 12 12 31 5 5 5 5 
[ 9562.677851] MESSAGE_B= 5 5 5 126 0 35 192 0 248 179 0 0 0 0 0 0 2437 0 609 0 0 0 0 0 159 0 17 0 12 0 0 0 37 0 251 238 0 1 1 1 2 1 0 0 1 0 35 169020 117708 167466 94114 50162 156898 112494 152196 84628 187338 180914 168944 57426 41982 73524 82762 115706 48156 56670 144940 2073600 2073600 6 12 343111 990720 993600 83545 91313 89782 78471 12 12 12 12 31 5 5 5 5 
[ 9562.955849] MESSAGE_B= 5 5 5 128 0 37 192 0 248 179 0 0 0 0 0 0 2836 0 597 0 0 0 0 0 133 0 21 0 12 0 0 0 74 0 251 225 0 1 1 1 2 1 0 0 1 0 37 162210 110490 167466 94114 50162 156898 112494 152196 84628 187338 180914 168944 57426 41982 73524 82762 115706 48156 56670 144940 2073600 2073600 6 12 345251 994560 993600 84791 90594 90578 79288 12 12 12 12 32 5 5 5 5 
[ 9563.229861] MESSAGE_B= 5 5 5 129 0 34 192 0 248 179 0 0 0 0 0 0 0 0 0 0 0 0 0 0 0 0 0 0 12 0 0 0 0 0 248 215 0 1 1 1 1 1 0 0 1 0 34 183926 106500 167466 94114 50162 156898 112494 152196 84628 187338 180914 168944 57426 41982 73524 82762 115706 48156 56670 144940 2073600 2073600 6 12 346689 990720 993600 85864 89798 90628 80399 12 12 12 12 32 5 5 5 5 
[ 9563.389438] MESSAGE_B= 5 5 5 131 0 36 192 0 248 179 0 0 0 0 0 0 0 0 0 0 0 0 0 0 0 0 0 0 12 0 0 0 0 0 239 215 0 1 1 1 1 1 0 0 1 0 36 176366 121244 167466 94114 50162 156898 112494 152196 84628 187338 180914 168944 57426 41982 73524 82762 115706 48156 56670 144940 2073600 2073600 6 12 347508 994560 993600 86606 89238 90600 81064 12 12 12 12 32 5 5 5 5 
[ 9563.675096] MESSAGE_B= 5 5 5 132 0 22 192 0 248 179 0 0 0 0 0 0 0 0 0 0 0 0 0 0 0 0 0 0 12 0 0 0 0 0 215 222 0 1 1 1 1 1 0 0 1 0 22 203510 125872 167466 94114 50162 156898 112494 152196 84628 187338 180914 168944 57426 41982 73524 82762 115706 48156 56670 144940 2073600 2073600 6 12 348597 990720 993600 87980 88056 90049 82512 12 12 12 12 34 5 5 5 5 
[ 9563.947858] MESSAGE_B= 5 5 5 134 0 24 192 0 248 179 0 0 0 0 0 0 0 0 0 0 0 0 0 0 0 0 0 0 12 0 0 0 0 0 232 233 0 1 1 1 1 1 0 0 1 0 24 190328 123002 167466 94114 50162 156898 112494 152196 84628 187338 180914 168944 57426 41982 73524 82762 115706 48156 56670 144940 2073600 2073600 6 12 349922 994560 993600 88983 87108 89300 84531 12 12 12 12 34 5 5 5 5 
[ 9564.226848] MESSAGE_B= 5 5 5 132 1 27 192 0 248 179 0 1565 1652 1629 1382 1792 1914 1881 1535 345 580 486 232 358 652 539 272 0 31 191 41 200 60 254 254 249 240 0 0 0 0 0 0 0 0 1 27 209696 137592 167466 94114 50162 156898 112494 152196 84628 187338 180914 168944 57426 41982 73524 82762 115706 48156 56670 144940 2073600 2073600 6 0 257731 990720 993600 62338 62424 61376 71593 0 0 0 0 30 5 5 5 5 
[ 9564.503847] MESSAGE_B= 5 5 5 33 1 29 192 0 248 179 0 1556 1657 1628 1363 1784 1917 1884 1512 333 581 482 236 346 652 541 276 0 31 192 40 204 56 254 255 248 240 0 0 0 0 0 0 0 0 1 29 218220 85596 167466 94114 50162 156898 112494 152196 84628 187338 180914 168944 57426 41982 73524 82762 115706 48156 56670 144940 2073600 2073600 6 0 256093 994560 993600 62077 61622 61314 71080 0 0 0 0 23 5 5 5 5 
[ 9564.780851] MESSAGE_B= 5 5 5 33 1 27 192 0 248 179 0 1545 1657 1626 1344 1774 1914 1884 1492 329 583 480 238 336 657 537 280 0 31 195 38 205 54 255 254 248 238 0 0 0 0 0 0 0 0 1 27 218962 196240 319768 88538 38674 155900 197668 215716 117370 145134 349330 204666 46898 40998 161060 140552 190670 68444 109100 191726 2073600 2073600 6 0 254220 990720 993600 61783 61226 60448 70763 0 0 0 0 23 5 5 5 5 
[ 9564.942775] MESSAGE_B= 0 0 5 33 1 26 192 0 248 179 0 1547 1659 1627 1344 1775 1916 1884 1491 326 583 474 239 336 656 536 282 0 31 192 37 204 52 254 255 248 239 0 0 0 0 0 0 0 0 1 26 217206 240556 319768 88538 38674 155900 197668 215716 117370 145134 349330 204666 46898 40998 161060 140552 190670 68444 109100 191726 2073600 2073600 3 0 253583 994560 993600 61691 61188 60728 69976 0 0 0 0 19 5 5 0 5 
[ 9565.219852] MESSAGE_B= 5 5 5 33 1 25 192 0 248 179 0 1543 1658 1624 1338 1771 1914 1880 1483 324 586 476 238 336 662 532 281 0 31 192 34 202 50 253 254 248 237 0 0 0 0 0 0 0 0 1 25 224786 199704 319768 88538 38674 155900 197668 215716 117370 145134 349330 204666 46898 40998 161060 140552 190670 68444 109100 191726 2073600 2073600 6 0 252514 990720 993600 61518 60731 60464 69801 0 0 0 0 23 5 5 5 5 
[ 9565.496870] MESSAGE_B= 0 5 5 33 1 27 192 0 248 179 0 1547 1668 1633 1339 1775 1925 1888 1485 325 589 470 241 335 662 531 282 0 31 189 36 200 47 253 254 248 238 0 0 0 0 0 0 0 0 1 27 214564 239052 319768 88538 38674 155900 197668 215716 117370 145134 349330 204666 46898 40998 161060 140552 190670 68444 109100 191726 2073600 2073600 3 0 251218 994560 993600 61307 60340 59916 69655 0 0 0 0 23 5 5 5 5 
[ 9565.775850] MESSAGE_B= 5 5 5 33 1 30 192 0 248 179 0 1543 1701 1631 1326 1772 1966 1882 1472 318 629 480 241 332 705 538 287 0 31 194 17 205 28 254 254 248 238 0 0 0 0 0 0 0 0 1 30 228564 198846 319768 88538 38674 155900 197668 215716 117370 145134 349330 204666 46898 40998 161060 140552 190670 68444 109100 191726 2073600 2073600 6 0 249925 990720 993600 61934 58852 60388 68751 0 0 0 0 26 5 5 5 5 
[ 9566.053886] MESSAGE_B= 0 0 5 33 1 35 192 0 248 179 0 1533 1686 1590 1304 1770 1946 1840 1448 318 640 461 245 333 717 517 293 0 31 204 25 212 34 254 255 247 238 0 0 0 0 0 0 0 0 1 35 209596 237370 319768 88538 38674 155900 197668 215716 117370 145134 349330 204666 46898 40998 161060 140552 190670 68444 109100 191726 2073600 2073600 3 0 248438 994560 993600 63695 56067 61205 67471 0 0 0 0 47 5 5 0 5 
[ 9566.332858] MESSAGE_B= 5 5 5 33 1 33 192 0 248 179 0 1533 1701 1531 1289 1777 1958 1777 1434 313 655 445 238 332 725 504 288 0 31 211 17 217 23 254 255 248 237 0 0 0 0 0 0 0 0 1 33 221416 210564 319768 88538 38674 155900 197668 215716 117370 145134 349330 204666 46898 40998 161060 140552 190670 68444 109100 191726 2073600 2073600 6 0 240502 990720 993600 64688 52144 61737 61933 0 0 0 0 47 5 5 5 5 
[ 9566.612553] MESSAGE_B= 0 5 5 34 1 31 192 0 248 179 0 1529 1700 1463 1282 1773 1948 1703 1429 313 668 451 233 337 726 512 290 0 31 212 2 218 0 254 254 247 240 0 0 0 0 0 0 0 0 1 31 215038 231306 319768 88538 38674 155900 197668 215716 117370 145134 349330 204666 46898 40998 161060 140552 190670 68444 109100 191726 2073600 2073600 3 0 228358 994560 993600 64779 47407 61592 54580 0 0 0 0 46 5 5 5 5 
[ 9566.893371] MESSAGE_B= 5 5 5 36 1 31 192 0 248 179 0 1530 1713 1424 1273 1774 1952 1650 1449 311 686 436 260 331 740 488 303 0 31 213 68 221 33 254 254 247 244 0 0 0 0 0 0 0 0 1 31 253980 210912 319768 88538 38674 155900 197668 215716 117370 145134 349330 204666 46898 40998 161060 140552 190670 68444 109100 191726 2073600 2073600 6 0 221966 990720 993600 65092 44947 61268 50659 0 0 0 0 42 5 5 5 5 
[ 9567.170858] MESSAGE_B= 0 5 5 37 1 28 192 0 248 179 0 1529 1740 1405 1326 1773 1980 1620 1492 312 715 417 248 334 775 463 291 0 31 208 42 217 20 254 254 247 243 0 0 0 0 0 0 0 0 1 28 235014 247442 350452 145378 107356 319630 325704 315438 242134 244928 343450 339354 325520 191402 269716 288250 287860 366792 276020 298872 2073600 2073600 3 0 221242 994560 993600 65646 44439 61741 49416 0 0 0 0 31 5 5 5 5 
[ 9567.453872] MESSAGE_B= 5 5 5 37 1 31 192 0 248 179 0 1519 1770 1374 1335 1792 2010 1583 1499 303 734 409 242 332 794 451 286 0 31 205 18 214 8 254 254 245 242 0 0 0 0 0 0 0 0 1 31 266144 199890 350452 145378 107356 319630 325704 315438 242134 244928 343450 339354 325520 191402 269716 288250 287860 366792 276020 298872 2073600 2073600 6 0 218356 990720 993600 65070 43986 61397 47903 0 0 0 0 31 5 5 5 5 
[ 9567.610851] MESSAGE_B= 0 5 5 38 1 31 192 0 248 179 0 1506 1792 1368 1322 1815 2025 1581 1497 300 734 412 242 321 790 456 287 0 31 204 7 215 25 254 254 246 241 0 0 0 0 0 0 0 0 1 31 245752 244722 350452 145378 107356 319630 325704 315438 242134 244928 343450 339354 325520 191402 269716 288250 287860 366792 276020 298872 2073600 2073600 3 0 216892 994560 993600 64146 43769 61514 47463 0 0 0 0 31 5 5 5 5 
[ 9567.889855] MESSAGE_B= 5 5 5 38 1 30 192 0 248 179 0 1518 1838 1347 1323 1833 2075 1565 1505 300 728 407 243 316 781 453 288 0 31 202 23 212 53 254 254 245 240 0 0 0 0 0 0 0 0 1 30 284026 213808 350452 145378 107356 319630 325704 315438 242134 244928 343450 339354 325520 191402 269716 288250 287860 366792 276020 298872 2073600 2073600 6 0 217013 990720 993600 64187 44011 61558 47257 0 0 0 0 41 5 5 5 5 
[ 9568.169842] MESSAGE_B= 5 5 5 38 1 29 192 0 248 179 0 1524 1840 1359 1327 1840 2105 1552 1507 294 715 406 235 313 789 448 284 0 31 201 41 208 68 254 254 247 239 0 0 0 0 0 0 0 0 1 29 275310 231096 350452 145378 107356 319630 325704 315438 242134 244928 343450 339354 325520 191402 269716 288250 287860 366792 276020 298872 2073600 2073600 6 0 218497 994560 993600 64458 44187 62457 47395 0 0 0 0 41 5 5 5 5 
[ 9568.455491] MESSAGE_B= 5 5 5 38 1 29 192 0 248 179 0 1526 1827 1389 1324 1845 2120 1563 1506 294 684 439 240 312 777 459 288 0 31 200 50 210 72 253 254 244 241 0 0 0 0 0 0 0 0 1 29 296908 216742 350452 145378 107356 319630 325704 315438 242134 244928 343450 339354 325520 191402 269716 288250 287860 366792 276020 298872 2073600 2073600 6 0 220005 990720 993600 64876 44382 63239 47508 0 0 0 0 34 5 5 5 5 
[ 9568.732853] MESSAGE_B= 5 5 5 38 1 26 192 0 248 179 0 995 1537 1168 899 1200 2124 1463 1059 121 714 385 124 154 1028 499 166 0 0 82 61 36 86 237 234 235 215 0 2 0 2 0 0 0 0 1 26 290958 231556 350452 145378 107356 319630 325704 315438 242134 244928 343450 339354 325520 191402 269716 288250 287860 366792 276020 298872 2073600 2073600 6 0 222192 994560 993600 65313 44751 63941 48187 0 0 0 0 20 5 5 5 5 
[ 9569.010856] MESSAGE_B= 5 5 5 38 1 39 192 0 248 179 0 2227 1441 1375 1353 2402 1664 1559 1552 1093 290 187 133 1133 297 179 118 0 31 139 177 103 204 255 255 253 255 0 0 0 0 0 0 0 0 1 39 317434 219098 350452 145378 107356 319630 325704 315438 242134 244928 343450 339354 325520 191402 269716 288250 287860 366792 276020 298872 2073600 2073600 6 0 160770 990720 993600 54723 54932 49359 64526 0 15 0 16 17 5 5 5 5 
[ 9569.291846] MESSAGE_B= 5 5 5 36 1 37 192 0 248 179 0 2227 1419 1393 1353 2402 1638 1574 1550 1093 251 203 133 1134 264 208 125 0 31 149 179 115 170 255 255 251 255 0 0 0 0 0 0 0 0 1 37 554882 229218 350452 145378 107356 319630 325704 315438 242134 244928 343450 339354 325520 191402 269716 288250 287860 366792 276020 298872 2073600 2073600 6 0 164797 994560 993600 55620 54029 50423 63933 0 15 0 16 35 5 5 5 5 
[ 9569.572851] MESSAGE_B= 5 5 5 36 1 36 192 0 248 179 0 2223 1292 1421 1352 2397 1501 1603 1548 1092 207 232 127 1135 227 239 122 0 31 168 100 136 74 255 255 252 255 0 0 0 0 0 0 0 0 1 36 638490 291256 351116 120506 103154 326378 335246 357250 271974 243268 362542 1115172 386942 421974 476562 476266 471614 637444 330298 1178748 2073600 2073600 6 0 167923 990720 993600 54780 52178 50062 63266 0 15 0 16 36 5 5 5 5 
[ 9569.850861] MESSAGE_B= 5 5 5 38 1 36 192 0 248 179 0 2228 1502 1532 1397 2403 1731 1726 1582 1091 405 386 140 1132 432 428 129 0 31 87 33 61 60 255 255 252 250 0 0 0 0 0 0 0 0 1 36 625084 287882 351116 120506 103154 326378 335246 357250 271974 243268 362542 1115172 386942 421974 476562 476266 471614 637444 330298 1178748 2073600 2073600 6 0 167880 994560 993600 52599 47696 46587 58805 0 15 0 16 50 5 5 5 5 
[ 9570.129854] MESSAGE_B= 5 5 5 41 1 39 192 0 248 179 0 2222 1410 1608 1354 2397 1602 1839 1550 1093 271 419 129 1134 262 456 119 0 31 61 104 31 95 255 253 253 255 0 0 0 0 0 0 0 0 1 39 630716 269994 351116 120506 103154 326378 335246 357250 271974 243268 362542 1115172 386942 421974 476562 476266 471614 637444 330298 1178748 2073600 2073600 6 0 152012 990720 993600 46925 52630 39975 61796 0 15 0 16 50 5 5 5 5 
[ 9570.412258] MESSAGE_B= 5 5 5 43 1 41 192 0 248 179 0 2228 1379 1661 1353 2403 1578 1895 1551 1090 217 393 132 1131 204 411 121 0 31 68 134 40 114 255 247 253 255 0 0 0 0 0 0 0 0 1 41 625474 291448 351116 120506 103154 326378 335246 357250 271974 243268 362542 1115172 386942 421974 476562 476266 471614 637444 330298 1178748 2073600 2073600 6 0 143707 994560 993600 44535 56003 37117 63626 0 15 0 16 45 5 5 5 5 
[ 9570.690865] MESSAGE_B= 5 5 5 43 1 43 192 0 248 179 0 2227 1398 1647 1354 2403 1596 1886 1551 1092 258 392 129 1131 244 407 129 0 31 82 146 54 118 255 249 254 253 0 0 0 0 0 0 0 0 1 43 669650 276038 351116 120506 103154 326378 335246 357250 271974 243268 362542 1115172 386942 421974 476562 476266 471614 637444 330298 1178748 2073600 2073600 6 0 143072 990720 993600 44847 56475 37484 62850 0 15 0 16 45 5 5 5 5 
[ 9570.849845] MESSAGE_B= 5 5 5 43 1 44 192 0 248 179 0 2227 1407 1649 1355 2403 1603 1886 1551 1093 255 391 127 1131 246 414 120 0 31 78 160 50 128 255 249 253 254 0 0 0 0 0 0 0 0 1 44 637204 261024 351116 120506 103154 326378 335246 357250 271974 243268 362542 1115172 386942 421974 476562 476266 471614 637444 330298 1178748 2073600 2073600 6 0 143780 994560 993600 45022 56236 37902 63118 0 15 0 16 45 5 5 5 5 
[ 9571.135908] MESSAGE_B= 5 5 5 43 1 38 192 0 248 179 0 2222 1374 1663 1353 2396 1568 1892 1550 1092 202 416 130 1133 194 436 122 0 31 71 129 41 98 255 247 253 255 0 0 0 0 0 0 0 0 1 38 655540 293886 351116 120506 103154 326378 335246 357250 271974 243268 362542 1115172 386942 421974 476562 476266 471614 637444 330298 1178748 2073600 2073600 6 0 144979 990720 993600 44744 54607 37430 63373 0 15 0 16 36 5 5 5 5 
[ 9571.413858] MESSAGE_B= 5 5 5 43 1 32 192 0 248 179 0 2227 1336 1660 1354 2402 1544 1872 1550 1092 197 410 125 1134 216 429 127 0 31 48 124 18 66 255 245 252 253 0 0 0 0 0 0 0 0 1 32 655868 266664 351116 120506 103154 326378 335246 357250 271974 243268 362542 1115172 386942 421974 476562 476266 471614 637444 330298 1178748 2073600 2073600 6 0 144018 994560 993600 43464 54421 36763 64617 0 15 0 16 47 5 5 5 5 
[ 9571.691858] MESSAGE_B= 5 5 5 44 1 35 192 0 248 179 0 2227 1348 1627 1353 2403 1560 1836 1551 1092 215 405 125 1131 244 424 121 0 31 58 130 26 73 255 247 252 254 0 0 0 0 0 0 0 0 1 35 684720 276806 351116 120506 103154 326378 335246 357250 271974 243268 362542 1115172 386942 421974 476562 476266 471614 637444 330298 1178748 2073600 2073600 6 0 142869 990720 993600 43485 54461 37266 65440 0 15 0 16 47 5 5 5 5 
[ 9571.982010] MESSAGE_B= 5 5 5 44 1 36 192 0 248 179 0 2227 1352 1622 1353 2403 1566 1830 1551 1092 229 396 129 1132 254 411 127 0 31 50 105 17 68 255 248 252 254 0 0 0 0 0 0 0 0 1 36 663558 291810 332714 216430 53306 332806 432606 393444 338780 229334 354404 1200784 451630 685958 1108854 1305420 1144310 788182 1280982 1280070 2073600 2073600 6 0 143413 994560 993600 43909 54915 37550 65797 0 15 0 16 31 5 5 5 5 
[ 9572.260855] MESSAGE_B= 5 5 5 44 1 36 192 0 248 179 0 2222 1350 1629 1353 2397 1562 1834 1550 1092 230 397 131 1132 260 413 124 0 31 40 101 9 66 255 248 252 255 0 0 0 0 0 0 0 0 1 36 683210 257998 332714 216430 53306 332806 432606 393444 338780 229334 354404 1200784 451630 685958 1108854 1305420 1144310 788182 1280982 1280070 2073600 2073600 6 0 143510 990720 993600 43834 54690 37115 65131 0 15 0 16 31 5 5 5 5 
[ 9572.543864] MESSAGE_B= 5 5 5 44 1 35 192 0 248 179 0 2226 1347 1624 1353 2402 1558 1834 1551 1092 227 402 125 1133 257 419 128 0 31 47 119 17 69 255 247 252 252 0 0 0 0 0 0 0 0 1 35 666548 290330 332714 216430 53306 332806 432606 393444 338780 229334 354404 1200784 451630 685958 1108854 1305420 1144310 788182 1280982 1280070 2073600 2073600 6 0 143221 994560 993600 43889 55030 37394 65523 0 15 0 16 30 5 5 5 5 
[ 9572.823851] MESSAGE_B= 5 5 5 44 1 36 192 0 248 179 0 2226 1353 1625 1354 2403 1559 1840 1552 1092 231 407 125 1131 257 424 124 0 31 50 126 16 74 255 249 252 254 0 0 0 0 0 0 0 0 1 36 682952 255812 332714 216430 53306 332806 432606 393444 338780 229334 354404 1200784 451630 685958 1108854 1305420 1144310 788182 1280982 1280070 2073600 2073600 6 0 143662 990720 993600 43978 54423 37633 65022 0 15 0 16 20 5 5 5 5 
[ 9573.109749] MESSAGE_B= 5 5 5 25 0 64 192 0 248 179 0 1237 1655 1391 858 1540 1763 1627 1046 509 564 530 240 552 514 559 184 0 0 178 20 153 72 244 242 250 219 0 2 2 0 0 0 0 0 0 64 661008 290486 332714 216430 53306 332806 432606 393444 338780 229334 354404 1200784 451630 685958 1108854 1305420 1144310 788182 1280982 1280070 2073600 2073600 6 0 248054 994560 993600 64546 56867 67206 59435 0 0 0 0 46 5 5 5 5 
[ 9573.390854] MESSAGE_B= 5 5 5 34 0 103 192 0 248 179 0 1286 1708 1414 926 1596 1820 1654 1071 580 550 532 318 675 522 564 228 0 0 129 6 139 32 248 240 251 222 0 0 2 0 0 0 0 0 0 103 465284 260562 332714 216430 53306 332806 432606 393444 338780 229334 354404 1200784 451630 685958 1108854 1305420 1144310 788182 1280982 1280070 2073600 2073600 6 0 247331 990720 993600 64863 55634 68687 58147 0 0 0 0 46 5 5 5 5 
[ 9573.671058] MESSAGE_B= 5 5 5 30 1 76 192 0 248 179 0 1280 1562 1327 868 1587 1719 1511 1045 505 611 410 247 632 584 390 176 0 0 47 47 21 49 253 250 245 225 0 0 2 0 0 0 0 0 1 76 433918 387616 332714 216430 53306 332806 432606 393444 338780 229334 354404 1200784 451630 685958 1108854 1305420 1144310 788182 1280982 1280070 2073600 2073600 6 0 249645 994560 993600 64774 56638 69233 59000 0 0 0 0 60 5 5 5 5 
[ 9573.957103] MESSAGE_B= 5 5 5 34 1 69 192 0 248 179 0 1326 1649 1401 840 1624 1863 1598 1042 562 619 413 196 668 634 433 187 0 0 23 20 9 86 254 253 243 219 0 2 2 0 0 0 0 0 1 69 417896 341770 332714 216430 53306 332806 432606 393444 338780 229334 354404 1200784 451630 685958 1108854 1305420 1144310 788182 1280982 1280070 2073600 2073600 6 0 250535 990720 993600 64174 58093 68870 59398 0 0 0 0 60 5 5 5 5 
[ 9574.118118] MESSAGE_B= 5 5 5 35 1 68 192 0 248 179 0 2382 1735 1543 1836 2840 1955 1793 2057 195 580 473 193 177 596 514 228 0 31 57 42 34 69 249 255 246 239 0 0 0 0 0 0 0 0 1 68 456316 370370 332714 216430 53306 332806 432606 393444 338780 229334 354404 1200784 451630 685958 1108854 1305420 1144310 788182 1280982 1280070 2073600 2073600 6 0 248640 994560 993600 63418 57851 68848 58523 0 0 0 0 47 5 5 5 5 
[ 9574.396850] MESSAGE_B= 5 5 5 36 1 84 192 0 248 179 0 2360 1816 1460 1834 2822 2042 1694 2063 154 539 485 195 141 556 509 216 0 0 71 19 31 8 241 253 245 239 0 0 0 0 0 0 0 0 1 84 461974 357490 410342 294426 68354 345616 420878 515872 259624 576694 488118 554652 503182 701226 1160528 495574 764360 233762 337876 637624 2073600 2073600 6 0 252853 990720 993600 65690 58074 71229 57860 0 0 0 0 52 5 5 5 5 
[ 9574.682796] MESSAGE_B= 5 5 5 32 1 74 192 0 248 179 0 1209 1602 1268 889 1517 1824 1453 1070 453 512 364 239 502 524 368 203 0 0 22 43 19 58 242 240 241 224 0 0 2 0 0 0 0 0 1 74 450974 378410 410342 294426 68354 345616 420878 515872 259624 576694 488118 554652 503182 701226 1160528 495574 764360 233762 337876 637624 2073600 2073600 6 0 253218 994560 993600 65975 57874 70718 58651 0 0 0 0 52 5 5 5 5 
[ 9574.968546] MESSAGE_B= 5 5 5 31 1 71 192 0 248 179 0 1187 1643 1251 935 1490 1840 1439 1093 435 504 364 292 479 518 357 224 0 0 6 71 12 89 242 244 241 230 0 0 2 0 0 0 0 0 1 71 428762 333838 410342 294426 68354 345616 420878 515872 259624 576694 488118 554652 503182 701226 1160528 495574 764360 233762 337876 637624 2073600 2073600 6 0 251550 990720 993600 65747 57959 69897 57947 0 0 0 0 24 5 5 5 5 
[ 9575.250842] MESSAGE_B= 5 5 5 31 1 62 192 0 248 179 0 1145 1615 1253 920 1442 1830 1437 1092 416 511 368 277 422 526 361 236 0 0 19 70 1 102 238 245 246 225 0 0 2 0 0 0 0 0 1 62 436036 393428 410342 294426 68354 345616 420878 515872 259624 576694 488118 554652 503182 701226 1160528 495574 764360 233762 337876 637624 2073600 2073600 6 0 251726 994560 993600 65734 57837 69845 58310 0 0 0 0 24 5 5 5 5 
[ 9575.408853] MESSAGE_B= 5 5 5 30 1 59 192 0 248 179 0 1134 1617 1257 938 1419 1814 1431 1096 412 513 376 295 411 521 353 233 0 0 37 79 7 99 237 243 241 232 0 0 2 0 0 0 0 0 1 59 415052 320688 410342 294426 68354 345616 420878 515872 259624 576694 488118 554652 503182 701226 1160528 495574 764360 233762 337876 637624 2073600 2073600 6 0 250905 990720 993600 65542 57991 69340 58032 0 0 0 0 24 5 5 5 5 
[ 9575.687283] MESSAGE_B= 5 5 5 29 1 56 192 0 248 179 0 1104 1598 1256 936 1386 1817 1440 1095 382 520 366 286 386 527 361 237 0 0 36 69 3 100 233 244 247 232 2 2 2 0 0 0 0 0 1 56 421096 393994 410342 294426 68354 345616 420878 515872 259624 576694 488118 554652 503182 701226 1160528 495574 764360 233762 337876 637624 2073600 2073600 6 0 251651 994560 993600 65579 57993 69317 58762 0 0 0 0 33 5 5 5 5 
[ 9575.965847] MESSAGE_B= 5 5 5 28 0 69 192 0 248 179 0 1050 1622 1274 964 1304 1791 1454 1112 350 534 369 320 297 523 365 250 0 0 81 81 24 100 238 240 241 240 0 2 2 0 0 0 0 0 0 69 395874 314708 410342 294426 68354 345616 420878 515872 259624 576694 488118 554652 503182 701226 1160528 495574 764360 233762 337876 637624 2073600 2073600 6 0 254396 990720 993600 66893 58402 69539 59562 0 0 0 0 33 5 5 5 5 
[ 9576.248847] MESSAGE_B= 0 5 5 28 1 77 192 0 248 179 0 1058 1787 1277 1002 1333 1935 1467 1126 322 559 362 368 313 551 373 261 0 0 58 68 26 79 231 247 241 236 0 0 2 0 0 0 0 0 1 77 387506 409928 410342 294426 68354 345616 420878 515872 259624 576694 488118 554652 503182 701226 1160528 495574 764360 233762 337876 637624 2073600 2073600 3 0 258141 994560 993600 68006 58431 71777 59927 0 0 0 0 52 5 5 5 5 
[ 9576.530865] MESSAGE_B= 5 5 5 29 1 69 192 0 248 179 0 2276 1717 1261 1884 2726 1915 1520 2100 206 542 376 229 206 545 389 244 0 31 134 85 107 117 248 251 244 242 0 0 0 0 0 0 0 0 1 69 404688 308570 410342 294426 68354 345616 420878 515872 259624 576694 488118 554652 503182 701226 1160528 495574 764360 233762 337876 637624 2073600 2073600 6 0 242618 990720 993600 63661 55670 65599 57688 0 0 0 0 58 5 5 5 5 
[ 9576.811860] MESSAGE_B= 0 5 5 25 0 65 192 0 248 179 0 993 1734 1121 1099 1258 1907 1337 1275 229 699 351 340 224 649 382 352 0 0 156 8 104 1 229 253 242 243 0 0 2 0 0 0 0 0 0 65 365500 367824 406254 281162 237874 500842 540682 506242 335296 574558 487202 539626 592790 360998 576028 569216 689948 251032 357094 665384 2073600 2073600 3 0 257858 994560 993600 66792 59851 68847 62368 0 0 0 0 72 5 5 5 5 
[ 9577.089859] MESSAGE_B= 5 5 5 28 0 71 192 0 248 179 0 995 1734 1276 1228 1256 1916 1513 1385 226 622 307 436 226 581 327 425 0 0 102 74 87 85 230 250 236 245 0 0 2 0 0 0 0 0 0 71 382494 352730 406254 281162 237874 500842 540682 506242 335296 574558 487202 539626 592790 360998 576028 569216 689948 251032 357094 665384 2073600 2073600 6 0 252215 990720 993600 69140 54568 70869 57638 0 0 0 0 72 5 5 5 5 
[ 9577.376845] MESSAGE_B= 0 5 5 34 0 61 192 0 248 179 0 994 1600 1324 1081 1258 1742 1546 1257 226 529 396 449 228 439 444 452 0 0 56 22 27 64 227 234 247 247 2 0 2 0 0 0 0 0 0 61 372802 389272 406254 281162 237874 500842 540682 506242 335296 574558 487202 539626 592790 360998 576028 569216 689948 251032 357094 665384 2073600 2073600 3 0 249325 994560 993600 67658 54971 70703 55993 0 0 0 0 46 5 5 5 5 
[ 9577.662852] MESSAGE_B= 5 5 5 33 1 51 192 0 248 179 0 1593 368 2081 725 1646 532 2593 848 1016 22 506 23 1223 13 615 0 0 11 50 24 94 0 255 0 226 244 2 2 2 2 0 0 0 0 1 51 395224 380192 406254 281162 237874 500842 540682 506242 335296 574558 487202 539626 592790 360998 576028 569216 689948 251032 357094 665384 2073600 2073600 6 11 314434 990720 993600 85538 66608 86473 75815 11 11 11 11 218 5 5 5 5 
[ 9577.818900] MESSAGE_B= 0 5 5 27 1 77 192 0 248 179 0 1040 2830 977 829 1281 3175 1174 960 440 476 400 188 471 572 430 167 0 11 211 90 211 21 255 245 253 248 2 2 2 2 0 0 0 0 1 77 223314 364324 406254 281162 237874 500842 540682 506242 335296 574558 487202 539626 592790 360998 576028 569216 689948 251032 357094 665384 2073600 2073600 3 11 274232 994560 993600 63837 69036 66635 74724 11 11 11 11 218 5 5 5 5 
[ 9578.097863] MESSAGE_B= 0 5 5 30 1 71 192 0 248 179 0 1250 2241 1415 815 1402 2462 1552 979 403 878 783 88 496 903 889 100 0 11 177 92 186 0 254 252 255 253 2 2 2 2 0 0 0 0 1 71 363558 367616 406254 281162 237874 500842 540682 506242 335296 574558 487202 539626 592790 360998 576028 569216 689948 251032 357094 665384 2073600 2073600 3 11 237203 990720 993600 65349 50457 65847 55550 11 11 11 11 111 5 5 5 5 
[ 9578.377856] MESSAGE_B= 0 5 5 25 1 51 192 0 248 179 0 1312 1814 1662 962 1534 2001 1880 1138 479 472 437 381 542 485 464 403 0 31 173 149 185 154 253 255 255 253 0 0 0 0 0 0 0 0 1 51 300156 402092 406254 281162 237874 500842 540682 506242 335296 574558 487202 539626 592790 360998 576028 569216 689948 251032 357094 665384 2073600 2073600 3 11 222032 994560 993600 60104 51121 60953 54052 11 13 11 11 111 5 5 5 5 
[ 9578.659843] MESSAGE_B= 5 5 5 29 0 87 192 0 248 179 0 1234 1820 1618 990 1454 2028 1837 1140 439 528 371 454 514 551 401 496 0 31 169 121 179 104 252 254 255 254 0 0 0 0 0 0 0 0 0 87 335230 307622 406254 281162 237874 500842 540682 506242 335296 574558 487202 539626 592790 360998 576028 569216 689948 251032 357094 665384 2073600 2073600 6 11 191737 990720 993600 52628 55317 53103 53717 11 13 11 14 90 5 5 5 5 
[ 9578.941152] MESSAGE_B= 0 5 5 23 1 59 192 0 248 179 0 1188 1850 1626 1037 1432 2042 1845 1201 552 627 309 454 621 668 329 507 0 31 149 147 138 144 255 255 254 253 0 0 0 0 0 0 0 0 1 59 355758 519792 406254 281162 237874 500842 540682 506242 335296 574558 487202 539626 592790 360998 576028 569216 689948 251032 357094 665384 2073600 2073600 3 11 166424 994560 993600 39921 49518 41033 48833 11 13 11 13 90 5 5 5 5 
[ 9579.220862] MESSAGE_B= 0 5 5 20 0 54 192 0 248 179 0 1269 1953 1522 1063 1532 2127 1724 1236 580 496 389 443 675 521 423 493 0 31 188 104 183 105 255 254 255 255 0 0 0 0 0 0 0 0 0 54 355894 383216 449292 313710 218142 552516 532434 485168 356244 588826 671858 449130 518446 320350 476782 527848 457438 329320 686018 499460 2073600 2073600 3 11 145390 990720 993600 39658 51678 39925 51951 11 13 11 13 90 5 5 5 5 
[ 9579.502884] MESSAGE_B= 0 5 5 23 1 52 192 0 248 179 0 1361 1875 1464 1089 1639 2056 1670 1260 633 304 437 444 733 294 475 485 0 31 188 126 185 119 255 255 255 254 0 0 0 0 0 0 0 0 1 52 374320 482516 449292 313710 218142 552516 532434 485168 356244 588826 671858 449130 518446 320350 476782 527848 457438 329320 686018 499460 2073600 2073600 3 13 135561 994560 993600 41958 49069 36748 50435 0 13 11 13 90 5 5 5 5 
[ 9579.782860] MESSAGE_B= 5 5 5 17 0 65 192 0 248 179 0 1437 1820 1453 1123 1727 1978 1667 1291 670 306 501 455 782 315 553 491 0 31 202 124 197 121 255 252 255 255 0 0 0 0 0 0 0 0 0 65 388778 337168 449292 313710 218142 552516 532434 485168 356244 588826 671858 449130 518446 320350 476782 527848 457438 329320 686018 499460 2073600 2073600 6 0 134990 990720 993600 43337 48819 34318 49937 0 13 11 13 90 5 5 5 5 
[ 9580.060860] MESSAGE_B= 0 5 5 20 1 45 192 0 248 179 0 1529 1756 1411 1185 1787 1955 1623 1354 729 357 467 459 808 366 518 499 0 31 204 124 203 131 255 255 255 255 0 0 0 0 0 0 0 0 1 45 374888 469458 449292 313710 218142 552516 532434 485168 356244 588826 671858 449130 518446 320350 476782 527848 457438 329320 686018 499460 2073600 2073600 3 0 150037 994560 993600 47659 43566 32023 45797 0 0 11 13 84 5 5 5 5 
[ 9580.340099] MESSAGE_B= 5 5 5 16 1 46 192 0 248 179 0 1567 1658 1461 1190 1809 1870 1657 1383 748 511 342 443 808 556 370 496 0 31 190 146 183 153 255 255 254 255 0 0 0 0 0 0 0 0 1 46 377344 285154 449292 313710 218142 552516 532434 485168 356244 588826 671858 449130 518446 320350 476782 527848 457438 329320 686018 499460 2073600 2073600 6 0 157475 990720 993600 50812 44131 34844 42069 0 0 0 13 77 5 5 5 5 
[ 9580.497291] MESSAGE_B= 0 5 5 18 1 50 192 0 248 179 0 1585 1789 1398 1196 1825 2015 1599 1394 750 275 485 438 810 282 537 496 0 31 198 90 197 114 255 251 254 255 0 0 0 0 0 0 0 0 1 50 332906 442206 449292 313710 218142 552516 532434 485168 356244 588826 671858 449130 518446 320350 476782 527848 457438 329320 686018 499460 2073600 2073600 3 0 160062 994560 993600 50071 45296 34979 42572 0 0 0 13 77 5 5 5 5 
[ 9580.775873] MESSAGE_B= 5 5 5 18 1 51 192 0 248 179 0 1614 1781 1409 1215 1861 2001 1605 1416 752 353 453 437 813 381 498 496 0 31 199 115 196 129 255 253 255 255 0 0 0 0 0 0 0 0 1 51 396152 259712 449292 313710 218142 552516 532434 485168 356244 588826 671858 449130 518446 320350 476782 527848 457438 329320 686018 499460 2073600 2073600 6 0 162360 990720 993600 51541 45184 35551 41500 0 0 0 13 66 5 5 5 5 
[ 9581.055864] MESSAGE_B= 0 5 5 18 1 55 192 0 248 179 0 1645 1727 1439 1232 1895 1938 1640 1434 748 503 392 436 815 553 429 496 0 31 197 178 192 188 255 255 255 255 0 0 0 0 0 0 0 0 1 55 378416 423094 449292 313710 218142 552516 532434 485168 356244 588826 671858 449130 518446 320350 476782 527848 457438 329320 686018 499460 2073600 2073600 3 0 166237 994560 993600 52173 46917 36780 40641 0 0 0 13 66 5 5 5 5 
[ 9581.344855] MESSAGE_B= 5 5 5 19 0 62 192 0 248 179 0 1705 1719 1479 1272 1953 1937 1689 1462 750 452 386 431 805 509 431 486 0 31 177 143 175 161 255 253 254 255 0 0 0 0 0 0 0 0 0 62 390670 265000 449292 313710 218142 552516 532434 485168 356244 588826 671858 449130 518446 320350 476782 527848 457438 329320 686018 499460 2073600 2073600 6 0 177284 990720 993600 55381 49127 40099 37714 0 0 0 13 54 5 5 5 5 
[ 9581.628869] MESSAGE_B= 0 5 5 18 0 42 192 0 248 179 0 1758 1734 1443 1324 1994 1971 1678 1491 744 373 315 435 792 418 356 467 0 31 130 104 146 138 255 253 253 255 0 0 0 0 0 0 0 0 0 42 377824 409274 420122 190458 375638 711874 640302 462588 347916 715264 562860 434406 394298 282596 514424 510010 600608 301922 617460 561784 2073600 2073600 3 0 185055 994560 993600 58791 49760 42586 34077 0 0 0 13 54 5 5 5 5 
[ 9581.906863] MESSAGE_B= 5 5 5 16 1 25 192 0 248 179 0 1779 1811 1472 1360 2022 2061 1719 1528 742 275 390 443 785 284 434 462 0 31 125 22 147 74 255 250 253 254 0 0 0 0 0 0 0 0 1 25 395776 289456 420122 190458 375638 711874 640302 462588 347916 715264 562860 434406 394298 282596 514424 510010 600608 301922 617460 561784 2073600 2073600 6 0 193394 990720 993600 59627 52665 44037 37065 0 0 0 0 73 5 5 5 5 
[ 9582.185855] MESSAGE_B= 0 5 5 18 1 32 192 0 248 179 0 1815 1745 1544 1446 2056 1997 1795 1626 731 281 429 398 771 298 456 412 0 31 27 51 49 102 255 250 254 255 0 0 0 0 0 0 0 0 1 32 377520 397922 420122 190458 375638 711874 640302 462588 347916 715264 562860 434406 394298 282596 514424 510010 600608 301922 617460 561784 2073600 2073600 3 0 202133 994560 993600 61440 56010 45168 39515 0 0 0 0 73 5 5 5 5 
[ 9582.465845] MESSAGE_B= 5 5 5 17 1 27 192 0 248 179 0 1803 1671 1515 1412 2042 1918 1751 1589 729 327 457 445 768 362 491 477 0 31 58 111 84 143 255 252 255 255 0 0 0 0 0 0 0 0 1 27 364838 306818 420122 190458 375638 711874 640302 462588 347916 715264 562860 434406 394298 282596 514424 510010 600608 301922 617460 561784 2073600 2073600 6 0 207181 990720 993600 61989 55578 48439 41175 0 0 0 0 73 5 5 5 5 
[ 9582.623866] MESSAGE_B= 0 5 5 18 0 29 192 0 248 179 0 1805 1697 1520 1434 2044 1952 1756 1611 726 258 408 428 769 262 442 462 0 31 57 26 82 76 255 250 254 255 0 0 0 0 0 0 0 0 0 29 304450 417190 420122 190458 375638 711874 640302 462588 347916 715264 562860 434406 394298 282596 514424 510010 600608 301922 617460 561784 2073600 2073600 3 0 202134 994560 993600 61168 53855 47424 39687 0 0 0 0 73 5 5 5 5 
[ 9582.903296] MESSAGE_B= 5 5 5 16 1 27 192 0 248 179 0 1800 1562 1486 1414 2040 1807 1713 1595 727 377 346 445 768 416 376 477 0 31 72 129 94 161 255 253 254 255 0 0 0 0 0 0 0 0 1 27 331994 313662 420122 190458 375638 711874 640302 462588 347916 715264 562860 434406 394298 282596 514424 510010 600608 301922 617460 561784 2073600 2073600 6 0 204631 990720 993600 62236 54412 47488 40495 0 0 0 0 55 5 5 5 5 
[ 9583.182242] MESSAGE_B= 0 5 5 16 1 27 192 0 248 179 0 1808 1590 1488 1420 2046 1834 1713 1599 725 389 504 445 767 432 542 477 0 31 99 134 118 165 255 252 255 255 0 0 0 0 0 0 0 0 1 27 296804 411728 420122 190458 375638 711874 640302 462588 347916 715264 562860 434406 394298 282596 514424 510010 600608 301922 617460 561784 2073600 2073600 3 0 204760 994560 993600 61991 54001 47987 40781 0 0 0 0 30 5 5 5 5 
[ 9583.461857] MESSAGE_B= 5 5 5 36 1 43 192 0 248 179 0 2218 1157 1901 1388 2398 1379 2139 1586 1100 194 418 164 1132 226 469 177 0 31 137 41 139 37 255 255 255 255 0 0 0 0 0 0 0 0 1 43 323292 304018 420122 190458 375638 711874 640302 462588 347916 715264 562860 434406 394298 282596 514424 510010 600608 301922 617460 561784 2073600 2073600 6 0 192314 990720 993600 42867 55836 41853 56606 0 0 0 16 30 5 5 5 5 
[ 9583.742847] MESSAGE_B= 5 5 5 36 1 41 192 0 248 179 0 2224 1187 1906 1401 2403 1400 2161 1599 1099 226 339 178 1131 253 381 187 0 31 163 87 154 97 255 255 254 255 0 0 0 0 0 0 0 0 1 41 709722 263012 420122 190458 375638 711874 640302 462588 347916 715264 562860 434406 394298 282596 514424 510010 600608 301922 617460 561784 2073600 2073600 6 0 188921 994560 993600 43524 52209 41986 52516 0 0 0 16 48 5 5 5 5 
[ 9584.022862] MESSAGE_B= 5 5 5 40 1 42 192 0 248 179 0 2221 1460 1989 1422 2397 1729 2249 1616 1098 262 262 172 1126 288 293 174 0 31 201 17 195 48 255 254 253 253 0 0 0 0 0 0 0 0 1 42 693676 238970 316784 294582 413442 633012 653992 455228 319464 830048 366306 1132430 366590 289818 469820 495362 488940 324176 1106032 1389606 2073600 2073600 6 0 202395 990720 993600 46742 55532 45117 55004 0 0 0 0 49 5 5 5 5 
[ 9584.301850] MESSAGE_B= 5 5 5 36 1 45 192 0 248 179 0 2206 1526 1996 1476 2378 1779 2249 1690 1073 360 440 222 1102 409 476 248 0 31 177 50 182 71 255 255 255 253 0 0 0 0 0 0 0 0 1 45 662444 224046 316784 294582 413442 633012 653992 455228 319464 830048 366306 1132430 366590 289818 469820 495362 488940 324176 1106032 1389606 2073600 2073600 6 0 221950 994560 993600 52323 59816 52433 57378 0 0 0 0 49 5 5 5 5 
[ 9584.581867] MESSAGE_B= 5 5 5 31 1 45 192 0 248 179 0 2239 1476 2041 1456 2423 1738 2277 1671 1065 358 534 278 1085 417 587 312 0 31 166 28 168 35 255 255 255 255 0 0 0 0 0 0 0 0 1 45 629614 266942 316784 294582 413442 633012 653992 455228 319464 830048 366306 1132430 366590 289818 469820 495362 488940 324176 1106032 1389606 2073600 2073600 6 0 225272 990720 993600 54632 60274 54103 56263 0 0 0 0 25 5 5 5 5 
[ 9584.860449] MESSAGE_B= 5 5 5 33 1 41 192 0 248 179 0 2222 1358 2071 1446 2404 1611 2317 1660 1088 314 572 278 1116 362 635 315 0 31 167 58 169 59 255 255 255 255 0 0 0 0 0 0 0 0 1 41 676768 260146 316784 294582 413442 633012 653992 455228 319464 830048 366306 1132430 366590 289818 469820 495362 488940 324176 1106032 1389606 2073600 2073600 6 0 211160 994560 993600 47697 60282 47253 55928 0 0 0 0 19 5 5 5 5 
[ 9585.018395] MESSAGE_B= 5 5 5 34 1 39 192 0 248 179 0 2222 1287 2052 1454 2399 1524 2304 1666 1097 301 574 265 1133 349 635 307 0 31 157 67 163 80 255 255 255 255 0 0 0 0 0 0 0 0 1 39 676566 270842 316784 294582 413442 633012 653992 455228 319464 830048 366306 1132430 366590 289818 469820 495362 488940 324176 1106032 1389606 2073600 2073600 6 0 202956 990720 993600 44496 59757 43175 55528 0 0 0 0 22 5 5 5 5 
[ 9585.296856] MESSAGE_B= 5 5 5 34 1 40 192 0 248 179 0 2217 1239 1984 1451 2394 1468 2229 1661 1099 266 545 213 1134 310 605 239 0 31 140 41 148 33 255 255 255 255 0 0 0 0 0 0 0 0 1 40 729556 258040 316784 294582 413442 633012 653992 455228 319464 830048 366306 1132430 366590 289818 469820 495362 488940 324176 1106032 1389606 2073600 2073600 6 0 199101 994560 993600 43286 58775 42561 54971 0 0 0 16 22 5 5 5 5 
[ 9585.578845] MESSAGE_B= 5 5 5 35 1 44 192 0 248 179 0 2306 977 1360 1387 2365 1269 1533 1612 1009 167 111 164 1013 174 114 160 0 0 120 21 103 28 255 214 232 253 2 0 2 2 0 0 0 0 1 44 683680 266486 316784 294582 413442 633012 653992 455228 319464 830048 366306 1132430 366590 289818 469820 495362 488940 324176 1106032 1389606 2073600 2073600 6 0 230430 990720 993600 45138 72121 46383 66788 0 0 0 0 37 5 5 5 5 
[ 9585.857890] MESSAGE_B= 5 5 5 8 1 65 192 0 248 179 0 1704 967 1178 1306 2240 1355 1331 1552 547 261 252 217 749 262 282 284 0 0 125 99 61 41 234 204 228 217 2 0 2 0 0 0 0 0 1 65 704122 265528 316784 294582 413442 633012 653992 455228 319464 830048 366306 1132430 366590 289818 469820 495362 488940 324176 1106032 1389606 2073600 2073600 6 0 308501 994560 993600 69168 84478 70662 84193 0 0 0 0 45 5 5 5 5 
[ 9586.135862] MESSAGE_B= 5 5 5 12 1 80 192 0 248 179 0 1292 1035 999 1292 1828 1234 1067 1539 359 331 355 265 881 392 456 369 0 0 159 57 171 93 231 247 241 209 2 2 2 0 2 0 0 0 1 80 333106 197628 316784 294582 413442 633012 653992 455228 319464 830048 366306 1132430 366590 289818 469820 495362 488940 324176 1106032 1389606 2073600 2073600 6 0 271718 990720 993600 66902 67122 67499 70195 0 0 0 0 45 5 5 5 5 
[ 9586.413856] MESSAGE_B= 5 5 5 13 0 81 192 0 248 179 0 1304 1161 1305 1278 1824 1391 1613 1514 376 362 413 268 877 462 538 347 0 0 42 39 20 38 231 240 239 205 2 0 2 0 2 0 0 0 0 81 278678 275850 425950 260114 102462 356838 419798 359062 257750 282532 416868 461522 258314 405358 1063952 1401880 1289912 887818 604898 555988 2073600 2073600 6 0 278399 994560 993600 66763 71469 65819 74348 0 0 0 0 37 5 5 5 5 
[ 9586.692433] MESSAGE_B= 5 5 5 12 1 74 192 0 248 179 0 1302 1122 1119 1311 1887 1381 1355 1529 359 353 359 271 903 442 474 351 0 0 127 62 112 51 231 250 239 213 2 2 2 0 2 0 0 0 1 74 326932 179464 425950 260114 102462 356838 419798 359062 257750 282532 416868 461522 258314 405358 1063952 1401880 1289912 887818 604898 555988 2073600 2073600 6 0 283977 990720 993600 65138 76848 63732 78259 0 0 0 0 37 5 5 5 5 
[ 9586.970858] MESSAGE_B= 0 5 5 12 1 79 192 0 248 179 0 1297 1159 1086 1318 1782 1377 1300 1546 354 359 330 273 841 418 414 350 0 0 119 61 107 66 235 251 231 210 2 2 2 2 2 0 0 0 1 79 305300 333996 425950 260114 102462 356838 419798 359062 257750 282532 416868 461522 258314 405358 1063952 1401880 1289912 887818 604898 555988 2073600 2073600 3 0 284154 994560 993600 64560 77454 63579 78561 0 0 0 0 29 5 5 5 5 
[ 9587.128855] MESSAGE_B= 5 5 5 12 0 80 192 0 248 179 0 1293 1167 1116 1320 1860 1391 1408 1556 353 357 343 265 888 415 437 356 0 0 93 51 53 56 232 251 213 208 2 2 2 0 2 0 0 0 0 80 340772 204488 425950 260114 102462 356838 419798 359062 257750 282532 416868 461522 258314 405358 1063952 1401880 1289912 887818 604898 555988 2073600 2073600 6 0 281926 990720 993600 63315 77841 62121 78649 0 0 0 0 29 5 5 5 5 
[ 9587.408863] MESSAGE_B= 0 5 5 13 1 79 192 0 248 179 0 1298 1158 1142 1329 1831 1385 1395 1569 369 368 339 269 885 435 514 352 0 0 122 73 65 62 228 251 204 208 2 2 2 2 2 0 0 0 1 79 315414 340362 425950 260114 102462 356838 419798 359062 257750 282532 416868 461522 258314 405358 1063952 1401880 1289912 887818 604898 555988 2073600 2073600 3 0 283146 994560 993600 63187 78507 62190 79262 0 0 0 0 16 5 5 5 5 
[ 9587.695896] MESSAGE_B= 5 5 5 12 1 72 192 0 248 179 0 1292 1165 1151 1317 1822 1381 1369 1566 352 356 350 272 873 416 527 352 0 0 77 57 57 61 231 250 232 208 2 2 2 0 2 0 0 0 1 72 332414 201530 425950 260114 102462 356838 419798 359062 257750 282532 416868 461522 258314 405358 1063952 1401880 1289912 887818 604898 555988 2073600 2073600 6 0 281560 990720 993600 63333 76793 62121 79313 0 0 0 0 25 5 5 5 5 
[ 9587.973864] MESSAGE_B= 0 5 5 12 1 72 192 0 248 179 0 1295 1272 1110 1302 1815 1474 1248 1558 359 528 359 272 864 549 502 357 0 0 154 1 151 6 233 252 230 213 2 2 2 0 2 0 0 0 1 72 309594 335922 425950 260114 102462 356838 419798 359062 257750 282532 416868 461522 258314 405358 1063952 1401880 1289912 887818 604898 555988 2073600 2073600 3 0 280216 994560 993600 62345 77003 61458 79410 0 0 0 0 32 5 5 5 5 
[ 9588.253292] MESSAGE_B= 5 5 5 12 1 78 192 0 248 179 0 1299 1222 1228 1337 1819 1444 1445 1594 370 376 446 259 871 434 565 350 0 0 129 92 128 76 231 248 243 203 2 2 2 2 2 0 0 0 1 78 330520 195178 425950 260114 102462 356838 419798 359062 257750 282532 416868 461522 258314 405358 1063952 1401880 1289912 887818 604898 555988 2073600 2073600 6 0 280847 990720 993600 62785 75078 61861 81123 0 0 0 0 34 5 5 5 5 
[ 9588.533850] MESSAGE_B= 5 5 5 12 1 71 192 0 248 179 0 1292 1204 1200 1298 1814 1428 1366 1564 351 394 432 272 872 446 519 367 0 0 121 86 136 71 231 250 249 211 2 2 2 0 2 0 0 0 1 71 371942 337336 425950 260114 102462 356838 419798 359062 257750 282532 416868 461522 258314 405358 1063952 1401880 1289912 887818 604898 555988 2073600 2073600 6 0 275545 994560 993600 63522 72087 62588 77348 0 0 0 0 34 5 5 5 5 
[ 9588.811862] MESSAGE_B= 5 5 5 12 1 75 192 0 248 179 0 1300 1224 1237 1287 1804 1424 1431 1512 373 480 373 271 865 524 471 355 0 0 85 18 81 35 229 250 234 208 2 0 2 0 2 0 0 0 1 75 352556 178626 404680 137230 76870 427970 441664 442026 168120 410436 391006 538272 295394 324578 482338 554426 575252 450582 440474 624090 2073600 2073600 6 0 272008 990720 993600 66500 68444 65692 71372 0 0 0 0 35 5 5 5 5 
[ 9589.090983] MESSAGE_B= 0 5 5 13 1 75 192 0 248 179 0 1304 1080 1185 1310 1817 1287 1365 1534 376 349 347 274 881 415 420 358 0 0 83 72 62 91 228 249 232 207 2 2 2 0 2 0 0 0 1 75 305710 344868 404680 137230 76870 427970 441664 442026 168120 410436 391006 538272 295394 324578 482338 554426 575252 450582 440474 624090 2073600 2073600 3 0 274860 994560 993600 67781 67970 67105 72004 0 0 0 0 35 5 5 5 5 
[ 9589.251859] MESSAGE_B= 5 5 5 14 1 75 192 0 248 179 0 1300 1070 1010 1312 1821 1288 1091 1535 376 348 375 273 884 422 467 349 0 0 152 62 157 85 227 249 240 205 2 2 2 0 2 0 0 0 1 75 310988 176454 404680 137230 76870 427970 441664 442026 168120 410436 391006 538272 295394 324578 482338 554426 575252 450582 440474 624090 2073600 2073600 6 0 276283 990720 993600 69337 67375 68646 70925 0 0 0 0 35 5 5 5 5 
[ 9589.529860] MESSAGE_B= 0 5 5 15 0 78 192 0 248 179 0 1293 1072 995 1308 1803 1278 1051 1529 353 331 346 269 865 398 439 353 0 0 142 59 169 80 233 250 245 205 2 2 2 0 2 0 0 0 0 78 283646 329314 404680 137230 76870 427970 441664 442026 168120 410436 391006 538272 295394 324578 482338 554426 575252 450582 440474 624090 2073600 2073600 3 0 267794 994560 993600 68726 63730 68107 67231 0 0 0 0 20 5 5 5 5 
[ 9589.806857] MESSAGE_B= 5 5 5 14 0 76 192 0 248 179 0 1294 1122 1021 1301 1812 1315 1112 1526 356 330 340 267 870 397 442 346 0 0 146 64 158 81 231 247 244 209 2 0 2 0 2 0 0 0 0 76 303854 188356 404680 137230 76870 427970 441664 442026 168120 410436 391006 538272 295394 324578 482338 554426 575252 450582 440474 624090 2073600 2073600 6 0 273054 990720 993600 68349 66560 67765 70380 0 0 0 0 24 5 5 5 5 
[ 9590.085875] MESSAGE_B= 0 5 5 14 0 76 192 0 248 179 0 1303 1187 1101 1294 1788 1395 1260 1516 375 362 372 274 868 427 469 349 0 0 138 75 151 74 232 249 241 206 2 0 2 0 2 0 0 0 0 76 284780 330552 404680 137230 76870 427970 441664 442026 168120 410436 391006 538272 295394 324578 482338 554426 575252 450582 440474 624090 2073600 2073600 3 0 274553 994560 993600 66568 68575 66058 73352 0 0 0 0 24 5 5 5 5 
[ 9590.366022] MESSAGE_B= 5 5 5 13 1 76 192 0 248 179 0 1294 1205 1111 1280 1801 1399 1246 1511 356 341 371 266 875 398 458 349 0 0 126 85 142 113 233 249 249 207 2 0 2 0 2 0 0 0 1 76 303654 194790 404680 137230 76870 427970 441664 442026 168120 410436 391006 538272 295394 324578 482338 554426 575252 450582 440474 624090 2073600 2073600 6 0 272855 990720 993600 65772 68662 65186 73235 0 0 0 0 23 5 5 5 5 
[ 9590.644858] MESSAGE_B= 0 5 5 13 0 77 192 0 248 179 0 1300 1117 1146 1306 1811 1337 1408 1534 372 370 367 270 878 429 520 359 0 0 117 82 62 78 229 249 227 205 2 2 2 0 2 0 0 0 0 77 300668 340270 404680 137230 76870 427970 441664 442026 168120 410436 391006 538272 295394 324578 482338 554426 575252 450582 440474 624090 2073600 2073600 3 0 275307 994560 993600 67569 69161 67013 71564 0 0 0 0 28 5 5 5 5 
[ 9590.801855] MESSAGE_B= 5 5 5 13 1 78 192 0 248 179 0 1295 1103 972 1300 1818 1300 1013 1528 352 352 418 268 874 414 488 355 0 0 146 58 151 83 230 250 248 211 2 2 2 0 2 0 0 0 1 78 305664 176708 404680 137230 76870 427970 441664 442026 168120 410436 391006 538272 295394 324578 482338 554426 575252 450582 440474 624090 2073600 2073600 6 0 276545 990720 993600 67774 69198 67098 72475 0 0 0 0 30 5 5 5 5 
[ 9591.082852] MESSAGE_B= 0 5 5 14 1 74 192 0 248 179 0 1301 1067 983 1312 1824 1292 1031 1528 375 365 391 274 886 436 490 352 0 0 139 59 143 76 228 251 240 206 2 2 2 0 2 0 0 0 1 74 290240 337504 457014 141018 73102 404292 387140 437538 165274 403784 445354 471650 293330 269198 491406 519134 522626 395366 357728 475820 2073600 2073600 3 0 274414 994560 993600 69565 66782 69043 69024 0 0 0 0 30 5 5 5 5 
[ 9591.362854] MESSAGE_B= 5 5 5 14 0 77 192 0 248 179 0 1296 1054 1028 1297 1943 1243 1194 1517 358 384 350 271 902 425 443 350 0 0 127 59 112 84 232 250 244 209 2 2 2 0 2 0 0 0 0 77 307588 205744 457014 141018 73102 404292 387140 437538 165274 403784 445354 471650 293330 269198 491406 519134 522626 395366 357728 475820 2073600 2073600 6 0 277703 990720 993600 68089 69771 68078 71765 0 0 0 0 28 5 5 5 5 
[ 9591.649850] MESSAGE_B= 0 5 5 13 0 78 192 0 248 179 0 1308 1226 1089 1316 1935 1421 1285 1544 381 370 350 267 879 434 443 355 0 0 76 93 70 73 231 229 233 205 2 2 2 0 2 0 0 0 0 78 297372 331106 457014 141018 73102 404292 387140 437538 165274 403784 445354 471650 293330 269198 491406 519134 522626 395366 357728 475820 2073600 2073600 3 0 284359 994560 993600 64229 76642 64240 79248 0 0 0 0 42 5 5 5 5 
[ 9591.926898] MESSAGE_B= 5 5 5 12 0 76 192 0 248 179 0 1310 1140 1183 1319 1987 1351 1377 1578 361 379 413 270 917 422 500 356 0 0 94 58 112 67 232 253 242 207 2 2 2 0 2 0 0 0 0 76 342464 194864 457014 141018 73102 404292 387140 437538 165274 403784 445354 471650 293330 269198 491406 519134 522626 395366 357728 475820 2073600 2073600 6 0 282598 990720 993600 61606 79418 61041 80533 0 0 0 0 42 5 5 5 5 
[ 9592.203874] MESSAGE_B= 5 5 5 12 0 84 192 0 248 179 0 1324 1146 1253 1315 1925 1346 1531 1576 371 385 472 268 909 420 616 348 0 0 78 62 62 79 236 253 237 211 2 2 2 2 2 0 0 0 0 84 367010 345114 457014 141018 73102 404292 387140 437538 165274 403784 445354 471650 293330 269198 491406 519134 522626 395366 357728 475820 2073600 2073600 6 0 282553 994560 993600 61592 79031 61418 80512 0 0 0 0 41 5 5 5 5 
[ 9592.484847] MESSAGE_B= 5 5 5 12 0 80 192 0 248 179 0 1323 1134 1257 1322 1914 1360 1528 1595 388 376 480 270 903 442 636 341 0 0 89 68 82 74 233 252 242 211 2 2 2 2 2 0 0 0 0 80 390032 204306 457014 141018 73102 404292 387140 437538 165274 403784 445354 471650 293330 269198 491406 519134 522626 395366 357728 475820 2073600 2073600 6 0 283522 990720 993600 61922 78968 61560 81072 0 0 0 0 23 5 5 5 5 
[ 9592.766845] MESSAGE_B= 5 5 5 12 0 79 192 0 248 179 0 1315 1132 1235 1312 1922 1343 1504 1594 364 379 463 269 905 412 605 357 0 0 104 64 85 75 235 251 242 211 2 2 2 2 2 0 0 0 0 79 356006 330052 457014 141018 73102 404292 387140 437538 165274 403784 445354 471650 293330 269198 491406 519134 522626 395366 357728 475820 2073600 2073600 6 0 281176 994560 993600 61926 78100 61248 79902 0 0 0 0 15 5 5 5 5 
[ 9593.043862] MESSAGE_B= 5 5 5 12 1 76 192 0 248 179 0 1310 1179 1259 1325 2063 1412 1643 1593 384 362 460 263 951 425 600 335 0 0 97 71 62 71 231 247 246 207 2 2 2 2 2 0 0 0 1 76 370662 196056 457014 141018 73102 404292 387140 437538 165274 403784 445354 471650 293330 269198 491406 519134 522626 395366 357728 475820 2073600 2073600 6 0 284572 990720 993600 62653 79235 61753 80931 0 0 0 0 20 5 5 5 5 
[ 9593.200884] MESSAGE_B= 5 5 5 12 0 77 192 0 248 179 0 1302 1165 1258 1324 2068 1397 1618 1583 368 347 464 264 945 400 603 336 0 0 90 59 44 68 232 251 245 210 2 2 2 0 2 0 0 0 0 77 351302 331514 457014 141018 73102 404292 387140 437538 165274 403784 445354 471650 293330 269198 491406 519134 522626 395366 357728 475820 2073600 2073600 6 0 285811 994560 993600 63153 78898 62520 81240 0 0 0 0 22 5 5 5 5 
[ 9593.478857] MESSAGE_B= 5 5 5 11 1 75 192 0 248 179 0 1311 1198 1318 1287 1965 1423 1603 1565 378 379 464 260 934 438 583 346 0 0 92 61 61 63 229 248 243 212 2 2 2 2 2 0 0 0 1 75 352160 180558 404832 142170 72054 425754 417022 424650 188722 393646 427046 556180 264946 266242 496822 564970 673978 453368 400560 590178 2073600 2073600 6 0 282342 990720 993600 62279 78265 61476 80322 0 0 0 0 22 5 5 5 5 
[ 9593.765556] MESSAGE_B= 0 5 5 11 1 77 192 0 248 179 0 1306 1184 1306 1271 1948 1412 1590 1548 362 359 450 263 921 422 583 337 0 0 89 50 65 66 235 250 244 209 2 2 2 2 2 0 0 0 1 77 337454 339512 404832 142170 72054 425754 417022 424650 188722 393646 427046 556180 264946 266242 496822 564970 673978 453368 400560 590178 2073600 2073600 3 0 281731 994560 993600 62114 77932 61450 80235 0 0 0 0 22 5 5 5 5 
