[ 8598.488856] MESSAGE_B= 4 4 0 5 20 1 192 0 248 179 0 1436 1402 1368 1339 2203 1545 2059 1464 260 235 232 219 225 151 229 152 0 31 255 255 251 249 220 9 220 25 0 0 0 0 0 0 0 0 20 1 113758 469984 174536 384422 853728 446262 2 2 2 101706 194094 140324 117204 203192 153768 2 2 36648 159070 139816 2073600 2073600 4 11 135118 994560 993600 37807 31367 44526 31078 9 8 11 11 50 4 4 4 4 
[ 8598.775854] MESSAGE_B= 4 4 0 4 12 1 192 0 248 179 0 1061 1247 1085 1270 1177 1046 1222 1085 285 303 264 280 631 466 584 448 0 31 254 255 254 255 228 167 229 162 0 0 0 0 0 0 0 0 12 1 156572 358868 174536 384422 853728 446262 2 2 2 101706 194094 140324 117204 203192 153768 2 2 36648 159070 139816 2073600 2073600 4 12 184209 990720 993600 50916 39830 49678 43785 12 12 12 12 56 4 4 4 4 
[ 8599.061186] MESSAGE_B= 4 4 4 38 16 1 192 0 248 179 0 1195 1172 1219 1192 1133 1043 1148 1063 403 340 373 311 521 475 515 437 0 31 255 255 255 255 219 148 223 136 0 0 0 0 0 0 0 0 16 1 146802 440976 402376 212518 2 2 2 2 544750 861132 673862 474266 13006 2 2 2 2 353354 276870 134442 2073600 2073600 4 12 193169 994560 993600 45619 39654 56313 51583 12 12 12 12 56 4 4 4 4 
[ 8599.216886] MESSAGE_B= 4 4 4 35 14 0 192 0 248 179 0 1256 1198 1302 1229 1271 1023 1326 1064 519 244 502 223 637 365 606 343 0 31 255 254 254 254 245 108 245 99 0 0 0 0 0 0 0 0 14 0 300902 535866 402376 212518 2 2 2 2 544750 861132 673862 474266 13006 2 2 2 2 353354 276870 134442 2073600 2073600 4 12 165482 990720 993600 46653 37761 44887 36181 12 12 12 12 23 4 4 4 4 
[ 8599.499852] MESSAGE_B= 4 4 4 41 14 0 192 0 248 179 0 1266 1174 1311 1201 1239 961 1296 1007 500 226 483 208 641 354 613 335 0 31 255 254 254 254 243 131 241 117 0 0 0 0 0 0 0 0 14 0 283106 436388 402376 212518 2 2 2 2 544750 861132 673862 474266 13006 2 2 2 2 353354 276870 134442 2073600 2073600 4 12 179348 994560 993600 49105 39501 49546 41196 12 12 12 12 37 4 4 4 4 
[ 8599.775861] MESSAGE_B= 4 4 4 41 11 1 192 0 248 179 0 1073 1269 1113 1293 1212 972 1247 1027 276 301 267 272 636 454 635 425 0 31 255 255 255 254 180 187 174 187 0 0 0 0 0 0 0 0 11 1 266240 458128 402376 212518 2 2 2 2 544750 861132 673862 474266 13006 2 2 2 2 353354 276870 134442 2073600 2073600 4 12 207438 990720 993600 50737 43911 58427 54363 12 12 12 12 38 4 4 4 4 
[ 8600.056858] MESSAGE_B= 4 4 4 46 9 1 192 0 248 179 0 1447 1590 1385 1494 1569 1673 1478 1614 301 352 342 355 542 429 556 414 0 12 237 245 248 252 101 62 101 91 0 0 0 0 2 2 2 2 9 1 255258 506390 402376 212518 2 2 2 2 544750 861132 673862 474266 13006 2 2 2 2 353354 276870 134442 2073600 2073600 4 12 218545 994560 993600 46431 37812 69159 67269 12 8 12 12 38 4 4 4 4 
[ 8600.331104] MESSAGE_B= 4 4 4 47 9 1 192 0 248 179 0 1381 1219 1423 1236 1263 954 1312 988 449 254 435 227 633 404 620 380 0 31 255 255 254 255 223 81 212 76 0 0 0 0 0 0 0 0 9 1 306938 564720 402376 212518 2 2 2 2 544750 861132 673862 474266 13006 2 2 2 2 353354 276870 134442 2073600 2073600 4 12 196036 990720 993600 44388 36799 59499 55350 12 12 12 12 33 4 4 4 4 
[ 8600.612858] MESSAGE_B= 4 4 4 53 9 1 192 0 248 179 0 1178 1412 1218 1417 1441 1122 1487 1145 261 336 241 306 627 424 613 418 0 31 253 255 254 255 167 116 148 115 0 0 0 0 0 0 0 0 9 1 234266 395818 402376 212518 2 2 2 2 544750 861132 673862 474266 13006 2 2 2 2 353354 276870 134442 2073600 2073600 4 12 155671 994560 993600 42464 37301 39483 36423 12 12 12 12 37 4 4 4 4 
[ 8600.897038] MESSAGE_B= 0 4 4 48 8 1 192 0 248 179 0 1189 1448 1235 1454 1587 1277 1640 1297 255 332 239 309 481 301 454 293 0 31 255 255 253 252 168 123 151 113 0 0 0 0 0 0 0 0 8 1 240704 490044 402376 212518 2 2 2 2 544750 861132 673862 474266 13006 2 2 2 2 353354 276870 134442 2073600 2073600 2 8 113601 990720 993600 40291 34742 32516 31891 12 12 8 8 43 4 4 4 4 
[ 8601.050850] MESSAGE_B= 0 4 4 35 7 1 192 0 248 179 0 1236 1315 1285 1329 1368 1310 1422 1317 308 273 293 257 328 310 305 295 0 31 255 254 253 255 72 75 58 78 0 0 0 0 0 0 0 0 7 1 206154 467810 402376 212518 2 2 2 2 544750 861132 673862 474266 13006 2 2 2 2 353354 276870 134442 2073600 2073600 2 12 144286 994560 993600 42151 35325 35627 31183 12 12 12 12 43 4 4 4 4 
[ 8601.335922] MESSAGE_B= 0 4 4 37 8 1 192 0 248 179 0 1381 1258 1434 1281 1449 1154 1503 1184 420 190 416 184 328 250 300 230 0 31 255 254 253 253 213 11 195 15 0 0 0 0 0 0 0 0 8 1 137198 294130 510064 476682 187538 299636 547440 264222 835668 590966 657234 387688 39582 46902 511846 352834 342188 113062 115470 297642 2073600 2073600 2 12 137216 990720 993600 43097 35951 30931 27237 12 12 12 12 43 4 4 4 4 
[ 8601.614860] MESSAGE_B= 0 4 4 38 7 1 192 0 248 179 0 1150 1383 1210 1400 1618 1237 1678 1269 236 261 227 242 426 251 387 233 0 31 254 255 253 254 129 65 112 64 0 0 0 0 0 0 0 0 7 1 208122 408002 510064 476682 187538 299636 547440 264222 835668 590966 657234 387688 39582 46902 511846 352834 342188 113062 115470 297642 2073600 2073600 2 8 153721 994560 993600 38155 41664 36992 40595 12 8 8 8 75 4 4 4 4 
[ 8601.894945] MESSAGE_B= 4 4 4 42 10 1 192 0 248 179 0 1229 1486 1290 1493 1726 1322 1795 1347 232 263 220 243 450 279 385 252 0 31 255 255 254 254 120 49 113 45 0 0 0 0 0 0 0 0 10 1 142880 358404 510064 476682 187538 299636 547440 264222 835668 590966 657234 387688 39582 46902 511846 352834 342188 113062 115470 297642 2073600 2073600 4 8 108033 990720 993600 37654 32557 27130 27995 12 12 8 8 75 4 4 4 4 
[ 8602.173855] MESSAGE_B= 4 4 4 36 17 1 192 0 248 179 0 1395 1436 1441 1445 1523 1430 1576 1438 242 218 222 196 361 389 319 345 0 31 254 255 254 255 34 57 27 56 0 0 0 0 0 0 0 0 17 1 172540 477674 510064 476682 187538 299636 547440 264222 835668 590966 657234 387688 39582 46902 511846 352834 342188 113062 115470 297642 2073600 2073600 4 12 103710 994560 993600 34030 28751 22604 19911 12 12 12 13 53 4 4 4 4 
[ 8602.456492] MESSAGE_B= 4 4 4 33 17 1 192 0 248 179 0 1467 1678 1375 1581 1631 2001 1317 1884 238 208 220 197 225 159 277 166 0 31 249 247 244 227 98 56 115 33 0 0 0 0 0 0 0 0 17 1 106908 358486 510064 476682 187538 299636 547440 264222 835668 590966 657234 387688 39582 46902 511846 352834 342188 113062 115470 297642 2073600 2073600 4 11 177348 990720 993600 55147 44920 42252 35029 11 11 11 11 214 4 4 4 4 
[ 8602.622107] MESSAGE_B= 4 4 4 3 18 1 192 0 248 179 0 1382 1740 1297 1592 1237 2053 1084 1917 322 232 274 227 308 222 303 253 0 31 250 241 251 224 58 20 61 66 0 0 0 0 0 0 0 0 18 1 142022 400062 510064 476682 187538 299636 547440 264222 835668 590966 657234 387688 39582 46902 511846 352834 342188 113062 115470 297642 2073600 2073600 4 11 158079 994560 993600 51024 42811 37533 39665 11 11 11 12 214 4 4 4 4 
[ 8602.909880] MESSAGE_B= 4 4 4 5 38 1 192 0 248 179 0 1511 1496 1440 1393 1167 1925 1061 1760 189 240 178 230 241 144 205 159 0 31 251 254 223 228 83 5 99 14 0 0 0 0 0 0 0 0 38 1 172726 296634 510064 476682 187538 299636 547440 264222 835668 590966 657234 387688 39582 46902 511846 352834 342188 113062 115470 297642 2073600 2073600 4 12 120122 990720 993600 20395 21822 41568 42492 0 0 12 12 110 4 4 4 4 
[ 8603.189847] MESSAGE_B= 4 4 4 32 13 1 192 0 248 179 0 1124 1550 1183 1607 1861 1373 1788 1354 189 329 216 346 278 217 310 245 0 31 249 255 250 243 61 57 83 89 0 0 0 0 0 0 0 0 13 1 99294 348622 510064 476682 187538 299636 547440 264222 835668 590966 657234 387688 39582 46902 511846 352834 342188 113062 115470 297642 2073600 2073600 4 12 106640 994560 993600 30815 37307 25401 25001 12 6 12 12 93 4 4 4 4 
[ 8603.475677] MESSAGE_B= 4 4 4 30 14 1 192 0 248 179 0 1252 1659 1305 1708 1915 1440 1806 1492 208 327 219 332 225 193 252 202 0 31 251 255 233 234 78 16 69 21 0 0 0 0 0 0 0 0 14 1 82834 399302 510064 476682 187538 299636 547440 264222 835668 590966 657234 387688 39582 46902 511846 352834 342188 113062 115470 297642 2073600 2073600 4 12 90732 990720 993600 27207 24967 24477 25668 12 6 12 8 34 4 4 4 4 
[ 8603.763210] MESSAGE_B= 4 4 4 39 19 1 192 0 248 179 0 1003 1312 1076 1377 855 1452 915 1476 403 256 422 278 361 435 387 483 0 31 255 252 255 254 227 176 225 192 0 0 0 0 0 0 0 0 19 1 110304 423488 385432 451834 276166 530276 504942 564258 218150 732224 496210 150098 33002 48894 268762 276226 212474 112422 108322 108736 2073600 2073600 4 0 145082 994560 993600 37673 33242 39810 42145 12 0 0 0 33 4 4 4 4 
[ 8604.005976] MESSAGE_B= 4 4 4 22 23 1 192 0 248 179 0 1090 1302 1173 1362 908 1387 976 1424 333 223 354 231 426 341 452 401 0 31 254 253 255 254 203 126 211 142 0 0 0 0 0 0 0 0 23 1 78774 502910 385432 451834 276166 530276 504942 564258 218150 732224 496210 150098 33002 48894 268762 276226 212474 112422 108322 108736 2073600 2073600 4 0 136071 990720 993600 33846 32394 39291 40390 11 11 0 0 28 4 4 4 4 
[ 8604.286860] MESSAGE_B= 4 4 4 33 37 1 192 0 248 179 0 703 1456 708 1488 683 1737 675 1794 154 199 149 201 176 585 172 590 0 31 255 252 252 255 49 33 87 17 0 0 0 0 0 0 0 0 37 1 152744 526520 385432 451834 276166 530276 504942 564258 218150 732224 496210 150098 33002 48894 268762 276226 212474 112422 108322 108736 2073600 2073600 4 12 226993 994560 993600 62023 61617 51940 51413 12 12 12 12 36 4 4 4 4 
[ 8604.565851] MESSAGE_B= 4 0 4 60 44 1 192 0 248 179 0 1668 2130 1466 1833 1269 2199 1294 2127 142 143 231 308 533 206 642 114 0 31 172 136 251 116 215 31 119 90 0 0 0 0 0 0 0 0 44 1 92446 244940 385432 451834 276166 530276 504942 564258 218150 732224 496210 150098 33002 48894 268762 276226 212474 112422 108322 108736 2073600 2073600 4 14 157209 990720 993600 41702 51216 50071 51198 14 14 13 13 209 4 0 0 0 
[ 8604.723875] MESSAGE_B= 4 0 4 70 61 1 192 0 248 179 0 1856 2112 1648 1810 1436 2232 1462 2151 203 162 176 239 448 372 598 169 0 31 144 47 253 214 57 53 72 65 0 0 0 0 0 0 0 0 61 1 43874 242250 385432 451834 276166 530276 504942 564258 218150 732224 496210 150098 33002 48894 268762 276226 212474 112422 108322 108736 2073600 2073600 4 14 136834 994560 993600 37990 46199 40078 42319 14 14 13 13 209 4 0 0 0 
[ 8605.006857] MESSAGE_B= 4 4 4 63 28 1 192 0 248 179 0 1889 2262 1948 2200 1788 2098 1449 1870 170 201 97 208 337 208 370 255 0 31 161 236 251 246 19 28 127 119 0 0 0 0 0 0 0 0 28 1 140922 461350 385432 451834 276166 530276 504942 564258 218150 732224 496210 150098 33002 48894 268762 276226 212474 112422 108322 108736 2073600 2073600 4 15 112130 990720 993600 43962 37396 32471 36771 15 16 0 13 209 4 4 4 4 
[ 8605.284853] MESSAGE_B= 0 4 4 76 18 1 192 0 248 179 0 1504 1377 1541 1398 1446 1248 1481 1274 253 223 235 203 432 362 379 332 0 31 251 255 255 254 147 47 127 23 0 0 0 0 0 0 0 0 18 1 220690 203958 385432 451834 276166 530276 504942 564258 218150 732224 496210 150098 33002 48894 268762 276226 212474 112422 108322 108736 2073600 2073600 2 12 111905 994560 993600 35348 30978 25079 26503 12 12 0 13 123 4 4 4 4 
[ 8605.566573] MESSAGE_B= 4 4 4 30 18 1 192 0 248 179 0 1519 1432 1569 1448 1524 1295 1551 1320 269 213 257 206 483 362 411 328 0 31 253 254 255 255 109 58 103 42 0 0 0 0 0 0 0 0 18 1 116360 356484 385432 451834 276166 530276 504942 564258 218150 732224 496210 150098 33002 48894 268762 276226 212474 112422 108322 108736 2073600 2073600 4 12 92804 990720 993600 30377 24493 30030 27445 12 12 0 0 116 4 4 4 4 
[ 8605.846871] MESSAGE_B= 4 4 4 31 14 1 192 0 248 179 0 1386 1317 1445 1340 1433 1190 1461 1220 252 226 248 212 506 363 437 327 0 31 254 255 255 255 129 58 124 43 0 0 0 0 0 0 0 0 14 1 147692 378832 385432 451834 276166 530276 504942 564258 218150 732224 496210 150098 33002 48894 268762 276226 212474 112422 108322 108736 2073600 2073600 4 12 155686 994560 993600 42603 39004 39143 37694 12 12 12 13 33 4 4 4 4 
[ 8606.126894] MESSAGE_B= 4 4 4 65 19 0 192 0 248 179 0 1412 1412 1479 1422 1450 1214 1474 1238 214 249 210 233 531 368 458 330 0 31 253 255 255 255 126 56 114 47 0 0 0 0 0 0 0 0 19 0 139110 544334 349042 738382 308070 309922 588000 372456 647776 426692 613936 402148 45898 59830 69248 167776 248196 59056 120018 314268 2073600 2073600 4 0 142072 990720 993600 35450 36564 34941 37287 12 0 0 0 75 4 4 4 4 
[ 8606.404854] MESSAGE_B= 4 4 4 18 20 0 192 0 248 179 0 1531 1514 1587 1513 1532 1316 1544 1336 196 252 195 243 545 394 464 356 0 31 251 253 255 255 121 69 101 61 0 0 0 0 0 0 0 0 20 0 189896 401904 349042 738382 308070 309922 588000 372456 647776 426692 613936 402148 45898 59830 69248 167776 248196 59056 120018 314268 2073600 2073600 4 0 224169 994560 993600 50821 58349 56190 58809 0 0 0 0 75 4 4 4 4 
[ 8606.681873] MESSAGE_B= 4 4 4 16 16 1 192 0 248 179 0 1307 1265 1360 1290 1401 1183 1410 1213 187 263 182 251 586 434 512 397 0 31 253 255 255 255 136 102 124 93 0 0 0 0 0 0 0 0 16 1 147348 548398 349042 738382 308070 309922 588000 372456 647776 426692 613936 402148 45898 59830 69248 167776 248196 59056 120018 314268 2073600 2073600 4 12 178289 990720 993600 47763 45054 45205 40267 12 12 12 12 65 4 4 4 4 
[ 8606.967991] MESSAGE_B= 4 0 4 56 15 1 192 0 248 179 0 2888 2707 3095 2865 2931 2727 3314 3078 123 166 176 292 115 115 95 194 0 1 182 193 131 121 127 87 84 164 2 0 2 0 0 0 2 2 15 1 224372 354518 349042 738382 308070 309922 588000 372456 647776 426692 613936 402148 45898 59830 69248 167776 248196 59056 120018 314268 2073600 2073600 4 1 369834 994560 993600 64000 109247 81758 114829 1 1 1 1 251 4 0 0 0 
[ 8607.125855] MESSAGE_B= 4 4 4 6 15 1 192 0 248 179 0 1476 1710 1526 1825 1606 1658 1601 1636 118 265 164 369 197 192 251 214 0 31 238 249 242 229 85 27 82 20 0 0 0 0 0 0 0 0 15 1 129606 532944 349042 738382 308070 309922 588000 372456 647776 426692 613936 402148 45898 59830 69248 167776 248196 59056 120018 314268 2073600 2073600 4 13 91079 990720 993600 27928 20430 27957 31767 9 9 13 11 251 4 4 4 4 
[ 8607.411517] MESSAGE_B= 4 4 4 12 16 0 192 0 248 179 0 1149 1289 1179 1308 1575 1562 1517 1502 231 256 215 260 233 226 257 256 0 31 254 255 250 243 32 21 34 0 0 0 0 0 0 0 0 0 16 0 107738 516104 349042 738382 308070 309922 588000 372456 647776 426692 613936 402148 45898 59830 69248 167776 248196 59056 120018 314268 2073600 2073600 4 11 150424 994560 993600 39863 44202 36402 36395 12 11 11 11 251 4 4 4 4 
[ 8607.688880] MESSAGE_B= 4 4 4 15 10 1 192 0 248 179 0 1163 1283 1220 1343 1435 1413 1402 1365 191 362 183 392 270 226 274 242 0 31 244 254 250 247 80 26 61 22 0 0 0 0 0 0 0 0 10 1 97780 465840 349042 738382 308070 309922 588000 372456 647776 426692 613936 402148 45898 59830 69248 167776 248196 59056 120018 314268 2073600 2073600 4 12 178171 990720 993600 49830 47887 40480 39974 12 12 12 12 74 4 4 4 4 
[ 8607.967851] MESSAGE_B= 4 4 4 9 17 1 192 0 248 179 0 1314 1489 1321 1470 1740 1618 1692 1566 210 346 199 324 234 236 271 262 0 31 254 255 248 241 98 99 93 65 0 0 0 0 0 0 0 0 17 1 134494 589990 349042 738382 308070 309922 588000 372456 647776 426692 613936 402148 45898 59830 69248 167776 248196 59056 120018 314268 2073600 2073600 4 0 213892 994560 993600 47332 70376 46048 55334 0 0 11 0 74 4 4 4 4 
[ 8608.244855] MESSAGE_B= 4 4 4 11 28 1 192 0 248 179 0 1447 1358 1394 1282 1398 1617 1324 1427 463 415 455 402 489 238 476 208 0 31 255 253 255 227 92 145 81 90 0 0 0 0 0 0 0 0 28 1 101750 431834 349042 738382 308070 309922 588000 372456 647776 426692 613936 402148 45898 59830 69248 167776 248196 59056 120018 314268 2073600 2073600 4 0 161568 990720 993600 38356 40586 50046 44037 12 12 0 0 94 4 4 4 4 
[ 8608.523852] MESSAGE_B= 4 4 4 7 34 1 192 0 248 179 0 1248 1112 1221 1080 1431 1612 1293 1502 356 366 377 352 551 301 469 331 0 31 253 255 248 231 64 210 78 197 0 0 0 0 0 0 0 0 34 1 52932 461970 552602 389366 280406 414766 526160 526676 732994 545028 666982 61806 64914 94410 259048 180746 167784 256602 197250 74606 2073600 2073600 4 12 180406 994560 993600 51862 53676 56303 48456 12 12 0 0 94 4 4 4 4 
[ 8608.802854] MESSAGE_B= 4 4 4 6 34 1 192 0 248 179 0 1506 1447 1444 1348 1198 1616 1109 1554 200 331 174 323 320 326 294 265 0 31 243 254 242 230 65 84 81 54 0 0 0 0 0 0 0 0 34 1 69892 402334 552602 389366 280406 414766 526160 526676 732994 545028 666982 61806 64914 94410 259048 180746 167784 256602 197250 74606 2073600 2073600 4 0 165987 990720 993600 46286 40890 44526 45229 11 12 0 0 91 4 4 4 4 
[ 8609.086685] MESSAGE_B= 4 4 4 6 22 1 192 0 248 179 0 1430 1173 1398 1124 1344 1612 1261 1479 198 301 184 299 358 276 365 284 0 31 251 253 247 248 113 133 98 152 0 0 0 0 0 0 0 0 22 1 62080 247820 552602 389366 280406 414766 526160 526676 732994 545028 666982 61806 64914 94410 259048 180746 167784 256602 197250 74606 2073600 2073600 4 0 217293 994560 993600 48158 47920 63127 58088 0 0 0 0 91 4 4 4 4 
[ 8609.364256] MESSAGE_B= 4 4 4 13 26 1 192 0 248 179 0 992 1054 1061 1109 1024 1360 1097 1428 339 178 360 181 296 123 313 128 0 31 254 250 254 233 197 65 195 42 0 0 0 0 0 0 0 0 26 1 83968 233084 552602 389366 280406 414766 526160 526676 732994 545028 666982 61806 64914 94410 259048 180746 167784 256602 197250 74606 2073600 2073600 4 12 184036 990720 993600 57503 53763 37798 34972 12 12 12 12 85 4 4 4 4 
[ 8609.644858] MESSAGE_B= 4 4 4 44 23 1 192 0 248 179 0 1014 1220 1083 1278 1047 1451 1124 1514 390 176 408 179 299 122 315 117 0 31 255 250 253 228 215 21 207 27 0 0 0 0 0 0 0 0 23 1 75730 402770 552602 389366 280406 414766 526160 526676 732994 545028 666982 61806 64914 94410 259048 180746 167784 256602 197250 74606 2073600 2073600 4 0 155080 994560 993600 44462 36315 50808 53733 12 12 0 0 51 4 4 4 4 
[ 8609.921865] MESSAGE_B= 4 4 4 10 38 1 192 0 248 179 0 978 1065 1033 1135 980 1222 1035 1280 330 169 341 177 303 103 315 113 0 31 255 248 255 230 217 102 211 52 0 0 0 0 0 0 0 0 38 1 105332 373480 552602 389366 280406 414766 526160 526676 732994 545028 666982 61806 64914 94410 259048 180746 167784 256602 197250 74606 2073600 2073600 4 12 187666 990720 993600 56315 52141 40429 38781 12 12 12 12 72 4 4 4 4 
[ 8610.200864] MESSAGE_B= 4 4 4 27 15 1 192 0 248 179 0 1256 1451 1259 1429 1594 1652 1559 1588 184 311 176 296 225 183 253 225 0 31 253 255 251 240 93 87 75 45 0 0 0 0 0 0 0 0 15 1 131202 494114 552602 389366 280406 414766 526160 526676 732994 545028 666982 61806 64914 94410 259048 180746 167784 256602 197250 74606 2073600 2073600 4 0 185179 994560 993600 43835 60176 37234 44915 0 0 11 0 72 4 4 4 4 
[ 8610.477855] MESSAGE_B= 4 4 4 8 11 1 192 0 248 179 0 1117 1186 1185 1268 1567 1577 1537 1509 232 224 217 275 210 197 247 224 0 31 248 242 249 240 83 94 66 56 0 0 0 0 0 0 0 0 11 1 75754 320120 552602 389366 280406 414766 526160 526676 732994 545028 666982 61806 64914 94410 259048 180746 167784 256602 197250 74606 2073600 2073600 4 12 151541 990720 993600 47293 43808 31469 28971 12 12 12 12 48 4 4 4 4 
[ 8610.754850] MESSAGE_B= 4 4 4 20 11 0 192 0 248 179 0 1063 1252 1086 1266 1549 1541 1527 1498 191 270 182 280 211 201 243 237 0 31 254 255 250 245 54 41 35 13 0 0 0 0 0 0 0 0 11 0 230894 502530 552602 389366 280406 414766 526160 526676 732994 545028 666982 61806 64914 94410 259048 180746 167784 256602 197250 74606 2073600 2073600 4 12 148398 994560 993600 47434 44117 30003 32449 12 12 11 11 48 4 4 4 4 
[ 8611.042457] MESSAGE_B= 4 4 4 15 17 0 192 0 248 179 0 1070 1261 1026 1177 1446 1548 1450 1526 159 293 167 289 194 201 237 249 0 31 243 245 249 243 2 16 41 51 0 0 0 0 0 0 0 0 17 0 82858 470502 983576 243242 397366 548588 489328 578768 656534 766322 683274 81364 121566 160986 158448 112296 171008 123482 293624 99846 2073600 2073600 4 12 165253 990720 993600 49939 49751 33402 32161 12 12 12 12 67 4 4 4 4 
[ 8611.202974] MESSAGE_B= 4 4 4 15 17 0 192 0 248 179 0 1259 1506 1255 1480 1529 1717 1488 1652 156 317 154 314 167 179 202 229 0 31 253 255 246 243 27 1 22 9 0 0 0 0 0 0 0 0 17 0 125408 608012 983576 243242 397366 548588 489328 578768 656534 766322 683274 81364 121566 160986 158448 112296 171008 123482 293624 99846 2073600 2073600 4 0 203719 994560 993600 49585 65998 39732 50572 0 0 11 0 67 4 4 4 4 
[ 8611.479866] MESSAGE_B= 4 4 4 4 39 1 192 0 248 179 0 1414 1459 1416 1474 1399 1914 1344 1826 181 297 145 273 215 177 240 192 0 31 216 253 252 235 130 97 5 95 0 0 0 0 0 0 0 0 39 1 110458 340030 983576 243242 397366 548588 489328 578768 656534 766322 683274 81364 121566 160986 158448 112296 171008 123482 293624 99846 2073600 2073600 4 0 203599 990720 993600 39945 54487 63583 47871 12 0 0 0 92 4 4 4 4 
[ 8611.766850] MESSAGE_B= 4 4 4 8 29 1 192 0 248 179 0 1476 1472 1453 1435 1294 1701 1218 1608 266 285 242 286 311 165 298 149 0 31 237 245 254 238 3 93 13 71 0 0 0 0 0 0 0 0 29 1 219116 509148 983576 243242 397366 548588 489328 578768 656534 766322 683274 81364 121566 160986 158448 112296 171008 123482 293624 99846 2073600 2073600 4 0 172805 994560 993600 49148 42350 52591 46220 11 11 0 0 92 4 4 4 4 
[ 8612.044861] MESSAGE_B= 4 4 4 3 32 1 192 0 248 179 0 1586 1593 1578 1578 710 768 779 835 335 214 306 187 155 225 144 211 0 31 251 253 254 255 74 96 42 109 0 0 0 0 0 0 0 0 32 1 114328 254218 983576 243242 397366 548588 489328 578768 656534 766322 683274 81364 121566 160986 158448 112296 171008 123482 293624 99846 2073600 2073600 4 0 138834 990720 993600 35106 40392 41940 35575 0 0 12 0 205 4 4 4 4 
[ 8612.341975] MESSAGE_B= 4 4 4 56 32 1 192 0 248 179 0 1577 1504 1569 1487 676 691 748 756 366 201 342 187 144 181 147 179 0 12 252 253 254 255 58 154 22 135 0 0 0 0 0 0 0 0 32 1 202656 514630 983576 243242 397366 548588 489328 578768 656534 766322 683274 81364 121566 160986 158448 112296 171008 123482 293624 99846 2073600 2073600 4 12 212827 994560 993600 38550 37669 72809 63799 12 12 12 12 205 4 4 4 4 
[ 8612.619864] MESSAGE_B= 4 4 4 18 29 1 192 0 248 179 0 1695 1579 1682 1557 781 781 846 843 329 195 310 187 184 214 173 209 0 31 252 251 255 253 37 126 7 106 0 0 0 0 0 0 0 0 29 1 213548 651834 983576 243242 397366 548588 489328 578768 656534 766322 683274 81364 121566 160986 158448 112296 171008 123482 293624 99846 2073600 2073600 4 0 152411 990720 993600 34598 37323 42119 42798 0 0 12 0 42 4 4 4 4 
[ 8612.897858] MESSAGE_B= 4 4 4 12 30 1 192 0 248 179 0 1649 1498 1618 1470 775 798 837 856 308 161 293 149 168 262 158 249 0 31 253 247 252 255 139 44 105 56 0 0 0 0 0 0 0 0 30 1 170846 551168 983576 243242 397366 548588 489328 578768 656534 766322 683274 81364 121566 160986 158448 112296 171008 123482 293624 99846 2073600 2073600 4 12 139766 994560 993600 36676 30561 42974 30565 12 12 12 0 51 4 4 4 4 
[ 8613.175856] MESSAGE_B= 4 4 4 19 33 1 192 0 248 179 0 1698 1434 1665 1412 898 934 965 977 266 303 247 291 191 346 172 315 0 31 252 254 252 255 189 20 168 27 0 0 0 0 0 0 0 0 33 1 221298 638844 983576 243242 397366 548588 489328 578768 656534 766322 683274 81364 121566 160986 158448 112296 171008 123482 293624 99846 2073600 2073600 4 0 141529 990720 993600 36122 32943 38927 40926 12 0 0 0 60 4 4 4 4 
[ 8613.332854] MESSAGE_B= 4 4 4 11 39 1 192 0 248 179 0 1754 1411 1729 1394 1025 995 1077 1038 256 264 244 251 331 370 283 343 0 31 252 254 255 255 133 96 124 104 0 0 0 0 0 0 0 0 39 1 168112 574946 687650 400518 400906 582678 552060 1045442 644274 424918 959798 228772 56114 141506 80454 182778 367996 94018 126536 249256 2073600 2073600 4 12 155220 994560 993600 39391 38945 40571 39227 12 12 12 13 73 4 4 4 4 
[ 8613.611853] MESSAGE_B= 4 4 4 16 36 1 192 0 248 179 0 1521 1328 1534 1309 1170 1008 1211 1044 230 280 192 257 478 324 427 307 0 31 246 253 255 255 172 41 145 56 0 0 0 0 0 0 0 0 36 1 163276 556362 687650 400518 400906 582678 552060 1045442 644274 424918 959798 228772 56114 141506 80454 182778 367996 94018 126536 249256 2073600 2073600 4 12 157811 990720 993600 42471 40627 40599 34114 12 12 12 12 73 4 4 4 4 
[ 8613.889878] MESSAGE_B= 4 4 4 45 27 1 192 0 248 179 0 1441 1271 1460 1280 1252 977 1283 1027 216 252 182 249 510 284 452 267 0 31 248 253 255 253 125 94 114 94 0 0 0 0 0 0 0 0 27 1 230712 294710 687650 400518 400906 582678 552060 1045442 644274 424918 959798 228772 56114 141506 80454 182778 367996 94018 126536 249256 2073600 2073600 4 12 185952 994560 993600 45347 45377 49491 45737 12 12 12 12 65 4 4 4 4 
[ 8614.177890] MESSAGE_B= 4 4 4 14 21 1 192 0 248 179 0 1589 1404 1604 1395 1364 1107 1388 1160 250 303 196 286 479 312 424 288 0 31 251 253 255 253 156 9 140 17 0 0 0 0 0 0 0 0 21 1 147558 505768 687650 400518 400906 582678 552060 1045442 644274 424918 959798 228772 56114 141506 80454 182778 367996 94018 126536 249256 2073600 2073600 4 0 219071 990720 993600 45281 55253 54836 63701 0 0 0 0 64 4 4 4 4 
[ 8614.459852] MESSAGE_B= 4 4 4 11 16 1 192 0 248 179 0 1468 1275 1493 1288 1238 989 1278 1036 253 281 214 274 498 297 453 274 0 31 249 254 255 253 167 69 151 75 0 0 0 0 0 0 0 0 16 1 200378 264912 687650 400518 400906 582678 552060 1045442 644274 424918 959798 228772 56114 141506 80454 182778 367996 94018 126536 249256 2073600 2073600 4 12 182115 994560 993600 43482 42614 49914 46105 12 12 12 12 53 4 4 4 4 
[ 8614.738862] MESSAGE_B= 4 4 4 64 40 1 192 0 248 179 0 1440 1538 1256 1379 1485 1904 1285 1655 268 228 243 217 129 223 107 198 0 31 255 254 222 249 145 49 143 28 0 0 0 0 0 0 0 0 40 1 142658 482644 687650 400518 400906 582678 552060 1045442 644274 424918 959798 228772 56114 141506 80454 182778 367996 94018 126536 249256 2073600 2073600 4 0 207311 990720 993600 55031 54111 51764 46405 0 0 0 0 206 4 4 4 4 
[ 8615.017859] MESSAGE_B= 4 4 4 5 47 1 192 0 248 179 0 1572 1596 1393 1448 1556 1919 1364 1701 253 252 222 229 121 342 108 303 0 31 255 255 222 254 169 72 166 46 0 0 0 0 0 0 0 0 47 1 232606 355236 687650 400518 400906 582678 552060 1045442 644274 424918 959798 228772 56114 141506 80454 182778 367996 94018 126536 249256 2073600 2073600 4 0 246048 994560 993600 60739 58318 73460 53531 0 0 0 0 206 4 4 4 4 
[ 8615.299855] MESSAGE_B= 4 4 4 13 51 0 192 0 248 179 0 1428 1514 1250 1362 1482 1868 1296 1649 267 298 235 277 112 310 111 276 0 31 255 255 230 254 184 92 173 78 0 0 0 0 0 0 0 0 51 0 190202 251802 687650 400518 400906 582678 552060 1045442 644274 424918 959798 228772 56114 141506 80454 182778 367996 94018 126536 249256 2073600 2073600 4 0 167759 990720 993600 43504 40996 52249 40557 11 12 0 0 39 4 4 4 4 
[ 8615.578860] MESSAGE_B= 4 4 4 6 46 1 192 0 248 179 0 1425 1535 1254 1387 1482 1904 1341 1721 269 290 259 258 121 262 103 243 0 31 253 255 229 250 186 124 179 97 0 0 0 0 0 0 0 0 46 1 194798 406816 687650 400518 400906 582678 552060 1045442 644274 424918 959798 228772 56114 141506 80454 182778 367996 94018 126536 249256 2073600 2073600 4 0 184911 994560 993600 48767 45169 56797 36055 0 0 0 12 58 4 4 4 4 
[ 8615.735853] MESSAGE_B= 4 4 4 13 47 1 192 0 248 179 0 1521 1541 1360 1379 1509 1953 1325 1773 256 237 231 225 122 309 104 290 0 31 255 254 192 252 171 4 167 25 0 0 0 0 0 0 0 0 47 1 175802 362698 707718 428274 364042 343188 179240 349984 433092 652864 538452 315638 74026 101714 333330 311268 209990 158474 157186 415764 2073600 2073600 4 0 227246 990720 993600 59593 59943 55689 52021 0 0 0 0 59 4 4 4 4 
[ 8616.012954] MESSAGE_B= 4 4 4 5 42 1 192 0 248 179 0 1766 1388 1584 1268 1757 1884 1597 1673 205 241 189 233 113 301 159 272 0 0 255 254 213 253 102 123 79 130 0 0 0 0 0 0 0 0 42 1 184720 319442 707718 428274 364042 343188 179240 349984 433092 652864 538452 315638 74026 101714 333330 311268 209990 158474 157186 415764 2073600 2073600 4 0 261237 994560 993600 65143 64570 72898 58626 0 0 0 0 76 4 4 4 4 
[ 8616.291855] MESSAGE_B= 4 4 4 14 43 1 192 0 248 179 0 1755 1392 1581 1248 1460 1792 1324 1618 295 195 285 186 117 362 112 350 0 31 255 254 228 254 38 29 14 26 0 0 0 0 0 0 0 0 43 1 182274 331328 707718 428274 364042 343188 179240 349984 433092 652864 538452 315638 74026 101714 333330 311268 209990 158474 157186 415764 2073600 2073600 4 0 162331 990720 993600 45074 39139 47726 39166 11 0 0 0 87 4 4 4 4 
[ 8616.572160] MESSAGE_B= 4 4 4 6 52 1 192 0 248 179 0 1222 1681 1227 1678 1357 1469 1356 1441 140 210 130 206 72 230 65 249 0 31 247 249 245 252 119 95 140 72 0 0 0 0 0 0 0 0 52 1 177712 315678 707718 428274 364042 343188 179240 349984 433092 652864 538452 315638 74026 101714 333330 311268 209990 158474 157186 415764 2073600 2073600 4 0 156459 994560 993600 38823 39568 42386 42266 11 0 0 12 183 4 4 4 4 
[ 8616.859857] MESSAGE_B= 4 4 4 12 45 1 192 0 248 179 0 1100 1457 1072 1430 1295 1470 1268 1404 157 201 143 202 172 279 185 274 0 31 250 249 220 253 16 56 3 85 0 0 0 0 0 0 0 0 45 1 139556 331324 707718 428274 364042 343188 179240 349984 433092 652864 538452 315638 74026 101714 333330 311268 209990 158474 157186 415764 2073600 2073600 4 12 208308 990720 993600 53465 54103 49333 51407 12 12 12 12 183 4 4 4 4 
[ 8617.137864] MESSAGE_B= 4 4 4 6 37 1 192 0 248 179 0 1147 1232 1140 1160 1318 1125 1306 1094 108 192 97 193 231 151 235 142 0 31 225 254 251 249 80 141 54 159 0 0 0 0 0 0 0 0 37 1 36718 271500 707718 428274 364042 343188 179240 349984 433092 652864 538452 315638 74026 101714 333330 311268 209990 158474 157186 415764 2073600 2073600 4 12 232643 994560 993600 58901 60254 56195 57293 12 12 12 12 104 4 4 4 4 
[ 8617.425891] MESSAGE_B= 4 4 4 6 20 1 192 0 248 179 0 948 1217 941 1171 1193 1147 1166 1125 70 225 63 209 121 139 115 133 0 31 245 251 255 251 177 114 125 106 0 0 0 0 0 0 0 0 20 1 28376 188162 707718 428274 364042 343188 179240 349984 433092 652864 538452 315638 74026 101714 333330 311268 209990 158474 157186 415764 2073600 2073600 4 12 238421 990720 993600 60023 60910 58500 58988 12 12 12 12 92 4 4 4 4 
[ 8617.584225] MESSAGE_B= 4 4 4 7 17 0 192 0 248 179 0 1240 1375 1298 1411 1504 1427 1461 1364 276 239 280 242 249 173 281 184 0 31 254 255 250 227 33 65 37 67 0 0 0 0 0 0 0 0 17 0 47472 279534 707718 428274 364042 343188 179240 349984 433092 652864 538452 315638 74026 101714 333330 311268 209990 158474 157186 415764 2073600 2073600 4 11 146257 994560 993600 38787 42419 35081 36942 12 11 11 11 92 4 4 4 4 
[ 8617.870863] MESSAGE_B= 4 4 4 14 14 0 192 0 248 179 0 1350 1510 1362 1492 1537 1474 1520 1434 269 282 284 271 197 170 227 165 0 31 254 255 248 226 30 78 47 56 0 0 0 0 0 0 0 0 14 0 80846 329024 707718 428274 364042 343188 179240 349984 433092 652864 538452 315638 74026 101714 333330 311268 209990 158474 157186 415764 2073600 2073600 4 0 152553 990720 993600 38286 50751 33809 37762 0 0 12 0 60 4 4 4 4 
[ 8618.148849] MESSAGE_B= 4 4 4 10 14 1 192 0 248 179 0 1395 1566 1404 1541 1596 1565 1556 1506 268 265 283 262 245 174 272 176 0 31 255 255 250 230 56 53 70 38 0 0 0 0 0 0 0 0 14 1 103112 511258 508682 377418 374126 599850 695988 237338 209524 419426 569034 109848 116098 117330 203110 191922 48492 162940 377026 135590 2073600 2073600 4 0 211277 994560 993600 47908 67405 42813 53151 0 0 0 0 60 4 4 4 4 
[ 8618.434832] MESSAGE_B= 4 4 4 14 15 1 192 0 248 179 0 1193 1328 1208 1335 1494 1457 1486 1426 258 252 241 259 203 150 227 156 0 31 253 255 249 231 54 57 73 96 0 0 0 0 0 0 0 0 15 1 111372 408736 508682 377418 374126 599850 695988 237338 209524 419426 569034 109848 116098 117330 203110 191922 48492 162940 377026 135590 2073600 2073600 4 12 139674 990720 993600 39945 39827 33242 37297 12 11 12 11 65 4 4 4 4 
[ 8618.731175] MESSAGE_B= 4 4 4 17 16 1 192 0 248 179 0 1273 1470 1335 1465 1202 1092 1260 1125 254 258 239 237 372 371 351 349 0 31 253 252 255 250 185 51 195 66 0 0 0 0 0 0 0 0 16 1 80486 339908 508682 377418 374126 599850 695988 237338 209524 419426 569034 109848 116098 117330 203110 191922 48492 162940 377026 135590 2073600 2073600 4 0 168868 994560 993600 34565 39540 45830 48933 0 0 0 0 65 4 4 4 4 
[ 8618.889861] MESSAGE_B= 4 4 4 11 13 1 192 0 248 179 0 1285 1463 1349 1459 1243 1095 1300 1136 316 281 301 259 348 379 322 355 0 31 255 253 255 251 179 45 187 54 0 0 0 0 0 0 0 0 13 1 144626 372516 508682 377418 374126 599850 695988 237338 209524 419426 569034 109848 116098 117330 203110 191922 48492 162940 377026 135590 2073600 2073600 4 12 124138 990720 993600 35564 26950 33541 31516 12 12 0 0 61 4 4 4 4 
[ 8619.169381] MESSAGE_B= 4 4 4 30 10 1 192 0 248 179 0 1069 1280 1126 1291 1099 976 1149 1026 265 235 248 228 337 366 306 348 0 31 253 252 255 252 184 45 199 59 0 0 0 0 0 0 0 0 10 1 156200 350704 508682 377418 374126 599850 695988 237338 209524 419426 569034 109848 116098 117330 203110 191922 48492 162940 377026 135590 2073600 2073600 4 12 183551 994560 993600 45668 39745 52258 45880 12 12 12 12 61 4 4 4 4 
[ 8619.448843] MESSAGE_B= 4 4 4 39 13 1 192 0 248 179 0 1176 1434 1232 1431 1237 1112 1280 1155 338 176 316 178 337 387 303 367 0 31 254 246 255 252 175 12 186 19 0 0 0 0 0 0 0 0 13 1 152988 390568 508682 377418 374126 599850 695988 237338 209524 419426 569034 109848 116098 117330 203110 191922 48492 162940 377026 135590 2073600 2073600 4 12 148176 990720 993600 43317 37881 35286 32251 12 12 12 13 56 4 4 4 4 
[ 8619.734874] MESSAGE_B= 4 4 4 24 11 1 192 0 248 179 0 1252 1522 1306 1506 1256 1152 1300 1184 349 259 318 248 331 393 304 372 0 31 253 252 254 251 142 47 150 64 0 0 0 0 0 0 0 0 11 1 190086 408860 508682 377418 374126 599850 695988 237338 209524 419426 569034 109848 116098 117330 203110 191922 48492 162940 377026 135590 2073600 2073600 4 0 176852 994560 993600 36406 40760 49711 49975 0 0 0 0 45 4 4 4 4 
[ 8620.019498] MESSAGE_B= 4 4 4 18 10 1 192 0 248 179 0 1054 1326 1105 1336 1069 1014 1123 1058 314 316 288 299 321 363 293 351 0 31 252 254 255 251 95 111 102 109 0 0 0 0 0 0 0 0 10 1 145648 412508 508682 377418 374126 599850 695988 237338 209524 419426 569034 109848 116098 117330 203110 191922 48492 162940 377026 135590 2073600 2073600 4 12 196884 990720 993600 48888 43336 53925 50735 12 12 12 12 58 4 4 4 4 
[ 8620.298850] MESSAGE_B= 4 4 4 60 9 1 192 0 248 179 0 1127 1399 1182 1414 1244 1141 1295 1179 378 238 349 227 342 385 303 364 0 31 254 254 254 250 121 40 117 46 0 0 0 0 0 0 0 0 9 1 163994 371178 508682 377418 374126 599850 695988 237338 209524 419426 569034 109848 116098 117330 203110 191922 48492 162940 377026 135590 2073600 2073600 4 12 123951 994560 993600 41195 30569 32769 31629 12 12 0 0 58 4 4 4 4 
[ 8620.460271] MESSAGE_B= 4 4 4 21 10 1 192 0 248 179 0 1174 1502 1230 1503 1325 1178 1378 1211 422 212 389 202 330 396 291 376 0 31 254 253 255 250 146 46 149 61 0 0 0 0 0 0 0 0 10 1 165074 385822 444342 502270 506738 231326 209190 282316 626510 314504 522336 225688 120306 69282 328558 272878 287384 60768 113204 305066 2073600 2073600 4 12 114369 990720 993600 37458 29776 34929 33649 12 12 0 0 58 4 4 4 4 
[ 8620.738653] MESSAGE_B= 4 4 4 44 10 1 192 0 248 179 0 1033 1396 1089 1409 1120 1048 1187 1088 387 238 364 232 294 357 270 339 0 31 254 252 255 252 139 98 136 103 0 0 0 0 0 0 0 0 10 1 177374 477324 444342 502270 506738 231326 209190 282316 626510 314504 522336 225688 120306 69282 328558 272878 287384 60768 113204 305066 2073600 2073600 4 12 174009 994560 993600 50228 45157 42169 36455 12 12 12 12 61 4 4 4 4 
[ 8621.016855] MESSAGE_B= 4 4 4 18 11 1 192 0 248 179 0 1359 1602 1328 1501 1390 1288 1298 1239 169 361 163 338 191 205 190 196 0 31 212 252 248 226 1 50 68 32 0 0 0 0 0 0 0 0 11 1 129608 364224 444342 502270 506738 231326 209190 282316 626510 314504 522336 225688 120306 69282 328558 272878 287384 60768 113204 305066 2073600 2073600 4 10 127203 990720 993600 50128 50591 33353 40925 10 10 12 12 197 4 4 4 4 
[ 8621.296862] MESSAGE_B= 4 4 4 29 56 1 192 0 248 179 0 1258 1690 1286 1653 1475 1531 1388 1459 206 186 168 171 185 402 189 376 0 31 248 243 247 247 79 55 73 34 0 0 0 0 0 0 0 0 56 1 171780 352444 444342 502270 506738 231326 209190 282316 626510 314504 522336 225688 120306 69282 328558 272878 287384 60768 113204 305066 2073600 2073600 4 0 151040 994560 993600 36392 37570 43706 43049 0 0 0 12 197 4 4 4 4 
[ 8621.574860] MESSAGE_B= 4 4 4 12 40 1 192 0 248 179 0 1434 1519 1366 1443 1413 1468 1326 1404 199 268 209 254 105 303 103 292 0 31 239 248 234 243 82 58 80 73 0 0 0 0 0 0 0 0 40 1 86268 458240 444342 502270 506738 231326 209190 282316 626510 314504 522336 225688 120306 69282 328558 272878 287384 60768 113204 305066 2073600 2073600 4 0 153420 990720 993600 38074 35331 43802 36213 0 0 0 0 78 4 4 4 4 
[ 8621.854517] MESSAGE_B= 4 4 4 4 42 1 192 0 248 179 0 1291 1450 1246 1377 1466 1528 1385 1453 172 236 149 229 172 166 180 154 0 31 250 254 249 235 143 0 130 12 0 0 0 0 0 0 0 0 42 1 71524 331946 444342 502270 506738 231326 209190 282316 626510 314504 522336 225688 120306 69282 328558 272878 287384 60768 113204 305066 2073600 2073600 4 11 187214 994560 993600 55482 48712 49805 33215 11 11 11 11 78 4 4 4 4 
[ 8622.132101] MESSAGE_B= 4 4 4 13 10 1 192 0 248 179 0 1119 1551 1168 1543 1249 1280 1318 1308 399 251 369 233 288 436 254 390 0 31 255 253 253 255 164 34 153 50 0 0 0 0 0 0 0 0 10 1 133402 332502 444342 502270 506738 231326 209190 282316 626510 314504 522336 225688 120306 69282 328558 272878 287384 60768 113204 305066 2073600 2073600 4 0 155876 990720 993600 39111 34014 44607 45057 12 0 0 0 70 4 4 4 4 
[ 8622.415944] MESSAGE_B= 4 4 4 25 9 1 192 0 248 179 0 998 1433 1054 1461 1248 1189 1304 1235 381 197 370 183 327 408 289 377 0 31 255 252 253 255 205 12 190 27 0 0 0 0 0 0 0 0 9 1 176056 496070 444342 502270 506738 231326 209190 282316 626510 314504 522336 225688 120306 69282 328558 272878 287384 60768 113204 305066 2073600 2073600 4 12 135305 994560 993600 42126 35002 32029 31842 12 12 12 13 69 4 4 4 4 
[ 8622.706484] MESSAGE_B= 0 4 4 29 8 1 192 0 248 179 0 1076 1573 1139 1594 1369 1307 1417 1363 428 188 414 177 320 411 290 360 0 31 255 251 251 254 180 8 169 27 0 0 0 0 0 0 0 0 8 1 136200 341776 444342 502270 506738 231326 209190 282316 626510 314504 522336 225688 120306 69282 328558 272878 287384 60768 113204 305066 2073600 2073600 2 10 111752 990720 993600 38021 38757 33310 31470 10 10 0 0 69 4 4 4 4 
[ 8622.990852] MESSAGE_B= 0 4 4 18 8 1 192 0 248 179 0 956 1586 1018 1610 1324 1445 1378 1484 425 223 415 220 299 377 276 344 0 31 255 249 249 253 161 68 138 113 0 0 0 0 0 0 0 0 8 1 164622 512586 566780 575970 248958 513092 462648 547642 301812 259858 496194 228802 62138 55702 93988 116620 208410 126520 117566 252584 2073600 2073600 2 12 113753 994560 993600 40684 36093 31496 30591 12 12 13 13 76 4 4 4 4 
[ 8623.269860] MESSAGE_B= 0 4 4 27 7 1 192 0 248 179 0 1115 1764 1172 1772 1369 1505 1422 1530 356 199 341 181 316 438 296 397 0 31 255 244 250 253 159 7 143 18 0 0 0 0 0 0 0 0 7 1 125748 296884 566780 575970 248958 513092 462648 547642 301812 259858 496194 228802 62138 55702 93988 116620 208410 126520 117566 252584 2073600 2073600 2 0 213965 990720 993600 53191 55070 55117 55166 11 0 0 0 82 4 4 4 4 
[ 8623.430436] MESSAGE_B= 4 4 4 26 20 1 192 0 248 179 0 1228 1460 1263 1484 1563 1539 1541 1505 252 281 241 275 196 152 218 197 0 31 253 255 244 235 100 65 156 69 0 0 0 0 0 0 0 0 20 1 82470 321808 566780 575970 248958 513092 462648 547642 301812 259858 496194 228802 62138 55702 93988 116620 208410 126520 117566 252584 2073600 2073600 4 11 198420 994560 993600 48951 56034 42196 51239 11 11 11 11 82 4 4 4 4 
[ 8623.707902] MESSAGE_B= 4 4 4 10 13 1 192 0 248 179 0 1333 1564 1331 1526 1569 1552 1551 1523 208 278 203 266 219 141 237 171 0 31 255 255 248 234 175 44 189 5 0 0 0 0 0 0 0 0 13 1 79672 292892 566780 575970 248958 513092 462648 547642 301812 259858 496194 228802 62138 55702 93988 116620 208410 126520 117566 252584 2073600 2073600 4 11 190349 990720 993600 57295 62942 46557 47342 11 0 11 11 82 4 4 4 4 
[ 8623.995861] MESSAGE_B= 4 4 4 16 15 1 192 0 248 179 0 1456 1669 1463 1649 1759 1673 1702 1604 210 255 203 243 192 121 238 158 0 31 254 255 248 225 188 23 172 52 0 0 0 0 0 0 0 0 15 1 135634 417886 566780 575970 248958 513092 462648 547642 301812 259858 496194 228802 62138 55702 93988 116620 208410 126520 117566 252584 2073600 2073600 4 0 216671 994560 993600 52970 67120 44120 52461 0 0 0 0 65 4 4 4 4 
[ 8624.286854] MESSAGE_B= 4 4 4 13 15 1 192 0 248 179 0 1299 1447 1321 1461 1601 1540 1587 1512 224 229 205 225 230 167 251 199 0 31 254 255 248 232 119 23 156 41 0 0 0 0 0 0 0 0 15 1 76636 328572 566780 575970 248958 513092 462648 547642 301812 259858 496194 228802 62138 55702 93988 116620 208410 126520 117566 252584 2073600 2073600 4 11 212375 990720 993600 45818 61420 43904 61233 11 11 11 11 65 4 4 4 4 
[ 8624.565044] MESSAGE_B= 4 4 4 8 16 0 192 0 248 179 0 1346 1496 1380 1528 1683 1602 1646 1564 197 218 170 220 233 176 243 202 0 31 251 255 247 234 97 39 115 25 0 0 0 0 0 0 0 0 16 0 93756 551880 566780 575970 248958 513092 462648 547642 301812 259858 496194 228802 62138 55702 93988 116620 208410 126520 117566 252584 2073600 2073600 4 11 203168 994560 993600 60573 63769 42634 60517 10 11 11 11 47 4 4 4 4 
[ 8624.843866] MESSAGE_B= 4 4 4 19 15 1 192 0 248 179 0 1663 1901 1670 1891 1882 1909 1830 1841 120 233 107 227 205 181 238 203 0 31 248 255 247 231 30 21 35 19 0 0 0 0 0 0 0 0 15 1 81402 364966 566780 575970 248958 513092 462648 547642 301812 259858 496194 228802 62138 55702 93988 116620 208410 126520 117566 252584 2073600 2073600 4 0 165199 990720 993600 44496 47065 36554 37084 0 0 0 0 79 4 4 4 4 
[ 8625.000848] MESSAGE_B= 4 4 4 41 16 1 192 0 248 179 0 1993 2343 1909 2111 2088 2097 1852 1860 257 235 128 257 342 263 262 219 0 11 119 234 215 198 59 40 31 1 0 0 0 0 0 0 0 0 16 1 46016 332774 566780 575970 248958 513092 462648 547642 301812 259858 496194 228802 62138 55702 93988 116620 208410 126520 117566 252584 2073600 2073600 4 11 257347 994560 993600 80075 63064 74812 67525 11 0 11 0 112 4 4 4 4 
[ 8625.279852] MESSAGE_B= 4 4 4 25 16 1 192 0 248 179 0 1610 1766 1644 1773 1505 1306 1565 1347 200 214 170 218 313 437 270 405 0 31 248 252 255 254 149 186 148 200 0 0 0 0 0 0 0 0 16 1 121524 324664 502784 489298 339794 796822 762828 310558 498356 817818 371904 115318 52018 67450 108306 136468 84964 371798 139344 93522 2073600 2073600 4 14 103983 990720 993600 28161 28799 38062 39128 9 9 13 13 212 4 4 4 4 
[ 8625.557859] MESSAGE_B= 4 4 4 32 14 1 192 0 248 179 0 1416 1572 1457 1600 1357 1264 1402 1308 243 179 215 180 348 497 301 479 0 9 254 254 254 255 173 113 159 132 0 0 0 0 0 0 0 0 14 1 104934 310018 502784 489298 339794 796822 762828 310558 498356 817818 371904 115318 52018 67450 108306 136468 84964 371798 139344 93522 2073600 2073600 4 9 201131 994560 993600 71122 72611 28276 29122 9 9 9 9 212 4 4 4 4 
[ 8625.836856] MESSAGE_B= 4 4 4 34 12 1 192 0 248 179 0 1745 1749 1761 1747 1427 1373 1498 1384 180 161 153 146 391 450 356 426 0 31 251 255 255 255 14 25 10 35 0 0 0 0 0 0 0 0 12 1 135990 415040 502784 489298 339794 796822 762828 310558 498356 817818 371904 115318 52018 67450 108306 136468 84964 371798 139344 93522 2073600 2073600 4 13 97634 990720 993600 36934 36276 36916 37161 9 9 13 13 120 4 4 4 4 
[ 8626.116851] MESSAGE_B= 4 4 4 16 24 1 192 0 248 179 0 2059 1750 2091 1763 1482 1337 1548 1358 218 150 203 156 401 471 369 425 0 31 254 253 255 255 178 123 182 151 0 0 0 0 0 0 0 0 24 1 112142 371566 502784 489298 339794 796822 762828 310558 498356 817818 371904 115318 52018 67450 108306 136468 84964 371798 139344 93522 2073600 2073600 4 15 89138 994560 993600 26662 31575 35415 34497 16 16 13 13 120 4 4 4 4 
[ 8626.399848] MESSAGE_B= 4 4 4 24 13 1 192 0 248 179 0 1591 1894 1781 1905 1432 1523 1521 1551 233 192 146 165 355 609 325 552 0 31 242 250 253 255 58 57 15 24 0 0 0 0 0 0 0 0 13 1 138274 446090 502784 489298 339794 796822 762828 310558 498356 817818 371904 115318 52018 67450 108306 136468 84964 371798 139344 93522 2073600 2073600 4 15 68887 990720 993600 34280 27294 27768 32002 9 9 13 13 115 4 4 4 4 
[ 8626.679698] MESSAGE_B= 4 4 4 42 14 1 192 0 248 179 0 1629 1781 1704 1783 1386 1413 1463 1422 225 206 202 181 364 590 339 546 0 31 251 253 254 255 33 60 37 27 0 0 0 0 0 0 0 0 14 1 130798 338724 502784 489298 339794 796822 762828 310558 498356 817818 371904 115318 52018 67450 108306 136468 84964 371798 139344 93522 2073600 2073600 4 9 145821 994560 993600 54506 55261 35815 39697 9 9 10 10 115 4 4 4 4 
[ 8626.840105] MESSAGE_B= 4 4 4 27 14 1 192 0 248 179 0 1704 1671 1738 1685 1338 1351 1401 1367 161 176 149 162 354 558 330 510 0 31 249 252 254 255 8 44 18 7 0 0 0 0 0 0 0 0 14 1 151580 418658 502784 489298 339794 796822 762828 310558 498356 817818 371904 115318 52018 67450 108306 136468 84964 371798 139344 93522 2073600 2073600 4 9 181003 990720 993600 51388 52598 39587 42439 8 9 9 9 101 4 4 4 4 
[ 8627.121853] MESSAGE_B= 4 4 4 33 12 1 192 0 248 179 0 1624 1689 1661 1706 1324 1330 1391 1358 247 217 244 202 322 500 301 462 0 31 252 254 253 255 126 81 142 60 0 0 0 0 0 0 0 0 12 1 160680 314406 502784 489298 339794 796822 762828 310558 498356 817818 371904 115318 52018 67450 108306 136468 84964 371798 139344 93522 2073600 2073600 4 8 188066 994560 993600 53755 58490 36218 39603 8 8 8 8 101 4 4 4 4 
[ 8627.401558] MESSAGE_B= 4 4 4 34 16 1 192 0 248 179 0 1957 2050 1944 2037 1626 1535 1648 1526 345 278 338 247 315 432 280 421 0 31 254 255 253 254 116 85 122 71 0 0 0 0 0 0 0 0 16 1 160688 437656 502784 489298 339794 796822 762828 310558 498356 817818 371904 115318 52018 67450 108306 136468 84964 371798 139344 93522 2073600 2073600 4 14 121079 990720 993600 27172 27660 34299 34642 14 15 14 15 101 4 4 4 4 
[ 8627.679854] MESSAGE_B= 4 4 4 16 15 1 192 0 248 179 0 1639 2369 1439 2073 1831 1964 1841 1848 260 175 248 201 217 294 179 236 0 31 242 239 227 251 81 90 7 60 0 0 0 0 0 0 0 0 15 1 99094 258208 479006 619142 688838 406060 794422 494174 680728 718816 617190 278602 39370 123782 168518 128750 277372 63152 78110 253662 2073600 2073600 4 11 166955 994560 993600 50196 43142 26266 60559 11 11 11 0 206 4 4 4 4 
[ 8627.966972] MESSAGE_B= 4 4 4 38 39 1 192 0 248 179 0 1874 2453 1684 2211 2210 2123 1726 1690 152 127 139 138 298 236 227 250 0 31 238 227 228 242 27 107 30 27 0 0 0 0 0 0 0 0 39 1 119512 449176 479006 619142 688838 406060 794422 494174 680728 718816 617190 278602 39370 123782 168518 128750 277372 63152 78110 253662 2073600 2073600 4 15 91454 990720 993600 29847 25532 21407 26210 15 15 0 14 206 4 4 4 4 
[ 8628.133529] MESSAGE_B= 4 4 4 5 35 1 192 0 248 179 0 1843 2526 1629 2277 1976 2300 1662 2031 167 127 155 123 252 207 194 199 0 31 251 248 245 236 25 33 6 8 0 0 0 0 0 0 0 0 35 1 253516 338392 479006 619142 688838 406060 794422 494174 680728 718816 617190 278602 39370 123782 168518 128750 277372 63152 78110 253662 2073600 2073600 4 11 200272 994560 993600 60461 65253 37559 36999 11 11 11 11 206 4 4 4 4 
[ 8628.410859] MESSAGE_B= 4 4 4 6 30 1 192 0 248 179 0 1867 2430 1638 2112 2024 2239 1760 1935 102 116 112 132 186 168 189 146 0 31 229 255 200 235 51 113 31 127 0 0 0 0 0 0 0 0 30 1 215518 332100 479006 619142 688838 406060 794422 494174 680728 718816 617190 278602 39370 123782 168518 128750 277372 63152 78110 253662 2073600 2073600 4 10 210779 990720 993600 56579 65770 48699 47002 10 10 11 10 134 4 4 4 4 
[ 8628.688861] MESSAGE_B= 0 4 4 6 17 1 192 0 248 179 0 2103 2384 1889 2114 2127 2248 1865 1962 137 132 140 136 136 135 119 125 0 31 251 250 217 245 99 25 70 33 0 0 0 0 0 0 0 0 17 1 304826 253318 479006 619142 688838 406060 794422 494174 680728 718816 617190 278602 39370 123782 168518 128750 277372 63152 78110 253662 2073600 2073600 2 11 107489 994560 993600 29183 29604 26791 21911 11 11 11 11 134 4 4 4 4 
[ 8628.968698] MESSAGE_B= 4 4 4 46 18 1 192 0 248 179 0 2034 2521 1779 2314 1869 2194 1786 2124 188 121 172 110 129 135 135 130 0 31 253 237 219 243 64 49 99 50 0 0 0 0 0 0 0 0 18 1 140062 330670 479006 619142 688838 406060 794422 494174 680728 718816 617190 278602 39370 123782 168518 128750 277372 63152 78110 253662 2073600 2073600 4 11 75462 990720 993600 26285 26577 20070 29305 11 11 18 15 171 4 4 4 4 
[ 8629.245854] MESSAGE_B= 4 4 4 61 21 1 192 0 248 179 0 1956 2174 1687 1936 1804 1910 1586 1696 191 203 161 202 113 266 131 222 0 31 254 251 214 252 143 103 164 73 0 0 0 0 0 0 0 0 21 1 239958 332882 479006 619142 688838 406060 794422 494174 680728 718816 617190 278602 39370 123782 168518 128750 277372 63152 78110 253662 2073600 2073600 4 11 180621 994560 993600 46250 49191 38712 46468 11 11 11 11 171 4 4 4 4 
[ 8629.524864] MESSAGE_B= 0 7 4 8 20 1 192 0 248 179 0 1639 1929 1443 1723 1712 1839 1453 1548 175 235 112 234 157 284 178 239 0 31 75 235 243 255 40 115 95 134 0 0 0 0 0 0 0 0 20 1 418152 308558 479006 619142 688838 406060 794422 494174 680728 718816 617190 278602 39370 123782 168518 128750 277372 63152 78110 253662 2073600 2073600 2 10 144267 990720 993600 51940 44015 41137 23629 10 10 11 10 102 4 4 20 20 
[ 8629.803872] MESSAGE_B= 4 4 4 34 24 1 192 0 248 179 0 1773 1900 1535 1682 1673 1754 1553 1562 207 353 147 246 109 303 132 251 0 31 121 240 194 251 32 141 72 79 0 0 0 0 0 0 0 0 24 1 268634 275772 479006 619142 688838 406060 794422 494174 680728 718816 617190 278602 39370 123782 168518 128750 277372 63152 78110 253662 2073600 2073600 4 11 176070 994560 993600 71641 52294 27530 57005 11 11 11 0 94 4 4 4 4 
[ 8630.090409] MESSAGE_B= 4 4 4 21 10 1 192 0 248 179 0 1349 1922 1439 1891 1333 1044 1408 1082 181 303 179 287 492 252 470 237 0 31 246 250 255 252 113 130 68 113 0 0 0 0 0 0 0 0 10 1 295580 467496 594248 783310 446594 402264 437538 204188 764110 749772 711114 418214 231506 478122 366142 353954 372192 201002 153696 432606 2073600 2073600 4 13 123185 990720 993600 21241 24503 39594 46666 12 13 12 13 94 4 4 4 4 
[ 8630.377188] MESSAGE_B= 4 4 4 49 14 1 192 0 248 179 0 1342 1425 1426 1416 1491 1072 1563 1105 224 237 216 222 438 262 414 249 0 31 251 248 254 252 140 15 116 23 0 0 0 0 0 0 0 0 14 1 149686 320510 594248 783310 446594 402264 437538 204188 764110 749772 711114 418214 231506 478122 366142 353954 372192 201002 153696 432606 2073600 2073600 4 12 102129 994560 993600 30119 23377 32983 36615 12 10 0 0 80 4 4 4 4 
[ 8630.553299] MESSAGE_B= 4 4 4 17 16 1 192 0 248 179 0 1343 1483 1422 1478 1544 1142 1606 1174 224 243 227 235 431 265 404 252 0 31 252 251 254 249 154 31 138 39 0 0 0 0 0 0 0 0 16 1 119092 383078 594248 783310 446594 402264 437538 204188 764110 749772 711114 418214 231506 478122 366142 353954 372192 201002 153696 432606 2073600 2073600 4 0 113460 990720 993600 30916 25067 39148 41193 12 13 0 0 80 4 4 4 4 
[ 8630.830892] MESSAGE_B= 4 4 4 22 17 1 192 0 248 179 0 1222 1493 1314 1485 1425 1042 1492 1082 214 241 210 241 431 269 399 259 0 31 251 252 255 253 147 0 141 20 0 0 0 0 0 0 0 0 17 1 165584 354486 594248 783310 446594 402264 437538 204188 764110 749772 711114 418214 231506 478122 366142 353954 372192 201002 153696 432606 2073600 2073600 4 12 136210 994560 993600 32793 30010 43513 34948 12 0 12 12 79 4 4 4 4 
[ 8631.109828] MESSAGE_B= 4 4 4 26 21 1 192 0 248 179 0 1357 1478 1434 1439 1577 1210 1607 1223 220 200 180 207 413 255 361 244 0 31 251 246 255 251 65 6 52 13 0 0 0 0 0 0 0 0 21 1 130174 331498 594248 783310 446594 402264 437538 204188 764110 749772 711114 418214 231506 478122 366142 353954 372192 201002 153696 432606 2073600 2073600 4 0 162125 990720 993600 38904 41729 40517 40975 0 0 0 0 79 4 4 4 4 
[ 8631.387861] MESSAGE_B= 4 4 4 22 31 1 192 0 248 179 0 1365 1531 1417 1475 1656 1322 1622 1297 297 219 284 215 463 283 399 240 0 31 253 243 254 251 138 4 137 27 0 0 0 0 0 0 0 0 31 1 179340 365798 594248 783310 446594 402264 437538 204188 764110 749772 711114 418214 231506 478122 366142 353954 372192 201002 153696 432606 2073600 2073600 4 0 125133 994560 993600 28008 24085 41005 39292 12 0 0 0 76 4 4 4 4 
[ 8631.664853] MESSAGE_B= 4 4 4 20 24 1 192 0 248 179 0 1210 1390 1261 1361 1485 1172 1456 1151 252 221 243 227 483 247 404 225 0 31 253 248 255 248 155 33 152 24 0 0 0 0 0 0 0 0 24 1 104778 297120 594248 783310 446594 402264 437538 204188 764110 749772 711114 418214 231506 478122 366142 353954 372192 201002 153696 432606 2073600 2073600 4 12 165261 990720 993600 39912 37395 44236 43718 12 12 12 12 76 4 4 4 4 
[ 8631.948847] MESSAGE_B= 4 4 4 47 31 1 192 0 248 179 0 1430 1567 1455 1537 1665 1254 1623 1268 302 185 269 178 419 291 354 271 0 31 251 244 254 250 119 6 99 19 0 0 0 0 0 0 0 0 31 1 178784 338396 594248 783310 446594 402264 437538 204188 764110 749772 711114 418214 231506 478122 366142 353954 372192 201002 153696 432606 2073600 2073600 4 0 214027 994560 993600 51585 56917 51936 53589 0 0 0 0 79 4 4 4 4 
[ 8632.105926] MESSAGE_B= 4 4 4 16 40 1 192 0 248 179 0 1507 1561 1505 1541 1686 1290 1666 1300 315 219 256 230 430 229 353 205 0 31 252 252 254 247 136 15 104 29 0 0 0 0 0 0 0 0 40 1 135772 328700 594248 783310 446594 402264 437538 204188 764110 749772 711114 418214 231506 478122 366142 353954 372192 201002 153696 432606 2073600 2073600 4 0 219875 990720 993600 47945 52883 58293 60754 0 0 0 0 79 4 4 4 4 
[ 8632.387864] MESSAGE_B= 4 4 4 13 41 1 192 0 248 179 0 1250 1350 1071 1213 1622 1613 1411 1382 219 404 178 360 233 198 230 187 0 31 249 253 240 244 92 151 47 133 0 0 0 0 0 0 0 0 41 1 167210 311348 285802 706998 418474 344246 230642 311540 709894 431734 347050 305140 53302 58898 269186 214264 212856 99036 136718 267338 2073600 2073600 4 12 190140 994560 993600 50365 55602 55485 47896 12 12 0 12 73 4 4 4 4 
[ 8632.674043] MESSAGE_B= 4 4 4 15 18 1 192 0 248 179 0 1357 1391 1185 1274 1562 1634 1410 1430 257 396 220 384 184 234 172 211 0 31 255 255 246 248 6 144 9 132 0 0 0 0 0 0 0 0 18 1 201130 309404 285802 706998 418474 344246 230642 311540 709894 431734 347050 305140 53302 58898 269186 214264 212856 99036 136718 267338 2073600 2073600 4 12 191306 990720 993600 49997 55291 55439 46226 12 12 0 12 73 4 4 4 4 
[ 8632.960075] MESSAGE_B= 0 4 4 9 16 1 192 0 248 179 0 1348 1343 1167 1184 1577 1583 1431 1385 266 356 229 321 218 206 219 196 0 31 254 255 249 249 46 113 42 109 0 0 0 0 0 0 0 0 16 1 296668 266682 285802 706998 418474 344246 230642 311540 709894 431734 347050 305140 53302 58898 269186 214264 212856 99036 136718 267338 2073600 2073600 2 12 195410 994560 993600 47951 55687 42200 49866 12 12 0 12 61 4 4 4 4 
[ 8633.237856] MESSAGE_B= 4 4 4 12 17 1 192 0 248 179 0 1225 1429 1062 1267 1717 1569 1541 1358 222 331 189 323 242 198 239 180 0 31 255 255 236 252 11 30 32 27 0 0 0 0 0 0 0 0 17 1 317938 375862 285802 706998 418474 344246 230642 311540 709894 431734 347050 305140 53302 58898 269186 214264 212856 99036 136718 267338 2073600 2073600 4 12 190251 990720 993600 53437 55461 52263 44104 12 12 0 12 63 4 4 4 4 
[ 8633.515841] MESSAGE_B= 4 4 4 11 20 1 192 0 248 179 0 1373 1484 1196 1314 1757 1753 1560 1532 235 306 205 291 300 264 255 176 0 31 255 255 242 189 71 22 91 23 0 0 0 0 0 0 0 0 20 1 273998 276514 285802 706998 418474 344246 230642 311540 709894 431734 347050 305140 53302 58898 269186 214264 212856 99036 136718 267338 2073600 2073600 4 12 165473 994560 993600 42874 53591 48457 46280 12 12 0 0 87 4 4 4 4 
[ 8633.793863] MESSAGE_B= 4 4 4 12 24 1 192 0 248 179 0 1420 1541 1262 1361 1756 1599 1507 1377 229 292 213 303 246 160 212 139 0 31 254 252 241 203 68 127 60 111 0 0 0 0 0 0 0 0 24 1 235856 416784 285802 706998 418474 344246 230642 311540 709894 431734 347050 305140 53302 58898 269186 214264 212856 99036 136718 267338 2073600 2073600 4 0 177702 990720 993600 44447 49921 58778 45975 12 12 0 0 87 4 4 4 4 
[ 8634.057089] MESSAGE_B= 4 4 4 9 20 1 192 0 248 179 0 1557 1360 1403 1186 1843 1658 1585 1376 189 215 171 226 190 154 158 154 0 31 253 253 227 240 70 15 44 12 0 0 0 0 0 0 0 0 20 1 274824 331296 285802 706998 418474 344246 230642 311540 709894 431734 347050 305140 53302 58898 269186 214264 212856 99036 136718 267338 2073600 2073600 4 12 162319 994560 993600 46805 51205 33663 36911 12 12 0 12 87 4 4 4 4 
[ 8634.336854] MESSAGE_B= 4 4 4 17 14 1 192 0 248 179 0 1767 1329 1578 1145 1806 1750 1593 1530 177 226 167 201 157 143 160 151 0 31 251 251 239 220 46 121 50 119 0 0 0 0 0 0 0 0 14 1 252354 378656 285802 706998 418474 344246 230642 311540 709894 431734 347050 305140 53302 58898 269186 214264 212856 99036 136718 267338 2073600 2073600 4 0 174257 990720 993600 41105 44585 53465 42292 0 12 0 0 95 4 4 4 4 
[ 8634.616856] MESSAGE_B= 4 4 4 14 34 1 192 0 248 179 0 1281 1288 1314 1337 1409 1104 1465 1186 418 223 401 220 295 241 268 215 0 31 255 251 254 252 63 28 46 23 0 0 0 0 0 0 0 0 34 1 256296 356592 285802 706998 418474 344246 230642 311540 709894 431734 347050 305140 53302 58898 269186 214264 212856 99036 136718 267338 2073600 2073600 4 12 159954 994560 993600 42056 37436 44020 36442 12 12 12 12 110 4 4 4 4 
[ 8634.774059] MESSAGE_B= 4 4 4 27 28 1 192 0 248 179 0 1217 1264 1266 1306 1375 1099 1410 1189 448 266 442 263 316 231 276 216 0 31 255 253 255 252 30 14 37 20 0 0 0 0 0 0 0 0 28 1 210612 319746 218320 450146 347062 510232 467456 557292 396982 495252 560808 395234 83070 139378 498740 465884 591250 270796 190008 299914 2073600 2073600 4 12 195523 990720 993600 48082 44099 53932 49410 12 12 12 12 110 4 4 4 4 
[ 8635.056885] MESSAGE_B= 4 4 4 45 29 1 192 0 248 179 0 1320 1268 1350 1299 1689 1211 1623 1261 490 299 464 280 298 240 236 218 0 31 255 254 249 251 88 34 33 53 0 0 0 0 0 0 0 0 29 1 161712 248086 218320 450146 347062 510232 467456 557292 396982 495252 560808 395234 83070 139378 498740 465884 591250 270796 190008 299914 2073600 2073600 4 12 143308 994560 993600 44188 38124 33447 32825 12 12 12 0 85 4 4 4 4 
[ 8635.334854] MESSAGE_B= 4 4 4 20 41 1 192 0 248 179 0 1379 1321 1404 1345 1669 1189 1666 1226 499 295 469 283 305 266 243 251 0 31 254 254 253 251 74 44 77 72 0 0 0 0 0 0 0 0 41 1 153632 224568 218320 450146 347062 510232 467456 557292 396982 495252 560808 395234 83070 139378 498740 465884 591250 270796 190008 299914 2073600 2073600 4 0 191089 990720 993600 41848 47173 46424 55644 0 0 0 0 70 4 4 4 4 
[ 8635.611854] MESSAGE_B= 4 4 4 16 38 1 192 0 248 179 0 1342 1286 1374 1307 1617 1124 1611 1142 469 289 456 280 320 242 282 235 0 31 255 253 251 251 86 100 42 123 0 0 0 0 0 0 0 0 38 1 184568 291136 218320 450146 347062 510232 467456 557292 396982 495252 560808 395234 83070 139378 498740 465884 591250 270796 190008 299914 2073600 2073600 4 12 189085 994560 993600 48045 46548 47622 46870 12 12 12 12 90 4 4 4 4 
[ 8635.895854] MESSAGE_B= 4 4 4 58 32 1 192 0 248 179 0 1371 1263 1392 1294 1591 1283 1646 1304 524 315 495 299 304 260 273 242 0 31 255 254 254 252 59 2 60 41 0 0 0 0 0 0 0 0 32 1 127166 269760 218320 450146 347062 510232 467456 557292 396982 495252 560808 395234 83070 139378 498740 465884 591250 270796 190008 299914 2073600 2073600 4 12 132090 990720 993600 43784 37450 39991 43413 12 12 0 0 90 4 4 4 4 
[ 8636.181296] MESSAGE_B= 4 4 4 19 33 1 192 0 248 179 0 1380 1209 1414 1243 1567 1284 1592 1310 518 309 503 297 323 252 250 236 0 31 255 254 250 252 58 28 101 5 0 0 0 0 0 0 0 0 33 1 192900 280548 218320 450146 347062 510232 467456 557292 396982 495252 560808 395234 83070 139378 498740 465884 591250 270796 190008 299914 2073600 2073600 4 12 147540 994560 993600 44122 36801 36450 31319 12 12 12 0 61 4 4 4 4 
[ 8636.468857] MESSAGE_B= 4 4 4 52 20 1 192 0 248 179 0 1287 1196 1341 1223 1516 1253 1537 1280 401 309 409 290 318 247 238 236 0 31 255 254 245 252 0 71 64 53 0 0 0 0 0 0 0 0 20 1 163424 207362 218320 450146 347062 510232 467456 557292 396982 495252 560808 395234 83070 139378 498740 465884 591250 270796 190008 299914 2073600 2073600 4 12 148447 990720 993600 45091 37910 38089 30551 12 0 12 12 71 4 4 4 4 
[ 8636.747847] MESSAGE_B= 4 4 4 22 35 1 192 0 248 179 0 1430 1716 1404 1628 1482 1249 1484 1179 245 416 209 393 217 249 211 233 0 31 247 254 254 249 40 144 44 132 0 0 0 0 0 0 0 0 35 1 191956 362842 218320 450146 347062 510232 467456 557292 396982 495252 560808 395234 83070 139378 498740 465884 591250 270796 190008 299914 2073600 2073600 4 12 163474 994560 993600 37731 32313 50137 53337 11 12 12 12 71 4 4 4 4 
[ 8637.027865] MESSAGE_B= 4 4 4 15 30 1 192 0 248 179 0 1572 1713 1546 1636 1621 1214 1624 1178 162 457 175 447 172 273 164 281 0 31 254 255 253 251 59 76 72 61 0 0 0 0 0 0 0 0 30 1 265016 275808 218320 450146 347062 510232 467456 557292 396982 495252 560808 395234 83070 139378 498740 465884 591250 270796 190008 299914 2073600 2073600 4 0 145863 990720 993600 48468 45534 46228 48943 0 0 12 12 66 4 4 4 4 
[ 8637.185861] MESSAGE_B= 4 4 4 14 36 1 192 0 248 179 0 1614 1794 1575 1684 1715 1227 1674 1170 222 450 234 425 140 341 169 314 0 31 249 254 230 249 28 43 25 46 0 0 0 0 0 0 0 0 36 1 206194 317834 404084 480838 298298 537514 373910 292030 568276 413518 509512 320080 67818 94858 233288 234466 226644 57938 269038 147170 2073600 2073600 4 0 160164 994560 993600 50327 47324 40822 47518 0 0 12 12 63 4 4 4 4 
[ 8637.468671] MESSAGE_B= 4 4 4 29 10 1 192 0 248 179 0 1127 1187 1164 1198 1599 1457 1674 1456 409 389 397 364 227 239 219 221 0 31 254 253 234 251 116 124 120 132 0 0 0 0 0 0 0 0 10 1 196730 301182 404084 480838 298298 537514 373910 292030 568276 413518 509512 320080 67818 94858 233288 234466 226644 57938 269038 147170 2073600 2073600 4 0 170741 990720 993600 52507 45328 48451 47345 12 12 0 0 96 4 4 4 4 
[ 8637.754857] MESSAGE_B= 4 4 4 14 9 1 192 0 248 179 0 1180 1166 1208 1179 1473 1417 1573 1414 351 378 334 364 227 253 227 238 0 31 254 254 243 251 164 125 146 121 0 0 0 0 0 0 0 0 9 1 203278 537172 404084 480838 298298 537514 373910 292030 568276 413518 509512 320080 67818 94858 233288 234466 226644 57938 269038 147170 2073600 2073600 4 0 146800 994560 993600 52934 42852 40417 39359 12 12 0 0 96 4 4 4 4 
[ 8638.052246] MESSAGE_B= 0 4 4 29 8 1 192 0 248 179 0 1106 1086 1151 1120 1390 1378 1492 1381 320 351 298 340 257 266 260 251 0 31 254 255 250 250 146 149 138 139 0 0 0 0 0 0 0 0 8 1 141196 348080 404084 480838 298298 537514 373910 292030 568276 413518 509512 320080 67818 94858 233288 234466 226644 57938 269038 147170 2073600 2073600 2 12 167545 990720 993600 56534 52685 31825 26831 12 12 12 13 78 4 4 4 4 
[ 8638.329854] MESSAGE_B= 4 4 4 33 10 1 192 0 248 179 0 1209 1178 1241 1204 1545 1512 1640 1510 340 391 317 365 259 269 242 244 0 31 254 255 251 250 124 140 128 135 0 0 0 0 0 0 0 0 10 1 235928 475584 404084 480838 298298 537514 373910 292030 568276 413518 509512 320080 67818 94858 233288 234466 226644 57938 269038 147170 2073600 2073600 4 12 130092 994560 993600 48920 43756 38852 36224 12 12 0 0 65 4 4 4 4 
[ 8638.608845] MESSAGE_B= 4 4 4 22 9 1 192 0 248 179 0 1089 1030 1123 1067 1370 1390 1446 1401 300 347 291 338 273 268 236 253 0 31 254 255 253 252 112 143 104 144 0 0 0 0 0 0 0 0 9 1 136800 289078 404084 480838 298298 537514 373910 292030 568276 413518 509512 320080 67818 94858 233288 234466 226644 57938 269038 147170 2073600 2073600 4 12 198069 990720 993600 64703 63404 37238 32724 12 12 12 12 61 4 4 4 4 
[ 8638.768861] MESSAGE_B= 0 4 4 53 8 1 192 0 248 179 0 1668 1856 1668 1824 1736 1803 1740 1718 186 567 182 561 404 383 359 330 0 12 228 253 251 250 124 28 96 23 0 0 0 0 0 2 0 2 8 1 279908 574976 404084 480838 298298 537514 373910 292030 568276 413518 509512 320080 67818 94858 233288 234466 226644 57938 269038 147170 2073600 2073600 2 12 203798 994560 993600 66804 66125 38459 32410 12 12 12 12 43 4 4 4 4 
[ 8639.051855] MESSAGE_B= 4 4 4 31 9 1 192 0 248 179 0 1118 1093 1143 1119 1481 1507 1540 1489 287 366 257 346 262 270 233 245 0 31 254 255 249 253 61 172 51 174 0 0 0 0 0 0 0 0 9 1 124890 263460 404084 480838 298298 537514 373910 292030 568276 413518 509512 320080 67818 94858 233288 234466 226644 57938 269038 147170 2073600 2073600 4 12 151531 990720 993600 59243 50178 33446 30505 12 12 0 0 40 4 4 4 4 
[ 8639.332062] MESSAGE_B= 4 4 4 12 10 1 192 0 248 179 0 1617 1674 1666 1725 1536 1529 1575 1505 231 265 180 268 251 256 221 244 0 31 248 252 249 252 38 14 24 38 0 0 0 0 0 0 0 0 10 1 283332 547030 404084 480838 298298 537514 373910 292030 568276 413518 509512 320080 67818 94858 233288 234466 226644 57938 269038 147170 2073600 2073600 4 2 155594 994560 993600 60243 61754 27469 26312 2 2 0 1 107 4 4 4 4 
[ 8639.613637] MESSAGE_B= 0 4 4 13 8 1 192 0 248 179 0 1254 1225 1298 1268 1583 1588 1675 1563 300 313 288 303 246 256 220 237 0 31 251 254 247 253 70 140 75 130 0 0 0 0 0 0 0 0 8 1 119922 250148 625014 496306 248226 726666 548180 565754 642742 536692 835330 221458 66506 86894 231562 291532 210368 89146 184708 349584 2073600 2073600 2 0 104368 990720 993600 29122 28463 32842 30884 12 1 0 0 107 4 4 4 4 
[ 8639.893863] MESSAGE_B= 0 4 4 15 7 1 192 0 248 179 0 1702 1849 1738 1858 1808 1872 1855 1790 468 515 447 453 230 296 219 267 0 31 255 254 243 249 176 118 193 92 0 0 0 0 0 0 0 0 7 1 195126 502230 625014 496306 248226 726666 548180 565754 642742 536692 835330 221458 66506 86894 231562 291532 210368 89146 184708 349584 2073600 2073600 2 2 129906 994560 993600 45998 47054 27076 26844 2 2 1 1 93 4 4 4 4 
[ 8640.174361] MESSAGE_B= 4 4 4 14 15 1 192 0 248 179 0 1348 1460 1427 1476 1630 1612 1738 1582 315 428 328 393 249 228 243 200 0 31 254 255 245 247 8 53 47 42 0 0 0 0 0 0 0 0 15 1 106286 196002 625014 496306 248226 726666 548180 565754 642742 536692 835330 221458 66506 86894 231562 291532 210368 89146 184708 349584 2073600 2073600 4 2 95475 990720 993600 26260 35937 28572 24915 2 2 0 0 93 4 4 4 4 
[ 8640.454851] MESSAGE_B= 4 4 4 14 10 1 192 0 248 179 0 1459 1488 1544 1539 1695 1650 1748 1664 408 426 411 391 317 283 282 251 0 31 255 254 249 253 32 53 9 53 0 0 0 0 0 0 0 0 10 1 95438 423086 625014 496306 248226 726666 548180 565754 642742 536692 835330 221458 66506 86894 231562 291532 210368 89146 184708 349584 2073600 2073600 4 2 177347 994560 993600 60011 64372 26637 26327 2 2 2 2 104 4 4 4 4 
[ 8640.734850] MESSAGE_B= 4 4 4 12 21 1 192 0 248 179 0 1632 1864 1667 1888 1607 1397 1647 1392 195 225 146 194 227 167 197 159 0 31 246 240 247 246 155 205 137 186 0 0 0 0 0 0 0 0 21 1 87066 254650 625014 496306 248226 726666 548180 565754 642742 536692 835330 221458 66506 86894 231562 291532 210368 89146 184708 349584 2073600 2073600 4 2 163018 990720 993600 56860 57563 25183 23412 2 2 2 2 104 4 4 4 4 
[ 8641.023850] MESSAGE_B= 4 4 4 12 13 1 192 0 248 179 0 1614 1592 1692 1611 1931 1638 1941 1640 499 350 491 296 357 232 297 232 0 31 255 252 253 250 111 47 122 43 0 0 0 0 0 0 0 0 13 1 114842 416868 625014 496306 248226 726666 548180 565754 642742 536692 835330 221458 66506 86894 231562 291532 210368 89146 184708 349584 2073600 2073600 4 2 120245 994560 993600 38795 45604 25590 21971 2 2 1 1 89 4 4 4 4 
[ 8641.179852] MESSAGE_B= 4 4 4 15 11 1 192 0 248 179 0 1887 1975 2027 2100 1241 1515 1345 1569 541 429 603 486 366 284 405 328 0 31 209 234 254 247 114 82 111 101 0 0 0 0 2 2 2 2 11 1 84298 238852 625014 496306 248226 726666 548180 565754 642742 536692 835330 221458 66506 86894 231562 291532 210368 89146 184708 349584 2073600 2073600 4 2 143424 990720 993600 59026 60353 22103 19581 2 2 12 12 80 4 4 4 4 
[ 8641.466712] MESSAGE_B= 4 4 4 34 20 1 192 0 248 179 0 1258 1504 1359 1617 1105 1359 1203 1428 312 219 327 242 327 262 362 298 0 31 254 252 255 251 89 32 85 63 0 0 0 0 0 0 0 0 20 1 89210 469524 625014 496306 248226 726666 548180 565754 642742 536692 835330 221458 66506 86894 231562 291532 210368 89146 184708 349584 2073600 2073600 4 10 133934 994560 993600 51604 50112 24945 24082 10 10 12 0 74 4 4 4 4 
[ 8641.753623] MESSAGE_B= 4 4 4 30 12 1 192 0 248 179 0 1588 1508 1708 1622 1337 1453 1437 1522 262 194 252 189 364 331 399 377 0 31 254 252 255 252 161 134 159 115 0 0 0 0 0 0 0 0 12 1 101572 309466 625014 496306 248226 726666 548180 565754 642742 536692 835330 221458 66506 86894 231562 291532 210368 89146 184708 349584 2073600 2073600 4 14 121632 990720 993600 36038 34998 35497 35204 14 15 13 13 115 4 4 4 4 
[ 8642.040116] MESSAGE_B= 4 4 4 39 30 1 192 0 248 179 0 1326 1584 1430 1702 1185 1417 1296 1490 350 223 360 247 349 336 380 384 0 31 254 252 255 253 99 20 98 5 0 0 0 0 0 0 0 0 30 1 94172 385790 567630 190058 344446 433896 593938 384730 482048 307446 406342 197946 82258 103242 289700 241356 199762 125512 62814 195472 2073600 2073600 4 10 106308 994560 993600 46465 46153 31053 32492 9 9 11 11 145 4 4 4 4 
[ 8642.320858] MESSAGE_B= 4 4 4 17 20 1 192 0 248 179 0 1374 1372 1468 1471 1275 1478 1389 1536 413 243 422 255 406 373 429 415 0 31 255 252 255 254 191 153 194 137 0 0 0 0 0 0 0 0 20 1 76362 411250 567630 190058 344446 433896 593938 384730 482048 307446 406342 197946 82258 103242 289700 241356 199762 125512 62814 195472 2073600 2073600 4 9 139162 990720 993600 56599 57163 29116 25167 9 9 13 14 145 4 4 4 4 
[ 8642.600475] MESSAGE_B= 4 4 4 38 29 1 192 0 248 179 0 1328 1651 1443 1793 1151 1297 1265 1376 250 184 256 213 291 337 320 358 0 31 253 250 252 254 36 158 51 180 0 0 0 0 0 0 0 0 29 1 122540 489550 567630 190058 344446 433896 593938 384730 482048 307446 406342 197946 82258 103242 289700 241356 199762 125512 62814 195472 2073600 2073600 4 13 116225 994560 993600 29097 27255 40213 35691 14 14 12 12 87 4 4 4 4 
[ 8642.758857] MESSAGE_B= 4 4 4 35 36 1 192 0 248 179 0 1673 1658 1811 1785 1400 1422 1533 1500 316 214 317 236 347 404 386 439 0 31 253 253 252 254 71 56 75 82 0 0 0 0 0 0 0 0 36 1 82358 345620 567630 190058 344446 433896 593938 384730 482048 307446 406342 197946 82258 103242 289700 241356 199762 125512 62814 195472 2073600 2073600 4 13 98775 990720 993600 26524 23084 34893 35156 14 15 13 13 146 4 4 4 4 
[ 8643.036900] MESSAGE_B= 4 4 4 32 19 1 192 0 248 179 0 1168 1275 1254 1369 1127 1264 1231 1330 273 166 279 164 310 330 325 362 0 31 254 249 253 254 173 119 179 110 0 0 0 0 0 0 0 0 19 1 146086 433332 567630 190058 344446 433896 593938 384730 482048 307446 406342 197946 82258 103242 289700 241356 199762 125512 62814 195472 2073600 2073600 4 9 143658 994560 993600 60594 60984 25542 28990 9 9 10 10 146 4 4 4 4 
[ 8643.318846] MESSAGE_B= 4 4 4 19 28 1 192 0 248 179 0 1433 1522 1552 1649 1295 1498 1417 1583 424 253 445 276 407 402 435 458 0 31 255 251 253 254 176 74 180 43 0 0 0 0 0 0 0 0 28 1 74948 324712 567630 190058 344446 433896 593938 384730 482048 307446 406342 197946 82258 103242 289700 241356 199762 125512 62814 195472 2073600 2073600 4 9 129672 990720 993600 53144 52565 28189 24896 9 9 13 14 113 4 4 4 4 
[ 8643.605562] MESSAGE_B= 4 4 4 48 34 1 192 0 248 179 0 1563 1377 1564 1378 1534 1153 1504 1189 361 241 318 230 489 243 411 220 0 31 253 252 255 254 143 61 140 66 0 0 0 0 0 0 0 0 34 1 144026 596422 567630 190058 344446 433896 593938 384730 482048 307446 406342 197946 82258 103242 289700 241356 199762 125512 62814 195472 2073600 2073600 4 13 94849 994560 993600 30247 32636 27936 33205 9 9 12 13 107 4 4 4 4 
[ 8643.885855] MESSAGE_B= 4 4 4 21 19 1 192 0 248 179 0 1850 1802 1866 1760 1704 1318 1706 1331 413 203 382 183 402 205 341 193 0 31 255 251 254 250 61 56 49 40 0 0 0 0 0 0 0 0 19 1 122604 363438 567630 190058 344446 433896 593938 384730 482048 307446 406342 197946 82258 103242 289700 241356 199762 125512 62814 195472 2073600 2073600 4 13 99147 990720 993600 25308 30624 29299 27408 13 14 0 13 107 4 4 4 4 
[ 8644.164845] MESSAGE_B= 4 4 4 23 18 1 192 0 248 179 0 1416 1377 1461 1375 1585 1238 1619 1246 351 255 329 231 454 258 406 244 0 31 255 252 254 252 128 97 113 86 0 0 0 0 0 0 0 0 18 1 109456 293174 567630 190058 344446 433896 593938 384730 482048 307446 406342 197946 82258 103242 289700 241356 199762 125512 62814 195472 2073600 2073600 4 9 99612 994560 993600 38063 36718 21813 22992 9 9 10 10 76 4 4 4 4 
[ 8644.443013] MESSAGE_B= 4 4 4 21 19 1 192 0 248 179 0 1601 1713 1644 1695 1673 1450 1708 1438 537 256 518 211 291 200 261 195 0 31 255 252 251 249 107 101 83 99 0 0 0 0 0 0 0 0 19 1 114208 408874 420382 781778 618414 379606 590570 447736 858156 306812 482886 217420 73234 72622 138032 145530 165240 76926 123010 219094 2073600 2073600 4 13 87443 990720 993600 22410 22275 33429 31647 10 10 13 13 132 4 4 4 4 
[ 8644.720864] MESSAGE_B= 4 4 4 16 15 1 192 0 248 179 0 1429 1587 1483 1586 1667 1413 1710 1421 405 194 394 170 319 230 280 218 0 31 255 253 253 247 166 45 147 59 0 0 0 0 0 0 0 0 15 1 121016 534342 420382 781778 618414 379606 590570 447736 858156 306812 482886 217420 73234 72622 138032 145530 165240 76926 123010 219094 2073600 2073600 4 16 75578 994560 993600 28059 30541 28438 25324 15 16 0 0 132 4 4 4 4 
[ 8645.000563] MESSAGE_B= 4 4 4 26 13 1 192 0 248 179 0 1390 1559 1454 1571 1500 1262 1563 1282 498 264 480 247 241 177 215 197 0 31 255 252 251 250 142 111 126 120 0 0 0 0 0 0 0 0 13 1 117514 363110 420382 781778 618414 379606 590570 447736 858156 306812 482886 217420 73234 72622 138032 145530 165240 76926 123010 219094 2073600 2073600 4 10 93943 990720 993600 29801 30205 25743 26005 9 9 10 10 93 4 4 4 4 
[ 8645.281850] MESSAGE_B= 4 4 4 29 11 1 192 0 248 179 0 1211 1291 1293 1324 1425 1279 1511 1304 337 201 334 189 353 259 328 261 0 31 255 254 253 251 168 88 140 75 0 0 0 0 0 0 0 0 11 1 155324 470644 420382 781778 618414 379606 590570 447736 858156 306812 482886 217420 73234 72622 138032 145530 165240 76926 123010 219094 2073600 2073600 4 9 108657 994560 993600 43616 43212 26807 28763 9 9 12 13 94 4 4 4 4 
[ 8645.561931] MESSAGE_B= 4 4 4 53 13 1 192 0 248 179 0 1316 1496 1388 1512 1390 1303 1485 1323 375 316 367 313 299 233 265 236 0 31 255 253 251 252 130 117 119 137 0 0 0 0 0 0 0 0 13 1 128140 351218 420382 781778 618414 379606 590570 447736 858156 306812 482886 217420 73234 72622 138032 145530 165240 76926 123010 219094 2073600 2073600 4 10 90587 990720 993600 28892 30692 22725 24161 9 9 10 13 112 4 4 4 4 
[ 8645.723302] MESSAGE_B= 4 4 4 27 16 1 192 0 248 179 0 1258 1451 1325 1474 1281 1157 1374 1196 460 336 461 328 340 304 317 295 0 31 255 253 253 254 162 37 151 71 0 0 0 0 0 0 0 0 16 1 145722 576208 420382 781778 618414 379606 590570 447736 858156 306812 482886 217420 73234 72622 138032 145530 165240 76926 123010 219094 2073600 2073600 4 0 133349 994560 993600 35642 33245 33361 34358 12 0 0 0 112 4 4 4 4 
[ 8646.003857] MESSAGE_B= 4 4 4 17 23 1 192 0 248 179 0 1022 1278 945 1224 1018 1304 965 1239 118 298 116 275 308 382 301 329 0 31 242 252 252 251 140 35 146 46 0 0 0 0 0 0 0 0 23 1 161672 422280 420382 781778 618414 379606 590570 447736 858156 306812 482886 217420 73234 72622 138032 145530 165240 76926 123010 219094 2073600 2073600 4 0 120089 990720 993600 35514 39341 36591 36271 12 12 0 0 190 4 4 4 4 
[ 8646.282847] MESSAGE_B= 4 4 4 21 29 1 192 0 248 179 0 1430 1495 1327 1444 1200 1481 1133 1441 224 279 200 248 319 445 328 405 0 31 243 242 249 251 44 48 48 84 0 0 0 0 0 0 0 0 29 1 98278 273986 420382 781778 618414 379606 590570 447736 858156 306812 482886 217420 73234 72622 138032 145530 165240 76926 123010 219094 2073600 2073600 4 11 87773 994560 993600 23865 24407 26632 26876 11 11 13 13 190 4 4 4 4 
[ 8646.562858] MESSAGE_B= 4 4 4 18 21 1 192 0 248 179 0 1049 1477 970 1409 1023 1593 966 1552 140 312 126 269 348 424 342 411 0 31 249 249 253 251 140 60 139 84 0 0 0 0 0 0 0 0 21 1 75694 351690 420382 781778 618414 379606 590570 447736 858156 306812 482886 217420 73234 72622 138032 145530 165240 76926 123010 219094 2073600 2073600 4 11 120082 990720 993600 32246 30774 34563 33266 11 11 0 0 72 4 4 4 4 
[ 8646.840525] MESSAGE_B= 4 4 4 11 37 1 192 0 248 179 0 1492 1480 1382 1432 1267 1418 1188 1349 208 273 191 258 346 451 348 398 0 31 240 245 251 249 8 98 10 120 0 0 0 0 0 0 0 0 37 1 93242 423466 524440 1113438 352742 607570 485302 316730 454802 427698 467724 127782 104322 76426 219160 194418 207634 63166 51880 131892 2073600 2073600 4 11 116244 994560 993600 27926 28794 28490 31034 11 11 11 11 105 4 4 4 4 
[ 8647.127691] MESSAGE_B= 4 4 4 19 22 1 192 0 248 179 0 1090 1386 1020 1329 1055 1377 1008 1322 134 318 118 284 323 406 313 368 0 31 246 251 253 253 129 40 144 55 0 0 0 0 0 0 0 0 22 1 64160 253948 524440 1113438 352742 607570 485302 316730 454802 427698 467724 127782 104322 76426 219160 194418 207634 63166 51880 131892 2073600 2073600 4 11 174565 990720 993600 43470 42359 43146 45590 11 11 11 11 105 4 4 4 4 
[ 8647.410848] MESSAGE_B= 4 4 4 9 33 1 192 0 248 179 0 1449 1548 1349 1513 1239 1646 1170 1595 212 273 193 237 332 422 337 395 0 31 241 239 252 251 66 71 63 120 0 0 0 0 0 0 0 0 33 1 104510 430998 524440 1113438 352742 607570 485302 316730 454802 427698 467724 127782 104322 76426 219160 194418 207634 63166 51880 131892 2073600 2073600 4 11 82659 994560 993600 22256 23676 24540 24864 11 11 13 13 50 4 4 4 4 
[ 8647.696844] MESSAGE_B= 4 4 4 23 18 1 192 0 248 179 0 1072 1454 1005 1394 1038 1568 989 1511 117 330 99 285 341 415 336 398 0 31 247 251 254 252 75 56 85 82 0 0 0 0 0 0 0 0 18 1 61174 254790 524440 1113438 352742 607570 485302 316730 454802 427698 467724 127782 104322 76426 219160 194418 207634 63166 51880 131892 2073600 2073600 4 11 159413 990720 993600 41741 42549 37206 37917 11 11 11 11 50 4 4 4 4 
