[  163.971854] MESSAGE_B= 0 0 0 108 2 3 192 0 248 179 0 0 2165 0 2135 1248 1413 1752 1713 0 539 0 637 261 232 54 710 0 12 0 169 29 188 0 35 5 91 1 2 2 2 1 2 2 2 2 3 52922 29796 25788 95806 2 2 2 2 271724 183306 84072 319562 78178 2 2 2 2 165782 168288 152012 2073600 2073600 3 12 403932 990720 993600 115012 86958 112080 89882 12 12 12 12 86 0 0 0 0 
[  164.133868] MESSAGE_B= 0 0 0 111 2 4 192 0 248 179 0 0 2030 0 1809 0 1334 0 2188 0 507 0 377 0 305 0 1010 0 12 0 140 0 102 0 75 182 0 1 2 1 0 1 2 2 1 2 4 345280 223768 25788 95806 2 2 2 2 271724 183306 84072 319562 78178 2 2 2 2 165782 168288 152012 2073600 2073600 3 12 443677 994560 993600 119512 100011 125532 98622 12 12 12 12 84 0 0 0 0 
[  164.412665] MESSAGE_B= 0 0 0 128 1 2 192 0 248 179 0 0 16 0 640 1002 0 79 0 0 0 0 0 0 0 0 0 1 12 0 0 0 1 0 50 0 0 0 0 0 0 0 0 0 0 1 2 264002 314178 25788 95806 2 2 2 2 271724 183306 84072 319562 78178 2 2 2 2 165782 168288 152012 2073600 2073600 3 12 472209 990720 993600 110769 122574 119383 119483 12 12 12 12 93 0 0 0 0 
[  164.682857] MESSAGE_B= 0 0 0 123 0 1 192 0 248 179 0 1786 1845 1206 2008 0 0 0 0 238 436 423 225 0 0 0 0 0 12 39 5 0 0 229 31 0 0 2 0 1 1 2 0 1 1 0 1 101480 196252 25788 95806 2 2 2 2 271724 183306 84072 319562 78178 2 2 2 2 165782 168288 152012 2073600 2073600 3 12 436745 994560 993600 104636 110958 105001 116150 12 12 12 12 93 0 0 0 0 
[  165.084875] MESSAGE_B= 0 0 0 114 0 1 192 0 248 179 0 1716 1610 1733 2288 922 1990 2759 1443 205 385 538 129 85 164 103 228 0 12 246 33 177 139 161 19 0 169 2 0 2 0 2 0 1 0 0 1 133904 107620 25788 95806 2 2 2 2 271724 183306 84072 319562 78178 2 2 2 2 165782 168288 152012 2073600 2073600 3 12 411784 990720 993600 101955 103330 107298 99201 12 12 12 12 72 5 0 0 0 
[  165.251549] MESSAGE_B= 0 0 0 117 1 1 192 0 248 179 0 1464 1179 1563 2459 1842 1017 2211 989 264 182 511 173 452 93 225 315 0 12 241 63 112 44 223 110 0 11 0 2 2 2 2 2 1 2 1 1 163922 35134 25788 95806 2 2 2 2 271724 183306 84072 319562 78178 2 2 2 2 165782 168288 152012 2073600 2073600 1 12 442862 994560 993600 115117 101792 111135 114818 12 12 12 12 92 0 0 0 0 
[  165.526858] MESSAGE_B= 0 0 0 139 1 1 192 0 248 179 0 0 1581 0 1295 0 2400 0 880 0 614 0 266 0 0 0 0 0 12 0 31 0 0 127 83 0 0 1 2 1 2 2 2 1 2 1 1 17142 39016 25788 95806 2 2 2 2 271724 183306 84072 319562 78178 2 2 2 2 165782 168288 152012 2073600 2073600 1 12 423411 990720 993600 89796 113873 91964 127778 12 12 12 12 92 0 0 0 0 
[  165.797940] MESSAGE_B= 0 0 0 148 0 2 192 0 248 179 0 2579 0 1021 0 1857 0 1945 0 332 0 380 0 635 0 517 0 0 12 30 0 54 0 36 117 55 0 2 1 2 1 2 2 2 1 0 2 278952 78064 25788 95806 2 2 2 2 271724 183306 84072 319562 78178 2 2 2 2 165782 168288 152012 2073600 2073600 3 12 392328 994560 993600 87232 126771 66781 111544 12 12 12 12 90 0 0 0 0 
[  166.069853] MESSAGE_B= 0 0 0 146 2 2 192 0 248 179 0 1072 0 3072 0 1976 1732 2246 1938 253 0 103 0 1133 749 195 335 0 12 189 0 138 211 0 40 95 0 2 1 2 2 1 2 2 1 2 2 539860 37334 25788 95806 2 2 2 2 271724 183306 84072 319562 78178 2 2 2 2 165782 168288 152012 2073600 2073600 1 12 381804 990720 993600 108692 104445 85239 83428 12 12 12 12 90 0 0 0 0 
[  166.353144] MESSAGE_B= 0 0 0 147 3 6 192 0 248 179 0 1639 0 2764 0 2381 1697 2885 1417 1070 0 235 0 1084 141 305 301 0 12 208 0 150 225 0 163 56 0 2 1 2 2 1 2 0 1 3 6 87342 321422 323530 149658 11726 189738 46048 79644 287012 224264 257018 189500 198530 84626 128786 191078 76792 382602 828766 559208 2073600 2073600 3 12 342594 994560 993600 84635 88668 88291 81000 12 12 12 12 90 0 0 0 0 
[  166.634861] MESSAGE_B= 0 0 0 153 2 7 192 0 248 179 0 2194 0 2541 0 2705 0 2153 0 1257 0 248 0 1227 0 426 0 0 12 158 0 75 0 0 205 68 0 2 1 2 1 1 2 0 1 2 7 109986 120782 323530 149658 11726 189738 46048 79644 287012 224264 257018 189500 198530 84626 128786 191078 76792 382602 828766 559208 2073600 2073600 3 12 342191 990720 993600 62088 90264 84581 105258 12 12 12 12 84 0 0 0 0 
[  166.793851] MESSAGE_B= 0 0 0 145 2 3 192 0 248 179 0 1879 0 1872 0 2273 2568 1359 1332 1086 0 688 0 989 545 757 510 0 12 68 0 166 195 0 229 143 174 2 1 2 2 1 2 2 2 2 3 291184 338158 323530 149658 11726 189738 46048 79644 287012 224264 257018 189500 198530 84626 128786 191078 76792 382602 828766 559208 2073600 2073600 3 12 369837 994560 993600 83814 86758 94250 105015 12 12 12 12 95 0 0 0 0 
[  167.071872] MESSAGE_B= 0 0 0 145 0 2 192 0 248 179 0 0 3040 0 1424 0 1446 0 1616 0 0 0 0 0 816 0 709 0 12 0 0 0 203 0 0 165 159 1 2 1 2 1 1 2 0 0 2 99038 533726 323530 149658 11726 189738 46048 79644 287012 224264 257018 189500 198530 84626 128786 191078 76792 382602 828766 559208 2073600 2073600 3 12 410118 990720 993600 111941 79543 122774 95860 12 12 12 12 95 0 0 0 0 
[  167.350176] MESSAGE_B= 0 0 0 163 0 3 192 0 248 179 0 0 2634 0 1866 0 1960 0 1199 0 72 0 208 0 468 0 425 0 12 0 93 0 221 0 0 0 38 1 2 1 2 1 1 1 0 0 3 406514 250866 323530 149658 11726 189738 46048 79644 287012 224264 257018 189500 198530 84626 128786 191078 76792 382602 828766 559208 2073600 2073600 3 12 440165 994560 993600 113631 93646 125407 107481 12 12 12 12 90 0 0 0 0 
[  167.625487] MESSAGE_B= 0 0 0 177 0 2 192 0 248 179 0 0 3299 0 1732 0 2961 0 802 0 252 0 565 0 818 0 128 0 12 0 140 0 69 0 0 0 0 1 0 1 0 1 1 1 1 0 2 196664 342626 323530 149658 11726 189738 46048 79644 287012 224264 257018 189500 198530 84626 128786 191078 76792 382602 828766 559208 2073600 2073600 3 12 462334 990720 993600 114167 100042 125503 122622 12 12 12 12 90 4 0 0 0 
[  167.905852] MESSAGE_B= 5 0 0 171 0 10 192 0 248 179 0 1097 3354 2424 1213 0 3309 0 963 134 84 227 621 0 216 0 293 0 12 21 1 0 163 0 198 0 0 2 2 1 0 1 2 1 1 0 10 236832 110674 323530 149658 11726 189738 46048 79644 287012 224264 257018 189500 198530 84626 128786 191078 76792 382602 828766 559208 2073600 2073600 6 12 455795 994560 993600 99836 106991 125659 123309 12 12 12 12 78 0 0 0 0 
[  168.184849] MESSAGE_B= 0 0 0 164 0 3 192 0 248 179 0 1476 0 2918 0 1091 0 2914 0 281 0 214 0 151 0 137 0 0 12 118 0 239 0 0 136 0 0 0 1 0 1 1 2 1 1 0 3 72902 400346 323530 149658 11726 189738 46048 79644 287012 224264 257018 189500 198530 84626 128786 191078 76792 382602 828766 559208 2073600 2073600 3 12 461086 990720 993600 97782 114429 121177 127698 12 12 12 12 66 4 0 0 0 
[  168.470041] MESSAGE_B= 0 0 0 162 0 3 192 0 248 179 0 0 37 0 2528 0 35 0 257 0 0 0 0 0 0 0 0 1 12 0 0 0 0 0 0 0 0 0 0 0 0 1 0 0 1 0 3 230076 112414 323530 149658 11726 189738 46048 79644 287012 224264 257018 189500 198530 84626 128786 191078 76792 382602 828766 559208 2073600 2073600 3 12 465204 994560 993600 112593 115253 109642 127716 12 12 12 12 59 4 0 0 0 
[  168.746851] MESSAGE_B= 0 0 0 158 0 3 192 0 248 179 0 0 0 0 0 0 0 0 0 0 0 0 0 0 0 0 0 0 12 0 0 0 0 0 181 0 0 1 1 1 1 1 2 1 1 0 3 205790 337140 141128 230362 173430 314080 217824 161800 419602 451850 351412 209612 130334 260082 154936 471678 218264 514536 391986 221938 2073600 2073600 3 12 462192 990720 993600 114975 115871 105604 125742 12 12 12 12 57 0 0 0 0 
[  169.022845] MESSAGE_B= 0 0 0 155 0 2 192 0 248 179 0 0 0 0 0 0 0 0 0 0 0 0 0 0 0 0 0 1 12 0 0 0 0 0 5 0 0 0 0 0 0 1 0 0 1 0 2 55154 202078 141128 230362 173430 314080 217824 161800 419602 451850 351412 209612 130334 260082 154936 471678 218264 514536 391986 221938 2073600 2073600 3 12 459671 994560 993600 115555 116101 116400 111615 12 12 12 12 52 0 0 0 0 
[  169.297846] MESSAGE_B= 0 0 0 152 0 2 192 0 248 179 0 0 0 0 0 0 0 0 0 0 0 0 0 0 0 0 0 1 12 0 0 0 0 0 0 0 0 0 0 0 0 1 0 0 1 0 2 70042 185992 141128 230362 173430 314080 217824 161800 419602 451850 351412 209612 130334 260082 154936 471678 218264 514536 391986 221938 2073600 2073600 3 12 478460 990720 993600 116085 116563 121574 124238 12 12 12 12 49 0 0 0 0 
[  169.574846] MESSAGE_B= 0 0 0 148 0 3 192 0 248 179 0 0 0 0 0 0 0 0 0 0 0 0 0 0 0 0 0 1 12 0 0 0 0 0 0 0 0 0 0 0 0 1 0 0 1 0 3 64136 230550 141128 230362 173430 314080 217824 161800 419602 451850 351412 209612 130334 260082 154936 471678 218264 514536 391986 221938 2073600 2073600 3 12 482931 994560 993600 116361 116793 122092 127685 12 12 12 12 36 0 0 0 0 
[  169.850844] MESSAGE_B= 0 0 0 148 0 3 192 0 248 179 0 0 0 0 0 0 0 0 0 0 0 0 0 0 0 0 0 1 12 0 0 0 0 0 0 0 0 0 0 0 0 1 0 0 1 0 3 68740 186988 141128 230362 173430 314080 217824 161800 419602 451850 351412 209612 130334 260082 154936 471678 218264 514536 391986 221938 2073600 2073600 3 12 483784 990720 993600 116554 116999 122442 127789 12 12 12 12 27 0 0 0 0 
[  170.124860] MESSAGE_B= 0 0 0 143 0 2 192 0 248 179 0 0 0 0 0 0 0 0 0 0 0 0 0 0 0 0 0 1 12 0 0 0 0 0 0 0 0 0 0 1 0 1 0 0 1 0 2 59334 63836 141128 230362 173430 314080 217824 161800 419602 451850 351412 209612 130334 260082 154936 471678 218264 514536 391986 221938 2073600 2073600 3 12 493110 994560 993600 121036 120613 123357 128104 12 12 12 12 88 0 0 0 0 
[  170.399838] MESSAGE_B= 4 0 0 149 14 2 192 0 248 179 0 0 0 0 0 0 0 0 0 0 0 0 0 0 0 0 0 1 12 0 0 0 0 0 0 0 0 0 0 1 0 1 0 0 1 14 2 50196 179070 141128 230362 173430 314080 217824 161800 419602 451850 351412 209612 130334 260082 154936 471678 218264 514536 391986 221938 2073600 2073600 4 12 489009 990720 993600 119111 118991 122883 128024 12 12 12 12 126 0 0 0 0 
[  170.673861] MESSAGE_B= 0 0 0 150 0 3 192 0 248 179 0 0 0 0 0 0 0 0 0 0 0 0 0 0 0 0 0 1 12 0 0 0 0 0 0 0 0 0 0 0 0 1 0 0 1 0 3 54796 41960 141128 230362 173430 314080 217824 161800 419602 451850 351412 209612 130334 260082 154936 471678 218264 514536 391986 221938 2073600 2073600 3 12 483618 994560 993600 116515 116886 122451 127766 12 12 12 12 126 0 0 0 0 
[  170.948854] MESSAGE_B= 0 0 0 151 0 3 192 0 248 179 0 0 0 0 0 0 0 0 0 0 0 0 0 0 0 0 0 1 12 0 0 0 0 0 0 0 0 0 0 0 0 1 0 0 1 0 3 46904 166712 141128 230362 173430 314080 217824 161800 419602 451850 351412 209612 130334 260082 154936 471678 218264 514536 391986 221938 2073600 2073600 1 12 483641 990720 993600 116470 116919 122486 127766 12 12 12 12 58 0 0 0 0 
[  171.223849] MESSAGE_B= 0 0 0 151 0 3 192 0 248 179 0 0 0 0 0 0 0 0 0 0 0 0 0 0 0 0 0 1 12 0 0 0 0 0 0 0 0 0 0 0 0 1 0 0 1 0 3 51454 41506 135440 187886 345258 102838 148022 140916 288776 147772 135622 71440 172822 143154 68778 118122 99778 242710 140524 67174 2073600 2073600 3 12 483649 994560 993600 116473 116921 122489 127766 12 12 12 12 4 0 0 0 0 
[  171.502431] MESSAGE_B= 0 0 0 151 0 3 192 0 248 179 0 0 0 0 0 0 0 0 0 0 0 0 0 0 0 0 0 1 12 0 0 0 0 0 0 0 0 0 0 0 0 1 0 0 1 0 3 46962 180922 135440 187886 345258 102838 148022 140916 288776 147772 135622 71440 172822 143154 68778 118122 99778 242710 140524 67174 2073600 2073600 1 12 483563 990720 993600 116498 116872 122429 127764 12 12 12 12 4 0 0 0 0 
[  171.775846] MESSAGE_B= 0 0 0 151 0 3 192 0 248 179 0 0 0 0 0 0 0 0 0 0 0 0 0 0 0 0 0 1 12 0 0 0 0 0 0 0 0 0 0 0 0 1 0 0 1 0 3 51510 41462 135440 187886 345258 102838 148022 140916 288776 147772 135622 71440 172822 143154 68778 118122 99778 242710 140524 67174 2073600 2073600 3 12 483544 994560 993600 116478 116879 122421 127766 12 12 12 12 17 0 0 0 0 
[  171.929855] MESSAGE_B= 0 0 0 151 0 3 192 0 248 179 0 0 0 0 0 0 0 0 0 0 0 0 0 0 0 0 0 1 12 0 0 0 0 0 0 0 0 0 0 0 0 1 0 0 1 0 3 46978 180890 135440 187886 345258 102838 148022 140916 288776 147772 135622 71440 172822 143154 68778 118122 99778 242710 140524 67174 2073600 2073600 1 12 483397 990720 993600 116435 116801 122399 127762 12 12 12 12 19 0 0 0 0 
[  172.204859] MESSAGE_B= 0 0 0 151 0 3 192 0 248 179 0 0 0 0 0 0 0 0 0 0 0 0 0 0 0 0 0 1 12 0 0 0 0 0 0 0 0 0 0 0 0 1 0 0 1 0 3 51478 41782 135440 187886 345258 102838 148022 140916 288776 147772 135622 71440 172822 143154 68778 118122 99778 242710 140524 67174 2073600 2073600 3 12 483160 994560 993600 116322 116726 122353 127759 12 12 12 12 37 0 0 0 0 
[  172.477848] MESSAGE_B= 0 0 0 150 0 3 192 0 248 179 0 0 0 0 0 0 0 0 0 0 0 0 0 0 0 0 0 1 12 0 0 0 0 0 0 0 0 0 0 0 0 1 0 0 1 0 3 48336 182540 135440 187886 345258 102838 148022 140916 288776 147772 135622 71440 172822 143154 68778 118122 99778 242710 140524 67174 2073600 2073600 3 12 482780 990720 993600 116095 116613 122308 127764 12 12 12 12 41 0 0 0 0 
[  172.752850] MESSAGE_B= 0 0 0 151 0 3 192 0 248 179 0 0 0 0 0 0 0 0 0 0 0 0 0 0 0 0 0 1 12 0 0 0 0 0 0 0 0 0 0 0 0 1 0 0 1 0 3 55266 42122 135440 187886 345258 102838 148022 140916 288776 147772 135622 71440 172822 143154 68778 118122 99778 242710 140524 67174 2073600 2073600 3 12 482190 994560 993600 115801 116376 122255 127758 12 12 12 12 41 0 0 0 0 
[  173.027854] MESSAGE_B= 0 0 0 151 0 3 192 0 248 179 0 0 0 0 0 0 0 0 0 0 0 0 0 0 0 0 0 1 12 0 0 0 0 0 1 0 0 0 0 0 0 1 0 0 1 0 3 50420 188726 135440 187886 345258 102838 148022 140916 288776 147772 135622 71440 172822 143154 68778 118122 99778 242710 140524 67174 2073600 2073600 3 12 481427 990720 993600 115479 116035 122165 127748 12 12 12 12 39 0 0 0 0 
[  173.305849] MESSAGE_B= 0 0 0 151 0 4 192 0 248 179 0 0 0 0 0 0 0 0 0 0 0 0 0 0 0 0 0 1 12 0 0 0 0 0 3 0 0 0 0 0 0 1 0 0 1 0 4 56988 43264 135440 187886 345258 102838 148022 140916 288776 147772 135622 71440 172822 143154 68778 118122 99778 242710 140524 67174 2073600 2073600 3 12 481690 994560 993600 115482 115989 122456 127763 12 12 12 12 49 0 0 0 0 
[  173.588109] MESSAGE_B= 0 7 0 151 0 7 192 0 248 179 0 0 0 0 0 0 0 0 0 0 0 0 0 0 0 0 0 1 12 0 0 0 0 0 0 0 0 1 1 1 1 1 1 1 1 0 7 53180 199468 152892 119422 98462 56400 136424 138922 302226 156376 149162 24370 245642 65846 21416 67570 73052 232862 143006 72340 2073600 2073600 3 12 512416 990720 993600 128104 128104 128104 128104 12 12 12 12 65 0 0 0 0 
[  173.865844] MESSAGE_B= 5 7 0 144 0 13 192 0 248 179 0 0 0 0 0 0 0 0 0 0 0 0 0 0 0 0 0 1 12 0 0 0 0 0 0 0 0 1 1 1 1 1 1 1 1 0 13 52678 42330 152892 119422 98462 56400 136424 138922 302226 156376 149162 24370 245642 65846 21416 67570 73052 232862 143006 72340 2073600 2073600 6 12 512416 994560 993600 128104 128104 128104 128104 12 12 12 12 65 0 0 0 0 
[  174.018839] MESSAGE_B= 0 7 0 149 0 14 192 0 248 179 0 0 0 0 0 0 0 0 0 0 0 0 0 0 0 0 0 1 12 0 0 0 0 0 0 0 0 1 1 1 1 1 1 1 1 0 14 0 200102 152892 119422 98462 56400 136424 138922 302226 156376 149162 24370 245642 65846 21416 67570 73052 232862 143006 72340 2073600 2073600 2 12 512416 990720 993600 128104 128104 128104 128104 12 12 12 12 65 0 0 0 0 
[  174.292836] MESSAGE_B= 4 7 0 149 0 14 192 0 248 179 0 0 0 0 0 0 0 0 0 0 0 0 0 0 0 0 0 1 12 0 0 0 0 0 0 0 0 1 1 1 1 1 1 1 1 0 14 0 0 152892 119422 98462 56400 136424 138922 302226 156376 149162 24370 245642 65846 21416 67570 73052 232862 143006 72340 2073600 2073600 4 12 512416 994560 993600 128104 128104 128104 128104 12 12 12 12 0 0 0 0 0 
[  174.564850] MESSAGE_B= 4 7 0 149 0 14 192 0 248 179 0 0 0 0 0 0 0 0 0 0 0 0 0 0 0 0 0 1 12 0 0 0 0 0 0 0 0 1 1 1 1 1 1 1 1 0 14 0 0 152892 119422 98462 56400 136424 138922 302226 156376 149162 24370 245642 65846 21416 67570 73052 232862 143006 72340 2073600 2073600 4 12 512416 990720 993600 128104 128104 128104 128104 12 12 12 12 0 0 0 0 0 
[  174.836844] MESSAGE_B= 4 7 0 149 0 14 192 0 248 179 0 0 0 0 0 0 0 0 0 0 0 0 0 0 0 0 0 1 12 0 0 0 0 0 0 0 0 1 1 1 1 1 1 1 1 0 14 0 0 152892 119422 98462 56400 136424 138922 302226 156376 149162 24370 245642 65846 21416 67570 73052 232862 143006 72340 2073600 2073600 4 12 512416 994560 993600 128104 128104 128104 128104 12 12 12 12 0 0 0 0 0 
[  175.117843] MESSAGE_B= 4 7 0 149 0 14 192 0 248 179 0 0 0 0 0 0 0 0 0 0 0 0 0 0 0 0 0 1 12 0 0 0 0 0 0 0 0 1 1 1 1 1 1 1 1 0 14 0 0 152892 119422 98462 56400 136424 138922 302226 156376 149162 24370 245642 65846 21416 67570 73052 232862 143006 72340 2073600 2073600 4 12 512416 990720 993600 128104 128104 128104 128104 12 12 12 12 0 0 0 0 0 
[  175.389845] MESSAGE_B= 4 7 0 149 0 14 192 0 248 179 0 0 0 0 0 0 0 0 0 0 0 0 0 0 0 0 0 1 12 0 0 0 0 0 0 0 0 1 1 1 1 1 1 1 1 0 14 0 0 152892 119422 98462 56400 136424 138922 302226 156376 149162 24370 245642 65846 21416 67570 73052 232862 143006 72340 2073600 2073600 4 12 512416 994560 993600 128104 128104 128104 128104 12 12 12 12 0 0 0 0 0 
[  175.662852] MESSAGE_B= 4 7 0 64 1 2 192 0 248 179 0 0 0 0 0 0 0 0 0 0 0 0 0 0 0 0 0 1 12 0 0 0 0 0 0 0 0 1 1 1 1 1 1 1 1 1 2 0 0 152892 119422 98462 56400 136424 138922 302226 156376 149162 24370 245642 65846 21416 67570 73052 232862 143006 72340 2073600 2073600 4 12 512416 990720 993600 128104 128104 128104 128104 12 12 12 12 26 0 0 0 0 
[  175.941886] MESSAGE_B= 5 0 0 31 1 2 192 0 248 179 0 1188 1182 1184 1152 1544 1554 1554 1552 183 190 185 194 41 55 12 35 0 6 251 249 255 255 0 0 0 193 0 2 0 2 2 1 1 2 1 2 186386 0 799520 118486 114 2 2 2 200182 145306 2 284012 254438 2 2 2 2 316750 164160 2 2073600 2073600 7 6 265348 994560 993600 86084 81258 62330 75484 6 6 15 15 41 0 0 0 0 
[  176.213857] MESSAGE_B= 0 0 0 28 1 2 192 0 248 179 0 1595 1637 1668 1959 2235 2328 2313 2466 44 82 69 273 408 325 285 243 0 7 182 99 215 74 155 91 166 197 0 0 0 0 2 2 2 2 1 2 316464 896536 799520 118486 114 2 2 2 200182 145306 2 284012 254438 2 2 2 2 316750 164160 2 2073600 2073600 3 7 213838 990720 993600 92543 103893 69743 63992 7 7 6 20 41 4 0 0 0 
[  176.370859] MESSAGE_B= 0 0 0 26 1 2 192 0 248 179 0 1868 1896 1934 2290 2568 2694 2662 2865 71 53 82 454 463 369 320 259 0 7 193 186 212 68 104 194 176 177 0 2 0 0 2 2 2 2 1 2 242266 570110 799520 118486 114 2 2 2 200182 145306 2 284012 254438 2 2 2 2 316750 164160 2 2073600 2073600 3 7 250832 994560 993600 98282 114791 76011 53009 7 7 6 22 41 4 0 0 0 
[  176.647871] MESSAGE_B= 0 0 0 26 1 2 192 0 248 179 0 1919 1948 1984 2387 2623 2775 2740 2961 90 77 85 493 479 378 324 253 0 7 125 128 203 68 16 170 138 189 0 2 0 0 2 2 2 2 1 2 383330 902152 799520 118486 114 2 2 2 200182 145306 2 284012 254438 2 2 2 2 316750 164160 2 2073600 2073600 3 7 265922 990720 993600 100613 117775 70068 53634 7 7 6 22 33 4 0 0 0 
[  176.926851] MESSAGE_B= 0 0 0 26 1 2 192 0 248 179 0 1945 1952 1992 2328 2624 2780 2755 2983 131 68 72 469 479 378 310 241 0 7 12 117 195 67 121 137 201 203 0 2 0 0 2 2 2 2 1 2 255590 782282 799520 118486 114 2 2 2 200182 145306 2 284012 254438 2 2 2 2 316750 164160 2 2073600 2073600 3 7 264246 994560 993600 98814 118455 70693 54316 7 7 6 22 14 4 0 0 0 
[  177.206855] MESSAGE_B= 0 0 0 27 1 2 192 0 248 179 0 1943 1942 1992 2108 2631 2786 2788 2989 132 142 81 286 481 378 302 228 0 7 66 11 175 75 116 69 158 180 0 2 0 0 2 2 2 2 1 2 384280 916546 799520 118486 114 2 2 2 200182 145306 2 284012 254438 2 2 2 2 316750 164160 2 2073600 2073600 3 7 262043 990720 993600 98073 116636 70230 54401 7 7 6 22 14 4 0 0 0 
[  177.484293] MESSAGE_B= 0 0 0 26 1 3 192 0 248 179 0 1952 1935 1998 2051 2620 2783 2811 2999 178 61 100 221 476 396 286 225 0 7 99 52 143 69 113 160 92 153 0 2 0 0 2 2 2 2 1 3 264176 816334 799520 118486 114 2 2 2 200182 145306 2 284012 254438 2 2 2 2 316750 164160 2 2073600 2073600 3 7 271056 994560 993600 99746 119375 68424 54751 7 7 6 22 15 4 0 0 0 
[  177.765686] MESSAGE_B= 0 0 0 26 1 2 192 0 248 179 0 1964 1917 2009 2006 2626 2787 2844 3012 184 75 87 97 435 408 295 217 0 7 60 48 118 83 55 52 96 201 0 2 0 0 2 2 2 2 1 2 400104 926098 799520 118486 114 2 2 2 200182 145306 2 284012 254438 2 2 2 2 316750 164160 2 2073600 2073600 3 7 270454 990720 993600 100245 117388 67113 54389 7 7 6 22 15 4 0 0 0 
[  178.044855] MESSAGE_B= 0 0 0 26 1 2 192 0 248 179 0 1985 1907 1989 2064 2571 2791 2866 3036 251 37 97 64 441 416 290 197 0 7 2 36 77 95 5 7 130 161 0 2 0 0 2 2 2 2 1 2 265250 819288 799520 118486 114 2 2 2 200182 145306 2 284012 254438 2 2 2 2 316750 164160 2 2073600 2073600 3 7 271519 994560 993600 100306 117966 66919 55803 7 7 6 22 14 4 0 0 0 
[  178.202972] MESSAGE_B= 0 0 0 26 1 3 192 0 248 179 0 1956 1918 1995 2042 2551 2791 2860 3043 182 65 88 118 451 414 294 201 0 7 19 94 80 112 24 44 149 192 0 2 0 0 2 2 2 2 1 3 370856 925340 1466172 30720 580770 1453344 1167502 1279270 1036436 1469070 1325134 547982 220142 170018 545906 528724 509436 175002 440396 571352 2073600 2073600 3 7 258733 990720 993600 96453 114858 70245 56741 7 7 6 22 14 4 0 0 0 
[  178.488530] MESSAGE_B= 0 0 0 27 1 3 192 0 248 179 0 1959 1901 2002 2053 2523 2813 2858 3074 224 45 94 87 461 410 309 177 0 7 47 163 70 132 24 186 101 160 0 2 0 0 2 2 2 2 1 3 279238 810774 1466172 30720 580770 1453344 1167502 1279270 1036436 1469070 1325134 547982 220142 170018 545906 528724 509436 175002 440396 571352 2073600 2073600 3 7 266589 994560 993600 98754 117730 68665 57965 7 7 6 22 15 4 0 0 0 
[  178.773935] MESSAGE_B= 0 0 0 26 1 3 192 0 248 179 0 1946 1923 2007 2068 2530 2838 2862 3104 165 72 78 104 464 391 317 176 0 7 34 98 71 139 39 128 120 159 0 2 0 0 2 2 2 2 1 3 407864 910976 1466172 30720 580770 1453344 1167502 1279270 1036436 1469070 1325134 547982 220142 170018 545906 528724 509436 175002 440396 571352 2073600 2073600 3 7 267113 990720 993600 99041 115106 65901 59683 7 7 6 22 15 4 0 0 0 
[  179.057884] MESSAGE_B= 0 0 0 27 1 3 192 0 248 179 0 1947 1915 1994 2073 2559 2835 2866 3114 172 61 92 101 474 394 325 182 0 7 59 173 82 154 7 86 114 166 0 2 0 0 2 2 2 2 1 3 283514 825284 1466172 30720 580770 1453344 1167502 1279270 1036436 1469070 1325134 547982 220142 170018 545906 528724 509436 175002 440396 571352 2073600 2073600 3 7 268781 994560 993600 99333 115892 63910 61240 7 7 6 22 14 4 0 0 0 
[  179.336854] MESSAGE_B= 0 0 0 26 1 2 192 0 248 179 0 1940 1931 1983 2100 2570 2833 2877 3122 152 60 81 120 489 392 305 199 0 7 45 223 67 153 2 212 174 125 0 2 0 0 2 2 2 2 1 2 418400 925530 1466172 30720 580770 1453344 1167502 1279270 1036436 1469070 1325134 547982 220142 170018 545906 528724 509436 175002 440396 571352 2073600 2073600 3 7 252265 990720 993600 94827 111893 67755 62220 7 7 6 22 15 4 0 0 0 
[  179.620864] MESSAGE_B= 0 0 0 28 1 2 192 0 248 179 0 1945 1935 1979 2112 2600 2826 2886 3138 181 73 83 92 537 402 301 180 0 7 25 195 64 147 21 199 167 110 0 2 0 0 2 2 2 2 1 2 292444 843474 1466172 30720 580770 1453344 1167502 1279270 1036436 1469070 1325134 547982 220142 170018 545906 528724 509436 175002 440396 571352 2073600 2073600 3 7 259073 994560 993600 97372 112740 64157 64069 7 7 6 22 15 4 0 0 0 
[  179.777915] MESSAGE_B= 0 0 0 28 1 2 192 0 248 179 0 1937 1940 1982 2115 2622 2830 2894 3157 151 67 73 92 555 409 298 175 0 7 20 191 56 143 35 209 175 117 0 2 0 0 2 2 2 2 1 2 404512 961308 1466172 30720 580770 1453344 1167502 1279270 1036436 1469070 1325134 547982 220142 170018 545906 528724 509436 175002 440396 571352 2073600 2073600 3 7 268357 990720 993600 100029 113632 59912 64839 7 7 6 23 15 4 0 0 0 
[  180.063882] MESSAGE_B= 0 0 0 30 1 2 192 0 248 179 0 1966 1949 1979 2113 2627 2822 2900 3183 204 66 85 91 555 412 308 139 0 7 11 204 60 133 34 194 184 115 0 2 0 0 2 2 2 2 1 2 288282 855840 1466172 30720 580770 1453344 1167502 1279270 1036436 1469070 1325134 547982 220142 170018 545906 528724 509436 175002 440396 571352 2073600 2073600 3 7 264890 994560 993600 99964 113199 61018 68709 7 7 6 23 13 4 0 0 0 
[  180.350322] MESSAGE_B= 0 0 0 30 1 2 192 0 248 179 0 1934 1933 1974 2086 2607 2811 2897 3186 151 51 98 123 567 399 304 117 0 7 48 246 49 131 21 215 193 168 0 2 0 0 2 2 2 2 1 2 449122 972044 1466172 30720 580770 1453344 1167502 1279270 1036436 1469070 1325134 547982 220142 170018 545906 528724 509436 175002 440396 571352 2073600 2073600 3 7 247307 990720 993600 95653 108244 66185 71597 7 7 6 23 14 4 0 0 0 
[  180.628859] MESSAGE_B= 0 0 0 33 1 3 192 0 248 179 0 1959 1945 1987 2108 2628 2822 2923 3205 193 59 98 136 555 391 297 110 0 7 5 205 30 107 26 200 190 186 0 2 0 0 2 2 2 2 1 3 278992 861038 1585100 1260294 626386 1603350 1174512 1457010 994368 1567806 1471774 601676 120710 473718 573648 589584 584288 208112 520942 638460 2073600 2073600 3 7 265032 994560 993600 101908 110687 59734 74389 7 7 6 23 14 4 0 0 0 
[  180.906861] MESSAGE_B= 0 0 0 33 1 3 192 0 248 179 0 1939 1927 1979 2067 2614 2793 2917 3208 152 53 99 147 557 389 297 99 0 7 28 229 25 72 31 218 193 155 0 2 0 0 2 2 2 2 1 3 504778 972182 1585100 1260294 626386 1603350 1174512 1457010 994368 1567806 1471774 601676 120710 473718 573648 589584 584288 208112 520942 638460 2073600 2073600 3 7 229482 990720 993600 90869 100974 70218 77662 7 7 6 22 13 4 0 0 0 
[  181.184851] MESSAGE_B= 0 0 0 35 1 3 192 0 248 179 0 1955 1940 1988 2076 2619 2804 2945 3231 168 62 94 164 583 383 292 74 0 7 4 154 10 15 32 174 189 138 0 2 0 0 2 2 2 2 1 3 265370 860806 1585100 1260294 626386 1603350 1174512 1457010 994368 1567806 1471774 601676 120710 473718 573648 589584 584288 208112 520942 638460 2073600 2073600 3 7 262648 994560 993600 101450 109554 59539 81917 7 7 6 23 13 4 0 0 0 
[  181.465852] MESSAGE_B= 0 0 0 35 1 3 192 0 248 179 0 1953 1940 1996 2046 2633 2797 2962 3238 167 59 104 283 568 377 284 79 0 7 31 109 14 6 21 127 183 121 0 2 0 0 2 2 2 2 1 3 548514 971418 1585100 1260294 626386 1603350 1174512 1457010 994368 1567806 1471774 601676 120710 473718 573648 589584 584288 208112 520942 638460 2073600 2073600 3 7 257171 990720 993600 100606 109620 62696 85655 7 7 6 23 14 4 0 0 0 
[  181.744242] MESSAGE_B= 0 0 0 37 1 3 192 0 248 179 0 1947 1941 1988 2112 2627 2794 2983 3237 151 73 107 363 579 381 263 79 0 7 34 134 16 4 15 155 175 111 0 2 0 0 2 2 2 2 1 3 238064 863512 1585100 1260294 626386 1603350 1174512 1457010 994368 1567806 1471774 601676 120710 473718 573648 589584 584288 208112 520942 638460 2073600 2073600 3 7 263322 994560 993600 101877 108300 56972 88438 7 7 6 22 14 4 0 0 0 
[  182.021859] MESSAGE_B= 0 0 0 37 1 3 192 0 248 179 0 1952 1949 1984 2123 2622 2770 2988 3237 173 80 108 387 579 401 257 68 0 7 23 107 21 4 3 100 174 82 0 2 0 0 2 2 2 2 1 3 595702 968014 1585100 1260294 626386 1603350 1174512 1457010 994368 1567806 1471774 601676 120710 473718 573648 589584 584288 208112 520942 638460 2073600 2073600 3 7 245017 990720 993600 97155 102807 63896 91392 7 7 6 22 12 4 0 0 0 
[  182.298851] MESSAGE_B= 0 0 0 39 1 4 192 0 248 179 0 1958 1953 1986 2150 2641 2774 3007 3243 136 86 108 443 562 410 243 68 0 7 13 121 21 9 5 106 166 73 0 2 0 0 2 2 2 2 1 4 204362 864144 1585100 1260294 626386 1603350 1174512 1457010 994368 1567806 1471774 601676 120710 473718 573648 589584 584288 208112 520942 638460 2073600 2073600 3 7 250412 994560 993600 98666 102752 61140 93064 7 7 6 22 12 4 0 0 0 
[  182.457733] MESSAGE_B= 0 0 0 40 1 3 192 0 248 179 0 1982 1969 1993 2185 2638 2776 3019 3244 220 131 118 518 575 412 227 69 0 7 7 72 12 19 5 42 155 66 0 2 0 0 2 2 2 2 1 3 629968 955728 1585100 1260294 626386 1603350 1174512 1457010 994368 1567806 1471774 601676 120710 473718 573648 589584 584288 208112 520942 638460 2073600 2073600 3 7 259418 990720 993600 101305 106308 59236 94283 7 7 6 22 12 4 0 0 0 
[  182.739856] MESSAGE_B= 0 0 0 40 1 3 192 0 248 179 0 1982 1965 1987 2173 2660 2778 3045 3249 187 98 116 509 564 418 217 51 0 7 5 117 4 37 14 92 154 67 0 2 0 0 2 2 2 2 1 3 184814 862552 1585100 1260294 626386 1603350 1174512 1457010 994368 1567806 1471774 601676 120710 473718 573648 589584 584288 208112 520942 638460 2073600 2073600 3 7 263925 994560 993600 101645 105457 55805 94883 7 7 6 22 13 4 0 0 0 
[  183.022871] MESSAGE_B= 0 0 0 41 1 3 192 0 248 179 0 1966 1957 1980 2165 2643 2765 3033 3244 178 93 120 510 576 420 228 66 0 7 7 123 19 42 3 126 159 102 0 2 0 0 2 2 2 2 1 3 645536 942544 1594828 1255078 564064 1648436 1344822 1540138 1025130 1588718 1532602 689486 281458 453714 656530 683034 703590 420704 634972 688970 2073600 2073600 3 7 250988 990720 993600 97797 102024 60395 96074 7 7 6 22 13 4 0 0 0 
[  183.310452] MESSAGE_B= 0 0 0 41 1 3 192 0 248 179 0 1963 1955 1979 2142 2647 2763 3041 3245 157 76 104 469 575 428 222 77 0 7 1 146 25 22 2 123 144 74 0 2 0 0 2 2 2 2 1 3 178158 868214 1594828 1255078 564064 1648436 1344822 1540138 1025130 1588718 1532602 689486 281458 453714 656530 683034 703590 420704 634972 688970 2073600 2073600 3 7 258201 994560 993600 99842 103157 56827 96558 7 7 6 22 13 4 0 0 0 
[  183.596851] MESSAGE_B= 0 0 0 42 1 2 192 0 248 179 0 1966 1953 1984 2128 2667 2768 3054 3257 164 87 103 451 562 429 242 81 0 7 44 147 46 26 7 169 173 98 0 2 0 0 2 2 2 2 1 2 659096 943828 1594828 1255078 564064 1648436 1344822 1540138 1025130 1588718 1532602 689486 281458 453714 656530 683034 703590 420704 634972 688970 2073600 2073600 3 7 256434 990720 993600 99519 103749 58458 98119 7 7 6 22 13 4 0 0 0 
[  183.876863] MESSAGE_B= 0 0 0 41 1 2 192 0 248 179 0 1961 1947 1976 2079 2647 2762 3049 3256 176 85 88 390 569 428 253 77 0 7 27 149 59 32 4 185 169 127 0 2 0 0 2 2 2 2 1 2 171830 875398 1594828 1255078 564064 1648436 1344822 1540138 1025130 1588718 1532602 689486 281458 453714 656530 683034 703590 420704 634972 688970 2073600 2073600 3 7 249953 994560 993600 97490 102279 60276 98286 7 7 6 22 13 4 0 0 0 
[  184.037299] MESSAGE_B= 0 0 0 43 1 2 192 0 248 179 0 1946 1962 1987 2078 2670 2777 3069 3266 69 75 84 377 567 424 258 40 0 7 104 154 60 70 5 192 160 208 0 2 0 0 2 2 2 2 1 2 655742 947208 1594828 1255078 564064 1648436 1344822 1540138 1025130 1588718 1532602 689486 281458 453714 656530 683034 703590 420704 634972 688970 2073600 2073600 3 7 269576 990720 993600 103113 106801 53613 98237 7 7 6 22 13 4 0 0 0 
[  184.315862] MESSAGE_B= 0 0 0 42 1 2 192 0 248 179 0 1958 1953 1976 2019 2661 2767 3068 3257 151 73 92 286 570 426 259 84 0 7 44 130 67 7 11 168 179 106 0 2 0 0 2 2 2 2 1 2 161702 879988 1594828 1255078 564064 1648436 1344822 1540138 1025130 1588718 1532602 689486 281458 453714 656530 683034 703590 420704 634972 688970 2073600 2073600 3 7 261777 994560 993600 100899 104447 54352 98329 7 7 6 22 13 4 0 0 0 
[  184.601892] MESSAGE_B= 0 0 0 43 1 4 192 0 248 179 0 1966 1962 1977 1988 2675 2770 3064 3264 140 76 93 177 569 423 273 68 0 7 54 169 73 0 12 203 195 111 0 2 0 0 2 2 2 2 1 4 647564 962184 1594828 1255078 564064 1648436 1344822 1540138 1025130 1588718 1532602 689486 281458 453714 656530 683034 703590 420704 634972 688970 2073600 2073600 3 7 259656 990720 993600 100354 103111 55457 94880 7 7 6 23 12 4 0 0 0 
[  184.884874] MESSAGE_B= 0 0 0 41 1 4 192 0 248 179 0 2004 2018 2014 2025 2685 2775 3044 3214 68 71 72 148 529 378 261 113 0 7 175 205 53 24 66 207 148 229 0 0 0 0 2 2 2 2 1 4 157608 883046 1594828 1255078 564064 1648436 1344822 1540138 1025130 1588718 1532602 689486 281458 453714 656530 683034 703590 420704 634972 688970 2073600 2073600 3 7 246142 994560 993600 90454 93482 59491 91276 7 7 6 22 20 4 0 0 0 
[  185.162862] MESSAGE_B= 0 0 0 3 0 4 192 0 248 179 0 2265 2244 2189 2199 2753 2782 2959 2966 165 111 97 148 234 169 255 208 0 7 183 208 106 27 40 190 104 136 0 2 0 2 2 2 2 2 0 4 657904 969992 1594828 1255078 564064 1648436 1344822 1540138 1025130 1588718 1532602 689486 281458 453714 656530 683034 703590 420704 634972 688970 2073600 2073600 3 7 269905 990720 993600 74699 71648 81575 81471 7 7 6 7 27 0 0 0 0 
[  185.440857] MESSAGE_B= 0 4 0 0 0 6 192 0 248 179 0 2853 2826 2782 2742 2935 2934 3046 2973 556 560 599 601 214 197 292 308 0 6 229 239 13 191 86 171 118 144 0 0 0 0 0 0 0 0 0 6 186336 885088 1041386 1243594 591462 1630616 1414908 1629390 925140 1577132 1530734 443602 487316 464786 707392 693506 675072 539316 598352 652814 2073600 2073600 3 6 490712 994560 993600 123940 125361 123093 118318 6 6 6 6 28 4 4 4 4 
[  185.720874] MESSAGE_B= 0 4 0 1 0 7 192 0 248 179 0 3029 2987 2931 2849 2877 2901 2951 2837 564 584 646 659 369 334 453 447 0 6 220 236 96 196 143 220 138 149 0 0 0 0 2 0 0 0 0 7 243238 867402 1041386 1243594 591462 1630616 1414908 1629390 925140 1577132 1530734 443602 487316 464786 707392 693506 675072 539316 598352 652814 2073600 2073600 3 6 487706 990720 993600 121280 125336 120904 120186 6 6 6 6 29 4 4 4 4 
[  186.001862] MESSAGE_B= 0 4 0 2 0 6 192 0 248 179 0 3059 3001 2954 2864 2899 2917 2971 2854 552 585 652 658 356 333 440 443 0 6 220 235 88 200 150 222 140 151 0 0 0 0 2 0 0 0 0 6 272578 495872 1041386 1243594 591462 1630616 1414908 1629390 925140 1577132 1530734 443602 487316 464786 707392 693506 675072 539316 598352 652814 2073600 2073600 3 6 488609 994560 993600 120942 125330 120908 121429 6 6 6 6 29 4 4 4 4 
[  186.281947] MESSAGE_B= 0 4 4 2 0 7 192 0 248 179 0 3076 3008 2973 2866 2890 2925 2972 2865 547 577 645 654 376 336 457 448 0 6 217 236 81 200 148 218 140 155 0 0 0 0 2 0 0 0 0 7 175804 410116 1041386 1243594 591462 1630616 1414908 1629390 925140 1577132 1530734 443602 487316 464786 707392 693506 675072 539316 598352 652814 2073600 2073600 3 6 485391 990720 993600 121355 125280 119543 119213 6 6 6 6 28 4 4 4 4 
[  186.562856] MESSAGE_B= 0 4 4 2 0 7 192 0 248 179 0 3078 3014 2968 2877 2902 2938 2971 2865 546 572 651 651 367 338 453 453 0 6 217 237 82 205 142 218 144 161 0 0 0 0 2 0 0 0 0 7 281764 490818 1041386 1243594 591462 1630616 1414908 1629390 925140 1577132 1530734 443602 487316 464786 707392 693506 675072 539316 598352 652814 2073600 2073600 3 6 487339 994560 993600 120986 125314 120297 120742 6 6 6 6 24 4 4 4 4 
[  186.849901] MESSAGE_B= 0 4 4 2 0 7 192 0 248 179 0 3048 2991 2940 2862 2881 2927 2960 2841 554 583 656 656 388 345 452 458 0 6 216 237 86 202 149 220 143 165 0 0 0 0 0 0 0 0 0 7 160664 409232 1041386 1243594 591462 1630616 1414908 1629390 925140 1577132 1530734 443602 487316 464786 707392 693506 675072 539316 598352 652814 2073600 2073600 3 6 489435 990720 993600 120698 125291 120715 122731 6 6 6 6 28 4 4 4 4 
[  187.007897] MESSAGE_B= 0 4 4 2 0 7 192 0 248 179 0 3057 2996 2947 2864 2894 2934 2967 2846 553 581 654 657 371 342 450 455 0 6 215 237 90 203 150 219 147 166 0 0 0 0 2 0 0 0 0 7 281926 486074 1041386 1243594 591462 1630616 1414908 1629390 925140 1577132 1530734 443602 487316 464786 707392 693506 675072 539316 598352 652814 2073600 2073600 3 6 488825 994560 993600 120211 125280 120670 122664 6 6 6 6 28 4 4 4 4 
[  187.288033] MESSAGE_B= 0 4 4 2 0 7 192 0 248 179 0 3056 3003 2947 2868 2896 2944 2971 2848 549 580 649 656 390 345 443 459 0 6 214 237 84 199 152 217 147 172 0 0 0 0 0 0 0 0 0 7 148216 406098 1041386 1243594 591462 1630616 1414908 1629390 925140 1577132 1530734 443602 487316 464786 707392 693506 675072 539316 598352 652814 2073600 2073600 3 6 485465 990720 993600 120734 125295 118953 120483 6 6 6 6 28 4 4 4 4 
[  187.565925] MESSAGE_B= 0 4 4 2 0 7 192 0 248 179 0 3086 3011 2969 2875 2902 2944 2971 2854 536 576 649 655 377 342 450 452 0 6 212 236 95 193 154 214 147 173 0 0 0 0 2 0 0 0 0 7 283930 485150 1041386 1243594 591462 1630616 1414908 1629390 925140 1577132 1530734 443602 487316 464786 707392 693506 675072 539316 598352 652814 2073600 2073600 3 6 487634 994560 993600 120755 125285 119855 121739 6 6 6 6 24 4 4 4 4 
[  187.845856] MESSAGE_B= 0 4 4 2 0 7 192 0 248 179 0 3060 2976 2932 2853 2876 2923 2948 2842 540 590 661 657 400 350 460 453 0 6 212 237 92 184 158 211 143 175 0 0 0 0 2 0 0 0 0 7 141710 406526 796232 506840 440706 819082 718906 844560 578398 882026 775806 333480 43490 505386 330328 294584 427182 146936 493516 346500 2073600 2073600 3 6 489509 990720 993600 120719 125264 120623 122903 6 6 6 6 28 4 4 4 4 
[  188.123845] MESSAGE_B= 0 0 4 2 0 7 192 0 248 179 0 3057 2971 2932 2851 2875 2923 2953 2839 540 592 658 653 402 358 451 456 0 6 212 237 90 177 155 208 147 176 0 0 0 0 0 0 0 0 0 7 281774 486550 796232 506840 440706 819082 718906 844560 578398 882026 775806 333480 43490 505386 330328 294584 427182 146936 493516 346500 2073600 2073600 3 6 488648 994560 993600 120864 125299 119996 122489 6 6 6 6 28 4 0 0 0 
[  188.401850] MESSAGE_B= 0 0 4 2 0 7 192 0 248 179 0 3058 2978 2936 2861 2872 2918 2940 2823 553 597 667 657 404 361 461 461 0 6 212 239 88 166 155 201 146 180 0 0 0 0 2 0 0 0 0 7 125976 401440 796232 506840 440706 819082 718906 844560 578398 882026 775806 333480 43490 505386 330328 294584 427182 146936 493516 346500 2073600 2073600 3 6 490817 990720 993600 121185 125277 120586 123769 6 6 6 6 25 4 0 0 0 
[  188.681861] MESSAGE_B= 0 0 4 2 0 7 192 0 248 179 0 3070 2996 2945 2874 2881 2930 2958 2831 534 591 655 651 409 362 458 462 0 6 210 238 87 157 161 197 148 182 0 0 0 0 2 0 0 0 0 7 284032 491548 796232 506840 440706 819082 718906 844560 578398 882026 775806 333480 43490 505386 330328 294584 427182 146936 493516 346500 2073600 2073600 3 6 487532 994560 993600 120711 125287 119355 122179 6 6 6 6 24 5 0 0 0 
[  188.961899] MESSAGE_B= 0 0 0 2 0 7 192 0 248 179 0 3076 2994 2952 2881 2881 2925 2954 2826 533 592 651 652 401 376 458 457 0 6 210 240 85 146 163 195 151 183 0 0 0 0 2 0 0 0 0 7 120402 397800 796232 506840 440706 819082 718906 844560 578398 882026 775806 333480 43490 505386 330328 294584 427182 146936 493516 346500 2073600 2073600 3 6 490002 990720 993600 120953 125265 120443 123341 6 6 6 6 28 5 0 0 0 
[  189.240865] MESSAGE_B= 0 0 0 2 0 7 192 0 248 179 0 3084 3004 2958 2886 2881 2923 2953 2822 528 586 650 647 405 376 460 462 0 6 211 240 79 144 164 191 152 186 0 0 0 0 2 0 0 0 0 7 283698 490166 796232 506840 440706 819082 718906 844560 578398 882026 775806 333480 43490 505386 330328 294584 427182 146936 493516 346500 2073600 2073600 3 6 487879 994560 993600 120416 125237 119556 122670 6 6 6 6 28 5 0 0 0 
[  189.518864] MESSAGE_B= 0 0 0 2 0 7 192 0 248 179 0 3036 2974 2931 2864 2860 2901 2934 2800 548 590 652 648 423 390 460 460 0 6 214 241 76 139 157 190 154 188 0 0 0 0 0 0 0 0 0 7 109824 394270 796232 506840 440706 819082 718906 844560 578398 882026 775806 333480 43490 505386 330328 294584 427182 146936 493516 346500 2073600 2073600 3 6 489304 990720 993600 120293 125241 120355 123415 6 6 6 6 25 5 0 0 0 
[  189.675857] MESSAGE_B= 0 0 0 2 0 7 192 0 248 179 0 3069 2974 2967 2866 2864 2912 2939 2813 529 590 642 647 427 395 464 457 0 6 212 242 79 127 155 184 155 188 0 0 0 0 2 0 0 0 0 7 281278 495794 796232 506840 440706 819082 718906 844560 578398 882026 775806 333480 43490 505386 330328 294584 427182 146936 493516 346500 2073600 2073600 3 6 487455 994560 993600 120571 125207 119387 122290 6 6 6 6 25 5 0 0 0 
[  189.955934] MESSAGE_B= 0 0 0 2 0 7 192 0 248 179 0 3068 2982 2980 2872 2839 2902 2932 2811 542 590 639 651 425 403 467 460 0 6 212 243 77 119 170 181 155 186 0 0 0 0 2 0 0 0 0 7 109046 389210 796232 506840 440706 819082 718906 844560 578398 882026 775806 333480 43490 505386 330328 294584 427182 146936 493516 346500 2073600 2073600 3 6 489981 990720 993600 120884 125120 120353 123624 6 6 6 6 28 5 0 0 0 
[  190.233848] MESSAGE_B= 0 0 0 1 0 6 192 0 248 179 0 3080 2999 2987 2881 2818 2921 2939 2834 530 576 635 643 423 401 459 440 0 6 214 244 94 113 198 180 156 183 0 0 0 0 2 0 2 0 0 6 277544 500958 812084 217396 521486 824002 745162 849820 524930 898234 802314 292768 21818 414892 295266 262784 394044 109864 455678 308870 2073600 2073600 3 6 488245 994560 993600 120523 125151 119627 122944 6 6 6 6 28 0 0 0 0 
[  190.518647] MESSAGE_B= 0 0 0 1 0 7 192 0 248 179 0 3036 2969 2946 2848 2768 2891 2920 2817 545 577 640 644 444 413 462 443 0 6 217 245 104 117 204 186 159 182 0 0 0 0 2 0 0 0 0 7 86902 387730 812084 217396 521486 824002 745162 849820 524930 898234 802314 292768 21818 414892 295266 262784 394044 109864 455678 308870 2073600 2073600 3 6 401492 990720 993600 95327 97627 104628 103910 6 6 6 6 26 5 0 0 0 
[  190.801850] MESSAGE_B= 0 0 0 1 0 6 192 0 248 179 0 3596 3653 3502 3595 3086 3348 3219 3386 132 90 522 130 570 187 558 224 0 6 163 227 111 177 124 178 189 29 0 0 2 2 2 2 2 2 0 6 276312 510852 812084 217396 521486 824002 745162 849820 524930 898234 802314 292768 21818 414892 295266 262784 394044 109864 455678 308870 2073600 2073600 3 6 396907 994560 993600 95343 97136 102796 101632 6 6 6 6 26 0 0 0 0 
[  191.084849] MESSAGE_B= 0 0 0 1 0 7 192 0 248 179 0 3588 3649 3518 3588 3174 3359 3342 3425 118 98 504 150 507 206 352 190 0 6 184 241 76 165 76 192 154 81 0 0 2 2 2 2 2 2 0 7 89354 378008 812084 217396 521486 824002 745162 849820 524930 898234 802314 292768 21818 414892 295266 262784 394044 109864 455678 308870 2073600 2073600 3 6 398125 990720 993600 94305 96547 104246 103027 6 6 6 6 26 0 0 0 0 
[  191.363846] MESSAGE_B= 0 0 0 1 0 6 192 0 248 179 0 3059 3012 2964 2872 2751 2902 2917 2812 540 571 647 640 463 402 445 443 0 6 217 244 141 103 213 187 174 173 0 0 0 0 2 0 2 0 0 6 269158 517566 812084 217396 521486 824002 745162 849820 524930 898234 802314 292768 21818 414892 295266 262784 394044 109864 455678 308870 2073600 2073600 3 6 409082 994560 993600 95913 97968 109073 106128 6 6 6 6 27 0 0 0 0 
[  191.520849] MESSAGE_B= 0 0 0 1 0 6 192 0 248 179 0 3584 3647 3537 3571 3329 3394 3417 3463 123 95 454 159 306 174 345 111 0 6 156 251 236 209 135 207 204 29 0 0 2 2 2 2 2 2 0 6 88730 371512 812084 217396 521486 824002 745162 849820 524930 898234 802314 292768 21818 414892 295266 262784 394044 109864 455678 308870 2073600 2073600 3 6 406383 990720 993600 95140 97951 108125 105167 6 6 6 6 27 0 0 0 0 
[  191.797856] MESSAGE_B= 0 0 0 1 0 6 192 0 248 179 0 3586 3652 3524 3589 3378 3358 3479 3391 114 111 474 148 96 197 129 200 0 6 180 242 166 188 39 195 215 212 0 0 2 2 2 2 2 2 0 6 271676 521910 812084 217396 521486 824002 745162 849820 524930 898234 802314 292768 21818 414892 295266 262784 394044 109864 455678 308870 2073600 2073600 3 6 403439 994560 993600 94597 97996 107588 103258 6 6 6 6 27 0 0 0 0 
[  192.077769] MESSAGE_B= 0 0 0 1 0 6 192 0 248 179 0 3591 3601 3537 3576 3373 3376 3482 3410 122 260 472 277 105 187 86 175 0 6 172 255 72 177 77 163 198 238 0 0 2 2 2 2 2 2 0 6 102402 357622 812084 217396 521486 824002 745162 849820 524930 898234 802314 292768 21818 414892 295266 262784 394044 109864 455678 308870 2073600 2073600 3 6 403003 990720 993600 94283 97236 108340 103144 6 6 6 6 26 0 0 0 0 
[  192.358466] MESSAGE_B= 0 0 0 1 0 6 192 0 248 179 0 3592 3662 3585 3664 3367 3412 3479 3452 118 93 374 65 97 152 206 135 0 6 167 255 154 193 18 191 226 145 0 0 2 2 2 2 2 2 0 6 276000 524906 812084 217396 521486 824002 745162 849820 524930 898234 802314 292768 21818 414892 295266 262784 394044 109864 455678 308870 2073600 2073600 3 6 415225 994560 993600 95306 100100 112254 107565 6 6 6 6 29 0 0 0 0 
[  192.636868] MESSAGE_B= 0 0 0 1 0 6 192 0 248 179 0 3363 3432 3388 3415 3150 3228 3510 3444 420 441 502 481 113 440 84 121 0 6 233 255 106 84 162 222 203 144 0 0 2 2 2 2 2 2 0 6 121968 364020 818068 225534 568040 826822 789400 859976 530496 935190 811684 314830 48186 386568 254700 213304 373296 66250 459728 325588 2073600 2073600 3 6 402633 990720 993600 88872 96269 111463 106029 6 6 6 6 29 0 0 0 0 
[  192.915349] MESSAGE_B= 0 0 0 0 0 6 192 0 248 179 0 3426 3465 3545 3460 2135 2138 3411 2796 336 376 364 410 313 159 137 565 0 6 237 255 150 5 196 224 209 227 2 0 2 2 2 2 2 2 0 6 271988 540832 818068 225534 568040 826822 789400 859976 530496 935190 811684 314830 48186 386568 254700 213304 373296 66250 459728 325588 2073600 2073600 3 6 405659 994560 993600 89966 96917 98056 120720 6 6 6 6 30 0 0 0 0 
[  193.195860] MESSAGE_B= 0 0 0 0 0 6 192 0 248 179 0 3491 3581 3610 3577 2195 2030 3647 2778 271 301 311 331 140 210 126 797 0 6 225 255 227 219 198 171 188 235 2 0 2 2 2 2 2 2 0 6 311698 384746 818068 225534 568040 826822 789400 859976 530496 935190 811684 314830 48186 386568 254700 213304 373296 66250 459728 325588 2073600 2073600 3 6 326947 990720 993600 75699 80613 52098 122768 6 6 5 6 32 0 0 0 0 
[  193.472870] MESSAGE_B= 0 0 0 0 0 5 192 0 248 179 0 3196 3436 3568 3558 1594 2462 3198 3126 718 533 311 319 203 194 280 337 0 31 222 242 235 157 182 152 224 153 0 0 0 0 0 0 0 0 0 5 266318 638910 818068 225534 568040 826822 789400 859976 530496 935190 811684 314830 48186 386568 254700 213304 373296 66250 459728 325588 2073600 2073600 3 6 277205 994560 993600 60464 69963 42890 123517 6 7 17 6 34 4 4 0 0 
[  193.751855] MESSAGE_B= 0 0 0 0 0 4 192 0 248 179 0 3600 3769 3881 3720 1520 1512 3910 2158 211 44 100 24 17 83 63 423 0 6 87 255 71 46 187 98 0 0 2 2 2 2 2 2 1 0 0 4 698152 512372 818068 225534 568040 826822 789400 859976 530496 935190 811684 314830 48186 386568 254700 213304 373296 66250 459728 325588 2073600 2073600 3 6 371228 990720 993600 90980 120478 45111 125176 6 6 16 6 34 0 0 0 0 
[  193.913380] MESSAGE_B= 0 0 0 2 0 4 192 0 248 179 0 3717 3890 3928 3849 1372 1461 3945 2312 253 54 73 86 78 94 70 538 0 6 56 255 149 0 194 135 0 229 2 2 2 2 2 2 1 2 0 4 384580 858068 818068 225534 568040 826822 789400 859976 530496 935190 811684 314830 48186 386568 254700 213304 373296 66250 459728 325588 2073600 2073600 3 6 352426 994560 993600 84519 110674 35108 124649 6 6 15 6 34 0 0 0 0 
[  194.191574] MESSAGE_B= 0 0 0 2 0 4 192 0 248 179 0 3777 4018 4034 4029 1229 1430 3988 2573 366 56 86 67 83 118 69 541 0 6 45 236 116 25 195 126 0 1 2 2 2 2 2 0 1 2 0 4 725218 692476 818068 225534 568040 826822 789400 859976 530496 935190 811684 314830 48186 386568 254700 213304 373296 66250 459728 325588 2073600 2073600 3 6 309861 990720 993600 76004 77877 31716 124264 6 6 6 6 34 0 0 0 0 
[  194.468881] MESSAGE_B= 0 0 0 3 0 4 192 0 248 179 0 3814 4018 4032 4025 1223 1454 3994 2843 258 84 3 60 80 110 75 619 0 6 255 255 38 62 196 111 0 19 2 2 2 2 2 0 1 2 0 4 447416 882130 818068 225534 568040 826822 789400 859976 530496 935190 811684 314830 48186 386568 254700 213304 373296 66250 459728 325588 2073600 2073600 3 6 307440 994560 993600 75268 76821 31253 124098 6 6 6 6 31 0 0 0 0 
[  194.747846] MESSAGE_B= 0 0 0 4 0 4 192 0 248 179 0 3810 4015 4030 4023 1219 1457 3998 3118 233 80 19 35 80 117 45 812 0 6 80 255 159 45 197 101 255 34 2 2 2 2 2 0 2 2 0 4 741250 706380 818068 225534 568040 826822 789400 859976 530496 935190 811684 314830 48186 386568 254700 213304 373296 66250 459728 325588 2073600 2073600 3 6 306001 990720 993600 74782 76396 30984 123839 6 6 6 6 29 0 0 0 0 
[  195.024857] MESSAGE_B= 0 0 0 4 0 4 192 0 248 179 0 3790 4020 4032 4023 1218 1482 3998 3165 241 86 51 83 78 115 12 737 0 6 43 245 182 73 210 75 255 40 2 2 2 2 2 0 2 2 0 4 435158 882314 1492430 106036 470064 1067650 1151646 1433194 1203224 1128258 1519282 1027808 544004 493218 700758 928478 1004786 927176 954818 1059080 2073600 2073600 3 6 305392 994560 993600 74487 76185 30820 123900 6 6 6 6 26 0 0 0 0 
[  195.301857] MESSAGE_B= 0 0 0 4 0 3 192 0 248 179 0 3780 4020 4032 4024 1198 1503 3996 3162 253 33 71 52 81 96 62 738 0 6 46 239 45 79 199 45 255 81 2 2 2 2 2 0 2 2 0 3 753102 709084 1492430 106036 470064 1067650 1151646 1433194 1203224 1128258 1519282 1027808 544004 493218 700758 928478 1004786 927176 954818 1059080 2073600 2073600 3 6 305597 990720 993600 75021 76255 30331 123990 6 6 6 6 25 0 0 0 0 
[  195.461067] MESSAGE_B= 0 0 0 4 0 4 192 0 248 179 0 3769 4018 4031 4027 1234 1515 3989 3155 288 89 55 37 72 86 54 726 0 6 84 255 223 48 201 32 0 4 2 2 2 2 2 2 2 2 0 4 439502 880050 1492430 106036 470064 1067650 1151646 1433194 1203224 1128258 1519282 1027808 544004 493218 700758 928478 1004786 927176 954818 1059080 2073600 2073600 3 6 303773 994560 993600 74380 75187 30223 123983 6 6 6 6 27 0 0 0 0 
[  195.739858] MESSAGE_B= 0 0 0 4 0 4 192 0 248 179 0 3760 4018 4032 4025 1212 1543 4005 3115 288 50 86 30 73 62 56 725 0 6 67 229 112 85 199 38 255 46 2 2 2 2 2 0 2 2 0 4 762458 706380 1492430 106036 470064 1067650 1151646 1433194 1203224 1128258 1519282 1027808 544004 493218 700758 928478 1004786 927176 954818 1059080 2073600 2073600 3 6 303793 990720 993600 74706 75367 30705 123908 6 6 15 6 27 0 0 0 0 
[  196.027699] MESSAGE_B= 0 0 0 4 0 3 192 0 248 179 0 3763 4018 4033 4025 1200 1534 4007 3102 300 82 18 88 65 80 39 732 0 6 130 245 46 58 192 72 255 16 2 2 2 2 2 0 2 2 0 3 443598 877808 1492430 106036 470064 1067650 1151646 1433194 1203224 1128258 1519282 1027808 544004 493218 700758 928478 1004786 927176 954818 1059080 2073600 2073600 3 6 301653 994560 993600 74081 74225 31100 123883 6 6 15 6 25 0 0 0 0 
[  196.304870] MESSAGE_B= 0 0 0 5 0 4 192 0 248 179 0 3757 4017 4033 4026 1222 1529 3990 3110 294 37 13 59 85 93 86 724 0 6 26 255 166 2 183 86 255 26 2 2 2 2 2 0 2 2 0 4 768920 699536 1492430 106036 470064 1067650 1151646 1433194 1203224 1128258 1519282 1027808 544004 493218 700758 928478 1004786 927176 954818 1059080 2073600 2073600 3 6 301532 990720 993600 74179 74320 29806 123936 6 6 15 6 27 0 0 0 0 
[  196.583571] MESSAGE_B= 0 0 0 5 0 3 192 0 248 179 0 3781 4014 4031 4023 1212 1517 3969 3061 286 80 83 31 79 98 88 814 0 6 69 255 66 62 168 89 0 155 2 2 2 2 2 0 2 2 0 3 443714 875498 1492430 106036 470064 1067650 1151646 1433194 1203224 1128258 1519282 1027808 544004 493218 700758 928478 1004786 927176 954818 1059080 2073600 2073600 3 6 298581 994560 993600 73382 72629 31514 123876 6 6 15 6 27 0 0 0 0 
[  196.862877] MESSAGE_B= 0 0 0 5 1 3 192 0 248 179 0 3769 4015 4032 4027 1212 1493 3968 3125 309 73 88 47 74 124 39 734 0 6 39 255 144 81 167 110 0 4 2 2 2 2 2 0 2 2 1 3 776804 694992 1492430 106036 470064 1067650 1151646 1433194 1203224 1128258 1519282 1027808 544004 493218 700758 928478 1004786 927176 954818 1059080 2073600 2073600 3 6 298346 990720 993600 73508 72570 28839 124065 6 6 15 6 26 0 0 0 0 
[  197.146845] MESSAGE_B= 0 0 0 5 1 3 192 0 248 179 0 3778 4013 4032 4024 1206 1479 3977 3074 285 31 5 82 69 134 84 815 0 6 250 255 46 93 154 124 68 22 2 2 2 2 2 0 2 2 1 3 441482 870412 1492430 106036 470064 1067650 1151646 1433194 1203224 1128258 1519282 1027808 544004 493218 700758 928478 1004786 927176 954818 1059080 2073600 2073600 3 6 296384 994560 993600 72558 72012 32425 123809 6 6 15 6 26 0 0 0 0 
[  197.425857] MESSAGE_B= 0 0 0 5 0 3 192 0 248 179 0 3776 4016 4032 4025 1214 1461 3978 3120 314 64 33 57 69 140 73 730 0 6 32 241 118 130 152 134 0 26 2 2 2 2 2 0 2 2 0 3 785712 697394 1471234 1443010 464478 1479808 1478998 1508634 1124548 1090146 1499986 1033460 967852 797158 1043454 1058038 1055068 992282 936976 1092978 2073600 2073600 3 6 295527 990720 993600 72893 71507 33086 124014 6 6 15 6 25 0 0 0 0 
[  197.583064] MESSAGE_B= 0 0 0 5 1 2 192 0 248 179 0 3774 4014 4032 4023 1185 1455 3985 3077 299 64 65 78 84 132 83 816 0 6 71 242 108 131 149 131 0 2 2 2 2 2 2 0 2 2 1 2 436114 864136 1471234 1443010 464478 1479808 1478998 1508634 1124548 1090146 1499986 1033460 967852 797158 1043454 1058038 1055068 992282 936976 1092978 2073600 2073600 3 6 293825 994560 993600 71809 71339 33373 123880 6 6 15 6 26 0 0 0 0 
[  197.867859] MESSAGE_B= 0 0 0 5 1 2 192 0 248 179 0 3770 4016 4031 4024 1191 1440 3992 3116 324 69 32 79 77 145 86 738 0 6 30 246 71 156 140 158 107 36 2 2 2 2 2 0 2 2 1 2 797570 697428 1471234 1443010 464478 1479808 1478998 1508634 1124548 1090146 1499986 1033460 967852 797158 1043454 1058038 1055068 992282 936976 1092978 2073600 2073600 3 6 291838 990720 993600 72463 69705 31177 124058 6 6 15 6 26 0 0 0 0 
[  198.145859] MESSAGE_B= 0 0 0 5 0 2 192 0 248 179 0 3733 4014 3994 4025 1212 1434 3998 3056 436 36 310 54 77 151 81 814 0 6 182 237 108 152 143 165 249 18 2 2 2 2 2 0 2 2 0 2 432782 862974 1471234 1443010 464478 1479808 1478998 1508634 1124548 1090146 1499986 1033460 967852 797158 1043454 1058038 1055068 992282 936976 1092978 2073600 2073600 3 6 289692 994560 993600 71593 69299 35119 123845 6 6 15 6 25 0 0 0 0 
[  198.423851] MESSAGE_B= 0 0 0 6 1 2 192 0 248 179 0 3698 4009 3955 4017 1196 1419 3978 3059 518 48 419 77 72 138 15 813 0 6 206 252 191 158 134 177 255 15 2 2 2 2 2 2 2 2 1 2 809744 693950 1471234 1443010 464478 1479808 1478998 1508634 1124548 1090146 1499986 1033460 967852 797158 1043454 1058038 1055068 992282 936976 1092978 2073600 2073600 3 6 290740 990720 993600 72380 70242 31252 124006 6 6 15 6 25 0 0 0 0 
[  198.706649] MESSAGE_B= 0 0 0 6 1 2 192 0 248 179 0 3714 4017 3963 4023 1216 1399 3739 3125 524 48 412 70 74 122 735 729 0 6 204 252 114 140 126 183 250 13 2 2 2 2 2 0 2 2 1 2 431472 860672 1471234 1443010 464478 1479808 1478998 1508634 1124548 1090146 1499986 1033460 967852 797158 1043454 1058038 1055068 992282 936976 1092978 2073600 2073600 3 6 288221 994560 993600 70876 69016 34163 123846 6 6 15 6 27 0 0 0 0 
[  198.985854] MESSAGE_B= 0 0 0 6 0 1 192 0 248 179 0 3732 4012 3964 4023 1166 1388 4004 3063 508 64 397 86 75 102 84 813 0 6 207 255 93 92 122 186 255 14 2 2 2 2 2 0 2 2 0 1 817474 689606 1471234 1443010 464478 1479808 1478998 1508634 1124548 1090146 1499986 1033460 967852 797158 1043454 1058038 1055068 992282 936976 1092978 2073600 2073600 3 6 285181 990720 993600 69595 67523 35931 123855 6 6 15 6 27 0 0 0 0 
[  199.265849] MESSAGE_B= 0 0 0 6 1 1 192 0 248 179 0 3701 4017 3936 4024 1218 1373 3853 3123 569 22 467 84 100 90 243 724 0 6 222 255 157 8 114 196 59 5 2 2 2 2 2 0 2 2 1 1 423012 858762 1471234 1443010 464478 1479808 1478998 1508634 1124548 1090146 1499986 1033460 967852 797158 1043454 1058038 1055068 992282 936976 1092978 2073600 2073600 1 6 284307 994560 993600 69797 66753 38009 123731 6 6 15 6 27 0 0 0 0 
[  199.544854] MESSAGE_B= 0 0 0 6 1 2 192 0 248 179 0 3701 4012 3929 4023 1238 1346 3299 3059 566 52 485 67 94 94 1018 811 0 6 224 245 131 25 104 202 30 26 2 2 2 2 2 2 2 2 1 2 824260 682812 1471234 1443010 464478 1479808 1478998 1508634 1124548 1090146 1499986 1033460 967852 797158 1043454 1058038 1055068 992282 936976 1092978 2073600 2073600 3 6 281481 990720 993600 68637 65525 35209 123766 6 6 15 6 27 0 0 0 0 
[  199.706548] MESSAGE_B= 0 0 0 6 1 2 192 0 248 179 0 3715 4018 3934 4024 1246 1325 3489 3120 557 77 478 57 100 88 902 723 0 6 226 255 106 18 105 194 6 26 2 2 2 2 2 2 2 2 1 2 416036 857772 1453954 1371216 437798 1461498 1460826 1497998 1032428 1049812 1481954 1023258 1003864 663444 1050692 1075598 1045090 1026648 903078 1104184 2073600 2073600 3 6 281197 994560 993600 69033 64917 39237 123699 6 6 15 6 27 0 0 0 0 
[  199.987869] MESSAGE_B= 0 0 0 6 1 2 192 0 248 179 0 3303 3639 3884 3901 1245 1926 3495 3436 958 751 268 259 121 206 186 272 0 31 219 252 2 25 94 22 83 91 0 0 0 0 0 0 0 0 1 2 829756 677840 1453954 1371216 437798 1461498 1460826 1497998 1032428 1049812 1481954 1023258 1003864 663444 1050692 1075598 1045090 1026648 903078 1104184 2073600 2073600 3 6 277611 990720 993600 67713 63336 39018 123676 6 6 15 6 27 4 0 0 0 
[  200.268150] MESSAGE_B= 0 0 0 6 1 2 192 0 248 179 0 3646 4016 3879 4025 1331 1302 2656 3119 656 81 583 45 73 100 1025 724 0 6 235 255 165 50 86 175 3 95 2 2 2 2 2 2 2 2 1 2 417560 855290 1453954 1371216 437798 1461498 1460826 1497998 1032428 1049812 1481954 1023258 1003864 663444 1050692 1075598 1045090 1026648 903078 1104184 2073600 2073600 3 6 278772 994560 993600 68924 63953 41288 123529 6 6 15 6 28 0 0 0 0 
[  200.549856] MESSAGE_B= 0 0 0 6 1 2 192 0 248 179 0 3294 3629 3880 3898 1253 1864 3481 3438 957 755 269 264 127 206 215 261 0 31 218 246 6 4 82 40 67 90 0 0 0 0 0 0 0 0 1 2 840726 674564 1453954 1371216 437798 1461498 1460826 1497998 1032428 1049812 1481954 1023258 1003864 663444 1050692 1075598 1045090 1026648 903078 1104184 2073600 2073600 3 6 276897 990720 993600 68876 63122 38398 123561 6 6 15 6 28 4 0 0 0 
[  200.835202] MESSAGE_B= 0 0 0 6 1 2 192 0 248 179 0 3305 3634 3885 3904 1259 1835 3480 3458 953 753 278 257 136 202 224 247 0 31 212 247 8 1 79 42 63 91 0 0 0 0 0 0 0 0 1 2 415736 858524 1453954 1371216 437798 1461498 1460826 1497998 1032428 1049812 1481954 1023258 1003864 663444 1050692 1075598 1045090 1026648 903078 1104184 2073600 2073600 3 6 277490 994560 993600 69516 63665 40479 123417 6 6 15 6 27 4 0 0 0 
[  201.118855] MESSAGE_B= 0 0 0 6 1 2 192 0 248 179 0 3304 3632 3884 3903 1260 1805 3475 3461 952 751 264 255 131 203 234 252 0 31 218 247 15 15 71 44 50 85 0 0 0 0 0 0 0 0 1 2 850750 672910 1453954 1371216 437798 1461498 1460826 1497998 1032428 1049812 1481954 1023258 1003864 663444 1050692 1075598 1045090 1026648 903078 1104184 2073600 2073600 3 6 274782 990720 993600 69167 62016 43431 123280 6 6 15 6 29 4 0 0 0 
[  201.397847] MESSAGE_B= 0 0 0 5 1 2 192 0 248 179 0 3312 3640 3889 3907 1270 1773 3454 3462 943 737 268 244 132 201 242 241 0 31 210 249 27 31 63 50 49 76 0 0 0 0 0 0 0 0 1 2 414482 863632 1453954 1371216 437798 1461498 1460826 1497998 1032428 1049812 1481954 1023258 1003864 663444 1050692 1075598 1045090 1026648 903078 1104184 2073600 2073600 3 6 275243 994560 993600 69835 62599 41039 123351 6 6 15 6 29 4 0 0 0 
[  201.684384] MESSAGE_B= 0 0 0 5 1 2 192 0 248 179 0 3315 3642 3889 3908 1269 1738 3456 3469 942 732 264 240 136 207 266 260 0 31 212 252 16 17 61 34 43 78 0 0 0 0 0 0 0 0 1 2 862022 683836 1453954 1371216 437798 1461498 1460826 1497998 1032428 1049812 1481954 1023258 1003864 663444 1050692 1075598 1045090 1026648 903078 1104184 2073600 2073600 3 6 273881 990720 993600 70023 61615 46291 123114 6 6 15 6 30 4 0 0 0 
[  201.842870] MESSAGE_B= 0 0 0 5 1 2 192 0 248 179 0 3317 3644 3890 3908 1271 1717 3442 3467 939 724 254 244 141 206 275 254 0 31 216 248 4 21 59 31 31 72 0 0 0 0 0 0 0 0 1 2 414238 870228 1453954 1371216 437798 1461498 1460826 1497998 1032428 1049812 1481954 1023258 1003864 663444 1050692 1075598 1045090 1026648 903078 1104184 2073600 2073600 3 6 274027 994560 993600 70829 61824 43913 122920 6 6 15 6 30 4 0 0 0 
[  202.122868] MESSAGE_B= 0 0 0 5 1 2 192 0 248 179 0 3325 3649 3894 3912 1276 1688 3436 3483 935 717 258 235 134 205 281 256 0 31 209 250 30 26 50 33 21 57 0 0 0 0 0 0 0 0 1 2 870066 702114 1499054 1341094 410574 1458416 1452642 1490974 1095800 987796 1516078 1076360 1031760 682762 1072410 1082944 1048754 1045332 924698 1131324 2073600 2073600 3 6 272447 990720 993600 70939 60520 47327 122885 6 6 15 6 30 4 0 0 0 
[  202.409967] MESSAGE_B= 0 0 0 5 1 2 192 0 248 179 0 3324 3650 3893 3909 1281 1650 3409 3480 932 704 250 237 142 212 312 258 0 31 215 245 13 11 46 34 18 57 0 0 0 0 0 0 0 0 1 2 407862 877184 1499054 1341094 410574 1458416 1452642 1490974 1095800 987796 1516078 1076360 1031760 682762 1072410 1082944 1048754 1045332 924698 1131324 2073600 2073600 3 6 271671 994560 993600 71900 60264 45316 122827 6 6 15 6 31 4 0 0 0 
[  202.688875] MESSAGE_B= 0 0 0 5 1 2 192 0 248 179 0 3334 3660 3896 3916 1285 1623 3407 3492 927 693 258 224 140 212 320 270 0 31 206 249 29 5 41 44 5 57 0 0 0 0 0 0 0 0 1 2 876570 717254 1499054 1341094 410574 1458416 1452642 1490974 1095800 987796 1516078 1076360 1031760 682762 1072410 1082944 1048754 1045332 924698 1131324 2073600 2073600 1 6 270547 990720 993600 71726 59523 49672 122505 6 6 15 6 31 4 0 0 0 
[  202.967875] MESSAGE_B= 0 0 0 5 1 2 192 0 248 179 0 3345 3671 3902 3920 1291 1601 3391 3494 919 680 251 231 141 218 344 268 0 31 206 240 30 8 41 54 5 74 0 0 0 0 0 0 0 0 1 2 406226 881476 1499054 1341094 410574 1458416 1452642 1490974 1095800 987796 1516078 1076360 1031760 682762 1072410 1082944 1048754 1045332 924698 1131324 2073600 2073600 3 6 269491 994560 993600 72450 59042 50416 122314 6 6 15 6 30 4 0 0 0 
[  203.245851] MESSAGE_B= 0 0 0 4 1 2 192 0 248 179 0 3343 3670 3899 3918 1289 1576 3367 3489 914 673 251 225 151 218 359 268 0 31 203 244 18 5 44 74 9 62 0 0 0 0 0 0 0 0 1 2 880482 730392 1499054 1341094 410574 1458416 1452642 1490974 1095800 987796 1516078 1076360 1031760 682762 1072410 1082944 1048754 1045332 924698 1131324 2073600 2073600 1 6 269089 990720 993600 73257 58822 48131 121855 6 6 15 6 30 4 0 0 0 
[  203.531851] MESSAGE_B= 0 0 0 4 1 3 192 0 248 179 0 3361 3685 3898 3912 1300 1552 3330 3484 898 646 242 219 147 221 373 242 0 31 205 240 36 18 53 85 26 56 0 0 0 0 0 0 0 0 1 3 399728 880358 1499054 1341094 410574 1458416 1452642 1490974 1095800 987796 1516078 1076360 1031760 682762 1072410 1082944 1048754 1045332 924698 1131324 2073600 2073600 3 6 267839 994560 993600 73833 57938 49006 121522 6 6 15 6 30 4 0 0 0 
[  203.809855] MESSAGE_B= 0 0 0 4 1 2 192 0 248 179 0 3380 3644 3758 3692 1367 1480 3114 3269 815 608 265 179 163 212 358 224 0 31 224 233 69 12 142 76 35 58 0 0 0 0 0 0 0 0 1 2 881028 752344 1499054 1341094 410574 1458416 1452642 1490974 1095800 987796 1516078 1076360 1031760 682762 1072410 1082944 1048754 1045332 924698 1131324 2073600 2073600 1 6 268888 990720 993600 75719 57033 58642 120648 6 6 15 6 32 4 0 0 0 
[  204.092867] MESSAGE_B= 0 0 0 6 1 2 192 0 248 179 0 3421 3559 3444 3254 1468 1335 2702 2841 659 563 346 138 256 195 290 173 0 31 212 122 82 2 197 52 40 26 0 0 0 0 0 0 0 0 1 2 489780 899146 1499054 1341094 410574 1458416 1452642 1490974 1095800 987796 1516078 1076360 1031760 682762 1072410 1082944 1048754 1045332 924698 1131324 2073600 2073600 3 6 273339 994560 993600 79386 59519 52063 118764 6 6 14 6 32 4 0 0 0 
[  204.371847] MESSAGE_B= 0 0 0 16 1 2 192 0 248 179 0 3466 3410 3005 2698 1536 1161 2219 2315 516 587 428 189 434 160 230 192 0 31 184 45 17 62 190 8 29 5 0 0 0 0 0 0 0 0 1 2 871452 774594 1499054 1341094 410574 1458416 1452642 1490974 1095800 987796 1516078 1076360 1031760 682762 1072410 1082944 1048754 1045332 924698 1131324 2073600 2073600 1 6 268110 990720 993600 86400 49703 62255 110102 6 6 14 6 37 4 0 0 0 
[  204.650858] MESSAGE_B= 0 0 0 29 2 2 192 0 248 179 0 3522 3177 2478 2095 1539 987 1706 1788 381 685 492 277 611 115 269 286 0 31 133 156 171 169 169 73 170 19 0 0 0 0 0 0 0 0 2 2 653486 970226 1644358 1350746 436624 1523572 1532962 1579662 1057786 951354 1612022 1238978 1062924 695128 1127390 1126180 1087494 1018884 897914 1375484 2073600 2073600 1 6 183435 994560 993600 81318 55177 66867 46978 6 17 13 6 39 4 0 0 0 
[  204.930044] MESSAGE_B= 0 0 0 30 1 2 192 0 248 179 0 3603 2974 2053 1765 1936 1079 1502 2200 292 738 470 299 772 340 397 549 0 13 38 197 242 164 155 129 153 19 0 2 2 2 0 2 2 0 1 2 718888 910246 1644358 1350746 436624 1523572 1532962 1579662 1057786 951354 1612022 1238978 1062924 695128 1127390 1126180 1087494 1018884 897914 1375484 2073600 2073600 1 14 165567 990720 993600 74338 60504 64989 79600 6 15 13 14 40 0 0 0 0 
[  205.209863] MESSAGE_B= 0 0 0 25 1 3 192 0 248 179 0 3623 2628 1571 1162 1300 848 880 1325 275 964 504 484 710 184 385 377 0 31 4 206 252 177 145 196 200 124 0 0 0 0 0 0 0 0 1 3 727596 731938 1644358 1350746 436624 1523572 1532962 1579662 1057786 951354 1612022 1238978 1062924 695128 1127390 1126180 1087494 1018884 897914 1375484 2073600 2073600 1 13 142922 994560 993600 60637 50402 36660 54032 6 13 13 12 41 5 0 0 0 
[  205.367856] MESSAGE_B= 0 7 0 20 1 3 192 0 248 179 0 3599 2482 1430 1059 1198 851 783 1311 308 999 510 532 660 226 373 344 0 31 22 206 253 207 148 208 165 161 0 0 0 0 0 0 0 0 1 3 416176 764178 1644358 1350746 436624 1523572 1532962 1579662 1057786 951354 1612022 1238978 1062924 695128 1127390 1126180 1087494 1018884 897914 1375484 2073600 2073600 3 12 124357 990720 993600 54576 47016 39431 41514 6 13 12 12 41 4 4 20 20 
[  205.653857] MESSAGE_B= 0 7 0 17 1 3 192 0 248 179 0 3497 2250 1299 1070 1018 873 737 1382 419 995 508 601 507 314 357 343 0 31 83 202 252 232 149 222 114 187 0 0 0 0 0 0 0 0 1 3 685420 471324 1644358 1350746 436624 1523572 1532962 1579662 1057786 951354 1612022 1238978 1062924 695128 1127390 1126180 1087494 1018884 897914 1375484 2073600 2073600 3 12 130508 994560 993600 53298 44358 44908 38810 6 12 12 12 41 4 4 20 20 
[  205.936850] MESSAGE_B= 0 7 0 15 1 3 192 0 248 179 0 3355 2033 1167 1111 884 883 716 1455 558 927 491 639 346 407 361 384 0 31 99 182 248 202 152 229 91 158 0 0 0 0 0 0 0 0 1 3 183388 516266 1644358 1350746 436624 1523572 1532962 1579662 1057786 951354 1612022 1238978 1062924 695128 1127390 1126180 1087494 1018884 897914 1375484 2073600 2073600 3 12 138355 990720 993600 49891 49787 50828 34023 6 12 12 12 39 4 4 20 20 
[  206.225326] MESSAGE_B= 0 0 0 15 1 3 192 0 248 179 0 3153 1823 1044 1209 812 871 772 1496 726 809 437 599 196 492 343 400 0 31 115 146 221 172 141 231 60 143 0 0 0 0 0 0 0 0 1 3 579228 407944 1644358 1350746 436624 1523572 1532962 1579662 1057786 951354 1612022 1238978 1062924 695128 1127390 1126180 1087494 1018884 897914 1375484 2073600 2073600 3 12 136809 994560 993600 45228 49184 53679 28914 6 12 12 12 39 4 0 0 0 
[  206.505898] MESSAGE_B= 0 0 0 16 1 3 192 0 248 179 0 2930 1650 961 1341 792 831 896 1485 872 683 413 544 130 483 315 408 0 31 133 102 137 139 176 227 17 137 0 0 0 0 0 0 0 0 1 3 241616 453580 1644358 1350746 436624 1523572 1532962 1579662 1057786 951354 1612022 1238978 1062924 695128 1127390 1126180 1087494 1018884 897914 1375484 2073600 2073600 3 12 134440 990720 993600 39979 48281 54843 24848 6 12 12 12 38 5 0 0 0 
[  206.787124] MESSAGE_B= 0 0 0 17 1 3 192 0 248 179 0 2639 1497 918 1465 820 759 1056 1449 1005 568 444 485 203 409 314 435 0 31 152 13 175 123 196 197 57 124 0 0 0 0 0 0 0 0 1 3 444978 389670 1644358 1350746 436624 1523572 1532962 1579662 1057786 951354 1612022 1238978 1062924 695128 1127390 1126180 1087494 1018884 897914 1375484 2073600 2073600 3 12 136827 994560 993600 34065 46944 57566 23556 6 12 12 12 37 5 0 0 0 
[  207.077912] MESSAGE_B= 0 0 0 17 1 3 192 0 248 179 0 2339 1350 952 1581 859 718 1271 1395 1057 533 488 427 297 355 370 484 0 31 166 94 227 102 215 127 127 100 0 0 0 0 0 0 0 0 1 3 360938 408642 499426 379864 315344 1001316 893114 737778 741732 298260 600446 484688 591408 782516 799994 698658 605750 830468 446088 500758 2073600 2073600 3 12 139128 990720 993600 27954 45129 57333 23049 6 12 12 12 35 4 0 0 0 
[  207.359858] MESSAGE_B= 0 0 0 18 2 3 192 0 248 179 0 2085 1178 1041 1680 886 692 1429 1352 1012 469 530 376 397 334 399 548 0 31 189 117 208 76 226 102 180 63 0 0 0 0 0 0 0 0 2 3 378144 326388 499426 379864 315344 1001316 893114 737778 741732 298260 600446 484688 591408 782516 799994 698658 605750 830468 446088 500758 2073600 2073600 3 12 145789 994560 993600 26119 44544 56757 22372 13 12 12 0 33 4 0 0 0 
[  207.521826] MESSAGE_B= 0 0 0 20 2 3 192 0 248 179 0 1963 1091 1098 1728 887 702 1471 1330 958 406 566 356 448 317 407 571 0 31 191 121 199 82 232 89 188 31 0 0 0 0 0 0 0 0 2 3 511806 394802 499426 379864 315344 1001316 893114 737778 741732 298260 600446 484688 591408 782516 799994 698658 605750 830468 446088 500758 2073600 2073600 3 12 145136 990720 993600 28761 40277 56350 22354 13 12 12 12 33 4 0 0 0 
[  207.802855] MESSAGE_B= 0 0 0 20 2 2 192 0 248 179 0 1746 941 1277 1790 862 821 1475 1313 828 312 651 357 492 318 382 574 0 31 203 144 180 102 237 60 192 0 0 0 0 0 0 0 0 0 2 2 341376 262578 499426 379864 315344 1001316 893114 737778 741732 298260 600446 484688 591408 782516 799994 698658 605750 830468 446088 500758 2073600 2073600 1 12 144790 994560 993600 36544 34125 50347 23975 12 12 12 13 32 4 0 0 0 
[  208.080850] MESSAGE_B= 0 0 0 22 2 3 192 0 248 179 0 1556 830 1502 1809 796 934 1416 1283 690 282 734 360 418 281 380 559 0 31 198 153 149 145 218 14 192 0 0 0 0 0 0 0 0 0 2 3 460480 388956 499426 379864 315344 1001316 893114 737778 741732 298260 600446 484688 591408 782516 799994 698658 605750 830468 446088 500758 2073600 2073600 3 12 146751 990720 993600 46178 29049 44533 26991 12 12 12 12 28 4 0 0 0 
[  208.360852] MESSAGE_B= 0 0 0 22 2 2 192 0 248 179 0 1393 792 1745 1799 753 1063 1352 1279 603 305 737 345 333 255 402 554 0 31 171 140 124 186 155 85 184 20 0 0 0 0 0 0 0 0 2 2 443986 249992 499426 379864 315344 1001316 893114 737778 741732 298260 600446 484688 591408 782516 799994 698658 605750 830468 446088 500758 2073600 2073600 1 12 149346 994560 993600 57450 23567 37352 30977 12 12 12 12 26 4 0 0 0 
[  208.638870] MESSAGE_B= 0 0 0 23 2 2 192 0 248 179 0 1229 833 1936 1796 728 1235 1296 1285 533 367 722 353 291 275 454 554 0 31 168 95 61 186 97 157 150 62 0 0 0 0 0 0 0 0 2 2 361714 378504 499426 379864 315344 1001316 893114 737778 741732 298260 600446 484688 591408 782516 799994 698658 605750 830468 446088 500758 2073600 2073600 1 12 147223 990720 993600 64913 21409 30619 33970 12 15 12 12 26 4 0 0 0 
[  208.881345] MESSAGE_B= 0 0 0 25 2 3 192 0 248 179 0 1053 973 2078 1799 779 1357 1249 1285 407 563 734 377 243 334 502 558 0 31 177 87 34 155 62 154 97 72 0 0 0 0 0 0 0 0 2 3 567602 294586 499426 379864 315344 1001316 893114 737778 741732 298260 600446 484688 591408 782516 799994 698658 605750 830468 446088 500758 2073600 2073600 3 12 148067 994560 993600 72303 22638 26535 35873 12 15 12 12 24 4 0 0 0 
[  209.159880] MESSAGE_B= 0 0 0 26 2 3 192 0 248 179 0 896 1196 2229 1812 946 1441 1237 1291 271 767 768 394 254 397 529 551 0 31 184 83 74 122 20 146 51 63 0 0 0 0 0 0 0 0 2 3 268382 422002 499426 379864 315344 1001316 893114 737778 741732 298260 600446 484688 591408 782516 799994 698658 605750 830468 446088 500758 2073600 2073600 3 12 142984 990720 993600 77542 22992 22251 36341 12 15 0 12 23 4 0 0 0 
[  209.438722] MESSAGE_B= 0 0 0 27 2 2 192 0 248 179 0 763 1421 2340 1797 1135 1432 1218 1277 203 948 773 390 352 419 524 550 0 31 173 73 95 128 12 162 26 49 0 0 0 0 0 0 0 0 2 2 685806 362832 401322 405566 254482 431058 474636 334976 770258 505178 388808 713842 836624 509196 721182 483994 652544 1079384 474652 678088 2073600 2073600 1 12 149521 994560 993600 86268 23866 25480 37150 12 15 0 12 21 4 0 0 0 
[  209.720488] MESSAGE_B= 0 0 0 29 2 2 192 0 248 179 0 689 1695 2463 1800 1354 1400 1208 1277 231 1072 724 402 427 462 514 541 0 31 109 49 100 137 33 186 8 45 0 0 0 0 0 0 0 0 2 2 236716 428998 401322 405566 254482 431058 474636 334976 770258 505178 388808 713842 836624 509196 721182 483994 652544 1079384 474652 678088 2073600 2073600 1 12 143143 990720 993600 84849 25376 23390 35405 12 15 0 12 20 4 0 0 0 
[  210.008862] MESSAGE_B= 0 0 0 31 1 2 192 0 248 179 0 705 1988 2508 1789 1519 1354 1205 1201 283 1115 697 403 438 517 500 457 0 31 124 28 111 139 130 216 31 73 0 0 0 0 0 0 0 0 1 2 830842 463658 401322 405566 254482 431058 474636 334976 770258 505178 388808 713842 836624 509196 721182 483994 652544 1079384 474652 678088 2073600 2073600 3 12 140613 994560 993600 82191 24756 23854 35213 12 15 0 12 18 5 0 0 0 
[  210.286876] MESSAGE_B= 0 0 0 32 2 2 192 0 248 179 0 762 2270 2528 1769 1586 1308 1195 1128 364 1069 688 365 450 560 486 351 0 31 146 10 105 137 145 237 31 47 0 0 0 0 0 0 0 0 2 2 255870 473314 401322 405566 254482 431058 474636 334976 770258 505178 388808 713842 836624 509196 721182 483994 652544 1079384 474652 678088 2073600 2073600 1 12 131166 990720 993600 73502 24653 25144 33279 12 15 13 12 17 5 0 0 0 
[  210.446110] MESSAGE_B= 0 0 0 33 2 2 192 0 248 179 0 812 2424 2525 1778 1635 1283 1185 1145 431 1029 682 309 486 580 488 323 0 31 149 48 118 133 123 241 32 46 0 0 0 0 0 0 0 0 2 2 808506 516174 401322 405566 254482 431058 474636 334976 770258 505178 388808 713842 836624 509196 721182 483994 652544 1079384 474652 678088 2073600 2073600 1 12 131497 994560 993600 74003 24203 25100 32774 12 16 13 12 15 4 0 0 0 
[  210.726867] MESSAGE_B= 0 0 0 33 1 2 192 0 248 179 0 988 2651 2535 1824 1773 1283 1184 1238 592 951 673 313 591 593 469 306 0 31 134 79 142 146 113 239 30 39 0 0 0 0 0 0 0 0 1 2 303748 544160 401322 405566 254482 431058 474636 334976 770258 505178 388808 713842 836624 509196 721182 483994 652544 1079384 474652 678088 2073600 2073600 3 12 112925 990720 993600 61664 19997 25580 27604 12 16 13 12 16 4 0 0 0 
[  211.015844] MESSAGE_B= 0 0 0 32 1 2 192 0 248 179 0 1203 2847 2515 1851 1858 1279 1171 1247 789 798 673 289 652 594 459 237 0 31 113 94 154 173 143 236 22 80 0 0 0 0 0 0 0 0 1 2 702912 505870 401322 405566 254482 431058 474636 334976 770258 505178 388808 713842 836624 509196 721182 483994 652544 1079384 474652 678088 2073600 2073600 3 12 103019 994560 993600 53033 20345 27670 27157 12 16 13 0 17 4 0 0 0 
[  211.293868] MESSAGE_B= 0 0 0 30 1 1 192 0 248 179 0 1421 2980 2495 1795 1900 1285 1181 1260 976 660 668 315 666 593 456 178 0 31 84 150 162 203 160 229 8 170 0 0 0 0 0 0 0 0 1 1 403908 632992 401322 405566 254482 431058 474636 334976 770258 505178 388808 713842 836624 509196 721182 483994 652544 1079384 474652 678088 2073600 2073600 1 12 90699 990720 993600 44590 26274 28935 32466 25 11 13 0 17 4 0 0 0 
[  211.572848] MESSAGE_B= 0 0 0 29 1 2 192 0 248 179 0 1609 3073 2474 1657 1873 1279 1218 1255 1108 576 656 346 705 587 487 129 0 31 59 183 174 142 173 215 6 172 0 0 0 0 0 0 0 0 1 2 645892 499270 401322 405566 254482 431058 474636 334976 770258 505178 388808 713842 836624 509196 721182 483994 652544 1079384 474652 678088 2073600 2073600 3 12 83917 994560 993600 47840 32150 32040 33749 25 11 13 0 17 5 0 0 0 
[  211.851879] MESSAGE_B= 0 0 0 28 1 2 192 0 248 179 0 1800 3139 2426 1582 1826 1265 1223 1222 1190 511 635 463 753 577 440 90 0 31 35 188 189 145 191 186 12 168 0 0 0 0 0 0 0 0 1 2 483308 656094 837490 719088 187810 624056 608636 731204 858104 599564 917296 735952 359426 563374 701722 571090 724404 721186 555044 763362 2073600 2073600 3 11 78635 990720 993600 49949 36704 33100 40028 25 11 13 0 17 4 0 0 0 
[  212.129865] MESSAGE_B= 0 0 0 25 1 2 192 0 248 179 0 2083 3175 2390 1576 1822 1265 1225 1204 1137 501 577 523 787 567 364 80 0 31 24 181 206 198 193 175 18 209 0 0 0 0 0 0 0 0 1 2 560000 453404 837490 719088 187810 624056 608636 731204 858104 599564 917296 735952 359426 563374 701722 571090 724404 721186 555044 763362 2073600 2073600 3 11 91378 994560 993600 53583 43296 34761 43435 25 11 13 0 18 4 4 0 0 
[  212.410365] MESSAGE_B= 0 0 0 24 2 2 192 0 248 179 0 2368 3194 2294 1498 1813 1240 1219 1141 1014 499 494 548 793 547 292 85 0 31 39 182 206 179 194 171 53 205 0 0 0 0 0 0 0 0 2 2 538004 690406 837490 719088 187810 624056 608636 731204 858104 599564 917296 735952 359426 563374 701722 571090 724404 721186 555044 763362 2073600 2073600 1 11 105924 990720 993600 57165 50167 34391 50147 25 11 13 11 18 5 0 0 0 
[  212.696875] MESSAGE_B= 0 0 0 20 2 2 192 0 248 179 0 2641 3221 2122 1494 1829 1237 1255 1045 841 491 407 600 785 529 242 98 0 31 55 179 200 172 194 168 111 204 0 0 0 0 0 0 0 0 2 2 554670 504294 837490 719088 187810 624056 608636 731204 858104 599564 917296 735952 359426 563374 701722 571090 724404 721186 555044 763362 2073600 2073600 1 11 119734 994560 993600 59377 55830 35335 58136 25 11 13 11 19 5 0 0 0 
[  212.854018] MESSAGE_B= 0 0 0 19 1 2 192 0 248 179 0 2767 3215 2038 1495 1818 1227 1262 976 742 487 387 672 784 525 229 92 0 31 86 188 202 160 191 169 132 197 0 0 0 0 0 0 0 0 1 2 604074 676460 837490 719088 187810 624056 608636 731204 858104 599564 917296 735952 359426 563374 701722 571090 724404 721186 555044 763362 2073600 2073600 3 11 116868 990720 993600 60497 53792 34430 57640 25 11 13 11 19 5 0 0 0 
[  213.135858] MESSAGE_B= 0 0 0 17 2 2 192 0 248 179 0 3008 3230 1886 1515 1826 1229 1289 860 543 483 376 773 777 525 194 86 0 31 136 190 211 138 171 166 181 166 0 0 0 0 0 0 0 0 2 2 628702 512134 837490 719088 187810 624056 608636 731204 858104 599564 917296 735952 359426 563374 701722 571090 724404 721186 555044 763362 2073600 2073600 1 11 131380 994560 993600 66420 56493 35125 69283 25 11 13 11 20 5 0 0 0 
[  213.413871] MESSAGE_B= 0 0 0 15 2 2 192 0 248 179 0 3204 3231 1820 1372 1810 1245 1304 787 378 471 438 721 769 512 144 109 0 31 138 184 193 197 120 166 176 227 0 0 0 0 0 0 0 0 2 2 680328 656850 837490 719088 187810 624056 608636 731204 858104 599564 917296 735952 359426 563374 701722 571090 724404 721186 555044 763362 2073600 2073600 1 11 142593 990720 993600 72056 61946 33666 72217 25 11 13 11 21 4 0 0 0 
[  213.693858] MESSAGE_B= 0 0 0 12 2 2 192 0 248 179 0 3381 3143 1722 1529 1812 1285 1307 696 290 396 461 617 761 483 101 160 0 31 32 174 219 200 7 118 195 218 0 0 0 0 0 0 0 0 2 2 747910 517154 837490 719088 187810 624056 608636 731204 858104 599564 917296 735952 359426 563374 701722 571090 724404 721186 555044 763362 2073600 2073600 1 11 146010 994560 993600 72066 61254 31493 67279 25 11 13 11 24 4 0 0 0 
[  213.973884] MESSAGE_B= 0 0 0 10 1 2 192 0 248 179 0 3478 2928 1621 1601 1789 1312 1256 616 302 311 490 734 758 457 89 130 0 31 77 52 198 212 130 0 196 213 0 0 0 0 0 0 0 0 1 2 668884 575412 837490 719088 187810 624056 608636 731204 858104 599564 917296 735952 359426 563374 701722 571090 724404 721186 555044 763362 2073600 2073600 3 11 151544 990720 993600 69207 62699 29180 62281 25 11 13 11 24 4 0 0 0 
[  214.259426] MESSAGE_B= 0 0 0 10 1 2 192 0 248 179 0 3493 2680 1577 1669 1790 1348 1123 632 313 315 555 744 749 405 100 100 0 31 100 81 179 185 147 135 198 143 0 0 0 0 0 0 0 0 1 2 736140 610724 984860 583478 362382 913744 1040236 1065698 747838 773472 1087884 941132 1053894 1080226 843020 793356 750984 1742030 1283916 927522 2073600 2073600 3 11 158918 994560 993600 61703 60559 27297 59521 25 11 11 11 25 5 0 0 0 
