[ 3783.893057] MESSAGE_B= 4 4 0 151 0 1 192 0 248 179 0 150 194 150 193 16 62 16 62 615 709 618 707 0 367 0 369 0 7 255 255 0 255 0 255 255 254 0 0 0 0 2 2 2 2 0 1 4444 441600 2 265810 187802 172908 2 2 36616 22754 2 2 75884 15860 25466 2 2 95184 15168 2 2073600 2073600 5 7 381964 990720 993600 95075 94998 96072 95819 7 7 7 7 25 4 4 4 4 
[ 3784.044861] MESSAGE_B= 4 4 0 62 0 1 192 0 248 179 0 165 212 164 212 16 118 16 119 684 779 679 779 0 577 0 578 0 7 255 255 0 255 0 255 255 255 0 0 0 0 2 2 2 2 0 1 2032 446810 59982 28342 2 2 2 2 36616 44874 27152 4546 85226 2 2 2 2 93226 12292 4082 2073600 2073600 5 7 381793 994560 993600 95030 94959 96030 95774 7 7 7 7 25 4 4 4 4 
[ 3784.315862] MESSAGE_B= 4 4 4 62 0 1 192 0 248 179 0 168 217 168 217 16 120 16 121 699 801 700 800 0 588 0 592 0 7 255 255 0 255 0 255 255 255 0 0 0 0 2 2 2 2 0 1 9076 441600 59982 28342 2 2 2 2 36616 44874 27152 4546 85226 2 2 2 2 93226 12292 4082 2073600 2073600 5 7 381753 990720 993600 95021 94951 96016 95765 7 7 7 7 24 4 4 4 4 
[ 3784.587858] MESSAGE_B= 4 4 4 62 0 1 192 0 248 179 0 168 217 168 217 16 120 16 121 699 801 700 801 0 588 0 592 0 7 255 255 0 255 0 255 255 255 0 0 0 0 2 2 2 2 0 1 2886 441600 59982 28342 2 2 2 2 36616 44874 27152 4546 85226 2 2 2 2 93226 12292 4082 2073600 2073600 5 7 381746 994560 993600 95018 94948 96018 95762 7 7 7 7 0 4 4 4 4 
[ 3784.858882] MESSAGE_B= 4 4 4 62 0 1 192 0 248 179 0 168 217 168 217 16 120 16 121 699 801 700 801 0 587 0 592 0 7 255 255 0 255 0 255 255 255 0 0 0 0 2 2 2 2 0 1 5248 441600 59982 28342 2 2 2 2 36616 44874 27152 4546 85226 2 2 2 2 93226 12292 4082 2073600 2073600 5 7 381739 990720 993600 95016 94945 96016 95762 7 7 7 7 0 4 4 4 4 
[ 3785.135846] MESSAGE_B= 4 4 4 62 0 1 192 0 248 179 0 123 173 122 173 16 69 16 69 600 723 599 722 0 424 0 426 0 7 255 255 0 255 0 255 255 255 0 0 0 0 2 2 2 2 0 1 2832 441600 59982 28342 2 2 2 2 36616 44874 27152 4546 85226 2 2 2 2 93226 12292 4082 2073600 2073600 5 7 382234 994560 993600 95218 95174 96065 95777 7 7 7 7 0 4 4 4 4 
[ 3785.410877] MESSAGE_B= 4 4 4 62 0 1 192 0 248 179 0 168 217 168 217 16 120 16 121 699 801 700 801 0 587 0 592 0 7 255 255 0 255 0 255 255 255 0 0 0 0 2 2 2 2 0 1 5310 441600 59982 28342 2 2 2 2 36616 44874 27152 4546 85226 2 2 2 2 93226 12292 4082 2073600 2073600 5 7 381738 990720 993600 95016 94943 96016 95763 7 7 7 7 0 4 4 4 4 
[ 3785.687671] MESSAGE_B= 4 4 4 62 0 1 192 0 248 179 0 168 217 168 217 16 120 16 121 699 800 700 801 0 587 0 592 0 7 255 255 0 255 0 255 255 255 0 0 0 0 2 2 2 2 0 1 2928 441600 59982 28342 2 2 2 2 36616 44874 27152 4546 85226 2 2 2 2 93226 12292 4082 2073600 2073600 5 7 381742 994560 993600 95017 94945 96016 95764 7 7 7 7 0 4 4 4 4 
[ 3785.848129] MESSAGE_B= 4 4 4 62 0 1 192 0 248 179 0 168 217 168 217 16 120 16 121 699 801 700 801 0 588 0 592 0 7 255 255 0 255 0 255 255 255 0 0 0 0 2 2 2 2 0 1 5216 441600 59982 28342 2 2 2 2 36616 44874 27152 4546 85226 2 2 2 2 93226 12292 4082 2073600 2073600 5 7 381744 990720 993600 95018 94944 96018 95764 7 7 7 7 0 4 4 4 4 
[ 3786.127538] MESSAGE_B= 4 4 4 62 0 1 192 0 248 179 0 123 173 122 173 16 69 16 70 602 723 599 721 0 424 0 434 0 7 255 255 0 255 0 255 255 255 0 0 0 0 2 2 2 2 0 1 2918 441600 59982 28342 2 2 2 2 36616 44874 27152 4546 85226 2 2 2 2 93226 12292 4082 2073600 2073600 5 7 382242 994560 993600 95218 95180 96065 95779 7 7 7 7 0 4 4 4 4 
[ 3786.398846] MESSAGE_B= 4 4 4 62 0 1 192 0 248 179 0 123 173 122 173 16 69 16 70 600 723 599 721 0 424 0 434 0 7 255 255 0 255 0 255 255 255 0 0 0 0 2 2 2 2 0 1 5216 441600 25190 52386 6842 25612 24464 24626 45390 34028 23766 9258 74090 1546 9956 7024 26148 70340 10004 5376 2073600 2073600 5 7 382238 990720 993600 95217 95179 96064 95778 7 7 7 7 0 4 4 4 4 
[ 3786.677293] MESSAGE_B= 4 4 4 62 0 1 192 0 248 179 0 168 217 168 217 16 68 16 69 699 801 700 801 0 416 0 420 0 7 255 255 0 255 0 255 255 254 0 0 0 0 2 2 2 2 0 1 2880 441600 25190 52386 6842 25612 24464 24626 45390 34028 23766 9258 74090 1546 9956 7024 26148 70340 10004 5376 2073600 2073600 5 7 381737 994560 993600 95015 94940 96019 95763 7 7 7 7 0 4 4 4 4 
[ 3786.950864] MESSAGE_B= 4 4 4 62 0 1 192 0 248 179 0 168 217 168 217 16 68 16 69 699 801 700 801 0 418 0 420 0 7 255 255 0 255 0 255 255 254 0 0 0 0 2 2 2 2 0 1 5192 441600 25190 52386 6842 25612 24464 24626 45390 34028 23766 9258 74090 1546 9956 7024 26148 70340 10004 5376 2073600 2073600 5 7 381736 990720 993600 95014 94941 96018 95763 7 7 7 7 0 4 4 4 4 
[ 3787.224846] MESSAGE_B= 4 4 4 62 0 1 192 0 248 179 0 168 217 168 217 16 68 16 69 699 801 700 801 0 418 0 420 0 7 255 255 0 255 0 255 255 254 0 0 0 0 2 2 2 2 0 1 2830 441600 25190 52386 6842 25612 24464 24626 45390 34028 23766 9258 74090 1546 9956 7024 26148 70340 10004 5376 2073600 2073600 5 7 381736 994560 993600 95014 94943 96018 95761 7 7 7 7 0 4 4 4 4 
[ 3787.504850] MESSAGE_B= 4 4 4 62 0 1 192 0 248 179 0 123 173 122 173 16 69 16 69 600 723 599 721 0 424 0 426 0 7 255 255 0 255 0 255 255 255 0 0 0 0 2 2 2 2 0 1 5164 441600 25190 52386 6842 25612 24464 24626 45390 34028 23766 9258 74090 1546 9956 7024 26148 70340 10004 5376 2073600 2073600 5 7 382233 990720 993600 95213 95179 96063 95778 7 7 7 7 0 4 4 4 4 
[ 3787.785862] MESSAGE_B= 4 4 4 62 0 1 192 0 248 179 0 168 217 168 217 16 68 16 69 699 801 700 801 0 418 0 420 0 7 255 255 0 255 0 255 255 254 0 0 0 0 2 2 2 2 0 1 2792 441600 25190 52386 6842 25612 24464 24626 45390 34028 23766 9258 74090 1546 9956 7024 26148 70340 10004 5376 2073600 2073600 5 7 381738 994560 993600 95015 94943 96017 95763 7 7 7 7 0 4 4 4 4 
[ 3787.941482] MESSAGE_B= 4 4 4 62 0 1 192 0 248 179 0 123 173 122 173 16 69 16 69 600 723 599 721 0 424 0 426 0 7 255 255 0 255 0 255 255 255 0 0 0 0 2 2 2 2 0 1 5134 441600 25190 52386 6842 25612 24464 24626 45390 34028 23766 9258 74090 1546 9956 7024 26148 70340 10004 5376 2073600 2073600 5 7 382235 990720 993600 95218 95178 96062 95777 7 7 7 7 0 4 4 4 4 
[ 3788.217847] MESSAGE_B= 4 4 4 62 0 1 192 0 248 179 0 168 217 168 217 16 68 16 69 699 801 700 801 0 416 0 420 0 7 255 255 0 255 0 255 255 254 0 0 0 0 2 2 2 2 0 1 2744 441600 25190 52386 6842 25612 24464 24626 45390 34028 23766 9258 74090 1546 9956 7024 26148 70340 10004 5376 2073600 2073600 5 7 381744 994560 993600 95017 94947 96017 95763 7 7 7 7 0 4 4 4 4 
[ 3788.491886] MESSAGE_B= 4 4 4 62 0 1 192 0 248 179 0 168 217 168 217 16 68 16 69 700 801 700 801 0 418 0 420 0 7 255 255 0 255 0 255 255 254 0 0 0 0 2 2 2 2 0 1 5140 441600 25190 52386 6842 25612 24464 24626 45390 34028 23766 9258 74090 1546 9956 7024 26148 70340 10004 5376 2073600 2073600 5 7 381743 990720 993600 95020 94943 96017 95763 7 7 7 7 0 4 4 4 4 
[ 3788.764861] MESSAGE_B= 4 4 4 62 0 1 192 0 248 179 0 123 173 122 173 16 69 16 69 600 723 599 721 0 424 0 426 0 7 255 255 0 255 0 255 255 255 0 0 0 0 2 2 2 2 0 1 2734 441600 25170 46478 6786 25618 24500 24414 45190 33716 23770 9248 74718 1714 10568 7148 25326 70276 10074 5330 2073600 2073600 5 7 382239 994560 993600 95218 95177 96065 95779 7 7 7 7 0 4 4 4 4 
[ 3789.044908] MESSAGE_B= 4 4 4 62 0 1 192 0 248 179 0 168 217 168 217 16 68 16 69 699 801 700 801 0 418 0 420 0 7 255 255 0 255 0 255 255 254 0 0 0 0 2 2 2 2 0 1 5134 441600 25170 46478 6786 25618 24500 24414 45190 33716 23770 9248 74718 1714 10568 7148 25326 70276 10074 5330 2073600 2073600 5 7 381740 990720 993600 95017 94944 96019 95760 7 7 7 7 0 4 4 4 4 
[ 3789.318873] MESSAGE_B= 4 4 4 62 0 1 192 0 248 179 0 168 217 168 217 16 68 16 69 700 801 700 801 0 416 0 420 0 7 255 255 0 255 0 255 255 254 0 0 0 0 2 2 2 2 0 1 2768 441600 25170 46478 6786 25618 24500 24414 45190 33716 23770 9248 74718 1714 10568 7148 25326 70276 10074 5330 2073600 2073600 5 7 381741 994560 993600 95017 94944 96020 95760 7 7 7 7 0 4 4 4 4 
[ 3789.606237] MESSAGE_B= 4 4 4 62 0 1 192 0 248 179 0 123 173 122 173 16 69 16 69 600 722 599 719 0 424 0 426 0 7 255 255 0 255 0 255 255 255 0 0 0 0 2 2 2 2 0 1 5132 441600 25170 46478 6786 25618 24500 24414 45190 33716 23770 9248 74718 1714 10568 7148 25326 70276 10074 5330 2073600 2073600 5 7 382234 990720 993600 95215 95178 96066 95775 7 7 7 7 0 4 4 4 4 
[ 3789.879870] MESSAGE_B= 4 4 4 62 0 1 192 0 248 179 0 168 217 168 217 16 68 16 69 700 801 700 801 0 418 0 420 0 7 255 255 0 255 0 255 255 254 0 0 0 0 2 2 2 2 0 1 2618 441600 25170 46478 6786 25618 24500 24414 45190 33716 23770 9248 74718 1714 10568 7148 25326 70276 10074 5330 2073600 2073600 5 7 381742 994560 993600 95017 94945 96020 95760 7 7 7 7 0 4 4 4 4 
[ 3790.155846] MESSAGE_B= 4 4 4 62 0 1 192 0 248 179 0 161 209 162 209 16 116 16 117 670 770 671 769 0 566 0 572 0 7 255 255 0 255 0 255 255 255 0 0 0 0 2 2 2 2 0 1 5032 441600 25170 46478 6786 25618 24500 24414 45190 33716 23770 9248 74718 1714 10568 7148 25326 70276 10074 5330 2073600 2073600 5 7 381788 990720 993600 95029 94959 96022 95778 7 7 7 7 32 4 4 4 4 
[ 3790.309849] MESSAGE_B= 4 4 4 62 0 1 192 0 248 179 0 146 187 145 187 16 60 16 61 598 683 595 682 0 355 0 359 0 7 255 255 0 255 0 255 255 253 0 0 0 0 2 2 2 2 0 1 2460 441600 25170 46478 6786 25618 24500 24414 45190 33716 23770 9248 74718 1714 10568 7148 25326 70276 10074 5330 2073600 2073600 5 7 381962 994560 993600 95087 95000 96057 95818 7 7 7 7 32 4 4 4 4 
[ 3790.585854] MESSAGE_B= 4 4 4 239 0 1 192 0 248 179 0 105 134 105 135 16 47 16 47 411 473 411 475 0 250 0 248 0 7 255 255 0 255 0 255 255 251 0 0 0 0 2 2 2 2 0 1 4594 441600 25170 46478 6786 25618 24500 24414 45190 33716 23770 9248 74718 1714 10568 7148 25326 70276 10074 5330 2073600 2073600 5 7 382275 990720 993600 95150 95097 96128 95900 7 7 7 7 32 4 4 4 4 
[ 3790.864844] MESSAGE_B= 4 0 4 247 0 2 192 0 248 179 0 0 123 0 998 959 32 176 723 0 0 0 0 0 0 0 0 1 12 0 0 0 0 0 0 0 0 0 0 0 0 1 0 0 1 0 2 3736 441600 25170 46478 6786 25618 24500 24414 45190 33716 23770 9248 74718 1714 10568 7148 25326 70276 10074 5330 2073600 2073600 5 12 508859 994560 993600 126896 126822 127666 127475 12 12 12 12 54 4 4 4 4 
[ 3791.146851] MESSAGE_B= 4 7 4 251 0 4 192 0 248 179 0 0 0 0 0 0 0 0 0 0 0 0 0 0 0 0 0 1 12 0 0 0 0 0 0 0 0 1 1 1 1 1 1 1 1 0 4 3728 441600 18296 46018 6742 25360 24926 24992 45162 52200 22930 1860 75046 1346 10642 7028 24412 70446 10968 7044 2073600 2073600 5 12 512416 990720 993600 128104 128104 128104 128104 12 12 12 12 54 4 4 4 4 
[ 3791.427854] MESSAGE_B= 4 7 4 61 0 8 192 0 248 179 0 0 0 0 0 0 0 0 0 0 0 0 0 0 0 0 0 1 12 0 0 0 0 0 0 0 0 1 1 1 1 1 1 1 1 0 8 0 441466 18296 46018 6742 25360 24926 24992 45162 52200 22930 1860 75046 1346 10642 7028 24412 70446 10968 7044 2073600 2073600 5 12 512416 994560 993600 128104 128104 128104 128104 12 12 12 12 47 4 4 4 4 
[ 3791.704845] MESSAGE_B= 4 7 4 61 0 8 192 0 248 179 0 0 0 0 0 0 0 0 0 0 0 0 0 0 0 0 0 1 12 0 0 0 0 0 0 0 0 1 1 1 1 1 1 1 1 0 8 0 0 18296 46018 6742 25360 24926 24992 45162 52200 22930 1860 75046 1346 10642 7028 24412 70446 10968 7044 2073600 2073600 4 12 512416 990720 993600 128104 128104 128104 128104 12 12 12 12 0 4 4 4 4 
[ 3791.976840] MESSAGE_B= 4 7 4 61 0 8 192 0 248 179 0 0 0 0 0 0 0 0 0 0 0 0 0 0 0 0 0 1 12 0 0 0 0 0 0 0 0 1 1 1 1 1 1 1 1 0 8 0 0 18296 46018 6742 25360 24926 24992 45162 52200 22930 1860 75046 1346 10642 7028 24412 70446 10968 7044 2073600 2073600 4 12 512416 994560 993600 128104 128104 128104 128104 12 12 12 12 0 4 4 4 4 
[ 3792.247847] MESSAGE_B= 4 7 4 61 0 8 192 0 248 179 0 0 0 0 0 0 0 0 0 0 0 0 0 0 0 0 0 1 12 0 0 0 0 0 0 0 0 1 1 1 1 1 1 1 1 0 8 0 0 18296 46018 6742 25360 24926 24992 45162 52200 22930 1860 75046 1346 10642 7028 24412 70446 10968 7044 2073600 2073600 4 12 512416 990720 993600 128104 128104 128104 128104 12 12 12 12 0 4 4 4 4 
[ 3792.521840] MESSAGE_B= 4 7 4 61 0 8 192 0 248 179 0 0 0 0 0 0 0 0 0 0 0 0 0 0 0 0 0 1 12 0 0 0 0 0 0 0 0 1 1 1 1 1 1 1 1 0 8 0 0 18296 46018 6742 25360 24926 24992 45162 52200 22930 1860 75046 1346 10642 7028 24412 70446 10968 7044 2073600 2073600 4 12 512416 994560 993600 128104 128104 128104 128104 12 12 12 12 0 4 4 4 4 
[ 3792.796860] MESSAGE_B= 4 7 4 61 0 8 192 0 248 179 0 0 0 0 0 0 0 0 0 0 0 0 0 0 0 0 0 1 12 0 0 0 0 0 0 0 0 1 1 1 1 1 1 1 1 0 8 0 0 18296 46018 6742 25360 24926 24992 45162 52200 22930 1860 75046 1346 10642 7028 24412 70446 10968 7044 2073600 2073600 4 12 512416 990720 993600 128104 128104 128104 128104 12 12 12 12 0 4 4 4 4 
[ 3793.068843] MESSAGE_B= 4 7 4 61 0 8 192 0 248 179 0 0 0 0 0 0 0 0 0 0 0 0 0 0 0 0 0 1 12 0 0 0 0 0 0 0 0 1 1 1 1 1 1 1 1 0 8 0 0 18296 46018 6742 25360 24926 24992 45162 52200 22930 1860 75046 1346 10642 7028 24412 70446 10968 7044 2073600 2073600 4 12 512416 994560 993600 128104 128104 128104 128104 12 12 12 12 0 4 4 4 4 
[ 3793.348829] MESSAGE_B= 4 7 4 61 0 8 192 0 248 179 0 0 0 0 0 0 0 0 0 0 0 0 0 0 0 0 0 1 12 0 0 0 0 0 0 0 0 1 1 1 1 1 1 1 1 0 8 0 0 18296 46018 6742 25360 24926 24992 45162 52200 22930 1860 75046 1346 10642 7028 24412 70446 10968 7044 2073600 2073600 4 12 512416 990720 993600 128104 128104 128104 128104 12 12 12 12 0 4 4 4 4 
[ 3793.619857] MESSAGE_B= 4 7 4 61 0 8 192 0 248 179 0 0 0 0 0 0 0 0 0 0 0 0 0 0 0 0 0 1 12 0 0 0 0 0 0 0 0 1 1 1 1 1 1 1 1 0 8 0 0 2 20370 118 2 2 2 27632 4384 2 2 64118 122 2 2 2 68946 6276 2 2073600 2073600 4 12 512416 994560 993600 128104 128104 128104 128104 12 12 12 12 0 4 4 4 4 
[ 3793.888414] MESSAGE_B= 4 7 4 61 0 8 192 0 248 179 0 0 0 0 0 0 0 0 0 0 0 0 0 0 0 0 0 1 12 0 0 0 0 0 0 0 0 1 1 1 1 1 1 1 1 0 8 0 0 2 20370 118 2 2 2 27632 4384 2 2 64118 122 2 2 2 68946 6276 2 2073600 2073600 4 12 512416 990720 993600 128104 128104 128104 128104 12 12 12 12 0 4 4 4 4 
[ 3794.034216] MESSAGE_B= 4 7 4 61 0 8 192 0 248 179 0 0 0 0 0 0 0 0 0 0 0 0 0 0 0 0 0 1 12 0 0 0 0 0 0 0 0 1 1 1 1 1 1 1 1 0 8 0 0 2 20370 118 2 2 2 27632 4384 2 2 64118 122 2 2 2 68946 6276 2 2073600 2073600 4 12 512416 994560 993600 128104 128104 128104 128104 12 12 12 12 0 4 4 4 4 
[ 3794.301846] MESSAGE_B= 4 0 4 63 6 4 192 0 248 179 0 0 0 0 0 0 0 0 0 0 0 0 0 0 0 0 0 1 12 0 0 0 0 0 0 0 0 1 1 0 0 1 0 0 1 6 4 0 0 2 20370 118 2 2 2 27632 4384 2 2 64118 122 2 2 2 68946 6276 2 2073600 2073600 4 12 510220 990720 993600 127921 127972 127202 127125 12 12 12 12 1 4 4 4 4 
[ 3794.571843] MESSAGE_B= 4 0 4 63 6 4 192 0 248 179 0 0 0 0 0 0 0 0 0 0 0 0 0 0 0 0 0 1 12 0 0 0 0 0 0 0 0 1 1 0 0 1 0 0 1 6 4 642 7598 2 20370 118 2 2 2 27632 4384 2 2 64118 122 2 2 2 68946 6276 2 2073600 2073600 4 12 510218 994560 993600 127920 127971 127202 127125 12 12 12 12 1 4 4 4 4 
[ 3794.841870] MESSAGE_B= 5 0 4 63 6 4 192 0 248 179 0 0 0 0 0 0 0 0 0 0 0 0 0 0 0 0 0 1 12 0 0 0 0 0 0 0 0 1 1 0 0 1 0 0 1 6 4 1056 0 2 20370 118 2 2 2 27632 4384 2 2 64118 122 2 2 2 68946 6276 2 2073600 2073600 6 12 510216 990720 993600 127919 127971 127201 127125 12 12 12 12 1 4 4 4 4 
[ 3795.085874] MESSAGE_B= 4 0 0 63 6 4 192 0 248 179 0 0 0 0 0 0 0 0 0 0 0 0 0 0 0 0 0 1 12 0 0 0 0 0 0 0 0 1 1 0 0 1 0 0 1 6 4 650 7598 2 20370 118 2 2 2 27632 4384 2 2 64118 122 2 2 2 68946 6276 2 2073600 2073600 4 12 510199 994560 993600 127929 127985 127166 127119 12 12 12 12 1 4 4 4 4 
[ 3795.352855] MESSAGE_B= 5 0 0 63 6 4 192 0 248 179 0 0 0 0 0 0 0 0 0 0 0 0 0 0 0 0 0 1 12 0 0 0 0 0 0 0 0 1 1 0 0 1 0 0 1 6 4 1002 0 2 20370 118 2 2 2 27632 4384 2 2 64118 122 2 2 2 68946 6276 2 2073600 2073600 6 12 510201 990720 993600 127930 127985 127167 127119 12 12 12 12 1 4 4 4 4 
[ 3795.622848] MESSAGE_B= 4 0 0 63 6 4 192 0 248 179 0 0 0 0 0 0 0 0 0 0 0 0 0 0 0 0 0 1 12 0 0 0 0 0 0 0 0 1 1 0 0 1 0 0 1 6 4 670 7596 2 20370 118 2 2 2 27632 4384 2 2 64118 122 2 2 2 68946 6276 2 2073600 2073600 4 12 510199 994560 993600 127929 127985 127169 127116 12 12 12 12 1 4 4 4 4 
[ 3795.894844] MESSAGE_B= 5 0 0 63 6 4 192 0 248 179 0 0 0 0 0 0 0 0 0 0 0 0 0 0 0 0 0 1 12 0 0 0 0 0 0 0 0 1 1 0 0 1 0 0 1 6 4 996 0 14678 20238 46 2 14462 14764 53804 29210 14640 736 64146 50 790 834 858 68838 6952 720 2073600 2073600 6 12 510210 990720 993600 127919 127971 127197 127123 12 12 12 12 1 4 4 4 4 
[ 3796.173617] MESSAGE_B= 4 0 0 63 6 4 192 0 248 179 0 0 0 0 0 0 0 0 0 0 0 0 0 0 0 0 0 1 12 0 0 0 0 0 0 0 0 1 1 0 0 1 0 0 1 6 4 668 7592 14678 20238 46 2 14462 14764 53804 29210 14640 736 64146 50 790 834 858 68838 6952 720 2073600 2073600 4 12 510219 994560 993600 127921 127973 127202 127123 12 12 12 12 1 4 4 4 4 
[ 3796.451848] MESSAGE_B= 5 0 0 63 6 4 192 0 248 179 0 0 0 0 0 0 0 0 0 0 0 0 0 0 0 0 0 1 12 0 0 0 0 0 0 0 0 1 1 0 0 1 0 0 1 6 4 980 0 14678 20238 46 2 14462 14764 53804 29210 14640 736 64146 50 790 834 858 68838 6952 720 2073600 2073600 6 12 510198 990720 993600 127930 127985 127169 127114 12 12 12 12 1 4 4 4 4 
[ 3796.604852] MESSAGE_B= 4 0 0 63 6 4 192 0 248 179 0 0 0 0 0 0 0 0 0 0 0 0 0 0 0 0 0 1 12 0 0 0 0 0 0 0 0 1 1 0 0 1 0 0 1 6 4 652 7584 14678 20238 46 2 14462 14764 53804 29210 14640 736 64146 50 790 834 858 68838 6952 720 2073600 2073600 4 12 510217 994560 993600 127920 127973 127201 127123 12 12 12 12 1 4 4 4 4 
[ 3796.877855] MESSAGE_B= 5 0 0 63 6 4 192 0 248 179 0 0 0 0 0 0 0 0 0 0 0 0 0 0 0 0 0 1 12 0 0 0 0 0 0 0 0 1 1 0 0 1 0 0 1 6 4 1016 0 14678 20238 46 2 14462 14764 53804 29210 14640 736 64146 50 790 834 858 68838 6952 720 2073600 2073600 6 12 510201 990720 993600 127930 127985 127170 127116 12 12 12 12 1 4 4 4 4 
[ 3797.147843] MESSAGE_B= 4 0 0 63 6 4 192 0 248 179 0 0 0 0 0 0 0 0 0 0 0 0 0 0 0 0 0 1 12 0 0 0 0 0 0 0 0 1 1 0 0 1 0 0 1 6 4 662 7586 14678 20238 46 2 14462 14764 53804 29210 14640 736 64146 50 790 834 858 68838 6952 720 2073600 2073600 4 12 510201 994560 993600 127930 127985 127170 127116 12 12 12 12 1 4 4 4 4 
[ 3797.417839] MESSAGE_B= 5 0 0 63 6 4 192 0 248 179 0 0 0 0 0 0 0 0 0 0 0 0 0 0 0 0 0 1 12 0 0 0 0 0 0 0 0 1 1 0 0 1 0 0 1 6 4 1052 0 14678 20238 46 2 14462 14764 53804 29210 14640 736 64146 50 790 834 858 68838 6952 720 2073600 2073600 6 12 510201 990720 993600 127930 127985 127170 127116 12 12 12 12 1 4 4 4 4 
[ 3797.686866] MESSAGE_B= 4 0 0 63 6 4 192 0 248 179 0 0 0 0 0 0 0 0 0 0 0 0 0 0 0 0 0 1 12 0 0 0 0 0 0 0 0 1 1 0 0 1 0 0 1 6 4 644 7582 14678 20238 46 2 14462 14764 53804 29210 14640 736 64146 50 790 834 858 68838 6952 720 2073600 2073600 4 12 510200 994560 993600 127930 127985 127169 127116 12 12 12 12 1 4 4 4 4 
[ 3797.960852] MESSAGE_B= 5 0 0 63 6 4 192 0 248 179 0 0 0 0 0 0 0 0 0 0 0 0 0 0 0 0 0 1 12 0 0 0 0 0 0 0 0 1 1 0 0 1 0 0 1 6 4 1010 0 14678 20238 46 2 14462 14764 53804 29210 14640 736 64146 50 790 834 858 68838 6952 720 2073600 2073600 6 12 510216 990720 993600 127920 127973 127200 127123 12 12 12 12 1 4 4 4 4 
[ 3798.236854] MESSAGE_B= 4 0 0 63 6 4 192 0 248 179 0 0 0 0 0 0 0 0 0 0 0 0 0 0 0 0 0 1 12 0 0 0 0 0 0 0 0 1 1 0 0 1 0 0 1 6 4 660 7590 14654 45614 11602 14818 14508 14772 54544 29568 14662 732 63198 1278 696 862 874 68946 6962 734 2073600 2073600 4 12 510217 994560 993600 127920 127972 127200 127125 12 12 12 12 1 4 4 4 4 
[ 3798.514859] MESSAGE_B= 5 0 0 63 6 4 192 0 248 179 0 0 0 0 0 0 0 0 0 0 0 0 0 0 0 0 0 1 12 0 0 0 0 0 0 0 0 1 1 0 0 1 0 0 1 6 4 1026 0 14654 45614 11602 14818 14508 14772 54544 29568 14662 732 63198 1278 696 862 874 68946 6962 734 2073600 2073600 6 12 510202 990720 993600 127930 127986 127169 127117 12 12 12 12 1 4 4 4 4 
[ 3798.794843] MESSAGE_B= 4 0 0 63 6 4 192 0 248 179 0 0 0 0 0 0 0 0 0 0 0 0 0 0 0 0 0 1 12 0 0 0 0 0 0 0 0 1 1 0 0 1 0 0 1 6 4 670 7586 14654 45614 11602 14818 14508 14772 54544 29568 14662 732 63198 1278 696 862 874 68946 6962 734 2073600 2073600 4 12 510215 994560 993600 127916 127975 127197 127127 12 12 12 12 2 4 4 4 4 
[ 3798.943957] MESSAGE_B= 5 0 0 63 6 4 192 0 248 179 0 0 0 0 0 0 0 0 0 0 0 0 0 0 0 0 0 1 12 0 0 0 0 0 0 0 0 1 1 0 0 1 0 0 1 6 4 1008 0 14654 45614 11602 14818 14508 14772 54544 29568 14662 732 63198 1278 696 862 874 68946 6962 734 2073600 2073600 6 12 510204 990720 993600 127929 127986 127171 127118 12 12 12 12 2 4 4 4 4 
[ 3799.213867] MESSAGE_B= 4 0 0 63 6 4 192 0 248 179 0 0 0 0 0 0 0 0 0 0 0 0 0 0 0 0 0 1 12 0 0 0 0 0 0 0 0 1 1 0 0 1 0 0 1 6 4 662 7594 14654 45614 11602 14818 14508 14772 54544 29568 14662 732 63198 1278 696 862 874 68946 6962 734 2073600 2073600 4 12 510207 994560 993600 127930 127988 127171 127118 12 12 12 12 2 4 4 4 4 
[ 3799.485858] MESSAGE_B= 5 0 0 71 2 2 192 0 248 179 0 0 0 0 0 0 0 0 0 0 0 0 0 0 0 0 0 1 12 0 0 0 0 0 0 0 0 0 0 0 0 1 0 0 1 2 2 1070 0 14654 45614 11602 14818 14508 14772 54544 29568 14662 732 63198 1278 696 862 874 68946 6962 734 2073600 2073600 6 12 503166 990720 993600 125592 126055 125656 125863 12 12 12 12 8 4 4 4 4 
[ 3799.755854] MESSAGE_B= 4 0 0 71 2 2 192 0 248 179 0 0 0 0 0 0 0 0 0 0 0 0 0 0 0 0 0 1 12 0 0 0 0 0 0 0 0 0 0 0 0 1 0 0 1 2 2 6002 48668 14654 45614 11602 14818 14508 14772 54544 29568 14662 732 63198 1278 696 862 874 68946 6962 734 2073600 2073600 5 12 503166 994560 993600 125590 126055 125656 125865 12 12 12 12 8 4 4 4 4 
[ 3800.146850] MESSAGE_B= 0 0 0 71 2 2 192 0 248 179 0 0 0 0 0 0 0 0 0 0 0 0 0 0 0 0 0 1 12 0 0 0 0 0 0 0 0 0 0 0 0 1 0 0 1 2 2 2588 46874 14654 45614 11602 14818 14508 14772 54544 29568 14662 732 63198 1278 696 862 874 68946 6962 734 2073600 2073600 1 12 503163 990720 993600 125594 126051 125654 125864 12 12 12 12 1 4 4 4 4 
[ 3800.306869] MESSAGE_B= 4 0 0 71 2 2 192 0 248 179 0 0 0 0 0 0 0 0 0 0 0 0 0 0 0 0 0 1 12 0 0 0 0 0 0 0 0 0 0 0 0 1 0 0 1 2 2 6004 48700 14654 45614 11602 14818 14508 14772 54544 29568 14662 732 63198 1278 696 862 874 68946 6962 734 2073600 2073600 5 12 503222 994560 993600 125583 126065 125689 125885 12 12 12 12 1 4 4 4 4 
[ 3800.587880] MESSAGE_B= 0 0 0 72 2 2 192 0 248 179 0 0 0 0 0 0 0 0 0 0 0 0 0 0 0 0 0 1 12 0 0 0 0 0 0 0 0 0 0 0 0 1 0 0 1 2 2 2528 46876 3238 46138 11462 14816 14500 14758 33304 33912 3550 6362 63394 1082 738 856 6906 81236 15710 6528 2073600 2073600 1 12 503163 990720 993600 125596 126051 125650 125866 12 12 12 12 1 4 4 4 4 
[ 3800.866846] MESSAGE_B= 4 0 0 72 2 2 192 0 248 179 0 0 0 0 0 0 0 0 0 0 0 0 0 0 0 0 0 1 12 0 0 0 0 0 0 0 0 0 0 0 0 1 0 0 1 2 2 5986 48712 3238 46138 11462 14816 14500 14758 33304 33912 3550 6362 63394 1082 738 856 6906 81236 15710 6528 2073600 2073600 5 12 503231 994560 993600 125591 126068 125691 125881 12 12 12 12 1 4 4 4 4 
[ 3801.137848] MESSAGE_B= 0 0 0 72 2 2 192 0 248 179 0 0 0 0 0 0 0 0 0 0 0 0 0 0 0 0 0 1 12 0 0 0 0 0 0 0 0 0 0 0 0 1 0 0 1 2 2 2550 46896 3238 46138 11462 14816 14500 14758 33304 33912 3550 6362 63394 1082 738 856 6906 81236 15710 6528 2073600 2073600 1 12 503232 990720 993600 125591 126068 125693 125880 12 12 12 12 1 4 4 4 4 
[ 3801.424796] MESSAGE_B= 4 0 0 72 2 2 192 0 248 179 0 0 0 0 0 0 0 0 0 0 0 0 0 0 0 0 0 1 12 0 0 0 0 0 0 0 0 0 0 0 0 1 0 0 1 2 2 6004 48726 3238 46138 11462 14816 14500 14758 33304 33912 3550 6362 63394 1082 738 856 6906 81236 15710 6528 2073600 2073600 5 12 503165 994560 993600 125593 126054 125653 125865 12 12 12 12 1 4 4 4 4 
[ 3801.696853] MESSAGE_B= 0 0 0 72 2 2 192 0 248 179 0 0 0 0 0 0 0 0 0 0 0 0 0 0 0 0 0 1 12 0 0 0 0 0 0 0 0 0 0 0 0 1 0 0 1 2 2 2570 46896 3238 46138 11462 14816 14500 14758 33304 33912 3550 6362 63394 1082 738 856 6906 81236 15710 6528 2073600 2073600 1 12 503231 990720 993600 125591 126065 125692 125883 12 12 12 12 1 4 4 4 4 
[ 3801.970857] MESSAGE_B= 4 0 0 72 2 2 192 0 248 179 0 0 0 0 0 0 0 0 0 0 0 0 0 0 0 0 0 1 12 0 0 0 0 0 0 0 0 0 0 0 0 1 0 0 1 2 2 6028 48732 3238 46138 11462 14816 14500 14758 33304 33912 3550 6362 63394 1082 738 856 6906 81236 15710 6528 2073600 2073600 5 12 503232 994560 993600 125591 126065 125692 125884 12 12 12 12 1 4 4 4 4 
[ 3802.245864] MESSAGE_B= 0 0 0 72 2 2 192 0 248 179 0 0 0 0 0 0 0 0 0 0 0 0 0 0 0 0 0 1 12 0 0 0 0 0 0 0 0 0 0 0 0 1 0 0 1 2 2 2616 46910 3238 46138 11462 14816 14500 14758 33304 33912 3550 6362 63394 1082 738 856 6906 81236 15710 6528 2073600 2073600 1 12 503172 990720 993600 125595 126058 125653 125866 12 12 12 12 1 4 4 4 4 
[ 3802.528869] MESSAGE_B= 4 0 0 72 2 2 192 0 248 179 0 0 0 0 0 0 0 0 0 0 0 0 0 0 0 0 0 1 12 0 0 0 0 0 0 0 0 0 0 0 0 1 0 0 1 2 2 6042 48722 3238 46138 11462 14816 14500 14758 33304 33912 3550 6362 63394 1082 738 856 6906 81236 15710 6528 2073600 2073600 5 12 503228 994560 993600 125590 126064 125688 125886 12 12 12 12 2 4 4 4 4 
[ 3802.680870] MESSAGE_B= 0 0 0 72 2 2 192 0 248 179 0 0 0 0 0 0 0 0 0 0 0 0 0 0 0 0 0 1 12 0 0 0 0 0 0 0 0 0 0 0 0 1 0 0 1 2 2 2632 46928 3238 46138 11462 14816 14500 14758 33304 33912 3550 6362 63394 1082 738 856 6906 81236 15710 6528 2073600 2073600 1 12 503167 990720 993600 125598 126052 125653 125864 12 12 12 12 2 4 4 4 4 
[ 3802.956861] MESSAGE_B= 4 0 0 72 2 2 192 0 248 179 0 0 0 0 0 0 0 0 0 0 0 0 0 0 0 0 0 1 12 0 0 0 0 0 0 0 0 0 0 0 0 1 0 0 1 2 2 5966 48704 3180 25182 190 3718 3438 4712 32926 33238 3570 6382 74702 1318 6472 6364 6908 81270 15478 6688 2073600 2073600 5 12 503170 994560 993600 125601 126053 125650 125866 12 12 12 12 2 4 4 4 4 
[ 3803.236091] MESSAGE_B= 0 0 0 72 2 2 192 0 248 179 0 0 0 0 0 0 0 0 0 0 0 0 0 0 0 0 0 1 12 0 0 0 0 0 0 0 0 0 0 0 0 1 0 0 1 2 2 2610 46894 3180 25182 190 3718 3438 4712 32926 33238 3570 6382 74702 1318 6472 6364 6908 81270 15478 6688 2073600 2073600 1 12 503228 990720 993600 125595 126060 125687 125886 12 12 12 12 1 4 4 4 4 
[ 3803.509842] MESSAGE_B= 4 0 0 72 2 2 192 0 248 179 0 0 0 0 0 0 0 0 0 0 0 0 0 0 0 0 0 1 12 0 0 0 0 0 0 0 0 0 0 0 0 1 0 0 1 2 2 5978 48690 3180 25182 190 3718 3438 4712 32926 33238 3570 6382 74702 1318 6472 6364 6908 81270 15478 6688 2073600 2073600 5 12 503167 994560 993600 125599 126054 125646 125868 12 12 12 12 2 4 4 4 4 
[ 3803.781892] MESSAGE_B= 0 0 0 72 2 2 192 0 248 179 0 0 0 0 0 0 0 0 0 0 0 0 0 0 0 0 0 1 12 0 0 0 0 0 0 0 0 0 0 0 0 1 0 0 1 2 2 2610 46870 3180 25182 190 3718 3438 4712 32926 33238 3570 6382 74702 1318 6472 6364 6908 81270 15478 6688 2073600 2073600 1 12 503169 990720 993600 125599 126054 125647 125869 12 12 12 12 2 4 4 4 4 
[ 3804.053846] MESSAGE_B= 4 0 0 72 2 2 192 0 248 179 0 0 0 0 0 0 0 0 0 0 0 0 0 0 0 0 0 1 12 0 0 0 0 0 0 0 0 0 0 0 0 1 0 0 1 2 2 6002 48736 3180 25182 190 3718 3438 4712 32926 33238 3570 6382 74702 1318 6472 6364 6908 81270 15478 6688 2073600 2073600 5 12 503170 994560 993600 125600 126052 125649 125869 12 12 12 12 1 4 4 4 4 
[ 3804.325844] MESSAGE_B= 0 0 0 72 2 2 192 0 248 179 0 0 0 0 0 0 0 0 0 0 0 0 0 0 0 0 0 1 12 0 0 0 0 0 0 0 0 0 0 0 0 1 0 0 1 2 2 2640 46866 3180 25182 190 3718 3438 4712 32926 33238 3570 6382 74702 1318 6472 6364 6908 81270 15478 6688 2073600 2073600 1 12 503232 990720 993600 125600 126062 125688 125882 12 12 12 12 2 4 4 4 4 
[ 3804.481425] MESSAGE_B= 4 0 0 72 2 2 192 0 248 179 0 0 0 0 0 0 0 0 0 0 0 0 0 0 0 0 0 1 12 0 0 0 0 0 0 0 0 0 0 0 0 1 0 0 1 2 2 6014 48718 3180 25182 190 3718 3438 4712 32926 33238 3570 6382 74702 1318 6472 6364 6908 81270 15478 6688 2073600 2073600 5 12 503176 994560 993600 125606 126051 125648 125871 12 12 12 12 2 4 4 4 4 
[ 3804.754759] MESSAGE_B= 0 0 0 72 2 2 192 0 248 179 0 0 0 0 0 0 0 0 0 0 0 0 0 0 0 0 0 1 12 0 0 0 0 0 0 0 0 0 0 0 0 1 0 0 1 2 2 2604 46890 3180 25182 190 3718 3438 4712 32926 33238 3570 6382 74702 1318 6472 6364 6908 81270 15478 6688 2073600 2073600 1 12 503170 990720 993600 125602 126052 125648 125868 12 12 12 12 1 4 4 4 4 
[ 3805.024861] MESSAGE_B= 4 0 0 74 1 2 192 0 248 179 0 0 0 0 0 0 0 0 0 0 0 0 0 0 0 0 0 1 12 0 0 0 0 0 0 0 0 0 0 0 0 1 0 0 1 1 2 6004 48732 3180 25182 190 3718 3438 4712 32926 33238 3570 6382 74702 1318 6472 6364 6908 81270 15478 6688 2073600 2073600 5 12 506574 994560 993600 126652 126721 126467 126734 12 12 12 12 1 4 4 4 4 
[ 3805.296853] MESSAGE_B= 0 0 0 74 1 2 192 0 248 179 0 0 0 0 0 0 0 0 0 0 0 0 0 0 0 0 0 1 12 0 0 0 0 0 0 0 0 0 0 0 0 1 0 0 1 1 2 2632 28846 3338 24758 462 3822 3564 4720 32150 32042 3550 2916 74454 1450 6598 6448 7056 81644 15200 3022 2073600 2073600 3 12 506575 990720 993600 126650 126722 126475 126728 12 12 12 12 1 4 4 4 4 
[ 3805.571842] MESSAGE_B= 0 0 0 74 1 2 192 0 248 179 0 0 0 0 0 0 0 0 0 0 0 0 0 0 0 0 0 1 12 0 0 0 0 0 0 0 0 0 0 0 0 1 0 0 1 1 2 1608 31250 3338 24758 462 3822 3564 4720 32150 32042 3550 2916 74454 1450 6598 6448 7056 81644 15200 3022 2073600 2073600 3 12 506568 994560 993600 126651 126718 126473 126726 12 12 12 12 1 4 4 4 4 
[ 3805.842870] MESSAGE_B= 0 0 0 74 1 2 192 0 248 179 0 0 0 0 0 0 0 0 0 0 0 0 0 0 0 0 0 1 12 0 0 0 0 0 0 0 0 0 0 0 0 1 0 0 1 1 2 2610 28866 3338 24758 462 3822 3564 4720 32150 32042 3550 2916 74454 1450 6598 6448 7056 81644 15200 3022 2073600 2073600 3 12 506582 990720 993600 126653 126725 126472 126732 12 12 12 12 2 4 4 4 4 
[ 3806.084847] MESSAGE_B= 0 0 0 74 1 2 192 0 248 179 0 0 0 0 0 0 0 0 0 0 0 0 0 0 0 0 0 1 12 0 0 0 0 0 0 0 0 0 0 0 0 1 0 0 1 1 2 1516 31248 3338 24758 462 3822 3564 4720 32150 32042 3550 2916 74454 1450 6598 6448 7056 81644 15200 3022 2073600 2073600 3 12 506581 994560 993600 126652 126723 126473 126733 12 12 12 12 2 4 4 4 4 
[ 3806.361865] MESSAGE_B= 0 0 0 74 1 2 192 0 248 179 0 0 0 0 0 0 0 0 0 0 0 0 0 0 0 0 0 1 12 0 0 0 0 0 0 0 0 0 0 0 0 1 0 0 1 1 2 2624 28846 3338 24758 462 3822 3564 4720 32150 32042 3550 2916 74454 1450 6598 6448 7056 81644 15200 3022 2073600 2073600 3 12 506565 990720 993600 126649 126714 126476 126726 12 12 12 12 2 4 4 4 4 
[ 3806.631852] MESSAGE_B= 0 0 0 74 1 2 192 0 248 179 0 0 0 0 0 0 0 0 0 0 0 0 0 0 0 0 0 1 12 0 0 0 0 0 0 0 0 0 0 0 0 1 0 0 1 1 2 1564 31264 3338 24758 462 3822 3564 4720 32150 32042 3550 2916 74454 1450 6598 6448 7056 81644 15200 3022 2073600 2073600 3 12 506561 994560 993600 126651 126714 126475 126721 12 12 12 12 2 4 4 4 4 
[ 3806.903851] MESSAGE_B= 0 0 0 74 1 2 192 0 248 179 0 0 0 0 0 0 0 0 0 0 0 0 0 0 0 0 0 1 12 0 0 0 0 0 0 0 0 0 0 0 0 1 0 0 1 1 2 2620 28878 3338 24758 462 3822 3564 4720 32150 32042 3550 2916 74454 1450 6598 6448 7056 81644 15200 3022 2073600 2073600 3 12 506570 990720 993600 126654 126715 126478 126723 12 12 12 12 2 4 4 4 4 
[ 3807.174859] MESSAGE_B= 0 0 0 74 1 2 192 0 248 179 0 0 0 0 0 0 0 0 0 0 0 0 0 0 0 0 0 1 12 0 0 0 0 0 0 0 0 0 0 0 0 1 0 0 1 1 2 1528 31272 3338 24758 462 3822 3564 4720 32150 32042 3550 2916 74454 1450 6598 6448 7056 81644 15200 3022 2073600 2073600 3 12 506570 994560 993600 126651 126718 126477 126724 12 12 12 12 2 4 4 4 4 
[ 3807.453693] MESSAGE_B= 0 0 0 74 1 2 192 0 248 179 0 0 0 0 0 0 0 0 0 0 0 0 0 0 0 0 0 1 12 0 0 0 0 0 0 0 0 0 0 0 0 1 0 0 1 1 2 2624 28846 3338 24758 462 3822 3564 4720 32150 32042 3550 2916 74454 1450 6598 6448 7056 81644 15200 3022 2073600 2073600 3 12 506586 990720 993600 126655 126725 126478 126728 12 12 12 12 2 4 4 4 4 
[ 3807.725846] MESSAGE_B= 0 0 0 74 1 2 192 0 248 179 0 0 0 0 0 0 0 0 0 0 0 0 0 0 0 0 0 1 12 0 0 0 0 0 0 0 0 0 0 0 0 1 0 0 1 1 2 1568 31322 3170 26218 1186 3866 3494 4504 30978 16968 3622 2930 68366 1350 3120 2892 2928 73370 13198 2914 2073600 2073600 3 12 506566 994560 993600 126649 126716 126479 126722 12 12 12 12 2 4 4 4 4 
[ 3808.004470] MESSAGE_B= 0 0 0 74 1 2 192 0 248 179 0 0 0 0 0 0 0 0 0 0 0 0 0 0 0 0 0 1 12 0 0 0 0 0 0 0 0 0 0 0 0 1 0 0 1 1 2 2634 28912 3170 26218 1186 3866 3494 4504 30978 16968 3622 2930 68366 1350 3120 2892 2928 73370 13198 2914 2073600 2073600 3 12 506560 990720 993600 126650 126713 126475 126722 12 12 12 12 2 4 4 4 4 
[ 3808.153853] MESSAGE_B= 0 0 0 74 1 2 192 0 248 179 0 0 0 0 0 0 0 0 0 0 0 0 0 0 0 0 0 1 12 0 0 0 0 0 0 0 0 0 0 0 0 1 0 0 1 1 2 1584 31294 3170 26218 1186 3866 3494 4504 30978 16968 3622 2930 68366 1350 3120 2892 2928 73370 13198 2914 2073600 2073600 3 12 506578 994560 993600 126655 126722 126474 126727 12 12 12 12 2 4 4 4 4 
[ 3808.424858] MESSAGE_B= 0 7 0 75 1 2 192 0 248 179 0 0 0 0 0 0 0 0 0 0 0 0 0 0 0 0 0 1 12 0 0 0 0 0 0 0 0 1 1 1 1 1 1 1 1 1 2 2614 28906 3170 26218 1186 3866 3494 4504 30978 16968 3622 2930 68366 1350 3120 2892 2928 73370 13198 2914 2073600 2073600 3 12 512416 990720 993600 128104 128104 128104 128104 12 12 12 12 2 4 4 4 4 
[ 3808.695853] MESSAGE_B= 4 7 0 75 1 2 192 0 248 179 0 0 0 0 0 0 0 0 0 0 0 0 0 0 0 0 0 1 12 0 0 0 0 0 0 0 0 1 1 1 1 1 1 1 1 1 2 0 3804 3170 26218 1186 3866 3494 4504 30978 16968 3622 2930 68366 1350 3120 2892 2928 73370 13198 2914 2073600 2073600 4 12 512416 994560 993600 128104 128104 128104 128104 12 12 12 12 1 4 4 4 4 
[ 3808.975136] MESSAGE_B= 4 7 0 75 1 2 192 0 248 179 0 0 0 0 0 0 0 0 0 0 0 0 0 0 0 0 0 1 12 0 0 0 0 0 0 0 0 1 1 1 1 1 1 1 1 1 2 0 0 3170 26218 1186 3866 3494 4504 30978 16968 3622 2930 68366 1350 3120 2892 2928 73370 13198 2914 2073600 2073600 4 12 512416 990720 993600 128104 128104 128104 128104 12 12 12 12 44 4 4 4 4 
[ 3809.245843] MESSAGE_B= 4 7 0 76 1 2 192 0 248 179 0 0 0 0 0 0 0 0 0 0 0 0 0 0 0 0 0 1 12 0 0 0 0 0 0 0 0 1 1 1 1 1 1 1 1 1 2 0 0 3170 26218 1186 3866 3494 4504 30978 16968 3622 2930 68366 1350 3120 2892 2928 73370 13198 2914 2073600 2073600 4 12 512416 994560 993600 128104 128104 128104 128104 12 12 12 12 46 4 4 4 4 
[ 3809.515843] MESSAGE_B= 0 7 0 76 1 4 192 0 248 179 0 0 0 0 0 0 0 0 0 0 0 0 0 0 0 0 0 1 12 0 0 0 0 0 0 0 0 1 1 1 1 1 1 1 1 1 4 2586 2860 3170 26218 1186 3866 3494 4504 30978 16968 3622 2930 68366 1350 3120 2892 2928 73370 13198 2914 2073600 2073600 3 12 512289 990720 993600 127977 128104 128104 128104 12 12 12 12 65 4 4 4 4 
[ 3809.795881] MESSAGE_B= 5 0 0 78 1 1 192 0 248 179 0 0 0 0 0 0 0 0 0 0 0 0 0 0 0 0 0 1 12 0 0 0 0 0 0 0 0 1 0 1 0 1 0 1 1 1 1 20448 0 3170 26218 1186 3866 3494 4504 30978 16968 3622 2930 68366 1350 3120 2892 2928 73370 13198 2914 2073600 2073600 6 12 506340 994560 993600 126590 128104 123566 128080 12 12 12 12 65 4 4 4 4 
[ 3810.070850] MESSAGE_B= 0 0 0 79 11 1 192 0 248 179 0 0 0 0 0 0 0 0 0 0 0 0 0 0 0 0 0 1 12 0 0 0 0 0 0 0 0 1 0 1 0 1 0 1 1 11 1 35118 27590 20080 25362 2282 3770 2 2 30694 24606 10794 92308 68246 1694 3386 2 2 86182 25546 36062 2073600 2073600 2 12 499166 990720 993600 125318 128104 117938 127806 12 12 12 12 62 4 4 4 4 
[ 3810.343846] MESSAGE_B= 0 0 0 82 2 1 192 0 248 179 0 0 0 0 0 0 0 0 0 0 0 0 0 0 0 0 0 1 12 0 0 0 0 0 0 0 0 1 0 0 0 1 0 0 1 2 1 39214 59724 20080 25362 2282 3770 2 2 30694 24606 10794 92308 68246 1694 3386 2 2 86182 25546 36062 2073600 2073600 2 12 497297 994560 993600 125750 127938 122443 121166 12 12 12 12 69 4 4 4 4 
[ 3810.622411] MESSAGE_B= 0 0 0 93 4 1 192 0 248 179 0 0 0 0 0 0 0 0 0 0 0 0 0 0 0 0 0 1 12 0 0 0 0 0 0 0 0 0 0 0 1 1 0 0 1 4 1 42440 41438 20080 25362 2282 3770 2 2 30694 24606 10794 92308 68246 1694 3386 2 2 86182 25546 36062 2073600 2073600 2 12 496085 990720 993600 127646 124920 128104 115415 12 12 12 12 135 4 4 4 4 
[ 3810.893861] MESSAGE_B= 0 0 0 102 1 1 192 0 248 179 0 0 0 0 0 0 0 0 0 0 0 0 0 0 0 0 0 1 12 0 0 0 0 0 0 0 0 0 1 0 1 1 1 0 1 1 1 41804 72714 20080 25362 2282 3770 2 2 30694 24606 10794 92308 68246 1694 3386 2 2 86182 25546 36062 2073600 2073600 1 12 485168 994560 993600 128104 120312 128079 108673 12 12 12 12 135 4 4 4 4 
[ 3811.163865] MESSAGE_B= 0 0 0 113 0 1 192 0 248 179 0 0 0 0 0 0 0 0 0 0 0 0 0 0 0 0 0 0 12 0 0 0 0 0 0 15 0 1 1 1 1 1 1 2 1 0 1 158132 41360 20080 25362 2282 3770 2 2 30694 24606 10794 92308 68246 1694 3386 2 2 86182 25546 36062 2073600 2073600 3 12 476696 990720 993600 128104 116242 128104 104246 12 12 12 12 101 0 0 0 0 
[ 3811.317579] MESSAGE_B= 0 0 0 126 0 2 192 0 248 179 0 0 0 0 0 0 0 0 0 0 0 0 0 0 0 0 0 0 12 0 0 0 0 0 0 38 0 1 1 1 1 1 1 2 1 0 2 149602 95672 20080 25362 2282 3770 2 2 30694 24606 10794 92308 68246 1694 3386 2 2 86182 25546 36062 2073600 2073600 3 12 473296 994560 993600 128104 114141 128104 102947 12 12 12 12 101 0 0 0 0 
[ 3811.596462] MESSAGE_B= 0 0 0 139 1 1 192 0 248 179 0 0 0 0 0 0 0 0 0 0 0 0 0 0 0 0 0 0 12 0 0 0 0 0 0 37 0 1 1 1 1 1 1 2 1 1 1 230056 27672 20080 25362 2282 3770 2 2 30694 24606 10794 92308 68246 1694 3386 2 2 86182 25546 36062 2073600 2073600 1 12 475036 990720 993600 128104 114498 128104 104330 12 12 12 12 87 0 0 0 0 
[ 3811.866843] MESSAGE_B= 0 0 0 146 1 1 192 0 248 179 0 0 0 0 0 173 293 434 1562 0 0 0 0 0 0 0 0 1 12 0 0 0 0 0 0 0 0 0 0 0 0 0 0 0 0 1 1 175536 131610 20080 25362 2282 3770 2 2 30694 24606 10794 92308 68246 1694 3386 2 2 86182 25546 36062 2073600 2073600 1 12 486237 994560 993600 127801 120577 127493 110366 12 12 12 12 77 0 0 0 0 
[ 3812.140849] MESSAGE_B= 0 0 0 155 2 3 192 0 248 179 0 0 0 0 0 0 260 0 2276 0 0 0 0 0 0 0 0 1 12 0 0 0 0 0 6 6 0 0 0 0 0 0 0 0 0 2 3 159292 55556 20080 25362 2282 3770 2 2 30694 24606 10794 92308 68246 1694 3386 2 2 86182 25546 36062 2073600 2073600 3 12 481611 990720 993600 126442 126663 119866 108640 12 12 12 12 77 0 0 0 0 
[ 3812.416824] MESSAGE_B= 0 0 0 166 2 7 192 0 248 179 0 0 0 0 0 901 944 1105 1262 0 0 0 0 168 122 104 284 0 12 0 0 23 104 0 106 14 0 1 1 2 2 1 2 2 1 2 7 56936 85184 194130 60222 81758 71684 95508 108412 174830 104498 108128 106610 92694 152330 187480 218056 320878 800466 708098 195568 2073600 2073600 3 12 467820 994560 993600 125293 126707 115822 99998 12 12 12 12 87 0 0 0 0 
[ 3812.691855] MESSAGE_B= 0 0 0 177 2 3 192 0 248 179 0 0 0 0 0 857 862 1208 1283 0 0 0 0 231 275 277 66 0 12 0 0 95 44 0 95 88 0 1 1 2 2 1 2 2 1 2 3 136294 212524 194130 60222 81758 71684 95508 108412 174830 104498 108128 106610 92694 152330 187480 218056 320878 800466 708098 195568 2073600 2073600 3 12 457182 990720 993600 124733 126483 113243 92723 12 12 12 12 87 0 0 0 0 
[ 3812.970858] MESSAGE_B= 0 0 0 181 1 3 192 0 248 179 0 0 1757 0 1446 1080 1367 1519 1347 0 209 0 656 372 625 208 263 0 12 0 175 128 68 0 12 234 0 1 2 2 2 1 2 2 1 1 3 17074 160200 194130 60222 81758 71684 95508 108412 174830 104498 108128 106610 92694 152330 187480 218056 320878 800466 708098 195568 2073600 2073600 1 12 430937 994560 993600 122694 124908 101970 81365 12 12 12 12 92 0 0 0 0 
[ 3813.256855] MESSAGE_B= 0 0 0 183 1 3 192 0 248 179 0 0 1172 0 988 1105 1459 1394 1121 0 525 0 193 328 523 185 359 0 12 0 255 127 121 0 142 178 156 1 2 2 2 1 2 2 2 1 3 214264 345014 194130 60222 81758 71684 95508 108412 174830 104498 108128 106610 92694 152330 187480 218056 320878 800466 708098 195568 2073600 2073600 3 12 414410 990720 993600 118862 116507 96322 82719 12 12 12 12 93 0 0 0 0 
[ 3813.533854] MESSAGE_B= 0 0 0 185 1 5 192 0 248 179 0 658 1277 1044 845 994 1443 1091 977 37 497 85 180 229 273 224 344 0 12 76 193 226 87 0 120 139 25 2 2 2 2 1 2 2 2 1 5 29932 319410 194130 60222 81758 71684 95508 108412 174830 104498 108128 106610 92694 152330 187480 218056 320878 800466 708098 195568 2073600 2073600 1 12 424491 994560 993600 116631 112766 98865 96229 12 12 12 12 93 0 0 0 0 
[ 3813.810854] MESSAGE_B= 0 0 0 195 2 3 192 0 248 179 0 0 190 0 1918 1030 599 232 2244 0 0 0 0 0 0 0 0 1 12 0 8 0 38 0 0 1 36 0 0 0 0 0 0 0 0 2 3 122244 407464 194130 60222 81758 71684 95508 108412 174830 104498 108128 106610 92694 152330 187480 218056 320878 800466 708098 195568 2073600 2073600 3 12 442388 990720 993600 117651 109034 108228 107475 12 12 12 12 92 0 0 0 0 
[ 3814.089867] MESSAGE_B= 0 0 0 200 1 2 192 0 248 179 0 0 269 0 2075 1100 735 300 2517 0 0 0 0 0 0 0 0 1 12 0 2 0 19 0 0 0 8 0 0 0 0 0 0 0 0 1 2 67772 505298 194130 60222 81758 71684 95508 108412 174830 104498 108128 106610 92694 152330 187480 218056 320878 800466 708098 195568 2073600 2073600 3 12 441680 994560 993600 117683 106882 110767 106348 12 12 12 12 72 0 0 0 0 
[ 3814.368909] MESSAGE_B= 0 0 0 200 1 2 192 0 248 179 0 733 1314 1367 1228 818 1632 1272 1556 50 312 93 178 135 498 217 636 0 12 163 58 128 234 0 169 210 0 2 2 2 0 1 2 2 1 1 2 149032 342828 194130 60222 81758 71684 95508 108412 174830 104498 108128 106610 92694 152330 187480 218056 320878 800466 708098 195568 2073600 2073600 3 12 433462 990720 993600 115292 107097 108477 102596 12 12 12 12 49 0 0 0 0 
[ 3814.646859] MESSAGE_B= 0 0 0 200 2 1 192 0 248 179 0 1854 1362 1242 1195 803 1534 1394 1374 177 311 255 368 140 455 286 548 0 12 69 68 67 212 0 27 221 0 2 2 2 0 1 2 2 1 2 1 94670 595880 194130 60222 81758 71684 95508 108412 174830 104498 108128 106610 92694 152330 187480 218056 320878 800466 708098 195568 2073600 2073600 2 12 431905 994560 993600 111540 112118 107532 100715 12 12 12 12 40 0 0 0 0 
[ 3814.803905] MESSAGE_B= 0 0 0 203 2 2 192 0 248 179 0 2063 1564 1228 1265 1344 1512 1504 1197 94 278 332 266 504 427 384 408 0 12 39 130 167 43 0 204 242 0 2 2 2 2 1 2 2 1 2 2 110968 277118 570606 422158 445618 540884 208212 601720 890512 310156 327338 110178 133242 156858 165074 59362 106218 539068 384128 116920 2073600 2073600 1 12 431708 990720 993600 113914 113007 106289 98498 12 12 12 12 41 0 0 0 0 
[ 3815.083871] MESSAGE_B= 0 0 0 205 2 2 192 0 248 179 0 842 0 1381 0 1320 1391 1621 957 35 0 33 0 547 341 386 226 0 12 255 0 198 95 0 40 12 0 2 1 2 2 1 2 2 1 2 2 67744 691780 570606 422158 445618 540884 208212 601720 890512 310156 327338 110178 133242 156858 165074 59362 106218 539068 384128 116920 2073600 2073600 1 12 438177 994560 993600 116034 116699 105399 100045 12 12 12 12 44 0 0 0 0 
[ 3815.365345] MESSAGE_B= 0 0 0 211 1 3 192 0 248 179 0 762 0 1372 0 827 1404 1521 1021 33 0 42 0 157 381 133 220 0 12 254 0 161 223 0 191 47 0 2 1 2 2 1 2 2 1 1 3 99788 236940 570606 422158 445618 540884 208212 601720 890512 310156 327338 110178 133242 156858 165074 59362 106218 539068 384128 116920 2073600 2073600 3 12 438141 990720 993600 117096 111716 109206 100123 12 12 12 12 44 0 0 0 0 
[ 3815.649843] MESSAGE_B= 0 0 0 221 2 2 192 0 248 179 0 865 0 1233 0 830 1338 1663 997 45 0 49 0 138 383 275 222 0 12 115 0 182 182 0 38 8 0 2 1 2 2 1 2 2 1 2 2 77308 708974 570606 422158 445618 540884 208212 601720 890512 310156 327338 110178 133242 156858 165074 59362 106218 539068 384128 116920 2073600 2073600 1 12 441812 994560 993600 117274 115246 108148 101144 12 12 12 12 42 0 0 0 0 
[ 3815.927855] MESSAGE_B= 0 0 0 224 2 3 192 0 248 179 0 757 0 1374 0 775 1414 1508 1095 23 0 55 0 147 447 196 338 0 12 145 0 215 186 0 28 80 223 2 1 2 2 1 2 2 2 2 3 74042 253052 570606 422158 445618 540884 208212 601720 890512 310156 327338 110178 133242 156858 165074 59362 106218 539068 384128 116920 2073600 2073600 3 12 444828 990720 993600 118799 115479 109201 101349 12 12 12 12 40 0 0 0 0 
[ 3816.205863] MESSAGE_B= 0 0 0 224 2 11 192 0 248 179 0 759 0 1603 0 785 1274 1369 999 15 0 86 0 154 363 231 308 0 12 159 0 164 177 0 15 197 0 2 1 2 2 1 2 2 1 2 11 35100 660228 570606 422158 445618 540884 208212 601720 890512 310156 327338 110178 133242 156858 165074 59362 106218 539068 384128 116920 2073600 2073600 1 12 447878 994560 993600 119039 114332 110070 104437 12 12 12 12 40 0 0 0 0 
[ 3816.483856] MESSAGE_B= 0 0 0 223 2 5 192 0 248 179 0 758 1011 2070 984 782 1389 1496 1079 7 46 48 126 164 383 264 295 0 12 45 119 232 222 0 41 15 0 2 2 2 0 1 2 2 1 2 5 93492 299652 570606 422158 445618 540884 208212 601720 890512 310156 327338 110178 133242 156858 165074 59362 106218 539068 384128 116920 2073600 2073600 3 12 445885 990720 993600 119159 115331 108988 102407 12 12 12 12 23 0 0 0 0 
[ 3816.769514] MESSAGE_B= 0 0 0 225 2 6 192 0 248 179 0 767 1000 1559 950 789 1372 1598 1082 22 25 90 34 161 400 188 315 0 12 108 4 137 160 0 40 33 218 2 2 2 0 1 2 2 2 2 6 57610 639990 570606 422158 445618 540884 208212 601720 890512 310156 327338 110178 133242 156858 165074 59362 106218 539068 384128 116920 2073600 2073600 3 12 444908 994560 993600 119026 116606 109725 99551 12 12 12 12 23 0 0 0 0 
[ 3817.055861] MESSAGE_B= 0 0 0 226 2 3 192 0 248 179 0 776 0 1507 0 786 1294 1427 1021 44 0 64 0 146 384 267 240 0 12 235 0 205 183 0 44 51 0 2 1 2 2 1 2 2 1 2 3 94108 283364 570606 422158 445618 540884 208212 601720 890512 310156 327338 110178 133242 156858 165074 59362 106218 539068 384128 116920 2073600 2073600 3 12 449793 990720 993600 119529 117303 110287 102674 12 12 12 12 22 0 0 0 0 
[ 3817.221312] MESSAGE_B= 0 0 0 225 2 3 192 0 248 179 0 775 0 1408 0 771 1289 1415 1012 18 0 53 0 149 372 184 241 0 12 194 0 218 200 0 29 39 0 2 1 2 2 1 2 2 1 2 3 60430 661112 566144 674562 610266 823262 98676 576428 966378 239680 365474 93476 87130 76178 103980 17130 129266 181736 82056 119212 2073600 2073600 3 12 450463 994560 993600 119609 117603 110345 102906 12 12 12 12 20 0 0 0 0 
[ 3817.506858] MESSAGE_B= 0 0 0 225 2 6 192 0 248 179 0 785 0 1244 0 779 1275 1449 1018 36 0 51 0 144 370 178 249 0 12 204 0 207 192 0 59 12 0 2 1 2 2 1 2 2 1 2 6 73948 275800 566144 674562 610266 823262 98676 576428 966378 239680 365474 93476 87130 76178 103980 17130 129266 181736 82056 119212 2073600 2073600 3 12 450505 990720 993600 119605 118069 110188 102643 12 12 12 12 16 0 0 0 0 
[ 3817.791636] MESSAGE_B= 0 0 0 226 1 6 192 0 248 179 0 768 0 1134 0 783 1250 1489 1004 10 0 33 0 148 377 213 251 0 12 255 0 232 188 0 71 59 0 2 1 2 2 1 2 2 1 1 6 40290 662900 566144 674562 610266 823262 98676 576428 966378 239680 365474 93476 87130 76178 103980 17130 129266 181736 82056 119212 2073600 2073600 1 12 450898 994560 993600 119630 118523 110297 102448 12 12 12 12 12 0 0 0 0 
[ 3818.069856] MESSAGE_B= 0 0 0 226 1 4 192 0 248 179 0 773 0 1091 0 778 1172 1498 1100 26 0 39 0 143 415 212 371 0 12 224 0 232 23 0 88 83 0 2 1 2 2 1 2 2 1 1 4 79394 311020 566144 674562 610266 823262 98676 576428 966378 239680 365474 93476 87130 76178 103980 17130 129266 181736 82056 119212 2073600 2073600 3 12 450117 990720 993600 119646 118764 109769 101938 12 12 12 12 9 0 0 0 0 
[ 3818.346847] MESSAGE_B= 0 0 0 226 1 7 192 0 248 179 0 769 0 1070 0 774 1268 1489 1010 32 0 38 0 144 377 277 252 0 12 205 0 223 193 0 21 21 0 2 1 2 2 1 2 2 1 1 7 20980 663014 566144 674562 610266 823262 98676 576428 966378 239680 365474 93476 87130 76178 103980 17130 129266 181736 82056 119212 2073600 2073600 1 12 450240 994560 993600 119639 118900 110026 101675 12 12 12 12 8 0 0 0 0 
[ 3818.626714] MESSAGE_B= 0 0 0 226 2 6 192 0 248 179 0 764 0 1059 0 773 1256 1458 999 27 0 43 0 137 370 327 251 0 12 181 0 225 192 0 78 85 0 2 1 2 2 1 2 2 1 2 6 83182 320272 566144 674562 610266 823262 98676 576428 966378 239680 365474 93476 87130 76178 103980 17130 129266 181736 82056 119212 2073600 2073600 3 12 450014 990720 993600 119377 118620 110239 101778 12 12 12 12 7 0 0 0 0 
[ 3818.902858] MESSAGE_B= 0 0 0 228 1 9 192 0 248 179 0 716 0 977 0 748 1231 1438 989 37 0 47 0 129 356 308 258 0 12 216 0 231 188 0 42 42 0 2 1 2 2 1 2 2 1 1 9 10508 660660 566144 674562 610266 823262 98676 576428 966378 239680 365474 93476 87130 76178 103980 17130 129266 181736 82056 119212 2073600 2073600 2 12 449530 994560 993600 118659 117611 110826 102434 12 12 12 12 7 0 0 0 0 
[ 3819.186475] MESSAGE_B= 0 0 0 229 1 6 192 0 248 179 0 647 0 907 0 722 1182 1395 946 22 0 37 0 105 333 277 259 0 12 209 0 237 187 0 18 14 0 2 1 2 2 1 2 2 1 1 6 77416 314730 566144 674562 610266 823262 98676 576428 966378 239680 365474 93476 87130 76178 103980 17130 129266 181736 82056 119212 2073600 2073600 3 12 444029 990720 993600 114832 113651 111821 103725 12 12 12 12 9 0 0 0 0 
[ 3819.340854] MESSAGE_B= 0 0 0 229 1 6 192 0 248 179 0 703 0 905 0 720 1157 1421 920 91 0 43 0 82 317 199 253 0 12 17 0 237 191 0 32 79 0 2 1 2 2 1 2 2 1 1 6 30138 654658 566144 674562 610266 823262 98676 576428 966378 239680 365474 93476 87130 76178 103980 17130 129266 181736 82056 119212 2073600 2073600 1 12 442184 994560 993600 113374 111734 112547 104529 12 12 12 12 11 0 0 0 0 
[ 3819.616843] MESSAGE_B= 0 0 0 230 1 5 192 0 248 179 0 0 243 0 3494 3230 629 146 3425 0 0 0 0 0 0 0 0 1 12 0 0 0 8 0 0 0 0 0 0 0 0 0 0 0 0 1 5 83064 278324 428404 651350 608550 934778 139114 627014 1075906 273262 284940 94008 78210 87750 66228 12240 84698 168838 76468 79728 2073600 2073600 3 12 439856 990720 993600 111366 108381 113849 106260 12 12 12 12 13 0 0 0 0 
[ 3819.891856] MESSAGE_B= 0 0 0 229 2 5 192 0 248 179 0 0 253 0 3664 3250 561 183 3363 0 0 0 0 0 0 0 0 1 12 0 0 0 12 0 0 0 0 0 0 0 0 0 0 0 0 2 5 26112 626710 428404 651350 608550 934778 139114 627014 1075906 273262 284940 94008 78210 87750 66228 12240 84698 168838 76468 79728 2073600 2073600 1 12 440037 994560 993600 110480 106622 115069 107866 12 12 12 12 13 0 0 0 0 
[ 3820.175849] MESSAGE_B= 0 0 0 228 2 4 192 0 248 179 0 0 270 0 3312 2885 385 176 3324 0 0 0 0 0 0 0 0 1 12 0 0 0 23 0 0 0 0 0 0 0 0 0 0 0 0 2 4 79276 369674 428404 651350 608550 934778 139114 627014 1075906 273262 284940 94008 78210 87750 66228 12240 84698 168838 76468 79728 2073600 2073600 3 12 446066 990720 993600 111561 107705 116803 109997 12 12 12 12 10 0 0 0 0 
[ 3820.449843] MESSAGE_B= 0 0 0 228 2 4 192 0 248 179 0 0 302 0 2763 2441 265 201 3318 0 0 0 0 0 0 0 0 1 12 0 0 0 15 0 0 0 0 0 0 0 0 0 0 0 0 2 4 34124 562394 428404 651350 608550 934778 139114 627014 1075906 273262 284940 94008 78210 87750 66228 12240 84698 168838 76468 79728 2073600 2073600 1 12 452187 994560 993600 112618 109703 118300 111566 12 12 12 12 10 0 0 0 0 
[ 3820.730101] MESSAGE_B= 0 0 0 228 2 3 192 0 248 179 0 0 306 0 2688 2372 197 212 3290 0 0 0 0 0 0 0 0 1 12 0 0 0 15 0 0 0 0 0 0 0 0 0 0 0 0 2 3 89072 429304 428404 651350 608550 934778 139114 627014 1075906 273262 284940 94008 78210 87750 66228 12240 84698 168838 76468 79728 2073600 2073600 3 12 454000 990720 993600 112821 109842 118962 112375 12 12 12 12 8 0 0 0 0 
[ 3820.884055] MESSAGE_B= 0 0 0 228 2 4 192 0 248 179 0 0 312 0 2671 2354 212 211 3243 0 0 0 0 0 0 0 0 1 12 0 0 0 15 0 0 0 0 0 0 0 0 0 0 0 0 2 4 89072 429304 428404 651350 608550 934778 139114 627014 1075906 273262 284940 94008 78210 87750 66228 12240 84698 168838 76468 79728 2073600 2073600 3 12 454311 990720 993600 112863 110016 118989 112443 12 12 12 12 7 0 0 0 0 
[ 3821.037853] MESSAGE_B= 0 0 0 228 2 3 192 0 248 179 0 0 306 0 2667 2325 189 210 3287 0 0 0 0 0 0 0 0 1 12 0 0 0 15 0 0 0 0 0 0 0 0 0 0 0 0 2 3 89072 429304 428404 651350 608550 934778 139114 627014 1075906 273262 284940 94008 78210 87750 66228 12240 84698 168838 76468 79728 2073600 2073600 3 12 454308 990720 993600 112858 109966 119021 112463 12 12 12 12 5 0 0 0 0 
[ 3821.192855] MESSAGE_B= 0 0 0 228 2 3 192 0 248 179 0 0 305 0 2664 2355 196 214 3337 0 0 0 0 0 0 0 0 1 12 0 0 0 15 0 0 0 0 0 0 0 0 0 0 0 0 2 3 30600 509076 428404 651350 608550 934778 139114 627014 1075906 273262 284940 94008 78210 87750 66228 12240 84698 168838 76468 79728 2073600 2073600 1 12 454344 994560 993600 112882 109973 119034 112455 12 12 12 12 4 0 0 0 0 
[ 3821.719868] MESSAGE_B= 0 0 0 228 2 2 192 0 248 179 0 614 1446 1074 2720 588 1033 753 2338 46 134 465 198 31 352 227 1082 0 12 117 30 9 224 88 101 20 224 2 0 2 0 2 2 2 2 2 2 88560 462998 428404 651350 608550 934778 139114 627014 1075906 273262 284940 94008 78210 87750 66228 12240 84698 168838 76468 79728 2073600 2073600 1 12 282823 990720 993600 87914 60167 86749 50987 12 12 12 0 121 0 0 0 0 
[ 3821.998853] MESSAGE_B= 0 0 0 64 2 1 192 0 248 179 0 1628 1332 1063 2219 1209 1321 2420 2081 245 189 572 111 329 509 777 757 0 12 187 32 153 223 163 202 234 132 0 0 2 0 2 2 2 2 2 1 378790 498192 478070 552414 498066 464866 53770 138220 1016692 119510 90506 850546 68494 42698 70722 23760 92912 170830 61742 96556 2073600 2073600 2 12 271644 994560 993600 74642 69894 87967 47787 12 12 12 0 121 4 0 0 0 
[ 3822.287852] MESSAGE_B= 0 0 0 64 1 1 192 0 248 179 0 1269 2198 1402 3376 1198 1839 1444 2931 166 326 652 113 584 839 582 1209 0 12 194 21 89 221 113 65 194 218 0 0 2 0 2 2 2 2 1 1 485114 629158 478070 552414 498066 464866 53770 138220 1016692 119510 90506 850546 68494 42698 70722 23760 92912 170830 61742 96556 2073600 2073600 1 12 269136 990720 993600 75859 63883 84933 44461 12 12 12 12 97 4 0 0 0 
[ 3822.568849] MESSAGE_B= 0 0 0 63 2 1 192 0 248 179 0 2026 2343 1733 2168 2315 1650 1576 1935 785 427 1079 163 786 723 1041 779 0 12 234 122 61 226 178 204 148 58 0 0 2 0 2 2 2 2 2 1 391568 454336 478070 552414 498066 464866 53770 138220 1016692 119510 90506 850546 68494 42698 70722 23760 92912 170830 61742 96556 2073600 2073600 2 12 297826 994560 993600 78446 72051 89434 57895 12 12 12 12 115 4 0 0 0 
[ 3822.846852] MESSAGE_B= 0 0 0 67 3 1 192 0 248 179 0 767 1095 983 957 949 1022 1139 807 94 164 173 128 246 204 277 169 0 12 208 139 3 8 63 32 73 24 0 2 0 2 2 2 2 2 3 1 249814 661246 478070 552414 498066 464866 53770 138220 1016692 119510 90506 850546 68494 42698 70722 23760 92912 170830 61742 96556 2073600 2073600 2 12 312540 990720 993600 62687 75484 79145 95224 12 12 12 12 173 0 0 0 0 
[ 3823.127859] MESSAGE_B= 0 0 0 80 3 1 192 0 248 179 0 759 1053 961 923 951 1067 1401 810 87 170 178 147 188 144 203 157 0 12 188 45 31 53 49 22 84 15 0 2 0 2 2 2 2 2 3 1 224552 406132 478070 552414 498066 464866 53770 138220 1016692 119510 90506 850546 68494 42698 70722 23760 92912 170830 61742 96556 2073600 2073600 2 12 309005 994560 993600 63482 78752 76987 89784 12 12 12 12 173 0 0 0 0 
[ 3823.287248] MESSAGE_B= 0 0 0 82 3 1 192 0 248 179 0 761 1002 975 898 877 1049 1208 842 86 155 200 124 189 150 176 190 0 12 211 45 88 43 70 58 108 94 0 2 0 2 2 2 2 2 3 1 465312 536186 478070 552414 498066 464866 53770 138220 1016692 119510 90506 850546 68494 42698 70722 23760 92912 170830 61742 96556 2073600 2073600 2 12 318465 990720 993600 64805 79333 80793 93534 12 12 12 12 60 0 0 0 0 
[ 3823.565848] MESSAGE_B= 0 0 0 80 2 1 192 0 248 179 0 827 981 926 1103 950 991 1149 941 120 177 190 203 286 207 148 188 0 12 218 57 11 108 4 46 62 42 0 2 0 2 2 2 2 2 2 1 206912 449350 478070 552414 498066 464866 53770 138220 1016692 119510 90506 850546 68494 42698 70722 23760 92912 170830 61742 96556 2073600 2073600 2 12 321835 994560 993600 62719 80333 84414 94369 12 12 12 12 60 0 0 0 0 
[ 3823.847282] MESSAGE_B= 0 0 0 80 1 2 192 0 248 179 0 843 996 903 1643 853 1329 1132 1061 153 197 220 340 226 243 217 346 0 12 195 70 185 119 72 10 106 29 0 2 0 2 2 2 2 2 1 2 445728 563704 478070 552414 498066 464866 53770 138220 1016692 119510 90506 850546 68494 42698 70722 23760 92912 170830 61742 96556 2073600 2073600 3 12 320352 990720 993600 64468 81554 79706 98245 0 12 12 12 52 0 0 0 0 
[ 3824.103864] MESSAGE_B= 0 0 0 68 2 2 192 0 248 179 0 1233 1130 1155 1043 714 1000 774 972 308 333 274 284 106 242 123 310 0 12 64 89 26 83 39 39 168 221 0 0 0 2 2 2 2 2 2 2 251502 490206 478070 552414 498066 464866 53770 138220 1016692 119510 90506 850546 68494 42698 70722 23760 92912 170830 61742 96556 2073600 2073600 1 12 337560 994560 993600 75013 67421 89528 105598 12 12 12 12 49 4 0 0 0 
[ 3824.382851] MESSAGE_B= 0 0 0 69 1 2 192 0 248 179 0 1218 1144 1127 1063 692 981 794 998 284 334 269 289 95 240 123 293 0 12 56 77 74 120 22 12 130 228 0 0 0 2 2 2 2 2 1 2 246424 567366 469618 182390 182400 436426 214794 287620 370768 435010 172048 291730 487980 59098 400878 772916 434440 411826 810326 224318 2073600 2073600 3 12 339576 990720 993600 73803 67685 92233 105855 12 12 12 12 46 4 0 0 0 
