[ 9420.751614] MESSAGE_B= 5 5 0 7 0 26 192 0 248 179 0 1821 1380 1591 1618 1617 1432 1567 1815 400 205 200 230 274 205 200 439 0 1 49 107 86 98 177 247 246 248 0 2 0 2 0 0 0 0 0 26 237806 89326 2 56796 105078 47530 48728 151794 83976 11102 2 2 192352 165142 177100 173378 168098 46844 10804 2 2073600 2073600 6 1 368372 994560 993600 88985 93948 92974 92465 1 1 1 1 29 5 5 5 5 
[ 9421.033856] MESSAGE_B= 0 5 5 7 0 25 192 0 248 179 0 1795 1374 1511 1611 1642 1420 1508 1696 382 216 174 217 254 226 179 328 0 1 60 111 0 127 208 248 250 241 0 2 2 2 0 0 0 0 0 25 145136 259010 2 56796 105078 47530 48728 151794 83976 11102 2 2 192352 165142 177100 173378 168098 46844 10804 2 2073600 2073600 3 1 369559 990720 993600 88608 95016 92054 93881 1 1 1 1 26 5 5 5 5 
[ 9421.309852] MESSAGE_B= 5 5 5 7 1 27 192 0 248 179 0 1754 1386 1553 1624 1613 1443 1568 1753 365 217 250 228 241 219 245 363 0 1 86 107 15 133 205 246 247 244 0 2 0 2 0 0 0 0 1 27 218272 86296 2 56796 105078 47530 48728 151794 83976 11102 2 2 192352 165142 177100 173378 168098 46844 10804 2 2073600 2073600 6 1 369601 994560 993600 89435 94500 92274 93392 1 1 1 1 29 5 5 5 5 
[ 9421.588907] MESSAGE_B= 0 5 5 7 1 26 192 0 248 179 0 1811 1400 1585 1647 1662 1460 1583 1860 383 213 279 248 252 212 284 465 0 1 31 102 21 102 210 251 249 250 0 0 0 0 0 0 0 0 1 26 131102 239476 2 56796 105078 47530 48728 151794 83976 11102 2 2 192352 165142 177100 173378 168098 46844 10804 2 2073600 2073600 3 1 372998 990720 993600 91259 94438 94388 92913 1 1 1 1 41 5 5 5 5 
[ 9421.866912] MESSAGE_B= 5 5 5 7 0 23 192 0 248 179 0 1822 1476 1563 1644 1614 1507 1544 1734 391 267 181 225 238 253 175 345 0 1 24 83 37 82 181 248 242 250 0 0 0 0 0 0 0 0 0 23 210402 90354 2 56796 105078 47530 48728 151794 83976 11102 2 2 192352 165142 177100 173378 168098 46844 10804 2 2073600 2073600 6 1 379335 994560 993600 92193 96372 95591 95179 1 1 1 1 41 5 5 5 5 
[ 9422.020850] MESSAGE_B= 0 5 5 6 0 26 192 0 248 179 0 1545 1651 1621 1546 1615 1698 1657 1582 299 292 222 260 321 301 218 263 0 1 134 181 143 169 233 251 246 181 0 0 0 2 0 0 0 2 0 26 138690 293900 256352 54946 572090 154422 140948 326462 541290 314884 263712 287328 74438 336590 377456 325104 293842 310624 275598 284580 2073600 2073600 3 1 320216 990720 993600 81753 81306 83077 74080 1 1 1 1 41 5 5 5 5 
[ 9422.298863] MESSAGE_B= 5 5 5 7 0 28 192 0 248 179 0 1598 1653 1636 1553 1645 1704 1679 1590 337 282 248 264 330 285 251 251 0 1 99 171 99 163 242 252 246 198 0 0 0 2 0 0 0 2 0 28 150426 110094 256352 54946 572090 154422 140948 326462 541290 314884 263712 287328 74438 336590 377456 325104 293842 310624 275598 284580 2073600 2073600 6 1 321727 994560 993600 81887 81477 83085 75278 1 1 1 1 33 5 5 5 5 
[ 9422.578151] MESSAGE_B= 0 5 5 7 0 27 192 0 248 179 0 1566 1671 1629 1547 1622 1715 1680 1567 300 274 245 248 327 299 244 255 0 1 145 160 141 170 220 247 238 184 0 0 0 2 0 0 0 2 0 27 227642 299762 256352 54946 572090 154422 140948 326462 541290 314884 263712 287328 74438 336590 377456 325104 293842 310624 275598 284580 2073600 2073600 3 1 322574 990720 993600 82185 81714 83238 75437 1 1 1 1 23 5 5 5 5 
[ 9422.855857] MESSAGE_B= 5 5 5 7 0 27 192 0 248 179 0 1569 1662 1667 1562 1619 1713 1708 1587 313 282 257 243 296 275 258 227 0 1 129 171 120 161 240 252 247 173 0 0 0 2 0 0 0 2 0 27 154796 74712 256352 54946 572090 154422 140948 326462 541290 314884 263712 287328 74438 336590 377456 325104 293842 310624 275598 284580 2073600 2073600 6 1 315827 994560 993600 80866 80131 82076 72754 1 1 1 1 35 5 5 5 5 
[ 9423.134499] MESSAGE_B= 0 5 5 7 0 28 192 0 248 179 0 1576 1678 1649 1563 1640 1722 1683 1589 285 282 272 251 313 299 269 255 0 1 132 166 140 166 234 250 250 213 0 0 0 2 0 0 0 2 0 28 230468 365016 256352 54946 572090 154422 140948 326462 541290 314884 263712 287328 74438 336590 377456 325104 293842 310624 275598 284580 2073600 2073600 3 1 315689 990720 993600 80737 80015 81844 73093 1 1 1 1 61 5 5 5 5 
[ 9423.412862] MESSAGE_B= 5 5 5 7 0 34 192 0 248 179 0 1590 1692 1605 1586 1633 1742 1635 1598 303 260 307 228 286 249 325 235 0 1 118 137 133 141 216 247 251 200 0 0 0 2 0 0 0 2 0 34 165024 70334 256352 54946 572090 154422 140948 326462 541290 314884 263712 287328 74438 336590 377456 325104 293842 310624 275598 284580 2073600 2073600 6 1 322882 994560 993600 81870 81746 82802 76464 1 1 1 1 86 5 5 5 5 
[ 9423.691874] MESSAGE_B= 0 5 5 29 1 11 192 0 248 179 0 1851 1717 1691 1658 1954 1775 1717 1669 239 256 300 310 278 260 320 326 0 31 87 149 82 153 251 254 255 254 0 0 0 0 0 0 0 0 1 11 228738 354100 256352 54946 572090 154422 140948 326462 541290 314884 263712 287328 74438 336590 377456 325104 293842 310624 275598 284580 2073600 2073600 3 0 150734 990720 993600 34839 40273 35973 39649 0 0 0 0 86 5 5 5 5 
[ 9423.969853] MESSAGE_B= 5 5 5 31 2 10 192 0 248 179 0 1874 1687 1670 1607 1976 1738 1696 1611 223 246 281 263 268 253 297 270 0 31 76 141 76 132 254 254 254 253 0 0 0 0 0 0 0 0 2 10 258636 54644 256352 54946 572090 154422 140948 326462 541290 314884 263712 287328 74438 336590 377456 325104 293842 310624 275598 284580 2073600 2073600 6 0 231562 994560 993600 56974 57157 56551 60880 0 0 0 0 81 5 5 5 5 
[ 9424.248850] MESSAGE_B= 5 5 5 28 2 11 192 0 248 179 0 1871 1668 1691 1625 1968 1715 1721 1637 230 233 297 285 274 236 317 300 0 31 80 149 82 144 253 253 255 255 0 0 0 0 0 0 0 0 2 11 261232 93462 256352 54946 572090 154422 140948 326462 541290 314884 263712 287328 74438 336590 377456 325104 293842 310624 275598 284580 2073600 2073600 6 0 230485 990720 993600 54539 60038 52636 63272 0 0 0 0 92 5 5 5 5 
[ 9424.404855] MESSAGE_B= 5 5 5 29 2 12 192 0 248 179 0 1875 1699 1702 1645 1973 1748 1729 1647 225 227 306 290 271 224 327 299 0 31 43 159 44 155 252 253 255 254 0 0 0 0 0 0 0 0 2 12 220940 64732 95214 37778 29874 274074 244466 376432 143792 117786 86102 420422 110118 330986 299682 299156 189946 268344 314050 402266 2073600 2073600 6 0 229640 994560 993600 55929 58184 54241 61286 0 0 0 0 92 5 5 5 5 
[ 9424.691874] MESSAGE_B= 5 5 5 27 1 13 192 0 248 179 0 1876 1652 1713 1607 1972 1699 1739 1616 233 203 314 248 271 203 338 255 0 31 51 128 53 130 251 252 255 253 0 0 0 0 0 0 0 0 1 13 210284 82554 95214 37778 29874 274074 244466 376432 143792 117786 86102 420422 110118 330986 299682 299156 189946 268344 314050 402266 2073600 2073600 6 0 233849 990720 993600 60012 55366 59241 59230 0 0 0 0 78 5 5 5 5 
[ 9424.971075] MESSAGE_B= 5 5 5 27 1 13 192 0 248 179 0 1893 1721 1725 1636 1999 1763 1746 1643 239 189 334 276 278 196 354 295 0 31 5 148 16 154 252 252 255 254 0 0 0 0 0 0 0 0 1 13 218344 61838 95214 37778 29874 274074 244466 376432 143792 117786 86102 420422 110118 330986 299682 299156 189946 268344 314050 402266 2073600 2073600 6 0 236745 994560 993600 59772 57368 59487 60118 0 0 0 0 82 5 5 5 5 
[ 9425.256852] MESSAGE_B= 5 5 5 29 1 13 192 0 248 179 0 1886 1732 1720 1593 1989 1777 1745 1604 235 184 329 260 278 198 346 274 0 31 24 110 35 118 253 253 255 253 0 0 0 0 0 0 0 0 1 13 221446 89550 95214 37778 29874 274074 244466 376432 143792 117786 86102 420422 110118 330986 299682 299156 189946 268344 314050 402266 2073600 2073600 6 0 242249 990720 993600 61727 58309 61451 60762 0 0 0 0 82 5 5 5 5 
[ 9425.534380] MESSAGE_B= 5 5 5 28 1 13 192 0 248 179 0 2041 2135 1737 2472 1965 2083 1674 2412 429 427 599 604 407 393 568 571 0 0 34 168 38 177 250 254 254 248 2 2 0 2 0 0 0 0 1 13 234446 51662 95214 37778 29874 274074 244466 376432 143792 117786 86102 420422 110118 330986 299682 299156 189946 268344 314050 402266 2073600 2073600 6 0 347529 994560 993600 83699 90786 82474 90570 0 0 0 0 227 5 5 5 5 
[ 9425.692520] MESSAGE_B= 5 5 5 10 0 34 192 0 248 179 0 1978 2012 1796 2476 1936 1980 1752 2426 400 464 586 594 380 408 536 566 0 0 2 141 1 166 250 251 254 242 0 2 0 2 0 0 0 0 0 34 220220 83726 95214 37778 29874 274074 244466 376432 143792 117786 86102 420422 110118 330986 299682 299156 189946 268344 314050 402266 2073600 2073600 6 0 364126 990720 993600 85877 97257 84485 96507 0 0 0 0 227 5 5 5 5 
[ 9425.975643] MESSAGE_B= 5 5 5 9 0 35 192 0 248 179 0 1999 1877 1783 2483 1927 1836 1734 2426 442 378 624 584 423 328 587 567 0 0 5 135 3 150 252 247 253 240 0 2 0 2 0 0 0 0 0 35 256250 105156 95214 37778 29874 274074 244466 376432 143792 117786 86102 420422 110118 330986 299682 299156 189946 268344 314050 402266 2073600 2073600 6 0 369081 994560 993600 87284 98442 85197 98158 0 0 0 0 227 5 5 5 5 
[ 9426.256450] MESSAGE_B= 5 5 5 8 1 24 192 0 248 179 0 1884 1830 1696 2444 1843 1861 1676 2379 465 294 668 599 430 255 635 565 0 0 18 105 10 102 253 240 254 239 2 2 2 2 0 0 0 0 1 24 256964 88508 95214 37778 29874 274074 244466 376432 143792 117786 86102 420422 110118 330986 299682 299156 189946 268344 314050 402266 2073600 2073600 6 0 367700 990720 993600 86719 98097 85891 96993 0 0 0 0 77 5 5 5 5 
[ 9426.544842] MESSAGE_B= 5 5 5 8 0 21 192 0 248 179 0 1861 2010 1696 2393 1852 1984 1673 2354 440 300 632 606 408 276 596 563 0 0 18 141 32 156 253 252 254 239 0 2 0 2 0 0 0 0 0 21 296922 131994 95214 37778 29874 274074 244466 376432 143792 117786 86102 420422 110118 330986 299682 299156 189946 268344 314050 402266 2073600 2073600 6 0 360811 994560 993600 87142 94416 85552 93701 0 0 0 0 79 5 5 5 5 
[ 9426.821872] MESSAGE_B= 5 5 5 9 1 21 192 0 248 179 0 1869 2016 1647 2390 1864 1957 1608 2343 461 299 614 597 411 267 581 567 0 0 52 132 51 162 254 251 254 229 0 2 0 2 0 0 0 0 1 21 307358 86698 179562 322426 76666 108456 141888 124260 140634 199094 181630 446236 199838 146742 413498 455230 458364 235372 447466 477400 2073600 2073600 6 0 361931 990720 993600 88380 93651 86469 93431 0 0 0 0 79 5 5 5 5 
[ 9427.099869] MESSAGE_B= 5 5 5 7 1 23 192 0 248 179 0 1860 1965 1622 2388 1840 1947 1610 2359 470 285 545 609 433 253 518 558 0 0 42 141 52 162 253 227 254 237 0 2 0 2 0 0 0 0 1 23 283882 139738 179562 322426 76666 108456 141888 124260 140634 199094 181630 446236 199838 146742 413498 455230 458364 235372 447466 477400 2073600 2073600 6 0 362927 994560 993600 89773 93034 87651 92469 0 0 0 0 62 5 5 5 5 
[ 9427.386693] MESSAGE_B= 5 5 5 8 0 22 192 0 248 179 0 1833 2009 1731 2167 1808 2025 1689 2068 449 336 560 696 402 320 539 715 0 0 19 27 23 42 250 242 253 243 2 2 2 2 0 0 0 0 0 22 294742 79428 179562 322426 76666 108456 141888 124260 140634 199094 181630 446236 199838 146742 413498 455230 458364 235372 447466 477400 2073600 2073600 6 0 345531 990720 993600 88967 85408 86479 84677 0 0 0 0 88 5 5 5 5 
[ 9427.543843] MESSAGE_B= 5 5 5 8 0 19 192 0 248 179 0 1844 1919 1788 1891 1797 1944 1728 1816 445 348 603 768 411 323 574 764 0 0 2 58 11 71 252 251 252 247 2 2 2 2 0 0 0 0 0 19 279196 130602 179562 322426 76666 108456 141888 124260 140634 199094 181630 446236 199838 146742 413498 455230 458364 235372 447466 477400 2073600 2073600 6 0 344665 994560 993600 87058 86273 85962 85372 0 0 0 0 88 5 5 5 5 
[ 9427.828921] MESSAGE_B= 5 5 5 9 1 19 192 0 248 179 0 1880 1651 1751 2040 1818 1663 1690 1945 506 362 613 744 475 344 591 724 0 0 4 146 12 132 251 252 252 249 2 2 2 2 0 0 0 0 1 19 242096 70994 179562 322426 76666 108456 141888 124260 140634 199094 181630 446236 199838 146742 413498 455230 458364 235372 447466 477400 2073600 2073600 6 0 349655 990720 993600 86013 90096 84783 88763 0 0 0 0 88 5 5 5 5 
[ 9428.109843] MESSAGE_B= 5 5 5 8 1 16 192 0 248 179 0 1915 1426 1857 1670 1890 1450 1813 1634 513 396 666 798 460 383 598 761 0 0 64 188 63 184 252 251 252 253 2 0 2 0 0 0 0 0 1 16 266438 124216 179562 322426 76666 108456 141888 124260 140634 199094 181630 446236 199838 146742 413498 455230 458364 235372 447466 477400 2073600 2073600 6 0 345157 994560 993600 85895 87760 84411 87091 0 0 0 0 58 5 5 5 5 
[ 9428.386852] MESSAGE_B= 5 5 5 12 1 36 192 0 248 179 0 1496 1474 1577 1583 1510 1461 1527 1546 760 410 496 864 734 386 479 838 0 31 152 112 151 108 255 255 255 255 0 0 0 0 0 0 0 0 1 36 241254 60890 179562 322426 76666 108456 141888 124260 140634 199094 181630 446236 199838 146742 413498 455230 458364 235372 447466 477400 2073600 2073600 6 0 228707 990720 993600 62159 55881 55685 54982 0 0 0 0 74 5 5 5 5 
[ 9428.673076] MESSAGE_B= 5 5 5 21 0 39 192 0 248 179 0 1492 1461 1542 1576 1511 1452 1498 1539 811 453 468 860 783 437 448 836 0 31 122 90 121 89 255 255 255 255 0 0 0 0 0 0 0 0 0 39 240202 135640 179562 322426 76666 108456 141888 124260 140634 199094 181630 446236 199838 146742 413498 455230 458364 235372 447466 477400 2073600 2073600 6 0 225347 994560 993600 61218 55660 53957 54512 0 0 0 0 74 5 5 5 5 
[ 9428.950859] MESSAGE_B= 5 5 5 22 1 34 192 0 248 179 0 1474 1457 1498 1570 1493 1445 1458 1535 823 377 443 858 795 355 423 832 0 31 129 126 126 123 255 255 255 255 0 0 0 0 0 0 0 0 1 34 242742 134284 179562 322426 76666 108456 141888 124260 140634 199094 181630 446236 199838 146742 413498 455230 458364 235372 447466 477400 2073600 2073600 6 0 220602 990720 993600 60048 53619 53780 53155 0 0 0 0 50 5 5 5 5 
[ 9429.228845] MESSAGE_B= 5 5 5 21 1 35 192 0 248 179 0 1465 1461 1449 1565 1484 1437 1404 1526 823 386 402 854 797 360 388 831 0 31 108 127 108 123 255 255 255 255 0 0 0 0 0 0 0 0 1 35 192024 100588 179596 368670 41978 201944 108740 188748 140002 265698 108148 281532 233710 295002 382768 346874 505992 354970 313778 258066 2073600 2073600 6 0 220710 994560 993600 60198 53692 53480 53340 0 0 0 0 40 5 5 5 5 
[ 9429.515869] MESSAGE_B= 5 5 5 21 2 33 192 0 248 179 0 1487 1472 1451 1563 1508 1446 1403 1526 811 397 408 852 784 367 392 829 0 31 122 116 122 105 255 255 255 255 0 0 0 0 0 0 0 0 2 33 261052 159482 179596 368670 41978 201944 108740 188748 140002 265698 108148 281532 233710 295002 382768 346874 505992 354970 313778 258066 2073600 2073600 6 0 231633 990720 993600 64240 55655 57649 54089 0 0 0 0 35 5 5 5 5 
[ 9429.672857] MESSAGE_B= 5 5 5 20 2 35 192 0 248 179 0 1478 1480 1425 1540 1501 1452 1378 1503 801 399 407 846 773 370 391 824 0 31 126 116 126 108 255 255 255 255 0 0 0 0 0 0 0 0 2 35 207970 81212 179596 368670 41978 201944 108740 188748 140002 265698 108148 281532 233710 295002 382768 346874 505992 354970 313778 258066 2073600 2073600 6 0 230282 994560 993600 64397 54792 57642 53451 0 0 0 0 50 5 5 5 5 
[ 9429.952858] MESSAGE_B= 5 5 5 20 2 41 192 0 248 179 0 1377 1416 1372 1429 1409 1397 1325 1397 746 390 454 813 714 375 437 791 0 31 126 100 129 95 255 255 255 255 0 0 0 0 0 0 0 0 2 41 285430 141844 179596 368670 41978 201944 108740 188748 140002 265698 108148 281532 233710 295002 382768 346874 505992 354970 313778 258066 2073600 2073600 6 0 214439 990720 993600 63003 50472 53116 47848 0 0 0 0 72 5 5 5 5 
[ 9430.230860] MESSAGE_B= 5 5 5 21 2 57 192 0 248 179 0 1277 1340 1325 1373 1311 1317 1265 1344 720 398 472 775 690 381 449 756 0 31 124 82 126 82 255 255 255 255 0 0 0 0 0 0 0 0 2 57 236488 86652 179596 368670 41978 201944 108740 188748 140002 265698 108148 281532 233710 295002 382768 346874 505992 354970 313778 258066 2073600 2073600 6 0 194069 994560 993600 57147 45992 46668 44262 0 0 0 0 72 5 5 5 5 
[ 9430.516846] MESSAGE_B= 5 5 5 15 0 42 192 0 248 179 0 1241 1549 1672 1912 1264 1254 1592 1600 279 575 325 636 312 116 281 339 0 0 42 186 88 26 254 240 187 245 2 2 0 0 0 0 2 2 0 42 297364 131978 179596 368670 41978 201944 108740 188748 140002 265698 108148 281532 233710 295002 382768 346874 505992 354970 313778 258066 2073600 2073600 6 0 285163 990720 993600 59467 76857 62822 86017 0 0 0 0 99 5 5 5 5 
[ 9430.803855] MESSAGE_B= 5 5 5 15 0 37 192 0 248 179 0 1326 1401 1643 1861 1374 1151 1562 1564 317 545 319 629 362 183 301 349 0 0 59 183 76 38 254 250 204 245 0 2 0 2 0 0 0 2 0 37 336192 111822 179596 368670 41978 201944 108740 188748 140002 265698 108148 281532 233710 295002 382768 346874 505992 354970 313778 258066 2073600 2073600 6 0 277610 994560 993600 58456 75557 61354 82243 0 0 0 0 99 5 5 5 5 
[ 9431.082861] MESSAGE_B= 0 5 5 15 0 31 192 0 248 179 0 1437 1247 1588 1749 1496 1138 1548 1575 380 364 364 539 428 213 294 372 0 0 96 140 106 42 253 253 254 246 2 2 0 2 0 0 0 2 0 31 326488 328446 179596 368670 41978 201944 108740 188748 140002 265698 108148 281532 233710 295002 382768 346874 505992 354970 313778 258066 2073600 2073600 3 0 275964 990720 993600 58401 74993 61969 80601 0 0 0 0 99 5 5 5 5 
[ 9431.244854] MESSAGE_B= 5 5 5 16 0 30 192 0 248 179 0 1458 1267 1572 1754 1507 1153 1527 1571 367 411 372 558 413 230 302 371 0 0 84 143 101 35 253 252 252 247 2 2 0 2 0 0 0 2 0 30 268366 114576 179596 368670 41978 201944 108740 188748 140002 265698 108148 281532 233710 295002 382768 346874 505992 354970 313778 258066 2073600 2073600 6 0 275847 994560 993600 58854 74399 62929 79665 0 0 0 0 99 5 5 5 5 
[ 9431.530625] MESSAGE_B= 0 0 5 16 1 27 192 0 248 179 0 1439 1491 1657 1990 1495 1158 1504 1561 360 679 515 699 414 257 299 369 0 0 84 166 108 28 252 254 254 249 2 2 0 0 0 0 2 2 1 27 231944 315764 257056 178194 59118 189220 165374 160436 181016 339478 243204 381882 332842 271678 449984 398086 680856 570668 364090 374188 2073600 2073600 3 0 270996 990720 993600 59240 69952 63196 78608 0 0 0 0 88 0 0 0 0 
[ 9431.807869] MESSAGE_B= 5 5 5 15 0 25 192 0 248 179 0 2055 1816 2161 2210 2135 1837 2203 2244 730 759 701 693 776 822 758 752 0 31 202 199 203 202 255 255 255 255 0 0 0 0 0 0 0 0 0 25 211296 118420 257056 178194 59118 189220 165374 160436 181016 339478 243204 381882 332842 271678 449984 398086 680856 570668 364090 374188 2073600 2073600 6 1 201898 994560 993600 41078 68914 42856 49050 1 1 1 1 75 5 5 5 5 
[ 9432.049853] MESSAGE_B= 0 5 5 15 0 24 192 0 248 179 0 1478 1237 1556 1737 1537 1163 1493 1578 404 363 387 539 454 250 289 378 0 0 78 100 113 28 254 252 252 247 0 2 0 2 0 0 0 2 0 24 208350 327890 257056 178194 59118 189220 165374 160436 181016 339478 243204 381882 332842 271678 449984 398086 680856 570668 364090 374188 2073600 2073600 3 0 284334 990720 993600 61527 76348 65212 81247 0 0 0 0 74 5 5 5 5 
