[ 9109.039856] MESSAGE_B= 4 4 0 0 56 1 192 0 248 179 0 2004 1190 1995 1173 1708 807 1718 804 216 306 212 304 79 96 76 100 0 31 255 255 255 255 162 111 159 97 0 0 0 0 0 0 0 0 56 1 12770 389990 117330 40846 103258 105490 103650 91182 129920 109782 121576 2 107410 113966 123940 120946 116174 149256 129892 117792 2073600 2073600 5 6 125040 990720 993600 38349 38628 31329 30413 6 6 4 4 82 4 4 4 4 
[ 9109.319857] MESSAGE_B= 4 4 4 0 66 1 192 0 248 179 0 1977 1159 1968 1148 1772 807 1779 804 206 323 194 318 77 91 73 89 0 31 255 255 255 255 3 49 26 23 0 0 0 0 0 0 0 0 66 1 17496 337780 117330 40846 103258 105490 103650 91182 129920 109782 121576 2 107410 113966 123940 120946 116174 149256 129892 117792 2073600 2073600 4 6 128611 994560 993600 39056 39605 30915 30779 6 6 4 4 78 4 4 4 4 
[ 9109.596859] MESSAGE_B= 0 4 4 0 59 1 192 0 248 179 0 2035 1184 2024 1173 1759 855 1767 848 197 333 192 330 107 99 100 91 0 31 255 255 255 255 132 162 162 158 0 0 0 0 0 0 0 0 59 1 9932 355580 117330 40846 103258 105490 103650 91182 129920 109782 121576 2 107410 113966 123940 120946 116174 149256 129892 117792 2073600 2073600 2 6 134842 990720 993600 40794 40545 29842 30425 5 5 6 6 77 4 4 4 4 
[ 9109.758866] MESSAGE_B= 4 4 4 0 112 1 192 0 248 179 0 1860 1150 1856 1139 2183 787 2189 781 88 230 73 231 161 105 157 104 0 31 255 255 255 255 66 226 110 221 0 0 0 0 0 0 0 0 112 1 12554 309768 461754 4098 2 2 1011028 646152 641350 407908 585166 16612 13070 2 2 51830 12786 13182 14504 16024 2073600 2073600 5 6 150455 994560 993600 47957 47714 31254 31163 6 6 4 4 77 4 4 4 4 
[ 9110.036849] MESSAGE_B= 4 4 4 0 84 1 192 0 248 179 0 2386 1140 2394 1135 2082 827 2066 818 280 151 282 147 590 102 592 100 0 31 255 255 255 255 239 105 236 95 0 0 0 0 0 0 0 0 84 1 12112 296036 461754 4098 2 2 1011028 646152 641350 407908 585166 16612 13070 2 2 51830 12786 13182 14504 16024 2073600 2073600 5 6 148742 990720 993600 54793 54532 33344 33001 6 6 4 4 97 4 4 4 4 
[ 9110.319862] MESSAGE_B= 4 4 4 0 41 1 192 0 248 179 0 2615 1117 2604 1107 1749 881 1738 874 182 206 177 206 293 91 283 91 0 31 255 255 255 255 183 73 194 75 0 0 0 0 0 0 0 0 41 1 14590 545870 461754 4098 2 2 1011028 646152 641350 407908 585166 16612 13070 2 2 51830 12786 13182 14504 16024 2073600 2073600 4 6 141947 994560 993600 44425 42100 35199 35602 6 6 4 4 97 4 4 4 4 
[ 9110.594858] MESSAGE_B= 0 4 4 0 41 1 192 0 248 179 0 2427 1540 2411 1531 1858 904 1839 905 99 131 103 138 132 105 116 111 0 31 255 255 255 255 49 86 30 92 0 0 0 0 0 0 0 0 41 1 13792 424752 461754 4098 2 2 1011028 646152 641350 407908 585166 16612 13070 2 2 51830 12786 13182 14504 16024 2073600 2073600 2 6 153426 990720 993600 42052 41713 34523 35138 6 6 6 6 87 4 4 4 4 
[ 9110.869858] MESSAGE_B= 4 4 4 0 48 1 192 0 248 179 0 2430 1358 2413 1349 1862 980 1854 974 175 230 175 231 63 146 73 144 0 31 255 255 255 255 77 168 74 168 0 0 0 0 0 0 0 0 48 1 18330 472072 461754 4098 2 2 1011028 646152 641350 407908 585166 16612 13070 2 2 51830 12786 13182 14504 16024 2073600 2073600 4 6 152381 994560 993600 40588 40933 41797 41567 5 5 6 6 87 4 4 4 4 
[ 9111.144873] MESSAGE_B= 0 4 4 0 41 1 192 0 248 179 0 2487 1253 2470 1249 1803 916 1795 905 167 174 174 173 56 84 72 85 0 31 255 255 255 255 100 162 53 169 0 0 0 0 0 0 0 0 41 1 14172 494036 461754 4098 2 2 1011028 646152 641350 407908 585166 16612 13070 2 2 51830 12786 13182 14504 16024 2073600 2073600 2 6 146680 990720 993600 34889 34538 38357 39293 5 5 6 6 72 4 4 4 4 
[ 9111.420086] MESSAGE_B= 4 4 4 0 37 1 192 0 248 179 0 2540 1203 2524 1200 1838 956 1827 944 127 197 125 199 99 62 89 62 0 31 255 255 255 255 8 43 43 63 0 0 0 0 0 0 0 0 37 1 15562 448868 461754 4098 2 2 1011028 646152 641350 407908 585166 16612 13070 2 2 51830 12786 13182 14504 16024 2073600 2073600 4 6 142056 994560 993600 35656 36128 37400 37111 6 6 4 4 58 4 4 4 4 
[ 9111.694862] MESSAGE_B= 0 4 4 0 52 1 192 0 248 179 0 2609 1094 2595 1094 1902 902 1894 888 188 159 195 160 110 87 103 96 0 31 255 255 255 255 80 165 91 169 0 0 0 0 0 0 0 0 52 1 13012 432240 461754 4098 2 2 1011028 646152 641350 407908 585166 16612 13070 2 2 51830 12786 13182 14504 16024 2073600 2073600 2 6 138893 990720 993600 31481 32200 37838 37374 6 6 6 6 62 4 4 4 4 
[ 9111.972863] MESSAGE_B= 4 4 4 2 37 1 192 0 248 179 0 1814 985 1819 994 1768 987 1780 993 84 67 90 75 202 109 200 108 0 31 255 245 255 252 85 121 58 133 0 0 0 0 0 0 0 0 37 1 15212 389654 461754 4098 2 2 1011028 646152 641350 407908 585166 16612 13070 2 2 51830 12786 13182 14504 16024 2073600 2073600 4 6 129825 994560 993600 37084 39641 28806 28662 6 6 4 4 86 4 4 4 4 
[ 9112.248853] MESSAGE_B= 0 4 4 2 31 1 192 0 248 179 0 1840 1010 1826 1027 1742 924 1751 932 194 70 187 76 186 78 183 81 0 31 255 244 255 248 83 27 69 21 0 0 0 0 0 0 0 0 31 1 12328 372516 462970 518862 458966 659664 678074 637230 485240 570512 549778 18420 11994 8806 20490 24906 14898 18978 17408 21246 2073600 2073600 2 6 129161 990720 993600 35197 34093 31361 32175 5 5 6 6 86 4 4 4 4 
[ 9112.407677] MESSAGE_B= 4 4 4 2 28 1 192 0 248 179 0 1798 1080 1777 1096 1679 904 1681 912 205 135 209 123 192 94 195 93 0 31 255 247 255 253 37 86 28 92 0 0 0 0 0 0 0 0 28 1 14666 331744 462970 518862 458966 659664 678074 637230 485240 570512 549778 18420 11994 8806 20490 24906 14898 18978 17408 21246 2073600 2073600 4 6 128729 994560 993600 34453 33847 33173 33716 5 5 6 6 88 4 4 4 4 
[ 9112.703147] MESSAGE_B= 0 4 4 3 34 1 192 0 248 179 0 1746 1213 1754 1230 1292 942 1293 952 167 151 174 161 398 102 398 108 0 31 255 254 255 253 147 83 156 117 0 0 0 0 0 0 0 0 34 1 13814 250786 462970 518862 458966 659664 678074 637230 485240 570512 549778 18420 11994 8806 20490 24906 14898 18978 17408 21246 2073600 2073600 2 6 144204 990720 993600 38123 38278 44123 44502 5 5 6 6 96 4 4 4 4 
[ 9112.980894] MESSAGE_B= 4 4 4 3 20 3 192 0 248 179 0 1703 1316 1678 1340 1148 1061 1150 1072 253 133 266 143 178 91 183 94 0 31 255 254 253 252 32 65 28 87 0 0 0 0 0 0 0 0 20 3 13714 303670 462970 518862 458966 659664 678074 637230 485240 570512 549778 18420 11994 8806 20490 24906 14898 18978 17408 21246 2073600 2073600 5 6 179472 994560 993600 42512 43154 57348 57415 5 5 6 6 108 4 4 4 4 
[ 9113.256856] MESSAGE_B= 4 4 4 4 19 2 192 0 248 179 0 1357 1420 1340 1459 1061 1155 1071 1174 89 131 92 147 137 181 131 179 0 31 245 255 255 255 7 135 0 141 0 0 0 0 0 0 0 0 19 2 12256 442696 462970 518862 458966 659664 678074 637230 485240 570512 549778 18420 11994 8806 20490 24906 14898 18978 17408 21246 2073600 2073600 5 6 210581 990720 993600 59785 58831 45567 46398 6 6 6 6 108 4 4 4 4 
[ 9113.534857] MESSAGE_B= 4 4 4 5 27 1 192 0 248 179 0 1223 1281 1220 1331 1155 1023 1158 1043 322 210 307 225 229 209 214 219 0 6 252 239 251 242 99 3 94 16 0 0 0 0 0 0 0 0 27 1 26022 420864 462970 518862 458966 659664 678074 637230 485240 570512 549778 18420 11994 8806 20490 24906 14898 18978 17408 21246 2073600 2073600 4 6 250218 994560 993600 69929 67676 56198 56415 6 6 6 6 108 4 4 4 4 
[ 9113.811856] MESSAGE_B= 4 4 4 5 32 2 192 0 248 179 0 1097 1426 1111 1374 923 1392 930 1437 344 289 344 292 262 161 271 181 0 6 253 226 255 247 30 60 37 92 0 0 0 0 0 0 0 0 32 2 16874 270460 462970 518862 458966 659664 678074 637230 485240 570512 549778 18420 11994 8806 20490 24906 14898 18978 17408 21246 2073600 2073600 4 6 272022 990720 993600 83685 83120 52237 52980 6 6 6 6 103 4 4 4 4 
[ 9114.091282] MESSAGE_B= 4 4 4 2 42 2 192 0 248 179 0 1379 900 1414 830 934 1844 948 1821 158 318 175 291 245 135 227 166 0 6 221 228 247 240 105 60 128 97 0 0 0 0 0 0 0 0 42 2 27656 411676 462970 518862 458966 659664 678074 637230 485240 570512 549778 18420 11994 8806 20490 24906 14898 18978 17408 21246 2073600 2073600 4 6 343804 994560 993600 97457 97662 73836 74849 6 6 6 6 102 4 4 4 4 
[ 9114.246954] MESSAGE_B= 4 4 4 2 35 2 192 0 248 179 0 1320 832 1340 817 904 1290 896 1293 349 232 345 209 203 291 202 283 0 6 251 233 252 251 104 93 115 117 0 0 0 0 0 0 0 0 35 2 19644 369542 462970 518862 458966 659664 678074 637230 485240 570512 549778 18420 11994 8806 20490 24906 14898 18978 17408 21246 2073600 2073600 4 6 341650 990720 993600 100044 98262 71813 71531 6 6 6 6 102 4 4 4 4 
[ 9114.524851] MESSAGE_B= 4 4 4 2 70 1 192 0 248 179 0 1777 1592 1761 1594 923 957 913 958 255 847 277 874 255 179 258 171 0 6 248 251 250 233 23 173 21 175 0 0 0 0 0 0 0 0 70 1 32344 444504 618734 294406 773854 676370 666924 476970 439532 561660 421436 19090 17494 7814 18514 22116 34700 29826 25334 30998 2073600 2073600 4 6 352543 994560 993600 95811 95401 81383 79948 6 6 6 6 93 4 4 4 4 
[ 9114.800851] MESSAGE_B= 4 4 4 1 71 1 192 0 248 179 0 1940 2193 1951 2166 1064 951 1067 959 163 877 173 891 439 176 449 184 0 6 241 250 251 239 130 186 161 168 0 0 0 0 0 0 0 0 71 1 17236 317152 618734 294406 773854 676370 666924 476970 439532 561660 421436 19090 17494 7814 18514 22116 34700 29826 25334 30998 2073600 2073600 4 6 369679 990720 993600 101258 101213 84242 82966 6 6 6 6 89 4 4 4 4 
[ 9114.959897] MESSAGE_B= 4 4 4 1 77 1 192 0 248 179 0 2038 2357 2055 2331 1159 940 1148 960 236 674 262 679 478 118 475 123 0 6 249 247 253 236 168 111 182 109 0 0 0 0 0 2 0 2 77 1 17236 317152 618734 294406 773854 676370 666924 476970 439532 561660 421436 19090 17494 7814 18514 22116 34700 29826 25334 30998 2073600 2073600 4 6 364504 990720 993600 102835 103861 79082 78726 6 6 6 6 82 4 4 4 4 
[ 9115.115924] MESSAGE_B= 4 4 4 1 93 1 192 0 248 179 0 2362 2370 2413 2187 1194 962 1208 973 450 581 483 679 481 140 481 145 0 6 251 221 253 240 222 4 227 56 0 0 0 0 0 2 0 2 93 1 17236 317152 618734 294406 773854 676370 666924 476970 439532 561660 421436 19090 17494 7814 18514 22116 34700 29826 25334 30998 2073600 2073600 4 6 350905 990720 993600 102855 103462 72801 71787 6 6 6 6 67 4 4 4 4 
[ 9115.271860] MESSAGE_B= 4 4 4 1 100 1 192 0 248 179 0 2597 1850 2676 1667 1252 948 1246 960 476 346 481 504 479 174 474 182 0 6 251 188 253 246 219 57 209 133 0 0 0 0 0 2 0 2 100 1 26298 764248 618734 294406 773854 676370 666924 476970 439532 561660 421436 19090 17494 7814 18514 22116 34700 29826 25334 30998 2073600 2073600 4 6 321144 994560 993600 98676 97543 62625 62300 6 6 6 6 67 4 4 4 4 
[ 9115.427864] MESSAGE_B= 4 4 4 1 30 1 192 0 248 179 0 1307 2264 1304 2270 1631 1848 1631 1850 312 210 314 214 321 207 317 208 0 5 255 250 255 243 230 65 228 57 0 0 0 0 0 0 0 0 30 1 26298 764248 618734 294406 773854 676370 666924 476970 439532 561660 421436 19090 17494 7814 18514 22116 34700 29826 25334 30998 2073600 2073600 4 5 205860 994560 993600 45389 46161 69745 68393 6 6 5 5 67 4 4 4 4 
[ 9115.927856] MESSAGE_B= 0 4 4 0 29 1 192 0 248 179 0 1360 2207 1357 2192 1618 1776 1626 1779 297 200 298 192 332 245 326 242 0 5 255 251 255 248 228 106 231 108 0 0 0 0 0 0 0 0 29 1 5786 390578 618734 294406 773854 676370 666924 476970 439532 561660 421436 19090 17494 7814 18514 22116 34700 29826 25334 30998 2073600 2073600 2 5 198524 990720 993600 47172 48528 67017 65789 6 6 5 5 43 4 4 4 4 
[ 9116.206853] MESSAGE_B= 4 4 4 0 24 1 192 0 248 179 0 1415 2137 1411 2129 1611 1759 1612 1758 291 166 294 168 331 273 329 277 0 5 255 249 255 251 219 110 222 92 0 0 0 0 0 0 0 0 24 1 6176 332986 618734 294406 773854 676370 666924 476970 439532 561660 421436 19090 17494 7814 18514 22116 34700 29826 25334 30998 2073600 2073600 5 5 196802 994560 993600 49124 50063 66339 65311 6 6 5 5 56 4 4 4 4 
[ 9116.362855] MESSAGE_B= 4 4 4 0 21 1 192 0 248 179 0 1451 2114 1448 2105 1604 1748 1605 1741 289 170 286 162 334 286 331 279 0 5 255 249 255 251 211 102 214 103 0 0 0 0 0 0 0 0 21 1 6772 381800 618734 294406 773854 676370 666924 476970 439532 561660 421436 19090 17494 7814 18514 22116 34700 29826 25334 30998 2073600 2073600 5 5 194683 990720 993600 49500 50571 64897 64291 6 6 5 5 62 4 4 4 4 
[ 9116.649057] MESSAGE_B= 4 4 4 0 34 1 192 0 248 179 0 1422 1885 1421 1887 1516 1529 1518 1528 301 158 297 163 343 189 343 192 0 31 255 255 255 255 207 94 208 77 0 0 0 0 0 0 0 0 34 1 6512 340632 618734 294406 773854 676370 666924 476970 439532 561660 421436 19090 17494 7814 18514 22116 34700 29826 25334 30998 2073600 2073600 5 5 191795 994560 993600 51316 51987 63979 62745 6 6 5 5 68 4 4 4 4 
[ 9116.940169] MESSAGE_B= 4 4 4 0 26 1 192 0 248 179 0 1462 1850 1460 1852 1492 1546 1493 1545 311 144 312 138 326 203 327 200 0 31 255 255 255 255 202 8 202 18 0 0 0 0 0 0 0 0 26 1 6568 347764 417858 533518 886250 1233684 1320980 432406 494382 593550 414322 4792 18802 5990 33042 8646 8454 21640 18566 5908 2073600 2073600 5 5 193790 990720 993600 50970 52185 64497 63102 6 6 5 5 74 4 4 4 4 
[ 9117.221857] MESSAGE_B= 4 4 4 0 39 1 192 0 248 179 0 1493 1833 1492 1833 1455 1573 1456 1572 318 124 319 114 309 199 312 195 0 31 255 255 255 255 203 71 204 48 0 0 0 0 0 0 0 0 39 1 5626 361436 417858 533518 886250 1233684 1320980 432406 494382 593550 414322 4792 18802 5990 33042 8646 8454 21640 18566 5908 2073600 2073600 5 5 190239 994560 993600 53972 54591 62589 61561 6 6 5 5 77 4 4 4 4 
[ 9117.497850] MESSAGE_B= 4 4 4 0 39 1 192 0 248 179 0 1524 1839 1524 1840 1415 1607 1416 1604 320 128 321 125 294 173 291 181 0 31 255 255 255 255 212 150 212 155 0 0 0 0 0 0 0 0 39 1 6098 334156 417858 533518 886250 1233684 1320980 432406 494382 593550 414322 4792 18802 5990 33042 8646 8454 21640 18566 5908 2073600 2073600 5 5 186503 990720 993600 55978 56958 61294 60488 6 6 5 5 77 4 4 4 4 
[ 9117.773875] MESSAGE_B= 4 4 4 0 32 1 192 0 248 179 0 1551 1848 1550 1847 1380 1652 1380 1650 327 140 327 142 274 162 278 163 0 31 255 255 255 255 224 183 224 183 0 0 0 0 0 0 0 0 32 1 7480 379828 417858 533518 886250 1233684 1320980 432406 494382 593550 414322 4792 18802 5990 33042 8646 8454 21640 18566 5908 2073600 2073600 5 6 190684 994560 993600 59231 59700 61062 60840 6 6 5 5 76 4 4 4 4 
[ 9117.934862] MESSAGE_B= 4 4 4 0 32 1 192 0 248 179 0 1574 1862 1573 1863 1371 1692 1371 1688 323 162 326 162 262 161 259 165 0 31 255 255 255 255 230 179 231 182 0 0 0 0 0 0 0 0 32 1 5150 368726 417858 533518 886250 1233684 1320980 432406 494382 593550 414322 4792 18802 5990 33042 8646 8454 21640 18566 5908 2073600 2073600 5 6 201572 990720 993600 62130 62684 57979 57615 6 6 5 5 77 4 4 4 4 
[ 9118.214097] MESSAGE_B= 4 4 4 0 28 1 192 0 248 179 0 1282 1255 1291 1242 1361 1237 1360 1215 284 239 284 242 232 175 234 195 0 6 255 242 255 246 218 186 218 169 0 0 0 0 0 0 0 0 28 1 5726 349490 417858 533518 886250 1233684 1320980 432406 494382 593550 414322 4792 18802 5990 33042 8646 8454 21640 18566 5908 2073600 2073600 5 6 212541 994560 993600 65910 66452 57570 56100 6 6 5 5 78 4 4 4 4 
[ 9118.491856] MESSAGE_B= 4 4 4 0 26 1 192 0 248 179 0 1271 1267 1274 1250 1368 1243 1368 1236 257 212 257 224 213 162 214 176 0 6 255 247 255 244 206 157 205 158 0 0 0 0 0 0 0 0 26 1 6272 331770 417858 533518 886250 1233684 1320980 432406 494382 593550 414322 4792 18802 5990 33042 8646 8454 21640 18566 5908 2073600 2073600 5 6 218134 990720 993600 67374 67914 55166 54175 6 6 5 5 80 4 4 4 4 
[ 9118.771860] MESSAGE_B= 4 4 4 0 31 1 192 0 248 179 0 1252 1280 1253 1270 1374 1239 1375 1220 223 203 223 211 216 145 215 153 0 6 255 246 255 236 195 142 195 140 0 0 0 0 0 0 0 0 31 1 8552 335558 417858 533518 886250 1233684 1320980 432406 494382 593550 414322 4792 18802 5990 33042 8646 8454 21640 18566 5908 2073600 2073600 5 6 230379 994560 993600 70434 70766 51745 51951 6 6 5 5 80 4 4 4 4 
[ 9119.048849] MESSAGE_B= 4 4 4 0 37 1 192 0 248 179 0 1230 1302 1235 1293 1377 1220 1384 1200 185 217 179 233 235 153 233 168 0 6 255 248 255 227 159 120 158 117 0 0 0 0 0 0 0 0 37 1 7610 299814 417858 533518 886250 1233684 1320980 432406 494382 593550 414322 4792 18802 5990 33042 8646 8454 21640 18566 5908 2073600 2073600 5 6 253698 990720 993600 75709 76031 50479 51479 6 6 6 6 81 4 4 4 4 
[ 9119.327849] MESSAGE_B= 4 4 4 0 31 1 192 0 248 179 0 1208 1378 1208 1354 1360 1195 1365 1190 159 277 159 285 243 172 245 161 0 6 254 244 255 232 154 45 155 67 0 0 0 0 0 0 0 0 31 1 8150 303722 347160 340698 323902 408170 509994 410370 364838 327454 434720 3818 11134 7526 8308 9268 7644 21290 11674 9332 2073600 2073600 5 6 256739 994560 993600 76330 77507 50889 52013 6 6 6 6 81 4 4 4 4 
[ 9119.613968] MESSAGE_B= 4 4 4 0 34 1 192 0 248 179 0 1178 1416 1182 1417 1348 1171 1347 1143 144 249 142 265 210 168 216 177 0 6 253 246 255 233 116 35 111 49 0 0 0 0 0 0 0 0 34 1 7882 316820 347160 340698 323902 408170 509994 410370 364838 327454 434720 3818 11134 7526 8308 9268 7644 21290 11674 9332 2073600 2073600 5 6 270642 990720 993600 79730 80205 54834 55873 6 6 6 6 82 4 4 4 4 
[ 9119.773861] MESSAGE_B= 4 4 4 0 29 1 192 0 248 179 0 1169 1458 1169 1473 1326 1154 1328 1130 145 255 143 260 191 166 194 175 0 6 254 240 255 230 90 38 91 51 0 0 0 0 0 0 0 0 29 1 7008 343550 347160 340698 323902 408170 509994 410370 364838 327454 434720 3818 11134 7526 8308 9268 7644 21290 11674 9332 2073600 2073600 5 6 267240 994560 993600 78808 78765 54232 55435 6 6 6 6 82 4 4 4 4 
[ 9120.049874] MESSAGE_B= 4 4 4 0 39 1 192 0 248 179 0 1152 1568 1160 1567 1295 1113 1298 1097 151 244 142 261 155 153 156 152 0 6 248 238 255 221 35 60 31 101 0 0 0 0 2 0 2 0 39 1 5674 340808 347160 340698 323902 408170 509994 410370 364838 327454 434720 3818 11134 7526 8308 9268 7644 21290 11674 9332 2073600 2073600 5 6 282154 990720 993600 80515 80924 59967 60748 6 6 6 6 81 4 4 4 4 
[ 9120.325855] MESSAGE_B= 4 4 4 1 41 1 192 0 248 179 0 1182 1684 1198 1688 1279 1108 1283 1091 146 294 146 291 166 138 159 138 0 6 240 238 254 218 56 48 59 68 0 0 0 0 2 0 2 0 41 1 6926 390144 347160 340698 323902 408170 509994 410370 364838 327454 434720 3818 11134 7526 8308 9268 7644 21290 11674 9332 2073600 2073600 5 6 274251 994560 993600 76625 76662 60132 60832 6 6 6 6 81 4 4 4 4 
[ 9120.604860] MESSAGE_B= 4 4 4 3 35 1 192 0 248 179 0 1258 1822 1279 1807 1256 1153 1259 1143 148 307 139 320 168 155 168 159 0 6 221 240 253 240 6 28 54 51 0 0 0 0 2 2 2 2 35 1 5196 339122 347160 340698 323902 408170 509994 410370 364838 327454 434720 3818 11134 7526 8308 9268 7644 21290 11674 9332 2073600 2073600 5 6 270080 990720 993600 72326 72718 62034 63002 6 6 6 6 81 4 4 4 4 
[ 9120.886071] MESSAGE_B= 4 4 4 6 43 1 192 0 248 179 0 1342 1974 1378 1948 1235 1208 1241 1209 192 292 193 329 184 202 189 214 0 6 207 246 252 239 70 8 99 9 0 0 0 0 2 2 2 2 43 1 7440 462220 347160 340698 323902 408170 509994 410370 364838 327454 434720 3818 11134 7526 8308 9268 7644 21290 11674 9332 2073600 2073600 5 6 273225 994560 993600 67165 67400 69059 69601 6 6 6 6 81 4 4 4 4 
[ 9121.161856] MESSAGE_B= 4 4 4 10 70 0 192 0 248 179 0 1490 2197 1516 2190 1234 1373 1236 1341 298 135 287 141 227 336 228 316 0 6 230 237 254 244 183 83 196 69 0 0 0 0 2 2 2 2 70 0 5962 452044 347160 340698 323902 408170 509994 410370 364838 327454 434720 3818 11134 7526 8308 9268 7644 21290 11674 9332 2073600 2073600 5 6 259687 990720 993600 56776 56070 72893 73948 6 6 6 6 79 4 4 4 4 
[ 9121.438854] MESSAGE_B= 4 4 4 14 58 0 192 0 248 179 0 1544 2306 1575 2300 1273 1595 1270 1586 339 144 308 146 308 419 301 430 0 6 243 250 254 248 191 117 202 96 0 0 0 0 2 2 2 2 58 0 9016 559204 347160 340698 323902 408170 509994 410370 364838 327454 434720 3818 11134 7526 8308 9268 7644 21290 11674 9332 2073600 2073600 5 6 255649 994560 993600 49023 49203 78270 79153 6 6 6 6 79 4 4 4 4 
[ 9121.594855] MESSAGE_B= 4 4 4 18 62 0 192 0 248 179 0 1593 2366 1647 2371 1305 1721 1304 1743 318 138 282 137 392 423 388 449 0 6 242 249 255 244 163 94 160 99 0 0 0 0 2 2 2 2 62 0 6734 487530 862158 471890 352898 438248 623074 697488 303040 848790 902354 7204 3802 4518 6688 10324 8010 11448 14352 9706 2073600 2073600 5 6 252506 990720 993600 44549 43322 82134 82501 6 6 6 6 78 4 4 4 4 
[ 9121.874851] MESSAGE_B= 4 4 4 23 72 0 192 0 248 179 0 1677 2514 1714 2508 1302 2008 1326 2028 315 138 305 144 369 456 384 470 0 6 246 255 251 234 134 69 145 79 0 0 0 0 2 2 2 2 72 0 7662 569866 862158 471890 352898 438248 623074 697488 303040 848790 902354 7204 3802 4518 6688 10324 8010 11448 14352 9706 2073600 2073600 5 6 243630 994560 993600 36772 36163 85366 85329 6 6 6 6 78 4 4 4 4 
[ 9122.151866] MESSAGE_B= 4 4 4 29 91 0 192 0 248 179 0 1802 2582 1814 2578 1340 2411 1376 2430 411 143 389 134 298 407 318 431 0 6 252 255 249 232 129 70 146 90 0 0 0 0 2 2 2 2 91 0 8138 441378 862158 471890 352898 438248 623074 697488 303040 848790 902354 7204 3802 4518 6688 10324 8010 11448 14352 9706 2073600 2073600 5 6 230081 990720 993600 32092 32083 84207 84270 25 25 6 6 77 4 4 4 4 
[ 9122.429851] MESSAGE_B= 4 4 4 33 69 0 192 0 248 179 0 2032 2530 2037 2526 1396 2654 1456 2693 463 223 452 224 241 354 240 333 0 6 253 255 236 238 84 120 118 99 0 0 0 0 2 2 2 2 69 0 5330 504906 862158 471890 352898 438248 623074 697488 303040 848790 902354 7204 3802 4518 6688 10324 8010 11448 14352 9706 2073600 2073600 5 6 209198 994560 993600 34636 34591 78655 78540 25 25 6 6 77 4 4 4 4 
[ 9122.688863] MESSAGE_B= 4 4 4 38 79 0 192 0 248 179 0 2248 2430 2244 2430 1369 2908 1449 2887 505 303 511 304 218 241 189 298 0 6 255 255 215 238 27 54 51 44 0 0 0 0 2 2 2 2 79 0 7516 427394 862158 471890 352898 438248 623074 697488 303040 848790 902354 7204 3802 4518 6688 10324 8010 11448 14352 9706 2073600 2073600 5 6 194274 990720 993600 34289 34321 73833 73300 25 25 6 6 76 4 4 4 4 
[ 9122.969381] MESSAGE_B= 4 4 4 44 75 0 192 0 248 179 0 2473 2331 2472 2330 1388 3115 1470 3131 608 351 609 354 271 168 202 176 0 6 255 255 238 243 27 95 37 133 0 0 0 0 2 0 2 0 75 0 6348 332672 862158 471890 352898 438248 623074 697488 303040 848790 902354 7204 3802 4518 6688 10324 8010 11448 14352 9706 2073600 2073600 5 6 180404 994560 993600 33428 33499 66663 66406 25 25 6 6 76 4 4 4 4 
[ 9123.248846] MESSAGE_B= 4 4 4 50 72 0 192 0 248 179 0 2835 2287 2837 2286 2210 3037 2211 3034 522 316 522 317 143 123 142 117 0 31 255 255 255 255 172 16 168 15 0 0 0 0 0 0 0 0 72 0 7070 484418 862158 471890 352898 438248 623074 697488 303040 848790 902354 7204 3802 4518 6688 10324 8010 11448 14352 9706 2073600 2073600 5 6 151803 990720 993600 33838 34308 55607 54465 5 5 6 6 73 4 4 4 4 
[ 9123.524861] MESSAGE_B= 4 4 4 55 63 0 192 0 248 179 0 2950 2177 2953 2177 2168 3111 2169 3107 545 274 543 275 198 132 197 136 0 31 255 255 255 255 227 49 224 51 0 0 0 0 0 0 0 0 63 0 8172 317226 862158 471890 352898 438248 623074 697488 303040 848790 902354 7204 3802 4518 6688 10324 8010 11448 14352 9706 2073600 2073600 5 5 135737 994560 993600 40399 40139 47992 47302 5 5 6 6 71 4 4 4 4 
[ 9123.800863] MESSAGE_B= 4 4 4 60 67 0 192 0 248 179 0 3075 2051 3078 2052 2110 3177 2112 3174 533 145 528 150 229 175 229 172 0 31 255 255 255 255 234 32 237 37 0 0 0 0 0 0 0 0 67 0 7692 367718 862158 471890 352898 438248 623074 697488 303040 848790 902354 7204 3802 4518 6688 10324 8010 11448 14352 9706 2073600 2073600 5 5 137476 990720 993600 44171 44071 40210 39849 5 5 6 6 71 4 4 4 4 
[ 9124.077853] MESSAGE_B= 4 4 4 64 81 1 192 0 248 179 0 3167 1983 3170 1985 2073 3160 2075 3157 535 104 531 87 233 346 232 340 0 31 255 255 255 255 226 30 226 72 0 0 0 0 0 0 0 0 81 1 7544 559708 613588 657702 728970 664888 711398 537192 720326 656714 601740 8296 12110 18114 7592 11950 9946 23250 12608 8952 2073600 2073600 5 5 145870 994560 993600 47369 46145 38844 38780 5 5 25 25 66 4 4 4 4 
[ 9124.233023] MESSAGE_B= 4 4 4 68 85 0 192 0 248 179 0 3201 1966 3202 1968 2064 3142 2065 3138 537 91 535 77 229 414 226 410 0 31 255 255 255 255 211 65 211 104 0 0 0 0 0 0 0 0 85 0 7366 349552 613588 657702 728970 664888 711398 537192 720326 656714 601740 8296 12110 18114 7592 11950 9946 23250 12608 8952 2073600 2073600 5 5 145953 990720 993600 47864 47242 38858 38751 5 5 25 25 65 4 4 4 4 
[ 9124.512861] MESSAGE_B= 4 4 4 69 97 1 192 0 248 179 0 3277 1942 3279 1943 2048 3055 2050 3051 531 100 527 96 221 558 222 557 0 31 255 255 255 255 171 136 164 146 0 0 0 0 0 0 0 0 97 1 6504 579994 613588 657702 728970 664888 711398 537192 720326 656714 601740 8296 12110 18114 7592 11950 9946 23250 12608 8952 2073600 2073600 5 5 153267 994560 993600 48600 47981 37299 37191 5 5 25 25 62 4 4 4 4 
[ 9124.790846] MESSAGE_B= 4 4 4 70 89 0 192 0 248 179 0 3325 1955 3325 1956 2051 2936 2054 2932 519 106 520 103 225 653 221 653 0 31 255 255 255 255 121 140 120 151 0 0 0 0 0 0 0 0 89 0 7714 454438 613588 657702 728970 664888 711398 537192 720326 656714 601740 8296 12110 18114 7592 11950 9946 23250 12608 8952 2073600 2073600 5 5 152474 990720 993600 47482 46654 35074 35087 5 5 25 25 59 4 4 4 4 
[ 9125.069855] MESSAGE_B= 4 4 4 69 79 1 192 0 248 179 0 3354 1974 3354 1974 2045 2825 2048 2821 504 107 504 98 203 689 204 690 0 31 255 255 255 255 82 152 75 174 0 0 0 0 0 0 0 0 79 1 10570 585204 613588 657702 728970 664888 711398 537192 720326 656714 601740 8296 12110 18114 7592 11950 9946 23250 12608 8952 2073600 2073600 5 25 147764 994560 993600 43794 42209 32203 32184 5 5 25 25 56 4 4 4 4 
[ 9125.350848] MESSAGE_B= 4 4 4 69 83 1 192 0 248 179 0 3371 2005 3373 2004 2023 2722 2026 2718 487 105 484 112 185 703 191 707 0 31 255 255 255 255 1 139 5 124 0 0 0 0 0 0 0 0 83 1 8506 506030 613588 657702 728970 664888 711398 537192 720326 656714 601740 8296 12110 18114 7592 11950 9946 23250 12608 8952 2073600 2073600 5 25 145647 990720 993600 43308 43296 29549 29494 25 25 25 25 52 4 4 4 4 
[ 9125.627862] MESSAGE_B= 4 4 4 71 91 1 192 0 248 179 0 3373 2046 3374 2043 1992 2654 1994 2651 474 103 476 108 193 674 189 676 0 31 255 255 255 255 83 115 85 106 0 0 0 0 0 0 0 0 91 1 10774 548196 613588 657702 728970 664888 711398 537192 720326 656714 601740 8296 12110 18114 7592 11950 9946 23250 12608 8952 2073600 2073600 5 25 141946 994560 993600 43200 43303 27769 27674 25 25 25 25 49 4 4 4 4 
[ 9125.904867] MESSAGE_B= 4 4 4 73 76 1 192 0 248 179 0 3362 2072 3364 2071 1977 2610 1979 2606 472 96 473 96 218 629 216 631 0 31 255 255 255 255 142 103 142 102 0 0 0 0 0 0 0 0 76 1 7858 524876 613588 657702 728970 664888 711398 537192 720326 656714 601740 8296 12110 18114 7592 11950 9946 23250 12608 8952 2073600 2073600 5 25 140119 990720 993600 43052 43070 27035 26962 25 25 25 25 46 4 4 4 4 
[ 9126.188648] MESSAGE_B= 4 4 4 79 85 1 192 0 248 179 0 3337 2107 3339 2104 1983 2569 1983 2566 490 91 487 98 260 558 262 557 0 31 255 255 255 255 165 82 166 83 0 0 0 0 0 0 0 0 85 1 8308 477756 613588 657702 728970 664888 711398 537192 720326 656714 601740 8296 12110 18114 7592 11950 9946 23250 12608 8952 2073600 2073600 5 25 136649 994560 993600 42705 42839 25567 25538 25 25 25 25 42 4 4 4 4 
