[ 1147.957844] MESSAGE_B= 4 0 0 251 1 16 192 0 248 179 0 0 626 0 2102 2010 0 459 0 0 0 0 0 0 0 0 0 1 12 0 0 0 0 0 0 0 0 0 0 0 0 0 0 0 0 1 16 4520 67276 2 287898 195406 181266 163002 292162 35952 5938 2 2 36830 44702 55412 48000 40948 26092 5396 2 2073600 2073600 5 12 492357 990720 993600 121535 121681 124270 124871 12 12 12 12 78 0 0 0 0 
[ 1148.232840] MESSAGE_B= 0 0 0 190 1 21 192 0 248 179 0 0 621 0 2055 1975 0 450 0 0 0 0 0 0 0 0 0 1 12 0 0 0 0 0 0 0 0 0 0 0 0 0 0 0 0 1 21 472126 0 2 287898 195406 181266 163002 292162 35952 5938 2 2 36830 44702 55412 48000 40948 26092 5396 2 2073600 2073600 3 12 492516 994560 993600 121624 121806 124250 124836 12 12 12 12 78 0 0 0 0 
[ 1148.507846] MESSAGE_B= 5 0 0 188 1 10 192 0 248 179 0 0 610 0 2029 1980 0 451 0 0 0 0 0 0 0 0 0 1 12 0 0 0 0 0 0 0 0 0 0 0 0 0 0 0 0 1 10 596864 473248 2 287898 195406 181266 163002 292162 35952 5938 2 2 36830 44702 55412 48000 40948 26092 5396 2 2073600 2073600 6 12 492450 990720 993600 121595 121769 124250 124836 12 12 12 12 12 0 0 0 0 
[ 1148.779854] MESSAGE_B= 0 0 0 180 1 12 192 0 248 179 0 0 622 0 2070 1990 0 456 0 0 0 0 0 0 0 0 0 1 12 0 0 0 0 0 0 0 0 0 0 0 0 0 0 0 0 1 12 453654 620266 2 287898 195406 181266 163002 292162 35952 5938 2 2 36830 44702 55412 48000 40948 26092 5396 2 2073600 2073600 3 12 492398 994560 993600 121591 121756 124180 124871 12 12 12 12 12 0 0 0 0 
[ 1149.053837] MESSAGE_B= 0 0 0 184 1 1 192 0 248 179 0 0 623 0 2099 2012 41 464 665 0 0 0 0 0 0 0 0 1 12 0 0 0 0 0 0 0 0 0 0 0 0 0 0 0 0 1 1 560062 472132 154960 794 2 2 61252 62016 245490 366942 154850 530760 9098 2 2 6148 6054 902460 639782 15020 2073600 2073600 1 12 486502 990720 993600 119961 121696 119975 124870 12 12 12 12 15 0 0 0 0 
[ 1149.325840] MESSAGE_B= 0 0 0 166 1 1 192 0 248 179 0 0 401 0 1271 1931 106 444 496 0 0 0 0 0 0 0 0 1 12 0 0 0 0 0 1 1 0 0 0 0 0 0 0 0 0 1 1 500552 606188 154960 794 2 2 61252 62016 245490 366942 154850 530760 9098 2 2 6148 6054 902460 639782 15020 2073600 2073600 1 12 479240 994560 993600 118028 120821 120246 120145 12 12 12 12 27 0 0 0 0 
[ 1149.480694] MESSAGE_B= 0 0 0 153 1 1 192 0 248 179 0 0 626 0 2074 2054 86 446 542 0 0 0 0 0 0 0 0 1 12 0 0 0 0 0 4 0 0 0 0 0 0 0 0 0 0 1 1 523554 465970 154960 794 2 2 61252 62016 245490 366942 154850 530760 9098 2 2 6148 6054 902460 639782 15020 2073600 2073600 1 12 475569 990720 993600 116357 121023 119898 118291 12 12 12 12 30 0 0 0 0 
[ 1149.757854] MESSAGE_B= 0 0 0 157 1 2 192 0 248 179 0 0 622 0 2072 2392 0 447 0 0 0 0 0 0 0 0 0 1 12 0 0 0 0 0 64 1 0 0 0 0 0 0 0 0 0 1 2 490360 576166 154960 794 2 2 61252 62016 245490 366942 154850 530760 9098 2 2 6148 6054 902460 639782 15020 2073600 2073600 3 12 465052 994560 993600 111154 120103 112848 120947 12 12 12 12 46 0 0 0 0 
[ 1150.034356] MESSAGE_B= 0 0 0 146 1 1 192 0 248 179 0 2478 2494 2115 2510 0 0 0 0 538 529 354 548 0 0 0 0 0 12 219 233 0 0 0 126 5 0 2 2 1 1 1 2 2 1 1 1 514966 471720 154960 794 2 2 61252 62016 245490 366942 154850 530760 9098 2 2 6148 6054 902460 639782 15020 2073600 2073600 1 12 439653 990720 993600 114999 99260 108017 117377 12 12 12 12 62 0 0 0 0 
[ 1150.307850] MESSAGE_B= 0 0 0 141 3 0 192 0 248 179 0 2040 1694 2096 1051 0 1201 0 821 914 740 761 87 0 76 0 80 0 12 249 183 0 73 0 180 91 0 2 2 1 2 1 2 2 1 3 0 483776 539818 154960 794 2 2 61252 62016 245490 366942 154850 530760 9098 2 2 6148 6054 902460 639782 15020 2073600 2073600 2 12 392836 994560 993600 115375 73004 115176 89281 12 12 12 12 88 0 0 0 0 
[ 1150.581848] MESSAGE_B= 0 0 0 135 2 1 192 0 248 179 0 2199 1410 2094 974 0 0 0 0 757 776 560 199 0 0 0 0 0 12 244 199 0 0 0 196 15 0 2 0 1 1 1 2 2 1 2 1 489128 470824 154960 794 2 2 61252 62016 245490 366942 154850 530760 9098 2 2 6148 6054 902460 639782 15020 2073600 2073600 2 12 405920 990720 993600 114231 79865 114241 97583 12 12 12 12 88 0 0 0 0 
[ 1150.857856] MESSAGE_B= 0 0 0 146 2 0 192 0 248 179 0 0 633 0 2377 2554 0 473 0 0 0 0 0 0 0 0 0 0 12 0 0 0 0 0 62 21 0 0 0 0 0 0 0 0 0 2 0 463736 596114 154960 794 2 2 61252 62016 245490 366942 154850 530760 9098 2 2 6148 6054 902460 639782 15020 2073600 2073600 2 12 441847 994560 993600 103589 113570 107356 117332 12 12 12 12 80 5 0 0 0 
[ 1151.133467] MESSAGE_B= 0 0 0 145 1 1 192 0 248 179 0 0 337 0 2084 2227 209 431 1367 0 0 0 0 0 0 0 0 1 12 0 0 0 0 1 18 68 0 0 0 0 0 0 0 0 0 1 1 523396 481402 154960 794 2 2 61252 62016 245490 366942 154850 530760 9098 2 2 6148 6054 902460 639782 15020 2073600 2073600 1 12 444188 990720 993600 111610 108418 115661 108499 12 12 12 12 80 5 0 0 0 
[ 1151.422292] MESSAGE_B= 0 0 0 142 1 0 192 0 248 179 0 1217 1976 1834 1792 807 2505 1337 1837 800 527 345 653 28 731 127 134 0 12 221 245 82 187 0 70 20 136 2 0 2 2 1 2 2 2 1 0 481508 542980 128952 74708 22694 73400 138556 254040 340922 318120 230120 834436 94938 34362 1100800 100378 403772 859244 508044 165988 2073600 2073600 2 12 442976 994560 993600 116066 102287 119270 105353 12 12 12 12 66 0 0 0 0 
[ 1151.578850] MESSAGE_B= 0 0 0 141 1 0 192 0 248 179 0 1590 2406 2043 2505 926 2988 1960 1800 819 458 342 524 38 615 263 505 0 12 204 220 144 193 22 20 0 58 2 2 2 2 2 2 2 2 1 0 408340 466980 128952 74708 22694 73400 138556 254040 340922 318120 230120 834436 94938 34362 1100800 100378 403772 859244 508044 165988 2073600 2073600 2 12 443724 990720 993600 114663 103463 119048 106550 12 12 12 12 66 0 0 0 0 
[ 1151.858552] MESSAGE_B= 0 0 0 142 1 1 192 0 248 179 0 0 630 0 2434 2187 0 463 0 0 0 0 0 0 0 0 0 1 12 0 0 0 0 0 28 88 0 0 0 0 0 0 0 0 0 1 1 412728 561096 128952 74708 22694 73400 138556 254040 340922 318120 230120 834436 94938 34362 1100800 100378 403772 859244 508044 165988 2073600 2073600 1 12 449876 994560 993600 113128 108661 118094 109993 12 12 12 12 53 0 0 0 0 
[ 1152.137847] MESSAGE_B= 0 0 0 143 1 0 192 0 248 179 0 0 611 0 2103 2341 0 430 0 0 0 0 0 0 0 0 0 1 12 0 0 0 0 0 14 56 0 0 0 0 0 0 0 0 0 1 0 485442 470452 128952 74708 22694 73400 138556 254040 340922 318120 230120 834436 94938 34362 1100800 100378 403772 859244 508044 165988 2073600 2073600 2 12 456220 990720 993600 112215 112931 117072 114002 12 12 12 12 53 0 0 0 0 
[ 1152.412846] MESSAGE_B= 0 0 0 146 1 0 192 0 248 179 0 0 633 0 2170 2363 0 469 0 0 0 0 0 0 0 0 0 1 12 0 0 0 0 0 8 41 0 0 0 0 0 0 0 0 0 1 0 470798 547628 128952 74708 22694 73400 138556 254040 340922 318120 230120 834436 94938 34362 1100800 100378 403772 859244 508044 165988 2073600 2073600 2 12 458230 994560 993600 112195 113498 117420 115117 12 12 12 12 38 0 0 0 0 
[ 1152.693856] MESSAGE_B= 0 0 0 148 1 0 192 0 248 179 0 0 604 0 2081 2275 0 442 0 0 0 0 0 0 0 0 0 1 12 0 0 0 0 0 20 45 0 0 0 0 0 0 0 0 0 1 0 537750 472696 128952 74708 22694 73400 138556 254040 340922 318120 230120 834436 94938 34362 1100800 100378 403772 859244 508044 165988 2073600 2073600 2 12 450287 990720 993600 109953 111882 114940 113512 12 12 12 12 25 0 0 0 0 
[ 1152.968845] MESSAGE_B= 0 0 0 143 1 0 192 0 248 179 0 0 621 0 2074 2060 0 442 0 0 0 0 0 0 0 0 0 1 12 0 0 0 0 0 29 19 0 0 0 0 0 0 0 0 0 1 0 493568 561048 128952 74708 22694 73400 138556 254040 340922 318120 230120 834436 94938 34362 1100800 100378 403772 859244 508044 165988 2073600 2073600 2 12 455935 994560 993600 112889 113417 115393 114236 12 12 12 12 19 0 0 0 0 
[ 1153.243842] MESSAGE_B= 0 0 0 145 1 0 192 0 248 179 0 0 628 0 2068 1989 0 454 0 0 0 0 0 0 0 0 0 1 12 0 0 0 0 0 26 26 0 0 0 0 0 0 0 0 0 1 0 531496 462262 128952 74708 22694 73400 138556 254040 340922 318120 230120 834436 94938 34362 1100800 100378 403772 859244 508044 165988 2073600 2073600 2 12 460824 990720 993600 113265 113661 116590 117308 12 12 12 12 19 0 0 0 0 
[ 1153.522946] MESSAGE_B= 0 0 0 147 1 0 192 0 248 179 0 0 630 0 2100 1994 0 468 0 0 0 0 0 0 0 0 0 1 12 0 0 0 0 0 26 26 0 0 0 0 0 0 0 0 0 1 0 472826 560036 128952 74708 22694 73400 138556 254040 340922 318120 230120 834436 94938 34362 1100800 100378 403772 859244 508044 165988 2073600 2073600 2 12 460822 994560 993600 113282 113589 116625 117326 12 12 12 12 14 0 0 0 0 
[ 1153.798842] MESSAGE_B= 0 0 0 148 1 0 192 0 248 179 0 0 629 0 2076 1965 0 452 0 0 0 0 0 0 0 0 0 1 12 0 0 0 0 0 26 24 0 0 0 0 0 0 0 0 0 1 0 522688 440158 148760 140446 59082 132432 139842 176200 196862 193064 131826 784792 247338 149038 915630 28032 46104 818432 385964 49866 2073600 2073600 2 12 460782 990720 993600 113366 113680 116513 117223 12 12 12 12 14 0 0 0 0 
[ 1153.955847] MESSAGE_B= 0 0 0 150 1 0 192 0 248 179 0 0 632 0 2096 1987 0 464 0 0 0 0 0 0 0 0 0 1 12 0 0 0 0 0 26 26 0 0 0 0 0 0 0 0 0 1 0 454412 549750 148760 140446 59082 132432 139842 176200 196862 193064 131826 784792 247338 149038 915630 28032 46104 818432 385964 49866 2073600 2073600 2 12 460830 994560 993600 113298 113613 116594 117325 12 12 12 12 11 0 0 0 0 
[ 1154.232316] MESSAGE_B= 0 0 0 147 1 0 192 0 248 179 0 0 617 0 2053 1922 0 440 0 0 0 0 0 0 0 0 0 1 12 0 0 0 0 0 26 24 0 0 0 0 0 0 0 0 0 1 0 502232 439302 148760 140446 59082 132432 139842 176200 196862 193064 131826 784792 247338 149038 915630 28032 46104 818432 385964 49866 2073600 2073600 2 12 460902 990720 993600 113508 113754 116489 117151 12 12 12 12 12 0 0 0 0 
[ 1154.516844] MESSAGE_B= 0 0 0 151 1 0 192 0 248 179 0 0 636 0 2090 1991 0 465 0 0 0 0 0 0 0 0 0 1 12 0 0 0 0 0 26 26 0 0 0 0 0 0 0 0 0 1 0 461996 543780 148760 140446 59082 132432 139842 176200 196862 193064 131826 784792 247338 149038 915630 28032 46104 818432 385964 49866 2073600 2073600 2 12 460843 994560 993600 113276 113616 116620 117331 12 12 12 12 13 0 0 0 0 
[ 1154.790849] MESSAGE_B= 0 0 0 149 1 0 192 0 248 179 0 0 630 0 2086 1989 0 457 0 0 0 0 0 0 0 0 0 1 12 0 0 0 0 0 26 26 0 0 0 0 0 0 0 0 0 1 0 524668 437876 148760 140446 59082 132432 139842 176200 196862 193064 131826 784792 247338 149038 915630 28032 46104 818432 385964 49866 2073600 2073600 2 12 460922 990720 993600 113378 113707 116590 117247 12 12 12 12 14 0 0 0 0 
[ 1155.065841] MESSAGE_B= 0 0 0 149 1 0 192 0 248 179 0 0 614 0 2022 1932 0 444 0 0 0 0 0 0 0 0 0 1 12 0 0 0 0 0 26 24 0 0 0 0 0 0 0 0 0 1 0 446432 545160 148760 140446 59082 132432 139842 176200 196862 193064 131826 784792 247338 149038 915630 28032 46104 818432 385964 49866 2073600 2073600 2 12 460826 994560 993600 113324 113738 116545 117219 12 12 12 12 14 0 0 0 0 
[ 1155.345852] MESSAGE_B= 0 0 0 149 1 0 192 0 248 179 0 0 624 0 2068 1996 0 457 0 0 0 0 0 0 0 0 0 1 12 0 0 0 0 0 27 26 0 0 0 0 0 0 0 0 0 1 0 510826 435722 148760 140446 59082 132432 139842 176200 196862 193064 131826 784792 247338 149038 915630 28032 46104 818432 385964 49866 2073600 2073600 2 12 460841 990720 993600 113327 113629 116598 117287 12 12 12 12 14 0 0 0 0 
[ 1155.626851] MESSAGE_B= 0 0 0 150 1 1 192 0 248 179 0 0 621 0 2066 1931 0 441 0 0 0 0 0 0 0 0 0 1 12 0 0 0 0 0 4 23 0 0 0 0 0 0 0 0 0 1 1 451644 546948 148760 140446 59082 132432 139842 176200 196862 193064 131826 784792 247338 149038 915630 28032 46104 818432 385964 49866 2073600 2073600 1 12 470805 994560 993600 117421 114955 117422 121007 12 12 12 12 30 0 0 0 0 
[ 1155.903843] MESSAGE_B= 0 0 0 149 1 3 192 0 248 179 0 0 621 0 2075 1928 0 446 0 0 0 0 0 0 0 0 0 1 12 0 0 0 0 0 0 0 0 0 0 0 0 0 0 0 0 1 3 518204 434176 148760 140446 59082 132432 139842 176200 196862 193064 131826 784792 247338 149038 915630 28032 46104 818432 385964 49866 2073600 2073600 3 12 492405 990720 993600 121595 121724 124250 124836 12 12 12 12 30 0 0 0 0 
[ 1156.178841] MESSAGE_B= 0 0 0 156 1 28 192 0 248 179 0 0 612 0 2040 1951 0 451 0 0 0 0 0 0 0 0 0 1 12 0 0 0 0 0 0 0 0 0 0 0 0 0 0 0 0 1 28 437096 588536 124502 126370 11362 110538 117680 188556 159230 174230 149844 672366 56946 8106 976796 29930 29526 813300 393350 62268 2073600 2073600 3 12 492723 994560 993600 121714 121868 124270 124871 12 12 12 12 23 0 0 0 0 
[ 1156.465845] MESSAGE_B= 0 0 0 72 1 2 192 0 248 179 0 0 598 0 1989 1897 0 432 0 0 0 0 0 0 0 0 0 1 12 0 0 0 0 0 9 4 0 0 0 0 0 0 0 0 0 1 2 527572 469888 124502 126370 11362 110538 117680 188556 159230 174230 149844 672366 56946 8106 976796 29930 29526 813300 393350 62268 2073600 2073600 3 12 477231 990720 993600 121458 119689 118314 117770 12 12 12 12 90 0 0 0 0 
[ 1156.618868] MESSAGE_B= 0 0 0 76 1 1 192 0 248 179 0 0 609 0 2026 1940 0 448 0 0 0 0 0 0 0 0 0 1 12 0 0 0 0 0 21 10 0 0 0 0 0 0 0 0 0 1 1 47830 150022 124502 126370 11362 110538 117680 188556 159230 174230 149844 672366 56946 8106 976796 29930 29526 813300 393350 62268 2073600 2073600 1 12 474498 994560 993600 120332 119342 117025 117799 12 12 12 12 90 0 0 0 0 
[ 1156.893851] MESSAGE_B= 0 0 0 79 1 2 192 0 248 179 0 0 597 0 1998 1873 0 423 0 0 0 0 0 0 0 0 0 1 12 0 0 0 0 0 0 18 0 0 0 0 0 0 0 0 0 1 2 38102 71374 124502 126370 11362 110538 117680 188556 159230 174230 149844 672366 56946 8106 976796 29930 29526 813300 393350 62268 2073600 2073600 1 12 476789 990720 993600 121387 120147 117509 117746 12 12 12 12 90 0 0 0 0 
[ 1157.186945] MESSAGE_B= 0 0 0 81 1 2 192 0 248 179 0 0 611 0 2046 1951 0 450 0 0 0 0 0 0 0 0 0 1 12 0 0 0 0 0 2 16 0 0 0 0 0 0 0 0 0 1 2 55678 68584 124502 126370 11362 110538 117680 188556 159230 174230 149844 672366 56946 8106 976796 29930 29526 813300 393350 62268 2073600 2073600 3 12 475105 994560 993600 119788 120082 119190 116045 12 12 12 12 88 0 0 0 0 
[ 1157.460842] MESSAGE_B= 0 0 0 81 1 4 192 0 248 179 0 0 590 0 1980 1908 0 441 0 0 0 0 0 0 0 0 0 1 12 0 0 0 0 0 2 12 0 0 0 0 0 0 0 0 0 1 4 77914 74144 124502 126370 11362 110538 117680 188556 159230 174230 149844 672366 56946 8106 976796 29930 29526 813300 393350 62268 2073600 2073600 3 12 475281 990720 993600 119552 120240 118732 116757 12 12 12 12 83 0 0 0 0 
[ 1157.739867] MESSAGE_B= 0 0 0 81 2 2 192 0 248 179 0 0 605 0 2012 1914 0 437 0 0 0 0 0 0 0 0 0 1 12 0 0 0 0 0 0 5 0 0 0 0 0 0 0 0 0 2 2 22942 82542 124502 126370 11362 110538 117680 188556 159230 174230 149844 672366 56946 8106 976796 29930 29526 813300 393350 62268 2073600 2073600 1 12 480768 994560 993600 118618 120265 121805 120080 12 12 12 12 96 0 0 0 0 
[ 1158.020848] MESSAGE_B= 0 0 0 80 2 2 192 0 248 179 0 0 628 0 2022 2043 0 450 0 0 0 0 0 0 0 0 0 1 12 0 0 0 0 0 2 18 0 0 0 0 0 0 0 0 0 2 2 80444 66778 124502 126370 11362 110538 117680 188556 159230 174230 149844 672366 56946 8106 976796 29930 29526 813300 393350 62268 2073600 2073600 1 12 480791 990720 993600 115698 118832 122799 123462 12 12 12 12 96 0 0 0 0 
[ 1158.296839] MESSAGE_B= 0 0 0 81 2 3 192 0 248 179 0 0 527 0 1724 2058 0 431 0 0 0 0 0 0 0 0 0 1 12 0 0 0 0 0 26 14 0 0 0 0 0 0 0 0 0 2 3 28336 91374 124502 126370 11362 110538 117680 188556 159230 174230 149844 672366 56946 8106 976796 29930 29526 813300 393350 62268 2073600 2073600 1 12 477609 994560 993600 113271 117688 123372 123278 12 12 12 12 97 0 0 0 0 
[ 1158.449845] MESSAGE_B= 0 0 0 80 2 1 192 0 248 179 0 0 607 0 2001 2064 0 435 0 0 0 0 0 0 0 0 0 1 12 0 0 0 0 0 16 18 0 0 0 0 0 0 0 0 0 2 1 42348 91114 151340 62442 17818 61244 44886 42242 189354 247758 133458 38450 5626 28294 19756 21560 174588 178678 315876 36766 2073600 2073600 2 12 476215 990720 993600 112861 116423 123561 123370 12 12 12 12 97 0 0 0 0 
[ 1158.723849] MESSAGE_B= 0 0 0 80 2 1 192 0 248 179 0 0 622 0 2029 2125 0 452 0 0 0 0 0 0 0 0 0 1 12 0 0 0 0 0 20 26 0 0 0 0 0 0 0 0 0 2 1 60300 129938 151340 62442 17818 61244 44886 42242 189354 247758 133458 38450 5626 28294 19756 21560 174588 178678 315876 36766 2073600 2073600 2 12 476537 994560 993600 111951 117379 124195 123012 12 12 12 12 98 0 0 0 0 
[ 1159.005237] MESSAGE_B= 0 0 0 81 2 0 192 0 248 179 0 0 493 0 2048 2082 0 439 0 0 0 0 0 0 0 0 0 1 12 0 0 0 0 0 19 7 0 0 0 0 0 0 0 0 0 2 0 62590 162048 151340 62442 17818 61244 44886 42242 189354 247758 133458 38450 5626 28294 19756 21560 174588 178678 315876 36766 2073600 2073600 2 12 469310 990720 993600 111493 111266 124601 121950 12 12 12 12 125 0 0 0 0 
[ 1159.281838] MESSAGE_B= 0 0 0 80 3 2 192 0 248 179 0 0 615 0 2195 2232 0 453 0 0 0 0 0 0 0 0 0 1 12 0 0 0 0 0 25 16 0 0 0 0 0 0 0 0 0 3 2 50316 131252 151340 62442 17818 61244 44886 42242 189354 247758 133458 38450 5626 28294 19756 21560 174588 178678 315876 36766 2073600 2073600 2 12 471450 994560 993600 114391 112487 124508 120064 12 12 12 12 125 0 0 0 0 
[ 1159.557845] MESSAGE_B= 0 0 0 80 2 3 192 0 248 179 0 0 611 0 2432 2165 0 450 0 0 0 0 0 0 0 0 0 1 12 0 0 0 0 0 3 20 0 0 0 0 0 0 0 0 0 2 3 99144 214320 151340 62442 17818 61244 44886 42242 189354 247758 133458 38450 5626 28294 19756 21560 174588 178678 315876 36766 2073600 2073600 3 12 474503 990720 993600 119243 111415 124474 119371 12 12 12 12 124 0 0 0 0 
[ 1159.836878] MESSAGE_B= 0 0 0 82 1 2 192 0 248 179 0 0 596 0 2083 1248 0 367 0 0 0 0 0 0 0 0 0 1 12 0 10 0 0 0 5 19 0 0 0 0 0 0 0 0 0 1 2 154576 130950 151340 62442 17818 61244 44886 42242 189354 247758 133458 38450 5626 28294 19756 21560 174588 178678 315876 36766 2073600 2073600 3 12 475380 994560 993600 120739 110199 123095 121347 12 12 12 12 111 0 0 0 0 
[ 1160.113846] MESSAGE_B= 0 0 0 81 2 2 192 0 248 179 0 0 624 0 2030 1976 0 455 0 0 0 0 0 0 0 0 0 1 12 0 0 0 0 0 5 3 0 0 0 0 0 0 0 0 0 2 2 79192 148166 151340 62442 17818 61244 44886 42242 189354 247758 133458 38450 5626 28294 19756 21560 174588 178678 315876 36766 2073600 2073600 1 12 478956 990720 993600 121391 114654 120077 122834 12 12 12 12 111 0 0 0 0 
[ 1160.386847] MESSAGE_B= 0 0 0 82 2 1 192 0 248 179 0 0 619 0 2042 1964 0 449 0 0 0 0 0 0 0 0 0 1 12 0 0 0 0 0 5 4 0 0 0 0 0 0 0 0 0 2 1 155542 114876 151340 62442 17818 61244 44886 42242 189354 247758 133458 38450 5626 28294 19756 21560 174588 178678 315876 36766 2073600 2073600 2 12 482613 994560 993600 121114 117763 122090 121646 12 12 12 12 111 0 0 0 0 
[ 1160.659861] MESSAGE_B= 0 0 0 81 2 2 192 0 248 179 0 0 586 0 1966 1933 402 438 305 0 0 0 0 0 0 0 0 1 12 0 0 6 0 0 7 11 0 0 0 0 0 0 0 0 0 2 2 55246 115820 151340 62442 17818 61244 44886 42242 189354 247758 133458 38450 5626 28294 19756 21560 174588 178678 315876 36766 2073600 2073600 1 12 477983 990720 993600 119855 115760 118261 124107 12 12 12 12 105 0 0 0 0 
[ 1160.933845] MESSAGE_B= 0 0 0 83 2 2 192 0 248 179 0 0 610 0 2026 1928 0 438 0 0 0 0 0 0 0 0 0 1 12 0 0 0 0 0 12 24 0 0 0 0 0 0 0 0 0 2 2 101444 112190 94216 248834 148646 244888 185168 250242 464418 381396 92628 22150 42382 51658 29978 88394 324144 332440 336002 60352 2073600 2073600 1 12 477398 994560 993600 118336 119063 115868 124131 12 12 12 12 110 0 0 0 0 
[ 1161.207865] MESSAGE_B= 0 0 0 82 1 2 192 0 248 179 0 0 613 0 2033 1940 0 438 0 0 0 0 0 0 0 0 0 1 12 0 0 0 0 0 19 16 0 0 0 0 0 0 0 0 0 1 2 68384 106646 94216 248834 148646 244888 185168 250242 464418 381396 92628 22150 42382 51658 29978 88394 324144 332440 336002 60352 2073600 2073600 3 12 474332 990720 993600 115847 121457 118180 118848 12 12 12 12 111 0 0 0 0 
[ 1161.486861] MESSAGE_B= 0 0 0 84 1 2 192 0 248 179 0 0 614 0 2040 1967 0 455 0 0 0 0 0 0 0 0 0 1 12 0 0 0 0 0 14 9 0 0 0 0 0 0 0 0 0 1 2 47940 80524 94216 248834 148646 244888 185168 250242 464418 381396 92628 22150 42382 51658 29978 88394 324144 332440 336002 60352 2073600 2073600 1 12 473278 994560 993600 115593 121835 116810 119040 12 12 12 12 111 0 0 0 0 
[ 1161.770846] MESSAGE_B= 0 0 0 82 1 2 192 0 248 179 0 0 592 0 1952 2080 0 437 0 0 0 0 0 0 0 0 0 1 12 0 0 0 0 0 9 5 0 0 0 0 0 0 0 0 0 1 2 54518 97956 94216 248834 148646 244888 185168 250242 464418 381396 92628 22150 42382 51658 29978 88394 324144 332440 336002 60352 2073600 2073600 3 12 473034 990720 993600 115284 121911 114538 121301 12 12 12 12 104 0 0 0 0 
[ 1162.044853] MESSAGE_B= 0 0 0 81 2 2 192 0 248 179 0 0 622 0 2030 2214 0 449 0 0 0 0 0 0 0 0 0 1 12 0 0 0 0 0 10 6 0 0 0 0 0 0 0 0 0 2 2 64288 72504 94216 248834 148646 244888 185168 250242 464418 381396 92628 22150 42382 51658 29978 88394 324144 332440 336002 60352 2073600 2073600 1 12 473679 994560 993600 116161 121194 116567 119757 12 12 12 12 105 0 0 0 0 
[ 1162.318862] MESSAGE_B= 0 0 0 81 2 2 192 0 248 179 0 0 625 0 2108 2239 140 448 1009 0 0 0 0 0 0 0 0 1 12 0 0 0 0 0 15 5 0 0 0 0 0 0 0 0 0 2 2 49428 79900 94216 248834 148646 244888 185168 250242 464418 381396 92628 22150 42382 51658 29978 88394 324144 332440 336002 60352 2073600 2073600 1 12 471431 990720 993600 116867 117618 115930 121016 12 12 12 12 106 0 0 0 0 
[ 1162.595844] MESSAGE_B= 0 0 0 81 1 2 192 0 248 179 0 0 488 0 1869 2076 0 428 0 0 0 0 0 0 0 0 0 1 12 0 0 0 0 0 15 4 0 0 0 0 0 0 0 0 0 1 2 59666 71326 94216 248834 148646 244888 185168 250242 464418 381396 92628 22150 42382 51658 29978 88394 324144 332440 336002 60352 2073600 2073600 3 12 469790 994560 993600 112003 116834 119665 121288 12 12 12 12 107 0 0 0 0 
[ 1162.749845] MESSAGE_B= 0 0 0 81 1 2 192 0 248 179 0 0 614 0 2081 2134 0 450 0 0 0 0 0 0 0 0 0 1 12 0 0 0 0 0 10 9 0 0 0 0 0 0 0 0 0 1 2 48878 80326 94216 248834 148646 244888 185168 250242 464418 381396 92628 22150 42382 51658 29978 88394 324144 332440 336002 60352 2073600 2073600 3 12 469967 990720 993600 111127 116306 120404 122130 12 12 12 12 107 0 0 0 0 
[ 1163.029842] MESSAGE_B= 0 0 0 85 1 3 192 0 248 179 0 0 0 0 0 0 0 0 0 0 0 0 0 0 0 0 0 1 12 0 0 0 0 0 23 12 0 0 0 0 0 1 0 0 1 1 3 54910 100128 94216 248834 148646 244888 185168 250242 464418 381396 92628 22150 42382 51658 29978 88394 324144 332440 336002 60352 2073600 2073600 3 12 479323 994560 993600 118725 121639 118052 120907 12 12 12 12 114 0 0 0 0 
[ 1163.306846] MESSAGE_B= 0 0 0 93 1 4 192 0 248 179 0 0 0 0 0 961 0 115 0 0 0 0 0 0 0 0 0 1 12 0 0 0 0 0 33 7 0 0 0 0 0 1 0 0 1 1 4 44248 131222 52414 180734 108318 60188 64484 82984 272164 300722 184362 31314 62434 29994 84986 105114 181944 290382 381464 69388 2073600 2073600 1 12 478848 990720 993600 119486 119814 118451 121097 12 12 12 12 114 0 0 0 0 
[ 1163.588853] MESSAGE_B= 0 0 0 98 2 1 192 0 248 179 0 0 0 0 0 1222 0 234 0 0 0 0 0 0 0 0 0 1 12 0 0 0 0 0 32 15 0 0 0 0 0 1 0 0 0 2 1 37966 52246 52414 180734 108318 60188 64484 82984 272164 300722 184362 31314 62434 29994 84986 105114 181944 290382 381464 69388 2073600 2073600 2 12 477145 994560 993600 119683 117250 119059 121153 12 12 12 12 113 0 0 0 0 
[ 1163.871848] MESSAGE_B= 0 0 0 92 1 2 192 0 248 179 0 0 316 0 1376 1148 0 187 0 0 0 0 0 0 0 0 0 1 12 0 0 0 0 0 27 53 0 0 0 0 0 0 0 0 0 1 2 40706 119130 52414 180734 108318 60188 64484 82984 272164 300722 184362 31314 62434 29994 84986 105114 181944 290382 381464 69388 2073600 2073600 1 12 477951 990720 993600 120429 117566 119275 120681 12 12 12 12 95 0 0 0 0 
[ 1164.028845] MESSAGE_B= 0 0 0 92 1 3 192 0 248 179 0 0 324 0 1367 1589 0 291 0 0 0 0 0 0 0 0 0 1 12 0 0 0 0 0 12 58 0 0 0 0 0 0 0 0 0 1 3 64006 39118 52414 180734 108318 60188 64484 82984 272164 300722 184362 31314 62434 29994 84986 105114 181944 290382 381464 69388 2073600 2073600 3 12 477934 994560 993600 119849 117868 120016 120201 12 12 12 12 105 0 0 0 0 
[ 1164.305285] MESSAGE_B= 0 0 0 91 1 4 192 0 248 179 0 0 334 0 1838 2183 0 370 0 0 0 0 0 0 0 0 0 1 12 18 0 0 0 0 9 6 0 0 0 0 0 0 0 0 0 1 4 46660 136670 52414 180734 108318 60188 64484 82984 272164 300722 184362 31314 62434 29994 84986 105114 181944 290382 381464 69388 2073600 2073600 1 12 480591 990720 993600 121370 118147 120085 120989 12 12 12 12 106 0 0 0 0 
[ 1164.585457] MESSAGE_B= 0 0 0 92 2 4 192 0 248 179 0 0 0 0 0 1630 445 327 1426 0 0 0 0 0 0 0 0 1 12 0 0 0 0 0 0 9 0 0 0 0 0 0 0 0 0 2 4 84782 58312 52414 180734 108318 60188 64484 82984 272164 300722 184362 31314 62434 29994 84986 105114 181944 290382 381464 69388 2073600 2073600 3 12 482800 994560 993600 125688 119718 118624 118770 12 12 12 12 106 0 0 0 0 
[ 1164.865847] MESSAGE_B= 0 0 0 93 1 3 192 0 248 179 0 0 0 0 0 0 362 0 969 0 0 0 0 0 0 0 0 1 12 0 0 0 0 0 0 9 0 0 0 0 0 0 0 0 1 1 3 44368 84030 52414 180734 108318 60188 64484 82984 272164 300722 184362 31314 62434 29994 84986 105114 181944 290382 381464 69388 2073600 2073600 1 12 478879 990720 993600 126059 120756 115848 116216 12 12 12 12 103 0 0 0 0 
[ 1165.143863] MESSAGE_B= 0 0 0 93 1 2 192 0 248 179 0 0 0 0 0 929 0 524 0 0 0 0 0 0 0 0 0 1 12 0 32 0 0 0 0 5 0 0 0 0 0 1 0 0 0 1 2 83656 94154 52414 180734 108318 60188 64484 82984 272164 300722 184362 31314 62434 29994 84986 105114 181944 290382 381464 69388 2073600 2073600 3 12 479288 994560 993600 126799 121754 117101 113634 12 12 12 12 109 0 0 0 0 
[ 1165.416843] MESSAGE_B= 0 0 0 78 2 1 192 0 248 179 0 0 0 0 0 424 0 737 0 0 0 0 0 0 0 0 0 1 12 0 0 0 7 0 0 9 0 0 1 0 0 1 0 0 0 2 1 67074 54288 52414 180734 108318 60188 64484 82984 272164 300722 184362 31314 62434 29994 84986 105114 181944 290382 381464 69388 2073600 2073600 2 12 478120 990720 993600 127700 123354 117575 109491 12 12 12 12 109 0 0 0 0 
[ 1165.696640] MESSAGE_B= 0 0 0 75 1 2 192 0 248 179 0 0 0 0 0 0 0 0 0 0 0 0 0 0 0 0 0 1 12 0 0 0 0 0 0 4 0 0 0 0 0 1 0 0 1 1 2 86456 168954 194538 148806 69874 61902 47550 65082 251630 329242 157542 107946 70714 54618 25274 44976 187048 165942 288534 96484 2073600 2073600 3 12 475356 994560 993600 127778 123862 115388 108328 12 12 12 12 115 0 0 0 0 
[ 1165.977366] MESSAGE_B= 0 0 0 75 1 0 192 0 248 179 0 0 0 0 0 0 0 0 0 0 0 0 0 0 0 0 0 1 12 0 0 0 0 0 4 2 0 0 0 0 0 1 0 0 1 1 0 94772 58798 194538 148806 69874 61902 47550 65082 251630 329242 157542 107946 70714 54618 25274 44976 187048 165942 288534 96484 2073600 2073600 2 12 476829 990720 993600 126067 125448 113829 111485 12 12 12 12 115 0 0 0 0 
[ 1166.137864] MESSAGE_B= 0 0 0 76 2 1 192 0 248 179 0 0 0 0 0 0 0 0 0 0 0 0 0 0 0 0 0 1 12 0 0 0 0 0 11 0 0 0 0 0 0 1 0 0 1 2 1 50176 210954 194538 148806 69874 61902 47550 65082 251630 329242 157542 107946 70714 54618 25274 44976 187048 165942 288534 96484 2073600 2073600 2 12 479418 994560 993600 126071 126084 112986 114277 12 12 12 12 115 0 0 0 0 
[ 1166.418857] MESSAGE_B= 0 0 0 76 2 1 192 0 248 179 0 0 0 0 0 0 0 0 0 0 0 0 0 0 0 0 0 1 12 0 0 0 0 0 9 12 0 0 0 0 0 1 0 0 1 2 1 42920 61572 194538 148806 69874 61902 47550 65082 251630 329242 157542 107946 70714 54618 25274 44976 187048 165942 288534 96484 2073600 2073600 2 12 479090 990720 993600 125027 125027 112832 116204 12 12 12 12 107 0 0 0 0 
[ 1166.699106] MESSAGE_B= 0 0 0 77 2 1 192 0 248 179 0 0 0 0 0 0 0 0 0 0 0 0 0 0 0 0 0 1 12 0 0 0 0 0 13 16 0 0 0 0 0 1 0 0 1 2 1 46262 173010 194538 148806 69874 61902 47550 65082 251630 329242 157542 107946 70714 54618 25274 44976 187048 165942 288534 96484 2073600 2073600 2 12 476791 994560 993600 124362 125340 110669 116420 12 12 12 12 82 0 0 0 0 
[ 1166.972015] MESSAGE_B= 0 0 0 77 1 1 192 0 248 179 0 0 0 0 0 0 0 0 0 0 0 0 0 0 0 0 0 1 12 0 0 0 0 0 13 2 0 0 0 0 0 1 0 0 1 1 1 49416 54626 194538 148806 69874 61902 47550 65082 251630 329242 157542 107946 70714 54618 25274 44976 187048 165942 288534 96484 2073600 2073600 1 12 474585 990720 993600 123228 125789 109781 115787 12 12 12 12 82 0 0 0 0 
[ 1167.246840] MESSAGE_B= 0 0 0 81 1 1 192 0 248 179 0 0 0 0 0 0 0 0 0 0 0 0 0 0 0 0 0 1 12 0 0 0 0 0 1 10 0 0 0 0 0 1 0 0 1 1 1 37542 186090 194538 148806 69874 61902 47550 65082 251630 329242 157542 107946 70714 54618 25274 44976 187048 165942 288534 96484 2073600 2073600 1 12 466770 994560 993600 121542 125687 106719 112822 12 12 12 12 80 0 0 0 0 
[ 1167.529858] MESSAGE_B= 0 0 0 83 1 1 192 0 248 179 0 0 0 0 0 0 0 0 0 0 0 0 0 0 0 0 0 0 12 0 0 0 0 0 98 42 0 1 1 1 1 1 2 2 1 1 1 58658 55868 194538 148806 69874 61902 47550 65082 251630 329242 157542 107946 70714 54618 25274 44976 187048 165942 288534 96484 2073600 2073600 1 12 460595 990720 993600 120070 125229 104069 111227 12 12 12 12 80 0 0 0 0 
[ 1167.803857] MESSAGE_B= 0 0 0 87 1 1 192 0 248 179 0 0 0 0 0 0 0 0 0 0 0 0 0 0 0 0 0 0 12 0 0 0 0 0 77 92 0 1 1 1 1 1 2 2 1 1 1 42692 260402 194538 148806 69874 61902 47550 65082 251630 329242 157542 107946 70714 54618 25274 44976 187048 165942 288534 96484 2073600 2073600 1 12 458900 994560 993600 120113 123987 104448 110352 12 12 12 12 79 0 0 0 0 
[ 1168.077855] MESSAGE_B= 0 0 0 86 1 2 192 0 248 179 0 0 0 0 0 3458 3313 3338 3086 0 0 0 0 589 372 304 973 0 12 0 0 24 168 0 62 57 0 1 1 2 2 1 2 2 1 1 2 65148 51410 227458 167114 255134 200420 188072 186394 293542 331816 268580 75856 87506 25754 29106 40478 155622 273968 350208 96476 2073600 2073600 3 12 456632 990720 993600 120913 122977 104426 108316 12 12 12 12 104 0 0 0 0 
[ 1168.356389] MESSAGE_B= 0 0 0 90 1 2 192 0 248 179 0 0 0 0 0 0 250 0 1666 0 0 0 0 0 0 0 0 1 12 0 0 0 0 0 15 14 0 0 0 0 0 0 0 0 0 1 2 36332 291732 227458 167114 255134 200420 188072 186394 293542 331816 268580 75856 87506 25754 29106 40478 155622 273968 350208 96476 2073600 2073600 1 12 458456 994560 993600 121997 122223 106249 107987 12 12 12 12 104 0 0 0 0 
[ 1168.636559] MESSAGE_B= 0 0 0 91 1 1 192 0 248 179 0 0 0 0 0 0 256 0 1594 0 0 0 0 0 0 0 0 1 12 0 0 0 0 0 14 10 0 0 0 0 0 0 0 0 0 1 1 37142 82346 227458 167114 255134 200420 188072 186394 293542 331816 268580 75856 87506 25754 29106 40478 155622 273968 350208 96476 2073600 2073600 1 12 457129 990720 993600 121585 121451 106164 107929 12 12 12 12 43 0 0 0 0 
[ 1168.788876] MESSAGE_B= 0 0 0 90 1 1 192 0 248 179 0 0 0 0 0 0 250 0 1666 0 0 0 0 0 0 0 0 1 12 0 0 0 0 0 16 6 0 0 0 0 0 0 0 0 0 1 1 49520 279648 227458 167114 255134 200420 188072 186394 293542 331816 268580 75856 87506 25754 29106 40478 155622 273968 350208 96476 2073600 2073600 1 12 456726 994560 993600 121216 121195 106373 107942 12 12 12 12 43 0 0 0 0 
[ 1169.068360] MESSAGE_B= 0 0 0 175 1 1 192 0 248 179 0 0 0 0 0 0 256 0 1594 0 0 0 0 0 0 0 0 1 12 0 0 0 0 0 16 8 0 0 0 0 0 0 0 0 0 1 1 40114 79318 227458 167114 255134 200420 188072 186394 293542 331816 268580 75856 87506 25754 29106 40478 155622 273968 350208 96476 2073600 2073600 1 12 459280 990720 993600 121608 121699 107033 108940 12 12 12 12 43 0 0 0 0 
[ 1169.344847] MESSAGE_B= 0 0 0 101 1 2 192 0 248 179 0 0 0 0 0 0 250 0 1666 0 0 0 0 0 0 0 0 1 12 0 0 0 0 0 18 9 0 0 0 0 0 0 0 0 0 1 2 28566 282816 227458 167114 255134 200420 188072 186394 293542 331816 268580 75856 87506 25754 29106 40478 155622 273968 350208 96476 2073600 2073600 1 12 462486 994560 993600 121986 122192 108366 109942 12 12 12 12 32 0 0 0 0 
[ 1169.620684] MESSAGE_B= 0 0 0 89 2 2 192 0 248 179 0 0 0 0 0 0 250 0 1666 0 0 0 0 0 0 0 0 1 12 0 0 0 0 0 1 0 0 0 0 0 0 0 0 0 0 2 2 35360 87062 227458 167114 255134 200420 188072 186394 293542 331816 268580 75856 87506 25754 29106 40478 155622 273968 350208 96476 2073600 2073600 1 12 491692 990720 993600 126053 126493 119174 119972 12 12 12 12 31 0 0 0 0 
[ 1169.900851] MESSAGE_B= 0 0 0 84 2 14 192 0 248 179 0 0 0 0 0 0 256 0 1594 0 0 0 0 0 0 0 0 1 12 0 0 0 0 0 0 0 0 1 1 0 0 0 0 0 0 2 14 6052 263130 227458 167114 255134 200420 188072 186394 293542 331816 268580 75856 87506 25754 29106 40478 155622 273968 350208 96476 2073600 2073600 2 12 502315 994560 993600 128104 128104 122793 123314 12 12 12 12 31 0 0 0 0 
[ 1170.174844] MESSAGE_B= 4 0 0 70 2 8 192 0 248 179 0 0 0 0 0 0 250 0 1666 0 0 0 0 0 0 0 0 1 12 0 0 0 0 0 64 31 0 0 0 0 0 0 0 0 0 2 8 5672 139908 227458 167114 255134 200420 188072 186394 293542 331816 268580 75856 87506 25754 29106 40478 155622 273968 350208 96476 2073600 2073600 5 12 489215 990720 993600 121956 123093 121959 122207 12 12 12 12 27 0 0 0 0 
[ 1170.454308] MESSAGE_B= 0 0 0 76 2 6 192 0 248 179 0 0 0 0 0 0 250 0 1666 0 0 0 0 0 0 0 0 1 12 0 0 0 0 0 52 54 0 0 0 0 0 0 0 0 0 2 6 12676 16362 82008 189254 265802 225428 259584 168986 325304 319158 90716 18844 44150 23350 41684 29196 103964 545874 256576 15748 2073600 2073600 3 12 485517 994560 993600 120476 121790 121453 121798 12 12 12 12 23 0 0 0 0 
[ 1170.727858] MESSAGE_B= 4 0 0 78 2 5 192 0 248 179 0 0 0 0 0 0 256 0 1594 0 0 0 0 0 0 0 0 1 12 0 0 0 0 0 39 51 0 0 0 0 0 0 0 0 0 2 5 6932 124626 82008 189254 265802 225428 259584 168986 325304 319158 90716 18844 44150 23350 41684 29196 103964 545874 256576 15748 2073600 2073600 5 12 483887 990720 993600 119687 121273 121137 121790 12 12 12 12 23 0 0 0 0 
[ 1171.006329] MESSAGE_B= 0 0 0 79 2 5 192 0 248 179 0 0 0 0 0 0 256 0 1594 0 0 0 0 0 0 0 0 1 12 0 0 0 0 0 39 49 0 0 0 0 0 0 0 0 0 2 5 14266 38180 82008 189254 265802 225428 259584 168986 325304 319158 90716 18844 44150 23350 41684 29196 103964 545874 256576 15748 2073600 2073600 3 12 483247 994560 993600 119493 121023 121038 121693 12 12 12 12 25 0 0 0 0 
[ 1171.158851] MESSAGE_B= 4 0 0 80 2 5 192 0 248 179 0 0 0 0 0 0 256 0 1594 0 0 0 0 0 0 0 0 1 12 0 0 0 0 0 39 49 0 0 0 0 0 0 0 0 0 2 5 6806 123892 82008 189254 265802 225428 259584 168986 325304 319158 90716 18844 44150 23350 41684 29196 103964 545874 256576 15748 2073600 2073600 5 12 482771 990720 993600 119350 120802 120972 121647 12 12 12 12 25 0 0 0 0 
[ 1171.432843] MESSAGE_B= 0 0 0 80 2 4 192 0 248 179 0 0 0 0 0 0 256 0 1594 0 0 0 0 0 0 0 0 1 12 0 0 0 0 0 39 51 0 0 0 0 0 0 0 0 0 2 4 15236 40680 82008 189254 265802 225428 259584 168986 325304 319158 90716 18844 44150 23350 41684 29196 103964 545874 256576 15748 2073600 2073600 3 12 482782 994560 993600 119350 120824 120968 121640 12 12 12 12 25 0 0 0 0 
[ 1171.709883] MESSAGE_B= 0 0 0 79 2 4 192 0 248 179 0 0 0 0 0 0 250 0 1666 0 0 0 0 0 0 0 0 1 12 0 0 0 0 0 32 55 0 0 0 0 0 0 0 0 0 2 4 6850 107658 82008 189254 265802 225428 259584 168986 325304 319158 90716 18844 44150 23350 41684 29196 103964 545874 256576 15748 2073600 2073600 2 12 482907 990720 993600 119418 120897 121091 121501 12 12 12 12 16 0 0 0 0 
[ 1171.983855] MESSAGE_B= 0 0 0 81 2 4 192 0 248 179 0 0 0 0 0 0 250 0 1666 0 0 0 0 0 0 0 0 1 12 0 0 0 0 0 38 55 0 0 0 0 0 0 0 0 0 2 4 15208 40602 82008 189254 265802 225428 259584 168986 325304 319158 90716 18844 44150 23350 41684 29196 103964 545874 256576 15748 2073600 2073600 3 12 483395 994560 993600 119559 121106 121160 121570 12 12 12 12 31 0 0 0 0 
[ 1172.258845] MESSAGE_B= 0 0 0 83 2 5 192 0 248 179 0 0 0 0 0 0 256 0 1594 0 0 0 0 0 0 0 0 1 12 0 0 0 0 0 46 51 0 0 0 0 0 0 0 0 0 2 5 6966 106344 82008 189254 265802 225428 259584 168986 325304 319158 90716 18844 44150 23350 41684 29196 103964 545874 256576 15748 2073600 2073600 2 12 485106 990720 993600 120284 121632 121272 121918 12 12 12 12 31 0 0 0 0 
[ 1172.534850] MESSAGE_B= 0 0 0 81 2 5 192 0 248 179 0 0 0 0 0 0 256 0 1594 0 0 0 0 0 0 0 0 1 12 0 0 0 0 0 65 28 0 0 0 0 0 0 0 0 0 2 5 12878 38672 82008 189254 265802 225428 259584 168986 325304 319158 90716 18844 44150 23350 41684 29196 103964 545874 256576 15748 2073600 2073600 3 12 489773 994560 993600 122242 123288 121860 122383 12 12 12 12 28 0 0 0 0 
[ 1172.807843] MESSAGE_B= 4 0 0 78 2 4 192 0 248 179 0 0 0 0 0 0 250 0 1666 0 0 0 0 0 0 0 0 1 12 0 0 0 0 0 0 0 0 1 1 0 0 0 0 0 0 2 4 6614 119862 80816 97268 98846 77440 70676 54860 348266 337304 89494 15724 36864 34330 18890 20652 20198 72536 95532 20516 2073600 2073600 5 12 502250 990720 993600 128104 128104 122890 123152 12 12 12 12 28 0 0 0 0 
[ 1173.080850] MESSAGE_B= 0 0 0 75 2 5 192 0 248 179 0 0 0 0 0 0 250 0 1666 0 0 0 0 0 0 0 0 1 12 0 0 0 0 0 0 0 0 1 1 0 0 0 0 0 0 2 5 1234 28716 80816 97268 98846 77440 70676 54860 348266 337304 89494 15724 36864 34330 18890 20652 20198 72536 95532 20516 2073600 2073600 3 12 502250 994560 993600 128104 128104 122890 123152 12 12 12 12 1 0 0 0 0 
[ 1173.353869] MESSAGE_B= 4 0 0 77 8 7 192 0 248 179 0 0 0 0 0 0 0 0 0 0 0 0 0 0 0 0 0 1 12 0 0 0 0 0 0 0 0 1 1 0 0 1 0 0 1 8 7 5696 98618 80816 97268 98846 77440 70676 54860 348266 337304 89494 15724 36864 34330 18890 20652 20198 72536 95532 20516 2073600 2073600 5 12 508313 990720 993600 128104 128104 126123 125982 12 12 12 12 0 0 0 0 0 
[ 1173.628846] MESSAGE_B= 5 0 0 77 8 0 192 0 248 179 0 0 136 0 1274 0 121 0 2091 0 0 0 0 0 0 0 0 1 12 0 0 0 0 0 13 12 0 0 0 0 0 1 0 0 1 8 0 948 156 80816 97268 98846 77440 70676 54860 348266 337304 89494 15724 36864 34330 18890 20652 20198 72536 95532 20516 2073600 2073600 6 12 472959 994560 993600 120194 119972 116469 116324 12 12 12 12 49 0 0 0 0 
[ 1173.902849] MESSAGE_B= 4 0 0 86 8 0 192 0 248 179 0 0 150 0 1593 0 123 0 2431 0 0 0 0 0 0 0 0 1 12 0 0 0 0 0 6 1 0 0 0 0 0 1 0 0 1 8 0 5982 137102 80816 97268 98846 77440 70676 54860 348266 337304 89494 15724 36864 34330 18890 20652 20198 72536 95532 20516 2073600 2073600 5 12 465179 990720 993600 118211 117936 114515 114517 12 12 12 12 49 0 0 0 0 
[ 1174.175846] MESSAGE_B= 4 0 0 88 7 0 192 0 248 179 0 0 154 0 1678 0 122 0 2526 0 0 0 0 0 0 0 0 1 12 0 0 0 0 0 7 1 0 0 0 0 0 1 0 0 1 7 0 5142 213710 80816 97268 98846 77440 70676 54860 348266 337304 89494 15724 36864 34330 18890 20652 20198 72536 95532 20516 2073600 2073600 5 12 462515 994560 993600 117481 117253 113924 113857 12 12 12 12 43 0 0 0 0 
[ 1174.329358] MESSAGE_B= 4 0 0 84 8 0 192 0 248 179 0 0 153 0 1698 0 125 0 2620 0 0 0 0 0 0 0 0 1 12 0 0 0 0 0 5 2 0 0 0 0 0 1 0 0 1 8 0 10914 186668 80816 97268 98846 77440 70676 54860 348266 337304 89494 15724 36864 34330 18890 20652 20198 72536 95532 20516 2073600 2073600 5 12 462639 990720 993600 117502 117337 113963 113837 12 12 12 12 39 0 0 0 0 
[ 1174.605845] MESSAGE_B= 4 0 0 86 8 0 192 0 248 179 0 0 147 0 1670 0 125 0 2585 0 0 0 0 0 0 0 0 1 12 0 0 0 0 0 5 1 0 0 0 0 0 1 0 0 1 8 0 6458 233386 80816 97268 98846 77440 70676 54860 348266 337304 89494 15724 36864 34330 18890 20652 20198 72536 95532 20516 2073600 2073600 5 12 462926 994560 993600 117565 117333 114070 113958 12 12 12 12 7 0 0 0 0 
[ 1174.878858] MESSAGE_B= 4 0 0 86 8 0 192 0 248 179 0 0 153 0 1712 0 127 0 2632 0 0 0 0 0 0 0 0 1 12 0 0 0 0 0 7 2 0 0 0 0 0 1 0 0 1 8 0 10460 170126 80816 97268 98846 77440 70676 54860 348266 337304 89494 15724 36864 34330 18890 20652 20198 72536 95532 20516 2073600 2073600 5 12 462810 990720 993600 117511 117291 114045 113963 12 12 12 12 5 0 0 0 0 
[ 1175.155843] MESSAGE_B= 4 0 0 88 8 0 192 0 248 179 0 0 153 0 1712 0 127 0 2629 0 0 0 0 0 0 0 0 1 12 0 0 0 0 0 7 2 0 0 0 0 0 1 0 0 1 8 0 5912 227394 58300 139978 57838 36582 45612 60438 215632 184598 61780 10992 35742 41198 4398 4182 13114 59886 96514 5668 2073600 2073600 5 12 462821 994560 993600 117515 117289 114048 113969 12 12 12 12 3 0 0 0 0 
[ 1175.437847] MESSAGE_B= 4 0 0 87 8 0 192 0 248 179 0 0 150 0 1674 0 125 0 2572 0 0 0 0 0 0 0 0 1 12 0 0 0 0 0 5 1 0 0 0 0 0 1 0 0 1 8 0 10606 172104 58300 139978 57838 36582 45612 60438 215632 184598 61780 10992 35742 41198 4398 4182 13114 59886 96514 5668 2073600 2073600 5 12 462969 990720 993600 117552 117337 114090 113990 12 12 12 12 3 0 0 0 0 
[ 1175.713876] MESSAGE_B= 4 0 0 88 8 0 192 0 248 179 0 0 153 0 1717 0 127 0 2627 0 0 0 0 0 0 0 0 1 12 0 0 0 0 0 7 2 0 0 0 0 0 1 0 0 1 8 0 5826 227358 58300 139978 57838 36582 45612 60438 215632 184598 61780 10992 35742 41198 4398 4182 13114 59886 96514 5668 2073600 2073600 5 12 462850 994560 993600 117532 117296 114049 113973 12 12 12 12 3 0 0 0 0 
[ 1175.991845] MESSAGE_B= 4 0 0 87 8 0 192 0 248 179 0 0 150 0 1667 0 124 0 2566 0 0 0 0 0 0 0 0 1 12 0 0 0 0 0 5 1 0 0 0 0 0 1 0 0 1 8 0 10900 172284 58300 139978 57838 36582 45612 60438 215632 184598 61780 10992 35742 41198 4398 4182 13114 59886 96514 5668 2073600 2073600 5 12 463077 990720 993600 117609 117356 114115 113997 12 12 12 12 37 0 0 0 0 
[ 1176.269275] MESSAGE_B= 4 0 0 87 8 0 192 0 248 179 0 0 151 0 1595 0 124 0 2452 0 0 0 0 0 0 0 0 1 12 0 0 0 0 0 6 2 0 0 0 0 0 1 0 0 1 8 0 6874 227676 58300 139978 57838 36582 45612 60438 215632 184598 61780 10992 35742 41198 4398 4182 13114 59886 96514 5668 2073600 2073600 5 12 465424 994560 993600 118221 117954 114630 114619 12 12 12 12 43 0 0 0 0 
[ 1176.542844] MESSAGE_B= 4 0 0 87 7 0 192 0 248 179 0 0 145 0 1395 0 127 0 2229 0 0 0 0 0 0 0 0 1 12 0 0 0 0 0 10 9 0 0 0 0 0 1 0 0 1 7 0 10252 175954 58300 139978 57838 36582 45612 60438 215632 184598 61780 10992 35742 41198 4398 4182 13114 59886 96514 5668 2073600 2073600 5 12 471625 990720 993600 119716 119518 116245 116146 12 12 12 12 45 0 0 0 0 
[ 1176.816849] MESSAGE_B= 4 0 0 86 7 1 192 0 248 179 0 0 50 0 72 0 29 0 262 0 0 0 0 0 0 0 0 1 12 0 0 0 0 0 0 0 0 0 0 0 0 1 0 0 1 7 1 3868 214088 58300 139978 57838 36582 45612 60438 215632 184598 61780 10992 35742 41198 4398 4182 13114 59886 96514 5668 2073600 2073600 5 12 503554 994560 993600 127017 127177 124615 124745 12 12 12 12 45 0 0 0 0 
[ 1177.092843] MESSAGE_B= 4 0 0 76 7 3 192 0 248 179 0 0 0 0 0 0 0 0 0 0 0 0 0 0 0 0 0 1 12 0 0 0 0 0 0 0 0 1 1 0 0 1 0 0 1 7 3 5810 162706 58300 139978 57838 36582 45612 60438 215632 184598 61780 10992 35742 41198 4398 4182 13114 59886 96514 5668 2073600 2073600 5 12 508424 990720 993600 128104 128104 126202 126014 12 12 12 12 42 0 0 0 0 
[ 1177.364842] MESSAGE_B= 4 0 0 81 7 4 192 0 248 179 0 0 0 0 0 0 0 0 0 0 0 0 0 0 0 0 0 1 12 0 0 0 0 0 0 0 0 1 1 0 0 1 0 0 1 7 4 538 3432 58300 139978 57838 36582 45612 60438 215632 184598 61780 10992 35742 41198 4398 4182 13114 59886 96514 5668 2073600 2073600 4 12 508382 994560 993600 128084 128102 126182 126014 12 12 12 12 47 0 0 0 0 
[ 1177.637851] MESSAGE_B= 0 0 0 79 6 1 192 0 248 179 0 0 0 0 0 0 0 0 0 0 0 0 0 0 0 0 0 1 12 0 0 0 0 0 27 6 0 0 0 0 0 1 0 0 1 6 1 2616 39358 37068 84262 53298 59000 50664 59292 232314 271502 36100 10048 53342 23378 9136 9870 9966 151578 130218 2040 2073600 2073600 2 12 489345 990720 993600 122338 122930 121927 122150 12 12 12 12 47 0 0 0 0 
[ 1177.913836] MESSAGE_B= 4 0 0 84 5 1 192 0 248 179 0 0 0 0 0 0 0 0 0 0 0 0 0 0 0 0 0 1 12 0 0 0 0 0 27 13 0 0 0 0 0 1 0 0 1 5 1 9806 77424 37068 84262 53298 59000 50664 59292 232314 271502 36100 10048 53342 23378 9136 9870 9966 151578 130218 2040 2073600 2073600 5 12 485023 994560 993600 120987 121659 120996 121381 12 12 12 12 41 0 0 0 0 
[ 1178.185850] MESSAGE_B= 4 0 0 85 5 1 192 0 248 179 0 0 0 0 0 0 0 0 0 0 0 0 0 0 0 0 0 1 12 0 0 0 0 0 29 15 0 0 0 0 0 1 0 0 1 5 1 8628 138680 37068 84262 53298 59000 50664 59292 232314 271502 36100 10048 53342 23378 9136 9870 9966 151578 130218 2040 2073600 2073600 5 12 483556 990720 993600 120474 121285 120645 121152 12 12 12 12 41 0 0 0 0 
[ 1178.465781] MESSAGE_B= 4 0 0 86 6 1 192 0 248 179 0 0 0 0 0 0 0 0 0 0 0 0 0 0 0 0 0 1 12 0 0 0 0 0 0 0 0 0 0 0 0 1 0 0 1 6 1 11642 100732 37068 84262 53298 59000 50664 59292 232314 271502 36100 10048 53342 23378 9136 9870 9966 151578 130218 2040 2073600 2073600 5 12 487796 994560 993600 120533 121344 122625 123294 12 12 12 12 27 0 0 0 0 
[ 1178.740845] MESSAGE_B= 4 0 0 87 6 1 192 0 248 179 0 0 0 0 0 0 0 0 0 0 0 0 0 0 0 0 0 1 12 0 0 0 0 0 0 0 0 0 0 0 0 1 0 0 1 6 1 8082 131070 37068 84262 53298 59000 50664 59292 232314 271502 36100 10048 53342 23378 9136 9870 9966 151578 130218 2040 2073600 2073600 5 12 487928 990720 993600 120540 121372 122682 123334 12 12 12 12 8 0 0 0 0 
[ 1179.013838] MESSAGE_B= 4 0 0 88 6 1 192 0 248 179 0 0 0 0 0 0 0 0 0 0 0 0 0 0 0 0 0 1 12 0 0 0 0 0 0 0 0 0 0 0 0 1 0 0 1 6 1 10442 101298 37068 84262 53298 59000 50664 59292 232314 271502 36100 10048 53342 23378 9136 9870 9966 151578 130218 2040 2073600 2073600 5 12 487940 994560 993600 120545 121369 122687 123339 12 12 12 12 4 0 0 0 0 
[ 1179.164848] MESSAGE_B= 4 0 0 88 6 1 192 0 248 179 0 0 0 0 0 0 0 0 0 0 0 0 0 0 0 0 0 1 12 0 0 0 0 0 0 0 0 0 0 0 0 1 0 0 1 6 1 8808 161610 37068 84262 53298 59000 50664 59292 232314 271502 36100 10048 53342 23378 9136 9870 9966 151578 130218 2040 2073600 2073600 5 12 488135 990720 993600 120619 121447 122695 123374 12 12 12 12 43 0 0 0 0 
[ 1179.444659] MESSAGE_B= 4 0 0 88 5 1 192 0 248 179 0 0 0 0 0 0 0 0 0 0 0 0 0 0 0 0 0 1 12 0 0 0 0 0 0 0 0 0 0 0 0 1 0 0 1 5 1 10616 101108 37068 84262 53298 59000 50664 59292 232314 271502 36100 10048 53342 23378 9136 9870 9966 151578 130218 2040 2073600 2073600 5 12 490338 994560 993600 121383 121998 123222 123735 12 12 12 12 55 0 0 0 0 
[ 1179.725862] MESSAGE_B= 4 0 0 89 5 1 192 0 248 179 0 0 0 0 0 0 0 0 0 0 0 0 0 0 0 0 0 1 12 0 0 0 0 0 0 0 0 0 0 0 0 1 0 0 1 5 1 8664 159528 37068 84262 53298 59000 50664 59292 232314 271502 36100 10048 53342 23378 9136 9870 9966 151578 130218 2040 2073600 2073600 5 12 494362 990720 993600 122672 123230 124008 124452 12 12 12 12 55 0 0 0 0 
[ 1179.998696] MESSAGE_B= 4 7 0 90 3 2 192 0 248 179 0 0 0 0 0 0 0 0 0 0 0 0 0 0 0 0 0 1 12 0 0 0 0 0 0 0 0 1 1 1 1 1 1 1 1 3 2 8954 91938 28758 71764 27914 23826 29468 45414 115794 188112 37354 9690 37448 50030 13106 10388 15444 72622 106276 12390 2073600 2073600 5 12 512416 994560 993600 128104 128104 128104 128104 12 12 12 12 65 0 0 0 0 
[ 1180.271897] MESSAGE_B= 4 7 0 79 2 3 192 0 248 179 0 0 0 0 0 0 0 0 0 0 0 0 0 0 0 0 0 1 12 0 0 0 0 0 0 0 0 1 1 1 1 1 1 1 1 2 3 6282 129490 28758 71764 27914 23826 29468 45414 115794 188112 37354 9690 37448 50030 13106 10388 15444 72622 106276 12390 2073600 2073600 5 12 512416 990720 993600 128104 128104 128104 128104 12 12 12 12 65 0 0 0 0 
[ 1180.543853] MESSAGE_B= 4 7 0 85 1 3 192 0 248 179 0 0 0 0 0 0 0 0 0 0 0 0 0 0 0 0 0 1 12 0 0 0 0 0 0 0 0 1 1 1 1 1 1 1 1 1 3 910 14474 28758 71764 27914 23826 29468 45414 115794 188112 37354 9690 37448 50030 13106 10388 15444 72622 106276 12390 2073600 2073600 4 12 512416 994560 993600 128104 128104 128104 128104 12 12 12 12 9 0 0 0 0 
[ 1180.821854] MESSAGE_B= 4 0 0 78 4 2 192 0 248 179 0 0 0 0 0 0 0 0 0 0 0 0 0 0 0 0 0 1 12 0 0 0 0 0 0 0 0 0 0 0 0 1 0 0 1 4 2 170 1166 28758 71764 27914 23826 29468 45414 115794 188112 37354 9690 37448 50030 13106 10388 15444 72622 106276 12390 2073600 2073600 4 12 509087 990720 993600 127260 127298 126942 127587 12 12 12 12 68 0 0 0 0 
[ 1181.096638] MESSAGE_B= 5 0 0 82 4 1 192 0 248 179 0 0 0 0 0 0 0 0 0 0 0 0 0 0 0 0 0 1 12 0 0 0 0 0 0 0 0 0 0 0 0 1 0 0 1 4 1 884 728 28758 71764 27914 23826 29468 45414 115794 188112 37354 9690 37448 50030 13106 10388 15444 72622 106276 12390 2073600 2073600 6 12 505359 994560 993600 125978 125995 126182 127204 12 12 12 12 68 0 0 0 0 
[ 1181.370845] MESSAGE_B= 4 0 0 88 5 1 192 0 248 179 0 0 0 0 0 0 0 0 0 0 0 0 0 0 0 0 0 1 12 0 0 0 0 0 0 0 0 0 0 0 0 1 0 0 1 5 1 11218 49084 28758 71764 27914 23826 29468 45414 115794 188112 37354 9690 37448 50030 13106 10388 15444 72622 106276 12390 2073600 2073600 5 12 504257 990720 993600 125628 125592 125916 127121 12 12 12 12 57 0 0 0 0 
[ 1181.521859] MESSAGE_B= 0 0 0 89 5 1 192 0 248 179 0 0 0 0 0 0 0 0 0 0 0 0 0 0 0 0 0 1 12 0 0 0 0 0 0 0 0 0 0 0 0 1 0 0 1 5 1 1752 28280 28758 71764 27914 23826 29468 45414 115794 188112 37354 9690 37448 50030 13106 10388 15444 72622 106276 12390 2073600 2073600 2 12 503967 994560 993600 125511 125489 125872 127095 12 12 12 12 57 0 0 0 0 
[ 1181.801853] MESSAGE_B= 4 0 0 97 5 1 192 0 248 179 0 0 0 0 0 0 0 0 0 0 0 0 0 0 0 0 0 1 12 0 0 0 0 0 0 0 0 0 0 0 0 1 0 0 1 5 1 11922 60332 28758 71764 27914 23826 29468 45414 115794 188112 37354 9690 37448 50030 13106 10388 15444 72622 106276 12390 2073600 2073600 5 12 503818 990720 993600 125472 125435 125830 127081 12 12 12 12 57 0 0 0 0 
[ 1182.074847] MESSAGE_B= 0 0 0 101 5 1 192 0 248 179 0 0 0 0 0 0 0 0 0 0 0 0 0 0 0 0 0 1 12 0 0 0 0 0 0 0 0 0 0 0 0 1 0 0 1 5 1 2110 30534 28758 71764 27914 23826 29468 45414 115794 188112 37354 9690 37448 50030 13106 10388 15444 72622 106276 12390 2073600 2073600 2 12 504021 994560 993600 125534 125502 125886 127099 12 12 12 12 51 0 0 0 0 
[ 1182.356850] MESSAGE_B= 4 0 0 104 4 1 192 0 248 179 0 0 0 0 0 0 0 0 0 0 0 0 0 0 0 0 0 1 12 0 0 0 0 0 0 0 0 0 0 0 0 1 0 0 1 4 1 11816 62054 19220 53084 20330 10 8214 25652 274930 251724 23408 9816 13174 20242 12 4458 10630 78426 115098 9892 2073600 2073600 5 12 504624 990720 993600 125742 125701 126013 127168 12 12 12 12 51 0 0 0 0 
[ 1182.637849] MESSAGE_B= 0 0 0 109 5 1 192 0 248 179 0 0 0 0 0 0 0 0 0 0 0 0 0 0 0 0 0 1 12 0 0 0 0 0 0 0 0 0 0 0 0 1 0 0 1 5 1 2198 30040 19220 53084 20330 10 8214 25652 274930 251724 23408 9816 13174 20242 12 4458 10630 78426 115098 9892 2073600 2073600 2 12 505229 994560 993600 125940 125929 126166 127194 12 12 12 12 47 0 0 0 0 
[ 1182.912843] MESSAGE_B= 4 0 0 108 4 1 192 0 248 179 0 0 0 0 0 0 0 0 0 0 0 0 0 0 0 0 0 1 12 0 0 0 0 0 0 0 0 0 0 0 0 1 0 0 1 4 1 11176 57378 19220 53084 20330 10 8214 25652 274930 251724 23408 9816 13174 20242 12 4458 10630 78426 115098 9892 2073600 2073600 5 12 506427 990720 993600 126333 126357 126405 127332 12 12 12 12 47 0 0 0 0 
[ 1183.183861] MESSAGE_B= 0 0 0 109 3 2 192 0 248 179 0 0 0 0 0 0 0 0 0 0 0 0 0 0 0 0 0 1 12 0 0 0 0 0 0 0 0 0 0 0 0 1 0 0 1 3 2 1646 27896 19220 53084 20330 10 8214 25652 274930 251724 23408 9816 13174 20242 12 4458 10630 78426 115098 9892 2073600 2073600 2 12 509226 994560 993600 127275 127287 127056 127608 12 12 12 12 47 0 0 0 0 
[ 1183.463424] MESSAGE_B= 4 7 0 113 2 4 192 0 248 179 0 0 0 0 0 0 0 0 0 0 0 0 0 0 0 0 0 1 12 0 0 0 0 0 0 0 0 1 1 1 1 1 1 1 1 2 4 10454 50958 19220 53084 20330 10 8214 25652 274930 251724 23408 9816 13174 20242 12 4458 10630 78426 115098 9892 2073600 2073600 5 12 512416 990720 993600 128104 128104 128104 128104 12 12 12 12 38 0 0 0 0 
[ 1183.613845] MESSAGE_B= 4 7 0 109 0 18 192 0 248 179 0 0 0 0 0 0 0 0 0 0 0 0 0 0 0 0 0 1 12 0 0 0 0 0 0 0 0 1 1 1 1 1 1 1 1 0 18 22 23492 19220 53084 20330 10 8214 25652 274930 251724 23408 9816 13174 20242 12 4458 10630 78426 115098 9892 2073600 2073600 4 12 512416 994560 993600 128104 128104 128104 128104 12 12 12 12 38 0 0 0 0 
[ 1183.895070] MESSAGE_B= 4 7 0 117 6 3 192 0 248 179 0 0 0 0 0 0 0 0 0 0 0 0 0 0 0 0 0 1 12 0 0 0 0 0 0 0 0 1 1 1 1 1 1 1 1 6 3 0 0 19220 53084 20330 10 8214 25652 274930 251724 23408 9816 13174 20242 12 4458 10630 78426 115098 9892 2073600 2073600 4 12 512416 990720 993600 128104 128104 128104 128104 12 12 12 12 0 0 0 0 0 
[ 1184.165847] MESSAGE_B= 4 7 0 117 0 241 192 0 248 179 0 0 0 0 0 0 0 0 0 0 0 0 0 0 0 0 0 1 12 0 0 0 0 0 0 0 0 1 1 1 1 1 1 1 1 0 241 0 0 19220 53084 20330 10 8214 25652 274930 251724 23408 9816 13174 20242 12 4458 10630 78426 115098 9892 2073600 2073600 4 12 512416 994560 993600 128104 128104 128104 128104 12 12 12 12 45 0 0 0 0 
[ 1184.438842] MESSAGE_B= 4 7 0 93 2 9 192 0 248 179 0 0 0 0 0 0 0 0 0 0 0 0 0 0 0 0 0 1 12 0 0 0 0 0 0 0 0 1 1 1 1 1 1 1 1 2 9 0 0 19220 53084 20330 10 8214 25652 274930 251724 23408 9816 13174 20242 12 4458 10630 78426 115098 9892 2073600 2073600 4 12 512416 990720 993600 128104 128104 128104 128104 12 12 12 12 45 0 0 0 0 
[ 1184.712845] MESSAGE_B= 0 0 0 82 1 5 192 0 248 179 0 0 0 0 0 0 165 0 864 0 0 0 0 0 0 0 0 1 12 0 0 0 0 0 78 4 0 0 0 0 0 1 0 0 1 1 5 131998 42804 18462 50928 24346 13412 10474 6878 269626 425380 2 275860 45626 26204 8802 1086 98 74832 95338 1028 2073600 2073600 3 12 472451 994560 993600 110553 125701 113528 122669 12 12 12 12 46 0 0 0 0 
[ 1184.992498] MESSAGE_B= 0 0 0 85 1 4 192 0 248 179 0 0 961 0 648 633 0 964 0 0 54 0 35 68 0 540 0 0 12 0 192 197 0 0 31 178 0 1 2 0 1 1 0 2 1 1 4 143816 149290 18462 50928 24346 13412 10474 6878 269626 425380 2 275860 45626 26204 8802 1086 98 74832 95338 1028 2073600 2073600 3 12 437133 990720 993600 104923 121661 98001 112548 12 12 12 12 46 0 0 0 0 
[ 1185.269869] MESSAGE_B= 0 0 0 90 1 3 192 0 248 179 0 0 1258 0 851 820 1327 964 584 0 51 0 48 115 269 243 24 0 12 0 193 194 2 0 102 148 0 1 2 2 2 1 2 2 1 1 3 239432 305422 18462 50928 24346 13412 10474 6878 269626 425380 2 275860 45626 26204 8802 1086 98 74832 95338 1028 2073600 2073600 3 12 405241 994560 993600 102426 117463 90946 94406 12 12 12 12 23 0 0 0 0 
[ 1185.543862] MESSAGE_B= 0 0 0 99 1 3 192 0 248 179 0 0 1304 0 823 1086 1458 1237 714 0 305 0 295 188 421 226 81 0 12 0 221 154 165 0 212 99 145 1 2 2 2 1 2 2 2 1 3 268348 274976 18462 50928 24346 13412 10474 6878 269626 425380 2 275860 45626 26204 8802 1086 98 74832 95338 1028 2073600 2073600 3 12 366944 990720 993600 96720 108126 82428 79670 12 12 12 12 19 0 0 0 0 
[ 1185.817858] MESSAGE_B= 0 0 0 112 1 3 192 0 248 179 0 624 1368 828 763 1222 1335 1393 750 98 372 163 327 332 613 382 170 0 12 255 166 178 231 0 198 133 236 2 2 2 0 1 2 2 2 1 3 265250 734872 18462 50928 24346 13412 10474 6878 269626 425380 2 275860 45626 26204 8802 1086 98 74832 95338 1028 2073600 2073600 3 12 317123 994560 993600 88780 90860 74809 62674 12 12 12 12 19 0 0 0 0 
[ 1186.096842] MESSAGE_B= 0 0 0 124 1 2 192 0 248 179 0 758 1605 880 855 1170 1467 1472 900 135 394 110 395 549 661 567 232 0 12 205 94 173 217 151 195 186 228 2 2 2 0 2 2 2 2 1 2 281856 572488 18462 50928 24346 13412 10474 6878 269626 425380 2 275860 45626 26204 8802 1086 98 74832 95338 1028 2073600 2073600 3 12 255523 990720 993600 82172 72348 61425 57541 12 12 12 0 19 0 0 0 0 
[ 1186.376926] MESSAGE_B= 0 0 0 133 1 2 192 0 248 179 0 768 1605 893 858 1159 1473 1490 906 140 389 109 392 553 662 570 234 0 12 192 88 161 215 134 188 185 230 2 2 2 0 2 2 2 2 1 2 327470 712912 18462 50928 24346 13412 10474 6878 269626 425380 2 275860 45626 26204 8802 1086 98 74832 95338 1028 2073600 2073600 3 12 252609 994560 993600 81946 71567 60042 59537 12 12 12 0 19 0 0 0 0 
[ 1186.530877] MESSAGE_B= 0 0 0 138 1 2 192 0 248 179 0 750 1607 909 862 1162 1469 1485 907 143 387 102 393 560 659 570 232 0 12 176 89 164 217 88 189 186 227 2 2 2 0 2 2 2 2 1 2 270024 631246 18462 50928 24346 13412 10474 6878 269626 425380 2 275860 45626 26204 8802 1086 98 74832 95338 1028 2073600 2073600 3 12 252517 990720 993600 81790 71648 60024 59930 12 12 12 0 12 0 0 0 0 
[ 1186.814532] MESSAGE_B= 0 0 0 138 1 2 192 0 248 179 0 773 1602 899 860 1161 1474 1470 910 152 386 107 393 548 661 569 234 0 12 186 90 171 216 88 188 188 225 2 2 2 0 2 2 2 2 1 2 310728 727204 18462 50928 24346 13412 10474 6878 269626 425380 2 275860 45626 26204 8802 1086 98 74832 95338 1028 2073600 2073600 3 12 252885 994560 993600 81871 71579 60089 59345 12 12 12 0 5 0 0 0 0 
[ 1187.098208] MESSAGE_B= 0 0 0 139 1 2 192 0 248 179 0 762 1604 904 864 1147 1471 1476 909 150 383 107 397 554 660 573 236 0 12 165 92 163 215 110 192 188 229 2 2 2 0 2 2 2 2 1 2 263380 627980 500536 343614 225650 521706 131814 497696 286232 200074 494864 539346 560338 12320 478916 208828 557068 124002 216592 514288 2073600 2073600 3 12 252831 990720 993600 81726 71662 60133 59347 12 12 12 0 4 0 0 0 0 
[ 1187.378847] MESSAGE_B= 0 0 0 140 1 2 192 0 248 179 0 768 1602 896 862 1155 1476 1469 911 145 382 106 392 560 661 570 234 0 12 166 89 168 214 153 187 188 226 2 2 2 0 2 2 2 2 1 2 310388 725046 500536 343614 225650 521706 131814 497696 286232 200074 494864 539346 560338 12320 478916 208828 557068 124002 216592 514288 2073600 2073600 3 12 252943 994560 993600 81748 71606 60071 59411 12 12 12 0 4 0 0 0 0 
[ 1187.664888] MESSAGE_B= 0 0 0 139 1 1 192 0 248 179 0 760 1610 898 863 1151 1472 1467 908 146 383 106 398 555 660 572 234 0 12 166 92 167 215 166 187 184 225 2 2 2 0 2 2 2 2 1 1 261176 627384 500536 343614 225650 521706 131814 497696 286232 200074 494864 539346 560338 12320 478916 208828 557068 124002 216592 514288 2073600 2073600 1 12 253241 990720 993600 81839 71728 60065 58750 12 12 12 0 4 0 0 0 0 
[ 1187.943856] MESSAGE_B= 0 0 0 140 1 1 192 0 248 179 0 767 1604 900 862 1152 1477 1470 911 157 384 99 393 556 659 571 234 0 12 147 93 166 215 22 187 185 229 2 2 2 0 2 2 2 2 1 1 310434 722712 500536 343614 225650 521706 131814 497696 286232 200074 494864 539346 560338 12320 478916 208828 557068 124002 216592 514288 2073600 2073600 1 12 252921 994560 993600 81721 71594 60069 58984 12 12 12 0 4 0 0 0 0 
[ 1188.222859] MESSAGE_B= 0 0 0 140 1 1 192 0 248 179 0 764 1612 902 864 1149 1474 1480 909 155 386 110 395 550 660 574 235 0 12 171 93 163 216 160 192 185 228 2 2 2 0 2 2 2 2 1 1 261008 627270 500536 343614 225650 521706 131814 497696 286232 200074 494864 539346 560338 12320 478916 208828 557068 124002 216592 514288 2073600 2073600 1 12 253331 990720 993600 81705 71769 60253 58223 12 12 12 0 4 0 0 0 0 
[ 1188.509868] MESSAGE_B= 0 0 0 140 1 1 192 0 248 179 0 774 1604 901 865 1156 1477 1483 911 157 390 107 393 560 659 571 235 0 12 157 93 162 215 21 191 186 230 2 2 2 0 2 2 2 2 1 1 309876 720524 500536 343614 225650 521706 131814 497696 286232 200074 494864 539346 560338 12320 478916 208828 557068 124002 216592 514288 2073600 2073600 1 12 253433 994560 993600 81682 71716 60436 58751 12 12 12 0 4 0 0 0 0 
[ 1188.788862] MESSAGE_B= 0 0 0 140 1 1 192 0 248 179 0 777 1610 902 864 1148 1479 1473 911 135 377 117 393 553 659 572 235 0 12 164 89 164 215 215 186 188 226 2 2 2 0 2 2 2 2 1 1 260684 626036 500536 343614 225650 521706 131814 497696 286232 200074 494864 539346 560338 12320 478916 208828 557068 124002 216592 514288 2073600 2073600 1 12 253704 990720 993600 81976 71796 60259 58482 12 12 12 0 9 0 0 0 0 
[ 1189.030846] MESSAGE_B= 0 0 0 139 2 1 192 0 248 179 0 768 1607 891 865 1146 1468 1465 911 139 382 109 395 553 649 568 232 0 12 179 93 163 215 219 190 188 227 2 2 2 0 2 2 2 2 2 1 314786 721962 500536 343614 225650 521706 131814 497696 286232 200074 494864 539346 560338 12320 478916 208828 557068 124002 216592 514288 2073600 2073600 2 12 253624 994560 993600 81874 71977 59825 58557 12 12 12 0 9 0 0 0 0 
[ 1189.308857] MESSAGE_B= 0 0 0 138 2 1 192 0 248 179 0 775 1610 900 864 1161 1474 1474 911 136 386 111 400 556 652 566 234 0 12 173 88 164 216 210 191 187 225 2 2 2 0 2 2 2 2 2 1 263220 624370 500536 343614 225650 521706 131814 497696 286232 200074 494864 539346 560338 12320 478916 208828 557068 124002 216592 514288 2073600 2073600 2 12 253242 990720 993600 81855 71740 59658 58534 12 12 12 0 4 0 0 0 0 
[ 1189.586871] MESSAGE_B= 0 0 0 139 2 1 192 0 248 179 0 785 1606 906 863 1154 1475 1481 912 140 384 114 401 555 653 567 233 0 12 177 91 160 216 194 191 190 223 2 2 2 0 2 2 2 2 2 1 311554 717082 495684 425878 247906 518084 243380 503406 284726 183254 495302 538536 359614 148086 554016 219642 541078 130198 242638 514066 2073600 2073600 2 12 253029 994560 993600 81727 71691 59719 59014 12 12 12 0 4 0 0 0 0 
[ 1189.865879] MESSAGE_B= 0 0 0 140 2 1 192 0 248 179 0 770 1608 901 863 1150 1468 1474 910 138 383 109 392 551 648 568 230 0 12 177 97 162 217 156 194 189 229 2 2 2 0 2 2 2 2 2 1 262394 625284 495684 425878 247906 518084 243380 503406 284726 183254 495302 538536 359614 148086 554016 219642 541078 130198 242638 514066 2073600 2073600 2 12 253390 990720 993600 81755 71873 59868 58546 12 12 12 0 4 0 0 0 0 
[ 1190.144847] MESSAGE_B= 0 0 0 139 2 1 192 0 248 179 0 777 1604 897 862 1146 1474 1460 911 143 381 105 394 553 653 572 231 0 12 169 95 165 217 90 196 188 226 2 2 2 0 2 2 2 2 2 1 310650 717894 495684 425878 247906 518084 243380 503406 284726 183254 495302 538536 359614 148086 554016 219642 541078 130198 242638 514066 2073600 2073600 2 12 253048 994560 993600 81717 71706 59685 58601 12 12 12 0 4 0 0 0 0 
[ 1190.302854] MESSAGE_B= 0 0 0 139 2 1 192 0 248 179 0 780 1607 897 864 1140 1469 1462 910 147 378 109 392 554 650 572 232 0 12 179 96 163 216 140 195 185 225 2 2 2 0 2 2 2 2 2 1 262956 625400 495684 425878 247906 518084 243380 503406 284726 183254 495302 538536 359614 148086 554016 219642 541078 130198 242638 514066 2073600 2073600 2 12 253479 990720 993600 81755 71844 59892 58531 12 12 12 0 4 0 0 0 0 
[ 1190.579845] MESSAGE_B= 0 0 0 139 2 1 192 0 248 179 0 784 1614 890 860 1145 1475 1465 912 140 387 106 392 550 651 567 233 0 12 192 92 162 215 105 194 186 224 2 2 2 0 2 2 2 2 2 1 310524 716476 495684 425878 247906 518084 243380 503406 284726 183254 495302 538536 359614 148086 554016 219642 541078 130198 242638 514066 2073600 2073600 2 12 253280 994560 993600 81906 71747 59630 59004 12 12 12 0 4 0 0 0 0 
[ 1190.857869] MESSAGE_B= 0 0 0 139 2 1 192 0 248 179 0 781 1611 892 867 1143 1471 1466 910 139 383 107 396 549 648 570 234 0 12 182 96 162 216 155 190 187 225 2 2 2 0 2 2 2 2 2 1 263476 625066 495684 425878 247906 518084 243380 503406 284726 183254 495302 538536 359614 148086 554016 219642 541078 130198 242638 514066 2073600 2073600 2 12 253251 990720 993600 81940 71801 59583 58870 12 12 12 0 4 0 0 0 0 
[ 1191.135862] MESSAGE_B= 0 0 0 140 2 1 192 0 248 179 0 789 1607 893 866 1145 1470 1477 910 139 384 103 394 551 648 568 230 0 12 192 92 158 216 74 194 188 227 2 2 2 0 2 2 2 2 2 1 310866 715828 495684 425878 247906 518084 243380 503406 284726 183254 495302 538536 359614 148086 554016 219642 541078 130198 242638 514066 2073600 2073600 2 12 253354 994560 993600 81841 71851 59690 58523 12 12 12 0 4 0 0 0 0 
[ 1191.412856] MESSAGE_B= 0 0 0 140 2 1 192 0 248 179 0 784 1608 892 863 1132 1475 1456 912 136 387 104 394 552 650 574 232 0 12 184 90 162 216 64 191 187 224 2 2 2 0 2 2 2 2 2 1 262804 625810 495684 425878 247906 518084 243380 503406 284726 183254 495302 538536 359614 148086 554016 219642 541078 130198 242638 514066 2073600 2073600 2 12 253119 990720 993600 81816 71869 59420 59146 12 12 12 0 4 0 0 0 0 
[ 1191.693869] MESSAGE_B= 0 0 0 140 2 1 192 0 248 179 0 797 1610 896 866 1142 1471 1472 910 142 383 105 395 550 647 567 231 0 12 203 91 161 215 151 195 185 224 2 2 2 0 2 2 2 2 2 1 309514 715026 495684 425878 247906 518084 243380 503406 284726 183254 495302 538536 359614 148086 554016 219642 541078 130198 242638 514066 2073600 2073600 2 12 253654 994560 993600 81850 72064 59720 58736 12 12 12 0 4 0 0 0 0 
[ 1191.972852] MESSAGE_B= 0 0 0 139 2 1 192 0 248 179 0 787 1603 895 865 1146 1478 1467 912 142 381 101 398 553 657 559 233 0 12 180 91 159 214 72 180 182 227 2 2 2 0 2 2 2 2 2 1 262800 624376 493310 427070 250918 519558 241594 502008 284082 207888 492694 535572 361926 140394 554582 223904 545604 104544 233524 510740 2073600 2073600 2 12 254370 990720 993600 81687 72096 60108 58908 12 12 12 0 4 0 0 0 0 
