[ 7800.754857] MESSAGE_B= 4 4 0 48 9 2 192 0 248 179 0 1936 1847 2015 1904 1419 1416 1432 1415 499 658 558 743 245 194 316 222 0 12 254 255 237 247 60 26 55 19 0 0 0 0 2 0 2 0 9 2 230628 765310 2 211450 167742 98834 74282 199482 202072 15782 2 2 138814 141474 135064 125872 131918 5742 10120 2 2073600 2073600 4 12 180368 994560 993600 43328 46723 66409 66662 5 6 12 12 69 4 4 4 4 
[ 7801.034432] MESSAGE_B= 0 4 4 40 8 2 192 0 248 179 0 1839 1619 1924 1682 786 1021 766 1007 645 889 700 985 303 255 326 273 0 31 255 255 252 252 37 43 37 43 0 0 0 0 0 0 0 0 8 2 135450 273844 2 211450 167742 98834 74282 199482 202072 15782 2 2 138814 141474 135064 125872 131918 5742 10120 2 2073600 2073600 2 12 170885 990720 993600 45469 52041 62159 61653 5 6 12 12 69 4 4 4 4 
[ 7801.314582] MESSAGE_B= 4 4 4 42 9 2 192 0 248 179 0 1852 1612 1936 1672 794 1040 771 1025 638 895 692 993 299 283 320 306 0 31 255 255 250 253 35 23 38 22 0 0 0 0 0 0 0 0 9 2 298422 802838 2 211450 167742 98834 74282 199482 202072 15782 2 2 138814 141474 135064 125872 131918 5742 10120 2 2073600 2073600 4 12 171761 994560 993600 43116 54910 61139 61332 5 6 12 12 60 4 4 4 4 
[ 7801.590863] MESSAGE_B= 4 4 4 41 10 2 192 0 248 179 0 1845 1574 1930 1636 781 1046 761 1036 633 920 687 1012 288 309 306 333 0 31 255 255 250 253 25 17 26 15 0 0 0 0 0 0 0 0 10 2 202196 272184 2 211450 167742 98834 74282 199482 202072 15782 2 2 138814 141474 135064 125872 131918 5742 10120 2 2073600 2073600 4 12 173741 990720 993600 43215 52541 61361 61239 5 6 12 12 55 4 4 4 4 
[ 7801.869857] MESSAGE_B= 4 4 4 42 9 2 192 0 248 179 0 1849 1595 1932 1657 773 1085 751 1073 630 905 687 1001 281 389 300 423 0 31 255 255 249 254 14 3 17 1 0 0 0 0 0 0 0 0 9 2 315524 797688 906784 6806 2 2 989260 794372 1278632 955398 926220 196426 4978 2 110194 336762 199534 1106076 225868 303742 2073600 2073600 4 12 172425 994560 993600 44107 53071 60799 60992 5 6 12 12 55 4 4 4 4 
[ 7802.153442] MESSAGE_B= 0 4 4 42 8 2 192 0 248 179 0 1850 1603 1930 1667 778 1061 758 1049 620 893 679 984 303 369 329 401 0 31 255 255 250 254 26 1 29 3 0 0 0 0 0 0 0 0 8 2 209208 262532 906784 6806 2 2 989260 794372 1278632 955398 926220 196426 4978 2 110194 336762 199534 1106076 225868 303742 2073600 2073600 2 12 173712 990720 993600 45486 52270 62099 61862 5 6 12 12 55 4 4 4 4 
[ 7802.308123] MESSAGE_B= 4 4 4 43 9 2 192 0 248 179 0 1873 1614 1954 1678 803 1061 780 1046 608 893 667 987 311 359 338 391 0 31 255 255 252 254 31 0 34 1 0 0 0 0 0 0 0 0 9 2 307368 809370 906784 6806 2 2 989260 794372 1278632 955398 926220 196426 4978 2 110194 336762 199534 1106076 225868 303742 2073600 2073600 4 12 172091 994560 993600 44138 54741 61612 61991 5 6 12 12 55 4 4 4 4 
[ 7802.583856] MESSAGE_B= 4 4 4 44 9 2 192 0 248 179 0 1864 1606 1948 1670 807 1060 787 1048 609 891 667 984 314 362 343 391 0 31 255 255 251 254 25 5 29 2 0 0 0 0 0 0 0 0 9 2 213148 284118 906784 6806 2 2 989260 794372 1278632 955398 926220 196426 4978 2 110194 336762 199534 1106076 225868 303742 2073600 2073600 4 12 170619 990720 993600 45225 52644 61626 61104 5 6 12 12 55 4 4 4 4 
[ 7802.859860] MESSAGE_B= 4 4 4 44 9 2 192 0 248 179 0 1857 1600 1939 1660 813 1058 791 1044 614 896 671 992 316 361 342 392 0 31 255 255 251 254 3 11 11 9 0 0 0 0 0 0 0 0 9 2 305422 806568 906784 6806 2 2 989260 794372 1278632 955398 926220 196426 4978 2 110194 336762 199534 1106076 225868 303742 2073600 2073600 4 12 171704 994560 993600 45848 52336 61872 61610 5 6 12 12 53 4 4 4 4 
[ 7803.137845] MESSAGE_B= 4 4 4 43 9 2 192 0 248 179 0 1855 1616 1935 1678 842 1061 822 1047 622 888 682 981 321 361 345 388 0 31 255 255 251 255 13 12 3 10 0 0 0 0 0 0 0 0 9 2 211518 289188 906784 6806 2 2 989260 794372 1278632 955398 926220 196426 4978 2 110194 336762 199534 1106076 225868 303742 2073600 2073600 4 12 168358 990720 993600 46528 52176 60701 60472 5 6 12 12 53 4 4 4 4 
[ 7803.413854] MESSAGE_B= 4 4 4 44 15 1 192 0 248 179 0 1981 1616 1875 1496 2319 1974 2227 1825 300 490 318 481 677 906 668 913 0 31 242 255 253 253 62 69 46 82 0 0 0 0 0 0 0 0 15 1 302752 811152 906784 6806 2 2 989260 794372 1278632 955398 926220 196426 4978 2 110194 336762 199534 1106076 225868 303742 2073600 2073600 4 18 135096 994560 993600 47767 50672 21183 20165 19 18 17 12 107 4 4 4 4 
[ 7803.693620] MESSAGE_B= 4 4 4 68 13 1 192 0 248 179 0 1942 1609 1835 1495 2649 1864 2546 1726 290 477 305 461 822 833 814 825 0 31 241 254 255 253 168 21 167 37 0 0 0 0 0 0 0 0 13 1 99378 284318 906784 6806 2 2 989260 794372 1278632 955398 926220 196426 4978 2 110194 336762 199534 1106076 225868 303742 2073600 2073600 4 18 130966 990720 993600 47205 49295 25371 21500 18 18 25 24 110 4 4 4 4 
[ 7803.969886] MESSAGE_B= 4 4 4 65 14 1 192 0 248 179 0 1896 1607 1782 1488 2557 2013 2452 1881 274 464 285 451 896 619 886 629 0 31 243 254 255 252 160 30 161 47 0 0 0 0 0 0 0 0 14 1 431552 789394 906784 6806 2 2 989260 794372 1278632 955398 926220 196426 4978 2 110194 336762 199534 1106076 225868 303742 2073600 2073600 4 18 127652 994560 993600 45869 47907 24313 20751 18 18 25 25 110 4 4 4 4 
[ 7804.249844] MESSAGE_B= 4 4 4 67 17 1 192 0 248 179 0 1890 1639 1787 1524 2633 2274 2536 2137 269 434 284 421 881 828 873 846 0 31 243 254 254 253 166 0 163 5 0 0 0 0 0 0 0 0 17 1 98876 418488 1001508 708986 1417952 988266 1071048 818600 1306776 992100 964182 441396 915796 2 276324 471756 217990 1006790 136018 524122 2073600 2073600 4 18 122819 990720 993600 45392 48017 29458 25068 18 18 25 25 107 4 4 4 4 
[ 7804.527857] MESSAGE_B= 4 4 4 71 18 1 192 0 248 179 0 1946 1786 1836 1670 2721 2255 2622 2117 280 440 273 418 719 1047 715 1065 0 31 237 254 254 254 137 4 150 8 0 0 0 0 0 0 0 0 18 1 444676 769488 1001508 708986 1417952 988266 1071048 818600 1306776 992100 964182 441396 915796 2 276324 471756 217990 1006790 136018 524122 2073600 2073600 4 18 129102 994560 993600 48831 51288 33246 27734 18 18 25 25 104 4 4 4 4 
[ 7804.685852] MESSAGE_B= 4 4 4 78 19 2 192 0 248 179 0 2035 2046 1930 1932 2688 2227 2592 2089 297 665 304 631 785 1012 778 1033 0 31 237 255 254 254 138 42 140 50 0 0 0 0 0 0 0 0 19 2 125700 421180 1001508 708986 1417952 988266 1071048 818600 1306776 992100 964182 441396 915796 2 276324 471756 217990 1006790 136018 524122 2073600 2073600 4 18 126012 990720 993600 49372 50174 32744 28351 19 19 25 25 102 4 4 4 4 
[ 7804.963855] MESSAGE_B= 4 4 4 89 20 2 192 0 248 179 0 2274 2233 2155 2140 2788 2183 2699 2052 404 988 431 952 884 949 884 958 0 31 249 255 255 254 39 4 45 8 0 0 0 0 0 0 0 0 20 2 302668 730686 1001508 708986 1417952 988266 1071048 818600 1306776 992100 964182 441396 915796 2 276324 471756 217990 1006790 136018 524122 2073600 2073600 4 18 104902 994560 993600 36109 38135 32011 28048 19 19 25 25 98 4 4 4 4 
[ 7805.245850] MESSAGE_B= 4 4 4 108 23 2 192 0 248 179 0 2573 2587 2437 2480 2770 2123 2689 1998 234 985 272 958 832 881 827 876 0 31 242 255 255 254 3 3 14 11 0 0 0 0 0 0 0 0 23 2 136520 296904 1001508 708986 1417952 988266 1071048 818600 1306776 992100 964182 441396 915796 2 276324 471756 217990 1006790 136018 524122 2073600 2073600 4 23 106969 990720 993600 34913 36691 28023 24306 23 23 25 25 93 4 4 4 4 
[ 7805.524850] MESSAGE_B= 4 4 4 128 20 2 192 0 248 179 0 2709 2652 2551 2552 2801 2036 2718 1908 569 656 571 630 737 857 735 860 0 31 253 255 254 254 20 21 32 40 0 0 0 0 0 0 0 0 20 2 224428 568862 1001508 708986 1417952 988266 1071048 818600 1306776 992100 964182 441396 915796 2 276324 471756 217990 1006790 136018 524122 2073600 2073600 4 25 101452 994560 993600 34057 38346 30065 25674 19 19 25 25 93 4 4 4 4 
[ 7805.804432] MESSAGE_B= 4 4 4 113 22 2 192 0 248 179 0 2438 2687 2311 2558 2752 2075 2685 1949 725 486 716 451 597 859 583 858 0 31 254 255 253 254 109 0 115 14 0 0 0 0 0 0 0 0 22 2 128424 326004 1001508 708986 1417952 988266 1071048 818600 1306776 992100 964182 441396 915796 2 276324 471756 217990 1006790 136018 524122 2073600 2073600 4 19 112856 990720 993600 42207 44048 28263 25097 19 19 25 25 100 4 4 4 4 
[ 7806.045864] MESSAGE_B= 4 4 4 107 22 2 192 0 248 179 0 2443 2694 2327 2544 2615 2066 2539 1946 716 487 718 462 573 698 577 695 0 31 254 255 251 252 94 120 92 127 0 0 0 0 0 0 0 0 22 2 249026 575640 1001508 708986 1417952 988266 1071048 818600 1306776 992100 964182 441396 915796 2 276324 471756 217990 1006790 136018 524122 2073600 2073600 4 19 119344 994560 993600 42045 44399 20184 21376 19 19 22 22 111 4 4 4 4 
[ 7806.325857] MESSAGE_B= 4 4 4 106 22 1 192 0 248 179 0 2320 2394 2210 2242 2679 2058 2618 1930 664 547 647 531 422 742 424 745 0 31 253 255 250 254 172 138 182 139 0 0 0 0 0 0 0 0 22 1 100914 130718 1001508 708986 1417952 988266 1071048 818600 1306776 992100 964182 441396 915796 2 276324 471756 217990 1006790 136018 524122 2073600 2073600 4 19 126882 990720 993600 47872 51072 24002 21851 19 18 25 25 111 4 4 4 4 
[ 7806.605865] MESSAGE_B= 4 4 4 5 52 1 192 0 248 179 0 1342 2068 1152 1881 2094 2512 1851 2293 302 41 317 55 324 267 314 221 0 6 250 255 252 234 19 255 23 251 0 0 0 0 2 2 2 2 52 1 368810 728586 1520730 1002266 530380 758242 592050 659132 769292 465296 683708 674404 464680 178490 188292 290982 275610 478026 138416 480468 2073600 2073600 4 6 185975 994560 993600 91044 94717 76138 64443 6 6 0 0 109 4 4 4 4 
[ 7806.887597] MESSAGE_B= 4 4 4 5 66 2 192 0 248 179 0 1247 2055 1008 1860 1275 2333 1391 2194 185 52 204 53 268 229 350 210 0 6 175 220 127 211 51 244 51 121 0 0 0 0 2 2 2 2 66 2 476450 816912 1520730 1002266 530380 758242 592050 659132 769292 465296 683708 674404 464680 178490 188292 290982 275610 478026 138416 480468 2073600 2073600 4 6 193162 990720 993600 94788 98124 81122 67521 6 6 0 0 49 4 4 4 4 
[ 7807.169880] MESSAGE_B= 4 4 4 4 65 2 192 0 248 179 0 1464 1703 1162 1432 2214 2262 1997 2043 179 287 141 335 302 318 315 279 0 6 217 243 253 243 147 76 121 37 0 0 0 0 2 2 2 2 65 2 382866 864108 1520730 1002266 530380 758242 592050 659132 769292 465296 683708 674404 464680 178490 188292 290982 275610 478026 138416 480468 2073600 2073600 4 6 196976 994560 993600 96436 100155 77350 64361 6 6 0 0 58 4 4 4 4 
[ 7807.453663] MESSAGE_B= 4 4 4 3 72 2 192 0 248 179 0 1668 1708 1326 1429 2370 2091 2184 1857 149 203 123 261 282 341 278 301 0 6 85 231 247 244 66 64 55 14 0 0 0 0 2 2 2 2 72 2 413390 797646 1520730 1002266 530380 758242 592050 659132 769292 465296 683708 674404 464680 178490 188292 290982 275610 478026 138416 480468 2073600 2073600 4 6 201944 990720 993600 98324 103247 73234 61334 6 6 0 0 59 4 4 4 4 
[ 7807.731862] MESSAGE_B= 4 4 4 4 54 1 192 0 248 179 0 2147 1393 2112 1098 2489 2029 2305 1794 87 304 52 255 343 438 286 397 0 6 79 239 242 253 216 41 149 35 2 0 0 0 2 2 2 2 54 1 385308 831716 1520730 1002266 530380 758242 592050 659132 769292 465296 683708 674404 464680 178490 188292 290982 275610 478026 138416 480468 2073600 2073600 4 6 196936 994560 993600 95319 100746 43450 41929 6 6 0 0 59 4 4 4 4 
[ 7808.010860] MESSAGE_B= 4 4 4 4 48 1 192 0 248 179 0 1791 1992 1615 1705 2162 2127 1938 1891 423 114 459 86 405 517 376 470 0 6 252 123 251 253 1 243 17 113 0 0 0 0 2 2 2 2 48 1 419392 870440 1520730 1002266 530380 758242 592050 659132 769292 465296 683708 674404 464680 178490 188292 290982 275610 478026 138416 480468 2073600 2073600 4 6 196762 990720 993600 96057 99047 44093 42775 6 6 0 0 50 4 4 4 4 
[ 7808.290937] MESSAGE_B= 4 4 4 4 46 1 192 0 248 179 0 1842 2212 1571 1993 2194 2177 1999 1946 312 78 395 63 376 484 335 436 0 6 227 255 240 251 137 22 188 71 0 0 0 0 2 2 2 2 46 1 387338 701096 1520730 1002266 530380 758242 592050 659132 769292 465296 683708 674404 464680 178490 188292 290982 275610 478026 138416 480468 2073600 2073600 4 6 209936 994560 993600 101604 106267 41800 39371 6 6 0 0 50 4 4 4 4 
[ 7808.582935] MESSAGE_B= 4 4 4 3 43 1 192 0 248 179 0 1214 1513 948 1274 1915 1995 1722 1746 373 673 451 648 451 512 408 450 0 6 241 253 253 253 115 214 109 229 0 0 0 0 2 2 2 2 43 1 349434 869000 1520730 1002266 530380 758242 592050 659132 769292 465296 683708 674404 464680 178490 188292 290982 275610 478026 138416 480468 2073600 2073600 4 6 182782 990720 993600 88212 93310 46339 43940 6 6 0 0 55 4 4 4 4 
[ 7808.861855] MESSAGE_B= 4 4 4 5 56 1 192 0 248 179 0 1483 1925 1244 1610 2069 2003 1871 1780 269 280 334 294 437 466 402 415 0 6 245 222 251 253 36 17 61 157 0 0 0 0 2 2 2 2 56 1 378846 717666 1520730 1002266 530380 758242 592050 659132 769292 465296 683708 674404 464680 178490 188292 290982 275610 478026 138416 480468 2073600 2073600 4 6 199722 994560 993600 97780 101273 47033 40709 6 6 0 0 63 4 4 4 4 
[ 7809.140848] MESSAGE_B= 4 4 4 5 57 1 192 0 248 179 0 1914 2169 1674 1957 2209 2129 2005 1899 112 69 177 47 400 483 377 438 0 6 133 251 245 253 47 11 91 75 0 0 0 0 2 2 2 2 57 1 324044 818036 1212970 1687846 1505710 1467918 453806 1372756 1724458 843316 1086756 600554 128046 611182 503324 804110 698248 281320 470966 576058 2073600 2073600 4 6 209682 990720 993600 101964 106547 44225 36180 6 6 0 0 63 4 4 4 4 
[ 7809.419854] MESSAGE_B= 4 4 4 3 54 1 192 0 248 179 0 2087 2224 1913 1995 2252 2174 2083 1917 69 48 44 50 396 485 355 449 0 6 255 247 242 253 146 181 147 137 0 0 0 0 2 2 2 2 54 1 392270 736556 1212970 1687846 1505710 1467918 453806 1372756 1724458 843316 1086756 600554 128046 611182 503324 804110 698248 281320 470966 576058 2073600 2073600 4 6 211826 994560 993600 102571 107568 44397 37017 6 6 0 18 40 4 4 4 4 
[ 7809.578855] MESSAGE_B= 4 4 4 3 56 1 192 0 248 179 0 2119 2227 1952 2001 2301 2187 2136 1927 36 54 21 49 377 507 336 471 0 6 255 250 239 253 64 198 202 159 0 0 0 0 2 2 2 2 56 1 362570 940758 1212970 1687846 1505710 1467918 453806 1372756 1724458 843316 1086756 600554 128046 611182 503324 804110 698248 281320 470966 576058 2073600 2073600 4 6 212389 990720 993600 102971 107670 44887 37102 6 6 0 18 33 4 4 4 4 
[ 7809.860853] MESSAGE_B= 4 4 4 3 52 1 192 0 248 179 0 2125 2228 1951 2007 2348 2196 2161 1949 59 46 42 37 363 521 335 472 0 6 255 252 236 251 141 113 213 7 0 0 0 0 2 2 2 2 52 1 398880 711338 1212970 1687846 1505710 1467918 453806 1372756 1724458 843316 1086756 600554 128046 611182 503324 804110 698248 281320 470966 576058 2073600 2073600 4 6 212576 994560 993600 102640 107855 46191 35524 6 6 0 0 26 4 4 4 4 
[ 7810.138847] MESSAGE_B= 4 4 4 3 49 1 192 0 248 179 0 2126 1828 1954 1439 2362 2071 2170 1833 59 372 30 485 347 488 325 441 0 6 255 214 234 252 194 49 154 61 0 0 0 0 2 2 2 2 49 1 387196 969820 1212970 1687846 1505710 1467918 453806 1372756 1724458 843316 1086756 600554 128046 611182 503324 804110 698248 281320 470966 576058 2073600 2073600 4 6 210339 990720 993600 101976 106826 45857 35863 6 6 0 0 23 4 4 4 4 
[ 7810.418860] MESSAGE_B= 4 4 4 34 40 1 192 0 248 179 0 1839 2017 1807 2014 2260 2971 2358 2985 413 302 449 336 534 695 569 720 0 31 254 250 249 254 138 128 140 89 0 0 0 0 0 0 0 0 40 1 400854 698684 1212970 1687846 1505710 1467918 453806 1372756 1724458 843316 1086756 600554 128046 611182 503324 804110 698248 281320 470966 576058 2073600 2073600 4 18 152965 994560 993600 62833 55032 28970 32569 19 19 5 25 83 4 4 4 4 
[ 7810.700372] MESSAGE_B= 4 4 4 27 45 1 192 0 248 179 0 1844 2342 1815 2371 2043 2060 2122 2020 415 289 445 345 320 274 343 213 0 31 253 249 244 240 126 80 148 105 0 0 0 0 0 0 0 0 45 1 69812 884378 1212970 1687846 1505710 1467918 453806 1372756 1724458 843316 1086756 600554 128046 611182 503324 804110 698248 281320 470966 576058 2073600 2073600 4 18 184537 990720 993600 66028 61181 41334 44485 19 19 5 4 90 4 4 4 4 
[ 7810.978861] MESSAGE_B= 4 4 4 12 41 2 192 0 248 179 0 1881 2472 1871 2473 1856 1948 1919 1975 384 474 398 525 181 180 212 188 0 31 252 253 237 220 83 51 103 15 0 0 0 0 0 0 0 0 41 2 196584 877944 1212970 1687846 1505710 1467918 453806 1372756 1724458 843316 1086756 600554 128046 611182 503324 804110 698248 281320 470966 576058 2073600 2073600 4 18 170583 994560 993600 66334 60743 54510 57976 19 19 5 4 90 4 4 4 4 
[ 7811.256863] MESSAGE_B= 4 4 4 21 50 1 192 0 248 179 0 1854 2526 1834 2537 1855 2000 1872 2049 402 526 427 586 204 278 199 302 0 31 253 254 231 246 58 49 48 52 0 0 0 0 0 0 0 0 50 1 107612 786778 1212970 1687846 1505710 1467918 453806 1372756 1724458 843316 1086756 600554 128046 611182 503324 804110 698248 281320 470966 576058 2073600 2073600 4 18 169548 990720 993600 64139 58520 47734 65084 19 19 5 4 63 4 4 4 4 
[ 7811.535857] MESSAGE_B= 4 4 4 20 56 1 192 0 248 179 0 1882 2448 1860 2452 1916 2058 1949 2092 402 603 431 670 229 333 213 362 0 31 252 254 233 245 49 35 42 41 0 0 0 0 0 0 0 0 56 1 173422 917304 1461770 1807172 1397420 1342830 755458 1457134 1240074 1026538 1510702 127906 73196 237154 620732 784380 297502 587574 267654 259662 2073600 2073600 4 18 183486 994560 993600 66448 59120 43568 55640 19 19 5 4 64 4 4 4 4 
[ 7811.818858] MESSAGE_B= 4 4 4 20 54 1 192 0 248 179 0 1748 2590 1738 2622 1940 2083 1978 2143 377 855 427 930 299 389 283 430 0 19 253 249 242 246 4 77 12 49 0 0 0 0 2 2 2 2 54 1 97334 816216 1461770 1807172 1397420 1342830 755458 1457134 1240074 1026538 1510702 127906 73196 237154 620732 784380 297502 587574 267654 259662 2073600 2073600 4 18 201051 990720 993600 73062 64887 40719 46966 19 19 18 4 64 4 4 4 4 
[ 7812.101850] MESSAGE_B= 4 4 4 22 62 1 192 0 248 179 0 1764 2541 1767 2520 1933 2215 1972 2272 356 1022 399 1084 311 520 311 566 0 19 251 250 240 247 42 47 9 71 0 0 0 0 2 2 2 2 62 1 211080 927784 1461770 1807172 1397420 1342830 755458 1457134 1240074 1026538 1510702 127906 73196 237154 620732 784380 297502 587574 267654 259662 2073600 2073600 4 18 210413 994560 993600 78345 73238 39160 45179 19 19 5 4 67 4 4 4 4 
[ 7812.388271] MESSAGE_B= 4 4 4 25 68 1 192 0 248 179 0 1848 2502 1850 2476 2016 2298 2026 2359 365 1016 415 1071 306 637 269 662 0 19 253 249 233 249 23 59 2 34 2 0 0 0 2 2 2 2 68 1 82674 764954 1461770 1807172 1397420 1342830 755458 1457134 1240074 1026538 1510702 127906 73196 237154 620732 784380 297502 587574 267654 259662 2073600 2073600 4 18 213829 990720 993600 79596 74393 38099 41034 19 19 18 4 67 4 4 4 4 
[ 7812.668855] MESSAGE_B= 4 4 4 25 51 1 192 0 248 179 0 2022 2420 2041 2359 2115 2474 2142 2532 359 1052 415 1084 435 716 388 745 0 19 248 250 235 252 37 43 68 48 0 0 0 0 2 2 2 2 51 1 188988 927976 1461770 1807172 1397420 1342830 755458 1457134 1240074 1026538 1510702 127906 73196 237154 620732 784380 297502 587574 267654 259662 2073600 2073600 4 18 218341 994560 993600 79014 73023 42062 33150 19 19 18 4 65 4 4 4 4 
[ 7812.826989] MESSAGE_B= 4 4 4 34 54 1 192 0 248 179 0 2008 2416 2087 2331 2141 2554 2174 2619 412 1005 444 1043 441 782 396 801 0 19 248 251 237 252 124 72 111 74 0 0 0 0 2 2 2 2 54 1 58286 693172 1461770 1807172 1397420 1342830 755458 1457134 1240074 1026538 1510702 127906 73196 237154 620732 784380 297502 587574 267654 259662 2073600 2073600 4 18 219046 990720 993600 79542 71818 42972 31586 19 19 18 4 62 4 4 4 4 
[ 7813.107606] MESSAGE_B= 4 4 4 42 58 1 192 0 248 179 0 2204 2434 2297 2303 2253 2612 2292 2679 390 801 383 829 449 800 403 807 0 19 249 252 237 250 135 45 108 45 0 0 0 0 2 2 2 2 58 1 274124 935502 1461770 1807172 1397420 1342830 755458 1457134 1240074 1026538 1510702 127906 73196 237154 620732 784380 297502 587574 267654 259662 2073600 2073600 4 18 217940 994560 993600 77604 68156 45525 31599 19 19 18 18 62 4 4 4 4 
[ 7813.387842] MESSAGE_B= 4 4 4 46 75 1 192 0 248 179 0 2176 2509 2232 2408 2329 2619 2359 2671 473 793 489 814 490 782 464 795 0 19 252 251 243 251 139 41 126 43 2 2 0 0 2 2 2 2 75 1 55138 648800 1461770 1807172 1397420 1342830 755458 1457134 1240074 1026538 1510702 127906 73196 237154 620732 784380 297502 587574 267654 259662 2073600 2073600 4 18 216456 990720 993600 78885 68645 43878 29342 19 19 18 18 62 4 4 4 4 
[ 7813.669225] MESSAGE_B= 4 4 4 46 62 1 192 0 248 179 0 2222 2339 2233 2271 2498 2661 2526 2698 574 746 609 748 562 805 556 816 0 19 254 251 246 250 75 27 81 19 0 0 0 0 2 2 2 2 62 1 307248 921526 1461770 1807172 1397420 1342830 755458 1457134 1240074 1026538 1510702 127906 73196 237154 620732 784380 297502 587574 267654 259662 2073600 2073600 4 18 213605 994560 993600 78764 72264 39049 25969 19 19 18 18 62 4 4 4 4 
[ 7813.949855] MESSAGE_B= 4 4 4 47 51 1 192 0 248 179 0 2356 2262 2356 2195 2636 2676 2658 2710 803 850 844 838 546 801 548 809 0 19 254 250 248 247 95 14 63 6 2 2 0 0 2 2 2 2 51 1 57544 582262 1282440 657828 140626 1428348 1310368 1330218 1428932 1018768 1329086 95886 426428 259504 174014 121942 275432 386844 218180 291266 2073600 2073600 4 18 214183 990720 993600 78524 72594 38190 26312 19 19 18 18 62 4 4 4 4 
[ 7814.227859] MESSAGE_B= 4 4 4 50 50 1 192 0 248 179 0 2426 2233 2416 2161 2739 2636 2756 2673 979 804 1033 798 490 776 504 781 0 19 255 250 244 248 73 10 114 4 2 0 0 0 2 2 2 2 50 1 340660 949934 1282440 657828 140626 1428348 1310368 1330218 1428932 1018768 1329086 95886 426428 259504 174014 121942 275432 386844 218180 291266 2073600 2073600 4 18 216483 994560 993600 76970 73371 38458 28623 19 19 18 18 63 4 4 4 4 
[ 7814.509859] MESSAGE_B= 4 4 4 51 61 1 192 0 248 179 0 2481 2235 2461 2159 2789 2729 2815 2773 1030 835 1079 817 550 808 540 815 0 19 255 250 243 249 59 29 7 14 0 2 0 0 2 2 2 2 61 1 50470 705132 1282440 657828 140626 1428348 1310368 1330218 1428932 1018768 1329086 95886 426428 259504 174014 121942 275432 386844 218180 291266 2073600 2073600 4 18 214767 990720 993600 77846 75979 35311 29340 19 19 18 25 63 4 4 4 4 
[ 7814.788848] MESSAGE_B= 4 4 4 56 64 1 192 0 248 179 0 2510 2272 2480 2203 2850 2799 2891 2821 1046 889 1116 881 578 794 574 815 0 19 255 250 249 248 167 24 180 22 0 2 0 0 2 2 2 2 64 1 274912 953836 1282440 657828 140626 1428348 1310368 1330218 1428932 1018768 1329086 95886 426428 259504 174014 121942 275432 386844 218180 291266 2073600 2073600 4 18 208235 994560 993600 79419 77131 30866 29160 19 19 18 25 64 4 4 4 4 
[ 7815.068864] MESSAGE_B= 4 4 4 61 50 1 192 0 248 179 0 2461 2348 2503 2274 2807 2974 2870 2963 792 882 866 886 471 662 474 674 0 19 255 251 242 244 169 46 202 26 0 0 0 0 2 2 2 2 50 1 42854 781280 1282440 657828 140626 1428348 1310368 1330218 1428932 1018768 1329086 95886 426428 259504 174014 121942 275432 386844 218180 291266 2073600 2073600 4 19 213353 990720 993600 81263 81005 28438 26749 19 19 20 25 71 4 4 4 4 
[ 7815.353874] MESSAGE_B= 4 4 4 58 44 1 192 0 248 179 0 2388 2420 2427 2341 2816 3104 2860 3086 830 1103 909 1107 449 611 427 623 0 19 255 251 244 241 156 98 193 96 0 0 0 0 2 2 2 2 44 1 158494 955230 1282440 657828 140626 1428348 1310368 1330218 1428932 1018768 1329086 95886 426428 259504 174014 121942 275432 386844 218180 291266 2073600 2073600 4 19 218569 994560 993600 84095 84533 28453 27176 19 19 20 20 72 4 4 4 4 
[ 7815.634876] MESSAGE_B= 4 0 4 63 22 2 192 0 248 179 0 1832 1497 1551 1440 1646 1765 1536 1584 374 360 330 412 368 342 230 355 0 5 152 245 203 236 146 94 125 44 2 2 0 2 2 2 2 2 22 2 39274 651450 1282440 657828 140626 1428348 1310368 1330218 1428932 1018768 1329086 95886 426428 259504 174014 121942 275432 386844 218180 291266 2073600 2073600 4 5 367227 990720 993600 75359 102589 107325 81954 5 5 5 5 236 0 0 0 0 
[ 7815.793860] MESSAGE_B= 4 4 4 3 23 2 192 0 248 179 0 1377 1327 1346 1273 1389 1379 1430 1403 176 155 228 210 106 139 108 144 0 31 251 250 248 253 74 119 126 153 0 0 0 0 0 0 0 0 23 2 232710 929370 1282440 657828 140626 1428348 1310368 1330218 1428932 1018768 1329086 95886 426428 259504 174014 121942 275432 386844 218180 291266 2073600 2073600 4 5 211925 994560 993600 76229 69580 78398 87903 6 5 5 4 236 4 4 4 4 
[ 7816.073850] MESSAGE_B= 4 0 4 3 28 3 192 0 248 179 0 1772 1396 1712 1376 1775 1279 1614 1316 308 326 305 423 235 425 145 285 0 5 215 255 195 230 162 114 35 6 2 2 0 2 2 2 2 2 28 3 146682 265764 1282440 657828 140626 1428348 1310368 1330218 1428932 1018768 1329086 95886 426428 259504 174014 121942 275432 386844 218180 291266 2073600 2073600 4 5 367565 990720 993600 78131 101009 106329 82096 5 5 5 5 58 0 0 0 0 
[ 7816.353886] MESSAGE_B= 4 4 4 4 25 2 192 0 248 179 0 1358 1323 1362 1296 1493 1411 1540 1442 176 144 233 199 87 144 91 159 0 31 250 250 243 253 88 23 109 68 0 0 0 0 0 0 0 0 25 2 261806 467300 586442 964218 265560 1434910 1484528 1421266 1545774 451358 436094 120344 136652 374326 88698 126066 141098 271336 392556 290974 2073600 2073600 4 5 198049 994560 993600 53331 54538 68788 86617 5 5 5 4 58 4 4 4 4 
[ 7816.648015] MESSAGE_B= 4 0 0 4 25 2 192 0 248 179 0 1478 1471 1490 1421 1735 1638 1634 1548 243 322 252 366 228 251 146 235 0 5 237 234 220 232 140 5 141 69 2 2 0 2 2 2 2 2 25 2 132860 424828 586442 964218 265560 1434910 1484528 1421266 1545774 451358 436094 120344 136652 374326 88698 126066 141098 271336 392556 290974 2073600 2073600 4 5 338924 990720 993600 81553 93264 95330 68777 5 5 5 5 59 0 0 0 0 
[ 7816.930982] MESSAGE_B= 4 4 4 6 29 2 192 0 248 179 0 1394 1328 1405 1305 1543 1479 1605 1514 189 137 239 195 119 116 125 140 0 31 251 253 245 255 97 53 147 4 0 0 0 0 0 0 0 0 29 2 278718 497016 586442 964218 265560 1434910 1484528 1421266 1545774 451358 436094 120344 136652 374326 88698 126066 141098 271336 392556 290974 2073600 2073600 4 5 184928 994560 993600 56159 51653 62964 80100 5 4 5 4 59 4 4 4 4 
[ 7817.208865] MESSAGE_B= 4 4 4 11 29 2 192 0 248 179 0 1534 1588 1582 1541 1770 1881 1792 1714 374 331 364 349 219 274 205 170 0 5 235 238 246 190 145 92 133 73 0 2 0 0 2 2 2 2 29 2 130390 440618 586442 964218 265560 1434910 1484528 1421266 1545774 451358 436094 120344 136652 374326 88698 126066 141098 271336 392556 290974 2073600 2073600 4 5 314279 990720 993600 75418 83652 86305 68904 5 5 5 5 61 4 4 4 4 
[ 7817.365856] MESSAGE_B= 4 4 4 15 33 1 192 0 248 179 0 1600 1653 1637 1568 1777 2158 1854 1879 362 375 359 379 156 326 158 218 0 5 233 232 244 198 145 10 120 110 0 2 0 2 2 2 2 2 33 1 239558 534760 586442 964218 265560 1434910 1484528 1421266 1545774 451358 436094 120344 136652 374326 88698 126066 141098 271336 392556 290974 2073600 2073600 4 5 316814 994560 993600 79422 82789 83183 71420 5 5 5 5 61 4 4 4 4 
[ 7817.644871] MESSAGE_B= 4 4 4 20 30 1 192 0 248 179 0 1806 1763 1728 1648 1780 1979 1882 1849 342 429 259 369 202 346 245 308 0 5 226 230 245 241 70 163 84 138 0 2 0 0 0 2 2 0 30 1 135724 453156 586442 964218 265560 1434910 1484528 1421266 1545774 451358 436094 120344 136652 374326 88698 126066 141098 271336 392556 290974 2073600 2073600 4 5 289796 990720 993600 77125 71006 76102 65563 5 5 5 5 69 4 4 4 4 
[ 7817.930871] MESSAGE_B= 4 4 4 27 33 1 192 0 248 179 0 1757 1803 1690 1791 1740 2155 1848 2061 355 328 328 346 178 281 208 371 0 5 234 236 239 230 34 128 91 151 0 0 0 0 2 2 0 0 33 1 188256 516090 586442 964218 265560 1434910 1484528 1421266 1545774 451358 436094 120344 136652 374326 88698 126066 141098 271336 392556 290974 2073600 2073600 4 5 282661 994560 993600 79327 70990 69620 62724 5 5 5 5 71 4 4 4 4 
[ 7818.208859] MESSAGE_B= 4 4 4 23 38 1 192 0 248 179 0 1638 1860 1564 1833 1740 2086 1870 2050 391 413 299 446 117 307 127 353 0 5 234 244 226 251 104 163 146 151 2 0 0 0 2 2 0 2 38 1 129080 367488 586442 964218 265560 1434910 1484528 1421266 1545774 451358 436094 120344 136652 374326 88698 126066 141098 271336 392556 290974 2073600 2073600 4 5 268043 990720 993600 85129 65777 61824 55313 5 5 5 5 71 4 4 4 4 
[ 7818.494657] MESSAGE_B= 4 4 4 33 33 1 192 0 248 179 0 1345 1721 1387 1732 1794 2130 1929 2148 243 496 262 518 183 336 193 349 0 5 252 252 251 254 13 174 12 196 2 2 0 0 2 2 2 2 33 1 219192 600462 586442 964218 265560 1434910 1484528 1421266 1545774 451358 436094 120344 136652 374326 88698 126066 141098 271336 392556 290974 2073600 2073600 4 5 262897 994560 993600 91856 64562 54685 51794 5 5 5 5 71 4 4 4 4 
[ 7818.772859] MESSAGE_B= 4 4 4 32 33 1 192 0 248 179 0 1390 1626 1446 1667 1894 1709 2000 1750 119 445 136 476 244 267 269 282 0 31 250 255 255 255 27 165 42 180 0 0 0 0 0 0 0 0 33 1 121232 464818 1088184 367820 52782 772456 537834 752086 319898 457260 732972 132500 326958 740322 227318 287000 235776 822850 371290 130822 2073600 2073600 4 5 262131 990720 993600 91555 61239 56871 52466 5 5 5 5 74 4 4 4 4 
[ 7819.052852] MESSAGE_B= 4 4 4 35 34 1 192 0 248 179 0 1499 1796 1584 1856 1937 1619 2040 1659 208 418 245 432 319 169 362 177 0 5 254 255 255 255 93 193 119 204 0 0 0 0 0 0 0 0 34 1 258374 757122 1088184 367820 52782 772456 537834 752086 319898 457260 732972 132500 326958 740322 227318 287000 235776 822850 371290 130822 2073600 2073600 4 5 240729 994560 993600 80361 46448 63798 54956 5 4 5 5 74 4 4 4 4 
[ 7819.330865] MESSAGE_B= 4 4 4 36 36 1 192 0 248 179 0 1887 2165 1879 2182 1952 1943 2071 1850 297 401 237 485 324 326 357 280 0 5 172 253 254 238 85 171 25 201 2 2 0 0 2 2 2 2 36 1 135644 477446 1088184 367820 52782 772456 537834 752086 319898 457260 732972 132500 326958 740322 227318 287000 235776 822850 371290 130822 2073600 2073600 4 5 244823 990720 993600 80240 42987 64699 56897 5 5 5 5 68 4 4 4 4 
[ 7819.488845] MESSAGE_B= 4 4 4 34 36 1 192 0 248 179 0 1503 1878 1585 1969 1932 1606 2036 1644 232 528 253 569 358 177 404 185 0 31 255 255 255 254 21 147 6 153 0 0 0 0 0 0 0 0 36 1 230748 619508 1088184 367820 52782 772456 537834 752086 319898 457260 732972 132500 326958 740322 227318 287000 235776 822850 371290 130822 2073600 2073600 4 5 247552 994560 993600 83187 46350 62114 55901 5 5 5 5 67 4 4 4 4 
[ 7819.767297] MESSAGE_B= 4 0 4 36 38 2 192 0 248 179 0 1853 2266 1891 2268 2052 1824 2143 1773 321 384 324 463 280 179 320 236 0 5 231 238 254 249 49 114 74 181 2 2 0 2 2 2 2 2 38 2 121734 434370 1088184 367820 52782 772456 537834 752086 319898 457260 732972 132500 326958 740322 227318 287000 235776 822850 371290 130822 2073600 2073600 4 5 244493 990720 993600 75548 45734 65866 57345 5 5 5 5 66 0 0 0 0 
[ 7820.045860] MESSAGE_B= 4 4 4 38 38 2 192 0 248 179 0 1684 2023 1795 2109 1910 1596 1999 1654 322 445 343 467 307 222 336 244 0 31 255 255 255 255 16 141 27 151 0 0 0 0 0 0 0 0 38 2 210128 573256 1088184 367820 52782 772456 537834 752086 319898 457260 732972 132500 326958 740322 227318 287000 235776 822850 371290 130822 2073600 2073600 4 4 166874 994560 993600 49169 69685 45708 58373 5 4 5 4 65 4 4 4 4 
[ 7820.327013] MESSAGE_B= 4 4 4 38 43 2 192 0 248 179 0 1726 2251 1846 2350 1976 1592 2068 1644 384 594 404 611 328 192 359 211 0 31 254 255 255 255 16 161 4 173 0 0 0 0 0 0 0 0 43 2 123090 402518 1088184 367820 52782 772456 537834 752086 319898 457260 732972 132500 326958 740322 227318 287000 235776 822850 371290 130822 2073600 2073600 4 5 222296 990720 993600 57274 34200 72178 61350 5 4 5 5 65 4 4 4 4 
[ 7820.607757] MESSAGE_B= 4 4 4 35 48 2 192 0 248 179 0 1699 2322 1801 2460 1932 1610 2028 1662 417 514 431 559 316 243 355 273 0 31 255 255 255 255 4 128 5 127 0 0 0 0 0 0 0 0 48 2 188056 348012 1088184 367820 52782 772456 537834 752086 319898 457260 732972 132500 326958 740322 227318 287000 235776 822850 371290 130822 2073600 2073600 4 5 205044 994560 993600 54266 36925 69608 57500 5 4 5 5 65 4 4 4 4 
[ 7820.887852] MESSAGE_B= 4 4 4 39 66 2 192 0 248 179 0 1732 2370 1835 2519 1923 1629 2023 1682 407 565 429 596 337 317 380 337 0 31 255 255 255 255 69 72 69 76 0 0 0 0 0 0 0 0 66 2 160458 447626 1088184 367820 52782 772456 537834 752086 319898 457260 732972 132500 326958 740322 227318 287000 235776 822850 371290 130822 2073600 2073600 4 5 204648 990720 993600 51182 32250 71733 60578 5 4 5 5 67 4 4 4 4 
[ 7821.167709] MESSAGE_B= 0 0 4 41 47 2 192 0 248 179 0 1744 2387 1848 2529 1932 1558 2011 1636 403 638 418 674 374 254 392 299 0 31 255 255 255 255 24 18 17 35 0 0 0 0 0 0 0 0 47 2 197432 182890 398212 252062 351346 516650 601370 300602 298334 658664 421626 246676 531236 419594 314314 213676 142196 662672 344310 159380 2073600 2073600 2 5 205727 994560 993600 47797 33254 76568 62256 5 4 5 5 67 4 4 0 4 
[ 7821.445852] MESSAGE_B= 4 4 4 36 50 1 192 0 248 179 0 1778 2435 1883 2581 1913 1638 1992 1727 413 665 426 707 425 392 452 448 0 31 255 255 255 255 6 24 6 43 0 0 0 0 0 0 0 0 50 1 184820 575586 398212 252062 351346 516650 601370 300602 298334 658664 421626 246676 531236 419594 314314 213676 142196 662672 344310 159380 2073600 2073600 4 5 192580 990720 993600 45025 36084 78251 54763 5 4 5 5 64 4 4 4 4 
[ 7821.724853] MESSAGE_B= 4 4 4 39 55 1 192 0 248 179 0 1812 2265 1923 2419 1885 1702 1955 1800 380 600 402 635 430 423 451 481 0 31 255 255 255 255 3 37 0 54 0 0 0 0 0 0 0 0 55 1 178284 249062 398212 252062 351346 516650 601370 300602 298334 658664 421626 246676 531236 419594 314314 213676 142196 662672 344310 159380 2073600 2073600 4 5 190524 994560 993600 42349 32206 79836 52988 5 4 5 5 63 4 4 4 4 
[ 7822.001857] MESSAGE_B= 4 4 4 36 48 1 192 0 248 179 0 1903 2289 2015 2425 1748 1796 1810 1899 325 631 349 678 333 444 354 501 0 31 255 255 255 255 30 105 23 115 0 0 0 0 0 0 0 0 48 1 177344 802590 398212 252062 351346 516650 601370 300602 298334 658664 421626 246676 531236 419594 314314 213676 142196 662672 344310 159380 2073600 2073600 4 5 175701 990720 993600 36290 31423 75934 53213 17 18 5 5 68 4 4 4 4 
[ 7822.166847] MESSAGE_B= 4 4 4 36 47 1 192 0 248 179 0 1948 2369 2063 2507 1745 1910 1807 2030 300 738 319 776 376 561 396 623 0 31 255 255 255 255 6 116 3 132 0 0 0 0 0 0 0 0 47 1 155070 324728 398212 252062 351346 516650 601370 300602 298334 658664 421626 246676 531236 419594 314314 213676 142196 662672 344310 159380 2073600 2073600 4 5 167574 994560 993600 35581 32684 75810 51945 17 18 5 5 68 4 4 4 4 
[ 7822.444854] MESSAGE_B= 4 4 4 42 48 2 192 0 248 179 0 2062 2304 2188 2425 1658 1895 1717 2020 266 731 287 758 294 627 315 685 0 31 252 255 255 255 40 82 23 97 0 0 0 0 0 0 0 0 48 2 199942 900856 398212 252062 351346 516650 601370 300602 298334 658664 421626 246676 531236 419594 314314 213676 142196 662672 344310 159380 2073600 2073600 4 5 160801 990720 993600 36425 34336 82164 50847 18 18 5 5 70 4 4 4 4 
[ 7822.724355] MESSAGE_B= 4 4 4 45 41 1 192 0 248 179 0 2182 2375 2309 2502 1593 2003 1649 2116 241 706 261 747 237 757 263 804 0 31 251 255 253 255 26 104 15 118 0 0 0 0 0 0 0 0 41 1 155848 408648 398212 252062 351346 516650 601370 300602 298334 658664 421626 246676 531236 419594 314314 213676 142196 662672 344310 159380 2073600 2073600 4 5 168250 994560 993600 38392 35202 85766 61675 18 18 5 5 70 4 4 4 4 
[ 7823.003480] MESSAGE_B= 4 4 4 40 47 2 192 0 248 179 0 1850 1819 1812 1780 2638 1975 2682 2023 396 409 437 448 473 325 473 332 0 31 254 254 253 252 200 103 183 109 0 0 0 0 0 0 0 0 47 2 211548 938468 398212 252062 351346 516650 601370 300602 298334 658664 421626 246676 531236 419594 314314 213676 142196 662672 344310 159380 2073600 2073600 4 18 152559 990720 993600 57359 55993 26073 46789 19 19 18 4 219 4 4 4 4 
[ 7823.283855] MESSAGE_B= 4 4 4 21 37 2 192 0 248 179 0 1826 1813 1784 1772 2508 1904 2560 1941 407 406 440 444 451 159 455 168 0 31 254 254 252 240 184 87 175 101 0 0 0 0 0 0 0 0 37 2 195388 512280 398212 252062 351346 516650 601370 300602 298334 658664 421626 246676 531236 419594 314314 213676 142196 662672 344310 159380 2073600 2073600 4 18 152570 994560 993600 57117 55395 29841 54223 19 19 4 4 219 4 4 4 4 
[ 7823.562056] MESSAGE_B= 4 4 4 16 40 2 192 0 248 179 0 1802 1784 1765 1743 2456 1962 2508 2002 389 390 422 430 278 233 282 241 0 31 254 254 249 244 122 80 96 90 0 0 0 0 0 0 0 0 40 2 104280 921972 1597578 504168 428154 571190 589704 814972 711790 1233564 1595930 137664 551784 304688 296050 170606 121910 578768 297006 265452 2073600 2073600 4 18 139900 990720 993600 52784 56527 39420 59294 5 5 4 4 64 4 4 4 4 
[ 7823.845912] MESSAGE_B= 4 4 4 16 50 3 192 0 248 179 0 1782 1749 1748 1709 2639 2067 2687 2105 380 364 417 397 217 322 206 315 0 31 253 253 236 248 121 131 83 125 0 0 0 0 0 0 0 0 50 3 213612 893176 1597578 504168 428154 571190 589704 814972 711790 1233564 1595930 137664 551784 304688 296050 170606 121910 578768 297006 265452 2073600 2073600 4 5 127223 994560 993600 58350 57664 39309 54591 5 5 4 4 70 4 4 4 4 
[ 7824.002870] MESSAGE_B= 4 4 4 20 42 3 192 0 248 179 0 1779 1741 1747 1701 2766 2186 2824 2225 380 347 422 383 228 397 227 381 0 31 253 253 247 250 175 168 138 165 0 0 0 0 0 0 0 0 42 3 98080 948504 1597578 504168 428154 571190 589704 814972 711790 1233564 1595930 137664 551784 304688 296050 170606 121910 578768 297006 265452 2073600 2073600 4 5 125591 990720 993600 58391 61257 39853 53708 5 5 4 4 76 4 4 4 4 
[ 7824.282850] MESSAGE_B= 4 4 4 22 35 4 192 0 248 179 0 1830 1765 1805 1725 2791 2369 2840 2404 435 384 479 418 128 379 125 373 0 31 253 253 222 248 86 166 80 168 0 0 0 0 0 0 0 0 35 4 320102 886640 1597578 504168 428154 571190 589704 814972 711790 1233564 1595930 137664 551784 304688 296050 170606 121910 578768 297006 265452 2073600 2073600 4 5 127511 994560 993600 60673 61433 30407 32440 5 5 20 4 84 4 4 4 4 
[ 7824.579389] MESSAGE_B= 4 4 4 25 45 3 192 0 248 179 0 1894 1820 1874 1786 2786 2579 2833 2616 539 507 591 539 214 257 218 247 0 31 254 253 237 236 151 91 168 79 0 0 0 0 0 0 0 0 45 3 58602 796522 1597578 504168 428154 571190 589704 814972 711790 1233564 1595930 137664 551784 304688 296050 170606 121910 578768 297006 265452 2073600 2073600 4 5 122473 990720 993600 61408 59308 38900 35023 5 5 20 21 102 4 4 4 4 
[ 7824.860846] MESSAGE_B= 4 4 4 29 56 1 192 0 248 179 0 2076 2012 2073 1997 2801 2639 2844 2671 728 699 790 746 197 149 204 143 0 31 255 254 238 231 3 67 21 65 0 0 0 0 0 0 0 0 56 1 283394 863018 1597578 504168 428154 571190 589704 814972 711790 1233564 1595930 137664 551784 304688 296050 170606 121910 578768 297006 265452 2073600 2073600 4 20 132768 994560 993600 59135 52306 58516 52205 5 5 20 20 108 4 4 4 4 
[ 7825.138856] MESSAGE_B= 4 4 4 20 59 1 192 0 248 179 0 2403 2140 2464 2144 2925 2610 2966 2629 692 498 719 495 259 420 244 394 0 31 255 255 235 244 111 135 136 140 0 0 0 0 0 0 0 0 59 1 53436 587236 1597578 504168 428154 571190 589704 814972 711790 1233564 1595930 137664 551784 304688 296050 170606 121910 578768 297006 265452 2073600 2073600 4 20 130679 990720 993600 50556 34665 53159 49220 5 4 20 20 108 4 4 4 4 
[ 7825.417853] MESSAGE_B= 4 4 4 24 43 1 192 0 248 179 0 2512 2294 2562 2304 2598 2603 2641 2618 718 646 731 662 364 325 353 273 0 31 255 255 250 246 202 162 214 168 0 0 0 0 0 0 0 0 43 1 175642 959180 1597578 504168 428154 571190 589704 814972 711790 1233564 1595930 137664 551784 304688 296050 170606 121910 578768 297006 265452 2073600 2073600 4 20 129436 994560 993600 42363 23298 52200 45296 5 4 20 20 105 4 4 4 4 
[ 7825.575962] MESSAGE_B= 4 4 4 11 55 1 192 0 248 179 0 2527 2312 2581 2308 2460 2762 2518 2786 735 727 769 742 293 339 292 339 0 31 255 255 254 254 215 99 207 112 0 0 0 0 0 0 0 0 55 1 68048 367466 1597578 504168 428154 571190 589704 814972 711790 1233564 1595930 137664 551784 304688 296050 170606 121910 578768 297006 265452 2073600 2073600 4 21 127033 990720 993600 45288 28166 50819 43894 5 5 20 20 103 4 4 4 4 
[ 7825.857859] MESSAGE_B= 4 4 4 29 52 2 192 0 248 179 0 2184 1980 2189 1963 3111 3440 3160 3460 741 638 807 687 194 256 202 242 0 31 254 254 250 253 50 59 87 98 0 0 0 0 0 0 0 0 52 2 162606 785884 1117430 1609222 523092 1585074 1345862 1369256 1497640 899630 1001556 80382 212208 262120 86780 196398 298026 478010 288224 79058 2073600 2073600 4 24 118026 994560 993600 55315 48329 46366 46153 5 5 24 24 125 4 4 4 4 
[ 7826.140921] MESSAGE_B= 4 4 4 69 46 4 192 0 248 179 0 2098 1911 2090 1898 3486 3429 3540 3434 752 575 805 631 221 267 213 281 0 31 254 254 252 251 51 29 33 64 0 0 0 0 0 0 0 0 46 4 53128 217612 1117430 1609222 523092 1585074 1345862 1369256 1497640 899630 1001556 80382 212208 262120 86780 196398 298026 478010 288224 79058 2073600 2073600 4 24 143172 990720 993600 59056 52744 61055 61561 5 5 24 24 125 4 4 4 4 
[ 7826.428396] MESSAGE_B= 4 4 4 94 79 2 192 0 248 179 0 2354 2158 2387 2179 3217 3192 3221 3181 672 538 691 553 224 203 192 201 0 25 255 254 244 241 120 213 166 211 0 0 0 0 2 2 2 2 79 2 187442 969694 1117430 1609222 523092 1585074 1345862 1369256 1497640 899630 1001556 80382 212208 262120 86780 196398 298026 478010 288224 79058 2073600 2073600 4 25 177534 994560 993600 51594 32844 73340 76621 5 5 25 25 118 4 4 4 4 
[ 7826.708860] MESSAGE_B= 4 4 4 112 40 4 192 0 248 179 0 2401 2236 2447 2268 3092 3240 3087 3255 586 473 590 476 278 434 252 431 0 25 254 254 238 253 104 101 111 114 0 0 0 0 2 0 2 0 40 4 53308 680218 1117430 1609222 523092 1585074 1345862 1369256 1497640 899630 1001556 80382 212208 262120 86780 196398 298026 478010 288224 79058 2073600 2073600 4 25 162051 990720 993600 43700 25844 65482 68781 5 4 25 25 124 4 4 4 4 
[ 7826.997107] MESSAGE_B= 4 4 4 96 34 5 192 0 248 179 0 2338 2281 2390 2320 3035 3097 3066 3097 561 520 567 531 237 607 234 576 0 25 254 254 243 253 46 228 78 220 0 0 0 0 0 2 2 2 34 5 117242 836342 1117430 1609222 523092 1585074 1345862 1369256 1497640 899630 1001556 80382 212208 262120 86780 196398 298026 478010 288224 79058 2073600 2073600 4 25 166192 994560 993600 45544 32841 70231 73734 5 4 25 25 128 4 4 4 4 
[ 7827.161814] MESSAGE_B= 4 4 4 87 35 6 192 0 248 179 0 2345 2276 2396 2321 3011 2932 3012 2922 560 477 559 489 417 687 374 636 0 25 254 254 252 254 231 240 229 236 0 0 0 0 2 2 2 2 35 6 85350 410044 1117430 1609222 523092 1585074 1345862 1369256 1497640 899630 1001556 80382 212208 262120 86780 196398 298026 478010 288224 79058 2073600 2073600 4 25 146696 990720 993600 43871 37298 63829 66050 5 4 25 25 128 4 4 4 4 
[ 7827.439843] MESSAGE_B= 4 4 4 70 69 2 192 0 248 179 0 2480 2341 2549 2405 3385 3202 3408 3205 459 422 461 428 608 813 598 793 0 31 254 255 255 255 229 202 230 200 0 0 0 0 0 0 0 0 69 2 97808 707496 1117430 1609222 523092 1585074 1345862 1369256 1497640 899630 1001556 80382 212208 262120 86780 196398 298026 478010 288224 79058 2073600 2073600 4 25 126539 994560 993600 37222 31586 57413 62757 19 20 25 25 123 4 4 4 4 
[ 7827.721844] MESSAGE_B= 4 4 4 56 25 2 192 0 248 179 0 1171 1272 1257 1267 1299 1558 1334 1516 203 545 140 220 355 460 163 299 0 5 150 232 219 235 36 25 8 13 2 2 0 0 2 2 2 2 25 2 89658 904050 1117430 1609222 523092 1585074 1345862 1369256 1497640 899630 1001556 80382 212208 262120 86780 196398 298026 478010 288224 79058 2073600 2073600 4 5 368077 990720 993600 105166 99866 97705 65340 5 5 5 5 115 4 4 4 4 
[ 7827.999859] MESSAGE_B= 4 4 4 4 25 2 192 0 248 179 0 1222 1793 1278 1714 1378 1738 1350 1613 225 256 161 204 254 357 144 260 0 5 189 222 223 241 18 106 51 87 2 0 0 0 2 2 2 2 25 2 248756 481420 1117430 1609222 523092 1585074 1345862 1369256 1497640 899630 1001556 80382 212208 262120 86780 196398 298026 478010 288224 79058 2073600 2073600 4 5 339301 994560 993600 95786 89071 92362 62082 5 5 5 5 112 4 4 4 4 
[ 7828.285585] MESSAGE_B= 4 4 4 8 28 1 192 0 248 179 0 1298 1746 1334 1656 1380 1717 1328 1593 245 302 180 240 218 355 132 258 0 5 157 227 225 242 67 190 45 185 2 0 0 0 2 2 2 2 28 1 178824 355382 267564 1045434 1139432 1330558 1091574 1058002 1245368 700946 412108 139494 233168 142000 65338 204258 94416 493122 280188 238398 2073600 2073600 4 5 336852 990720 993600 98750 89027 90524 58551 5 5 5 5 73 4 4 4 4 
[ 7828.565853] MESSAGE_B= 4 4 4 7 29 1 192 0 248 179 0 1430 1686 1360 1570 1333 1691 1312 1646 149 315 103 254 176 209 97 205 0 5 203 226 202 243 33 170 26 166 2 0 2 0 2 2 2 2 29 1 249088 323534 267564 1045434 1139432 1330558 1091574 1058002 1245368 700946 412108 139494 233168 142000 65338 204258 94416 493122 280188 238398 2073600 2073600 4 5 351723 994560 993600 106473 85095 93211 66944 5 5 5 5 73 4 4 4 4 
[ 7828.844626] MESSAGE_B= 4 0 4 9 32 2 192 0 248 179 0 1377 1810 1356 1699 1405 1722 1371 1646 320 285 116 276 170 288 104 229 0 5 184 209 187 237 53 105 25 188 2 2 2 0 2 2 0 2 32 2 165206 302808 267564 1045434 1139432 1330558 1091574 1058002 1245368 700946 412108 139494 233168 142000 65338 204258 94416 493122 280188 238398 2073600 2073600 4 5 345454 990720 993600 106664 76703 95792 66295 5 5 5 5 69 0 0 0 0 
[ 7829.001908] MESSAGE_B= 4 0 4 9 33 2 192 0 248 179 0 1332 1587 1378 1899 1384 1543 1464 1753 58 291 116 507 103 122 238 260 0 4 152 237 221 232 80 96 30 100 2 2 2 0 0 0 2 0 33 2 220440 361382 267564 1045434 1139432 1330558 1091574 1058002 1245368 700946 412108 139494 233168 142000 65338 204258 94416 493122 280188 238398 2073600 2073600 4 4 216362 994560 993600 87360 94590 57698 80557 5 4 5 4 67 0 0 0 0 
[ 7829.283817] MESSAGE_B= 4 4 4 9 32 2 192 0 248 179 0 1414 2416 1402 2165 1744 1736 1667 1626 179 559 76 474 549 318 385 249 0 5 196 245 240 236 70 44 11 94 2 0 2 0 2 2 0 2 32 2 155236 309564 267564 1045434 1139432 1330558 1091574 1058002 1245368 700946 412108 139494 233168 142000 65338 204258 94416 493122 280188 238398 2073600 2073600 4 5 339838 990720 993600 106461 77397 90894 65086 5 5 5 5 65 4 4 4 4 
[ 7829.563844] MESSAGE_B= 4 4 4 15 26 2 192 0 248 179 0 1354 2074 1395 1909 1665 1858 1616 1744 152 290 85 283 238 306 166 266 0 5 228 239 192 234 23 172 36 168 2 0 0 0 2 2 0 2 26 2 253918 381324 267564 1045434 1139432 1330558 1091574 1058002 1245368 700946 412108 139494 233168 142000 65338 204258 94416 493122 280188 238398 2073600 2073600 4 5 335097 994560 993600 106487 72823 89750 66037 5 5 5 5 65 4 4 4 4 
[ 7829.844145] MESSAGE_B= 4 4 4 19 27 2 192 0 248 179 0 1194 1934 1375 1798 1726 1692 1673 1583 88 333 54 332 253 212 231 180 0 5 190 242 228 231 18 197 19 200 2 2 0 0 2 2 0 0 27 2 151896 382902 267564 1045434 1139432 1330558 1091574 1058002 1245368 700946 412108 139494 233168 142000 65338 204258 94416 493122 280188 238398 2073600 2073600 4 5 312968 990720 993600 109633 62698 86814 53823 5 5 5 5 65 4 4 4 4 
[ 7830.122847] MESSAGE_B= 4 4 4 15 26 2 192 0 248 179 0 1549 1705 1578 1698 1618 1700 1649 1616 448 262 321 247 172 204 206 198 0 5 250 236 232 238 59 194 14 185 2 2 0 0 2 2 0 2 26 2 257852 505856 267564 1045434 1139432 1330558 1091574 1058002 1245368 700946 412108 139494 233168 142000 65338 204258 94416 493122 280188 238398 2073600 2073600 4 5 327866 994560 993600 108553 68479 90157 60677 5 5 5 5 62 4 4 4 4 
[ 7830.400865] MESSAGE_B= 4 4 4 8 25 2 192 0 248 179 0 1902 1754 1916 1773 1525 1585 1499 1514 466 246 464 217 121 247 114 180 0 5 234 239 198 239 255 144 1 158 2 2 0 0 2 2 0 2 25 2 138938 302780 267564 1045434 1139432 1330558 1091574 1058002 1245368 700946 412108 139494 233168 142000 65338 204258 94416 493122 280188 238398 2073600 2073600 4 5 335787 990720 993600 109638 68286 97796 60067 5 5 5 5 60 4 4 4 4 
[ 7830.681476] MESSAGE_B= 4 4 4 8 28 2 192 0 248 179 0 1784 2083 1802 2098 1552 1763 1558 1607 400 261 346 317 172 284 191 259 0 5 221 216 205 228 42 72 35 110 2 2 0 0 2 2 0 2 28 2 258204 516480 471426 401596 377874 263470 418566 653446 207372 719154 509894 223376 617286 683706 270896 405352 233702 921012 463618 149248 2073600 2073600 4 5 321300 994560 993600 104678 65383 94494 56745 5 5 5 5 56 4 4 4 4 
[ 7830.849127] MESSAGE_B= 4 4 4 15 28 2 192 0 248 179 0 1805 2138 1850 2170 1751 1764 1693 1645 576 317 445 395 275 260 255 265 0 5 240 232 224 208 32 119 46 84 2 2 0 0 2 2 0 0 28 2 142116 438984 471426 401596 377874 263470 418566 653446 207372 719154 509894 223376 617286 683706 270896 405352 233702 921012 463618 149248 2073600 2073600 4 5 301340 990720 993600 103562 53799 91386 52593 5 5 5 5 53 4 4 4 4 
[ 7831.127863] MESSAGE_B= 4 0 4 23 35 2 192 0 248 179 0 1791 2086 1876 2153 1768 1697 1750 1639 594 348 566 398 301 319 295 334 0 5 251 237 242 230 63 4 49 60 2 2 0 2 2 2 0 0 35 2 267254 452414 471426 401596 377874 263470 418566 653446 207372 719154 509894 223376 617286 683706 270896 405352 233702 921012 463618 149248 2073600 2073600 4 5 290995 994560 993600 98528 57540 84520 50407 5 5 5 5 54 0 0 0 0 
[ 7831.413230] MESSAGE_B= 4 0 4 22 39 2 192 0 248 179 0 1686 1880 1813 2173 1571 1664 1768 1909 454 416 472 410 207 355 347 406 0 4 252 241 244 235 121 44 139 125 2 2 0 2 0 0 2 2 39 2 144688 573096 471426 401596 377874 263470 418566 653446 207372 719154 509894 223376 617286 683706 270896 405352 233702 921012 463618 149248 2073600 2073600 4 4 240048 990720 993600 72025 88794 44324 87018 5 4 4 4 59 0 0 0 0 
[ 7831.697871] MESSAGE_B= 4 0 4 20 37 2 192 0 248 179 0 1931 2036 2000 2121 1704 1690 1680 1656 354 523 406 564 234 396 180 432 0 5 253 248 221 243 108 63 50 74 2 2 0 2 2 2 0 0 37 2 234176 444116 471426 401596 377874 263470 418566 653446 207372 719154 509894 223376 617286 683706 270896 405352 233702 921012 463618 149248 2073600 2073600 4 5 273941 994560 993600 86482 55978 85089 52105 5 5 5 4 59 0 0 0 0 
[ 7831.976852] MESSAGE_B= 4 0 0 20 35 2 192 0 248 179 0 1795 1867 1918 2033 1636 1779 1854 2059 345 496 364 522 209 428 373 471 0 4 253 249 246 236 40 139 53 22 2 2 0 2 0 0 2 2 35 2 156552 705286 471426 401596 377874 263470 418566 653446 207372 719154 509894 223376 617286 683706 270896 405352 233702 921012 463618 149248 2073600 2073600 4 4 231727 990720 993600 65865 78976 46445 89087 5 4 4 4 56 0 0 0 0 
[ 7832.139907] MESSAGE_B= 4 0 0 16 38 2 192 0 248 179 0 2003 2042 2088 2107 1830 1614 1797 1610 349 437 400 483 382 353 344 349 0 5 252 251 232 250 128 64 114 124 2 2 0 2 2 2 0 0 38 2 304524 380768 471426 401596 377874 263470 418566 653446 207372 719154 509894 223376 617286 683706 270896 405352 233702 921012 463618 149248 2073600 2073600 4 5 257414 994560 993600 80786 55562 79710 53240 5 5 5 4 55 0 0 0 0 
[ 7832.420850] MESSAGE_B= 4 4 0 22 48 2 192 0 248 179 0 1746 1839 1843 1931 1552 1566 1629 1632 255 367 272 392 153 348 182 387 0 31 255 255 254 255 116 120 130 115 0 0 0 0 0 0 0 0 48 2 166366 801656 471426 401596 377874 263470 418566 653446 207372 719154 509894 223376 617286 683706 270896 405352 233702 921012 463618 149248 2073600 2073600 4 4 195877 990720 993600 47424 57945 45076 80827 5 4 4 4 62 4 4 4 4 
[ 7832.706953] MESSAGE_B= 4 4 0 24 40 2 192 0 248 179 0 1802 1801 1898 1901 1590 1528 1679 1573 285 327 297 353 168 208 204 227 0 31 255 254 255 255 139 145 152 140 0 0 0 0 0 0 0 0 40 2 266992 400888 471426 401596 377874 263470 418566 653446 207372 719154 509894 223376 617286 683706 270896 405352 233702 921012 463618 149248 2073600 2073600 4 5 229763 994560 993600 52953 44910 87412 53877 17 18 5 5 62 4 4 4 4 
[ 7832.985847] MESSAGE_B= 4 4 0 28 36 2 192 0 248 179 0 1893 1911 1984 2022 1525 1521 1606 1569 369 321 391 351 124 208 148 231 0 31 255 254 253 254 119 88 142 76 0 0 0 0 0 0 0 0 36 2 195502 777678 1183354 144714 460270 543674 660340 858100 291098 1130498 1078524 194504 741012 434410 324456 201284 171352 940192 469622 149830 2073600 2073600 4 5 223111 990720 993600 57304 50106 90991 58658 17 18 5 5 63 4 4 4 4 
[ 7833.263863] MESSAGE_B= 4 4 4 27 36 2 192 0 248 179 0 1937 1977 2029 2096 1514 1410 1582 1461 409 258 433 280 142 143 155 160 0 31 255 253 253 254 162 96 185 68 0 0 0 0 0 0 0 0 36 2 204326 531966 1183354 144714 460270 543674 660340 858100 291098 1130498 1078524 194504 741012 434410 324456 201284 171352 940192 469622 149830 2073600 2073600 4 5 220964 994560 993600 59694 51186 100337 56395 17 18 5 5 63 4 4 4 4 
[ 7833.543900] MESSAGE_B= 4 4 4 24 46 2 192 0 248 179 0 1966 2143 2068 2265 1491 1505 1560 1594 406 497 420 534 175 322 189 375 0 31 254 255 255 255 125 13 122 0 0 0 0 0 0 0 0 0 46 2 146626 788304 1183354 144714 460270 543674 660340 858100 291098 1130498 1078524 194504 741012 434410 324456 201284 171352 940192 469622 149830 2073600 2073600 4 5 180828 990720 993600 62868 50400 89071 65105 17 18 5 4 59 4 4 4 4 
[ 7833.822900] MESSAGE_B= 4 4 4 28 51 2 192 0 248 179 0 1977 2257 2090 2375 1496 1917 1571 2034 384 649 393 677 240 704 297 750 0 31 254 255 255 255 70 30 53 40 0 0 0 0 0 0 0 0 51 2 192346 727136 1183354 144714 460270 543674 660340 858100 291098 1130498 1078524 194504 741012 434410 324456 201284 171352 940192 469622 149830 2073600 2073600 4 5 144304 994560 993600 69753 52875 80488 59950 17 18 5 4 65 4 4 4 4 
[ 7834.100872] MESSAGE_B= 4 0 4 7 20 2 192 0 248 179 0 1712 1961 1730 2038 2174 2217 2251 2238 308 423 236 409 212 563 219 570 0 5 174 218 188 249 85 96 9 93 2 2 2 2 2 2 2 2 20 2 248470 944382 1183354 144714 460270 543674 660340 858100 291098 1130498 1078524 194504 741012 434410 324456 201284 171352 940192 469622 149830 2073600 2073600 4 5 342497 990720 993600 80899 68468 100211 92919 5 5 5 5 78 0 0 0 0 
[ 7834.378852] MESSAGE_B= 4 0 4 5 24 2 192 0 248 179 0 1626 2272 1595 2348 1772 1983 1852 2057 226 425 281 503 153 443 189 451 0 31 220 251 240 252 55 58 141 138 2 2 0 2 0 2 2 2 24 2 133604 428826 1183354 144714 460270 543674 660340 858100 291098 1130498 1078524 194504 741012 434410 324456 201284 171352 940192 469622 149830 2073600 2073600 4 4 208513 994560 993600 44871 71197 58814 60287 4 4 5 4 79 0 0 0 0 
[ 7834.659503] MESSAGE_B= 4 4 4 3 25 3 192 0 248 179 0 1800 2396 1908 2304 1826 2013 1840 2043 304 333 399 340 171 321 140 303 0 5 218 192 172 233 42 37 39 67 2 0 2 0 2 0 2 2 25 3 162086 680984 1183354 144714 460270 543674 660340 858100 291098 1130498 1078524 194504 741012 434410 324456 201284 171352 940192 469622 149830 2073600 2073600 4 5 272437 990720 993600 59478 47307 86931 82891 5 4 5 5 79 4 4 4 4 
[ 7834.936848] MESSAGE_B= 4 4 4 3 25 3 192 0 248 179 0 2120 2411 2164 2438 1819 1999 1821 2027 312 257 359 270 141 202 140 210 0 5 177 250 167 206 128 63 152 93 2 0 2 0 2 2 2 2 25 3 113584 503182 1183354 144714 460270 543674 660340 858100 291098 1130498 1078524 194504 741012 434410 324456 201284 171352 940192 469622 149830 2073600 2073600 4 5 270062 994560 993600 54218 44361 84672 86811 5 5 5 5 77 4 4 4 4 
[ 7835.214869] MESSAGE_B= 4 4 4 8 43 1 192 0 248 179 0 2282 2571 2304 2603 1844 2145 1808 2219 301 448 334 473 144 279 117 288 0 5 182 253 126 233 120 79 75 68 0 0 2 0 2 2 2 2 43 1 141474 557788 1183354 144714 460270 543674 660340 858100 291098 1130498 1078524 194504 741012 434410 324456 201284 171352 940192 469622 149830 2073600 2073600 4 5 248226 990720 993600 44889 47823 75923 79591 5 5 5 5 76 4 4 4 4 
[ 7835.492865] MESSAGE_B= 4 4 4 20 36 1 192 0 248 179 0 2279 2583 2343 2621 1815 2188 1874 2253 255 779 281 809 140 388 165 409 0 31 250 255 252 254 141 102 118 106 0 0 0 0 0 0 0 0 36 1 136142 371102 778450 309910 693136 1426774 1335332 875794 530010 1050924 666984 252998 535992 419270 317282 169544 120848 499152 97396 101258 2073600 2073600 4 5 194168 994560 993600 37110 42273 53630 61155 5 5 5 5 85 4 4 4 4 
[ 7835.660857] MESSAGE_B= 4 4 4 43 40 1 192 0 248 179 0 2400 2585 2468 2616 1842 2414 1899 2494 270 823 293 846 173 516 193 544 0 31 253 255 255 255 76 109 52 111 0 0 0 0 0 0 0 0 40 1 101116 518650 778450 309910 693136 1426774 1335332 875794 530010 1050924 666984 252998 535992 419270 317282 169544 120848 499152 97396 101258 2073600 2073600 4 5 172452 990720 993600 33302 41317 45363 52470 5 5 5 5 87 4 4 4 4 
[ 7835.942845] MESSAGE_B= 4 4 4 57 35 1 192 0 248 179 0 2373 2475 2432 2507 1881 2704 1949 2794 253 658 268 676 212 559 229 578 0 31 252 255 255 254 161 154 154 158 0 0 0 0 0 0 0 0 35 1 159290 493490 778450 309910 693136 1426774 1335332 875794 530010 1050924 666984 252998 535992 419270 317282 169544 120848 499152 97396 101258 2073600 2073600 4 5 165156 994560 993600 47567 49483 43564 49092 20 20 5 5 87 4 4 4 4 
[ 7836.221843] MESSAGE_B= 4 4 4 47 35 1 192 0 248 179 0 2314 2493 2366 2528 1866 2514 1930 2584 279 623 295 642 131 591 135 614 0 31 253 255 249 255 156 103 162 109 0 0 0 0 0 0 0 0 35 1 94318 438590 778450 309910 693136 1426774 1335332 875794 530010 1050924 666984 252998 535992 419270 317282 169544 120848 499152 97396 101258 2073600 2073600 4 5 180711 990720 993600 50990 51875 50434 58318 20 20 5 5 87 4 4 4 4 
[ 7836.499861] MESSAGE_B= 4 4 4 43 33 1 192 0 248 179 0 2258 2472 2301 2510 1896 2559 1959 2616 327 540 354 554 158 729 157 753 0 31 253 255 251 255 71 48 76 48 0 0 0 0 0 0 0 0 33 1 182322 648588 778450 309910 693136 1426774 1335332 875794 530010 1050924 666984 252998 535992 419270 317282 169544 120848 499152 97396 101258 2073600 2073600 4 5 190536 994560 993600 53852 52019 50613 58082 20 20 5 5 78 4 4 4 4 
[ 7836.779858] MESSAGE_B= 4 4 4 50 33 1 192 0 248 179 0 2291 2442 2337 2478 1941 2687 2008 2758 334 531 359 552 190 774 195 800 0 31 252 255 251 255 140 56 145 56 0 0 0 0 0 0 0 0 33 1 83344 271658 778450 309910 693136 1426774 1335332 875794 530010 1050924 666984 252998 535992 419270 317282 169544 120848 499152 97396 101258 2073600 2073600 4 5 190071 990720 993600 53071 53364 46816 54096 20 5 5 5 82 4 4 4 4 
[ 7837.066850] MESSAGE_B= 4 4 4 59 37 1 192 0 248 179 0 2328 2451 2376 2491 1990 2882 2062 2948 345 521 373 538 213 868 229 890 0 31 253 255 253 255 77 80 83 85 0 0 0 0 0 0 0 0 37 1 208758 675536 778450 309910 693136 1426774 1335332 875794 530010 1050924 666984 252998 535992 419270 317282 169544 120848 499152 97396 101258 2073600 2073600 4 5 175178 994560 993600 54323 50739 41848 49072 20 5 5 5 82 4 4 4 4 
[ 7837.345846] MESSAGE_B= 4 4 4 69 35 1 192 0 248 179 0 2335 2441 2380 2483 2091 3031 2165 3091 337 449 370 473 310 860 324 883 0 31 253 255 255 255 115 102 113 101 0 0 0 0 0 0 0 0 35 1 79240 227026 778450 309910 693136 1426774 1335332 875794 530010 1050924 666984 252998 535992 419270 317282 169544 120848 499152 97396 101258 2073600 2073600 4 5 159199 990720 993600 57079 55640 35980 43382 20 20 5 5 81 4 4 4 4 
[ 7837.624851] MESSAGE_B= 4 4 4 71 39 2 192 0 248 179 0 2264 2406 2301 2450 1992 3206 2068 3258 377 425 408 454 234 887 250 892 0 31 254 255 253 255 128 102 126 101 0 0 0 0 0 0 0 0 39 2 186900 794016 778450 309910 693136 1426774 1335332 875794 530010 1050924 666984 252998 535992 419270 317282 169544 120848 499152 97396 101258 2073600 2073600 4 5 176206 994560 993600 55657 57685 38706 44735 20 20 5 5 84 4 4 4 4 
[ 7837.793182] MESSAGE_B= 4 4 4 63 40 2 192 0 248 179 0 2244 2399 2279 2447 1908 3264 1980 3318 402 430 435 455 177 874 191 877 0 31 255 255 252 255 132 83 134 85 0 0 0 0 0 0 0 0 40 2 81982 228122 888628 340054 475446 748942 694570 712192 651372 789928 810648 301636 155862 149780 285482 201194 157734 433400 183170 243016 2073600 2073600 4 5 179828 990720 993600 56928 59377 40242 44660 20 20 5 5 84 4 4 4 4 
[ 7838.074854] MESSAGE_B= 4 4 4 60 41 2 192 0 248 179 0 2258 2380 2295 2429 1874 3333 1941 3395 434 408 462 431 162 714 184 711 0 31 254 255 252 255 127 47 130 56 0 0 0 0 0 0 0 0 41 2 219042 870994 888628 340054 475446 748942 694570 712192 651372 789928 810648 301636 155862 149780 285482 201194 157734 433400 183170 243016 2073600 2073600 4 5 188227 994560 993600 60121 64530 44723 49906 20 21 5 5 81 4 4 4 4 
[ 7838.352881] MESSAGE_B= 4 4 4 59 44 3 192 0 248 179 0 1821 1962 1837 2011 2016 3390 2095 3451 219 302 232 329 257 616 283 598 0 20 243 241 253 254 154 99 17 115 2 0 0 0 2 2 2 2 44 3 86942 341150 888628 340054 475446 748942 694570 712192 651372 789928 810648 301636 155862 149780 285482 201194 157734 433400 183170 243016 2073600 2073600 4 5 170763 990720 993600 66203 70733 39597 44830 20 21 5 5 76 4 4 4 4 
[ 7838.632099] MESSAGE_B= 4 4 4 64 41 3 192 0 248 179 0 1868 2005 1884 2053 2228 3481 2308 3527 225 324 249 347 355 523 373 493 0 20 239 242 254 255 171 108 2 153 2 0 0 0 2 2 2 2 41 3 260018 938384 888628 340054 475446 748942 694570 712192 651372 789928 810648 301636 155862 149780 285482 201194 157734 433400 183170 243016 2073600 2073600 4 20 156433 994560 993600 68889 74221 44097 48130 20 21 25 25 76 4 4 4 4 
[ 7838.917866] MESSAGE_B= 4 4 4 72 36 4 192 0 248 179 0 1650 1684 1664 1715 2192 3016 2256 3070 221 211 244 229 384 578 398 543 0 19 249 248 255 255 184 188 183 172 0 0 0 0 2 2 2 2 36 4 90960 452486 888628 340054 475446 748942 694570 712192 651372 789928 810648 301636 155862 149780 285482 201194 157734 433400 183170 243016 2073600 2073600 4 19 179314 990720 993600 80957 79803 42015 46941 19 19 24 24 84 4 4 4 4 
