[ 8793.950211] MESSAGE_B= 4 4 0 250 7 1 192 0 248 179 0 0 137 0 138 35 211 34 214 0 0 0 0 0 0 0 0 1 12 255 0 255 255 0 0 0 0 1 1 0 0 0 0 0 0 7 1 658 2278 2 50106 43810 94378 84782 123264 130604 109586 115520 2 178598 165782 149032 140348 139886 209922 180260 2 2073600 2073600 4 12 508547 990720 993600 127611 127611 126660 126665 12 12 12 12 81 4 4 4 4 
[ 8794.224841] MESSAGE_B= 4 4 0 250 7 1 192 0 248 179 0 0 134 0 135 38 222 37 230 0 0 0 0 0 0 0 0 1 12 255 0 255 255 0 0 0 0 1 1 0 0 0 0 0 0 7 1 584 22348 2 50106 43810 94378 84782 123264 130604 109586 115520 2 178598 165782 149032 140348 139886 209922 180260 2 2073600 2073600 4 12 508321 994560 993600 127591 127591 126583 126556 12 12 12 12 81 4 4 4 4 
[ 8794.497854] MESSAGE_B= 0 4 4 251 7 1 192 0 248 179 0 0 137 0 136 30 237 29 246 0 0 0 0 0 0 0 0 1 12 255 0 255 255 0 0 0 0 1 1 0 0 0 0 0 0 7 1 1210 2112 2 50106 43810 94378 84782 123264 130604 109586 115520 2 178598 165782 149032 140348 139886 209922 180260 2 2073600 2073600 2 12 508197 990720 993600 127589 127595 126515 126498 12 12 12 12 38 4 4 4 4 
[ 8794.650845] MESSAGE_B= 4 4 4 250 7 1 192 0 248 179 0 0 138 0 139 38 242 42 249 0 0 0 0 0 0 0 0 1 12 255 0 255 255 0 0 0 0 1 1 0 0 0 0 0 0 7 1 444 20824 22910 4598 2 2 5518 65020 123956 71072 23354 1058 1126 2 248 390 402 4288 2630 970 2073600 2073600 4 12 508063 994560 993600 127574 127567 126467 126455 12 12 12 12 38 4 4 4 4 
[ 8794.930206] MESSAGE_B= 0 4 4 250 7 1 192 0 248 179 0 0 140 0 139 32 245 32 252 0 0 0 0 0 0 0 0 1 12 255 0 255 255 0 0 0 0 1 1 0 0 0 0 0 0 7 1 1202 2168 22910 4598 2 2 5518 65020 123956 71072 23354 1058 1126 2 248 390 402 4288 2630 970 2073600 2073600 2 12 508066 990720 993600 127575 127576 126461 126454 12 12 12 12 38 4 4 4 4 
[ 8795.209527] MESSAGE_B= 4 4 4 250 7 1 192 0 248 179 0 0 139 0 139 32 247 32 252 0 0 0 0 0 0 0 0 1 12 255 0 255 255 0 0 0 0 1 1 0 0 0 0 0 0 7 1 614 19254 22910 4598 2 2 5518 65020 123956 71072 23354 1058 1126 2 248 390 402 4288 2630 970 2073600 2073600 4 12 508061 994560 993600 127576 127576 126458 126451 12 12 12 12 35 4 4 4 4 
[ 8795.480845] MESSAGE_B= 0 4 4 250 7 1 192 0 248 179 0 0 142 0 142 43 249 43 253 0 0 0 0 0 0 0 0 1 12 255 0 255 255 0 0 0 0 1 1 0 0 0 0 0 0 7 1 1352 2224 22910 4598 2 2 5518 65020 123956 71072 23354 1058 1126 2 248 390 402 4288 2630 970 2073600 2073600 2 12 507986 990720 993600 127560 127560 126433 126433 12 12 12 12 5 4 4 4 4 
[ 8795.755838] MESSAGE_B= 4 4 4 250 7 1 192 0 248 179 0 0 142 0 142 43 249 43 253 0 0 0 0 0 0 0 0 1 12 255 0 255 255 0 0 0 0 1 1 0 0 0 0 0 0 7 1 604 19270 22910 4598 2 2 5518 65020 123956 71072 23354 1058 1126 2 248 390 402 4288 2630 970 2073600 2073600 4 12 507988 994560 993600 127560 127560 126434 126434 12 12 12 12 4 4 4 4 4 
[ 8796.030838] MESSAGE_B= 0 4 4 251 7 1 192 0 248 179 0 0 140 0 139 32 247 32 252 0 0 0 0 0 0 0 0 1 12 255 0 255 255 0 0 0 0 1 1 0 0 0 0 0 0 7 1 1300 2216 22910 4598 2 2 5518 65020 123956 71072 23354 1058 1126 2 248 390 402 4288 2630 970 2073600 2073600 2 12 508058 990720 993600 127574 127576 126456 126452 12 12 12 12 3 4 4 4 4 
[ 8796.302846] MESSAGE_B= 4 4 4 251 7 1 192 0 248 179 0 0 140 0 139 32 247 32 251 0 0 0 0 0 0 0 0 1 12 255 0 255 255 0 0 0 0 1 1 0 0 0 0 0 0 7 1 608 19298 22910 4598 2 2 5518 65020 123956 71072 23354 1058 1126 2 248 390 402 4288 2630 970 2073600 2073600 4 12 508058 994560 993600 127574 127576 126454 126454 12 12 12 12 2 4 4 4 4 
[ 8796.577863] MESSAGE_B= 0 4 4 251 7 1 192 0 248 179 0 0 140 0 139 32 247 32 252 0 0 0 0 0 0 0 0 1 12 255 0 255 255 0 0 0 0 1 1 0 0 0 0 0 0 7 1 1270 2220 22910 4598 2 2 5518 65020 123956 71072 23354 1058 1126 2 248 390 402 4288 2630 970 2073600 2073600 2 12 508056 990720 993600 127574 127576 126454 126452 12 12 12 12 2 4 4 4 4 
[ 8796.848852] MESSAGE_B= 4 4 4 251 7 1 192 0 248 179 0 0 142 0 142 43 249 43 253 0 0 0 0 0 0 0 0 1 12 255 0 255 255 0 0 0 0 1 1 0 0 0 0 0 0 7 1 636 19296 22910 4598 2 2 5518 65020 123956 71072 23354 1058 1126 2 248 390 402 4288 2630 970 2073600 2073600 4 12 507991 994560 993600 127560 127560 126435 126436 12 12 12 12 2 4 4 4 4 
[ 8797.120852] MESSAGE_B= 0 4 4 251 7 1 192 0 248 179 0 0 142 0 142 43 249 43 253 0 0 0 0 0 0 0 0 1 12 255 0 255 255 0 0 0 0 1 1 0 0 0 0 0 0 7 1 1272 2226 22736 91910 6 23262 22908 23880 123214 69452 23266 810 158 2 796 814 794 5108 2840 824 2073600 2073600 2 12 507988 990720 993600 127560 127560 126433 126435 12 12 12 12 2 4 4 4 4 
[ 8797.282849] MESSAGE_B= 4 4 4 251 7 1 192 0 248 179 0 0 142 0 142 43 249 43 252 0 0 0 0 0 0 0 0 1 12 255 0 255 255 0 0 0 0 1 1 0 0 0 0 0 0 7 1 624 19288 22736 91910 6 23262 22908 23880 123214 69452 23266 810 158 2 796 814 794 5108 2840 824 2073600 2073600 4 12 507987 994560 993600 127559 127560 126434 126434 12 12 12 12 7 4 4 4 4 
[ 8797.563849] MESSAGE_B= 0 4 4 251 7 1 192 0 248 179 0 0 140 0 139 32 247 32 252 0 0 0 0 0 0 0 0 1 12 255 0 255 255 0 0 0 0 1 1 0 0 0 0 0 0 7 1 1222 2226 22736 91910 6 23262 22908 23880 123214 69452 23266 810 158 2 796 814 794 5108 2840 824 2073600 2073600 2 12 508058 990720 993600 127575 127576 126454 126453 12 12 12 12 7 4 4 4 4 
[ 8797.835867] MESSAGE_B= 4 4 4 251 7 1 192 0 248 179 0 0 140 0 139 32 247 32 252 0 0 0 0 0 0 0 0 1 12 255 0 255 255 0 0 0 0 1 1 0 0 0 0 0 0 7 1 604 19286 22736 91910 6 23262 22908 23880 123214 69452 23266 810 158 2 796 814 794 5108 2840 824 2073600 2073600 4 12 508060 994560 993600 127575 127576 126454 126455 12 12 12 12 4 4 4 4 4 
[ 8798.109848] MESSAGE_B= 0 4 4 251 7 1 192 0 248 179 0 0 140 0 139 32 246 32 252 0 0 0 0 0 0 0 0 1 12 255 0 255 255 0 0 0 0 1 1 0 0 0 0 0 0 7 1 1272 2224 22736 91910 6 23262 22908 23880 123214 69452 23266 810 158 2 796 814 794 5108 2840 824 2073600 2073600 2 12 508063 990720 993600 127574 127578 126457 126454 12 12 12 12 4 4 4 4 4 
[ 8798.382880] MESSAGE_B= 4 4 4 251 7 1 192 0 248 179 0 0 142 0 142 43 249 43 253 0 0 0 0 0 0 0 0 1 12 255 0 255 255 0 0 0 0 1 1 0 0 0 0 0 0 7 1 600 19286 22736 91910 6 23262 22908 23880 123214 69452 23266 810 158 2 796 814 794 5108 2840 824 2073600 2073600 4 12 507987 994560 993600 127560 127559 126433 126435 12 12 12 12 4 4 4 4 4 
[ 8798.654858] MESSAGE_B= 0 4 4 251 7 1 192 0 248 179 0 0 142 0 142 44 249 43 253 0 0 0 0 0 0 0 0 1 12 255 0 255 255 0 0 0 0 1 1 0 0 0 0 0 0 7 1 1282 2222 22736 91910 6 23262 22908 23880 123214 69452 23266 810 158 2 796 814 794 5108 2840 824 2073600 2073600 2 12 507985 990720 993600 127559 127559 126432 126435 12 12 12 12 3 4 4 4 4 
[ 8798.929844] MESSAGE_B= 4 4 4 251 7 1 192 0 248 179 0 0 142 0 142 32 309 32 309 0 0 0 0 0 0 0 0 1 12 255 0 255 255 0 0 0 0 1 1 0 0 0 0 0 0 7 1 594 19298 22736 91910 6 23262 22908 23880 123214 69452 23266 810 158 2 796 814 794 5108 2840 824 2073600 2073600 4 12 507530 994560 993600 127543 127542 126230 126215 12 12 12 12 161 4 4 4 4 
[ 8799.203848] MESSAGE_B= 0 4 4 250 7 3 192 0 248 179 0 0 146 0 147 38 159 41 166 0 0 0 0 0 0 0 0 1 12 255 0 236 255 0 0 0 0 1 1 0 0 0 0 0 1 7 3 1796 2226 22736 91910 6 23262 22908 23880 123214 69452 23266 810 158 2 796 814 794 5108 2840 824 2073600 2073600 2 12 509303 990720 993600 127589 127585 127062 127067 12 12 12 12 161 4 4 4 4 
[ 8799.483194] MESSAGE_B= 4 0 4 250 7 4 192 0 248 179 0 0 135 0 133 30 51 27 53 0 0 0 0 0 0 0 0 1 12 255 0 255 128 0 0 0 0 1 1 1 1 0 1 0 1 7 4 480 33962 63844 92238 6 23328 22932 23910 123330 69472 25480 778 214 2 898 908 874 5228 2936 922 2073600 2073600 4 12 511157 994560 993600 127758 127762 127819 127818 12 12 12 12 84 4 4 4 4 
[ 8799.636895] MESSAGE_B= 0 7 4 247 7 4 192 0 248 179 0 0 192 0 191 0 0 0 0 0 0 0 0 0 0 0 0 1 12 255 0 0 0 0 0 0 0 1 1 1 1 1 1 1 1 7 4 958 2610 63844 92238 6 23328 22932 23910 123330 69472 25480 778 214 2 898 908 874 5228 2936 922 2073600 2073600 2 12 512009 990720 993600 127900 127901 128104 128104 12 12 12 12 34 4 4 4 4 
[ 8799.910855] MESSAGE_B= 4 7 4 245 7 5 192 0 248 179 0 0 191 0 191 0 0 0 0 0 0 0 0 0 0 0 0 1 12 255 0 0 0 0 0 0 0 1 1 1 1 1 1 1 1 7 5 544 57022 63844 92238 6 23328 22932 23910 123330 69472 25480 778 214 2 898 908 874 5228 2936 922 2073600 2073600 5 12 512010 994560 993600 127901 127901 128104 128104 12 12 12 12 34 4 4 4 4 
[ 8800.180857] MESSAGE_B= 5 7 4 248 7 1 192 0 248 179 0 0 192 0 192 0 0 0 0 0 0 0 0 0 0 0 0 1 12 255 0 0 0 0 0 0 0 1 1 1 1 1 1 1 1 7 1 70 0 63844 92238 6 23328 22932 23910 123330 69472 25480 778 214 2 898 908 874 5228 2936 922 2073600 2073600 6 12 511969 990720 993600 127899 127898 128089 128083 12 12 12 12 29 4 4 4 4 
[ 8800.454846] MESSAGE_B= 4 0 4 250 7 0 192 0 248 179 0 0 116 0 116 59 56 57 54 0 0 0 0 0 0 0 0 1 12 255 0 255 128 0 0 0 0 1 1 1 1 0 1 0 1 7 0 302 6480 63844 92238 6 23328 22932 23910 123330 69472 25480 778 214 2 898 908 874 5228 2936 922 2073600 2073600 4 12 511514 994560 993600 127835 127836 127925 127918 12 12 12 12 29 4 4 4 4 
[ 8800.725859] MESSAGE_B= 4 4 4 251 7 0 192 0 248 179 0 0 114 0 115 64 245 61 241 0 0 0 0 0 0 0 0 1 12 255 0 255 255 66 0 85 0 1 1 0 0 0 0 0 0 7 0 440 592 63844 92238 6 23328 22932 23910 123330 69472 25480 778 214 2 898 908 874 5228 2936 922 2073600 2073600 4 12 510140 990720 993600 127814 127813 127252 127261 12 12 12 12 78 4 4 4 4 
[ 8800.996845] MESSAGE_B= 4 4 4 251 7 0 192 0 248 179 0 0 119 0 118 73 271 75 270 0 0 0 0 0 0 0 0 1 12 255 0 255 255 73 0 66 0 1 1 0 0 0 0 0 0 7 0 426 33044 63844 92238 6 23328 22932 23910 123330 69472 25480 778 214 2 898 908 874 5228 2936 922 2073600 2073600 4 12 509857 994560 993600 127805 127805 127114 127133 12 12 12 12 78 4 4 4 4 
[ 8801.269843] MESSAGE_B= 5 4 4 252 7 0 192 0 248 179 0 0 121 0 122 75 287 77 290 0 0 0 0 0 0 0 0 1 12 255 0 255 255 64 0 64 0 1 1 0 0 0 0 0 0 7 0 746 454 63844 92238 6 23328 22932 23910 123330 69472 25480 778 214 2 898 908 874 5228 2936 922 2073600 2073600 6 12 509730 990720 993600 127798 127796 127069 127067 12 12 12 12 38 4 4 4 4 
[ 8801.550161] MESSAGE_B= 4 4 4 251 7 0 192 0 248 179 0 0 117 0 117 76 302 76 302 0 0 0 0 0 0 0 0 1 12 255 0 255 255 106 0 96 0 1 1 0 0 0 0 0 0 7 0 502 21324 63844 92238 6 23328 22932 23910 123330 69472 25480 778 214 2 898 908 874 5228 2936 922 2073600 2073600 4 12 509678 994560 993600 127794 127794 127044 127046 12 12 12 12 38 4 4 4 4 
[ 8801.827843] MESSAGE_B= 5 4 4 252 7 0 192 0 248 179 0 0 118 0 117 78 324 78 311 0 0 0 0 0 0 0 0 1 12 255 0 245 255 106 0 96 0 1 1 0 0 0 0 0 0 7 0 740 450 16428 105894 2 3874 25208 42278 230666 57926 17414 558 838 2 248 284 768 3642 2524 502 2073600 2073600 6 12 509592 990720 993600 127790 127792 126995 127015 12 12 12 12 27 4 4 4 4 
[ 8802.098850] MESSAGE_B= 4 4 4 252 7 0 192 0 248 179 0 0 122 0 122 84 327 84 318 0 0 0 0 0 0 0 0 1 12 255 0 255 255 106 0 85 0 1 1 0 0 0 0 0 0 7 0 398 19502 16428 105894 2 3874 25208 42278 230666 57926 17414 558 838 2 248 284 768 3642 2524 502 2073600 2073600 4 12 509537 994560 993600 127790 127790 126972 126985 12 12 12 12 26 4 4 4 4 
[ 8802.374865] MESSAGE_B= 5 4 4 252 7 0 192 0 248 179 0 0 121 0 120 84 329 84 318 0 0 0 0 0 0 0 0 1 12 255 0 255 255 106 0 85 0 1 1 0 0 0 0 0 0 7 0 944 452 16428 105894 2 3874 25208 42278 230666 57926 17414 558 838 2 248 284 768 3642 2524 502 2073600 2073600 6 12 509538 990720 993600 127793 127794 126969 126982 12 12 12 12 11 4 4 4 4 
[ 8802.646844] MESSAGE_B= 4 4 4 252 7 0 192 0 248 179 0 0 118 0 117 78 325 80 314 0 0 0 0 0 0 0 0 1 12 255 0 255 255 106 0 96 0 1 1 0 0 0 0 0 0 7 0 406 19686 16428 105894 2 3874 25208 42278 230666 57926 17414 558 838 2 248 284 768 3642 2524 502 2073600 2073600 4 12 509585 994560 993600 127789 127790 126995 127011 12 12 12 12 5 4 4 4 4 
[ 8802.797866] MESSAGE_B= 5 4 4 252 7 0 192 0 248 179 0 0 121 0 120 84 328 84 318 0 0 0 0 0 0 0 0 1 12 255 0 255 255 106 0 85 0 1 1 0 0 0 0 0 0 7 0 718 458 16428 105894 2 3874 25208 42278 230666 57926 17414 558 838 2 248 284 768 3642 2524 502 2073600 2073600 6 12 509545 990720 993600 127793 127796 126972 126984 12 12 12 12 5 4 4 4 4 
[ 8803.068845] MESSAGE_B= 4 4 4 252 7 0 192 0 248 179 0 0 122 0 121 82 326 82 315 0 0 0 0 0 0 0 0 1 12 255 0 255 255 106 0 85 0 1 1 0 0 0 0 0 0 7 0 418 19702 16428 105894 2 3874 25208 42278 230666 57926 17414 558 838 2 248 284 768 3642 2524 502 2073600 2073600 4 12 509558 994560 993600 127792 127793 126978 126995 12 12 12 12 5 4 4 4 4 
[ 8803.340847] MESSAGE_B= 5 4 4 252 7 0 192 0 248 179 0 0 122 0 121 84 326 82 313 0 0 0 0 0 0 0 0 1 12 255 0 255 255 106 0 85 0 1 1 0 0 0 0 0 0 7 0 884 444 16428 105894 2 3874 25208 42278 230666 57926 17414 558 838 2 248 284 768 3642 2524 502 2073600 2073600 6 12 509561 990720 993600 127791 127793 126978 126999 12 12 12 12 5 4 4 4 4 
[ 8803.612853] MESSAGE_B= 4 4 4 252 7 0 192 0 248 179 0 0 117 0 117 80 323 80 311 0 0 0 0 0 0 0 0 1 12 255 0 255 255 96 0 96 0 1 1 0 0 0 0 0 0 7 0 336 19722 16428 105894 2 3874 25208 42278 230666 57926 17414 558 838 2 248 284 768 3642 2524 502 2073600 2073600 4 12 509558 994560 993600 127792 127793 126978 126995 12 12 12 12 3 4 4 4 4 
[ 8803.887083] MESSAGE_B= 5 4 4 252 7 0 192 0 248 179 0 0 117 0 117 80 323 80 311 0 0 0 0 0 0 0 0 1 12 255 0 255 255 96 0 96 0 1 1 0 0 0 0 0 0 7 0 934 446 16428 105894 2 3874 25208 42278 230666 57926 17414 558 838 2 248 284 768 3642 2524 502 2073600 2073600 6 12 509602 990720 993600 127791 127791 127000 127020 12 12 12 12 3 4 4 4 4 
[ 8804.163588] MESSAGE_B= 4 4 4 252 7 0 192 0 248 179 0 0 122 0 122 82 326 82 314 0 0 0 0 0 0 0 0 1 12 255 0 255 255 106 0 85 0 1 1 0 0 0 0 0 0 7 0 348 19700 16572 201106 366 16778 16522 17442 231056 58154 16994 466 1782 54 632 668 568 3118 2654 546 2073600 2073600 4 12 509558 994560 993600 127792 127792 126978 126996 12 12 12 12 3 4 4 4 4 
[ 8804.435841] MESSAGE_B= 5 4 4 252 7 0 192 0 248 179 0 0 122 0 121 82 326 82 315 0 0 0 0 0 0 0 0 1 12 255 0 255 255 106 0 85 0 1 1 0 0 0 0 0 0 7 0 868 444 16572 201106 366 16778 16522 17442 231056 58154 16994 466 1782 54 632 668 568 3118 2654 546 2073600 2073600 6 12 509558 990720 993600 127792 127794 126978 126994 12 12 12 12 3 4 4 4 4 
[ 8804.594893] MESSAGE_B= 4 4 4 252 7 0 192 0 248 179 0 0 117 0 117 80 323 80 311 0 0 0 0 0 0 0 0 1 12 255 0 255 255 96 0 96 0 1 1 0 0 0 0 0 0 7 0 344 19694 16572 201106 366 16778 16522 17442 231056 58154 16994 466 1782 54 632 668 568 3118 2654 546 2073600 2073600 4 12 509601 994560 993600 127791 127791 126999 127020 12 12 12 12 3 4 4 4 4 
[ 8804.876898] MESSAGE_B= 5 4 4 252 7 0 192 0 248 179 0 0 121 0 120 80 312 80 310 0 0 0 0 0 0 0 0 1 12 255 0 255 255 106 0 85 0 1 1 0 0 0 0 0 0 7 0 934 454 16572 201106 366 16778 16522 17442 231056 58154 16994 466 1782 54 632 668 568 3118 2654 546 2073600 2073600 6 12 509606 990720 993600 127795 127799 127010 127002 12 12 12 12 31 4 4 4 4 
[ 8805.158854] MESSAGE_B= 4 4 4 251 7 0 192 0 248 179 0 0 113 0 113 66 212 64 219 0 0 0 0 0 0 0 0 1 12 255 0 255 255 48 0 48 0 1 1 1 0 0 0 0 0 7 0 426 19520 16572 201106 366 16778 16522 17442 231056 58154 16994 466 1782 54 632 668 568 3118 2654 546 2073600 2073600 4 12 510418 994560 993600 127811 127812 127404 127391 12 12 12 12 99 4 4 4 4 
[ 8805.430855] MESSAGE_B= 5 0 4 251 7 1 192 0 248 179 0 0 140 0 140 52 136 54 130 0 0 0 0 0 0 0 0 1 12 255 0 255 255 0 0 0 0 1 1 1 1 0 1 0 1 7 1 976 492 16572 201106 366 16778 16522 17442 231056 58154 16994 466 1782 54 632 668 568 3118 2654 546 2073600 2073600 6 12 511639 990720 993600 127847 127846 127969 127977 12 12 12 12 99 4 4 4 4 
[ 8805.701905] MESSAGE_B= 4 7 4 249 7 1 192 0 248 179 0 0 193 0 194 0 0 0 0 0 0 0 0 0 0 0 0 1 12 255 0 0 0 0 0 0 0 1 1 1 1 1 1 1 1 7 1 374 57654 16572 201106 366 16778 16522 17442 231056 58154 16994 466 1782 54 632 668 568 3118 2654 546 2073600 2073600 5 12 512003 994560 993600 127898 127897 128104 128104 12 12 12 12 32 4 4 4 4 
[ 8805.981081] MESSAGE_B= 5 7 4 248 7 2 192 0 248 179 0 0 192 0 191 0 0 0 0 0 0 0 0 0 0 0 0 1 12 255 0 0 0 0 0 0 0 1 1 1 1 1 1 1 1 7 2 802 682 16572 201106 366 16778 16522 17442 231056 58154 16994 466 1782 54 632 668 568 3118 2654 546 2073600 2073600 6 12 512009 990720 993600 127900 127901 128104 128104 12 12 12 12 32 4 4 4 4 
[ 8806.253393] MESSAGE_B= 4 7 4 249 7 2 192 0 248 179 0 0 192 0 191 0 0 0 0 0 0 0 0 0 0 0 0 1 12 255 0 0 0 0 0 0 0 1 1 1 1 1 1 1 1 7 2 266 4288 16572 201106 366 16778 16522 17442 231056 58154 16994 466 1782 54 632 668 568 3118 2654 546 2073600 2073600 4 12 512009 994560 993600 127900 127901 128104 128104 12 12 12 12 6 4 4 4 4 
[ 8806.527852] MESSAGE_B= 4 7 4 249 7 2 192 0 248 179 0 0 192 0 191 0 0 0 0 0 0 0 0 0 0 0 0 1 12 255 0 0 0 0 0 0 0 1 1 1 1 1 1 1 1 7 2 0 0 4090 200878 122 16978 18606 41918 233082 105726 4114 124 1794 14 520 794 560 2830 4886 166 2073600 2073600 4 12 512009 990720 993600 127900 127901 128104 128104 12 12 12 12 6 4 4 4 4 
[ 8806.799846] MESSAGE_B= 4 7 4 249 7 2 192 0 248 179 0 0 193 0 191 0 0 0 0 0 0 0 0 0 0 0 0 1 12 255 0 0 0 0 0 0 0 1 1 1 1 1 1 1 1 7 2 266 4288 4090 200878 122 16978 18606 41918 233082 105726 4114 124 1794 14 520 794 560 2830 4886 166 2073600 2073600 4 12 512007 994560 993600 127898 127901 128104 128104 12 12 12 12 5 4 4 4 4 
[ 8807.076863] MESSAGE_B= 4 4 4 94 22 1 192 0 248 179 0 1438 1431 1457 1431 848 1218 857 1225 101 60 83 43 218 234 225 233 0 17 255 252 255 255 141 120 155 175 0 0 0 0 2 2 2 2 22 1 0 0 4090 200878 122 16978 18606 41918 233082 105726 4114 124 1794 14 520 794 560 2830 4886 166 2073600 2073600 4 17 248016 990720 993600 80990 80539 56288 57890 17 17 16 16 119 4 4 4 4 
[ 8807.351002] MESSAGE_B= 4 4 4 51 23 1 192 0 248 179 0 3784 3845 3737 3748 2179 2891 2172 2882 142 81 108 80 806 468 771 446 0 6 235 223 255 255 87 88 59 93 0 0 0 0 2 2 2 2 23 1 72424 278270 4090 200878 122 16978 18606 41918 233082 105726 4114 124 1794 14 520 794 560 2830 4886 166 2073600 2073600 4 6 220519 994560 993600 91585 86855 26639 27900 6 6 24 24 128 4 4 4 4 
[ 8807.627863] MESSAGE_B= 4 4 4 40 20 1 192 0 248 179 0 3835 3846 3777 3748 2182 2893 2177 2890 111 95 107 73 806 431 770 420 0 6 236 240 255 255 146 78 134 35 0 0 0 0 2 2 2 2 20 1 43608 669958 4090 200878 122 16978 18606 41918 233082 105726 4114 124 1794 14 520 794 560 2830 4886 166 2073600 2073600 4 6 222970 990720 993600 92181 87510 26689 28201 6 6 24 24 128 4 4 4 4 
[ 8807.786459] MESSAGE_B= 4 4 4 39 21 1 192 0 248 179 0 3843 3810 3780 3723 2182 2919 2177 2904 106 122 88 96 806 459 771 452 0 6 246 244 255 255 163 111 134 27 0 0 0 0 2 2 2 2 21 1 65920 368742 4090 200878 122 16978 18606 41918 233082 105726 4114 124 1794 14 520 794 560 2830 4886 166 2073600 2073600 4 6 223037 994560 993600 91531 86966 26327 27952 6 6 24 24 14 4 4 4 4 
[ 8808.060868] MESSAGE_B= 4 4 4 39 22 1 192 0 248 179 0 3834 3744 3775 3677 2173 2914 2172 2903 106 157 106 118 789 464 760 448 0 6 244 250 255 255 140 40 89 112 0 0 0 0 2 2 2 2 22 1 43668 673528 4090 200878 122 16978 18606 41918 233082 105726 4114 124 1794 14 520 794 560 2830 4886 166 2073600 2073600 4 6 222911 990720 993600 91570 86884 26166 27823 6 6 24 24 15 4 4 4 4 
[ 8808.336864] MESSAGE_B= 4 4 4 39 23 1 192 0 248 179 0 3813 3590 3773 3521 2183 2923 2179 2913 135 674 85 597 782 468 751 444 0 6 210 255 255 255 145 218 129 210 0 0 0 0 2 2 2 2 23 1 66906 366590 4090 200878 122 16978 18606 41918 233082 105726 4114 124 1794 14 520 794 560 2830 4886 166 2073600 2073600 4 6 223225 994560 993600 92258 87332 26715 28749 6 6 24 24 15 4 4 4 4 
[ 8808.613324] MESSAGE_B= 4 4 4 40 22 1 192 0 248 179 0 3845 3837 3783 3743 2171 2909 2168 2896 88 86 86 37 780 477 750 464 0 6 249 255 255 255 161 120 142 64 0 0 0 0 2 2 2 2 22 1 42762 678018 4090 200878 122 16978 18606 41918 233082 105726 4114 124 1794 14 520 794 560 2830 4886 166 2073600 2073600 4 6 225897 990720 993600 93104 88617 26571 28333 6 6 24 24 15 4 4 4 4 
[ 8808.890855] MESSAGE_B= 4 4 4 39 21 1 192 0 248 179 0 3835 3830 3780 3734 2178 2903 2175 2888 90 97 85 50 791 483 760 470 0 6 237 255 255 255 146 77 152 37 0 0 0 0 2 2 2 2 21 1 65740 383362 694990 148266 2 659338 881502 599804 1481172 473716 748614 61620 3470 43744 60126 108148 40526 290690 140050 36832 2073600 2073600 4 6 227091 994560 993600 93240 88769 26349 28109 6 6 24 24 14 4 4 4 4 
[ 8809.171845] MESSAGE_B= 4 4 4 40 23 1 192 0 248 179 0 3842 3838 3785 3740 2187 2913 2184 2900 108 98 92 89 794 483 768 469 0 6 251 235 255 255 194 59 130 37 0 0 0 0 2 2 2 2 23 1 41378 683226 694990 148266 2 659338 881502 599804 1481172 473716 748614 61620 3470 43744 60126 108148 40526 290690 140050 36832 2073600 2073600 4 6 227920 990720 993600 93400 88946 26613 28483 6 6 24 24 14 4 4 4 4 
[ 8809.456430] MESSAGE_B= 4 4 4 40 23 1 192 0 248 179 0 3844 3851 3783 3749 2177 2917 2174 2900 102 70 101 69 795 485 767 471 0 6 245 212 255 255 110 111 121 21 0 0 0 0 2 2 2 2 23 1 67006 376370 694990 148266 2 659338 881502 599804 1481172 473716 748614 61620 3470 43744 60126 108148 40526 290690 140050 36832 2073600 2073600 4 6 227922 994560 993600 93704 89193 26532 28214 6 6 24 24 17 4 4 4 4 
[ 8809.741006] MESSAGE_B= 4 4 4 39 21 1 192 0 248 179 0 3848 3842 3783 3739 2182 2928 2179 2917 109 80 58 75 801 494 766 470 0 6 255 228 255 255 118 98 130 13 0 0 0 0 2 2 2 2 21 1 41926 684550 694990 148266 2 659338 881502 599804 1481172 473716 748614 61620 3470 43744 60126 108148 40526 290690 140050 36832 2073600 2073600 4 6 228599 990720 993600 94230 89257 26722 28451 6 6 24 24 18 4 4 4 4 
[ 8810.020850] MESSAGE_B= 4 4 4 39 24 1 192 0 248 179 0 3840 3827 3777 3730 2176 2930 2172 2924 125 110 96 61 793 492 763 465 0 6 240 255 255 255 182 14 104 36 0 0 0 0 2 2 2 2 24 1 62124 373284 694990 148266 2 659338 881502 599804 1481172 473716 748614 61620 3470 43744 60126 108148 40526 290690 140050 36832 2073600 2073600 4 6 227741 994560 993600 94319 89256 26700 28636 6 6 24 24 18 4 4 4 4 
[ 8810.278853] MESSAGE_B= 4 4 4 39 25 1 192 0 248 179 0 3838 3834 3773 3733 2174 2928 2171 2919 118 99 88 75 796 489 768 474 0 6 255 241 255 255 160 73 105 12 0 0 0 0 2 2 2 2 25 1 45586 687204 694990 148266 2 659338 881502 599804 1481172 473716 748614 61620 3470 43744 60126 108148 40526 290690 140050 36832 2073600 2073600 4 6 228256 990720 993600 94483 89818 27043 28370 6 6 24 24 15 4 4 4 4 
[ 8810.557846] MESSAGE_B= 4 4 4 38 26 1 192 0 248 179 0 3833 3838 3763 3736 2169 2929 2164 2917 117 69 88 80 792 492 760 478 0 6 255 228 255 254 147 87 133 50 0 0 0 0 2 2 2 2 26 1 61308 380130 694990 148266 2 659338 881502 599804 1481172 473716 748614 61620 3470 43744 60126 108148 40526 290690 140050 36832 2073600 2073600 4 6 229156 994560 993600 94790 90334 26381 28031 6 6 24 24 15 4 4 4 4 
[ 8810.834873] MESSAGE_B= 4 4 4 39 24 1 192 0 248 179 0 3842 3839 3771 3737 2175 2931 2171 2920 84 67 83 72 798 491 766 473 0 6 244 214 255 255 170 132 125 8 0 0 0 0 2 2 2 2 24 1 38242 679554 694990 148266 2 659338 881502 599804 1481172 473716 748614 61620 3470 43744 60126 108148 40526 290690 140050 36832 2073600 2073600 4 6 229967 990720 993600 95039 90607 26705 28122 6 6 24 24 15 4 4 4 4 
[ 8810.991850] MESSAGE_B= 4 4 4 39 26 1 192 0 248 179 0 3828 3837 3765 3742 2165 2921 2161 2908 91 99 103 78 793 496 764 480 0 6 248 244 255 255 132 124 131 26 0 0 0 0 2 2 2 2 26 1 62482 372104 694990 148266 2 659338 881502 599804 1481172 473716 748614 61620 3470 43744 60126 108148 40526 290690 140050 36832 2073600 2073600 4 6 230755 994560 993600 95100 90810 26538 28323 6 6 24 24 15 4 4 4 4 
[ 8811.274035] MESSAGE_B= 4 4 4 39 25 1 192 0 248 179 0 3835 3835 3766 3738 2171 2921 2165 2912 87 88 69 90 790 494 759 480 0 6 250 229 255 255 111 113 129 43 0 0 0 0 2 2 2 2 25 1 42268 684414 662318 1277338 735354 696078 895290 586638 1488142 456496 717364 63834 147898 12026 78012 94922 47430 294240 142584 39360 2073600 2073600 4 6 231447 990720 993600 95268 91020 26462 28170 6 6 24 24 13 4 4 4 4 
[ 8811.551862] MESSAGE_B= 4 4 4 38 24 1 192 0 248 179 0 3848 3831 3775 3721 2165 2918 2161 2907 72 86 79 65 784 491 756 475 0 6 239 209 255 255 94 89 0 18 0 0 0 0 2 2 2 2 24 1 60856 376218 662318 1277338 735354 696078 895290 586638 1488142 456496 717364 63834 147898 12026 78012 94922 47430 294240 142584 39360 2073600 2073600 4 6 230540 994560 993600 95685 90809 26346 28113 6 6 24 24 13 4 4 4 4 
