[ 4153.012659] MESSAGE_B= 0 0 0 67 0 10 192 0 248 179 0 0 402 0 3502 2840 1392 128 806 0 0 0 0 0 0 0 0 1 12 0 0 40 11 0 0 0 0 0 0 0 0 0 0 0 0 0 10 9146 68472 2 3442 2 2 2 2 20818 5178 2 2 16986 2 2 2 2 37444 9412 2 2073600 2073600 2 12 494836 994560 993600 121886 122569 125659 124722 12 12 12 12 33 4 0 0 0 
[ 4153.283862] MESSAGE_B= 0 0 0 67 0 9 192 0 248 179 0 0 681 0 3402 2702 1516 268 716 0 0 0 0 0 0 0 0 1 12 0 0 16 0 0 0 0 0 0 0 0 0 0 0 0 0 0 9 14364 90246 2 3442 2 2 2 2 20818 5178 2 2 16986 2 2 2 2 37444 9412 2 2073600 2073600 1 12 490641 990720 993600 119784 121070 125797 123990 12 12 12 12 37 4 0 0 0 
[ 4153.432945] MESSAGE_B= 0 0 0 68 0 9 192 0 248 179 0 0 836 0 3460 3028 1568 442 689 0 0 0 0 0 0 0 0 1 12 0 0 8 0 0 0 0 0 0 0 0 0 0 0 0 0 0 9 18726 94682 2 3442 2 2 2 2 20818 5178 2 2 16986 2 2 2 2 37444 9412 2 2073600 2073600 1 12 487741 994560 993600 118469 120208 125653 123411 12 12 12 12 37 4 0 0 0 
[ 4153.703853] MESSAGE_B= 0 0 0 70 1 5 192 0 248 179 0 0 1402 0 2908 2784 1985 518 464 0 0 0 0 0 0 0 0 1 12 25 12 0 0 0 0 0 0 0 0 0 0 0 0 0 0 1 5 31338 158280 95446 1218 274 2 5450 30474 425568 322246 68132 23452 2546 178 3630 14936 9936 922498 953240 12036 2073600 2073600 1 12 479049 990720 993600 112531 117634 124827 124057 12 12 12 12 47 4 0 0 0 
[ 4153.978210] MESSAGE_B= 0 0 0 70 1 4 192 0 248 179 0 0 1481 0 2357 2285 1922 451 427 0 0 0 0 0 0 0 0 1 12 22 7 0 0 0 0 0 0 0 0 0 0 0 0 0 0 1 4 121356 97384 95446 1218 274 2 5450 30474 425568 322246 68132 23452 2546 178 3630 14936 9936 922498 953240 12036 2073600 2073600 3 12 476052 994560 993600 108827 116878 125405 124942 12 12 12 12 47 4 0 0 0 
[ 4154.251855] MESSAGE_B= 0 0 0 72 1 3 192 0 248 179 0 1446 1181 1808 892 1456 1005 1280 1171 364 232 627 195 0 138 0 103 0 12 200 46 0 123 0 0 0 0 0 2 0 0 1 1 1 1 1 3 41096 410600 95446 1218 274 2 5450 30474 425568 322246 68132 23452 2546 178 3630 14936 9936 922498 953240 12036 2073600 2073600 1 12 468663 990720 993600 105081 115447 125395 122740 12 12 12 12 41 4 0 0 0 
[ 4154.534447] MESSAGE_B= 0 0 0 74 1 2 192 0 248 179 0 1250 1881 2153 1223 0 650 0 2165 350 850 812 575 0 54 0 44 0 12 243 99 0 85 0 0 0 0 2 0 1 2 1 1 1 1 1 2 316994 78034 95446 1218 274 2 5450 30474 425568 322246 68132 23452 2546 178 3630 14936 9936 922498 953240 12036 2073600 2073600 3 12 433887 994560 993600 94461 92847 126243 120336 12 12 12 12 72 0 0 0 0 
[ 4154.810867] MESSAGE_B= 0 0 0 75 1 2 192 0 248 179 0 1295 2396 2235 1032 0 0 0 0 374 837 747 354 0 0 0 0 0 12 239 32 0 0 0 210 74 0 2 2 1 1 1 2 2 1 1 2 155726 728908 95446 1218 274 2 5450 30474 425568 322246 68132 23452 2546 178 3630 14936 9936 922498 953240 12036 2073600 2073600 3 12 417111 990720 993600 83939 84758 125595 122819 12 12 12 12 77 0 0 0 0 
[ 4155.085844] MESSAGE_B= 0 0 0 74 2 2 192 0 248 179 0 1374 2397 1927 1433 654 2354 1816 1102 295 928 860 822 14 127 136 352 0 12 228 167 221 40 0 205 209 0 0 2 2 2 1 2 2 1 2 2 125748 362452 95446 1218 274 2 5450 30474 425568 322246 68132 23452 2546 178 3630 14936 9936 922498 953240 12036 2073600 2073600 1 12 385147 994560 993600 76895 84965 110300 112987 12 12 12 12 91 0 0 0 0 
[ 4155.360864] MESSAGE_B= 0 0 0 69 3 1 192 0 248 179 0 1824 2997 2539 1930 1653 2063 1827 1389 852 598 881 815 424 1014 696 313 0 12 204 140 211 75 59 224 112 215 0 2 0 0 2 2 2 2 3 1 353124 919632 95446 1218 274 2 5450 30474 425568 322246 68132 23452 2546 178 3630 14936 9936 922498 953240 12036 2073600 2073600 2 12 320238 990720 993600 49161 68393 101028 101656 12 12 12 12 110 4 0 0 0 
[ 4155.642845] MESSAGE_B= 0 4 0 69 2 1 192 0 248 179 0 3363 3622 2743 2028 1206 1933 1338 2054 454 257 672 378 468 815 301 493 0 12 230 181 222 245 0 191 0 227 0 0 0 0 1 2 1 2 2 1 244698 299772 95446 1218 274 2 5450 30474 425568 322246 68132 23452 2546 178 3630 14936 9936 922498 953240 12036 2073600 2073600 2 12 303108 994560 993600 56195 53369 108449 109293 1 12 12 12 110 4 4 4 4 
[ 4155.801187] MESSAGE_B= 0 0 0 73 2 1 192 0 248 179 0 3688 3647 2617 2054 0 2327 0 1869 283 249 736 366 0 634 0 674 0 12 191 24 0 223 0 46 0 0 0 0 1 0 1 2 1 1 2 1 421456 874582 95446 1218 274 2 5450 30474 425568 322246 68132 23452 2546 178 3630 14936 9936 922498 953240 12036 2073600 2073600 2 12 312628 990720 993600 62326 51318 109272 120949 1 12 12 12 104 4 0 0 0 
[ 4156.075847] MESSAGE_B= 0 0 0 84 1 4 192 0 248 179 0 3876 3477 2611 1920 0 0 0 0 75 511 724 571 0 0 0 0 0 12 160 97 0 0 0 0 0 0 0 0 1 1 1 1 1 1 1 4 538236 539560 1197714 902294 309498 588928 807326 1238134 806882 370086 984138 731012 53598 113554 175012 288160 137412 610094 533524 481532 2073600 2073600 3 12 348153 994560 993600 68383 64593 120513 128083 1 12 12 12 104 4 0 0 0 
[ 4156.353875] MESSAGE_B= 0 0 0 100 2 1 192 0 248 179 0 3858 3202 2552 1842 0 1890 0 866 119 739 633 646 0 388 0 160 0 12 162 174 0 50 10 126 154 182 2 0 1 2 2 2 2 2 2 1 438088 914030 1197714 902294 309498 588928 807326 1238134 806882 370086 984138 731012 53598 113554 175012 288160 137412 610094 533524 481532 2073600 2073600 2 12 314586 990720 993600 54649 79890 80322 111522 1 12 12 12 98 0 0 0 0 
[ 4156.631852] MESSAGE_B= 0 0 0 90 3 1 192 0 248 179 0 3805 3549 1961 1651 1844 3103 2469 1298 146 280 787 705 902 607 699 201 0 31 158 198 76 101 85 236 232 201 0 0 0 2 2 2 2 2 3 1 495160 778970 1197714 902294 309498 588928 807326 1238134 806882 370086 984138 731012 53598 113554 175012 288160 137412 610094 533524 481532 2073600 2073600 2 12 215680 994560 993600 70521 62903 52072 69635 1 12 12 12 129 4 0 0 0 
[ 4156.910854] MESSAGE_B= 0 0 0 89 1 3 192 0 248 179 0 3846 3835 3007 1843 2440 3472 2167 1422 82 67 293 498 646 288 1054 137 0 12 6 85 247 124 83 65 238 0 0 0 2 2 2 2 2 1 1 3 325340 510272 1197714 902294 309498 588928 807326 1238134 806882 370086 984138 731012 53598 113554 175012 288160 137412 610094 533524 481532 2073600 2073600 3 12 274103 990720 993600 77838 63640 74047 105346 1 12 12 12 129 0 0 0 0 
[ 4157.191850] MESSAGE_B= 0 0 0 105 2 2 192 0 248 179 0 3786 3802 2994 1766 2785 2320 719 528 191 113 407 517 339 102 140 0 0 12 145 151 255 0 96 116 0 0 0 2 2 2 2 2 1 1 2 2 676236 665150 1197714 902294 309498 588928 807326 1238134 806882 370086 984138 731012 53598 113554 175012 288160 137412 610094 533524 481532 2073600 2073600 1 12 298919 994560 993600 75697 68786 76049 122982 1 12 12 12 107 0 0 0 0 
[ 4157.469849] MESSAGE_B= 0 0 0 125 1 2 192 0 248 179 0 3844 3313 2642 1269 0 1835 0 537 108 603 1039 727 0 548 0 13 0 12 160 211 0 138 183 163 0 12 0 2 1 2 2 2 1 2 1 2 561810 834450 1197714 902294 309498 588928 807326 1238134 806882 370086 984138 731012 53598 113554 175012 288160 137412 610094 533524 481532 2073600 2073600 3 12 293782 990720 993600 67382 76387 68236 114568 1 12 12 12 88 0 0 0 0 
[ 4157.748083] MESSAGE_B= 0 0 0 138 1 3 192 0 248 179 0 3814 2983 1815 1132 2889 2819 1291 547 97 729 1310 665 628 458 427 24 0 12 156 211 233 97 201 45 238 60 0 2 2 0 2 2 2 2 1 3 573254 799796 1197714 902294 309498 588928 807326 1238134 806882 370086 984138 731012 53598 113554 175012 288160 137412 610094 533524 481532 2073600 2073600 3 12 219331 994560 993600 66871 67655 41828 79928 1 12 0 12 80 0 0 0 0 
[ 4158.027855] MESSAGE_B= 0 0 0 123 3 1 192 0 248 179 0 2889 2568 1393 312 2270 2604 1388 447 1614 1450 1117 184 1278 1465 770 243 0 31 179 224 251 249 93 44 12 164 0 0 0 0 0 0 0 0 3 1 701360 551766 1197714 902294 309498 588928 807326 1238134 806882 370086 984138 731012 53598 113554 175012 288160 137412 610094 533524 481532 2073600 2073600 2 12 163985 990720 993600 66057 60428 43087 64657 1 12 1 6 96 4 4 0 0 
[ 4158.185920] MESSAGE_B= 0 0 0 110 2 1 192 0 248 179 0 2778 2694 1598 330 2692 2774 1737 497 1573 1506 1048 197 1502 1548 966 273 0 31 215 224 255 253 34 66 61 178 0 0 0 0 0 0 0 0 2 1 602882 690388 1197714 902294 309498 588928 807326 1238134 806882 370086 984138 731012 53598 113554 175012 288160 137412 610094 533524 481532 2073600 2073600 2 12 155333 994560 993600 58402 60232 67338 64222 1 12 1 6 99 4 4 0 0 
[ 4158.463849] MESSAGE_B= 0 0 0 105 1 3 192 0 248 179 0 2855 2756 1910 380 2133 2365 1904 950 1592 1538 1090 223 1395 1563 1157 585 0 31 249 234 244 154 150 119 112 23 0 0 0 0 0 0 0 0 1 3 603860 577828 488454 1059098 517704 508742 908972 974670 859008 591222 582760 1062302 701598 778522 880946 736636 816908 1045718 824200 1092032 2073600 2073600 3 12 161099 990720 993600 57784 58609 47015 43668 1 12 1 6 115 4 4 0 0 
[ 4158.743820] MESSAGE_B= 0 0 0 90 2 1 192 0 248 179 0 2643 2803 2223 744 1561 2277 2091 1443 1493 1563 1246 438 931 1370 1304 841 0 31 247 235 225 204 114 139 120 26 0 0 0 0 0 0 0 0 2 1 608318 609018 488454 1059098 517704 508742 908972 974670 859008 591222 582760 1062302 701598 778522 880946 736636 816908 1045718 824200 1092032 2073600 2073600 2 12 151786 994560 993600 52546 50600 37388 36941 1 12 0 0 134 4 4 0 0 
[ 4159.021859] MESSAGE_B= 0 0 0 89 1 2 192 0 248 179 0 2163 2759 2544 1199 1144 2126 2392 1890 1303 1549 1419 685 654 1206 1434 1093 0 31 229 248 228 244 28 35 10 5 0 0 0 0 0 0 0 0 1 2 216740 534228 488454 1059098 517704 508742 908972 974670 859008 591222 582760 1062302 701598 778522 880946 736636 816908 1045718 824200 1092032 2073600 2073600 3 12 148122 990720 993600 44554 43083 39704 46986 1 12 12 0 134 4 4 0 0 
[ 4159.301855] MESSAGE_B= 0 7 0 103 0 3 192 0 248 179 0 2065 2361 2622 1627 966 2149 2646 1861 1190 1412 1485 956 726 1208 1495 1046 0 31 247 236 165 255 67 31 31 0 0 0 0 0 0 0 0 0 0 3 346134 618470 488454 1059098 517704 508742 908972 974670 859008 591222 582760 1062302 701598 778522 880946 736636 816908 1045718 824200 1092032 2073600 2073600 3 12 150605 994560 993600 40444 38777 44936 48143 1 12 1 0 130 4 4 20 20 
[ 4159.588794] MESSAGE_B= 0 0 0 124 1 2 192 0 248 179 0 1909 1915 2631 1764 1033 2033 2722 1808 1128 1157 1493 1053 678 1178 1516 1009 0 31 247 206 210 249 38 53 38 23 0 0 0 0 0 0 0 0 1 2 398048 562202 488454 1059098 517704 508742 908972 974670 859008 591222 582760 1062302 701598 778522 880946 736636 816908 1045718 824200 1092032 2073600 2073600 3 12 150459 990720 993600 38221 40629 46771 49971 1 0 1 0 126 4 4 0 0 
[ 4159.869851] MESSAGE_B= 0 0 0 130 0 3 192 0 248 179 0 1356 1734 2725 1833 930 2082 2702 1766 809 1094 1535 1126 573 1205 1510 991 0 31 245 172 225 247 88 58 60 51 0 0 0 0 0 0 0 0 0 3 229796 458758 488454 1059098 517704 508742 908972 974670 859008 591222 582760 1062302 701598 778522 880946 736636 816908 1045718 824200 1092032 2073600 2073600 3 12 159983 994560 993600 38199 43143 45026 46331 12 0 1 0 123 4 4 0 0 
[ 4160.152850] MESSAGE_B= 0 0 0 141 1 2 192 0 248 179 0 1066 1585 2662 1719 641 2013 2701 1706 671 1086 1490 1153 374 1128 1506 972 0 31 230 108 239 248 51 60 75 75 0 0 0 0 0 0 0 0 1 2 441810 612230 488454 1059098 517704 508742 908972 974670 859008 591222 582760 1062302 701598 778522 880946 736636 816908 1045718 824200 1092032 2073600 2073600 3 12 183642 990720 993600 44912 43674 55064 44695 12 0 12 0 123 4 4 0 0 
[ 4160.431859] MESSAGE_B= 0 0 0 151 1 2 192 0 248 179 0 742 1542 2584 1597 383 1749 2697 1605 467 1040 1449 1142 238 973 1505 920 0 31 226 82 223 246 89 16 86 131 0 0 0 0 0 0 0 0 1 2 362644 441292 488454 1059098 517704 508742 908972 974670 859008 591222 582760 1062302 701598 778522 880946 736636 816908 1045718 824200 1092032 2073600 2073600 3 12 216829 994560 993600 56240 42170 72736 46102 12 0 12 12 118 4 4 0 0 
[ 4160.589853] MESSAGE_B= 0 0 0 149 1 2 192 0 248 179 0 588 1491 2516 1398 314 1571 2689 1569 370 989 1415 1004 172 880 1502 898 0 31 218 97 251 246 11 16 95 153 0 0 0 0 0 0 0 0 1 2 520534 606410 488454 1059098 517704 508742 908972 974670 859008 591222 582760 1062302 701598 778522 880946 736636 816908 1045718 824200 1092032 2073600 2073600 3 12 234185 990720 993600 63176 43087 80800 47122 12 12 12 12 111 4 4 0 0 
[ 4160.868852] MESSAGE_B= 0 0 0 151 1 2 192 0 248 179 0 1707 1807 3094 2105 1494 2122 3462 3017 446 435 278 632 370 121 181 200 0 12 57 162 54 58 88 145 196 156 2 0 2 0 2 2 2 2 1 2 389004 496888 450738 446406 491046 424068 385962 369262 429768 514588 540280 701570 770142 329866 376100 476832 626246 722654 371962 874336 2073600 2073600 3 12 262070 994560 993600 73884 50305 87343 50538 12 12 12 12 111 0 0 0 0 
[ 4161.147850] MESSAGE_B= 0 0 0 146 1 1 192 0 248 179 0 1730 1628 2857 2458 1497 2113 3361 2730 448 343 385 690 349 221 131 303 0 12 59 144 122 81 60 179 174 171 2 0 2 0 2 2 2 2 1 1 563742 585318 450738 446406 491046 424068 385962 369262 429768 514588 540280 701570 770142 329866 376100 476832 626246 722654 371962 874336 2073600 2073600 1 12 289465 990720 993600 81857 55725 96855 55028 12 12 12 12 119 0 0 0 0 
[ 4161.433856] MESSAGE_B= 0 0 0 139 1 1 192 0 248 179 0 1436 1369 2750 2869 1602 1870 2897 2835 261 278 360 793 317 376 190 217 0 12 42 182 98 33 135 110 233 123 2 2 2 0 2 2 2 2 1 1 370326 525408 450738 446406 491046 424068 385962 369262 429768 514588 540280 701570 770142 329866 376100 476832 626246 722654 371962 874336 2073600 2073600 1 12 313444 994560 993600 87097 61432 105705 59210 12 12 12 12 124 0 0 0 0 
[ 4161.600848] MESSAGE_B= 0 0 0 140 1 1 192 0 248 179 0 1329 1262 2738 3045 1524 1681 2723 2829 252 198 338 762 359 442 537 254 0 12 47 99 149 34 100 138 197 129 2 2 2 0 2 2 2 2 1 1 451348 478224 450738 446406 491046 424068 385962 369262 429768 514588 540280 701570 770142 329866 376100 476832 626246 722654 371962 874336 2073600 2073600 1 12 326961 990720 993600 88915 65288 110077 62681 12 12 12 12 124 0 0 0 0 
[ 4161.882849] MESSAGE_B= 0 0 0 134 1 1 192 0 248 179 0 1343 1199 2733 3394 1359 2295 2576 2807 230 432 354 420 520 550 751 266 0 12 56 19 195 27 158 184 75 48 2 2 2 0 2 2 2 2 1 1 371962 482304 450738 446406 491046 424068 385962 369262 429768 514588 540280 701570 770142 329866 376100 476832 626246 722654 371962 874336 2073600 2073600 1 12 336900 994560 993600 90013 70992 109871 66024 12 12 12 12 124 0 0 0 0 
[ 4162.163669] MESSAGE_B= 0 0 0 128 2 1 192 0 248 179 0 1379 1185 2948 3521 1299 2027 2470 2733 191 496 410 363 462 766 916 377 0 12 39 19 163 10 159 149 84 153 2 2 2 2 2 2 2 2 2 1 447208 457482 450738 446406 491046 424068 385962 369262 429768 514588 540280 701570 770142 329866 376100 476832 626246 722654 371962 874336 2073600 2073600 2 12 336215 990720 993600 94014 75915 97382 68904 12 12 12 12 115 0 0 0 0 
[ 4162.441857] MESSAGE_B= 0 0 0 121 1 1 192 0 248 179 0 1460 1366 3082 3592 1010 2552 2333 2399 220 834 385 207 340 664 892 887 0 12 35 1 155 112 186 181 196 0 2 2 2 2 2 2 2 1 1 1 328260 474748 450738 446406 491046 424068 385962 369262 429768 514588 540280 701570 770142 329866 376100 476832 626246 722654 371962 874336 2073600 2073600 1 12 341913 994560 993600 97518 80617 90986 72792 12 12 12 12 105 0 0 0 0 
[ 4162.723846] MESSAGE_B= 0 0 0 118 1 1 192 0 248 179 0 1537 1266 3543 3522 2165 3174 2785 3317 164 575 178 272 653 146 871 614 0 12 171 49 202 168 0 172 212 0 2 2 2 2 1 2 2 1 1 1 284578 317174 450738 446406 491046 424068 385962 369262 429768 514588 540280 701570 770142 329866 376100 476832 626246 722654 371962 874336 2073600 2073600 1 12 346483 990720 993600 100267 84875 85680 75661 12 12 12 12 95 0 0 0 0 
[ 4163.001853] MESSAGE_B= 0 0 0 117 2 1 192 0 248 179 0 1196 1442 3755 3560 2794 3201 2756 3289 150 672 86 209 347 88 837 497 0 12 148 43 60 58 0 162 95 0 2 2 2 2 1 2 2 1 2 1 260804 461134 450738 446406 491046 424068 385962 369262 429768 514588 540280 701570 770142 329866 376100 476832 626246 722654 371962 874336 2073600 2073600 2 12 348236 994560 993600 100789 87628 81163 78656 12 12 12 12 89 0 0 0 0 
[ 4163.161173] MESSAGE_B= 0 0 0 118 1 1 192 0 248 179 0 800 1548 3630 3557 2859 3191 2747 3367 124 790 93 242 441 91 815 341 0 12 64 19 0 81 0 81 131 0 2 2 2 2 1 2 2 1 1 1 252796 321452 218594 516198 281480 390376 374994 166688 292764 238070 203416 237630 799178 766878 687396 588340 560306 659844 399028 363126 2073600 2073600 1 12 348724 990720 993600 99907 88720 80445 79652 12 12 12 12 87 0 0 0 0 
[ 4163.437863] MESSAGE_B= 0 0 0 115 3 1 192 0 248 179 0 1669 1766 3368 3519 3045 3046 2767 3344 1051 887 326 216 400 92 826 368 0 12 240 43 4 13 0 112 180 0 2 2 2 2 1 2 2 1 3 1 239342 462024 218594 516198 281480 390376 374994 166688 292764 238070 203416 237630 799178 766878 687396 588340 560306 659844 399028 363126 2073600 2073600 2 12 348624 994560 993600 98159 89712 79915 80838 12 12 12 12 80 0 0 0 0 
[ 4163.716858] MESSAGE_B= 0 0 0 114 2 1 192 0 248 179 0 2891 2051 3622 3422 3429 2749 2936 3236 519 939 91 343 350 93 793 413 0 12 83 90 82 182 0 49 212 0 2 2 2 2 1 2 2 1 2 1 229830 327116 218594 516198 281480 390376 374994 166688 292764 238070 203416 237630 799178 766878 687396 588340 560306 659844 399028 363126 2073600 2073600 2 12 352943 990720 993600 97775 91593 81177 82398 12 12 12 12 74 0 0 0 0 
[ 4163.993849] MESSAGE_B= 0 0 0 111 2 0 192 0 248 179 0 2968 2172 3568 3354 3374 2656 2952 3172 629 821 98 438 264 169 671 567 0 12 116 114 21 170 0 31 217 0 2 2 2 2 1 2 2 1 2 0 188778 463866 218594 516198 281480 390376 374994 166688 292764 238070 203416 237630 799178 766878 687396 588340 560306 659844 399028 363126 2073600 2073600 2 12 357328 994560 993600 97669 93213 83078 83368 12 12 12 12 68 0 0 0 0 
[ 4164.271851] MESSAGE_B= 0 0 0 109 2 0 192 0 248 179 0 3161 2432 3517 3293 3417 2688 2897 3366 544 559 112 266 369 175 510 403 0 12 182 157 56 158 0 75 215 0 2 2 2 2 1 2 2 1 2 0 190024 314512 218594 516198 281480 390376 374994 166688 292764 238070 203416 237630 799178 766878 687396 588340 560306 659844 399028 363126 2073600 2073600 2 12 366996 990720 993600 98364 95385 87186 86061 12 12 12 12 62 0 0 0 0 
[ 4164.558156] MESSAGE_B= 0 0 0 107 1 1 192 0 248 179 0 3179 2606 3384 3244 3400 2557 3096 3405 498 94 270 556 339 224 458 418 0 12 59 113 72 193 0 60 215 0 2 2 2 2 1 2 2 1 1 1 150512 431186 218594 516198 281480 390376 374994 166688 292764 238070 203416 237630 799178 766878 687396 588340 560306 659844 399028 363126 2073600 2073600 1 12 375011 994560 993600 98508 97401 90229 88873 12 12 12 12 59 0 0 0 0 
[ 4164.835856] MESSAGE_B= 0 0 0 104 2 0 192 0 248 179 0 3210 2587 3287 3409 3312 2488 3225 3554 478 71 334 567 347 221 401 388 0 12 195 194 191 156 0 75 210 0 2 2 2 2 1 2 2 1 2 0 142688 298218 218594 516198 281480 390376 374994 166688 292764 238070 203416 237630 799178 766878 687396 588340 560306 659844 399028 363126 2073600 2073600 2 12 383061 990720 993600 99168 98772 93013 92108 12 12 12 12 54 0 0 0 0 
[ 4165.113866] MESSAGE_B= 0 0 0 103 2 1 192 0 248 179 0 3152 2536 3252 3617 3171 2471 3177 3541 498 87 328 331 501 178 390 408 0 12 133 40 198 161 0 43 202 0 2 2 2 2 1 2 2 1 2 1 121968 395632 218594 516198 281480 390376 374994 166688 292764 238070 203416 237630 799178 766878 687396 588340 560306 659844 399028 363126 2073600 2073600 2 12 390140 994560 993600 99603 100073 95202 95262 12 12 12 12 54 0 0 0 0 
[ 4165.400167] MESSAGE_B= 0 0 0 101 2 0 192 0 248 179 0 3219 2597 3198 3549 3244 2539 3194 3605 457 100 264 469 331 166 340 400 0 12 136 212 211 151 0 7 207 0 2 2 2 2 1 2 2 1 2 0 116900 307298 218594 516198 281480 390376 374994 166688 292764 238070 203416 237630 799178 766878 687396 588340 560306 659844 399028 363126 2073600 2073600 2 12 398383 990720 993600 101008 101396 98001 97978 12 12 12 12 49 0 0 0 0 
[ 4165.682869] MESSAGE_B= 0 0 0 100 0 1 192 0 248 179 0 3357 2577 3226 3445 3221 2499 3210 3540 381 147 195 546 435 157 337 535 0 12 104 187 210 202 0 23 222 0 2 2 2 2 1 2 2 1 0 1 107180 362114 86730 203346 156810 174214 161338 98648 251342 220964 99412 179532 411378 270666 214402 271270 136576 545534 548574 248394 2073600 2073600 3 12 404434 994560 993600 101347 102183 100033 100871 12 12 12 12 53 0 0 0 0 
[ 4165.963852] MESSAGE_B= 0 0 0 98 1 1 192 0 248 179 0 3264 2634 3228 3391 3141 2528 3213 3417 511 157 174 645 538 156 409 662 0 12 157 197 231 189 0 10 187 0 2 2 2 2 1 2 2 1 1 1 93946 313128 86730 203346 156810 174214 161338 98648 251342 220964 99412 179532 411378 270666 214402 271270 136576 545534 548574 248394 2073600 2073600 1 12 410682 990720 993600 102385 103469 101983 102845 12 12 12 12 53 0 0 0 0 
[ 4166.121849] MESSAGE_B= 0 0 0 97 1 1 192 0 248 179 0 3396 2688 3191 3580 3200 2536 3192 3419 458 160 200 524 408 166 388 669 0 12 135 196 220 192 0 50 112 0 2 2 2 2 1 2 2 1 1 1 87426 338030 86730 203346 156810 174214 161338 98648 251342 220964 99412 179532 411378 270666 214402 271270 136576 545534 548574 248394 2073600 2073600 1 12 414100 994560 993600 103058 104039 103179 103824 12 12 12 12 46 0 0 0 0 
[ 4166.524866] MESSAGE_B= 0 0 0 95 1 1 192 0 248 179 0 3508 0 3177 0 3265 2721 3093 3103 462 0 177 0 515 202 423 749 0 12 136 0 234 125 0 185 38 0 2 1 2 2 1 2 2 1 1 1 80630 323216 86730 203346 156810 174214 161338 98648 251342 220964 99412 179532 411378 270666 214402 271270 136576 545534 548574 248394 2073600 2073600 1 12 422328 990720 993600 104898 105523 106004 105903 12 12 12 12 44 0 0 0 0 
[ 4166.805597] MESSAGE_B= 0 0 0 94 1 1 192 0 248 179 0 3440 0 3147 0 3389 2734 3090 3069 556 0 207 0 407 240 455 683 0 12 120 0 225 94 0 156 35 0 2 1 2 2 1 2 2 1 1 1 69662 318810 86730 203346 156810 174214 161338 98648 251342 220964 99412 179532 411378 270666 214402 271270 136576 545534 548574 248394 2073600 2073600 1 12 424785 994560 993600 105629 106201 106690 106265 12 12 12 12 44 0 0 0 0 
[ 4167.081851] MESSAGE_B= 0 0 0 95 1 1 192 0 248 179 0 0 214 0 2091 1843 202 35 2252 0 0 0 0 0 0 0 0 1 12 0 0 0 0 0 13 25 0 0 0 0 0 0 0 0 0 1 1 75368 311118 86730 203346 156810 174214 161338 98648 251342 220964 99412 179532 411378 270666 214402 271270 136576 545534 548574 248394 2073600 2073600 1 12 428032 990720 993600 106463 106872 107745 106952 12 12 12 12 39 0 0 0 0 
[ 4167.358344] MESSAGE_B= 0 0 0 94 1 1 192 0 248 179 0 0 173 0 1973 1763 159 34 2233 0 0 0 0 0 0 0 0 1 12 0 0 0 0 0 8 13 0 0 0 0 0 0 0 0 0 1 1 51708 298818 86730 203346 156810 174214 161338 98648 251342 220964 99412 179532 411378 270666 214402 271270 136576 545534 548574 248394 2073600 2073600 1 12 430540 994560 993600 107247 107531 108324 107438 12 12 12 12 40 0 0 0 0 
[ 4167.633848] MESSAGE_B= 0 0 0 94 1 1 192 0 248 179 0 0 157 0 2043 1703 133 36 2192 0 0 0 0 0 0 0 0 1 12 0 0 0 0 0 4 11 0 0 0 0 0 0 0 0 1 1 1 67250 300596 86730 203346 156810 174214 161338 98648 251342 220964 99412 179532 411378 270666 214402 271270 136576 545534 548574 248394 2073600 2073600 1 12 432849 990720 993600 107502 107943 109002 108402 12 12 12 12 42 0 0 0 0 
[ 4167.797852] MESSAGE_B= 0 0 0 93 1 1 192 0 248 179 0 0 156 0 2098 1747 116 33 2166 0 0 0 0 0 0 0 0 1 12 0 0 0 0 0 4 15 0 0 0 0 0 0 0 0 1 1 1 49444 283316 86730 203346 156810 174214 161338 98648 251342 220964 99412 179532 411378 270666 214402 271270 136576 545534 548574 248394 2073600 2073600 1 12 434359 994560 993600 108004 108428 109262 108665 12 12 12 12 42 0 0 0 0 
[ 4168.074170] MESSAGE_B= 0 0 0 93 1 1 192 0 248 179 0 0 125 0 2038 1760 92 33 1994 0 0 0 0 0 0 0 0 1 12 0 0 0 0 0 3 10 0 0 0 0 0 0 0 0 1 1 1 62966 292882 85844 83014 57102 77012 88078 66484 265290 247980 86602 76966 221126 117186 122132 114694 52092 709368 694828 101662 2073600 2073600 1 12 436597 990720 993600 108388 108882 110051 109276 12 12 12 12 39 0 0 0 0 
[ 4168.351857] MESSAGE_B= 0 0 0 92 1 1 192 0 248 179 0 0 113 0 2051 1641 83 33 1996 0 0 0 0 0 0 0 0 1 12 0 0 0 0 0 3 8 0 0 0 0 0 0 0 0 1 1 1 48004 274382 85844 83014 57102 77012 88078 66484 265290 247980 86602 76966 221126 117186 122132 114694 52092 709368 694828 101662 2073600 2073600 1 12 437673 994560 993600 108691 109210 110280 109492 12 12 12 12 39 0 0 0 0 
[ 4168.625863] MESSAGE_B= 0 0 0 93 1 1 192 0 248 179 0 0 107 0 1970 1540 80 36 1981 0 0 0 0 0 0 0 0 1 12 0 0 0 0 0 3 10 0 0 0 0 0 0 0 0 1 1 1 57448 287924 85844 83014 57102 77012 88078 66484 265290 247980 86602 76966 221126 117186 122132 114694 52092 709368 694828 101662 2073600 2073600 1 12 437761 990720 993600 108689 109322 110312 109438 12 12 12 12 38 0 0 0 0 
[ 4168.900842] MESSAGE_B= 0 0 0 93 1 1 192 0 248 179 0 0 114 0 1987 1635 80 37 1972 0 0 0 0 0 0 0 0 1 12 0 0 0 0 0 6 11 0 0 0 0 0 0 0 0 1 1 1 51802 270772 85844 83014 57102 77012 88078 66484 265290 247980 86602 76966 221126 117186 122132 114694 52092 709368 694828 101662 2073600 2073600 1 12 436437 994560 993600 107855 109093 109903 109586 12 12 12 12 38 0 0 0 0 
[ 4169.178857] MESSAGE_B= 0 0 0 93 1 1 192 0 248 179 0 0 111 0 2042 1626 76 35 1966 0 0 0 0 0 0 0 0 1 12 0 0 0 0 0 5 12 0 0 0 0 0 0 0 0 1 1 1 56264 287082 85844 83014 57102 77012 88078 66484 265290 247980 86602 76966 221126 117186 122132 114694 52092 709368 694828 101662 2073600 2073600 1 12 437630 990720 993600 108249 109203 110503 109675 12 12 12 12 62 0 0 0 0 
[ 4169.452856] MESSAGE_B= 0 0 0 93 1 0 192 0 248 179 0 0 125 0 2083 1619 77 32 1931 0 0 0 0 0 0 0 0 1 12 0 0 0 0 0 4 13 0 0 0 0 0 0 0 0 1 1 0 54478 267722 85844 83014 57102 77012 88078 66484 265290 247980 86602 76966 221126 117186 122132 114694 52092 709368 694828 101662 2073600 2073600 2 12 437617 994560 993600 108125 109378 110305 109809 12 12 12 12 62 0 0 0 0 
[ 4169.735850] MESSAGE_B= 0 0 0 93 1 1 192 0 248 179 0 0 115 0 1994 1594 78 35 1955 0 0 0 0 0 0 0 0 1 12 0 0 0 0 0 2 11 0 0 0 0 0 0 0 0 1 1 1 57664 287756 85844 83014 57102 77012 88078 66484 265290 247980 86602 76966 221126 117186 122132 114694 52092 709368 694828 101662 2073600 2073600 1 12 437860 990720 993600 108214 109387 110341 109918 12 12 12 12 43 0 0 0 0 
[ 4170.014847] MESSAGE_B= 0 0 0 94 1 1 192 0 248 179 0 0 109 0 2035 1656 74 37 1937 0 0 0 0 0 0 0 0 1 12 0 0 0 0 0 2 11 0 0 0 0 0 0 0 0 1 1 1 54586 265870 85844 83014 57102 77012 88078 66484 265290 247980 86602 76966 221126 117186 122132 114694 52092 709368 694828 101662 2073600 2073600 1 12 437745 994560 993600 108245 109325 110327 109848 12 12 12 12 35 0 0 0 0 
[ 4170.288857] MESSAGE_B= 0 0 0 94 1 1 192 0 248 179 0 0 111 0 2042 1719 79 36 1961 0 0 0 0 0 0 0 0 1 12 0 0 0 0 0 2 9 0 0 0 0 0 0 0 0 1 1 1 57098 287958 85844 83014 57102 77012 88078 66484 265290 247980 86602 76966 221126 117186 122132 114694 52092 709368 694828 101662 2073600 2073600 1 12 437909 990720 993600 108388 109386 110229 109906 12 12 12 12 43 0 0 0 0 
[ 4170.562848] MESSAGE_B= 0 0 0 94 1 1 192 0 248 179 0 0 111 0 2031 1640 81 36 1928 0 0 0 0 0 0 0 0 1 12 0 0 0 0 0 2 10 0 0 0 0 0 0 0 0 1 1 1 55966 272920 100004 62166 56550 92834 89386 75528 210094 208662 98758 88428 139650 79138 87302 97568 65198 840016 689816 91700 2073600 2073600 1 12 437921 994560 993600 108432 109538 110103 109848 12 12 12 12 43 0 0 0 0 
[ 4170.839836] MESSAGE_B= 0 0 0 95 1 0 192 0 248 179 0 0 127 0 2130 1768 86 31 1999 0 0 0 0 0 0 0 0 1 12 0 0 0 0 0 2 6 0 0 0 0 0 0 0 0 1 1 0 55296 290542 100004 62166 56550 92834 89386 75528 210094 208662 98758 88428 139650 79138 87302 97568 65198 840016 689816 91700 2073600 2073600 2 12 440666 990720 993600 108848 109865 111251 110702 12 12 12 12 32 0 0 0 0 
[ 4171.114844] MESSAGE_B= 0 0 0 93 1 1 192 0 248 179 0 0 157 0 2406 1673 103 25 2243 0 0 0 0 0 0 0 0 1 12 0 0 0 0 0 2 4 0 0 0 0 0 0 0 0 1 1 1 51692 277486 100004 62166 56550 92834 89386 75528 210094 208662 98758 88428 139650 79138 87302 97568 65198 840016 689816 91700 2073600 2073600 1 12 447894 994560 993600 110809 110859 114257 111969 12 12 12 12 53 0 0 0 0 
[ 4171.281692] MESSAGE_B= 0 0 0 91 1 0 192 0 248 179 0 0 175 0 2515 1612 133 21 2612 0 0 0 0 0 0 0 0 1 12 0 0 0 0 0 0 3 0 0 0 0 0 0 0 0 1 1 0 55850 288050 100004 62166 56550 92834 89386 75528 210094 208662 98758 88428 139650 79138 87302 97568 65198 840016 689816 91700 2073600 2073600 2 12 452218 990720 993600 111758 111376 116353 112731 12 12 12 12 53 0 0 0 0 
[ 4171.555334] MESSAGE_B= 0 0 0 90 1 0 192 0 248 179 0 0 195 0 2610 1581 121 20 2354 0 0 0 0 0 0 0 0 1 12 0 0 0 0 0 1 3 0 0 0 0 0 0 0 0 1 1 0 51408 265600 100004 62166 56550 92834 89386 75528 210094 208662 98758 88428 139650 79138 87302 97568 65198 840016 689816 91700 2073600 2073600 2 12 458484 994560 993600 113266 112278 118880 114060 12 12 12 12 46 0 0 0 0 
[ 4171.832595] MESSAGE_B= 0 0 0 88 1 1 192 0 248 179 0 0 199 0 2454 512 187 16 2824 0 0 0 0 0 0 0 0 1 12 0 0 0 0 0 1 0 0 0 0 0 0 0 0 0 1 1 1 53744 279760 100004 62166 56550 92834 89386 75528 210094 208662 98758 88428 139650 79138 87302 97568 65198 840016 689816 91700 2073600 2073600 1 12 472319 990720 993600 117429 114391 122909 117590 12 12 12 12 31 0 0 0 0 
[ 4172.118564] MESSAGE_B= 0 0 0 83 1 1 192 0 248 179 0 0 254 0 1894 0 198 0 2272 0 0 0 0 0 0 0 0 1 12 0 0 0 0 0 0 1 0 0 0 0 0 0 0 0 1 1 1 48230 242694 100004 62166 56550 92834 89386 75528 210094 208662 98758 88428 139650 79138 87302 97568 65198 840016 689816 91700 2073600 2073600 1 12 488526 994560 993600 121895 117648 125482 123501 12 12 12 12 33 0 0 0 0 
[ 4172.403484] MESSAGE_B= 0 0 0 80 1 1 192 0 248 179 0 0 59 0 338 0 34 0 442 0 0 0 0 0 0 0 0 1 12 0 0 0 0 0 0 0 0 0 1 1 1 1 1 0 1 1 1 52486 268060 100004 62166 56550 92834 89386 75528 210094 208662 98758 88428 139650 79138 87302 97568 65198 840016 689816 91700 2073600 2073600 1 12 511072 990720 993600 127815 127427 128038 127792 12 12 12 12 33 0 0 0 0 
[ 4172.678848] MESSAGE_B= 0 7 0 72 1 2 192 0 248 179 0 0 0 0 0 0 0 0 0 0 0 0 0 0 0 0 0 1 12 0 0 0 0 0 0 0 0 1 1 1 1 1 1 1 1 1 2 44290 229010 100004 62166 56550 92834 89386 75528 210094 208662 98758 88428 139650 79138 87302 97568 65198 840016 689816 91700 2073600 2073600 1 12 512416 994560 993600 128104 128104 128104 128104 12 12 12 12 33 0 0 0 0 
[ 4172.951847] MESSAGE_B= 0 0 0 73 1 3 192 0 248 179 0 0 0 0 0 0 0 0 0 0 0 0 0 0 0 0 0 1 12 0 0 0 0 0 0 0 0 0 0 1 1 1 0 0 1 1 3 21220 178496 5002 51286 59074 94120 74316 39156 133614 161728 81980 2 130006 74222 84396 88664 28194 890430 824418 46064 2073600 2073600 1 12 508083 990720 993600 126494 126608 127444 127537 12 12 12 12 253 0 0 0 0 
[ 4173.226847] MESSAGE_B= 4 0 0 62 0 1 192 0 248 179 0 0 0 0 0 0 0 0 0 0 0 0 0 0 0 0 0 1 12 0 0 0 0 0 0 0 0 0 0 1 1 1 0 0 1 0 1 0 0 5002 51286 59074 94120 74316 39156 133614 161728 81980 2 130006 74222 84396 88664 28194 890430 824418 46064 2073600 2073600 4 12 507868 994560 993600 126395 126537 127440 127496 12 12 12 12 253 0 0 0 0 
[ 4173.381320] MESSAGE_B= 0 0 0 62 0 1 192 0 248 179 0 0 0 0 0 0 0 0 0 0 0 0 0 0 0 0 0 1 12 0 0 0 0 0 0 0 0 0 0 1 1 1 0 0 1 0 1 21566 13810 5002 51286 59074 94120 74316 39156 133614 161728 81980 2 130006 74222 84396 88664 28194 890430 824418 46064 2073600 2073600 3 12 508013 990720 993600 126394 126508 127534 127577 12 12 12 12 253 0 0 0 0 
[ 4173.653862] MESSAGE_B= 5 0 0 62 0 1 192 0 248 179 0 0 0 0 0 0 0 0 0 0 0 0 0 0 0 0 0 1 12 0 0 0 0 0 0 0 0 0 0 1 1 1 0 0 1 0 1 52176 7658 5002 51286 59074 94120 74316 39156 133614 161728 81980 2 130006 74222 84396 88664 28194 890430 824418 46064 2073600 2073600 7 12 507741 994560 993600 126358 126484 127425 127474 12 12 12 12 26 0 0 0 0 
[ 4173.926843] MESSAGE_B= 0 0 0 62 0 1 192 0 248 179 0 0 0 0 0 0 0 0 0 0 0 0 0 0 0 0 0 1 12 0 0 0 0 0 0 0 0 0 0 1 1 1 0 0 1 0 1 51922 29960 5002 51286 59074 94120 74316 39156 133614 161728 81980 2 130006 74222 84396 88664 28194 890430 824418 46064 2073600 2073600 3 12 507188 990720 993600 126187 126337 127300 127364 12 12 12 12 27 0 0 0 0 
[ 4174.200842] MESSAGE_B= 0 0 0 62 0 1 192 0 248 179 0 0 0 0 0 0 0 0 0 0 0 0 0 0 0 0 0 1 12 0 0 0 0 0 0 0 0 0 0 1 1 1 0 0 1 0 1 71646 17284 5002 51286 59074 94120 74316 39156 133614 161728 81980 2 130006 74222 84396 88664 28194 890430 824418 46064 2073600 2073600 3 12 506446 994560 993600 125867 126026 127247 127306 12 12 12 12 43 0 0 0 0 
[ 4174.472850] MESSAGE_B= 0 0 0 62 0 1 192 0 248 179 0 0 0 0 0 0 0 0 0 0 0 0 0 0 0 0 0 1 12 0 0 0 0 0 0 0 0 0 0 1 1 1 0 0 1 0 1 67184 40136 5002 51286 59074 94120 74316 39156 133614 161728 81980 2 130006 74222 84396 88664 28194 890430 824418 46064 2073600 2073600 3 12 505252 990720 993600 125592 125750 126927 126983 12 12 12 12 48 0 0 0 0 
[ 4174.744849] MESSAGE_B= 0 0 0 62 0 1 192 0 248 179 0 0 0 0 0 0 0 0 0 0 0 0 0 0 0 0 0 1 12 0 0 0 0 0 0 0 0 0 0 0 0 1 0 0 1 0 1 76764 16050 5002 51286 59074 94120 74316 39156 133614 161728 81980 2 130006 74222 84396 88664 28194 890430 824418 46064 2073600 2073600 3 12 502005 994560 993600 124568 124784 126271 126382 12 12 12 12 63 0 0 0 0 
[ 4175.019842] MESSAGE_B= 0 0 0 62 0 1 192 0 248 179 0 0 0 0 0 0 0 0 0 0 0 0 0 0 0 0 0 1 12 0 0 0 0 0 0 0 0 0 0 0 0 1 0 0 1 0 1 74806 45392 5002 51286 59074 94120 74316 39156 133614 161728 81980 2 130006 74222 84396 88664 28194 890430 824418 46064 2073600 2073600 3 12 492229 990720 993600 122021 122273 123880 124055 12 12 12 12 67 0 0 0 0 
[ 4175.292851] MESSAGE_B= 0 0 0 62 0 1 192 0 248 179 0 0 0 0 0 0 0 0 0 0 0 0 0 0 0 0 0 1 12 0 0 0 0 0 0 0 0 0 0 0 0 1 0 0 1 0 1 96008 36982 32408 5062 18094 19740 18850 19222 89452 114276 28216 32006 34062 13554 228734 8154 17896 610506 821898 29844 2073600 2073600 3 12 473834 994560 993600 117088 117496 119465 119785 12 12 12 12 67 0 0 0 0 
[ 4175.564849] MESSAGE_B= 0 0 0 64 0 1 192 0 248 179 0 0 511 0 3840 3840 509 381 3835 0 0 0 0 0 0 0 0 1 12 0 0 0 0 0 0 0 0 0 0 0 0 0 0 0 0 0 1 97420 100866 32408 5062 18094 19740 18850 19222 89452 114276 28216 32006 34062 13554 228734 8154 17896 610506 821898 29844 2073600 2073600 3 12 435653 990720 993600 107238 107866 109959 110590 12 12 12 12 61 0 0 0 0 
[ 4175.717894] MESSAGE_B= 0 0 0 71 0 1 192 0 248 179 0 3530 3508 3270 3218 3261 3720 3679 3580 200 323 391 500 252 263 296 309 0 12 126 227 252 254 0 0 0 0 2 2 2 2 1 1 1 1 0 1 141646 142630 32408 5062 18094 19740 18850 19222 89452 114276 28216 32006 34062 13554 228734 8154 17896 610506 821898 29844 2073600 2073600 3 12 396602 994560 993600 97086 98034 100378 101104 12 12 12 12 61 0 0 0 0 
[ 4175.995852] MESSAGE_B= 0 4 0 88 1 1 192 0 248 179 0 3615 3327 3055 2965 3358 3740 3731 3616 221 407 479 595 246 275 305 340 0 12 26 243 252 248 41 70 84 77 0 0 0 0 2 2 2 2 1 1 116120 400906 32408 5062 18094 19740 18850 19222 89452 114276 28216 32006 34062 13554 228734 8154 17896 610506 821898 29844 2073600 2073600 1 12 299370 990720 993600 72207 73672 76123 77368 12 12 12 12 47 4 4 4 4 
[ 4176.274851] MESSAGE_B= 0 0 0 129 0 2 192 0 248 179 0 2182 2322 2071 1498 1987 2708 2690 1968 1225 1397 1293 971 1219 1673 1667 1220 0 31 225 250 255 255 72 143 157 171 0 0 0 0 0 0 0 0 0 2 259172 663684 32408 5062 18094 19740 18850 19222 89452 114276 28216 32006 34062 13554 228734 8154 17896 610506 821898 29844 2073600 2073600 3 12 177335 994560 993600 41237 45242 53552 49115 12 6 24 25 47 4 4 0 0 
[ 4176.559617] MESSAGE_B= 0 0 0 158 0 2 192 0 248 179 0 2535 2359 2072 1723 2451 2872 2845 2424 1416 1388 1281 1112 1364 1600 1586 1353 0 31 220 248 255 255 60 125 145 154 0 0 0 0 0 0 0 0 0 2 199508 699964 32408 5062 18094 19740 18850 19222 89452 114276 28216 32006 34062 13554 228734 8154 17896 610506 821898 29844 2073600 2073600 3 24 148798 990720 993600 39210 50301 64422 59069 5 6 24 24 34 4 4 0 4 
[ 4176.837853] MESSAGE_B= 0 7 0 157 0 2 192 0 248 179 0 2727 2371 2049 1849 2666 2856 2830 2676 1525 1378 1273 1203 1484 1592 1576 1494 0 31 219 246 255 255 66 121 145 158 0 0 0 0 0 0 0 0 0 2 433834 804416 32408 5062 18094 19740 18850 19222 89452 114276 28216 32006 34062 13554 228734 8154 17896 610506 821898 29844 2073600 2073600 3 24 154630 994560 993600 38998 53282 65143 62070 5 6 24 24 13 4 4 20 20 
[ 4177.114858] MESSAGE_B= 0 7 0 158 0 2 192 0 248 179 0 2726 2411 2052 1870 2646 2854 2833 2774 1523 1388 1275 1220 1474 1590 1579 1549 0 31 220 243 255 255 70 119 144 162 0 0 0 0 0 0 0 0 0 2 285572 751366 32408 5062 18094 19740 18850 19222 89452 114276 28216 32006 34062 13554 228734 8154 17896 610506 821898 29844 2073600 2073600 3 24 154173 990720 993600 37055 54493 63422 60598 5 6 24 25 14 4 4 20 20 
[ 4177.395837] MESSAGE_B= 0 7 0 154 0 2 192 0 248 179 0 2718 2443 2047 1834 2606 2849 2829 2782 1517 1400 1271 1195 1450 1587 1576 1553 0 31 221 242 255 255 68 118 143 163 0 0 0 0 0 0 0 0 0 2 477326 826098 32408 5062 18094 19740 18850 19222 89452 114276 28216 32006 34062 13554 228734 8154 17896 610506 821898 29844 2073600 2073600 3 24 153933 994560 993600 36808 53734 60426 59484 5 6 24 25 14 4 4 20 20 
[ 4177.681859] MESSAGE_B= 0 7 0 152 0 3 192 0 248 179 0 2714 2473 2060 1813 2609 2841 2824 2796 1514 1411 1277 1174 1453 1582 1574 1561 0 31 221 242 255 255 59 116 144 163 0 0 0 0 0 0 0 0 0 3 318426 771280 891386 52222 128270 289596 371040 743480 773616 975640 880372 568074 66814 94108 415362 340838 555240 533490 646266 703112 2073600 2073600 3 24 153634 990720 993600 36471 53299 58187 58693 5 6 24 25 14 4 4 20 20 
[ 4177.960856] MESSAGE_B= 0 7 0 148 1 3 192 0 248 179 0 2728 2520 2096 1823 2644 2841 2824 2805 1522 1432 1296 1170 1474 1584 1573 1565 0 31 223 242 255 255 54 116 144 160 0 0 0 0 0 0 0 0 1 3 511784 826478 891386 52222 128270 289596 371040 743480 773616 975640 880372 568074 66814 94108 415362 340838 555240 533490 646266 703112 2073600 2073600 3 24 165472 994560 993600 40064 52547 66452 58171 24 6 24 25 14 4 4 20 20 
[ 4178.239848] MESSAGE_B= 0 7 0 145 1 2 192 0 248 179 0 2747 2551 2130 1835 2682 2842 2823 2804 1533 1448 1313 1165 1497 1584 1574 1564 0 31 225 243 255 255 55 114 142 156 0 0 0 0 0 0 0 0 1 2 325398 792332 891386 52222 128270 289596 371040 743480 773616 975640 880372 568074 66814 94108 415362 340838 555240 533490 646266 703112 2073600 2073600 3 24 176582 990720 993600 45220 50936 72109 58222 24 6 24 25 15 4 4 20 20 
[ 4178.400001] MESSAGE_B= 0 7 0 144 1 3 192 0 248 179 0 2771 2570 2154 1844 2708 2848 2826 2800 1546 1459 1325 1168 1509 1587 1575 1559 0 31 227 243 255 255 59 115 140 156 0 0 0 0 0 0 0 0 1 3 531700 803570 891386 52222 128270 289596 371040 743480 773616 975640 880372 568074 66814 94108 415362 340838 555240 533490 646266 703112 2073600 2073600 3 24 172446 994560 993600 44494 49559 72258 54510 24 6 24 25 16 4 4 20 20 
[ 4178.678877] MESSAGE_B= 0 7 0 139 0 3 192 0 248 179 0 2804 2576 2185 1867 2744 2839 2818 2796 1563 1464 1335 1178 1529 1582 1571 1558 0 31 231 244 255 255 68 115 137 154 0 0 0 0 0 0 0 0 0 3 298596 697530 891386 52222 128270 289596 371040 743480 773616 975640 880372 568074 66814 94108 415362 340838 555240 533490 646266 703112 2073600 2073600 3 24 169089 990720 993600 44806 48702 74642 49824 24 6 24 25 16 4 4 20 20 
[ 4178.959882] MESSAGE_B= 0 7 0 126 0 2 192 0 248 179 0 2833 2576 2231 1908 2786 2832 2824 2808 1577 1471 1358 1195 1553 1579 1573 1565 0 31 234 246 255 255 76 116 135 153 0 0 0 0 0 0 0 0 0 2 531268 808768 891386 52222 128270 289596 371040 743480 773616 975640 880372 568074 66814 94108 415362 340838 555240 533490 646266 703112 2073600 2073600 3 24 151354 994560 993600 40745 48364 64668 49600 25 5 24 25 14 4 4 20 20 
[ 4179.241873] MESSAGE_B= 0 0 0 116 0 3 192 0 248 179 0 2873 2591 2298 1935 2821 2823 2806 2792 1600 1482 1388 1208 1572 1573 1564 1555 0 31 236 247 255 255 80 117 130 153 0 0 0 0 0 0 0 0 0 3 273228 582320 891386 52222 128270 289596 371040 743480 773616 975640 880372 568074 66814 94108 415362 340838 555240 533490 646266 703112 2073600 2073600 3 5 165297 990720 993600 42347 49427 53409 50360 5 5 24 24 17 4 4 0 4 
[ 4179.487096] MESSAGE_B= 0 0 0 111 0 3 192 0 248 179 0 2906 2600 2389 1972 2829 2804 2785 2796 1618 1487 1424 1225 1576 1562 1552 1558 0 31 240 247 255 255 80 119 124 152 0 0 0 0 0 0 0 0 0 3 535210 815028 891386 52222 128270 289596 371040 743480 773616 975640 880372 568074 66814 94108 415362 340838 555240 533490 646266 703112 2073600 2073600 3 5 170384 994560 993600 47115 49926 53358 53874 5 5 24 24 19 4 4 0 4 
[ 4179.767856] MESSAGE_B= 0 0 0 108 1 3 192 0 248 179 0 2951 2639 2510 2035 2841 2786 2765 2802 1644 1503 1445 1254 1583 1554 1540 1561 0 31 248 247 255 255 79 118 113 149 0 0 0 0 0 0 0 0 1 3 332594 553754 891386 52222 128270 289596 371040 743480 773616 975640 880372 568074 66814 94108 415362 340838 555240 533490 646266 703112 2073600 2073600 3 5 192982 990720 993600 59658 53648 43611 53381 5 5 24 24 19 4 4 0 4 
[ 4180.051569] MESSAGE_B= 0 0 0 103 0 3 192 0 248 179 0 2947 2754 2609 2105 2872 2819 2759 2800 1642 1541 1460 1278 1600 1571 1537 1562 0 31 254 242 255 255 77 104 100 146 0 0 0 0 0 0 0 0 0 3 497138 838864 786974 870994 736542 829248 724312 757566 693008 748868 720586 520974 1008170 626562 535450 528658 755462 518420 841084 591300 2073600 2073600 3 5 218713 994560 993600 69141 59772 47988 48195 5 5 5 24 23 4 4 0 4 
[ 4180.340186] MESSAGE_B= 0 0 0 95 0 2 192 0 248 179 0 2946 2792 2667 2239 2940 2826 2767 2791 1642 1560 1487 1332 1638 1576 1542 1555 0 31 255 242 255 255 78 98 90 140 0 0 0 0 0 0 0 0 0 2 407340 596008 786974 870994 736542 829248 724312 757566 693008 748868 720586 520974 1008170 626562 535450 528658 755462 518420 841084 591300 2073600 2073600 3 5 220124 990720 993600 61144 69316 44680 48942 5 5 25 5 23 4 4 0 4 
[ 4180.620857] MESSAGE_B= 0 0 0 88 0 3 192 0 248 179 0 2951 2729 2648 2546 2929 2854 2790 2778 1646 1528 1476 1430 1631 1590 1553 1548 0 31 255 255 255 255 79 102 87 104 0 0 0 0 0 0 0 0 0 3 506552 699226 786974 870994 736542 829248 724312 757566 693008 748868 720586 520974 1008170 626562 535450 528658 755462 518420 841084 591300 2073600 2073600 3 5 229395 994560 993600 51753 86926 59823 59693 5 5 25 5 25 4 4 0 4 
[ 4180.901855] MESSAGE_B= 0 0 0 80 0 2 192 0 248 179 0 1323 1686 1089 1643 1817 2469 1918 2412 1807 1536 1488 1494 1760 1763 1859 1723 0 5 254 255 255 255 110 114 58 26 2 2 2 2 0 0 2 2 0 2 506954 669898 786974 870994 736542 829248 724312 757566 693008 748868 720586 520974 1008170 626562 535450 528658 755462 518420 841084 591300 2073600 2073600 3 5 226144 990720 993600 49322 69664 53424 74386 5 5 24 5 25 0 0 0 0 
[ 4181.180860] MESSAGE_B= 0 0 0 75 0 3 192 0 248 179 0 2925 2646 2422 2386 2600 2830 2733 2773 1635 1493 1381 1372 1449 1577 1527 1546 0 31 248 254 255 255 91 114 122 123 0 0 0 0 0 0 0 0 0 3 544412 780956 786974 870994 736542 829248 724312 757566 693008 748868 720586 520974 1008170 626562 535450 528658 755462 518420 841084 591300 2073600 2073600 3 6 201946 994560 993600 55448 84758 47164 32685 6 6 24 24 53 4 4 0 4 
[ 4181.338849] MESSAGE_B= 0 0 0 97 0 3 192 0 248 179 0 2885 2547 2280 2224 2446 2832 2702 2782 1619 1461 1340 1334 1367 1580 1517 1552 0 31 239 252 255 255 98 128 141 141 0 0 0 0 0 0 0 0 0 3 394002 675956 786974 870994 736542 829248 724312 757566 693008 748868 720586 520974 1008170 626562 535450 528658 755462 518420 841084 591300 2073600 2073600 3 5 144620 990720 993600 38204 52375 34189 46950 25 5 24 5 53 4 4 0 4 
[ 4181.618650] MESSAGE_B= 0 0 0 137 1 3 192 0 248 179 0 2876 2540 2288 2248 2499 2841 2698 2794 1615 1459 1343 1343 1394 1586 1516 1560 0 31 239 253 255 255 102 129 141 138 0 0 0 0 0 0 0 0 1 3 469628 881896 786974 870994 736542 829248 724312 757566 693008 748868 720586 520974 1008170 626562 535450 528658 755462 518420 841084 591300 2073600 2073600 3 5 139671 994560 993600 42337 52744 37601 46321 25 5 24 5 53 4 4 0 4 
[ 4181.903854] MESSAGE_B= 0 0 0 140 0 3 192 0 248 179 0 2869 2552 2316 2282 2567 2863 2712 2812 1615 1465 1356 1356 1432 1596 1521 1569 0 31 240 253 254 255 104 129 140 134 0 0 0 0 0 0 0 0 0 3 284564 638872 786974 870994 736542 829248 724312 757566 693008 748868 720586 520974 1008170 626562 535450 528658 755462 518420 841084 591300 2073600 2073600 3 5 137279 990720 993600 41875 52794 38665 46148 25 5 24 5 14 4 4 0 4 
[ 4182.183900] MESSAGE_B= 0 4 0 138 1 3 192 0 248 179 0 2845 2531 2310 2298 2612 2860 2706 2823 1604 1456 1351 1360 1457 1595 1519 1575 0 31 241 254 254 255 104 132 140 130 0 0 0 0 0 0 0 0 1 3 445756 841798 786974 870994 736542 829248 724312 757566 693008 748868 720586 520974 1008170 626562 535450 528658 755462 518420 841084 591300 2073600 2073600 3 5 141097 994560 993600 40750 54374 41192 46826 25 5 24 5 13 4 4 4 4 
[ 4182.464867] MESSAGE_B= 0 4 0 135 1 2 192 0 248 179 0 2818 2526 2327 2321 2683 2862 2706 2830 1595 1456 1357 1369 1497 1597 1518 1579 0 31 241 254 254 255 107 133 140 128 0 0 0 0 0 0 0 0 1 2 280186 630216 826386 684150 658142 751242 744872 838750 531488 782126 847508 449712 726714 697786 728710 781996 632516 396762 649762 537268 2073600 2073600 3 5 140116 990720 993600 38786 54409 43456 46012 25 5 24 5 15 4 4 4 4 
[ 4182.751920] MESSAGE_B= 0 4 0 136 1 3 192 0 248 179 0 2770 2512 2331 2339 2764 2858 2699 2828 1580 1455 1356 1372 1542 1593 1514 1578 0 31 242 255 255 255 113 135 139 125 0 0 0 0 0 0 0 0 1 3 420626 854918 826386 684150 658142 751242 744872 838750 531488 782126 847508 449712 726714 697786 728710 781996 632516 396762 649762 537268 2073600 2073600 3 5 145023 994560 993600 38991 55799 46138 46072 6 5 25 5 15 4 4 4 4 
[ 4182.910855] MESSAGE_B= 0 4 4 137 1 3 192 0 248 179 0 2737 2500 2336 2346 2809 2855 2697 2822 1570 1454 1358 1371 1569 1592 1513 1576 0 31 243 255 255 255 114 136 139 124 0 0 0 0 0 0 0 0 1 3 273746 616008 826386 684150 658142 751242 744872 838750 531488 782126 847508 449712 726714 697786 728710 781996 632516 396762 649762 537268 2073600 2073600 3 5 148582 990720 993600 40088 56815 46160 45937 6 5 25 5 15 4 4 4 4 
[ 4183.189885] MESSAGE_B= 0 4 4 136 1 3 192 0 248 179 0 2694 2492 2344 2369 2872 2852 2694 2832 1554 1458 1361 1380 1602 1590 1512 1581 0 31 246 255 255 255 119 137 137 122 0 0 0 0 0 0 0 0 1 3 384366 905544 826386 684150 658142 751242 744872 838750 531488 782126 847508 449712 726714 697786 728710 781996 632516 396762 649762 537268 2073600 2073600 3 5 152882 994560 993600 41401 58096 47183 45664 6 5 25 5 15 4 4 4 4 
[ 4183.467919] MESSAGE_B= 0 4 4 136 1 4 192 0 248 179 0 2648 2488 2364 2388 2911 2843 2693 2830 1544 1465 1367 1386 1623 1586 1510 1579 0 31 251 255 255 255 126 138 136 120 0 0 0 0 0 0 0 0 1 4 284766 617372 826386 684150 658142 751242 744872 838750 531488 782126 847508 449712 726714 697786 728710 781996 632516 396762 649762 537268 2073600 2073600 3 5 153655 990720 993600 41420 59280 49415 44984 6 5 25 5 15 4 4 4 4 
[ 4183.748865] MESSAGE_B= 0 4 4 136 1 3 192 0 248 179 0 2626 2500 2374 2399 2939 2843 2696 2829 1551 1473 1370 1387 1637 1586 1511 1579 0 31 253 255 255 255 128 138 135 118 0 0 0 0 0 0 0 0 1 3 369680 944918 826386 684150 658142 751242 744872 838750 531488 782126 847508 449712 726714 697786 728710 781996 632516 396762 649762 537268 2073600 2073600 3 5 160553 994560 993600 40003 60527 47721 44571 6 5 25 5 14 4 4 4 4 
[ 4184.027858] MESSAGE_B= 0 4 4 133 1 3 192 0 248 179 0 2631 2510 2385 2409 2964 2834 2691 2828 1561 1477 1374 1392 1652 1580 1510 1577 0 31 254 255 254 255 124 137 135 118 0 0 0 0 0 0 0 0 1 3 332364 621316 826386 684150 658142 751242 744872 838750 531488 782126 847508 449712 726714 697786 728710 781996 632516 396762 649762 537268 2073600 2073600 3 5 166917 990720 993600 39027 61295 41524 44576 6 5 25 5 14 4 4 4 4 
[ 4184.313857] MESSAGE_B= 0 0 4 132 0 3 192 0 248 179 0 2646 2525 2405 2424 2969 2823 2691 2831 1571 1483 1382 1396 1655 1576 1508 1579 0 31 253 255 254 255 122 137 134 116 0 0 0 0 0 0 0 0 0 3 392280 979298 826386 684150 658142 751242 744872 838750 531488 782126 847508 449712 726714 697786 728710 781996 632516 396762 649762 537268 2073600 2073600 3 5 176280 994560 993600 36962 62855 45327 45131 25 5 5 5 14 4 4 0 4 
[ 4184.592866] MESSAGE_B= 0 0 4 131 0 4 192 0 248 179 0 2671 2541 2415 2441 2978 2806 2684 2829 1578 1487 1383 1401 1660 1567 1506 1578 0 31 254 255 254 255 118 136 134 114 0 0 0 0 0 0 0 0 0 4 374586 600692 826386 684150 658142 751242 744872 838750 531488 782126 847508 449712 726714 697786 728710 781996 632516 396762 649762 537268 2073600 2073600 3 5 184302 990720 993600 38358 65285 48699 45798 25 5 5 5 14 4 4 0 4 
[ 4184.873862] MESSAGE_B= 0 0 4 128 0 4 192 0 248 179 0 2708 2565 2430 2459 2979 2806 2676 2834 1586 1496 1389 1409 1660 1566 1502 1581 0 31 254 255 254 255 111 135 134 112 0 0 0 0 0 0 0 0 0 4 413304 964188 801806 815578 680898 856242 745734 850438 498368 803832 814830 507462 657002 597078 468306 560494 539716 248124 465310 517240 2073600 2073600 3 5 182846 994560 993600 39250 64976 47816 44729 25 5 5 5 14 4 4 0 4 
[ 4185.031856] MESSAGE_B= 0 0 0 129 0 4 192 0 248 179 0 2707 2560 2422 2454 2968 2797 2671 2827 1583 1494 1386 1405 1654 1563 1498 1577 0 31 254 255 254 255 108 135 134 112 0 0 0 0 0 0 0 0 0 4 367272 617812 801806 815578 680898 856242 745734 850438 498368 803832 814830 507462 657002 597078 468306 560494 539716 248124 465310 517240 2073600 2073600 3 5 187423 990720 993600 38359 64994 50597 44809 25 5 5 5 14 4 4 0 4 
[ 4185.311858] MESSAGE_B= 0 0 0 129 1 4 192 0 248 179 0 2743 2588 2446 2478 2976 2798 2669 2828 1591 1501 1396 1416 1658 1565 1498 1578 0 31 254 255 253 255 102 133 134 112 0 0 0 0 0 0 0 0 1 4 400790 929836 801806 815578 680898 856242 745734 850438 498368 803832 814830 507462 657002 597078 468306 560494 539716 248124 465310 517240 2073600 2073600 3 5 185338 994560 993600 38809 63669 48514 44325 25 5 5 5 14 4 4 0 4 
[ 4185.591865] MESSAGE_B= 0 0 0 131 0 4 192 0 248 179 0 2766 2589 2446 2487 2946 2786 2656 2829 1595 1499 1394 1420 1641 1561 1493 1578 0 31 254 255 253 254 100 131 134 110 0 0 0 0 0 0 0 0 0 4 379232 647984 801806 815578 680898 856242 745734 850438 498368 803832 814830 507462 657002 597078 468306 560494 539716 248124 465310 517240 2073600 2073600 3 5 188799 990720 993600 39338 65006 47779 44900 25 5 5 5 15 4 4 0 4 
[ 4185.870857] MESSAGE_B= 0 0 0 132 0 3 192 0 248 179 0 2815 2585 2461 2500 2917 2784 2661 2835 1607 1488 1400 1429 1627 1559 1495 1580 0 31 254 255 253 254 99 124 133 109 0 0 0 0 0 0 0 0 0 3 390790 886642 801806 815578 680898 856242 745734 850438 498368 803832 814830 507462 657002 597078 468306 560494 539716 248124 465310 517240 2073600 2073600 3 5 187715 994560 993600 39788 65684 44091 45088 25 5 5 5 15 4 4 0 4 
[ 4186.148853] MESSAGE_B= 0 0 0 132 0 2 192 0 248 179 0 2851 2547 2445 2510 2885 2757 2642 2839 1615 1466 1389 1434 1611 1548 1485 1583 0 31 254 254 254 253 98 106 129 108 0 0 0 0 0 0 0 0 0 2 350758 659038 801806 815578 680898 856242 745734 850438 498368 803832 814830 507462 657002 597078 468306 560494 539716 248124 465310 517240 2073600 2073600 3 5 190929 990720 993600 40031 66690 43808 45508 25 5 5 5 15 4 4 0 4 
[ 4186.430853] MESSAGE_B= 0 0 0 135 0 1 192 0 248 179 0 2884 2490 2422 2493 2852 2701 2615 2826 1620 1450 1377 1426 1595 1546 1471 1577 0 31 253 249 254 249 96 80 128 107 0 0 0 0 0 0 0 0 0 1 365414 829650 801806 815578 680898 856242 745734 850438 498368 803832 814830 507462 657002 597078 468306 560494 539716 248124 465310 517240 2073600 2073600 3 5 184970 994560 993600 40259 65799 38897 45859 25 5 5 5 15 4 4 0 4 
[ 4186.711867] MESSAGE_B= 0 0 0 138 0 2 192 0 248 179 0 2866 2416 2345 2421 2786 2636 2544 2772 1603 1414 1336 1389 1558 1521 1433 1547 0 31 252 247 253 246 93 75 136 108 0 0 0 0 0 0 0 0 0 2 344958 644762 801806 815578 680898 856242 745734 850438 498368 803832 814830 507462 657002 597078 468306 560494 539716 248124 465310 517240 2073600 2073600 3 5 182035 990720 993600 38473 64643 36900 44462 25 5 5 5 18 4 4 0 4 
[ 4186.997767] MESSAGE_B= 0 0 0 144 0 1 192 0 248 179 0 2790 2309 2213 2291 2681 2552 2435 2673 1562 1357 1270 1326 1502 1474 1379 1493 0 31 250 247 252 246 91 80 147 113 0 0 0 0 0 0 0 0 0 1 410196 775498 801806 815578 680898 856242 745734 850438 498368 803832 814830 507462 657002 597078 468306 560494 539716 248124 465310 517240 2073600 2073600 3 5 169569 994560 993600 34976 59791 32358 43263 25 5 12 5 21 4 4 0 4 
[ 4187.275862] MESSAGE_B= 0 0 0 151 0 1 192 0 248 179 0 2694 2185 2064 2137 2553 2437 2289 2537 1508 1287 1199 1253 1434 1408 1309 1421 0 31 245 247 251 244 89 85 162 118 0 0 0 0 0 0 0 0 0 1 304780 629064 508552 708254 645454 659228 461286 630184 227818 533538 559688 409274 504510 451938 444786 626536 365472 388714 386448 428356 2073600 2073600 3 5 156037 990720 993600 33784 53149 32341 42608 24 5 12 5 26 4 4 0 0 
[ 4187.436786] MESSAGE_B= 0 7 0 157 0 2 192 0 248 179 0 2597 2053 1921 1991 2429 2315 2150 2404 1456 1217 1134 1184 1367 1341 1241 1349 0 31 240 247 248 242 85 92 174 124 0 0 0 0 0 0 0 0 0 2 397884 758106 508552 708254 645454 659228 461286 630184 227818 533538 559688 409274 504510 451938 444786 626536 365472 388714 386448 428356 2073600 2073600 3 5 144323 994560 993600 34679 47923 32359 42769 24 5 12 5 26 4 4 20 20 
[ 4187.716845] MESSAGE_B= 0 7 0 163 0 2 192 0 248 179 0 2348 1716 1549 1603 2128 2027 1839 2067 1323 1047 974 1013 1205 1185 1092 1171 0 31 218 245 242 234 79 109 199 137 0 0 0 0 0 0 0 0 0 2 218492 628788 508552 708254 645454 659228 461286 630184 227818 533538 559688 409274 504510 451938 444786 626536 365472 388714 386448 428356 2073600 2073600 3 6 156331 990720 993600 32690 58366 34089 42539 6 6 6 5 40 4 4 20 20 
[ 4187.996178] MESSAGE_B= 0 7 0 163 0 2 192 0 248 179 0 1899 1234 1038 1058 1650 1574 1372 1539 1090 802 787 754 946 932 864 887 0 31 155 241 228 219 58 139 215 143 0 0 0 0 0 0 0 0 0 2 401706 739602 508552 708254 645454 659228 461286 630184 227818 533538 559688 409274 504510 451938 444786 626536 365472 388714 386448 428356 2073600 2073600 3 6 186779 994560 993600 42637 64758 41915 41947 6 6 6 5 57 4 4 20 20 
[ 4188.274851] MESSAGE_B= 0 7 0 160 0 2 192 0 248 179 0 1311 762 606 579 1064 1025 849 930 783 556 662 462 622 629 624 562 0 31 58 227 188 186 26 158 176 125 0 0 0 0 0 0 0 0 0 2 204400 537968 508552 708254 645454 659228 461286 630184 227818 533538 559688 409274 504510 451938 444786 626536 365472 388714 386448 428356 2073600 2073600 3 12 192238 990720 993600 47495 69596 43344 44234 12 12 6 5 57 4 4 20 20 
[ 4188.554854] MESSAGE_B= 0 0 0 138 0 2 192 0 248 179 0 0 748 0 570 747 694 624 681 0 18 0 17 128 53 40 84 0 12 0 127 84 0 157 52 0 208 1 2 2 2 2 2 1 2 0 2 411216 823774 508552 708254 645454 659228 461286 630184 227818 533538 559688 409274 504510 451938 444786 626536 365472 388714 386448 428356 2073600 2073600 3 12 420253 994560 993600 88434 122662 97556 111601 12 12 12 12 74 0 0 0 0 
[ 4188.830887] MESSAGE_B= 0 0 0 66 0 1 192 0 248 179 0 0 0 0 0 0 0 0 0 0 0 0 0 0 0 0 0 1 12 0 0 0 0 0 0 0 0 0 0 0 1 1 0 0 1 0 1 231964 500640 508552 708254 645454 659228 461286 630184 227818 533538 559688 409274 504510 451938 444786 626536 365472 388714 386448 428356 2073600 2073600 3 12 503340 990720 993600 126176 124072 127327 125765 12 12 12 12 74 0 0 0 0 
[ 4189.105859] MESSAGE_B= 0 0 0 62 0 1 192 0 248 179 0 0 0 0 0 0 0 0 0 0 0 0 0 0 0 0 0 1 12 0 0 0 0 0 0 0 0 0 0 0 1 1 0 0 1 0 1 146376 379652 508552 708254 645454 659228 461286 630184 227818 533538 559688 409274 504510 451938 444786 626536 365472 388714 386448 428356 2073600 2073600 3 12 503354 994560 993600 126172 124045 127352 125785 12 12 12 12 41 0 0 0 0 
[ 4189.384864] MESSAGE_B= 0 0 0 63 0 1 192 0 248 179 0 0 0 0 0 0 0 0 0 0 0 0 0 0 0 0 0 1 12 0 0 0 0 0 0 0 0 0 0 0 1 1 0 0 1 0 1 14596 33220 508552 708254 645454 659228 461286 630184 227818 533538 559688 409274 504510 451938 444786 626536 365472 388714 386448 428356 2073600 2073600 3 12 503233 990720 993600 126180 124072 127314 125667 12 12 12 12 33 0 0 0 0 
[ 4189.658853] MESSAGE_B= 0 0 0 63 0 1 192 0 248 179 0 0 0 0 0 0 0 0 0 0 0 0 0 0 0 0 0 1 12 0 0 0 0 0 0 0 0 0 0 0 1 1 0 0 1 0 1 23478 9332 27232 541278 293862 434560 494936 520000 176840 350320 26148 33502 352674 556774 414696 502250 489080 373792 553090 35886 2073600 2073600 3 12 503248 994560 993600 126211 124047 127319 125671 12 12 12 12 33 0 0 0 0 
[ 4189.938507] MESSAGE_B= 0 0 0 63 1 1 192 0 248 179 0 0 0 0 0 0 0 0 0 0 0 0 0 0 0 0 0 1 12 0 0 0 0 0 0 0 0 0 0 0 1 1 0 0 1 1 1 14396 33466 27232 541278 293862 434560 494936 520000 176840 350320 26148 33502 352674 556774 414696 502250 489080 373792 553090 35886 2073600 2073600 1 12 503278 990720 993600 126157 123951 127385 125785 12 12 12 12 30 0 0 0 0 
[ 4190.105896] MESSAGE_B= 0 0 0 63 1 1 192 0 248 179 0 0 0 0 0 0 0 0 0 0 0 0 0 0 0 0 0 1 12 0 0 0 0 0 0 0 0 0 0 0 1 1 0 0 1 1 1 22980 9336 27232 541278 293862 434560 494936 520000 176840 350320 26148 33502 352674 556774 414696 502250 489080 373792 553090 35886 2073600 2073600 1 12 503400 994560 993600 126167 124072 127363 125798 12 12 12 12 30 0 0 0 0 
[ 4190.379913] MESSAGE_B= 0 0 0 63 1 1 192 0 248 179 0 0 0 0 0 0 0 0 0 0 0 0 0 0 0 0 0 1 12 0 0 0 0 0 0 0 0 0 0 0 1 1 0 0 1 1 1 14572 33824 27232 541278 293862 434560 494936 520000 176840 350320 26148 33502 352674 556774 414696 502250 489080 373792 553090 35886 2073600 2073600 1 12 503343 990720 993600 126168 124047 127343 125785 12 12 12 12 30 0 0 0 0 
[ 4190.655934] MESSAGE_B= 0 0 0 63 1 1 192 0 248 179 0 0 0 0 0 0 0 0 0 0 0 0 0 0 0 0 0 1 12 0 0 0 0 0 0 0 0 0 0 0 1 1 0 0 1 1 1 22922 9304 27232 541278 293862 434560 494936 520000 176840 350320 26148 33502 352674 556774 414696 502250 489080 373792 553090 35886 2073600 2073600 1 12 503220 994560 993600 126188 124072 127307 125653 12 12 12 12 14 0 0 0 0 
[ 4190.928852] MESSAGE_B= 0 7 0 63 1 1 192 0 248 179 0 0 0 0 0 0 0 0 0 0 0 0 0 0 0 0 0 1 12 0 0 0 0 0 0 0 0 1 1 1 1 1 1 1 1 1 1 14528 32842 27232 541278 293862 434560 494936 520000 176840 350320 26148 33502 352674 556774 414696 502250 489080 373792 553090 35886 2073600 2073600 1 12 512416 990720 993600 128104 128104 128104 128104 12 12 12 12 27 0 0 0 0 
[ 4191.206858] MESSAGE_B= 0 7 0 61 1 3 192 0 248 179 0 0 0 0 0 0 0 0 0 0 0 0 0 0 0 0 0 1 12 0 0 0 0 0 0 0 0 1 1 1 1 1 1 1 1 1 3 22628 9324 27232 541278 293862 434560 494936 520000 176840 350320 26148 33502 352674 556774 414696 502250 489080 373792 553090 35886 2073600 2073600 3 12 512416 994560 993600 128104 128104 128104 128104 12 12 12 12 40 0 0 0 0 
[ 4191.480379] MESSAGE_B= 4 0 0 61 1 3 192 0 248 179 0 0 0 0 0 0 0 0 0 0 0 0 0 0 0 0 0 1 12 0 0 0 0 0 0 0 0 0 1 0 1 1 1 0 1 1 3 12 812 27232 541278 293862 434560 494936 520000 176840 350320 26148 33502 352674 556774 414696 502250 489080 373792 553090 35886 2073600 2073600 4 12 505883 990720 993600 127699 122768 128014 127402 12 12 12 12 40 0 0 0 0 
[ 4191.752848] MESSAGE_B= 0 0 0 63 2 2 192 0 248 179 0 0 0 0 0 0 0 0 0 0 0 0 0 0 0 0 0 1 12 0 0 0 0 0 0 0 0 0 0 0 0 1 0 0 1 2 2 70550 15828 27232 541278 293862 434560 494936 520000 176840 350320 26148 33502 352674 556774 414696 502250 489080 373792 553090 35886 2073600 2073600 1 12 500443 994560 993600 126439 121354 126680 125970 12 12 12 12 30 0 0 0 0 
[ 4192.031844] MESSAGE_B= 0 0 0 64 2 2 192 0 248 179 0 0 0 0 0 0 0 0 0 0 0 0 0 0 0 0 0 1 12 0 0 0 0 0 0 0 0 0 0 0 0 1 0 0 1 2 2 7524 131438 61616 16166 26422 25534 24584 24526 80362 48248 72380 45350 6802 34114 32452 37494 34540 157184 80328 61288 2073600 2073600 2 12 497171 990720 993600 125542 121058 125309 125262 12 12 12 12 27 0 0 0 0 
[ 4192.311578] MESSAGE_B= 0 0 0 64 2 2 192 0 248 179 0 0 0 0 0 0 0 0 0 0 0 0 0 0 0 0 0 1 12 0 0 0 0 0 0 0 0 0 0 0 0 1 0 0 1 2 2 43432 74080 61616 16166 26422 25534 24584 24526 80362 48248 72380 45350 6802 34114 32452 37494 34540 157184 80328 61288 2073600 2073600 1 12 494366 994560 993600 124719 120856 124077 124714 12 12 12 12 15 0 0 0 0 
[ 4192.586840] MESSAGE_B= 0 0 0 64 2 1 192 0 248 179 0 0 0 0 0 0 0 0 0 0 0 0 0 0 0 0 0 1 12 0 0 0 0 0 0 0 0 0 0 0 0 1 0 0 1 2 1 24882 146226 61616 16166 26422 25534 24584 24526 80362 48248 72380 45350 6802 34114 32452 37494 34540 157184 80328 61288 2073600 2073600 2 12 491862 990720 993600 124304 120412 122916 124230 12 12 12 12 14 0 0 0 0 
[ 4192.863852] MESSAGE_B= 0 0 0 65 1 1 192 0 248 179 0 0 0 0 0 0 0 0 0 0 0 0 0 0 0 0 0 1 12 0 0 0 0 0 0 0 0 0 0 0 0 1 0 0 1 1 1 36174 111788 61616 16166 26422 25534 24584 24526 80362 48248 72380 45350 6802 34114 32452 37494 34540 157184 80328 61288 2073600 2073600 1 12 490175 994560 993600 124062 120120 122098 123895 12 12 12 12 12 0 0 0 0 
[ 4193.139268] MESSAGE_B= 0 0 0 64 1 1 192 0 248 179 0 0 0 0 0 0 0 0 0 0 0 0 0 0 0 0 0 1 12 0 0 0 0 0 0 0 0 0 0 0 0 1 0 0 1 1 1 29168 158726 61616 16166 26422 25534 24584 24526 80362 48248 72380 45350 6802 34114 32452 37494 34540 157184 80328 61288 2073600 2073600 1 12 487686 990720 993600 123483 119430 121246 123527 12 12 12 12 14 0 0 0 0 
[ 4193.416843] MESSAGE_B= 0 0 0 65 1 1 192 0 248 179 0 0 0 0 0 0 0 0 0 0 0 0 0 0 0 0 0 1 12 0 0 0 0 0 0 0 0 0 0 0 0 1 0 0 1 1 1 35350 137740 61616 16166 26422 25534 24584 24526 80362 48248 72380 45350 6802 34114 32452 37494 34540 157184 80328 61288 2073600 2073600 1 12 485463 994560 993600 123136 118730 120590 123007 12 12 12 12 14 0 0 0 0 
[ 4193.691946] MESSAGE_B= 0 0 0 65 1 1 192 0 248 179 0 0 0 0 0 0 0 0 0 0 0 0 0 0 0 0 0 1 12 0 0 0 0 0 0 0 0 0 0 0 0 1 0 0 1 1 1 31096 178484 61616 16166 26422 25534 24584 24526 80362 48248 72380 45350 6802 34114 32452 37494 34540 157184 80328 61288 2073600 2073600 1 12 483127 990720 993600 122699 118059 120211 122158 12 12 12 12 12 0 0 0 0 
[ 4193.845849] MESSAGE_B= 0 0 0 65 1 1 192 0 248 179 0 0 0 0 0 0 0 0 0 0 0 0 0 0 0 0 0 1 12 0 0 0 0 0 0 0 0 0 0 0 0 1 0 0 1 1 1 40530 163228 61616 16166 26422 25534 24584 24526 80362 48248 72380 45350 6802 34114 32452 37494 34540 157184 80328 61288 2073600 2073600 1 12 481654 994560 993600 122384 117599 120116 121555 12 12 12 12 13 0 0 0 0 
[ 4194.119852] MESSAGE_B= 0 0 0 64 1 1 192 0 248 179 0 0 0 0 0 0 0 0 0 0 0 0 0 0 0 0 0 1 12 0 0 0 0 0 0 0 0 0 0 0 0 1 0 0 1 1 1 36164 200706 61616 16166 26422 25534 24584 24526 80362 48248 72380 45350 6802 34114 32452 37494 34540 157184 80328 61288 2073600 2073600 1 12 479326 990720 993600 121941 116842 119569 120974 12 12 12 12 14 0 0 0 0 
[ 4194.392848] MESSAGE_B= 0 0 0 62 1 1 192 0 248 179 0 0 0 0 0 0 0 0 0 0 0 0 0 0 0 0 0 1 12 0 0 0 0 0 0 0 0 0 0 0 0 1 0 0 1 1 1 55880 184928 33466 38520 33220 38094 29276 32950 68672 62086 36006 35582 31616 23110 24490 12526 23428 216004 211394 32806 2073600 2073600 1 12 477351 994560 993600 121505 116183 119098 120565 12 12 12 12 16 0 0 0 0 
[ 4194.672365] MESSAGE_B= 0 0 0 61 1 1 192 0 248 179 0 0 0 0 0 0 0 0 0 0 0 0 0 0 0 0 0 1 12 0 0 0 0 0 0 0 0 0 0 0 0 1 0 0 1 1 1 40082 224238 33466 38520 33220 38094 29276 32950 68672 62086 36006 35582 31616 23110 24490 12526 23428 216004 211394 32806 2073600 2073600 1 12 475771 990720 993600 121066 115571 118948 120186 12 12 12 12 16 0 0 0 0 
[ 4194.950660] MESSAGE_B= 0 0 0 61 1 1 192 0 248 179 0 0 0 0 0 0 0 0 0 0 0 0 0 0 0 0 0 1 12 0 0 0 0 0 0 0 0 0 0 0 0 1 0 0 1 1 1 72612 209432 33466 38520 33220 38094 29276 32950 68672 62086 36006 35582 31616 23110 24490 12526 23428 216004 211394 32806 2073600 2073600 1 12 474298 994560 993600 120901 115075 118675 119647 12 12 12 12 16 0 0 0 0 
[ 4195.223840] MESSAGE_B= 0 0 0 61 1 1 192 0 248 179 0 0 0 0 0 0 0 0 0 0 0 0 0 0 0 0 0 1 12 0 0 0 0 0 0 0 0 0 0 0 0 1 0 0 1 1 1 47358 249748 33466 38520 33220 38094 29276 32950 68672 62086 36006 35582 31616 23110 24490 12526 23428 216004 211394 32806 2073600 2073600 1 12 472978 990720 993600 120748 114556 118332 119342 12 12 12 12 13 0 0 0 0 
[ 4195.495855] MESSAGE_B= 0 0 0 61 2 1 192 0 248 179 0 0 0 0 0 0 0 0 0 0 0 0 0 0 0 0 0 1 12 0 0 0 0 0 0 0 0 0 0 0 0 1 0 0 1 2 1 74212 230110 33466 38520 33220 38094 29276 32950 68672 62086 36006 35582 31616 23110 24490 12526 23428 216004 211394 32806 2073600 2073600 2 12 472156 994560 993600 120713 114239 118129 119075 12 12 12 12 12 0 0 0 0 
[ 4195.776608] MESSAGE_B= 0 0 0 61 1 1 192 0 248 179 0 0 0 0 0 0 0 0 0 0 0 0 0 0 0 0 0 1 12 0 0 0 0 0 0 0 0 0 0 0 0 1 0 0 1 1 1 56274 267156 33466 38520 33220 38094 29276 32950 68672 62086 36006 35582 31616 23110 24490 12526 23428 216004 211394 32806 2073600 2073600 1 12 470854 990720 993600 120501 113732 117857 118764 12 12 12 12 14 0 0 0 0 
[ 4196.048848] MESSAGE_B= 0 0 0 61 1 1 192 0 248 179 0 0 0 0 0 0 0 0 0 0 0 0 0 0 0 0 0 1 12 0 0 0 0 0 0 0 0 0 0 0 0 1 0 0 1 1 1 78006 240656 33466 38520 33220 38094 29276 32950 68672 62086 36006 35582 31616 23110 24490 12526 23428 216004 211394 32806 2073600 2073600 1 12 469863 994560 993600 120396 113418 117561 118488 12 12 12 12 19 0 0 0 0 
[ 4196.324854] MESSAGE_B= 0 0 0 61 1 1 192 0 248 179 0 0 0 0 0 0 0 0 0 0 0 0 0 0 0 0 0 1 12 0 0 0 0 0 0 0 0 0 0 0 0 1 0 0 1 1 1 64578 278086 33466 38520 33220 38094 29276 32950 68672 62086 36006 35582 31616 23110 24490 12526 23428 216004 211394 32806 2073600 2073600 1 12 471288 990720 993600 120506 113516 118420 118846 12 12 12 12 22 0 0 0 0 
[ 4196.598461] MESSAGE_B= 0 0 0 62 1 1 192 0 248 179 0 0 0 0 0 0 0 0 0 0 0 0 0 0 0 0 0 1 12 0 0 0 0 0 0 0 0 0 0 0 0 1 0 0 1 1 1 87416 247098 33466 38520 33220 38094 29276 32950 68672 62086 36006 35582 31616 23110 24490 12526 23428 216004 211394 32806 2073600 2073600 1 12 470826 994560 993600 119880 113009 118766 119171 12 12 12 12 25 0 0 0 0 
[ 4196.874842] MESSAGE_B= 0 0 0 62 1 2 192 0 248 179 0 0 0 0 0 0 0 0 0 0 0 0 0 0 0 0 0 1 12 0 0 0 0 0 0 0 0 0 0 0 0 1 0 0 1 1 2 68834 287452 47676 24074 30338 35328 50154 35466 96006 69344 47938 65718 34034 36842 49836 68524 55380 272544 161368 60986 2073600 2073600 3 12 470146 990720 993600 120560 113099 117832 118655 12 12 12 12 28 0 0 0 0 
[ 4197.150854] MESSAGE_B= 0 0 0 64 1 3 192 0 248 179 0 0 0 0 0 0 0 0 0 0 0 0 0 0 0 0 0 1 12 0 0 0 0 0 0 0 0 0 0 0 0 1 0 0 1 1 3 88170 251338 47676 24074 30338 35328 50154 35466 96006 69344 47938 65718 34034 36842 49836 68524 55380 272544 161368 60986 2073600 2073600 3 12 475900 994560 993600 122098 114374 119437 119991 12 12 12 12 39 0 0 0 0 
[ 4197.422849] MESSAGE_B= 0 0 0 63 1 4 192 0 248 179 0 0 0 0 0 0 0 0 0 0 0 0 0 0 0 0 0 1 12 0 0 0 0 0 1 0 0 0 0 0 0 1 0 0 1 1 4 74522 287944 47676 24074 30338 35328 50154 35466 96006 69344 47938 65718 34034 36842 49836 68524 55380 272544 161368 60986 2073600 2073600 3 12 470818 990720 993600 122292 113167 117430 117929 12 12 12 12 39 0 0 0 0 
[ 4197.701889] MESSAGE_B= 0 0 0 61 1 4 192 0 248 179 0 0 0 0 0 0 0 0 0 0 0 0 0 0 0 0 0 1 12 0 0 0 0 0 0 2 0 0 0 0 0 1 0 0 1 1 4 98716 252170 47676 24074 30338 35328 50154 35466 96006 69344 47938 65718 34034 36842 49836 68524 55380 272544 161368 60986 2073600 2073600 3 12 469386 994560 993600 121775 113164 117374 117073 12 12 12 12 37 0 0 0 0 
[ 4197.974842] MESSAGE_B= 0 0 0 63 1 3 192 0 248 179 0 0 0 0 0 0 0 0 0 0 0 0 0 0 0 0 0 1 12 0 0 0 0 0 0 0 0 0 0 0 0 1 0 0 1 1 3 67988 286736 47676 24074 30338 35328 50154 35466 96006 69344 47938 65718 34034 36842 49836 68524 55380 272544 161368 60986 2073600 2073600 3 12 472796 990720 993600 121682 114637 118615 117862 12 12 12 12 41 0 0 0 0 
[ 4198.126873] MESSAGE_B= 0 0 0 68 1 3 192 0 248 179 0 0 0 0 0 0 0 0 0 0 0 0 0 0 0 0 0 1 12 0 0 0 0 0 0 0 0 0 0 0 0 1 0 0 1 1 3 106718 270600 47676 24074 30338 35328 50154 35466 96006 69344 47938 65718 34034 36842 49836 68524 55380 272544 161368 60986 2073600 2073600 3 12 474592 994560 993600 121329 115213 119498 118552 12 12 12 12 41 0 0 0 0 
[ 4198.401847] MESSAGE_B= 0 0 0 74 1 2 192 0 248 179 0 0 0 0 0 0 0 0 0 0 0 0 0 0 0 0 0 1 12 0 0 0 0 0 0 0 0 0 0 0 0 1 0 0 1 1 2 72604 291926 47676 24074 30338 35328 50154 35466 96006 69344 47938 65718 34034 36842 49836 68524 55380 272544 161368 60986 2073600 2073600 3 12 479094 990720 993600 121278 116199 120946 120671 12 12 12 12 37 0 0 0 0 
[ 4198.674856] MESSAGE_B= 0 0 0 74 1 3 192 0 248 179 0 0 0 0 0 0 0 0 0 0 0 0 0 0 0 0 0 1 12 0 0 0 0 0 0 0 0 0 0 0 0 1 0 0 1 1 3 94644 253894 47676 24074 30338 35328 50154 35466 96006 69344 47938 65718 34034 36842 49836 68524 55380 272544 161368 60986 2073600 2073600 3 12 487217 994560 993600 124128 120009 121564 121516 12 12 12 12 33 0 0 0 0 
[ 4198.955840] MESSAGE_B= 0 0 0 73 1 1 192 0 248 179 0 0 0 0 0 1776 0 176 0 0 0 0 0 0 0 0 0 1 12 0 0 0 0 0 0 0 0 0 0 0 0 1 0 0 1 1 1 60340 291474 47676 24074 30338 35328 50154 35466 96006 69344 47938 65718 34034 36842 49836 68524 55380 272544 161368 60986 2073600 2073600 1 12 490447 990720 993600 124207 120425 123472 122343 12 12 12 12 29 0 0 0 0 
[ 4199.230863] MESSAGE_B= 0 0 0 72 1 0 192 0 248 179 0 0 0 0 0 1563 0 153 0 0 0 0 0 0 0 0 0 1 12 0 0 0 0 0 0 0 0 0 0 0 0 1 0 0 1 1 0 96390 242746 69322 27410 20742 48154 25746 19580 71404 75318 59694 68442 11174 29454 71636 69594 64276 294300 255872 71258 2073600 2073600 2 12 495063 994560 993600 124753 121360 124457 124493 12 12 12 12 24 0 0 0 0 
[ 4199.504843] MESSAGE_B= 0 0 0 71 1 0 192 0 248 179 0 0 0 0 0 1788 0 153 0 0 0 0 0 0 0 0 0 1 12 0 0 0 0 0 0 0 0 0 0 0 0 1 0 0 1 1 0 63656 285512 69322 27410 20742 48154 25746 19580 71404 75318 59694 68442 11174 29454 71636 69594 64276 294300 255872 71258 2073600 2073600 2 12 496062 990720 993600 124716 121696 124782 124868 12 12 12 12 16 0 0 0 0 
[ 4199.785129] MESSAGE_B= 0 0 0 71 1 0 192 0 248 179 0 0 0 0 0 1739 0 168 0 0 0 0 0 0 0 0 0 1 12 0 0 0 0 0 0 0 0 0 0 0 0 1 0 0 0 1 0 92318 190230 69322 27410 20742 48154 25746 19580 71404 75318 59694 68442 11174 29454 71636 69594 64276 294300 255872 71258 2073600 2073600 2 12 496070 994560 993600 124782 121712 124759 124817 12 12 12 12 9 0 0 0 0 
[ 4200.057841] MESSAGE_B= 0 0 0 71 1 0 192 0 248 179 0 0 0 0 0 1730 0 154 0 0 0 0 0 0 0 0 0 1 12 0 0 0 0 0 0 0 0 0 0 0 0 1 0 0 1 1 0 59170 214522 69322 27410 20742 48154 25746 19580 71404 75318 59694 68442 11174 29454 71636 69594 64276 294300 255872 71258 2073600 2073600 2 12 496187 990720 993600 124789 121743 124811 124844 12 12 12 12 15 0 0 0 0 
[ 4200.216857] MESSAGE_B= 0 0 0 71 1 0 192 0 248 179 0 0 0 0 0 1758 0 155 0 0 0 0 0 0 0 0 0 1 12 0 0 0 0 0 0 0 0 0 0 0 0 1 0 0 1 1 0 96334 173836 69322 27410 20742 48154 25746 19580 71404 75318 59694 68442 11174 29454 71636 69594 64276 294300 255872 71258 2073600 2073600 2 12 495905 994560 993600 124658 121625 124797 124825 12 12 12 12 15 0 0 0 0 
[ 4200.489839] MESSAGE_B= 0 0 0 71 1 0 192 0 248 179 0 0 0 0 0 1784 0 168 0 0 0 0 0 0 0 0 0 1 12 0 0 0 0 0 0 0 0 0 0 0 0 1 0 0 0 1 0 59636 205908 69322 27410 20742 48154 25746 19580 71404 75318 59694 68442 11174 29454 71636 69594 64276 294300 255872 71258 2073600 2073600 2 12 495863 990720 993600 124627 121596 124799 124841 12 12 12 12 9 0 0 0 0 
[ 4200.761848] MESSAGE_B= 0 0 0 71 2 0 192 0 248 179 0 0 0 0 0 1271 0 152 0 0 0 0 0 0 0 0 0 1 12 0 0 0 0 0 0 0 0 0 0 0 0 1 0 0 1 2 0 96606 171286 69322 27410 20742 48154 25746 19580 71404 75318 59694 68442 11174 29454 71636 69594 64276 294300 255872 71258 2073600 2073600 2 12 501092 994560 993600 126526 123915 125656 124995 12 12 12 12 36 0 0 0 0 
[ 4201.033851] MESSAGE_B= 0 7 0 62 2 2 192 0 248 179 0 0 0 0 0 0 0 0 0 0 0 0 0 0 0 0 0 1 12 0 0 0 0 0 0 0 0 1 1 1 1 1 1 1 1 2 2 46196 204356 69322 27410 20742 48154 25746 19580 71404 75318 59694 68442 11174 29454 71636 69594 64276 294300 255872 71258 2073600 2073600 1 12 512416 990720 993600 128104 128104 128104 128104 12 12 12 12 61 0 0 0 0 
[ 4201.305844] MESSAGE_B= 0 7 0 220 2 3 192 0 248 179 0 0 0 0 0 0 0 0 0 0 0 0 0 0 0 0 0 1 12 0 0 0 0 0 0 0 0 1 1 1 1 1 1 1 1 2 3 0 118504 69322 27410 20742 48154 25746 19580 71404 75318 59694 68442 11174 29454 71636 69594 64276 294300 255872 71258 2073600 2073600 2 12 512416 994560 993600 128104 128104 128104 128104 12 12 12 12 61 0 0 0 0 
[ 4201.590904] MESSAGE_B= 4 7 0 171 1 5 192 0 248 179 0 0 0 0 0 0 0 0 0 0 0 0 0 0 0 0 0 1 12 0 0 0 0 0 0 0 0 1 1 1 1 1 1 1 1 1 5 0 0 2 42814 27326 46388 60938 11076 85298 66732 2 2 42294 34650 47214 81304 4280 342600 675398 2 2073600 2073600 4 12 512416 990720 993600 128104 128104 128104 128104 12 12 12 12 43 0 0 0 0 
[ 4201.865860] MESSAGE_B= 5 0 0 71 3 3 192 0 248 179 0 960 851 684 1064 672 867 778 955 110 92 80 155 56 143 63 64 0 12 94 31 255 99 18 104 0 189 2 2 2 2 2 0 1 2 3 3 92326 0 2 42814 27326 46388 60938 11076 85298 66732 2 2 42294 34650 47214 81304 4280 342600 675398 2 2073600 2073600 7 12 444223 994560 993600 109366 115951 118356 100550 12 12 12 12 43 0 0 0 0 
[ 4202.139846] MESSAGE_B= 0 0 0 75 1 3 192 0 248 179 0 1556 1087 1457 1251 1102 1193 1272 1604 448 401 376 510 375 181 345 427 0 12 79 216 18 5 3 107 201 232 0 0 2 2 2 2 2 2 1 3 234710 333168 2 42814 27326 46388 60938 11076 85298 66732 2 2 42294 34650 47214 81304 4280 342600 675398 2 2073600 2073600 3 12 345987 990720 993600 71160 89100 95088 90639 12 12 12 12 77 0 0 0 0 
[ 4202.414865] MESSAGE_B= 0 0 0 83 0 10 192 0 248 179 0 2148 1873 2113 1735 1190 1766 1305 1297 414 514 415 560 374 491 199 578 0 12 69 30 124 15 107 205 155 160 0 0 2 0 2 2 2 2 0 10 159294 420828 2 42814 27326 46388 60938 11076 85298 66732 2 2 42294 34650 47214 81304 4280 342600 675398 2 2073600 2073600 3 12 285458 994560 993600 52985 62932 70051 99490 12 12 12 12 90 4 0 0 0 
[ 4202.689863] MESSAGE_B= 0 0 0 82 0 3 192 0 248 179 0 1742 2212 2236 1679 885 2696 1125 1099 247 255 704 618 268 216 293 148 0 12 99 31 192 10 66 55 210 74 0 2 2 0 2 2 2 2 0 3 382254 512440 2 42814 27326 46388 60938 11076 85298 66732 2 2 42294 34650 47214 81304 4280 342600 675398 2 2073600 2073600 3 12 259170 990720 993600 36719 70102 58281 94068 12 12 12 12 120 0 0 0 0 
[ 4202.965868] MESSAGE_B= 0 0 0 84 0 3 192 0 248 179 0 1776 2215 2199 1393 2188 2881 1662 818 211 759 886 687 98 401 652 248 0 31 144 156 8 39 185 156 130 3 0 0 2 0 2 2 2 2 0 3 274406 624340 2 42814 27326 46388 60938 11076 85298 66732 2 2 42294 34650 47214 81304 4280 342600 675398 2 2073600 2073600 3 12 245389 994560 993600 42358 60416 48264 94351 12 12 12 12 120 4 0 0 0 
[ 4203.243859] MESSAGE_B= 0 0 0 89 1 3 192 0 248 179 0 1307 1791 1170 956 1802 1309 679 586 973 1131 1015 630 1034 808 486 468 0 31 223 228 152 185 96 65 66 121 0 0 0 0 0 0 0 0 1 3 438512 563148 2 42814 27326 46388 60938 11076 85298 66732 2 2 42294 34650 47214 81304 4280 342600 675398 2 2073600 2073600 3 12 197896 990720 993600 47910 48236 38343 63407 12 12 12 12 129 4 4 0 0 
[ 4203.524869] MESSAGE_B= 0 0 0 85 0 3 192 0 248 179 0 1519 1313 1429 1065 955 721 765 1455 1029 988 906 778 593 581 549 1026 0 31 212 210 166 39 43 92 120 171 0 0 0 0 0 0 0 0 0 3 240836 657678 2 42814 27326 46388 60938 11076 85298 66732 2 2 42294 34650 47214 81304 4280 342600 675398 2 2073600 2073600 3 12 180402 994560 993600 39631 47630 48658 44483 12 12 12 12 129 4 0 0 0 
[ 4203.678890] MESSAGE_B= 0 0 0 81 1 3 192 0 248 179 0 1015 1846 1686 1719 592 781 779 1509 965 1055 1097 1200 384 620 449 1068 0 31 108 208 206 42 37 189 39 127 0 0 0 0 0 0 0 0 1 3 323884 559458 2 42814 27326 46388 60938 11076 85298 66732 2 2 42294 34650 47214 81304 4280 342600 675398 2 2073600 2073600 3 12 181912 990720 993600 41851 40544 58564 40953 12 12 12 12 130 4 0 0 0 
[ 4203.954846] MESSAGE_B= 0 7 0 84 1 3 192 0 248 179 0 1544 1951 1973 1504 607 1019 1184 285 889 1193 1411 1049 472 587 737 162 0 31 201 238 105 246 181 55 104 23 0 0 0 0 0 0 0 0 1 3 246840 745116 636722 26002 13914 343918 404678 654912 613840 588452 523312 387038 23222 121718 341990 396802 726540 340008 467626 332264 2073600 2073600 3 12 196408 994560 993600 32032 42575 49746 72055 12 12 12 12 130 4 4 20 20 
[ 4204.247851] MESSAGE_B= 0 0 0 99 1 3 192 0 248 179 0 1904 2639 1548 1627 1927 1396 361 1011 1149 1507 1056 1029 1082 822 291 619 0 31 221 222 166 225 48 5 5 56 0 0 0 0 0 0 0 0 1 3 271132 631502 636722 26002 13914 343918 404678 654912 613840 588452 523312 387038 23222 121718 341990 396802 726540 340008 467626 332264 2073600 2073600 3 12 194898 990720 993600 39799 35048 37894 89535 0 12 12 12 133 4 4 0 0 
[ 4204.525859] MESSAGE_B= 0 7 0 103 1 2 192 0 248 179 0 2153 1818 1792 1570 1635 502 866 1816 1339 1176 1119 966 1025 403 547 1115 0 31 215 214 200 162 54 21 95 152 0 0 0 0 0 0 0 0 1 2 267420 625682 636722 26002 13914 343918 404678 654912 613840 588452 523312 387038 23222 121718 341990 396802 726540 340008 467626 332264 2073600 2073600 3 12 191369 994560 993600 44302 35045 61743 58864 0 12 12 12 143 4 4 20 20 
[ 4204.804854] MESSAGE_B= 0 0 0 96 1 2 192 0 248 179 0 1934 1638 1622 1688 587 479 1571 1729 1292 983 994 1166 387 467 991 1159 0 31 206 180 182 108 22 129 9 51 0 0 0 0 0 0 0 0 1 2 309430 692824 636722 26002 13914 343918 404678 654912 613840 588452 523312 387038 23222 121718 341990 396802 726540 340008 467626 332264 2073600 2073600 3 12 205928 990720 993600 34917 38080 92554 51110 12 12 12 0 143 4 4 0 0 
[ 4205.083846] MESSAGE_B= 0 0 0 99 1 3 192 0 248 179 0 1383 1738 1578 1327 300 898 1804 1624 930 1052 934 893 185 592 1096 1008 0 31 225 163 191 157 48 117 31 50 0 0 0 0 0 0 0 0 1 3 228518 503906 636722 26002 13914 343918 404678 654912 613840 588452 523312 387038 23222 121718 341990 396802 726540 340008 467626 332264 2073600 2073600 3 12 215597 994560 993600 37331 39539 98541 48346 12 12 12 0 135 4 0 0 0 
[ 4205.369849] MESSAGE_B= 0 0 0 102 1 2 192 0 248 179 0 1071 1759 1853 1054 270 1152 1752 1365 689 1091 1108 651 168 716 1077 857 0 31 236 167 181 157 58 124 14 61 0 0 0 0 0 0 0 0 1 2 573694 679418 636722 26002 13914 343918 404678 654912 613840 588452 523312 387038 23222 121718 341990 396802 726540 340008 467626 332264 2073600 2073600 3 12 221079 990720 993600 40103 43220 94737 48382 12 12 12 0 103 4 0 0 0 
[ 4205.528850] MESSAGE_B= 0 0 0 101 1 2 192 0 248 179 0 1082 1789 1868 1057 271 1123 1769 1401 703 1131 1097 648 170 694 1080 887 0 31 221 161 181 158 65 134 27 63 0 0 0 0 0 0 0 0 1 2 258080 534216 636722 26002 13914 343918 404678 654912 613840 588452 523312 387038 23222 121718 341990 396802 726540 340008 467626 332264 2073600 2073600 3 12 219274 994560 993600 40005 43378 94341 48373 12 12 12 0 47 4 0 0 0 
[ 4205.808865] MESSAGE_B= 0 0 0 101 1 1 192 0 248 179 0 1130 1842 1879 1039 278 1106 1630 1496 755 1155 1107 656 173 708 998 956 0 31 218 155 187 151 60 152 67 75 0 0 0 0 0 0 0 0 1 1 443904 600806 636722 26002 13914 343918 404678 654912 613840 588452 523312 387038 23222 121718 341990 396802 726540 340008 467626 332264 2073600 2073600 1 12 215704 990720 993600 39004 43291 93876 48734 12 12 12 0 47 4 0 0 0 
