[ 7589.588149] MESSAGE_B= 4 4 0 1 31 1 192 0 248 179 0 1662 1629 1590 1550 2347 1213 2261 1143 113 268 113 306 628 190 698 209 0 5 228 249 253 241 71 133 97 159 0 2 0 0 0 2 0 2 31 1 67962 636208 2 186898 46230 102040 99022 162924 133652 247402 2 2 118166 140526 151826 145150 140100 19690 43896 2 2073600 2073600 4 5 246527 994560 993600 73752 80122 43102 49551 5 5 5 5 45 4 4 4 4 
[ 7589.867849] MESSAGE_B= 4 4 0 1 33 1 192 0 248 179 0 1812 1770 1738 1706 2505 1319 2428 1244 107 252 122 306 651 204 729 230 0 5 234 249 253 243 21 90 36 125 0 2 0 0 0 2 0 2 33 1 118150 625282 899396 164046 2 2 2 2 1033968 390624 1002998 86198 13266 2 2 2 2 172118 277402 123444 2073600 2073600 4 5 241261 990720 993600 71743 78030 42835 48653 5 5 5 5 45 4 4 4 4 
[ 7590.024855] MESSAGE_B= 4 4 4 1 32 1 192 0 248 179 0 1796 1728 1726 1683 2507 1311 2407 1242 117 246 125 319 647 216 732 237 0 5 228 250 252 243 61 113 48 135 0 2 0 0 0 2 0 2 32 1 80348 636530 899396 164046 2 2 2 2 1033968 390624 1002998 86198 13266 2 2 2 2 172118 277402 123444 2073600 2073600 4 5 246577 994560 993600 73898 80210 43301 49168 5 5 5 5 45 4 4 4 4 
[ 7590.298861] MESSAGE_B= 4 4 4 1 35 1 192 0 248 179 0 1812 1763 1741 1669 2526 1329 2449 1260 104 254 113 310 640 212 715 241 0 5 221 249 253 245 92 128 49 143 0 2 0 0 0 2 0 2 35 1 125358 639500 899396 164046 2 2 2 2 1033968 390624 1002998 86198 13266 2 2 2 2 172118 277402 123444 2073600 2073600 4 5 242511 990720 993600 72126 79697 41616 49072 5 5 5 5 35 4 4 4 4 
[ 7590.576853] MESSAGE_B= 4 4 4 1 31 1 192 0 248 179 0 1841 1774 1773 1699 2473 1311 2404 1242 113 244 114 283 648 204 730 225 0 5 225 247 253 243 89 74 89 98 0 2 0 0 0 2 0 2 31 1 89266 648660 899396 164046 2 2 2 2 1033968 390624 1002998 86198 13266 2 2 2 2 172118 277402 123444 2073600 2073600 4 5 237960 994560 993600 72649 78450 39816 47045 5 5 5 5 35 4 4 4 4 
[ 7590.852066] MESSAGE_B= 4 4 4 1 34 1 192 0 248 179 0 1849 1782 1779 1717 2440 1284 2387 1224 105 256 124 321 664 200 727 222 0 5 230 249 252 239 60 96 29 108 0 2 0 0 0 2 0 2 34 1 117802 631042 899396 164046 2 2 2 2 1033968 390624 1002998 86198 13266 2 2 2 2 172118 277402 123444 2073600 2073600 4 5 240853 990720 993600 72577 78724 40857 48695 5 5 5 5 33 4 4 4 4 
[ 7591.125848] MESSAGE_B= 4 4 4 1 34 1 192 0 248 179 0 1840 1747 1783 1691 2395 1298 2350 1235 133 269 139 321 690 206 747 226 0 5 232 250 251 243 55 92 36 119 0 2 0 0 0 2 0 2 34 1 74024 666504 899396 164046 2 2 2 2 1033968 390624 1002998 86198 13266 2 2 2 2 172118 277402 123444 2073600 2073600 4 5 243790 994560 993600 74065 79749 40939 49037 5 5 5 5 34 4 4 4 4 
[ 7591.402854] MESSAGE_B= 4 4 4 1 36 1 192 0 248 179 0 1854 1873 1793 1785 2399 1281 2366 1206 131 344 142 392 705 198 753 212 0 5 237 234 250 242 45 69 14 68 0 0 0 0 0 2 0 2 36 1 130638 613724 899396 164046 2 2 2 2 1033968 390624 1002998 86198 13266 2 2 2 2 172118 277402 123444 2073600 2073600 4 5 235908 990720 993600 71758 77127 39559 47464 5 5 5 5 34 4 4 4 4 
[ 7591.679856] MESSAGE_B= 4 4 4 1 35 1 192 0 248 179 0 1875 1898 1804 1822 2384 1268 2363 1202 122 354 130 412 673 193 708 205 0 5 239 241 250 239 26 94 15 95 0 0 0 0 0 2 0 2 35 1 68938 665644 899396 164046 2 2 2 2 1033968 390624 1002998 86198 13266 2 2 2 2 172118 277402 123444 2073600 2073600 4 5 233757 994560 993600 69723 76218 40015 47801 5 5 5 5 33 4 4 4 4 
[ 7591.954846] MESSAGE_B= 4 4 4 1 33 1 192 0 248 179 0 1884 1869 1814 1794 2411 1308 2418 1239 99 365 108 410 655 205 679 228 0 5 227 249 248 242 11 111 11 114 0 0 0 0 0 2 0 2 33 1 134766 665564 899396 164046 2 2 2 2 1033968 390624 1002998 86198 13266 2 2 2 2 172118 277402 123444 2073600 2073600 4 5 237421 990720 993600 69629 76669 41630 49493 5 5 5 5 33 4 4 4 4 
[ 7592.235696] MESSAGE_B= 4 4 4 1 41 1 192 0 248 179 0 1865 1828 1803 1772 2494 1287 2480 1216 91 289 97 365 602 197 636 219 0 5 215 238 251 241 9 110 43 116 0 0 0 0 0 2 0 2 41 1 79956 666008 944214 974414 1022004 923642 1097682 874430 941098 447918 1087862 101264 99478 116452 81402 132874 161488 216218 290426 137534 2073600 2073600 4 5 244376 994560 993600 72592 78107 42676 51001 5 5 5 5 33 4 4 4 4 
[ 7592.517867] MESSAGE_B= 4 4 4 1 37 1 192 0 248 179 0 1875 1840 1818 1782 2501 1309 2517 1251 87 307 104 365 572 205 594 231 0 5 229 247 247 242 27 139 43 168 0 0 0 0 0 2 0 2 37 1 134414 655482 944214 974414 1022004 923642 1097682 874430 941098 447918 1087862 101264 99478 116452 81402 132874 161488 216218 290426 137534 2073600 2073600 4 5 245170 990720 993600 72136 77397 44039 51598 5 5 5 5 33 4 4 4 4 
[ 7592.795865] MESSAGE_B= 4 4 4 1 37 1 192 0 248 179 0 1888 1844 1828 1757 2499 1321 2487 1254 89 312 107 366 576 206 610 239 0 5 226 245 249 242 1 163 18 169 0 0 0 0 0 2 0 2 37 1 72574 657978 944214 974414 1022004 923642 1097682 874430 941098 447918 1087862 101264 99478 116452 81402 132874 161488 216218 290426 137534 2073600 2073600 4 5 241660 994560 993600 70591 76406 43845 50818 5 5 5 5 32 4 4 4 4 
[ 7592.951857] MESSAGE_B= 4 4 4 1 34 1 192 0 248 179 0 1893 1769 1832 1677 2466 1326 2457 1263 109 257 118 280 572 194 622 224 0 5 231 239 252 241 2 125 25 166 0 2 0 0 0 2 0 2 34 1 144674 655980 944214 974414 1022004 923642 1097682 874430 941098 447918 1087862 101264 99478 116452 81402 132874 161488 216218 290426 137534 2073600 2073600 4 5 238259 990720 993600 70260 75888 42442 49669 5 5 5 5 31 4 4 4 4 
[ 7593.233276] MESSAGE_B= 4 4 4 1 39 1 192 0 248 179 0 1884 1762 1823 1680 2492 1304 2482 1241 124 256 120 284 600 202 646 225 0 5 218 242 251 242 49 136 6 191 0 2 0 0 0 2 0 2 39 1 68236 650886 944214 974414 1022004 923642 1097682 874430 941098 447918 1087862 101264 99478 116452 81402 132874 161488 216218 290426 137534 2073600 2073600 4 5 243662 994560 993600 71795 77218 43794 50855 5 5 5 5 32 4 4 4 4 
[ 7593.510859] MESSAGE_B= 4 4 4 1 36 1 192 0 248 179 0 1890 1789 1838 1688 2488 1328 2473 1263 122 296 122 315 554 211 577 242 0 5 227 244 251 244 41 166 13 199 0 2 0 0 0 2 0 2 36 1 132948 649376 944214 974414 1022004 923642 1097682 874430 941098 447918 1087862 101264 99478 116452 81402 132874 161488 216218 290426 137534 2073600 2073600 4 5 237418 990720 993600 69535 74675 42785 50423 5 5 5 5 32 4 4 4 4 
[ 7593.790558] MESSAGE_B= 4 4 4 0 39 1 192 0 248 179 0 1886 1742 1832 1655 2522 1319 2528 1257 129 264 144 298 526 201 546 228 0 5 238 242 251 240 32 111 8 161 0 2 0 0 0 2 0 2 39 1 65038 647804 944214 974414 1022004 923642 1097682 874430 941098 447918 1087862 101264 99478 116452 81402 132874 161488 216218 290426 137534 2073600 2073600 4 5 239511 994560 993600 69711 75503 42908 51389 5 5 5 5 32 4 4 4 4 
[ 7594.067847] MESSAGE_B= 4 4 4 1 31 1 192 0 248 179 0 1885 1769 1827 1646 2484 1312 2491 1253 155 254 154 264 556 190 568 211 0 5 241 236 250 238 59 130 41 153 0 2 0 0 0 2 0 2 31 1 135178 631678 944214 974414 1022004 923642 1097682 874430 941098 447918 1087862 101264 99478 116452 81402 132874 161488 216218 290426 137534 2073600 2073600 4 5 238868 990720 993600 69351 75383 43174 50960 5 5 5 5 30 4 4 4 4 
[ 7594.351400] MESSAGE_B= 4 4 4 1 36 1 192 0 248 179 0 1884 1784 1826 1676 2457 1322 2472 1255 158 315 167 325 526 207 540 230 0 5 244 248 245 242 53 132 33 184 0 2 0 0 0 2 0 2 36 1 73794 660682 944214 974414 1022004 923642 1097682 874430 941098 447918 1087862 101264 99478 116452 81402 132874 161488 216218 290426 137534 2073600 2073600 4 5 239923 994560 993600 69790 76254 42983 50896 5 5 5 5 30 4 4 4 4 
[ 7594.631566] MESSAGE_B= 4 4 4 1 33 1 192 0 248 179 0 1859 1814 1794 1723 2428 1307 2417 1250 166 289 168 323 588 196 586 220 0 5 244 248 242 241 58 148 30 178 0 0 0 0 0 2 0 2 33 1 128390 642902 881806 980496 1075764 937440 1109102 881152 934602 471178 1040026 92260 95322 125968 96940 124002 186106 218114 276228 160304 2073600 2073600 4 5 245869 990720 993600 72511 78199 43866 51293 5 5 5 5 32 4 4 4 4 
[ 7594.910846] MESSAGE_B= 4 4 4 1 23 1 192 0 248 179 0 2550 2234 2620 2255 1894 1950 1858 1862 264 268 263 269 265 488 270 484 0 6 246 238 225 250 68 198 182 194 2 2 0 0 2 2 2 2 23 1 83868 660802 881806 980496 1075764 937440 1109102 881152 934602 471178 1040026 92260 95322 125968 96940 124002 186106 218114 276228 160304 2073600 2073600 4 6 285951 994560 993600 88435 90913 55337 51266 6 6 6 6 34 4 4 4 4 
[ 7595.188847] MESSAGE_B= 4 4 4 1 24 1 192 0 248 179 0 2571 2338 2639 2344 1973 1915 1937 1841 250 288 262 249 263 575 272 557 0 6 248 239 216 253 48 153 155 169 0 2 0 0 2 2 2 2 24 1 147022 665288 881806 980496 1075764 937440 1109102 881152 934602 471178 1040026 92260 95322 125968 96940 124002 186106 218114 276228 160304 2073600 2073600 4 6 283840 990720 993600 88386 90927 54494 50033 6 6 6 6 34 4 4 4 4 
[ 7595.466850] MESSAGE_B= 4 4 4 1 20 1 192 0 248 179 0 2567 2439 2639 2428 1926 1885 1896 1785 249 332 247 302 237 539 238 525 0 6 246 226 216 251 67 78 145 76 0 0 0 0 2 2 2 2 20 1 74842 815928 881806 980496 1075764 937440 1109102 881152 934602 471178 1040026 92260 95322 125968 96940 124002 186106 218114 276228 160304 2073600 2073600 4 6 276354 994560 993600 84854 89276 53556 48668 6 6 6 6 34 4 4 4 4 
[ 7595.745710] MESSAGE_B= 4 4 4 2 20 1 192 0 248 179 0 2538 2674 2602 2675 1986 1860 1951 1785 250 319 259 337 222 545 241 548 0 6 247 241 210 251 7 17 135 13 0 2 0 0 2 2 2 2 20 1 147656 667846 881806 980496 1075764 937440 1109102 881152 934602 471178 1040026 92260 95322 125968 96940 124002 186106 218114 276228 160304 2073600 2073600 4 6 274383 990720 993600 83191 88916 53854 48422 6 6 6 6 35 4 4 4 4 
[ 7596.022859] MESSAGE_B= 4 4 4 2 21 1 192 0 248 179 0 2539 2599 2601 2582 1959 1823 1926 1761 245 384 261 401 215 560 218 586 0 6 249 239 206 253 13 42 64 35 0 0 0 0 2 0 2 2 21 1 86464 800402 881806 980496 1075764 937440 1109102 881152 934602 471178 1040026 92260 95322 125968 96940 124002 186106 218114 276228 160304 2073600 2073600 4 6 250422 994560 993600 74996 80543 50598 44285 6 6 6 6 35 4 4 4 4 
[ 7596.181846] MESSAGE_B= 4 4 4 2 23 1 192 0 248 179 0 2488 2213 2428 2216 1959 1851 1913 1808 256 617 413 582 197 591 217 607 0 6 236 246 206 253 62 7 95 2 0 0 0 0 2 0 2 2 23 1 140486 575016 881806 980496 1075764 937440 1109102 881152 934602 471178 1040026 92260 95322 125968 96940 124002 186106 218114 276228 160304 2073600 2073600 4 6 257136 990720 993600 76175 83622 51477 45862 6 6 6 6 35 4 4 4 4 
[ 7596.459861] MESSAGE_B= 4 4 4 2 24 1 192 0 248 179 0 2204 2173 1975 2201 1913 1842 1864 1779 501 675 732 563 264 605 274 633 0 6 241 243 232 253 73 54 33 75 0 0 0 0 0 2 2 2 24 1 102742 756532 881806 980496 1075764 937440 1109102 881152 934602 471178 1040026 92260 95322 125968 96940 124002 186106 218114 276228 160304 2073600 2073600 4 6 254779 994560 993600 79116 84107 49413 42143 6 6 6 6 39 4 4 4 4 
[ 7596.739733] MESSAGE_B= 4 4 4 4 25 2 192 0 248 179 0 2284 2396 2185 2491 1854 1796 1781 1758 507 431 662 459 300 546 340 575 0 6 251 221 236 252 103 91 81 46 0 0 0 0 0 2 2 2 25 2 121122 547372 881806 980496 1075764 937440 1109102 881152 934602 471178 1040026 92260 95322 125968 96940 124002 186106 218114 276228 160304 2073600 2073600 4 6 254153 990720 993600 79791 83728 48610 42024 6 6 6 6 39 4 4 4 4 
[ 7597.017856] MESSAGE_B= 4 4 4 2 26 2 192 0 248 179 0 2565 2558 2629 2506 1853 1849 1785 1794 201 426 229 227 343 520 377 542 0 6 230 165 243 251 43 16 45 80 0 0 0 0 0 2 2 2 26 2 87126 773750 1059804 974214 1465746 1217060 1429394 1076712 811526 1041422 1105630 105280 66788 82244 111694 197052 169396 79522 338372 160224 2073600 2073600 4 6 259142 994560 993600 83095 85674 48282 42091 6 6 6 6 39 4 4 4 4 
[ 7597.299871] MESSAGE_B= 4 4 4 3 25 2 192 0 248 179 0 2839 2690 2945 2521 1842 1919 1772 1895 437 365 486 246 383 579 416 587 0 6 244 174 243 252 61 20 56 60 0 0 0 0 0 2 0 2 25 2 132206 571670 1059804 974214 1465746 1217060 1429394 1076712 811526 1041422 1105630 105280 66788 82244 111694 197052 169396 79522 338372 160224 2073600 2073600 4 6 255103 990720 993600 81627 82071 48414 42991 6 6 6 6 41 4 4 4 4 
[ 7597.579847] MESSAGE_B= 4 4 4 3 26 2 192 0 248 179 0 2733 2818 2783 2702 1803 1904 1735 1927 498 338 518 244 420 518 450 565 0 6 249 194 246 252 10 61 11 50 0 0 0 0 0 2 0 2 26 2 106956 780498 1059804 974214 1465746 1217060 1429394 1076712 811526 1041422 1105630 105280 66788 82244 111694 197052 169396 79522 338372 160224 2073600 2073600 4 6 251975 994560 993600 77985 77713 50362 45915 6 6 6 6 41 4 4 4 4 
[ 7597.867861] MESSAGE_B= 4 4 4 4 26 1 192 0 248 179 0 2752 2980 2828 2846 1851 1978 1805 1956 395 481 414 408 343 554 377 596 0 6 245 195 241 253 109 43 97 35 0 0 0 0 0 2 0 2 26 1 109726 661300 1059804 974214 1465746 1217060 1429394 1076712 811526 1041422 1105630 105280 66788 82244 111694 197052 169396 79522 338372 160224 2073600 2073600 4 6 238262 990720 993600 71553 72385 49233 45091 6 6 6 6 49 4 4 4 4 
[ 7598.147854] MESSAGE_B= 4 4 4 4 23 2 192 0 248 179 0 2915 3244 3014 3113 1819 1958 1762 1951 334 553 364 529 378 586 401 597 0 6 245 220 244 253 82 38 74 1 0 0 0 0 0 2 0 2 23 2 86384 649546 1059804 974214 1465746 1217060 1429394 1076712 811526 1041422 1105630 105280 66788 82244 111694 197052 169396 79522 338372 160224 2073600 2073600 4 6 251326 994560 993600 73981 75702 52883 48760 6 6 6 6 49 4 4 4 4 
[ 7598.425053] MESSAGE_B= 4 4 4 6 21 2 192 0 248 179 0 3061 2970 3122 2769 1868 1890 1778 1875 437 532 448 491 387 559 392 575 0 6 251 238 244 253 39 13 15 7 0 0 0 0 0 2 0 2 21 2 116358 640430 1059804 974214 1465746 1217060 1429394 1076712 811526 1041422 1105630 105280 66788 82244 111694 197052 169396 79522 338372 160224 2073600 2073600 4 6 238303 990720 993600 70757 70717 51165 45664 6 6 6 6 39 4 4 4 4 
[ 7598.702846] MESSAGE_B= 4 4 4 7 24 2 192 0 248 179 0 3152 2860 3208 2660 1813 1845 1717 1845 511 594 520 616 363 546 364 547 0 6 253 237 243 252 137 48 123 36 0 0 0 0 0 0 0 2 24 2 147268 678948 1059804 974214 1465746 1217060 1429394 1076712 811526 1041422 1105630 105280 66788 82244 111694 197052 169396 79522 338372 160224 2073600 2073600 4 6 227004 994560 993600 65391 65426 50843 45344 6 6 6 6 42 4 4 4 4 
[ 7598.859853] MESSAGE_B= 4 4 4 8 21 2 192 0 248 179 0 2692 2136 2740 2070 1583 1562 1496 1550 375 267 419 290 273 380 271 410 0 31 254 255 240 254 44 211 68 213 0 0 0 0 0 0 0 0 21 2 115584 699142 1059804 974214 1465746 1217060 1429394 1076712 811526 1041422 1105630 105280 66788 82244 111694 197052 169396 79522 338372 160224 2073600 2073600 4 6 215442 990720 993600 58407 59832 51281 45922 6 6 6 6 42 4 4 4 4 
[ 7599.146845] MESSAGE_B= 4 4 4 17 23 1 192 0 248 179 0 2726 2320 2769 2251 1547 1584 1465 1570 575 297 645 275 279 369 286 397 0 31 254 252 241 254 48 199 70 204 0 0 0 0 0 0 0 0 23 1 100914 628456 1059804 974214 1465746 1217060 1429394 1076712 811526 1041422 1105630 105280 66788 82244 111694 197052 169396 79522 338372 160224 2073600 2073600 4 6 206721 994560 993600 50886 51236 54563 50036 6 6 6 6 45 4 4 4 4 
[ 7599.429848] MESSAGE_B= 4 4 4 11 21 1 192 0 248 179 0 2728 2275 2764 2255 1512 1559 1434 1543 500 266 567 263 257 390 278 422 0 31 254 252 241 254 116 221 132 218 0 0 0 0 0 0 0 0 21 1 121236 568676 1024798 1144358 1368252 1043328 1240804 943978 767664 837090 969400 132958 35990 116550 128794 135606 233608 114108 332440 165858 2073600 2073600 4 6 223330 990720 993600 60123 57611 55522 50074 6 6 6 6 49 4 4 4 4 
[ 7599.713860] MESSAGE_B= 4 4 4 8 24 1 192 0 248 179 0 2958 2697 3007 2575 1744 1907 1678 1892 627 464 653 405 241 487 280 485 0 6 254 211 223 249 30 92 51 34 0 2 0 0 0 2 0 2 24 1 105270 711058 1024798 1144358 1368252 1043328 1240804 943978 767664 837090 969400 132958 35990 116550 128794 135606 233608 114108 332440 165858 2073600 2073600 4 6 259722 994560 993600 75106 72215 58934 53467 6 6 6 6 49 4 4 4 4 
[ 7599.994847] MESSAGE_B= 4 4 4 8 21 1 192 0 248 179 0 3010 2557 3036 2429 1765 1908 1699 1875 576 362 581 301 236 519 261 530 0 6 253 181 218 251 0 9 47 59 0 0 0 0 0 2 0 2 21 1 149890 683572 1024798 1144358 1368252 1043328 1240804 943978 767664 837090 969400 132958 35990 116550 128794 135606 233608 114108 332440 165858 2073600 2073600 4 6 270682 990720 993600 79448 77670 59571 53993 6 6 6 6 39 4 4 4 4 
[ 7600.273851] MESSAGE_B= 4 4 4 3 21 1 192 0 248 179 0 2500 1939 2583 1869 1679 1896 1618 1863 243 513 292 500 251 531 280 546 0 6 228 239 229 251 60 195 110 207 0 0 0 0 0 2 0 2 21 1 119556 748104 1024798 1144358 1368252 1043328 1240804 943978 767664 837090 969400 132958 35990 116550 128794 135606 233608 114108 332440 165858 2073600 2073600 4 6 274174 994560 993600 83027 81091 57899 52157 6 6 6 6 39 4 4 4 4 
[ 7600.430960] MESSAGE_B= 4 4 4 4 21 1 192 0 248 179 0 2420 1710 2474 1702 1703 1855 1642 1833 289 564 349 532 248 525 268 574 0 6 230 248 224 251 82 202 127 204 0 0 0 0 0 2 0 2 21 1 159914 646252 1024798 1144358 1368252 1043328 1240804 943978 767664 837090 969400 132958 35990 116550 128794 135606 233608 114108 332440 165858 2073600 2073600 4 6 274572 990720 993600 83387 80789 58432 51964 6 6 6 6 36 4 4 4 4 
[ 7600.711863] MESSAGE_B= 4 4 4 3 21 1 192 0 248 179 0 2355 1500 2418 1471 1734 1862 1688 1816 269 605 288 612 252 474 272 502 0 6 236 240 222 249 20 185 68 176 0 0 0 0 0 2 0 2 21 1 168922 660936 1024798 1144358 1368252 1043328 1240804 943978 767664 837090 969400 132958 35990 116550 128794 135606 233608 114108 332440 165858 2073600 2073600 4 6 296538 994560 993600 88501 87679 62474 57884 6 6 6 6 33 4 4 4 4 
[ 7600.991847] MESSAGE_B= 4 4 4 3 23 1 192 0 248 179 0 2275 1463 2329 1456 1712 1860 1665 1797 232 581 252 545 246 379 266 413 0 6 235 234 217 247 15 43 27 34 0 0 0 0 0 2 2 2 23 1 169406 689938 1024798 1144358 1368252 1043328 1240804 943978 767664 837090 969400 132958 35990 116550 128794 135606 233608 114108 332440 165858 2073600 2073600 4 6 302889 990720 993600 91605 90572 62547 58165 6 6 6 6 30 4 4 4 4 
[ 7601.271848] MESSAGE_B= 4 4 4 2 25 1 192 0 248 179 0 2316 1888 2418 2047 1822 1908 1816 1874 222 399 224 256 245 397 251 406 0 6 250 216 222 248 129 164 186 92 0 0 0 0 2 2 2 2 25 1 188602 651696 1024798 1144358 1368252 1043328 1240804 943978 767664 837090 969400 132958 35990 116550 128794 135606 233608 114108 332440 165858 2073600 2073600 4 6 304107 994560 993600 94916 93478 60276 55437 6 6 6 6 30 4 4 4 4 
[ 7601.554091] MESSAGE_B= 4 4 4 1 25 1 192 0 248 179 0 2426 2199 2564 2271 1937 1904 1990 1914 248 158 251 157 294 435 315 459 0 6 247 177 232 249 100 78 153 125 0 2 0 0 2 2 2 2 25 1 133812 622438 1024798 1144358 1368252 1043328 1240804 943978 767664 837090 969400 132958 35990 116550 128794 135606 233608 114108 332440 165858 2073600 2073600 4 6 291828 990720 993600 91173 86123 60163 54369 6 6 6 6 30 4 4 4 4 
[ 7601.831866] MESSAGE_B= 4 4 4 1 23 1 192 0 248 179 0 2559 2297 2776 2432 2032 1991 2102 2028 260 182 268 198 350 482 355 487 0 6 250 225 224 250 13 110 64 93 0 0 0 0 0 2 0 2 23 1 142794 746438 1109868 715732 1228552 1110888 1295884 945072 892618 1084842 1159086 200152 46092 203780 162510 218842 258718 159596 379764 190694 2073600 2073600 4 6 262193 994560 993600 80771 70857 58498 52067 6 6 6 6 33 4 4 4 4 
[ 7602.115741] MESSAGE_B= 4 4 4 1 21 1 192 0 248 179 0 2456 2212 2642 2383 1761 1734 1863 1866 198 153 207 121 348 392 369 427 0 31 245 228 247 253 89 4 86 28 0 0 0 0 0 0 0 0 21 1 86468 636744 1109868 715732 1228552 1110888 1295884 945072 892618 1084842 1159086 200152 46092 203780 162510 218842 258718 159596 379764 190694 2073600 2073600 4 6 225967 990720 993600 63823 58363 55440 49953 6 5 6 6 33 4 4 4 4 
[ 7602.396542] MESSAGE_B= 4 4 4 2 23 1 192 0 248 179 0 2426 2198 2610 2372 1717 1756 1804 1893 201 170 202 148 371 452 388 482 0 31 246 232 247 254 53 23 56 16 0 0 0 0 0 0 0 0 23 1 253480 729594 1109868 715732 1228552 1110888 1295884 945072 892618 1084842 1159086 200152 46092 203780 162510 218842 258718 159596 379764 190694 2073600 2073600 4 6 219260 994560 993600 64565 57881 51510 45304 6 6 6 6 35 4 4 4 4 
[ 7602.677863] MESSAGE_B= 4 4 4 2 22 1 192 0 248 179 0 2384 2199 2566 2382 1718 1741 1811 1873 219 181 246 177 355 431 391 455 0 31 250 238 247 253 1 48 9 31 0 0 0 0 0 0 0 0 22 1 74708 630342 1109868 715732 1228552 1110888 1295884 945072 892618 1084842 1159086 200152 46092 203780 162510 218842 258718 159596 379764 190694 2073600 2073600 4 6 224835 990720 993600 67503 59940 51650 45742 6 6 6 6 35 4 4 4 4 
[ 7602.958857] MESSAGE_B= 4 4 4 2 21 1 192 0 248 179 0 2364 2203 2538 2380 1726 1710 1805 1840 240 219 256 218 343 420 385 452 0 31 250 244 248 254 44 126 51 119 0 0 0 0 0 0 0 0 21 1 285734 709642 1109868 715732 1228552 1110888 1295884 945072 892618 1084842 1159086 200152 46092 203780 162510 218842 258718 159596 379764 190694 2073600 2073600 4 6 225820 994560 993600 69854 62661 49013 44292 6 6 6 6 38 4 4 4 4 
[ 7603.115851] MESSAGE_B= 4 4 4 2 21 1 192 0 248 179 0 2283 2233 2456 2420 1756 1709 1845 1845 278 183 296 170 356 410 399 437 0 31 251 241 248 254 71 78 81 64 0 0 0 0 0 0 0 0 21 1 71786 648362 1109868 715732 1228552 1110888 1295884 945072 892618 1084842 1159086 200152 46092 203780 162510 218842 258718 159596 379764 190694 2073600 2073600 4 6 218680 990720 993600 67080 58320 48857 44423 6 6 6 6 39 4 4 4 4 
[ 7603.399275] MESSAGE_B= 4 4 4 2 23 1 192 0 248 179 0 2212 2346 2401 2540 1738 1759 1838 1894 269 157 285 177 318 396 340 419 0 31 250 235 247 253 73 122 74 161 0 0 0 0 0 0 0 0 23 1 302656 678718 1109868 715732 1228552 1110888 1295884 945072 892618 1084842 1159086 200152 46092 203780 162510 218842 258718 159596 379764 190694 2073600 2073600 4 6 227544 994560 993600 71630 59604 51155 45155 6 6 6 6 39 4 4 4 4 
[ 7603.679851] MESSAGE_B= 4 4 4 2 24 1 192 0 248 179 0 2193 2421 2399 2624 1748 1786 1833 1916 219 224 238 236 304 419 313 448 0 31 249 249 246 254 38 182 34 198 0 0 0 0 0 0 0 0 24 1 76904 634254 1109868 715732 1228552 1110888 1295884 945072 892618 1084842 1159086 200152 46092 203780 162510 218842 258718 159596 379764 190694 2073600 2073600 4 6 238114 990720 993600 74596 61817 53653 48048 6 6 6 6 39 4 4 4 4 
[ 7603.958862] MESSAGE_B= 4 4 4 1 23 1 192 0 248 179 0 2200 2442 2387 2648 1758 1820 1864 1957 190 243 197 252 309 429 335 458 0 6 246 252 246 254 26 200 59 219 0 0 0 0 0 0 0 0 23 1 285668 691616 1109868 715732 1228552 1110888 1295884 945072 892618 1084842 1159086 200152 46092 203780 162510 218842 258718 159596 379764 190694 2073600 2073600 4 6 238314 994560 993600 76590 63846 52511 45367 6 6 6 6 37 4 4 4 4 
[ 7604.244855] MESSAGE_B= 4 4 4 1 22 2 192 0 248 179 0 2186 2438 2362 2646 1786 1818 1895 1961 156 237 132 243 333 449 363 461 0 31 235 252 247 254 6 180 38 204 0 0 0 0 0 0 0 0 22 2 76494 532120 1034688 1055642 1459088 1108072 1208744 1135482 795866 1084690 1203424 312626 50228 247624 321376 351024 313756 99826 119350 332494 2073600 2073600 4 6 227480 990720 993600 71371 58977 51444 45688 6 6 6 6 36 4 4 4 4 
[ 7604.530762] MESSAGE_B= 4 4 4 1 23 2 192 0 248 179 0 2214 2438 2388 2647 1757 1831 1858 1964 184 241 186 239 305 500 331 519 0 31 235 251 245 254 66 168 48 198 0 0 0 0 0 0 0 0 23 2 300818 722258 1034688 1055642 1459088 1108072 1208744 1135482 795866 1084690 1203424 312626 50228 247624 321376 351024 313756 99826 119350 332494 2073600 2073600 4 6 225024 994560 993600 70845 58515 50138 45526 6 6 6 6 34 4 4 4 4 
[ 7604.816618] MESSAGE_B= 4 4 4 2 24 2 192 0 248 179 0 2245 2451 2421 2663 1814 1836 1914 1982 215 240 215 258 308 479 332 501 0 31 242 252 245 254 21 164 40 183 0 0 0 0 0 0 0 0 24 2 71166 535914 1034688 1055642 1459088 1108072 1208744 1135482 795866 1084690 1203424 312626 50228 247624 321376 351024 313756 99826 119350 332494 2073600 2073600 4 6 220220 990720 993600 71559 58889 46993 42779 6 6 6 6 34 4 4 4 4 
[ 7605.095857] MESSAGE_B= 4 4 4 1 23 2 192 0 248 179 0 2288 2445 2453 2665 1814 1865 1923 2012 134 237 174 252 305 483 324 499 0 31 222 253 244 254 22 184 51 195 0 0 0 0 0 0 0 0 23 2 296938 701824 1034688 1055642 1459088 1108072 1208744 1135482 795866 1084690 1203424 312626 50228 247624 321376 351024 313756 99826 119350 332494 2073600 2073600 4 6 224672 994560 993600 72001 60789 47977 43905 6 6 6 6 33 4 4 4 4 
[ 7605.252850] MESSAGE_B= 4 4 4 1 24 2 192 0 248 179 0 2310 2438 2488 2662 1838 1871 1939 2023 137 222 164 250 290 450 303 465 0 31 210 253 241 253 13 187 14 189 0 0 0 0 0 0 0 0 24 2 74050 513968 1034688 1055642 1459088 1108072 1208744 1135482 795866 1084690 1203424 312626 50228 247624 321376 351024 313756 99826 119350 332494 2073600 2073600 4 6 226445 990720 993600 72189 61269 48426 44561 6 6 6 6 35 4 4 4 4 
[ 7605.530850] MESSAGE_B= 4 4 4 1 23 1 192 0 248 179 0 2344 2448 2548 2659 1856 1930 1975 2076 146 241 134 252 283 414 292 416 0 31 228 252 244 252 5 157 10 168 0 0 0 0 0 0 0 0 23 1 277412 750210 1034688 1055642 1459088 1108072 1208744 1135482 795866 1084690 1203424 312626 50228 247624 321376 351024 313756 99826 119350 332494 2073600 2073600 4 6 220872 994560 993600 69734 60656 47097 44896 6 5 6 6 35 4 4 4 4 
[ 7605.810864] MESSAGE_B= 4 4 4 1 23 1 192 0 248 179 0 2407 2454 2604 2663 1845 1897 1964 2052 155 239 178 240 299 384 312 391 0 31 247 251 243 252 94 180 69 181 0 0 0 0 0 0 0 0 23 1 76298 527394 1034688 1055642 1459088 1108072 1208744 1135482 795866 1084690 1203424 312626 50228 247624 321376 351024 313756 99826 119350 332494 2073600 2073600 4 6 230108 990720 993600 70622 61592 50144 49347 6 5 6 6 35 4 4 4 4 
[ 7606.088852] MESSAGE_B= 4 4 4 1 23 1 192 0 248 179 0 2463 2448 2661 2650 1893 1929 2002 2083 148 227 170 229 286 372 304 381 0 31 247 250 241 252 128 146 128 157 0 0 0 0 0 0 0 0 23 1 291936 787612 1034688 1055642 1459088 1108072 1208744 1135482 795866 1084690 1203424 312626 50228 247624 321376 351024 313756 99826 119350 332494 2073600 2073600 4 6 231656 994560 993600 70104 63772 53246 50671 6 5 6 6 33 4 4 4 4 
[ 7606.367881] MESSAGE_B= 4 4 4 1 23 1 192 0 248 179 0 2490 2443 2693 2650 1904 1891 2021 2033 207 220 220 218 330 369 353 393 0 31 249 250 245 253 109 154 93 175 0 0 0 0 0 0 0 0 23 1 88486 588046 1034688 1055642 1459088 1108072 1208744 1135482 795866 1084690 1203424 312626 50228 247624 321376 351024 313756 99826 119350 332494 2073600 2073600 4 6 233061 990720 993600 68096 64486 54825 53310 6 5 6 6 31 4 4 4 4 
[ 7606.648857] MESSAGE_B= 4 4 4 1 22 1 192 0 248 179 0 2497 2464 2703 2675 1902 1857 2015 2011 194 234 208 245 314 383 332 393 0 31 249 251 246 254 101 182 92 193 0 0 0 0 0 0 0 0 22 1 292686 758004 1089538 1088828 1395808 1043198 1232240 1154400 1091144 1392298 1077484 350012 44202 280552 322982 324022 249158 90090 125366 350634 2073600 2073600 4 6 234374 994560 993600 68657 65464 57378 52520 6 5 6 6 31 4 4 4 4 
[ 7606.926853] MESSAGE_B= 4 4 4 1 25 1 192 0 248 179 0 2493 2456 2697 2673 1914 1840 2030 1991 194 242 204 253 329 392 357 413 0 31 250 251 248 253 102 189 98 206 0 0 0 0 0 0 0 0 25 1 87116 600630 1089538 1088828 1395808 1043198 1232240 1154400 1091144 1392298 1077484 350012 44202 280552 322982 324022 249158 90090 125366 350634 2073600 2073600 4 6 226147 990720 993600 64394 68816 58189 50813 6 5 6 6 30 4 4 4 4 
[ 7607.209858] MESSAGE_B= 4 4 4 1 25 1 192 0 248 179 0 2503 2470 2710 2689 1927 1815 2046 1953 177 240 191 244 325 398 351 424 0 31 248 251 246 253 100 176 93 194 0 0 0 0 0 0 0 0 25 1 289872 798358 1089538 1088828 1395808 1043198 1232240 1154400 1091144 1392298 1077484 350012 44202 280552 322982 324022 249158 90090 125366 350634 2073600 2073600 4 6 226897 994560 993600 67792 65699 55240 47891 6 5 6 6 26 4 4 4 4 
[ 7607.488864] MESSAGE_B= 4 4 4 1 43 1 192 0 248 179 0 3061 2816 2970 2811 2886 1915 2783 1869 408 436 407 405 278 512 276 470 0 6 247 195 235 236 22 197 18 183 0 0 0 0 2 0 2 0 43 1 81620 627624 1089538 1088828 1395808 1043198 1232240 1154400 1091144 1392298 1077484 350012 44202 280552 322982 324022 249158 90090 125366 350634 2073600 2073600 4 6 372687 990720 993600 102661 107021 82547 80458 6 6 6 6 32 4 4 4 4 
[ 7607.646859] MESSAGE_B= 4 4 4 0 43 1 192 0 248 179 0 3068 2720 2952 2913 2876 1943 2759 1970 408 502 394 436 316 508 321 422 0 6 249 142 238 225 57 141 44 145 0 0 0 0 2 0 2 0 43 1 162776 816594 1089538 1088828 1395808 1043198 1232240 1154400 1091144 1392298 1077484 350012 44202 280552 322982 324022 249158 90090 125366 350634 2073600 2073600 4 6 378918 994560 993600 105180 110824 81840 81074 6 6 6 6 32 4 4 4 4 
[ 7607.931862] MESSAGE_B= 4 4 4 0 44 1 192 0 248 179 0 2992 2834 2906 2921 2842 1982 2750 1930 469 491 449 512 272 519 267 457 0 6 249 189 234 237 33 185 10 147 0 0 0 0 2 0 2 0 44 1 226688 677234 1089538 1088828 1395808 1043198 1232240 1154400 1091144 1392298 1077484 350012 44202 280552 322982 324022 249158 90090 125366 350634 2073600 2073600 4 6 373129 990720 993600 103087 107759 81854 80429 6 6 6 6 32 4 4 4 4 
[ 7608.209852] MESSAGE_B= 4 4 4 0 45 1 192 0 248 179 0 3024 2834 2946 2911 2899 1925 2800 1952 398 485 370 477 302 472 313 426 0 6 252 167 240 223 24 208 7 159 0 0 0 0 2 2 2 2 45 1 172186 533038 1089538 1088828 1395808 1043198 1232240 1154400 1091144 1392298 1077484 350012 44202 280552 322982 324022 249158 90090 125366 350634 2073600 2073600 4 6 377393 994560 993600 104349 111025 80971 81048 6 6 6 6 33 4 4 4 4 
[ 7608.488862] MESSAGE_B= 4 4 4 1 36 1 192 0 248 179 0 3028 2886 2940 2912 2854 1952 2756 1946 453 483 441 446 276 476 259 430 0 6 250 180 235 236 31 188 6 158 0 0 0 0 2 0 2 0 36 1 205946 657440 1089538 1088828 1395808 1043198 1232240 1154400 1091144 1392298 1077484 350012 44202 280552 322982 324022 249158 90090 125366 350634 2073600 2073600 4 6 374297 990720 993600 104672 109800 80389 79436 6 6 6 6 35 4 4 4 4 
[ 7608.772899] MESSAGE_B= 4 4 4 0 43 1 192 0 248 179 0 3011 2757 2929 2651 2864 2018 2742 2028 412 560 386 537 291 474 302 400 0 6 252 233 239 223 9 206 19 199 0 0 0 0 2 2 2 2 43 1 173598 519654 1089538 1088828 1395808 1043198 1232240 1154400 1091144 1392298 1077484 350012 44202 280552 322982 324022 249158 90090 125366 350634 2073600 2073600 4 6 376674 994560 993600 104428 109982 81886 80378 6 6 6 6 37 4 4 4 4 
[ 7609.053853] MESSAGE_B= 4 4 4 1 41 1 192 0 248 179 0 2818 2697 2752 2621 2847 2058 2739 2018 592 564 554 489 270 476 259 460 0 6 249 226 231 235 76 213 81 224 0 0 0 0 2 0 2 0 41 1 203572 663286 865554 1188762 1675480 1171428 1028456 926012 822484 831232 940910 190056 38436 334202 346252 257992 268464 121354 431062 268818 2073600 2073600 4 6 375329 990720 993600 104894 109927 81371 79137 6 6 6 6 38 4 4 4 4 
[ 7609.334849] MESSAGE_B= 4 4 4 1 32 1 192 0 248 179 0 2784 2793 2722 2723 2631 2129 2622 2085 540 561 532 476 249 481 256 428 0 6 244 231 200 234 99 228 2 220 0 0 0 0 2 2 2 2 32 1 160628 540264 865554 1188762 1675480 1171428 1028456 926012 822484 831232 940910 190056 38436 334202 346252 257992 268464 121354 431062 268818 2073600 2073600 4 6 371686 994560 993600 102517 106546 82490 80133 6 6 6 6 39 4 4 4 4 
[ 7609.615874] MESSAGE_B= 4 0 4 0 34 1 192 0 248 179 0 2742 2727 2676 2652 2431 2110 2468 2050 587 577 534 505 226 464 220 456 0 6 244 239 179 231 162 232 138 227 0 0 0 0 2 2 2 0 34 1 193604 666914 865554 1188762 1675480 1171428 1028456 926012 822484 831232 940910 190056 38436 334202 346252 257992 268464 121354 431062 268818 2073600 2073600 4 6 370901 990720 993600 103664 107614 81637 77986 6 6 6 6 41 0 0 0 0 
[ 7609.894849] MESSAGE_B= 4 4 4 1 37 1 192 0 248 179 0 2167 1931 2062 1845 1810 1540 1688 1369 219 142 227 185 296 255 348 252 0 5 240 245 231 253 24 219 64 224 0 0 0 0 2 0 2 0 37 1 165896 556008 865554 1188762 1675480 1171428 1028456 926012 822484 831232 940910 190056 38436 334202 346252 257992 268464 121354 431062 268818 2073600 2073600 4 5 249005 994560 993600 68485 72978 49641 57901 5 5 5 5 41 4 4 4 4 
[ 7610.051847] MESSAGE_B= 4 4 4 0 36 1 192 0 248 179 0 2147 1943 2055 1845 1811 1570 1696 1415 239 146 268 187 261 303 350 306 0 5 249 243 214 254 53 213 72 220 0 0 0 0 2 0 2 0 36 1 205140 692230 865554 1188762 1675480 1171428 1028456 926012 822484 831232 940910 190056 38436 334202 346252 257992 268464 121354 431062 268818 2073600 2073600 4 5 249852 990720 993600 67932 73212 50464 58244 5 5 5 5 41 4 4 4 4 
[ 7610.331196] MESSAGE_B= 4 4 4 0 35 1 192 0 248 179 0 2125 1929 1995 1830 1979 1527 1921 1351 295 152 278 199 385 262 460 265 0 5 252 238 214 253 90 226 114 212 0 0 0 0 2 0 2 0 35 1 160092 561180 865554 1188762 1675480 1171428 1028456 926012 822484 831232 940910 190056 38436 334202 346252 257992 268464 121354 431062 268818 2073600 2073600 4 5 266432 994560 993600 70830 76836 54666 64100 5 5 5 5 39 4 4 4 4 
[ 7610.610519] MESSAGE_B= 4 4 4 0 36 1 192 0 248 179 0 2093 1895 2006 1782 1964 1550 1895 1385 241 123 279 147 333 302 382 311 0 5 242 251 210 253 14 222 12 218 0 0 0 0 2 0 2 0 36 1 209602 653586 865554 1188762 1675480 1171428 1028456 926012 822484 831232 940910 190056 38436 334202 346252 257992 268464 121354 431062 268818 2073600 2073600 4 5 270268 990720 993600 72700 78868 55184 63516 5 5 5 5 37 4 4 4 4 
[ 7610.891848] MESSAGE_B= 4 4 4 0 38 1 192 0 248 179 0 2180 1964 2106 1830 1970 1566 1907 1394 225 150 263 175 341 292 418 298 0 5 251 245 214 253 31 229 65 230 0 0 0 0 2 0 2 0 38 1 165164 579460 865554 1188762 1675480 1171428 1028456 926012 822484 831232 940910 190056 38436 334202 346252 257992 268464 121354 431062 268818 2073600 2073600 4 5 271350 994560 993600 75331 81175 53373 61471 5 5 5 5 35 4 4 4 4 
[ 7611.172302] MESSAGE_B= 4 4 4 0 28 1 192 0 248 179 0 2064 1921 1979 1801 1993 1550 1923 1372 217 134 236 157 377 300 436 304 0 5 243 241 217 253 43 222 37 227 0 0 0 0 2 0 2 0 28 1 178600 660674 865554 1188762 1675480 1171428 1028456 926012 822484 831232 940910 190056 38436 334202 346252 257992 268464 121354 431062 268818 2073600 2073600 4 5 271958 990720 993600 77331 81814 52373 60440 5 5 5 5 31 4 4 4 4 
[ 7611.449864] MESSAGE_B= 4 5 4 0 35 1 192 0 248 179 0 2168 1903 2067 1760 2135 1563 1952 1395 208 145 250 162 312 313 376 326 0 5 236 242 155 254 100 218 95 228 0 0 0 0 2 0 2 0 35 1 158248 598156 885458 1106278 630364 858148 1017488 911206 804718 787892 949484 164758 171962 169864 160296 285020 295468 133552 403586 237294 2073600 2073600 4 5 276283 994560 993600 78696 85279 51395 60913 5 5 5 5 31 5 5 5 5 
[ 7611.741909] MESSAGE_B= 4 4 4 0 40 1 192 0 248 179 0 1923 1423 1759 1309 2886 1377 2819 1381 417 69 285 146 261 230 279 259 0 5 233 230 234 208 116 176 193 64 2 2 0 0 2 2 2 2 40 1 178260 665734 885458 1106278 630364 858148 1017488 911206 804718 787892 949484 164758 171962 169864 160296 285020 295468 133552 403586 237294 2073600 2073600 4 5 366589 990720 993600 115430 120358 63678 67123 5 5 5 5 30 4 4 4 4 
[ 7612.019847] MESSAGE_B= 4 4 4 0 37 1 192 0 248 179 0 1913 1436 1771 1358 2835 1381 2780 1394 325 66 215 135 291 256 301 274 0 5 230 241 235 216 73 202 126 50 2 2 0 0 2 2 2 2 37 1 74162 674598 885458 1106278 630364 858148 1017488 911206 804718 787892 949484 164758 171962 169864 160296 285020 295468 133552 403586 237294 2073600 2073600 4 5 364806 994560 993600 114887 119790 63172 66957 5 5 5 5 26 4 4 4 4 
[ 7612.187840] MESSAGE_B= 4 4 4 0 37 1 192 0 248 179 0 1819 1461 1717 1373 2852 1382 2803 1374 259 75 202 148 315 236 309 267 0 5 230 223 237 211 61 189 49 29 2 2 0 0 2 2 2 2 37 1 114782 646496 885458 1106278 630364 858148 1017488 911206 804718 787892 949484 164758 171962 169864 160296 285020 295468 133552 403586 237294 2073600 2073600 4 5 360771 990720 993600 113276 118165 62248 67082 5 5 5 5 26 4 4 4 4 
[ 7612.465852] MESSAGE_B= 4 4 4 0 34 1 192 0 248 179 0 1742 1465 1667 1378 2900 1382 2840 1378 163 91 144 122 307 245 316 268 0 5 211 233 239 219 95 190 129 74 2 2 0 0 2 2 2 2 34 1 71656 684678 885458 1106278 630364 858148 1017488 911206 804718 787892 949484 164758 171962 169864 160296 285020 295468 133552 403586 237294 2073600 2073600 4 5 363449 994560 993600 114207 118638 63106 67498 5 5 5 5 26 4 4 4 4 
[ 7612.744849] MESSAGE_B= 4 4 4 0 39 1 192 0 248 179 0 1699 1439 1669 1324 2886 1383 2828 1367 200 48 183 85 321 252 329 279 0 5 222 231 238 215 173 199 176 60 2 2 0 0 2 2 2 2 39 1 116348 635096 885458 1106278 630364 858148 1017488 911206 804718 787892 949484 164758 171962 169864 160296 285020 295468 133552 403586 237294 2073600 2073600 4 5 364948 990720 993600 115195 119683 63087 66983 5 5 5 5 26 4 4 4 4 
[ 7613.022854] MESSAGE_B= 4 4 4 0 39 1 192 0 248 179 0 1879 1451 1785 1380 2882 1375 2827 1367 339 94 288 189 316 240 322 270 0 5 231 240 240 221 159 183 114 2 2 2 0 0 2 2 2 2 39 1 72580 669130 885458 1106278 630364 858148 1017488 911206 804718 787892 949484 164758 171962 169864 160296 285020 295468 133552 403586 237294 2073600 2073600 4 5 364143 994560 993600 113836 118850 63616 67841 5 5 5 5 26 4 4 4 4 
[ 7613.313846] MESSAGE_B= 4 4 4 0 37 1 192 0 248 179 0 1935 1414 1881 1324 2896 1374 2808 1368 432 169 444 189 349 247 369 286 0 5 241 218 243 211 151 111 68 105 2 2 0 0 2 2 2 2 37 1 117226 654242 885458 1106278 630364 858148 1017488 911206 804718 787892 949484 164758 171962 169864 160296 285020 295468 133552 403586 237294 2073600 2073600 4 5 363169 990720 993600 113550 118242 64224 67153 5 5 5 5 26 4 4 4 4 
[ 7613.474594] MESSAGE_B= 4 4 4 0 34 1 192 0 248 179 0 1906 1451 1777 1348 2909 1365 2863 1340 463 131 356 173 338 236 355 256 0 5 247 165 243 222 169 140 119 25 2 2 0 0 2 2 2 2 34 1 69792 662044 885458 1106278 630364 858148 1017488 911206 804718 787892 949484 164758 171962 169864 160296 285020 295468 133552 403586 237294 2073600 2073600 4 5 359273 994560 993600 111899 117210 63065 67099 5 5 5 5 26 4 4 4 4 
[ 7613.753848] MESSAGE_B= 4 4 4 0 36 1 192 0 248 179 0 1940 1481 1769 1389 2908 1374 2829 1361 528 202 352 270 327 242 329 270 0 5 245 164 242 216 194 135 194 57 2 2 0 0 2 2 2 2 36 1 113800 665280 946090 1349022 1050528 940534 1156028 866816 1000060 385608 1051898 92692 80286 134602 92488 129084 182216 241600 280068 128856 2073600 2073600 4 5 359104 990720 993600 112040 116613 63238 67213 5 5 5 5 28 4 4 4 4 
[ 7614.035389] MESSAGE_B= 4 4 4 1 33 1 192 0 248 179 0 1897 1516 1776 1389 2888 1342 2815 1321 365 168 342 280 299 240 341 266 0 5 242 189 242 221 209 167 169 103 2 2 0 0 2 2 2 2 33 1 60166 663346 946090 1349022 1050528 940534 1156028 866816 1000060 385608 1051898 92692 80286 134602 92488 129084 182216 241600 280068 128856 2073600 2073600 4 5 359098 994560 993600 112670 117923 62248 66257 5 5 5 5 28 4 4 4 4 
[ 7614.313847] MESSAGE_B= 4 4 4 0 37 1 192 0 248 179 0 1890 1514 1719 1456 2896 1374 2827 1367 449 270 340 347 289 231 321 257 0 5 246 244 240 216 179 167 186 213 2 2 0 0 2 2 2 2 37 1 113848 675860 946090 1349022 1050528 940534 1156028 866816 1000060 385608 1051898 92692 80286 134602 92488 129084 182216 241600 280068 128856 2073600 2073600 4 5 361852 990720 993600 113349 118339 63321 66843 5 5 5 5 27 4 4 4 4 
[ 7614.599826] MESSAGE_B= 4 4 4 1 36 1 192 0 248 179 0 1778 1520 1666 1438 2937 1367 2853 1343 368 197 282 296 261 237 296 280 0 5 248 250 236 220 119 173 221 172 2 2 0 0 2 2 2 2 36 1 68626 671830 946090 1349022 1050528 940534 1156028 866816 1000060 385608 1051898 92692 80286 134602 92488 129084 182216 241600 280068 128856 2073600 2073600 4 5 357936 994560 993600 112019 116886 62189 66842 5 5 5 5 27 4 4 4 4 
[ 7614.881853] MESSAGE_B= 4 4 4 0 37 1 192 0 248 179 0 1669 1462 1600 1381 2921 1370 2859 1352 132 78 142 110 277 244 300 274 0 5 212 222 235 224 179 190 202 28 2 2 0 0 2 2 2 2 37 1 120798 674504 946090 1349022 1050528 940534 1156028 866816 1000060 385608 1051898 92692 80286 134602 92488 129084 182216 241600 280068 128856 2073600 2073600 4 5 358812 990720 993600 111778 117438 62648 66948 5 5 5 5 27 4 4 4 4 
[ 7615.038850] MESSAGE_B= 4 4 4 0 37 1 192 0 248 179 0 1630 1508 1553 1450 2910 1371 2844 1364 142 250 132 386 280 239 297 276 0 5 218 240 235 218 48 193 181 181 2 2 0 0 2 2 2 2 37 1 63096 685122 946090 1349022 1050528 940534 1156028 866816 1000060 385608 1051898 92692 80286 134602 92488 129084 182216 241600 280068 128856 2073600 2073600 4 5 360750 994560 993600 113362 118287 62692 66409 5 5 5 5 27 4 4 4 4 
[ 7615.321841] MESSAGE_B= 4 4 4 0 35 1 192 0 248 179 0 1617 1723 1540 1671 2883 1372 2817 1372 120 716 126 764 276 239 306 273 0 5 191 252 236 221 81 129 171 104 2 2 0 0 2 2 2 2 35 1 119634 666494 946090 1349022 1050528 940534 1156028 866816 1000060 385608 1051898 92692 80286 134602 92488 129084 182216 241600 280068 128856 2073600 2073600 4 5 361444 990720 993600 113390 118073 62847 67134 5 5 5 5 27 4 4 4 4 
[ 7615.607572] MESSAGE_B= 4 4 4 0 37 1 192 0 248 179 0 1679 1833 1612 1746 2851 1376 2816 1355 99 750 114 774 345 222 360 258 0 5 220 255 244 213 60 148 160 69 2 0 0 0 2 2 2 2 37 1 64660 672584 946090 1349022 1050528 940534 1156028 866816 1000060 385608 1051898 92692 80286 134602 92488 129084 182216 241600 280068 128856 2073600 2073600 4 5 359867 994560 993600 112596 117024 62726 67521 5 5 5 5 27 4 4 4 4 
[ 7615.898853] MESSAGE_B= 4 4 4 0 37 1 192 0 248 179 0 1679 1908 1605 1811 2862 1381 2818 1372 110 834 105 862 413 254 433 280 0 5 210 255 245 220 114 142 151 98 2 0 0 0 2 2 2 2 37 1 116480 680430 946090 1349022 1050528 940534 1156028 866816 1000060 385608 1051898 92692 80286 134602 92488 129084 182216 241600 280068 128856 2073600 2073600 4 5 360930 990720 993600 112660 116902 63639 67729 5 5 5 5 27 4 4 4 4 
[ 7616.176849] MESSAGE_B= 4 4 4 0 36 1 192 0 248 179 0 1686 1794 1623 1745 2775 1368 2749 1356 95 657 104 733 446 225 464 250 0 5 203 254 243 217 66 156 179 92 2 2 0 0 2 2 2 2 36 1 60490 642082 922136 1074774 1010288 941678 1139410 864326 1002932 350580 1052416 78338 91060 138778 71490 132170 168862 244244 273550 128724 2073600 2073600 4 5 358820 994560 993600 111153 116461 63256 67950 5 5 5 5 27 4 4 4 4 
[ 7616.455846] MESSAGE_B= 4 4 4 0 37 1 192 0 248 179 0 1697 1843 1607 1786 2760 1370 2725 1356 107 751 116 842 432 233 432 265 0 5 185 254 245 220 72 157 111 161 2 2 0 0 2 2 2 2 37 1 112926 669014 922136 1074774 1010288 941678 1139410 864326 1002932 350580 1052416 78338 91060 138778 71490 132170 168862 244244 273550 128724 2073600 2073600 4 5 361349 990720 993600 111590 117159 63737 68863 5 5 5 5 28 4 4 4 4 
[ 7616.737303] MESSAGE_B= 4 4 4 0 38 1 192 0 248 179 0 1649 1901 1551 1867 2768 1378 2710 1374 105 791 116 921 378 246 373 277 0 5 180 252 245 215 63 163 142 177 2 2 0 0 2 2 2 2 38 1 61708 636150 922136 1074774 1010288 941678 1139410 864326 1002932 350580 1052416 78338 91060 138778 71490 132170 168862 244244 273550 128724 2073600 2073600 4 5 362559 994560 993600 113226 118208 63580 67545 5 5 5 5 28 4 4 4 4 
[ 7616.893854] MESSAGE_B= 4 4 4 0 39 1 192 0 248 179 0 1707 1827 1628 1845 2832 1369 2762 1359 98 654 112 840 355 240 361 257 0 5 207 249 243 223 97 181 123 195 2 2 0 0 2 2 2 2 39 1 134458 638974 922136 1074774 1010288 941678 1139410 864326 1002932 350580 1052416 78338 91060 138778 71490 132170 168862 244244 273550 128724 2073600 2073600 4 5 360274 990720 993600 111489 116973 64239 67573 5 5 5 5 27 4 4 4 4 
[ 7617.173734] MESSAGE_B= 4 4 4 5 27 2 192 0 248 179 0 1654 1532 1885 1573 2271 1798 2459 1916 268 146 354 184 224 454 181 522 0 5 243 211 246 253 199 83 206 35 0 0 0 0 0 0 0 0 27 2 71464 650224 922136 1074774 1010288 941678 1139410 864326 1002932 350580 1052416 78338 91060 138778 71490 132170 168862 244244 273550 128724 2073600 2073600 4 5 506496 994560 993600 127218 127279 125496 126503 5 5 5 5 27 4 4 4 4 
[ 7617.453848] MESSAGE_B= 4 4 4 5 28 1 192 0 248 179 0 1651 1529 1877 1578 2273 1801 2462 1916 267 151 357 174 224 457 187 527 0 5 244 208 245 253 191 75 190 39 0 0 0 0 0 0 0 0 28 1 189914 585710 922136 1074774 1010288 941678 1139410 864326 1002932 350580 1052416 78338 91060 138778 71490 132170 168862 244244 273550 128724 2073600 2073600 4 5 505412 990720 993600 127088 127163 124991 126170 5 5 5 5 18 4 4 4 4 
[ 7617.733851] MESSAGE_B= 4 4 4 5 31 1 192 0 248 179 0 1640 1508 1861 1550 2256 1785 2448 1903 256 144 351 175 239 453 185 523 0 5 245 214 250 253 191 70 201 37 0 0 0 0 0 0 0 0 31 1 118786 263708 922136 1074774 1010288 941678 1139410 864326 1002932 350580 1052416 78338 91060 138778 71490 132170 168862 244244 273550 128724 2073600 2073600 4 5 505583 994560 993600 127106 127156 125018 126303 5 5 5 5 19 4 4 4 4 
[ 7618.012870] MESSAGE_B= 4 4 4 5 29 1 192 0 248 179 0 1637 1507 1868 1551 2251 1774 2443 1888 263 148 362 179 231 446 190 519 0 5 246 212 246 253 192 80 190 42 0 0 0 0 0 0 0 0 29 1 189526 589758 922136 1074774 1010288 941678 1139410 864326 1002932 350580 1052416 78338 91060 138778 71490 132170 168862 244244 273550 128724 2073600 2073600 4 5 504778 990720 993600 127049 127093 124648 125988 5 5 5 5 19 4 4 4 4 
[ 7618.290853] MESSAGE_B= 4 4 4 5 29 2 192 0 248 179 0 1965 1907 2105 2084 2248 1746 2442 1863 280 414 342 503 226 424 180 497 0 5 232 245 249 253 142 132 161 106 0 0 0 0 0 0 0 0 29 2 129384 251058 922136 1074774 1010288 941678 1139410 864326 1002932 350580 1052416 78338 91060 138778 71490 132170 168862 244244 273550 128724 2073600 2073600 4 5 505657 994560 993600 127120 127129 125125 126283 5 5 5 5 25 4 4 4 4 
[ 7618.578536] MESSAGE_B= 4 4 4 4 29 1 192 0 248 179 0 2248 2195 2314 2424 2281 1712 2464 1851 374 420 410 432 205 361 195 427 0 5 249 235 247 251 151 113 139 111 0 0 0 0 0 0 0 0 29 1 189648 582042 632030 1105798 996302 883882 1131730 707314 479272 526074 700082 217052 99028 140008 73632 279130 206420 122672 413410 211114 2073600 2073600 4 5 505934 990720 993600 127128 127098 125326 126382 5 5 5 5 25 4 4 4 4 
[ 7618.856858] MESSAGE_B= 4 4 4 3 32 1 192 0 248 179 0 2265 2118 2348 2388 2355 1738 2507 1898 400 362 419 430 254 268 235 321 0 5 250 242 253 248 95 125 105 123 0 0 0 0 0 0 0 0 32 1 131322 302494 632030 1105798 996302 883882 1131730 707314 479272 526074 700082 217052 99028 140008 73632 279130 206420 122672 413410 211114 2073600 2073600 4 5 506530 994560 993600 127231 127267 125540 126492 5 5 5 5 25 4 4 4 4 
[ 7619.134845] MESSAGE_B= 4 4 4 3 33 1 192 0 248 179 0 2274 2126 2354 2383 2324 1745 2481 1916 402 411 425 457 240 228 229 269 0 5 250 243 252 250 58 118 76 96 0 0 0 0 0 0 0 0 33 1 179008 460084 632030 1105798 996302 883882 1131730 707314 479272 526074 700082 217052 99028 140008 73632 279130 206420 122672 413410 211114 2073600 2073600 4 5 505845 990720 993600 127223 127292 125119 126211 5 5 5 5 25 4 4 4 4 
[ 7619.412861] MESSAGE_B= 4 4 4 2 35 1 192 0 248 179 0 2357 2156 2406 2406 2301 1755 2458 1932 414 491 401 502 223 205 216 236 0 5 238 247 253 251 9 79 46 74 0 0 0 0 0 0 0 0 35 1 127278 288370 632030 1105798 996302 883882 1131730 707314 479272 526074 700082 217052 99028 140008 73632 279130 206420 122672 413410 211114 2073600 2073600 4 5 505237 994560 993600 127181 127208 124829 126019 5 5 5 5 25 4 4 4 4 
[ 7619.569848] MESSAGE_B= 4 4 4 3 32 1 192 0 248 179 0 2399 2168 2448 2428 2276 1768 2437 1943 425 537 398 552 226 261 217 272 0 5 239 246 252 254 14 56 32 55 0 0 0 0 0 0 0 0 32 1 170468 414540 632030 1105798 996302 883882 1131730 707314 479272 526074 700082 217052 99028 140008 73632 279130 206420 122672 413410 211114 2073600 2073600 4 5 505284 990720 993600 127190 127244 124874 125976 5 5 5 5 25 4 4 4 4 
[ 7619.850512] MESSAGE_B= 4 4 4 2 33 1 192 0 248 179 0 2480 2230 2528 2483 2283 1815 2449 1975 451 614 419 618 203 327 202 346 0 5 243 250 253 254 33 70 6 69 0 0 0 0 0 0 0 0 33 1 139996 347038 632030 1105798 996302 883882 1131730 707314 479272 526074 700082 217052 99028 140008 73632 279130 206420 122672 413410 211114 2073600 2073600 4 5 505404 994560 993600 126987 127118 124930 126369 5 5 5 5 25 4 4 4 4 
[ 7620.137858] MESSAGE_B= 4 4 4 2 33 1 192 0 248 179 0 2533 2237 2570 2470 2326 1836 2484 2000 477 606 427 617 215 362 199 393 0 5 243 249 253 254 29 92 2 85 0 0 0 0 0 0 0 0 33 1 168284 404232 632030 1105798 996302 883882 1131730 707314 479272 526074 700082 217052 99028 140008 73632 279130 206420 122672 413410 211114 2073600 2073600 4 5 504787 990720 993600 126722 126809 124987 126269 5 5 5 5 28 4 4 4 4 
[ 7620.426863] MESSAGE_B= 4 4 4 2 35 1 192 0 248 179 0 2415 2106 2565 2303 2220 1813 2469 2021 428 414 458 489 264 222 256 291 0 5 244 249 244 248 0 3 18 14 0 0 0 0 0 0 0 0 35 1 124764 398282 632030 1105798 996302 883882 1131730 707314 479272 526074 700082 217052 99028 140008 73632 279130 206420 122672 413410 211114 2073600 2073600 4 5 506082 994560 993600 126926 127007 125395 126754 5 5 5 5 29 4 4 4 4 
[ 7620.704851] MESSAGE_B= 4 4 4 3 33 1 192 0 248 179 0 2408 2060 2544 2248 2125 1781 2392 2000 408 369 436 459 271 203 222 288 0 5 237 249 243 247 1 22 33 30 0 0 0 0 0 0 0 0 33 1 169758 425194 632030 1105798 996302 883882 1131730 707314 479272 526074 700082 217052 99028 140008 73632 279130 206420 122672 413410 211114 2073600 2073600 4 5 507077 990720 993600 126924 127142 126117 126894 5 5 5 5 29 4 4 4 4 
[ 7620.984850] MESSAGE_B= 4 4 4 2 32 1 192 0 248 179 0 2339 2028 2500 2206 2186 1785 2451 2004 428 365 434 437 224 226 179 316 0 5 236 248 244 249 71 5 42 18 0 0 0 0 0 0 0 0 32 1 127526 370330 647538 411416 295470 481226 358144 475514 523580 495802 580716 208256 225334 310318 241778 305918 171056 95018 319080 202574 2073600 2073600 4 5 505979 994560 993600 125933 126488 126397 127161 5 5 5 5 27 4 4 4 4 
[ 7621.262854] MESSAGE_B= 4 4 4 2 34 1 192 0 248 179 0 2304 2026 2457 2191 2237 1797 2482 2034 477 376 460 452 179 204 157 287 0 5 242 248 242 244 83 8 56 15 0 0 0 0 0 0 0 0 34 1 177370 467852 647538 411416 295470 481226 358144 475514 523580 495802 580716 208256 225334 310318 241778 305918 171056 95018 319080 202574 2073600 2073600 4 5 505097 990720 993600 124706 126021 126914 127456 5 5 5 5 29 4 4 4 4 
[ 7621.540851] MESSAGE_B= 4 4 4 2 31 1 192 0 248 179 0 2261 2035 2411 2195 2282 1828 2528 2064 423 375 453 458 156 218 139 305 0 5 242 249 245 251 56 34 56 58 0 0 0 0 0 0 0 0 31 1 120576 383404 647538 411416 295470 481226 358144 475514 523580 495802 580716 208256 225334 310318 241778 305918 171056 95018 319080 202574 2073600 2073600 4 5 502771 994560 993600 123636 125104 126713 127318 5 5 5 5 32 4 4 4 4 
[ 7621.698857] MESSAGE_B= 4 4 4 2 34 1 192 0 248 179 0 2163 1995 2324 2140 2229 1776 2523 2021 365 378 417 451 158 226 122 325 0 5 238 250 216 251 32 74 26 86 0 0 0 0 0 0 0 0 34 1 184532 521408 647538 411416 295470 481226 358144 475514 523580 495802 580716 208256 225334 310318 241778 305918 171056 95018 319080 202574 2073600 2073600 4 5 506493 990720 993600 125340 126226 127261 127666 5 5 5 5 32 4 4 4 4 
[ 7621.855864] MESSAGE_B= 4 4 4 2 36 1 192 0 248 179 0 2051 1934 2226 2059 2201 1709 2502 1960 326 336 388 384 180 260 150 351 0 5 233 247 214 252 19 124 95 120 0 0 0 0 0 0 0 0 36 1 184532 521408 647538 411416 295470 481226 358144 475514 523580 495802 580716 208256 225334 310318 241778 305918 171056 95018 319080 202574 2073600 2073600 4 5 508406 990720 993600 126600 126987 127185 127634 5 5 5 5 32 4 4 4 4 
[ 7622.012963] MESSAGE_B= 4 4 4 2 37 1 192 0 248 179 0 1909 1857 2118 1965 2193 1672 2461 1876 228 248 316 300 253 267 221 397 0 5 223 244 238 252 59 124 109 120 0 0 0 0 2 0 0 0 37 1 184532 521408 647538 411416 295470 481226 358144 475514 523580 495802 580716 208256 225334 310318 241778 305918 171056 95018 319080 202574 2073600 2073600 4 5 509303 990720 993600 127302 127417 127032 127552 5 5 5 5 32 4 4 4 4 
[ 7622.172851] MESSAGE_B= 4 4 4 1 34 1 192 0 248 179 0 1834 1802 2042 1904 2143 1652 2403 1826 189 177 264 227 283 257 264 389 0 5 217 236 243 251 59 107 114 97 0 0 0 0 2 0 0 0 34 1 125688 346474 647538 411416 295470 481226 358144 475514 523580 495802 580716 208256 225334 310318 241778 305918 171056 95018 319080 202574 2073600 2073600 4 5 510300 994560 993600 127677 127819 127191 127613 5 5 5 5 27 4 4 4 4 
[ 7622.329851] MESSAGE_B= 4 4 4 1 37 1 192 0 248 179 0 1764 1804 1976 1901 2078 1639 2330 1793 128 173 231 209 277 246 296 365 0 5 216 230 246 253 110 111 159 95 0 0 0 0 2 0 0 0 37 1 125688 346474 647538 411416 295470 481226 358144 475514 523580 495802 580716 208256 225334 310318 241778 305918 171056 95018 319080 202574 2073600 2073600 4 5 509526 994560 993600 127799 127889 126608 127230 5 5 5 5 26 4 4 4 4 
[ 7622.856862] MESSAGE_B= 4 4 4 1 31 1 192 0 248 179 0 1789 1865 2074 1974 2155 1703 2360 1873 203 327 266 325 257 194 192 271 0 5 237 238 246 249 168 68 167 48 0 0 0 0 0 0 0 0 31 1 180796 476666 647538 411416 295470 481226 358144 475514 523580 495802 580716 208256 225334 310318 241778 305918 171056 95018 319080 202574 2073600 2073600 4 5 507176 990720 993600 127742 127764 125277 126393 5 5 5 5 21 4 4 4 4 
[ 7623.134850] MESSAGE_B= 4 4 4 1 33 1 192 0 248 179 0 1780 1834 2057 1947 2143 1726 2348 1888 196 318 268 319 257 199 201 264 0 5 237 239 243 250 189 17 163 22 0 0 0 0 0 0 0 0 33 1 119332 256590 647538 411416 295470 481226 358144 475514 523580 495802 580716 208256 225334 310318 241778 305918 171056 95018 319080 202574 2073600 2073600 4 5 506287 994560 993600 127672 127720 124809 126086 5 5 5 5 19 4 4 4 4 
[ 7623.413964] MESSAGE_B= 4 4 4 1 35 1 192 0 248 179 0 1794 1814 2078 1925 2153 1793 2357 1936 203 304 272 303 254 355 194 376 0 5 239 240 243 253 180 14 150 31 0 0 0 0 0 0 0 0 35 1 170138 399172 402640 345988 383278 655720 481110 544692 411568 73770 388496 238132 221198 359664 218930 347236 144404 154774 444960 239214 2073600 2073600 4 5 506807 990720 993600 127727 127767 125111 126202 5 5 5 5 19 4 4 4 4 
[ 7623.570850] MESSAGE_B= 4 4 4 1 33 1 192 0 248 179 0 1730 1758 1921 1822 1972 1745 2235 1882 93 202 185 245 254 308 317 376 0 5 188 235 246 254 48 5 159 23 0 0 0 0 0 0 0 0 33 1 126104 258188 402640 345988 383278 655720 481110 544692 411568 73770 388496 238132 221198 359664 218930 347236 144404 154774 444960 239214 2073600 2073600 4 5 507267 994560 993600 127734 127784 125311 126438 5 5 5 5 19 4 4 4 4 
[ 7623.847854] MESSAGE_B= 4 4 4 1 34 1 192 0 248 179 0 1732 1751 1925 1820 1979 1830 2238 1969 92 174 188 219 256 375 319 462 0 5 185 234 245 255 84 57 157 37 0 0 0 0 0 0 0 0 34 1 184010 423986 402640 345988 383278 655720 481110 544692 411568 73770 388496 238132 221198 359664 218930 347236 144404 154774 444960 239214 2073600 2073600 4 5 508196 990720 993600 127719 127766 125892 126819 5 5 5 5 18 4 4 4 4 
[ 7624.125858] MESSAGE_B= 4 4 4 1 34 1 192 0 248 179 0 1731 1749 1914 1819 1991 1868 2243 2002 104 167 192 216 266 425 318 513 0 5 183 234 246 255 65 100 162 77 0 0 0 0 0 0 0 0 34 1 127322 252018 402640 345988 383278 655720 481110 544692 411568 73770 388496 238132 221198 359664 218930 347236 144404 154774 444960 239214 2073600 2073600 4 5 507496 994560 993600 127690 127749 125403 126654 5 5 5 5 17 4 4 4 4 
[ 7624.405878] MESSAGE_B= 4 4 4 1 34 2 192 0 248 179 0 1744 1722 2031 1838 2135 1876 2340 1989 188 254 279 270 263 528 201 551 0 5 236 241 242 253 174 98 147 83 0 0 0 0 0 0 0 0 34 2 197380 478122 402640 345988 383278 655720 481110 544692 411568 73770 388496 238132 221198 359664 218930 347236 144404 154774 444960 239214 2073600 2073600 4 5 508429 990720 993600 127739 127806 125948 126936 5 5 5 5 17 4 4 4 4 
[ 7624.686852] MESSAGE_B= 4 4 4 1 36 1 192 0 248 179 0 1622 1659 1891 1742 2083 1769 2297 1882 158 241 282 290 276 450 205 509 0 5 230 236 246 252 165 128 199 92 0 0 0 0 0 0 0 0 36 1 136624 228252 402640 345988 383278 655720 481110 544692 411568 73770 388496 238132 221198 359664 218930 347236 144404 154774 444960 239214 2073600 2073600 4 5 509005 994560 993600 127941 127972 126082 127010 5 5 5 5 17 4 4 4 4 
[ 7624.966048] MESSAGE_B= 4 4 4 1 36 1 192 0 248 179 0 1553 1635 1767 1706 2013 1619 2236 1761 156 233 287 311 282 325 227 430 0 5 238 242 243 250 165 130 183 103 0 0 0 0 0 0 0 0 36 1 192904 521704 402640 345988 383278 655720 481110 544692 411568 73770 388496 238132 221198 359664 218930 347236 144404 154774 444960 239214 2073600 2073600 4 5 508226 990720 993600 127962 128005 125604 126655 5 5 5 5 17 4 4 4 4 
[ 7625.248269] MESSAGE_B= 4 4 4 3 38 1 192 0 248 179 0 1494 1622 1653 1690 1944 1496 2180 1646 166 262 280 327 287 246 242 369 0 5 235 243 246 249 156 91 182 86 0 0 0 0 0 0 0 0 38 1 130194 286284 402640 345988 383278 655720 481110 544692 411568 73770 388496 238132 221198 359664 218930 347236 144404 154774 444960 239214 2073600 2073600 4 5 507053 994560 993600 127740 127810 125144 126359 5 5 5 5 20 4 4 4 4 
[ 7625.406005] MESSAGE_B= 4 4 4 5 29 2 192 0 248 179 0 1498 1623 1651 1712 1931 1484 2168 1631 169 277 291 338 287 239 246 360 0 5 236 242 245 249 158 74 177 88 0 0 0 0 0 0 0 0 29 2 185228 527754 402640 345988 383278 655720 481110 544692 411568 73770 388496 238132 221198 359664 218930 347236 144404 154774 444960 239214 2073600 2073600 4 5 506866 990720 993600 127628 127863 125091 126284 5 5 5 5 20 4 4 4 4 
[ 7625.684855] MESSAGE_B= 4 4 4 6 30 1 192 0 248 179 0 1531 1662 1664 1775 1929 1481 2169 1632 173 286 296 360 298 232 249 355 0 5 231 245 245 248 165 78 195 86 0 0 0 0 0 0 0 0 30 1 119754 271650 549216 477652 400408 511068 363116 462594 428546 261798 557440 225942 294016 296030 265668 341844 186884 118402 475248 216794 2073600 2073600 4 5 507005 994560 993600 127603 127698 125307 126397 5 5 5 5 20 4 4 4 4 
[ 7625.962863] MESSAGE_B= 4 4 4 5 30 2 192 0 248 179 0 1567 1703 1693 1831 1919 1481 2156 1626 194 289 302 372 293 230 255 352 0 5 228 247 247 250 163 94 193 81 0 0 0 0 0 0 0 0 30 2 177168 480574 549216 477652 400408 511068 363116 462594 428546 261798 557440 225942 294016 296030 265668 341844 186884 118402 475248 216794 2073600 2073600 4 5 506035 990720 993600 127554 127666 124783 126032 5 5 5 5 19 4 4 4 4 
[ 7626.241846] MESSAGE_B= 4 4 4 5 31 1 192 0 248 179 0 1621 1720 1736 1846 1916 1478 2158 1626 221 287 324 361 297 223 253 349 0 5 232 245 247 248 182 97 190 80 0 0 0 0 0 0 0 0 31 1 112960 286092 549216 477652 400408 511068 363116 462594 428546 261798 557440 225942 294016 296030 265668 341844 186884 118402 475248 216794 2073600 2073600 4 5 507248 994560 993600 127672 127796 125377 126403 5 5 5 5 19 4 4 4 4 
[ 7626.520507] MESSAGE_B= 4 4 4 5 31 1 192 0 248 179 0 1650 1703 1753 1841 1922 1480 2161 1630 227 278 325 355 296 226 252 354 0 5 225 245 246 247 192 89 192 79 0 0 0 0 0 0 0 0 31 1 177300 486468 549216 477652 400408 511068 363116 462594 428546 261798 557440 225942 294016 296030 265668 341844 186884 118402 475248 216794 2073600 2073600 4 5 506266 990720 993600 127472 127713 124917 126164 5 5 5 5 18 4 4 4 4 
[ 7626.801306] MESSAGE_B= 4 4 4 6 33 1 192 0 248 179 0 1666 1646 1787 1756 1909 1476 2150 1624 257 228 339 305 302 221 255 343 0 5 228 238 248 247 178 67 201 27 0 0 0 0 0 0 0 0 33 1 120358 303228 549216 477652 400408 511068 363116 462594 428546 261798 557440 225942 294016 296030 265668 341844 186884 118402 475248 216794 2073600 2073600 4 5 506627 994560 993600 127432 127499 125300 126396 5 5 5 5 18 4 4 4 4 
[ 7627.079870] MESSAGE_B= 4 4 4 6 29 1 192 0 248 179 0 1679 1588 1816 1685 1919 1479 2157 1627 274 173 359 236 299 228 257 348 0 5 237 228 247 247 177 38 185 0 0 0 0 0 0 0 0 0 29 1 175710 475148 549216 477652 400408 511068 363116 462594 428546 261798 557440 225942 294016 296030 265668 341844 186884 118402 475248 216794 2073600 2073600 4 5 505561 990720 993600 127166 127402 124894 126099 5 5 5 5 18 4 4 4 4 
[ 7627.366964] MESSAGE_B= 4 4 4 6 31 2 192 0 248 179 0 1690 1535 1836 1598 1909 1473 2146 1616 316 144 392 196 311 225 262 343 0 5 232 226 249 247 164 24 195 30 0 0 0 0 0 0 0 0 31 2 121834 271616 549216 477652 400408 511068 363116 462594 428546 261798 557440 225942 294016 296030 265668 341844 186884 118402 475248 216794 2073600 2073600 4 5 505811 994560 993600 127342 127581 124855 126033 5 5 5 5 18 4 4 4 4 
[ 7627.532708] MESSAGE_B= 4 4 4 5 30 1 192 0 248 179 0 1706 1533 1860 1600 1914 1476 2150 1619 330 139 402 198 311 228 267 343 0 5 237 226 247 246 167 3 186 30 0 0 0 0 0 0 0 0 30 1 178372 465134 549216 477652 400408 511068 363116 462594 428546 261798 557440 225942 294016 296030 265668 341844 186884 118402 475248 216794 2073600 2073600 4 5 505878 990720 993600 127403 127507 124842 126126 5 5 5 5 18 4 4 4 4 
