[ 7368.892855] MESSAGE_B= 4 4 0 127 40 1 192 0 248 179 0 2395 859 2387 852 3010 2531 2985 2544 676 200 672 189 330 522 318 521 0 12 255 255 254 255 117 220 132 224 0 0 0 0 2 2 2 2 40 1 9708 411236 2 136330 119066 99336 2 2 61144 16558 2 2 141318 139290 150712 2 2 15772 6432 2 2073600 2073600 5 12 313518 990720 993600 97619 96890 59498 59511 12 12 12 12 49 4 4 4 4 
[ 7369.175855] MESSAGE_B= 4 4 4 128 40 1 192 0 248 179 0 2394 859 2378 855 2995 2519 2976 2520 676 204 664 191 319 531 313 532 0 12 255 255 255 255 108 223 124 219 0 0 0 0 2 2 2 2 40 1 7494 447390 2 136330 119066 99336 2 2 61144 16558 2 2 141318 139290 150712 2 2 15772 6432 2 2073600 2073600 5 12 312690 994560 993600 97404 96666 59369 59251 12 12 12 12 18 4 4 4 4 
[ 7369.460858] MESSAGE_B= 4 4 4 128 39 1 192 0 248 179 0 2388 861 2373 855 3006 2515 2987 2519 678 206 670 194 284 513 284 505 0 12 255 255 253 255 103 226 118 219 0 0 0 0 2 2 2 2 39 1 9518 481408 2 136330 119066 99336 2 2 61144 16558 2 2 141318 139290 150712 2 2 15772 6432 2 2073600 2073600 5 12 311563 990720 993600 96935 96201 59245 59182 12 12 12 12 18 4 4 4 4 
[ 7369.736849] MESSAGE_B= 4 4 4 127 42 1 192 0 248 179 0 2389 862 2374 857 2919 2511 2906 2521 680 211 670 197 286 493 273 491 0 12 255 255 255 255 11 216 7 224 0 0 0 0 2 2 2 2 42 1 6982 454348 2 136330 119066 99336 2 2 61144 16558 2 2 141318 139290 150712 2 2 15772 6432 2 2073600 2073600 5 12 312509 994560 993600 97222 96520 59373 59394 12 12 12 12 27 4 4 4 4 
[ 7370.019931] MESSAGE_B= 4 4 4 76 37 1 192 0 248 179 0 2161 850 2145 841 2701 2325 2699 2323 606 196 597 182 193 415 194 419 0 12 255 254 248 255 97 207 103 217 0 0 0 0 2 2 2 2 37 1 7024 476060 791034 4606 2 771710 773614 779820 714744 635866 790970 23920 11334 332 6082 10106 14766 15510 10028 10536 2073600 2073600 5 12 317821 990720 993600 100062 99397 59212 59150 12 12 12 12 122 4 4 4 4 
[ 7370.298215] MESSAGE_B= 4 4 4 63 25 1 192 0 248 179 0 1426 714 1443 712 2080 1764 2080 1758 361 113 367 95 148 326 140 331 0 12 253 255 248 255 68 158 61 111 0 0 0 0 2 2 2 2 25 1 15904 537408 791034 4606 2 771710 773614 779820 714744 635866 790970 23920 11334 332 6082 10106 14766 15510 10028 10536 2073600 2073600 4 12 274452 994560 993600 82322 82161 55016 54953 12 12 12 12 122 4 4 4 4 
[ 7370.576984] MESSAGE_B= 0 4 4 89 17 3 192 0 248 179 0 871 710 867 711 1238 1185 1231 1181 155 130 130 123 134 122 135 127 0 12 254 244 254 252 201 142 201 141 0 0 0 0 2 2 2 2 17 3 13512 839418 791034 4606 2 771710 773614 779820 714744 635866 790970 23920 11334 332 6082 10106 14766 15510 10028 10536 2073600 2073600 2 12 330711 990720 993600 106559 105887 59193 59072 12 12 12 12 73 4 4 4 4 
[ 7370.862454] MESSAGE_B= 4 4 4 61 21 1 192 0 248 179 0 368 357 367 358 206 48 206 48 207 222 207 222 236 127 235 128 0 6 255 255 255 255 197 101 218 27 0 0 0 0 2 2 2 2 21 1 19226 544620 791034 4606 2 771710 773614 779820 714744 635866 790970 23920 11334 332 6082 10106 14766 15510 10028 10536 2073600 2073600 4 6 345057 994560 993600 78278 78566 93835 94378 6 6 6 6 73 4 4 4 4 
[ 7371.138850] MESSAGE_B= 0 4 4 61 16 1 192 0 248 179 0 387 391 386 394 305 399 308 400 212 215 212 217 269 241 272 244 0 6 255 255 255 255 164 151 186 162 0 0 0 0 2 2 2 2 16 1 7002 842066 791034 4606 2 771710 773614 779820 714744 635866 790970 23920 11334 332 6082 10106 14766 15510 10028 10536 2073600 2073600 2 6 318162 990720 993600 73831 73225 85271 85835 6 6 6 6 57 4 4 4 4 
[ 7371.416335] MESSAGE_B= 4 4 4 61 8 1 192 0 248 179 0 575 631 575 632 730 637 730 640 28 52 32 47 118 61 118 61 0 12 251 249 255 255 0 97 0 107 0 0 0 0 2 2 2 2 8 1 9230 642982 791034 4606 2 771710 773614 779820 714744 635866 790970 23920 11334 332 6082 10106 14766 15510 10028 10536 2073600 2073600 5 12 400590 994560 993600 111382 111638 88937 88633 12 12 12 12 33 4 4 4 4 
[ 7371.574449] MESSAGE_B= 4 4 4 61 10 1 192 0 248 179 0 585 642 587 640 844 687 844 688 66 91 59 82 158 62 161 69 0 12 255 255 255 253 26 15 39 30 0 0 0 0 2 2 2 2 10 1 2680 580974 791034 4606 2 771710 773614 779820 714744 635866 790970 23920 11334 332 6082 10106 14766 15510 10028 10536 2073600 2073600 5 12 295944 990720 993600 72177 71212 76538 76017 12 12 12 12 33 4 4 4 4 
[ 7371.850853] MESSAGE_B= 4 4 4 63 16 1 192 0 248 179 0 1473 1229 1460 1245 0 789 0 800 375 535 361 569 0 121 0 128 0 6 252 255 0 243 0 90 0 0 0 0 1 0 1 2 1 2 16 1 8420 595336 791034 4606 2 771710 773614 779820 714744 635866 790970 23920 11334 332 6082 10106 14766 15510 10028 10536 2073600 2073600 5 12 256487 994560 993600 69997 70710 75638 75195 6 6 12 12 23 4 4 4 4 
[ 7372.132850] MESSAGE_B= 4 4 4 64 18 1 192 0 248 179 0 681 792 682 790 993 863 997 865 121 154 120 148 147 117 154 119 0 12 255 255 255 254 43 148 28 163 0 0 0 0 2 2 2 2 18 1 7360 588560 791034 4606 2 771710 773614 779820 714744 635866 790970 23920 11334 332 6082 10106 14766 15510 10028 10536 2073600 2073600 5 12 312847 990720 993600 73381 72777 83561 83128 12 12 12 12 23 4 4 4 4 
[ 7372.408861] MESSAGE_B= 4 4 4 63 17 1 192 0 248 179 0 692 817 690 813 926 857 944 863 114 146 117 139 94 118 99 118 0 12 255 255 251 253 72 69 53 58 0 0 0 0 2 2 2 2 17 1 5988 635016 736966 613774 650134 822818 751730 728906 135808 449676 748024 6962 3174 8826 15650 9850 3120 16414 13714 10476 2073600 2073600 5 12 321309 994560 993600 75936 75445 84998 84930 12 12 12 12 23 4 4 4 4 
[ 7372.685967] MESSAGE_B= 4 4 4 64 14 1 192 0 248 179 0 690 873 692 867 963 867 970 872 99 146 99 144 145 118 156 119 0 12 255 255 255 253 197 156 187 166 0 0 0 0 2 2 2 2 14 1 5492 653398 736966 613774 650134 822818 751730 728906 135808 449676 748024 6962 3174 8826 15650 9850 3120 16414 13714 10476 2073600 2073600 5 12 317291 990720 993600 76158 75709 82641 82783 12 12 12 12 23 4 4 4 4 
[ 7372.966848] MESSAGE_B= 4 4 4 66 14 1 192 0 248 179 0 627 1029 627 1028 1008 905 1015 909 73 415 73 417 185 145 189 147 0 12 255 255 255 254 160 81 180 77 0 0 0 0 2 2 2 2 14 1 4358 672608 736966 613774 650134 822818 751730 728906 135808 449676 748024 6962 3174 8826 15650 9850 3120 16414 13714 10476 2073600 2073600 5 12 299779 994560 993600 74756 74768 75186 75069 12 12 12 12 23 4 4 4 4 
[ 7373.243852] MESSAGE_B= 4 4 4 68 51 1 192 0 248 179 0 627 869 627 863 1019 1039 1030 1038 69 158 72 162 223 164 232 158 0 12 255 254 255 255 149 90 184 91 0 0 0 0 2 2 2 2 51 1 5898 644590 736966 613774 650134 822818 751730 728906 135808 449676 748024 6962 3174 8826 15650 9850 3120 16414 13714 10476 2073600 2073600 5 12 284523 990720 993600 76008 75565 66744 66206 12 12 12 12 22 4 4 4 4 
[ 7373.520844] MESSAGE_B= 4 4 4 76 67 1 192 0 248 179 0 0 988 0 990 851 971 852 959 0 79 0 66 39 115 43 100 0 12 0 204 255 234 0 0 0 0 1 0 0 0 1 1 1 1 67 1 9486 677350 736966 613774 650134 822818 751730 728906 135808 449676 748024 6962 3174 8826 15650 9850 3120 16414 13714 10476 2073600 2073600 5 12 264627 994560 993600 74440 74075 65398 65957 12 12 6 6 24 4 4 4 4 
[ 7373.795847] MESSAGE_B= 4 0 4 66 22 1 192 0 248 179 0 0 938 0 937 848 1023 850 1030 0 138 0 130 24 56 42 58 0 12 0 241 255 154 0 0 0 206 1 0 0 0 1 2 1 2 22 1 7510 595576 736966 613774 650134 822818 751730 728906 135808 449676 748024 6962 3174 8826 15650 9850 3120 16414 13714 10476 2073600 2073600 5 6 279601 990720 993600 65932 66011 80663 81215 12 12 6 6 38 4 0 0 0 
[ 7374.075656] MESSAGE_B= 4 4 4 61 35 1 192 0 248 179 0 294 50 295 52 195 177 197 161 229 196 229 204 273 483 276 436 0 6 255 255 255 255 142 243 79 252 0 0 0 0 2 2 2 2 35 1 11356 853250 736966 613774 650134 822818 751730 728906 135808 449676 748024 6962 3174 8826 15650 9850 3120 16414 13714 10476 2073600 2073600 5 6 342028 994560 993600 78775 79302 91734 92217 6 6 6 6 64 4 4 4 4 
[ 7374.353878] MESSAGE_B= 4 4 4 61 18 1 192 0 248 179 0 2087 2093 2067 2079 2190 2126 2172 2114 1159 1163 1148 1156 1220 1181 1208 1176 0 31 255 255 255 255 75 83 72 85 0 0 0 0 0 0 0 0 18 1 12980 653022 736966 613774 650134 822818 751730 728906 135808 449676 748024 6962 3174 8826 15650 9850 3120 16414 13714 10476 2073600 2073600 5 20 182526 990720 993600 51686 58776 55997 53966 20 20 6 6 191 4 4 4 4 
[ 7374.634852] MESSAGE_B= 0 4 4 61 3 1 192 0 248 179 0 2371 2408 2370 2408 2355 2394 2354 2393 1320 1341 1319 1341 1310 1331 1310 1332 0 31 255 255 255 255 79 79 79 79 0 0 0 0 0 0 0 0 3 1 72878 662476 736966 613774 650134 822818 751730 728906 135808 449676 748024 6962 3174 8826 15650 9850 3120 16414 13714 10476 2073600 2073600 2 22 214910 994560 993600 45575 46550 61286 61499 22 22 22 22 191 4 4 4 4 
[ 7374.795421] MESSAGE_B= 0 4 4 61 6 1 192 0 248 179 0 1956 2105 1955 2106 1785 1991 1786 1991 1280 1173 1280 1174 1357 1298 1357 1298 0 20 255 255 255 255 72 117 74 116 0 0 0 0 2 2 2 2 6 1 8936 452446 104486 233126 141854 812214 805906 761280 550840 273616 459172 3004 6322 6778 2616 9928 7852 12124 47432 60 2073600 2073600 2 20 322928 990720 993600 74937 75514 86142 86335 20 20 20 20 53 4 4 4 4 
[ 7375.081857] MESSAGE_B= 4 4 4 65 7 1 192 0 248 179 0 1499 1475 1498 1477 1452 1540 1456 1543 833 819 831 819 811 860 814 862 0 16 255 255 255 255 84 89 86 90 0 0 0 0 2 0 2 0 7 1 3474 448308 104486 233126 141854 812214 805906 761280 550840 273616 459172 3004 6322 6778 2616 9928 7852 12124 47432 60 2073600 2073600 5 16 274568 994560 993600 62346 62584 74590 75048 16 16 16 16 77 4 4 4 4 
[ 7375.360848] MESSAGE_B= 4 4 4 103 12 1 192 0 248 179 0 1107 1107 1114 1106 1052 1091 1046 1090 90 61 79 70 108 101 102 109 0 12 251 255 248 255 130 219 113 197 0 0 0 0 2 2 2 2 12 1 10434 521404 104486 233126 141854 812214 805906 761280 550840 273616 459172 3004 6322 6778 2616 9928 7852 12124 47432 60 2073600 2073600 5 12 280040 990720 993600 64478 65325 75003 75234 12 12 12 12 81 4 4 4 4 
[ 7375.639882] MESSAGE_B= 4 4 4 72 13 1 192 0 248 179 0 946 842 945 848 942 946 937 949 88 79 87 76 99 136 101 138 0 12 255 255 253 255 15 178 37 203 0 0 0 0 2 2 2 2 13 1 9806 494642 104486 233126 141854 812214 805906 761280 550840 273616 459172 3004 6322 6778 2616 9928 7852 12124 47432 60 2073600 2073600 5 12 348407 994560 993600 78345 78744 95541 95777 12 12 12 12 81 4 4 4 4 
[ 7375.914869] MESSAGE_B= 4 4 4 85 14 1 192 0 248 179 0 970 854 976 855 938 965 942 965 80 80 76 79 124 138 127 133 0 12 254 254 253 255 25 177 50 186 0 0 0 0 2 2 2 2 14 1 4156 513326 104486 233126 141854 812214 805906 761280 550840 273616 459172 3004 6322 6778 2616 9928 7852 12124 47432 60 2073600 2073600 5 12 349612 990720 993600 76932 77554 97407 97719 12 12 12 12 69 4 4 4 4 
[ 7376.090915] MESSAGE_B= 4 4 4 88 10 1 192 0 248 179 0 983 853 980 855 937 973 935 973 85 74 93 77 124 125 130 126 0 12 255 255 250 255 33 125 52 104 0 0 0 0 2 2 2 2 10 1 6520 350468 104486 233126 141854 812214 805906 761280 550840 273616 459172 3004 6322 6778 2616 9928 7852 12124 47432 60 2073600 2073600 5 12 349727 994560 993600 76668 77369 97840 97850 12 12 12 12 70 4 4 4 4 
[ 7376.367849] MESSAGE_B= 4 4 4 89 11 1 192 0 248 179 0 976 837 962 839 930 964 935 961 75 67 76 61 144 125 140 124 0 12 248 255 254 255 41 74 74 81 0 0 0 0 2 2 2 2 11 1 2598 476588 104486 233126 141854 812214 805906 761280 550840 273616 459172 3004 6322 6778 2616 9928 7852 12124 47432 60 2073600 2073600 5 12 351013 990720 993600 76728 77345 98400 98540 12 12 12 12 70 4 4 4 4 
[ 7376.650418] MESSAGE_B= 4 4 4 88 12 1 192 0 248 179 0 959 848 956 851 930 970 924 968 98 57 95 69 132 123 123 126 0 12 253 255 254 255 74 37 70 35 0 0 0 0 2 2 2 2 12 1 6796 335896 104486 233126 141854 812214 805906 761280 550840 273616 459172 3004 6322 6778 2616 9928 7852 12124 47432 60 2073600 2073600 5 12 351522 994560 993600 77327 77983 98069 98143 12 12 12 12 71 4 4 4 4 
[ 7376.925862] MESSAGE_B= 4 4 4 84 10 1 192 0 248 179 0 960 846 960 848 913 978 908 977 103 53 100 45 117 116 107 114 0 12 254 255 255 255 50 0 26 38 0 0 0 0 2 2 2 2 10 1 3036 458496 104486 233126 141854 812214 805906 761280 550840 273616 459172 3004 6322 6778 2616 9928 7852 12124 47432 60 2073600 2073600 5 12 351174 990720 993600 77332 77490 98192 98160 12 12 12 12 71 4 4 4 4 
[ 7377.205308] MESSAGE_B= 4 4 4 83 12 0 192 0 248 179 0 965 856 967 862 908 992 905 993 103 42 97 47 98 115 105 108 0 12 253 255 254 255 25 20 19 21 0 0 0 0 2 2 2 2 12 0 7828 349848 367792 298410 4426 275968 372782 286338 569282 436206 378002 5828 3878 3434 8790 9328 6302 40742 10390 8908 2073600 2073600 5 12 347256 994560 993600 75995 76386 97392 97483 12 12 12 12 71 4 4 4 4 
[ 7377.481855] MESSAGE_B= 4 4 4 86 9 1 192 0 248 179 0 964 872 963 873 899 980 901 978 97 54 107 52 94 113 94 113 0 12 255 250 254 255 47 102 47 23 0 0 0 0 2 2 2 2 9 1 3174 430448 367792 298410 4426 275968 372782 286338 569282 436206 378002 5828 3878 3434 8790 9328 6302 40742 10390 8908 2073600 2073600 5 12 345604 990720 993600 75342 75551 97207 97504 12 12 12 12 69 4 4 4 4 
[ 7377.760850] MESSAGE_B= 4 4 4 87 10 1 192 0 248 179 0 962 881 962 886 912 970 914 972 108 61 100 55 101 118 110 120 0 12 255 255 254 254 57 15 39 69 0 0 0 0 2 2 2 2 10 1 7434 385874 367792 298410 4426 275968 372782 286338 569282 436206 378002 5828 3878 3434 8790 9328 6302 40742 10390 8908 2073600 2073600 5 12 344697 994560 993600 74046 74296 97989 98366 12 12 12 12 68 4 4 4 4 
[ 7378.035856] MESSAGE_B= 4 4 4 83 8 1 192 0 248 179 0 966 912 968 919 915 970 917 971 104 64 108 70 101 118 96 117 0 12 253 253 254 255 15 79 47 34 0 0 0 0 2 2 2 2 8 1 3646 429220 367792 298410 4426 275968 372782 286338 569282 436206 378002 5828 3878 3434 8790 9328 6302 40742 10390 8908 2073600 2073600 5 12 339050 990720 993600 71069 71179 98184 98618 12 12 12 12 65 4 4 4 4 
[ 7378.312851] MESSAGE_B= 4 4 4 83 18 1 192 0 248 179 0 967 925 969 931 916 958 914 955 110 76 104 73 99 106 100 103 0 12 255 254 253 255 47 6 27 42 0 0 0 0 2 2 2 2 18 1 6316 379646 367792 298410 4426 275968 372782 286338 569282 436206 378002 5828 3878 3434 8790 9328 6302 40742 10390 8908 2073600 2073600 5 12 338385 994560 993600 69270 69204 99782 100129 12 12 12 12 62 4 4 4 4 
[ 7378.596675] MESSAGE_B= 4 4 4 86 13 1 192 0 248 179 0 1000 939 1010 939 941 959 951 960 98 81 95 81 110 90 122 95 0 12 254 255 250 255 59 95 55 97 0 0 0 0 2 2 2 2 13 1 4964 500196 367792 298410 4426 275968 372782 286338 569282 436206 378002 5828 3878 3434 8790 9328 6302 40742 10390 8908 2073600 2073600 5 12 333454 990720 993600 66415 65991 100530 100518 12 12 12 12 59 4 4 4 4 
[ 7378.871850] MESSAGE_B= 4 4 4 86 17 1 192 0 248 179 0 1015 935 1019 936 947 969 940 975 115 82 114 81 153 92 156 96 0 12 255 255 249 253 45 128 28 116 0 0 0 0 2 2 2 2 17 1 6308 400024 367792 298410 4426 275968 372782 286338 569282 436206 378002 5828 3878 3434 8790 9328 6302 40742 10390 8908 2073600 2073600 5 12 328958 994560 993600 63223 62954 101414 101367 12 12 12 12 58 4 4 4 4 
[ 7379.157857] MESSAGE_B= 4 4 4 67 11 1 192 0 248 179 0 932 912 929 912 848 665 854 666 304 226 293 219 277 31 277 36 0 12 255 255 254 245 13 55 48 27 0 0 0 0 2 2 2 2 11 1 3934 558070 367792 298410 4426 275968 372782 286338 569282 436206 378002 5828 3878 3434 8790 9328 6302 40742 10390 8908 2073600 2073600 5 12 355704 990720 993600 84541 84190 93579 93394 12 12 12 12 55 4 4 4 4 
[ 7379.441853] MESSAGE_B= 4 4 4 67 9 1 192 0 248 179 0 928 896 929 899 857 667 864 665 307 227 305 229 273 42 276 44 0 12 255 255 254 240 42 88 8 53 0 0 0 0 2 2 2 2 9 1 5782 476174 367792 298410 4426 275968 372782 286338 569282 436206 378002 5828 3878 3434 8790 9328 6302 40742 10390 8908 2073600 2073600 5 12 355785 994560 993600 84831 84695 93188 93071 12 12 12 12 29 4 4 4 4 
[ 7379.601005] MESSAGE_B= 4 4 4 67 8 1 192 0 248 179 0 918 897 919 899 858 666 860 666 296 226 300 225 272 41 271 43 0 12 255 255 255 250 39 38 37 34 0 0 0 0 2 2 2 2 8 1 3344 528964 346210 420562 330042 407372 476842 465658 502876 428768 303398 3108 53566 7306 5750 7272 6530 81264 10700 4368 2073600 2073600 5 12 355501 990720 993600 84721 84378 93282 93120 12 12 12 12 29 4 4 4 4 
[ 7379.883676] MESSAGE_B= 4 4 4 67 8 1 192 0 248 179 0 923 902 926 902 871 671 867 672 307 230 309 228 277 36 270 35 0 12 255 255 255 247 9 37 5 32 0 0 0 0 2 2 2 2 8 1 5328 495274 346210 420562 330042 407372 476842 465658 502876 428768 303398 3108 53566 7306 5750 7272 6530 81264 10700 4368 2073600 2073600 5 12 357438 994560 993600 84974 84785 93786 93893 12 12 12 12 26 4 4 4 4 
[ 7380.158847] MESSAGE_B= 4 4 4 66 9 1 192 0 248 179 0 923 900 923 901 874 667 869 667 300 233 302 231 290 43 284 30 0 12 255 255 254 255 30 82 11 43 0 0 0 0 2 2 2 2 9 1 2486 518820 346210 420562 330042 407372 476842 465658 502876 428768 303398 3108 53566 7306 5750 7272 6530 81264 10700 4368 2073600 2073600 5 12 358354 990720 993600 84777 84581 94525 94471 12 12 12 12 26 4 4 4 4 
[ 7380.437349] MESSAGE_B= 4 4 4 66 8 1 192 0 248 179 0 914 903 914 905 879 672 877 670 299 233 296 230 285 39 283 39 0 12 255 255 255 249 1 73 3 13 0 0 0 0 2 2 2 2 8 1 5356 490622 346210 420562 330042 407372 476842 465658 502876 428768 303398 3108 53566 7306 5750 7272 6530 81264 10700 4368 2073600 2073600 5 12 356914 994560 993600 84348 84299 94127 94140 12 12 12 12 26 4 4 4 4 
[ 7380.718856] MESSAGE_B= 4 4 4 67 8 1 192 0 248 179 0 923 907 920 905 889 670 882 671 307 231 305 231 294 27 284 31 0 12 255 255 255 241 11 19 6 3 0 0 0 0 2 2 2 2 8 1 4014 520072 346210 420562 330042 407372 476842 465658 502876 428768 303398 3108 53566 7306 5750 7272 6530 81264 10700 4368 2073600 2073600 5 12 360205 990720 993600 85130 84824 95006 95245 12 12 12 12 24 4 4 4 4 
[ 7380.998957] MESSAGE_B= 4 4 4 66 9 1 192 0 248 179 0 918 909 915 910 889 677 884 677 297 232 290 232 283 36 279 41 0 12 255 255 254 251 15 56 12 66 0 0 0 0 2 2 2 2 9 1 6146 497422 346210 420562 330042 407372 476842 465658 502876 428768 303398 3108 53566 7306 5750 7272 6530 81264 10700 4368 2073600 2073600 5 12 359076 994560 993600 84725 84734 94755 94862 12 12 12 12 21 4 4 4 4 
[ 7381.283849] MESSAGE_B= 4 4 4 66 9 1 192 0 248 179 0 920 886 918 899 889 669 888 668 304 262 301 254 283 45 282 36 0 12 255 253 255 255 7 22 24 3 0 0 0 0 2 2 2 2 9 1 4360 518558 346210 420562 330042 407372 476842 465658 502876 428768 303398 3108 53566 7306 5750 7272 6530 81264 10700 4368 2073600 2073600 5 12 376281 990720 993600 93127 92937 95015 95202 12 12 12 12 28 4 4 4 4 
[ 7381.560511] MESSAGE_B= 4 4 4 74 12 1 192 0 248 179 0 848 838 851 837 866 615 867 616 177 164 172 160 288 32 291 35 0 12 255 255 255 255 44 28 20 1 0 0 0 0 2 2 2 2 12 1 6896 496756 346210 420562 330042 407372 476842 465658 502876 428768 303398 3108 53566 7306 5750 7272 6530 81264 10700 4368 2073600 2073600 5 12 347734 994560 993600 87627 87858 86007 86242 12 12 12 12 60 4 4 4 4 
[ 7381.840848] MESSAGE_B= 4 4 4 66 11 1 192 0 248 179 0 803 885 805 885 1015 651 1016 651 104 133 105 128 339 36 341 38 0 12 254 255 253 246 198 53 154 51 0 0 0 0 2 2 2 2 11 1 6904 502020 346210 420562 330042 407372 476842 465658 502876 428768 303398 3108 53566 7306 5750 7272 6530 81264 10700 4368 2073600 2073600 5 12 334872 990720 993600 76947 76743 90346 90836 12 12 12 12 60 4 4 4 4 
[ 7382.127286] MESSAGE_B= 4 4 4 66 9 1 192 0 248 179 0 807 883 809 883 1000 655 997 655 132 130 136 131 327 19 326 32 0 12 255 255 255 255 148 43 173 81 0 0 0 0 2 2 2 2 9 1 8572 529624 496154 396994 69750 403528 521730 278120 908078 541514 231878 5276 68070 2950 4158 6764 3214 85452 15076 6442 2073600 2073600 5 12 336449 994560 993600 78030 77973 90173 90273 12 12 12 12 43 4 4 4 4 
[ 7382.286238] MESSAGE_B= 4 4 4 65 9 1 192 0 248 179 0 811 885 814 886 1010 651 1006 652 147 129 156 128 341 33 337 23 0 12 255 255 255 255 157 18 176 28 0 0 0 0 2 2 2 2 9 1 3496 569588 496154 396994 69750 403528 521730 278120 908078 541514 231878 5276 68070 2950 4158 6764 3214 85452 15076 6442 2073600 2073600 5 12 336895 990720 993600 78246 78100 90084 90465 12 12 12 12 21 4 4 4 4 
[ 7382.565852] MESSAGE_B= 4 4 4 66 10 1 192 0 248 179 0 829 891 830 892 1003 651 998 651 205 130 201 129 335 33 333 23 0 12 255 255 255 251 186 54 173 65 0 0 0 0 2 2 2 2 10 1 5114 688554 496154 396994 69750 403528 521730 278120 908078 541514 231878 5276 68070 2950 4158 6764 3214 85452 15076 6442 2073600 2073600 5 12 338102 994560 993600 78144 78059 90857 91042 12 12 12 12 18 4 4 4 4 
[ 7382.842850] MESSAGE_B= 4 4 4 65 10 1 192 0 248 179 0 839 892 841 893 994 650 991 650 226 127 229 128 326 21 324 37 0 12 255 255 255 255 115 40 160 6 0 0 0 0 2 2 2 2 10 1 4200 569724 496154 396994 69750 403528 521730 278120 908078 541514 231878 5276 68070 2950 4158 6764 3214 85452 15076 6442 2073600 2073600 5 12 337414 990720 993600 78157 78052 90390 90815 12 12 12 12 17 4 4 4 4 
[ 7383.118847] MESSAGE_B= 4 4 4 65 10 1 192 0 248 179 0 851 891 854 890 996 654 988 654 241 124 244 128 324 19 319 19 0 12 255 255 255 213 187 6 159 3 0 0 0 0 2 2 2 2 10 1 4664 663136 496154 396994 69750 403528 521730 278120 908078 541514 231878 5276 68070 2950 4158 6764 3214 85452 15076 6442 2073600 2073600 5 12 338866 994560 993600 78478 78350 90924 91114 12 12 12 12 16 4 4 4 4 
[ 7383.395889] MESSAGE_B= 4 4 4 66 11 1 192 0 248 179 0 883 893 884 896 990 652 985 651 281 132 280 127 324 18 324 36 0 12 255 255 255 255 124 14 152 50 0 0 0 0 2 2 2 2 11 1 3448 571828 496154 396994 69750 403528 521730 278120 908078 541514 231878 5276 68070 2950 4158 6764 3214 85452 15076 6442 2073600 2073600 5 12 338311 990720 993600 78631 78512 90530 90638 12 12 12 12 24 4 4 4 4 
[ 7383.637863] MESSAGE_B= 4 4 4 66 10 1 192 0 248 179 0 916 889 918 891 988 653 983 654 311 131 316 131 333 34 326 20 0 12 255 255 255 255 136 60 142 30 0 0 0 0 2 2 2 2 10 1 6378 663036 496154 396994 69750 403528 521730 278120 908078 541514 231878 5276 68070 2950 4158 6764 3214 85452 15076 6442 2073600 2073600 5 12 340244 994560 993600 79727 79721 90322 90474 12 12 12 12 27 4 4 4 4 
[ 7383.917846] MESSAGE_B= 4 4 4 66 12 1 192 0 248 179 0 975 886 977 888 953 649 955 649 343 138 342 143 317 25 320 35 0 12 255 255 255 253 71 6 82 11 0 0 0 0 2 2 2 2 12 1 4698 577576 496154 396994 69750 403528 521730 278120 908078 541514 231878 5276 68070 2950 4158 6764 3214 85452 15076 6442 2073600 2073600 5 12 343066 990720 993600 81367 81477 90011 90211 12 12 12 12 29 4 4 4 4 
[ 7384.192889] MESSAGE_B= 4 4 4 66 10 1 192 0 248 179 0 1015 885 1013 884 948 653 947 651 350 147 349 148 319 26 315 38 0 12 255 255 254 255 38 14 29 24 0 0 0 0 2 2 2 2 10 1 6338 598166 496154 396994 69750 403528 521730 278120 908078 541514 231878 5276 68070 2950 4158 6764 3214 85452 15076 6442 2073600 2073600 5 12 344188 994560 993600 82476 82366 89524 89822 12 12 12 12 29 4 4 4 4 
[ 7384.476321] MESSAGE_B= 4 4 4 67 10 1 192 0 248 179 0 1052 880 1054 879 950 655 945 655 359 146 365 146 323 24 320 19 0 12 255 255 255 227 48 14 37 9 0 0 0 0 2 2 2 2 10 1 3462 545358 457568 556966 80854 500624 546912 351000 960522 546010 386500 7212 78306 450 4690 8070 4976 75846 12182 7890 2073600 2073600 5 12 343154 990720 993600 82436 82504 89067 89147 12 12 12 12 29 4 4 4 4 
[ 7384.758859] MESSAGE_B= 4 4 4 66 11 1 192 0 248 179 0 1085 878 1082 880 963 658 962 658 352 151 348 156 336 30 332 32 0 12 255 255 255 246 60 54 55 16 0 0 0 0 2 2 2 2 11 1 6498 523322 457568 556966 80854 500624 546912 351000 960522 546010 386500 7212 78306 450 4690 8070 4976 75846 12182 7890 2073600 2073600 5 12 343823 994560 993600 82296 82329 89509 89689 12 12 12 12 24 4 4 4 4 
[ 7385.041883] MESSAGE_B= 4 4 4 67 10 1 192 0 248 179 0 1079 879 1077 883 942 656 945 657 375 159 374 157 311 36 313 23 0 12 254 255 255 255 48 66 45 30 0 0 0 0 2 2 2 2 10 1 3718 528790 457568 556966 80854 500624 546912 351000 960522 546010 386500 7212 78306 450 4690 8070 4976 75846 12182 7890 2073600 2073600 5 12 343770 990720 993600 81781 81847 89937 90205 12 12 12 12 21 4 4 4 4 
[ 7385.201854] MESSAGE_B= 4 4 4 67 11 1 192 0 248 179 0 1075 880 1077 883 940 652 943 653 376 161 383 158 310 36 314 40 0 12 255 255 255 253 46 68 47 64 0 0 0 0 2 2 2 2 11 1 9044 534408 457568 556966 80854 500624 546912 351000 960522 546010 386500 7212 78306 450 4690 8070 4976 75846 12182 7890 2073600 2073600 5 12 342754 994560 993600 81741 81868 89354 89791 12 12 12 12 21 4 4 4 4 
[ 7385.477857] MESSAGE_B= 4 4 4 66 11 1 192 0 248 179 0 1076 880 1080 884 943 656 942 657 361 159 367 159 311 32 306 38 0 12 255 255 255 249 47 15 48 2 0 0 0 0 2 2 2 2 11 1 3024 529090 457568 556966 80854 500624 546912 351000 960522 546010 386500 7212 78306 450 4690 8070 4976 75846 12182 7890 2073600 2073600 5 12 343852 990720 993600 81817 82010 90017 90008 12 12 12 12 20 4 4 4 4 
[ 7385.752868] MESSAGE_B= 4 4 4 66 10 1 192 0 248 179 0 1087 873 1084 876 935 643 937 642 369 157 362 160 319 24 320 21 0 12 255 255 255 236 56 63 56 14 0 0 0 0 2 2 2 2 10 1 6990 519488 457568 556966 80854 500624 546912 351000 960522 546010 386500 7212 78306 450 4690 8070 4976 75846 12182 7890 2073600 2073600 5 12 345061 994560 993600 81945 81934 90606 90576 12 12 12 12 16 4 4 4 4 
[ 7386.036408] MESSAGE_B= 4 4 4 87 30 1 192 0 248 179 0 1241 788 1237 787 1467 786 1467 785 178 33 177 42 346 47 349 54 0 12 255 244 255 254 149 139 154 137 0 0 0 0 2 2 2 2 30 1 3128 528474 457568 556966 80854 500624 546912 351000 960522 546010 386500 7212 78306 450 4690 8070 4976 75846 12182 7890 2073600 2073600 5 12 366536 990720 993600 89883 90046 93143 93464 12 12 12 12 34 4 4 4 4 
[ 7386.322965] MESSAGE_B= 4 4 4 98 35 1 192 0 248 179 0 1297 888 1294 891 1504 773 1498 717 201 116 196 115 351 120 346 133 0 12 255 250 255 221 139 203 156 213 0 0 0 0 2 2 2 2 35 1 3796 533020 457568 556966 80854 500624 546912 351000 960522 546010 386500 7212 78306 450 4690 8070 4976 75846 12182 7890 2073600 2073600 5 12 397786 994560 993600 98085 98228 100629 100844 12 12 12 12 34 4 4 4 4 
[ 7386.602845] MESSAGE_B= 4 4 4 98 44 1 192 0 248 179 0 1308 1008 1304 1002 1521 816 1514 781 198 399 190 398 343 132 333 151 0 12 255 255 255 236 148 220 141 218 0 0 0 0 2 2 2 2 44 1 4640 341288 457568 556966 80854 500624 546912 351000 960522 546010 386500 7212 78306 450 4690 8070 4976 75846 12182 7890 2073600 2073600 5 12 399615 990720 993600 98725 98898 100873 101119 12 12 12 12 30 4 4 4 4 
[ 7386.880861] MESSAGE_B= 4 4 4 98 36 1 192 0 248 179 0 1268 929 1267 930 1444 932 1440 906 175 73 171 73 299 130 287 137 0 12 255 247 255 229 124 12 107 26 0 0 0 0 2 2 2 2 36 1 4600 367470 143078 428938 80458 457728 502504 322070 904400 186434 173834 8508 64490 1314 8702 8542 5668 72912 10540 5964 2073600 2073600 5 12 379944 994560 993600 89812 90120 99874 100138 12 12 12 12 53 4 4 4 4 
[ 7387.161687] MESSAGE_B= 4 4 4 99 40 1 192 0 248 179 0 1311 1022 1313 1028 1472 1067 1472 1109 148 127 148 121 285 167 280 179 0 12 255 253 255 241 106 97 105 94 0 0 0 0 2 2 2 2 40 1 10218 288676 143078 428938 80458 457728 502504 322070 904400 186434 173834 8508 64490 1314 8702 8542 5668 72912 10540 5964 2073600 2073600 5 12 334748 990720 993600 76823 77261 89765 90899 12 12 12 12 56 4 4 4 4 
[ 7387.438860] MESSAGE_B= 4 4 4 102 52 1 192 0 248 179 0 1302 1090 1305 1084 1406 1081 1408 1088 122 148 121 142 200 138 197 143 0 12 255 255 255 241 124 40 121 25 0 0 0 0 2 2 2 2 52 1 8856 464444 143078 428938 80458 457728 502504 322070 904400 186434 173834 8508 64490 1314 8702 8542 5668 72912 10540 5964 2073600 2073600 5 12 325345 994560 993600 73762 74383 88235 88965 12 12 12 12 56 4 4 4 4 
[ 7387.599897] MESSAGE_B= 4 4 4 107 39 1 192 0 248 179 0 1267 1032 1269 1038 1453 980 1455 1034 124 108 122 104 219 198 217 238 0 12 255 254 255 249 157 53 131 5 0 0 0 0 2 2 2 2 39 1 12644 428572 143078 428938 80458 457728 502504 322070 904400 186434 173834 8508 64490 1314 8702 8542 5668 72912 10540 5964 2073600 2073600 5 12 321186 990720 993600 70107 70168 90190 90721 12 12 12 12 48 4 4 4 4 
[ 7387.878850] MESSAGE_B= 4 4 4 97 41 1 192 0 248 179 0 1292 1134 1294 1134 1423 1101 1421 1148 99 101 92 85 105 193 100 233 0 12 255 253 252 251 173 118 154 124 0 0 0 0 2 2 2 2 41 1 9536 490120 143078 428938 80458 457728 502504 322070 904400 186434 173834 8508 64490 1314 8702 8542 5668 72912 10540 5964 2073600 2073600 5 12 291944 994560 993600 64932 65345 80386 81281 12 12 12 12 82 4 4 4 4 
[ 7388.155852] MESSAGE_B= 0 4 4 88 115 3 192 0 248 179 0 2936 1357 2926 1349 2983 1630 2971 1638 91 193 84 193 126 167 126 171 0 12 255 254 255 249 145 55 113 57 0 0 0 0 2 2 2 2 115 3 15608 482918 143078 428938 80458 457728 502504 322070 904400 186434 173834 8508 64490 1314 8702 8542 5668 72912 10540 5964 2073600 2073600 5 12 249818 990720 993600 59705 59828 64950 65335 12 12 12 12 188 4 4 4 4 
[ 7388.438862] MESSAGE_B= 4 4 4 73 453 0 192 0 248 179 0 2196 1113 2181 1118 1900 1512 1915 1539 1312 739 1290 740 1181 940 1182 959 0 0 255 255 255 253 205 163 203 174 0 0 0 0 2 2 0 2 453 0 16256 575688 143078 428938 80458 457728 502504 322070 904400 186434 173834 8508 64490 1314 8702 8542 5668 72912 10540 5964 2073600 2073600 4 0 251125 994560 993600 58675 58650 66893 66907 0 0 0 0 188 4 4 4 4 
[ 7388.718662] MESSAGE_B= 0 4 4 107 318 0 192 0 248 179 0 1661 820 1649 834 1645 843 1626 858 944 452 938 459 919 475 908 483 0 31 255 255 255 255 144 100 145 100 0 0 0 0 0 0 0 0 318 0 8486 508264 143078 428938 80458 457728 502504 322070 904400 186434 173834 8508 64490 1314 8702 8542 5668 72912 10540 5964 2073600 2073600 2 0 215446 990720 993600 49199 49659 58527 58061 0 0 0 0 109 4 4 4 4 
[ 7388.997856] MESSAGE_B= 4 4 4 86 460 0 192 0 248 179 0 1279 1046 1254 1060 1262 902 1212 951 764 596 745 606 760 577 725 612 0 0 255 255 255 255 101 46 93 52 0 0 0 0 2 2 2 2 460 0 48618 597960 143078 428938 80458 457728 502504 322070 904400 186434 173834 8508 64490 1314 8702 8542 5668 72912 10540 5964 2073600 2073600 4 0 219740 994560 993600 45382 45456 64640 64262 0 0 0 0 109 4 4 4 4 
[ 7389.273870] MESSAGE_B= 4 4 4 84 315 0 192 0 248 179 0 1424 876 1409 902 1507 1016 1485 1043 793 500 785 516 839 574 828 588 0 31 255 255 255 255 121 152 120 151 0 0 0 0 0 0 0 0 315 0 20520 515868 174686 191670 165206 283042 396648 440416 182466 222288 233214 5298 73310 14778 9644 13670 24620 72748 26630 20742 2073600 2073600 4 0 210546 990720 993600 46277 46402 59136 58731 0 0 0 0 81 4 4 4 4 
[ 7389.552977] MESSAGE_B= 0 4 4 100 154 0 192 0 248 179 0 1208 533 1193 564 1105 647 1086 689 676 297 668 316 659 362 652 382 0 31 255 255 255 255 178 99 179 100 0 0 0 0 0 0 0 0 154 0 7810 501796 174686 191670 165206 283042 396648 440416 182466 222288 233214 5298 73310 14778 9644 13670 24620 72748 26630 20742 2073600 2073600 2 12 231508 994560 993600 57428 56178 59518 58384 12 12 12 12 74 4 4 4 4 
[ 7389.829856] MESSAGE_B= 4 4 4 91 34 2 192 0 248 179 0 885 760 888 757 994 882 1000 873 82 78 84 71 119 73 129 70 0 12 255 254 255 248 90 1 85 5 0 0 0 0 2 2 2 2 34 2 14038 573816 174686 191670 165206 283042 396648 440416 182466 222288 233214 5298 73310 14778 9644 13670 24620 72748 26630 20742 2073600 2073600 5 12 310429 990720 993600 72644 73253 82011 82521 12 12 12 12 61 4 4 4 4 
[ 7389.988848] MESSAGE_B= 4 4 4 112 19 2 192 0 248 179 0 852 835 856 824 971 857 972 852 97 161 97 146 142 99 140 97 0 12 255 255 255 250 3 49 4 39 0 0 0 0 2 2 2 2 19 2 28166 450910 174686 191670 165206 283042 396648 440416 182466 222288 233214 5298 73310 14778 9644 13670 24620 72748 26630 20742 2073600 2073600 4 12 329355 994560 993600 75243 75434 89242 89436 12 12 12 12 61 4 4 4 4 
[ 7390.264851] MESSAGE_B= 0 4 4 105 14 3 192 0 248 179 0 894 780 894 778 985 821 985 820 122 98 116 88 153 109 155 109 0 12 255 255 255 255 19 94 25 98 0 0 0 0 2 2 2 2 14 3 4612 506546 174686 191670 165206 283042 396648 440416 182466 222288 233214 5298 73310 14778 9644 13670 24620 72748 26630 20742 2073600 2073600 2 12 346252 990720 993600 78939 79015 94071 94227 12 12 12 12 48 4 4 4 4 
[ 7390.541866] MESSAGE_B= 4 4 4 102 26 0 192 0 248 179 0 603 870 602 870 856 1132 861 1122 80 381 80 381 82 367 85 349 0 12 255 255 247 255 63 165 85 163 0 0 0 0 2 2 2 2 26 0 2754 371122 174686 191670 165206 283042 396648 440416 182466 222288 233214 5298 73310 14778 9644 13670 24620 72748 26630 20742 2073600 2073600 5 12 362244 994560 993600 89155 89016 92050 92023 12 12 12 12 26 4 4 4 4 
[ 7390.821861] MESSAGE_B= 4 4 4 105 20 1 192 0 248 179 0 578 900 576 906 876 1093 879 1095 55 447 51 451 105 409 105 403 0 12 255 255 251 255 11 102 62 68 0 0 0 0 2 2 2 2 20 1 10312 431314 174686 191670 165206 283042 396648 440416 182466 222288 233214 5298 73310 14778 9644 13670 24620 72748 26630 20742 2073600 2073600 5 12 348344 990720 993600 87669 87252 86330 87093 12 12 12 12 43 4 4 4 4 
[ 7391.099848] MESSAGE_B= 4 4 4 102 15 1 192 0 248 179 0 594 1063 595 1075 796 1082 792 1079 82 408 79 416 140 302 128 301 0 12 255 255 255 255 56 123 92 133 0 0 0 0 2 2 2 2 15 1 10724 467610 174686 191670 165206 283042 396648 440416 182466 222288 233214 5298 73310 14778 9644 13670 24620 72748 26630 20742 2073600 2073600 5 12 348505 994560 993600 76692 77074 97029 97710 12 12 12 12 43 4 4 4 4 
[ 7391.379831] MESSAGE_B= 4 4 4 68 19 1 192 0 248 179 0 898 2012 852 2019 898 1105 889 1093 263 344 215 358 144 184 150 183 0 12 247 255 250 255 2 48 15 88 0 0 0 0 2 2 2 2 19 1 6486 853464 174686 191670 165206 283042 396648 440416 182466 222288 233214 5298 73310 14778 9644 13670 24620 72748 26630 20742 2073600 2073600 5 12 248729 990720 993600 51540 51677 72714 72798 12 12 12 12 121 4 4 4 4 
[ 7391.656859] MESSAGE_B= 0 4 4 68 0 11 192 0 248 179 0 697 1039 689 1046 374 484 375 486 459 732 452 739 294 418 290 425 0 12 255 255 255 255 235 220 237 219 0 0 0 0 0 0 0 0 0 11 24546 668312 494130 330250 268582 281580 144518 319452 923732 899054 726016 20346 80466 6946 7604 5900 9498 76708 22580 25484 2073600 2073600 5 12 364636 994560 993600 80510 80760 101815 101551 12 12 12 12 186 4 4 4 4 
[ 7391.944160] MESSAGE_B= 4 4 4 66 5 2 192 0 248 179 0 2203 2651 2189 2659 1578 1670 1547 1682 228 334 219 332 329 467 306 482 0 12 255 255 255 255 184 196 167 209 0 0 0 0 2 2 2 2 5 2 7408 905218 494130 330250 268582 281580 144518 319452 923732 899054 726016 20346 80466 6946 7604 5900 9498 76708 22580 25484 2073600 2073600 5 12 252173 990720 993600 52798 52959 73338 73078 12 12 12 12 186 4 4 4 4 
[ 7392.110045] MESSAGE_B= 4 4 4 80 5 1 192 0 248 179 0 1124 1755 1101 1767 889 1169 875 1182 628 1079 616 1085 536 812 525 820 0 31 255 255 255 255 152 224 148 225 0 0 0 0 0 0 0 0 5 1 10166 440708 494130 330250 268582 281580 144518 319452 923732 899054 726016 20346 80466 6946 7604 5900 9498 76708 22580 25484 2073600 2073600 5 12 197042 994560 993600 45321 45084 55878 55952 7 7 12 12 186 4 4 4 4 
[ 7392.395628] MESSAGE_B= 4 4 4 69 5 2 192 0 248 179 0 1813 2360 1766 2375 1138 1723 1105 1740 496 465 478 468 321 625 298 629 0 12 255 255 255 255 198 225 183 230 0 0 0 0 2 2 2 2 5 2 12900 589214 494130 330250 268582 281580 144518 319452 923732 899054 726016 20346 80466 6946 7604 5900 9498 76708 22580 25484 2073600 2073600 5 12 304768 990720 993600 73325 73372 79198 78873 12 12 12 12 107 4 4 4 4 
[ 7392.677845] MESSAGE_B= 4 4 4 67 6 1 192 0 248 179 0 1644 2819 1592 2827 1052 1630 1017 1642 486 302 476 317 281 661 262 666 0 12 255 255 255 255 150 219 136 222 0 0 0 0 2 2 2 2 6 1 11158 568912 494130 330250 268582 281580 144518 319452 923732 899054 726016 20346 80466 6946 7604 5900 9498 76708 22580 25484 2073600 2073600 5 12 298868 994560 993600 70262 70240 79477 78889 12 12 12 12 55 4 4 4 4 
[ 7392.956863] MESSAGE_B= 4 4 4 64 8 1 192 0 248 179 0 1450 2839 1395 2839 987 1440 946 1453 437 234 421 252 305 603 281 612 0 12 255 255 255 255 165 203 164 207 0 0 0 0 2 2 2 2 8 1 8874 499724 494130 330250 268582 281580 144518 319452 923732 899054 726016 20346 80466 6946 7604 5900 9498 76708 22580 25484 2073600 2073600 5 12 313560 990720 993600 70468 70357 86700 86035 12 12 12 12 47 4 4 4 4 
[ 7393.234844] MESSAGE_B= 4 4 4 65 8 1 192 0 248 179 0 1313 2827 1257 2823 981 1381 939 1389 376 219 358 231 302 622 274 632 0 12 255 255 255 255 196 213 195 214 0 0 0 0 2 2 2 2 8 1 7606 560382 494130 330250 268582 281580 144518 319452 923732 899054 726016 20346 80466 6946 7604 5900 9498 76708 22580 25484 2073600 2073600 5 12 332363 994560 993600 72718 72628 93683 93334 12 12 12 12 32 4 4 4 4 
[ 7393.516845] MESSAGE_B= 4 4 4 71 4 1 192 0 248 179 0 2595 2193 2578 2218 992 985 987 1001 212 332 213 327 379 408 376 422 0 12 255 255 255 255 45 158 77 116 0 0 0 0 2 2 2 2 4 1 11670 498842 494130 330250 268582 281580 144518 319452 923732 899054 726016 20346 80466 6946 7604 5900 9498 76708 22580 25484 2073600 2073600 5 12 303778 990720 993600 71385 71352 80421 80620 12 12 12 12 41 4 4 4 4 
[ 7393.682600] MESSAGE_B= 4 4 4 91 4 1 192 0 248 179 0 2201 2149 2183 2179 850 871 850 879 307 455 301 447 201 312 200 322 0 12 255 255 255 255 48 201 102 207 0 0 0 0 2 2 2 2 4 1 10936 623152 494130 330250 268582 281580 144518 319452 923732 899054 726016 20346 80466 6946 7604 5900 9498 76708 22580 25484 2073600 2073600 5 12 320283 994560 993600 71505 71483 88558 88737 12 12 12 12 41 4 4 4 4 
[ 7393.968849] MESSAGE_B= 4 4 4 104 7 1 192 0 248 179 0 1422 2054 1406 2067 852 716 851 718 599 624 591 626 91 82 96 81 0 12 255 255 255 255 94 99 99 109 0 0 0 0 2 2 2 2 7 1 5774 825862 581980 271680 163026 351280 265534 469242 563060 98238 606644 3856 66270 3726 7550 9012 12328 86582 13996 6352 2073600 2073600 5 12 343762 990720 993600 78648 78596 93055 93463 12 12 12 12 41 4 4 4 4 
[ 7394.250844] MESSAGE_B= 4 4 4 104 11 1 192 0 248 179 0 1643 1929 1622 1949 892 765 892 766 739 393 728 398 97 96 100 94 0 12 255 255 255 255 64 72 61 71 0 0 0 0 2 2 2 2 11 1 7802 592690 581980 271680 163026 351280 265534 469242 563060 98238 606644 3856 66270 3726 7550 9012 12328 86582 13996 6352 2073600 2073600 5 12 349217 994560 993600 78794 78611 95920 95892 12 12 12 12 45 4 4 4 4 
[ 7394.536309] MESSAGE_B= 4 4 4 91 21 1 192 0 248 179 0 1844 1438 1838 1465 994 913 993 915 442 315 428 318 119 281 117 282 0 12 255 255 255 255 78 119 73 119 0 0 0 0 2 2 2 2 21 1 3732 742012 581980 271680 163026 351280 265534 469242 563060 98238 606644 3856 66270 3726 7550 9012 12328 86582 13996 6352 2073600 2073600 5 12 352341 990720 993600 91129 91132 85037 85043 12 12 12 12 57 4 4 4 4 
[ 7394.816848] MESSAGE_B= 4 4 4 85 9 1 192 0 248 179 0 1115 1027 1120 1044 1051 1241 1050 1249 232 263 227 281 183 204 181 210 0 12 255 255 255 255 154 166 161 156 0 0 0 0 2 2 2 2 9 1 11784 502870 581980 271680 163026 351280 265534 469242 563060 98238 606644 3856 66270 3726 7550 9012 12328 86582 13996 6352 2073600 2073600 5 12 374962 994560 993600 103674 104023 83541 83724 12 12 12 12 57 4 4 4 4 
[ 7395.095857] MESSAGE_B= 4 4 4 100 11 1 192 0 248 179 0 1545 1011 1540 1023 1228 836 1231 844 334 189 335 212 229 97 228 95 0 12 255 254 255 250 95 120 102 109 0 0 0 0 2 2 2 2 11 1 6476 657386 581980 271680 163026 351280 265534 469242 563060 98238 606644 3856 66270 3726 7550 9012 12328 86582 13996 6352 2073600 2073600 5 12 375071 990720 993600 100574 100674 86713 87110 12 12 12 12 55 4 4 4 4 
[ 7395.378857] MESSAGE_B= 4 4 4 93 21 1 192 0 248 179 0 1896 1591 1890 1594 1211 643 1196 710 593 640 590 655 201 32 197 74 0 12 255 255 255 212 97 123 88 155 0 0 0 0 2 2 2 2 21 1 8596 611998 581980 271680 163026 351280 265534 469242 563060 98238 606644 3856 66270 3726 7550 9012 12328 86582 13996 6352 2073600 2073600 5 12 332076 994560 993600 82414 81838 83662 84162 12 12 12 12 70 4 4 4 4 
[ 7395.662930] MESSAGE_B= 4 4 4 174 5 1 192 0 248 179 0 1318 619 1316 624 1376 750 1345 759 250 40 248 40 421 137 408 123 0 12 252 234 255 253 176 18 193 8 0 0 0 0 2 2 2 2 5 1 7176 503898 581980 271680 163026 351280 265534 469242 563060 98238 606644 3856 66270 3726 7550 9012 12328 86582 13996 6352 2073600 2073600 5 12 352176 990720 993600 82651 82808 93033 93684 12 12 12 12 254 4 4 4 4 
[ 7395.817849] MESSAGE_B= 4 4 4 120 18 1 192 0 248 179 0 1231 610 1227 607 1463 1101 1469 1114 224 63 225 65 470 288 467 293 0 12 255 252 255 255 98 182 87 193 0 0 0 0 2 0 2 2 18 1 17978 413910 581980 271680 163026 351280 265534 469242 563060 98238 606644 3856 66270 3726 7550 9012 12328 86582 13996 6352 2073600 2073600 4 12 343125 994560 993600 82482 81579 89319 89745 12 12 12 12 254 4 4 4 4 
[ 7396.098849] MESSAGE_B= 0 4 4 104 20 1 192 0 248 179 0 1162 832 1160 824 1630 909 1627 876 186 161 190 155 288 155 288 141 0 12 255 255 255 250 165 94 171 80 0 0 0 0 2 2 2 2 20 1 12012 382666 581980 271680 163026 351280 265534 469242 563060 98238 606644 3856 66270 3726 7550 9012 12328 86582 13996 6352 2073600 2073600 2 12 326656 990720 993600 82070 81773 81270 81543 12 12 12 12 254 4 4 4 4 
[ 7396.375864] MESSAGE_B= 4 4 4 104 30 1 192 0 248 179 0 1055 1245 1063 1246 1468 901 1476 902 190 340 195 335 385 202 372 209 0 12 254 254 255 255 162 120 168 126 0 0 0 0 2 2 2 2 30 1 12332 328604 428388 327894 342570 428330 318206 613238 370220 429890 406568 23142 71810 9274 3068 10018 6876 78954 10304 15580 2073600 2073600 5 12 323533 994560 993600 85450 84685 77035 76363 12 12 12 12 76 4 4 4 4 
[ 7396.652872] MESSAGE_B= 4 4 4 101 19 1 192 0 248 179 0 1004 1284 1007 1253 1269 893 1288 894 94 406 82 398 328 213 335 213 0 12 237 255 255 255 93 141 80 129 0 0 0 0 2 2 2 2 19 1 17898 425226 428388 327894 342570 428330 318206 613238 370220 429890 406568 23142 71810 9274 3068 10018 6876 78954 10304 15580 2073600 2073600 4 12 364009 990720 993600 103148 102163 79641 79057 12 12 12 12 69 4 4 4 4 
[ 7396.929860] MESSAGE_B= 4 4 4 112 65 0 192 0 248 179 0 573 1336 581 1284 281 1956 274 1952 562 1380 576 1315 216 1794 197 1798 0 0 255 255 255 255 184 150 194 141 0 0 0 0 2 2 2 2 65 0 15232 618050 428388 327894 342570 428330 318206 613238 370220 429890 406568 23142 71810 9274 3068 10018 6876 78954 10304 15580 2073600 2073600 4 0 274299 994560 993600 76227 75652 61271 61149 0 0 0 0 63 4 4 4 4 
[ 7397.206866] MESSAGE_B= 0 4 4 169 62 1 192 0 248 179 0 3012 2947 3012 2947 3029 3095 3024 3095 1735 1769 1735 1770 1687 1723 1684 1723 0 0 255 255 255 255 86 93 86 93 0 0 0 0 2 2 2 2 62 1 8096 626586 428388 327894 342570 428330 318206 613238 370220 429890 406568 23142 71810 9274 3068 10018 6876 78954 10304 15580 2073600 2073600 2 0 223821 990720 993600 71846 71667 52941 53005 0 0 1 1 195 4 4 4 4 
[ 7397.492082] MESSAGE_B= 4 4 4 61 33 1 192 0 248 179 0 2638 2849 2614 2853 2247 2248 2262 2250 1488 1593 1474 1597 1279 1726 1282 1726 0 1 255 255 255 255 50 150 53 161 0 0 0 0 0 2 0 2 33 1 21810 479904 428388 327894 342570 428330 318206 613238 370220 429890 406568 23142 71810 9274 3068 10018 6876 78954 10304 15580 2073600 2073600 4 1 232499 994560 993600 53167 53352 73721 73225 0 0 1 1 195 4 4 4 4 
[ 7397.772863] MESSAGE_B= 0 4 4 60 42 1 192 0 248 179 0 2634 2912 2611 2914 2163 2554 2171 2569 1499 1625 1485 1627 1235 1810 1234 1818 0 1 255 255 255 255 29 103 28 104 0 0 0 0 0 2 0 2 42 1 9416 515060 428388 327894 342570 428330 318206 613238 370220 429890 406568 23142 71810 9274 3068 10018 6876 78954 10304 15580 2073600 2073600 2 1 238081 990720 993600 51724 51760 75469 75420 0 0 1 1 85 4 4 4 4 
[ 7397.933903] MESSAGE_B= 4 4 4 60 33 1 192 0 248 179 0 2661 2943 2645 2943 2119 2499 2108 2499 1522 1643 1508 1642 1200 1914 1196 1915 0 1 255 255 255 255 10 96 4 98 0 0 0 0 2 2 2 2 33 1 7358 633776 428388 327894 342570 428330 318206 613238 370220 429890 406568 23142 71810 9274 3068 10018 6876 78954 10304 15580 2073600 2073600 5 1 251108 994560 993600 48155 48183 77381 77389 1 1 1 1 68 4 4 4 4 
[ 7398.212865] MESSAGE_B= 4 4 4 60 29 1 192 0 248 179 0 2593 2936 2589 2958 2011 2799 2033 2802 1544 1636 1530 1646 1176 1811 1187 1812 0 1 255 255 255 255 26 96 19 97 0 0 0 0 2 2 2 2 29 1 9676 477544 428388 327894 342570 428330 318206 613238 370220 429890 406568 23142 71810 9274 3068 10018 6876 78954 10304 15580 2073600 2073600 5 1 262817 990720 993600 60141 59822 71644 71210 1 1 1 1 74 4 4 4 4 
[ 7398.489871] MESSAGE_B= 4 4 4 60 28 1 192 0 248 179 0 2671 2879 2657 2890 2239 2632 2247 2651 1563 1608 1559 1615 1268 1504 1276 1521 0 1 255 255 255 255 5 73 9 75 0 0 0 0 2 2 2 2 28 1 4960 615894 428388 327894 342570 428330 318206 613238 370220 429890 406568 23142 71810 9274 3068 10018 6876 78954 10304 15580 2073600 2073600 5 1 269678 994560 993600 67151 67223 67808 67496 1 1 1 1 74 4 4 4 4 
[ 7398.769868] MESSAGE_B= 4 4 4 61 17 1 192 0 248 179 0 2624 2821 2604 2836 2244 2457 2247 2490 1572 1588 1571 1594 1260 1391 1260 1412 0 1 255 255 255 255 16 50 9 53 0 0 0 0 2 2 2 2 17 1 8490 477898 174260 426434 361138 396684 494592 440654 518600 472160 273390 8530 95526 6968 15582 15288 5840 72026 12566 7732 2073600 2073600 5 1 271521 990720 993600 71914 72126 64042 63439 1 1 1 1 59 4 4 4 4 
[ 7399.050558] MESSAGE_B= 4 4 4 60 17 1 192 0 248 179 0 2380 2707 2386 2710 2008 2194 2027 2194 1576 1572 1577 1570 1134 1228 1145 1228 0 1 255 255 255 255 11 4 5 9 0 0 0 0 2 0 0 0 17 1 5218 467828 174260 426434 361138 396684 494592 440654 518600 472160 273390 8530 95526 6968 15582 15288 5840 72026 12566 7732 2073600 2073600 5 1 264645 994560 993600 75506 75263 57110 56766 1 1 1 1 53 4 4 4 4 
[ 7399.328847] MESSAGE_B= 4 4 4 60 16 1 192 0 248 179 0 2216 2515 2223 2521 1851 1985 1863 1988 1516 1551 1518 1552 1080 1135 1083 1137 0 1 255 255 255 255 11 63 5 61 0 0 0 0 0 0 0 0 16 1 9670 468422 174260 426434 361138 396684 494592 440654 518600 472160 273390 8530 95526 6968 15582 15288 5840 72026 12566 7732 2073600 2073600 5 1 243054 990720 993600 72033 71691 49745 49585 1 1 1 1 59 4 4 4 4 
[ 7399.606061] MESSAGE_B= 4 4 4 60 33 0 192 0 248 179 0 2296 2349 2301 2354 1684 1654 1705 1647 1496 1516 1496 1516 1028 951 1033 946 0 1 255 255 255 255 4 47 4 43 0 0 0 0 0 0 0 0 33 0 10332 439258 174260 426434 361138 396684 494592 440654 518600 472160 273390 8530 95526 6968 15582 15288 5840 72026 12566 7732 2073600 2073600 5 1 234331 994560 993600 70263 69899 47085 47084 1 1 1 1 59 4 4 4 4 
[ 7399.883856] MESSAGE_B= 4 4 4 61 24 1 192 0 248 179 0 2473 2440 2474 2445 1700 1459 1710 1465 1580 1594 1576 1594 1022 866 1025 871 0 1 255 255 255 255 31 46 21 38 0 0 0 0 2 0 2 0 24 1 9482 496882 174260 426434 361138 396684 494592 440654 518600 472160 273390 8530 95526 6968 15582 15288 5840 72026 12566 7732 2073600 2073600 5 1 219632 990720 993600 70382 70097 51995 52223 1 1 0 0 56 4 4 4 4 
[ 7400.168595] MESSAGE_B= 4 4 4 60 16 1 192 0 248 179 0 2673 2551 2680 2553 1747 1385 1753 1376 1591 1661 1589 1661 1028 787 1031 781 0 1 255 255 255 255 47 55 41 52 0 0 0 0 2 2 2 2 16 1 6216 469314 174260 426434 361138 396684 494592 440654 518600 472160 273390 8530 95526 6968 15582 15288 5840 72026 12566 7732 2073600 2073600 5 1 207595 994560 993600 69415 69097 58572 58468 1 1 0 0 56 4 4 4 4 
[ 7400.323868] MESSAGE_B= 4 4 4 60 18 1 192 0 248 179 0 2613 2443 2609 2449 1769 1330 1768 1336 1577 1661 1573 1657 1037 756 1032 760 0 1 255 255 255 255 55 40 51 36 0 0 0 0 2 2 2 2 18 1 8924 511342 174260 426434 361138 396684 494592 440654 518600 472160 273390 8530 95526 6968 15582 15288 5840 72026 12566 7732 2073600 2073600 5 1 200241 990720 993600 67645 67444 59589 59449 1 1 0 0 56 4 4 4 4 
[ 7400.601847] MESSAGE_B= 4 4 4 60 23 1 192 0 248 179 0 770 913 790 913 853 958 858 957 97 138 95 139 276 191 274 193 0 12 251 255 255 255 9 24 51 22 0 0 0 0 2 2 2 2 23 1 5432 596258 174260 426434 361138 396684 494592 440654 518600 472160 273390 8530 95526 6968 15582 15288 5840 72026 12566 7732 2073600 2073600 5 12 353458 994560 993600 89009 89175 87624 87650 12 12 12 12 55 4 4 4 4 
[ 7400.885784] MESSAGE_B= 4 4 4 178 12 0 192 0 248 179 0 766 790 783 789 901 978 906 981 63 116 74 116 274 205 278 205 0 12 243 255 255 255 156 93 173 124 0 0 0 0 2 2 2 2 12 0 6606 504690 174260 426434 361138 396684 494592 440654 518600 472160 273390 8530 95526 6968 15582 15288 5840 72026 12566 7732 2073600 2073600 5 12 369871 990720 993600 92710 92611 92175 92375 12 12 12 12 51 4 4 4 4 
[ 7401.167313] MESSAGE_B= 4 4 4 170 10 1 192 0 248 179 0 821 793 828 791 914 983 913 983 78 112 70 115 301 219 298 216 0 12 253 255 255 255 11 91 25 108 0 0 0 0 2 2 2 2 10 1 6694 396188 214840 108810 281626 355356 383310 470362 574152 526960 156152 9854 74562 10202 8378 12208 7590 74476 21396 11136 2073600 2073600 5 12 352080 994560 993600 87482 87740 88479 88379 12 12 12 12 30 4 4 4 4 
[ 7401.446849] MESSAGE_B= 4 4 4 164 20 0 192 0 248 179 0 1031 802 1031 800 934 1007 945 1000 299 119 294 115 315 173 312 175 0 12 255 255 255 255 203 161 204 175 0 0 0 0 2 2 2 2 20 0 9264 419910 214840 108810 281626 355356 383310 470362 574152 526960 156152 9854 74562 10202 8378 12208 7590 74476 21396 11136 2073600 2073600 5 12 338560 990720 993600 83715 83011 86090 85744 12 12 12 12 35 4 4 4 4 
[ 7401.723860] MESSAGE_B= 4 4 4 157 20 1 192 0 248 179 0 1215 816 1230 810 1045 1056 1048 1053 187 116 187 115 339 222 340 226 0 12 253 255 255 255 33 99 26 93 0 0 0 0 2 2 2 2 20 1 8008 411236 214840 108810 281626 355356 383310 470362 574152 526960 156152 9854 74562 10202 8378 12208 7590 74476 21396 11136 2073600 2073600 5 12 324338 994560 993600 80014 79499 82750 82075 12 12 12 12 50 4 4 4 4 
[ 7402.003857] MESSAGE_B= 4 4 4 95 10 1 192 0 248 179 0 457 724 452 734 412 323 423 319 336 546 339 566 272 247 279 243 0 0 254 254 252 253 202 185 214 181 0 0 0 0 2 2 2 2 10 1 6958 467036 214840 108810 281626 355356 383310 470362 574152 526960 156152 9854 74562 10202 8378 12208 7590 74476 21396 11136 2073600 2073600 5 0 314275 990720 993600 81041 80737 75767 76730 0 0 0 0 50 4 4 4 4 
[ 7402.283853] MESSAGE_B= 4 4 4 94 17 0 192 0 248 179 0 417 489 405 488 480 532 476 553 255 284 249 285 279 571 275 598 0 0 254 255 253 255 93 168 84 169 0 0 0 0 2 2 2 2 17 0 9026 402986 214840 108810 281626 355356 383310 470362 574152 526960 156152 9854 74562 10202 8378 12208 7590 74476 21396 11136 2073600 2073600 5 0 302702 994560 993600 74904 75261 76102 76435 0 0 0 0 75 4 4 4 4 
[ 7402.560177] MESSAGE_B= 4 4 4 96 13 1 192 0 248 179 0 365 425 369 433 506 491 530 486 241 240 243 252 345 302 366 297 0 0 251 254 253 255 61 115 71 128 0 0 0 0 2 0 2 0 13 1 21712 521588 214840 108810 281626 355356 383310 470362 574152 526960 156152 9854 74562 10202 8378 12208 7590 74476 21396 11136 2073600 2073600 4 0 306557 990720 993600 74504 74667 78685 78701 0 0 0 0 90 4 4 4 4 
[ 7402.839877] MESSAGE_B= 0 4 4 97 13 2 192 0 248 179 0 337 356 337 362 462 386 463 383 232 201 231 204 357 219 358 218 0 0 255 254 253 254 84 38 90 51 0 0 0 0 2 0 2 2 13 2 14144 567426 214840 108810 281626 355356 383310 470362 574152 526960 156152 9854 74562 10202 8378 12208 7590 74476 21396 11136 2073600 2073600 2 0 292958 994560 993600 71077 70737 75364 75780 0 0 0 0 100 4 4 4 4 
[ 7402.995872] MESSAGE_B= 4 4 4 111 14 2 192 0 248 179 0 311 375 308 370 490 409 495 407 210 237 210 228 303 231 306 227 0 0 255 255 255 255 127 122 130 111 0 0 0 0 2 0 2 0 14 2 18010 467424 214840 108810 281626 355356 383310 470362 574152 526960 156152 9854 74562 10202 8378 12208 7590 74476 21396 11136 2073600 2073600 4 0 256934 990720 993600 62406 62786 65711 66031 0 0 0 0 100 4 4 4 4 
[ 7403.279851] MESSAGE_B= 0 4 4 118 39 0 192 0 248 179 0 571 884 572 885 557 771 560 770 326 499 325 501 311 452 313 454 0 31 255 255 255 255 10 73 10 72 0 0 0 0 0 0 0 0 39 0 11938 530868 214840 108810 281626 355356 383310 470362 574152 526960 156152 9854 74562 10202 8378 12208 7590 74476 21396 11136 2073600 2073600 2 0 251350 994560 993600 62626 62811 62928 62985 0 0 0 0 100 4 4 4 4 
[ 7403.557859] MESSAGE_B= 4 4 4 206 26 0 192 0 248 179 0 578 874 579 876 557 740 559 745 331 494 331 496 312 441 314 445 0 31 255 255 255 255 14 67 14 68 0 0 0 0 0 0 0 0 26 0 2628 431498 98446 98098 97178 189874 203572 261490 308970 337872 286156 3114 69838 4158 8626 9028 16846 77978 12752 9174 2073600 2073600 5 0 248165 990720 993600 62353 62634 61896 61660 0 0 12 12 68 4 4 4 4 
[ 7403.833849] MESSAGE_B= 4 4 4 205 24 0 192 0 248 179 0 582 884 582 885 560 747 562 753 333 503 334 506 312 435 313 438 0 31 255 255 255 255 19 74 19 74 0 0 0 0 0 0 0 0 24 0 5256 422322 98446 98098 97178 189874 203572 261490 308970 337872 286156 3114 69838 4158 8626 9028 16846 77978 12752 9174 2073600 2073600 5 0 250132 994560 993600 63069 63433 61689 61941 0 0 0 0 31 4 4 4 4 
[ 7404.110854] MESSAGE_B= 4 4 4 205 22 0 192 0 248 179 0 1093 1450 1090 1450 1036 1256 1036 1261 86 120 81 129 160 108 157 116 0 31 255 255 255 255 92 193 94 191 0 0 0 0 2 2 2 2 22 0 5126 395720 98446 98098 97178 189874 203572 261490 308970 337872 286156 3114 69838 4158 8626 9028 16846 77978 12752 9174 2073600 2073600 5 0 248465 990720 993600 63501 63759 63559 63290 0 0 12 12 31 4 4 4 4 
[ 7404.389874] MESSAGE_B= 4 4 4 205 21 0 192 0 248 179 0 184 284 186 279 184 271 186 272 104 176 104 167 96 172 99 171 0 31 254 253 255 252 46 100 49 109 0 0 0 0 0 2 0 2 21 0 4556 422192 98446 98098 97178 189874 203572 261490 308970 337872 286156 3114 69838 4158 8626 9028 16846 77978 12752 9174 2073600 2073600 5 0 248839 994560 993600 63553 63854 63196 63230 0 0 12 12 29 4 4 4 4 
[ 7404.670862] MESSAGE_B= 4 4 4 202 23 0 192 0 248 179 0 183 295 183 298 184 269 185 266 103 192 105 190 95 174 96 172 0 0 255 253 255 253 48 108 54 112 0 0 0 0 0 2 0 2 23 0 3050 395830 98446 98098 97178 189874 203572 261490 308970 337872 286156 3114 69838 4158 8626 9028 16846 77978 12752 9174 2073600 2073600 5 0 249182 990720 993600 64125 64273 63796 63622 0 0 12 12 23 4 4 4 4 
[ 7404.956164] MESSAGE_B= 4 4 4 114 16 0 192 0 248 179 0 282 292 280 293 340 587 337 595 160 217 156 218 212 783 210 831 0 0 255 254 255 255 62 187 66 192 0 0 0 0 0 2 0 2 16 0 4606 396898 98446 98098 97178 189874 203572 261490 308970 337872 286156 3114 69838 4158 8626 9028 16846 77978 12752 9174 2073600 2073600 5 0 285545 994560 993600 70876 70549 72296 71824 0 0 0 0 45 4 4 4 4 
[ 7405.120847] MESSAGE_B= 4 4 4 111 16 1 192 0 248 179 0 275 409 273 401 297 297 294 287 154 278 150 277 167 336 164 318 0 0 254 254 255 254 56 46 69 59 0 0 0 0 0 2 0 2 16 1 8946 447026 98446 98098 97178 189874 203572 261490 308970 337872 286156 3114 69838 4158 8626 9028 16846 77978 12752 9174 2073600 2073600 5 0 285050 990720 993600 70464 70071 72301 72214 0 0 0 0 45 4 4 4 4 
[ 7405.396853] MESSAGE_B= 4 4 4 111 13 1 192 0 248 179 0 270 305 268 303 331 317 332 310 149 231 149 231 209 333 211 324 0 0 255 254 255 255 37 48 36 60 0 0 0 0 0 2 0 2 13 1 8702 497200 98446 98098 97178 189874 203572 261490 308970 337872 286156 3114 69838 4158 8626 9028 16846 77978 12752 9174 2073600 2073600 5 0 289852 994560 993600 71480 70961 73809 73602 0 0 0 0 42 4 4 4 4 
[ 7405.681790] MESSAGE_B= 4 4 4 110 13 0 192 0 248 179 0 261 337 262 335 272 596 271 593 145 214 146 213 153 732 150 722 0 0 255 254 255 254 109 149 113 149 0 0 0 0 0 2 0 2 13 0 8140 437126 98446 98098 97178 189874 203572 261490 308970 337872 286156 3114 69838 4158 8626 9028 16846 77978 12752 9174 2073600 2073600 5 0 284024 990720 993600 70233 69701 72195 71895 0 0 0 0 39 4 4 4 4 
[ 7405.961848] MESSAGE_B= 4 4 4 110 10 0 192 0 248 179 0 264 322 263 321 285 494 285 488 147 223 148 226 158 753 157 757 0 0 254 255 255 255 91 71 96 64 0 0 0 0 0 2 0 2 10 0 7438 486652 190808 109474 114158 109038 31820 159112 128844 172738 192652 8188 71758 4990 4654 2588 14790 73612 10334 9450 2073600 2073600 5 0 288589 994560 993600 71028 70700 73638 73223 0 0 0 0 35 4 4 4 4 
[ 7406.239969] MESSAGE_B= 4 4 4 111 13 0 192 0 248 179 0 254 402 256 397 300 388 302 391 141 273 141 272 174 682 178 688 0 0 255 254 255 255 77 127 70 126 0 0 0 0 0 2 0 2 13 0 7072 440218 190808 109474 114158 109038 31820 159112 128844 172738 192652 8188 71758 4990 4654 2588 14790 73612 10334 9450 2073600 2073600 5 0 286238 990720 993600 69121 68704 74491 73922 0 0 0 0 33 4 4 4 4 
[ 7406.523566] MESSAGE_B= 4 4 4 111 16 0 192 0 248 179 0 253 369 254 368 293 468 294 483 140 251 141 250 167 844 167 882 0 0 255 252 255 255 90 112 92 116 0 0 0 0 0 2 0 2 16 0 5662 480564 190808 109474 114158 109038 31820 159112 128844 172738 192652 8188 71758 4990 4654 2588 14790 73612 10334 9450 2073600 2073600 5 0 287312 994560 993600 70102 69425 74063 73722 0 0 0 0 29 4 4 4 4 
[ 7406.799852] MESSAGE_B= 4 4 4 111 14 0 192 0 248 179 0 250 383 252 382 292 491 288 501 138 257 138 256 166 622 163 647 0 0 255 254 255 254 95 131 97 131 0 0 0 0 0 2 0 2 14 0 9126 428164 190808 109474 114158 109038 31820 159112 128844 172738 192652 8188 71758 4990 4654 2588 14790 73612 10334 9450 2073600 2073600 5 0 285272 990720 993600 70532 70013 72682 72045 0 0 0 0 27 4 4 4 4 
[ 7406.969039] MESSAGE_B= 4 4 4 110 14 0 192 0 248 179 0 253 362 254 355 288 490 287 501 141 226 141 225 160 590 160 618 0 0 255 253 255 254 106 85 98 90 0 0 0 0 0 2 0 2 14 0 9184 469934 190808 109474 114158 109038 31820 159112 128844 172738 192652 8188 71758 4990 4654 2588 14790 73612 10334 9450 2073600 2073600 5 0 286074 994560 993600 71084 70831 72263 71896 0 0 0 0 26 4 4 4 4 
[ 7407.253780] MESSAGE_B= 4 4 4 108 16 1 192 0 248 179 0 242 372 245 371 294 296 290 294 136 226 136 226 165 300 162 296 0 0 255 254 255 254 93 170 101 140 0 0 0 0 2 2 2 2 16 1 5882 430184 190808 109474 114158 109038 31820 159112 128844 172738 192652 8188 71758 4990 4654 2588 14790 73612 10334 9450 2073600 2073600 5 0 295575 990720 993600 72305 71909 75902 75459 0 0 0 0 40 4 4 4 4 
[ 7407.530854] MESSAGE_B= 4 4 4 111 16 1 192 0 248 179 0 241 360 241 355 320 151 318 149 136 228 137 222 184 215 183 212 0 0 255 255 255 255 119 193 120 198 0 0 0 0 0 2 0 2 16 1 7510 479264 190808 109474 114158 109038 31820 159112 128844 172738 192652 8188 71758 4990 4654 2588 14790 73612 10334 9450 2073600 2073600 5 0 291827 994560 993600 72295 72042 73839 73651 0 0 0 0 47 4 4 4 4 
[ 7407.807853] MESSAGE_B= 4 4 4 110 17 1 192 0 248 179 0 250 341 250 348 297 273 298 268 140 214 140 219 169 234 169 226 0 0 255 254 255 251 113 65 117 47 0 0 0 0 2 2 2 2 17 1 9922 427990 190808 109474 114158 109038 31820 159112 128844 172738 192652 8188 71758 4990 4654 2588 14790 73612 10334 9450 2073600 2073600 5 0 290488 990720 993600 70944 70788 74453 74303 0 0 0 0 47 4 4 4 4 
[ 7408.088857] MESSAGE_B= 4 4 4 113 21 1 192 0 248 179 0 270 378 269 381 300 320 300 326 160 253 159 254 164 228 165 232 0 0 255 252 255 251 156 74 158 48 0 0 0 0 0 2 0 2 21 1 6414 502626 190808 109474 114158 109038 31820 159112 128844 172738 192652 8188 71758 4990 4654 2588 14790 73612 10334 9450 2073600 2073600 5 0 276973 994560 993600 69006 68845 69458 69664 0 0 0 0 48 4 4 4 4 
[ 7408.365851] MESSAGE_B= 4 4 4 112 24 1 192 0 248 179 0 243 339 244 342 307 328 307 327 136 213 136 217 176 230 175 225 0 0 254 254 255 251 94 146 96 146 0 0 0 0 0 2 0 2 24 1 7928 431020 166774 58898 112510 183762 247480 169670 58008 258382 203828 4184 76838 5970 9490 5932 12536 75560 8310 5238 2073600 2073600 5 0 280204 990720 993600 70656 70406 69541 69601 0 0 0 0 50 4 4 4 4 
[ 7408.643874] MESSAGE_B= 4 4 4 111 7 3 192 0 248 179 0 751 755 751 755 693 801 692 802 121 47 119 40 92 105 98 99 0 12 252 255 247 254 85 12 74 25 0 0 0 0 2 2 2 2 7 3 6366 450450 166774 58898 112510 183762 247480 169670 58008 258382 203828 4184 76838 5970 9490 5932 12536 75560 8310 5238 2073600 2073600 5 12 421310 994560 993600 103599 103659 106829 107223 12 12 12 12 66 4 4 4 4 
[ 7408.801653] MESSAGE_B= 4 4 4 82 7 4 192 0 248 179 0 734 758 734 756 665 795 666 796 95 28 92 28 95 97 93 95 0 12 255 241 255 255 97 115 31 157 0 0 0 0 2 2 2 2 7 4 9852 432338 166774 58898 112510 183762 247480 169670 58008 258382 203828 4184 76838 5970 9490 5932 12536 75560 8310 5238 2073600 2073600 5 12 419653 990720 993600 102798 102984 106721 107150 12 12 12 12 66 4 4 4 4 
[ 7409.076857] MESSAGE_B= 4 4 4 86 7 4 192 0 248 179 0 788 810 794 807 691 775 690 773 80 35 75 45 91 73 91 78 0 12 253 255 250 255 47 119 39 105 0 0 0 0 2 2 2 2 7 4 3170 320774 166774 58898 112510 183762 247480 169670 58008 258382 203828 4184 76838 5970 9490 5932 12536 75560 8310 5238 2073600 2073600 5 12 419521 994560 993600 102281 101836 107605 107799 12 12 12 12 66 4 4 4 4 
[ 7409.353871] MESSAGE_B= 4 4 4 85 16 3 192 0 248 179 0 783 919 783 922 648 807 647 807 55 138 62 143 67 82 63 75 0 12 254 254 248 251 23 75 53 101 0 0 0 0 2 2 2 2 16 3 2590 448452 166774 58898 112510 183762 247480 169670 58008 258382 203828 4184 76838 5970 9490 5932 12536 75560 8310 5238 2073600 2073600 5 12 427980 990720 993600 109862 109946 104033 104139 12 12 12 12 66 4 4 4 4 
[ 7409.636964] MESSAGE_B= 4 4 4 96 10 4 192 0 248 179 0 796 740 797 744 708 670 709 670 58 86 59 84 105 106 106 112 0 12 252 250 255 255 173 184 121 165 0 0 0 0 2 2 2 2 10 4 6424 312562 166774 58898 112510 183762 247480 169670 58008 258382 203828 4184 76838 5970 9490 5932 12536 75560 8310 5238 2073600 2073600 5 12 416659 994560 993600 102932 102358 105616 105753 12 12 12 12 59 4 4 4 4 
[ 7409.912856] MESSAGE_B= 4 4 4 96 9 6 192 0 248 179 0 797 786 798 785 668 684 668 684 82 62 86 57 100 139 97 132 0 12 255 253 255 255 134 29 165 34 0 0 0 0 2 2 2 2 9 6 4054 452200 166774 58898 112510 183762 247480 169670 58008 258382 203828 4184 76838 5970 9490 5932 12536 75560 8310 5238 2073600 2073600 5 12 379755 990720 993600 89235 88707 100946 100867 12 12 12 12 52 4 4 4 4 
[ 7410.191859] MESSAGE_B= 4 4 4 85 5 3 192 0 248 179 0 683 793 682 796 680 642 681 637 71 74 71 78 77 110 76 93 0 12 255 249 255 253 93 89 89 82 0 0 0 0 2 2 2 2 5 3 5434 441884 166774 58898 112510 183762 247480 169670 58008 258382 203828 4184 76838 5970 9490 5932 12536 75560 8310 5238 2073600 2073600 5 12 369204 994560 993600 91646 91300 93178 93080 12 12 12 12 50 4 4 4 4 
[ 7410.468869] MESSAGE_B= 4 4 4 97 8 2 192 0 248 179 0 686 751 690 752 721 626 728 627 78 66 80 73 105 65 111 62 0 12 255 254 255 255 57 11 41 104 0 0 0 0 2 2 2 2 8 2 3072 631448 166774 58898 112510 183762 247480 169670 58008 258382 203828 4184 76838 5970 9490 5932 12536 75560 8310 5238 2073600 2073600 5 12 400102 990720 993600 99810 99844 100415 100033 12 12 12 12 46 4 4 4 4 
[ 7410.623864] MESSAGE_B= 4 4 4 100 8 2 192 0 248 179 0 686 738 691 732 739 636 746 635 88 61 85 63 123 71 126 68 0 12 255 253 254 255 72 42 73 21 0 0 0 0 2 2 2 2 8 2 10116 529986 546480 93398 40866 366608 480594 548360 915576 788690 467076 1860 67386 5470 3688 2644 4350 81040 9812 3400 2073600 2073600 5 12 397499 994560 993600 98114 97562 100922 100901 12 12 12 12 46 4 4 4 4 
[ 7410.900842] MESSAGE_B= 4 4 4 83 15 4 192 0 248 179 0 664 719 664 721 868 1032 873 1040 54 118 51 114 143 166 144 166 1 12 252 255 255 253 58 26 83 52 0 0 0 0 2 2 2 2 15 4 4144 569532 546480 93398 40866 366608 480594 548360 915576 788690 467076 1860 67386 5470 3688 2644 4350 81040 9812 3400 2073600 2073600 5 12 450862 990720 993600 113374 113378 112117 111993 12 12 12 12 109 4 4 4 4 
[ 7411.176883] MESSAGE_B= 4 4 4 91 41 2 192 0 248 179 0 806 690 805 691 1094 1097 1101 1096 164 71 165 73 196 303 190 299 0 12 255 255 255 255 108 89 113 83 0 0 0 0 2 2 2 2 41 2 19766 619344 546480 93398 40866 366608 480594 548360 915576 788690 467076 1860 67386 5470 3688 2644 4350 81040 9812 3400 2073600 2073600 4 12 346726 994560 993600 74397 74168 99284 98877 12 12 12 12 109 4 4 4 4 
[ 7411.455857] MESSAGE_B= 0 4 4 87 13 1 192 0 248 179 0 969 989 972 978 950 945 953 946 142 128 142 127 129 112 130 114 0 12 255 252 255 255 48 0 103 0 0 0 0 0 2 1 2 1 13 1 4462 637560 546480 93398 40866 366608 480594 548360 915576 788690 467076 1860 67386 5470 3688 2644 4350 81040 9812 3400 2073600 2073600 2 12 433731 990720 993600 119663 119590 97113 97365 12 12 12 12 66 4 4 4 4 
[ 7411.734850] MESSAGE_B= 4 4 4 94 99 2 192 0 248 179 0 585 840 587 843 897 599 907 600 44 124 43 120 149 62 151 61 0 12 255 247 255 255 196 14 182 13 0 0 0 0 2 2 2 2 99 2 1882 426792 546480 93398 40866 366608 480594 548360 915576 788690 467076 1860 67386 5470 3688 2644 4350 81040 9812 3400 2073600 2073600 5 12 389622 994560 993600 105313 104655 89769 89885 12 12 12 12 93 4 4 4 4 
[ 7412.013338] MESSAGE_B= 4 4 4 87 28 2 192 0 248 179 0 584 771 587 768 824 591 832 592 42 68 35 64 90 55 97 54 0 12 255 251 255 255 56 87 83 120 0 0 0 0 2 2 2 2 28 2 6086 468560 546480 93398 40866 366608 480594 548360 915576 788690 467076 1860 67386 5470 3688 2644 4350 81040 9812 3400 2073600 2073600 5 12 382455 990720 993600 104963 104267 86736 86489 12 12 12 12 93 4 4 4 4 
[ 7412.293853] MESSAGE_B= 4 4 4 77 32 2 192 0 248 179 0 603 748 604 748 853 646 864 645 53 76 54 70 155 91 154 82 0 12 255 255 255 255 180 0 192 0 0 0 0 0 2 1 2 1 32 2 9478 506636 546480 93398 40866 366608 480594 548360 915576 788690 467076 1860 67386 5470 3688 2644 4350 81040 9812 3400 2073600 2073600 5 12 387109 994560 993600 109488 108866 84456 84299 12 12 12 12 27 4 4 4 4 
[ 7412.570862] MESSAGE_B= 4 4 4 66 7 2 192 0 248 179 0 884 872 890 866 899 808 902 803 172 185 179 179 131 107 132 107 0 12 255 255 255 254 187 61 176 72 0 0 0 0 2 2 2 2 7 2 5868 545938 546480 93398 40866 366608 480594 548360 915576 788690 467076 1860 67386 5470 3688 2644 4350 81040 9812 3400 2073600 2073600 5 12 315531 990720 993600 83746 83843 74020 73922 12 12 12 12 66 4 4 4 4 
[ 7412.847855] MESSAGE_B= 4 4 4 76 12 1 192 0 248 179 0 994 763 996 759 922 828 924 817 122 67 125 70 106 119 95 120 0 12 255 255 255 255 33 30 40 47 0 0 0 0 2 2 2 2 12 1 12808 432444 546480 93398 40866 366608 480594 548360 915576 788690 467076 1860 67386 5470 3688 2644 4350 81040 9812 3400 2073600 2073600 5 12 307882 994560 993600 82920 82956 71038 70968 12 12 12 12 66 4 4 4 4 
[ 7413.006853] MESSAGE_B= 0 4 4 77 5 2 192 0 248 179 0 945 849 952 846 904 819 911 818 161 105 163 103 101 105 101 110 0 12 255 254 255 255 173 128 163 127 0 0 0 0 2 2 2 2 5 2 14468 488138 272592 905502 216822 650564 519688 403728 261206 392360 380326 11676 66310 4822 4352 2284 10506 78278 16190 9776 2073600 2073600 2 12 316427 990720 993600 83981 84333 73747 74366 12 12 12 12 80 4 4 4 4 
[ 7413.294892] MESSAGE_B= 0 0 4 148 8 2 192 0 248 179 0 0 443 0 312 134 524 136 602 0 0 0 0 0 0 0 0 1 12 93 230 145 157 3 13 0 30 0 0 0 0 0 0 0 0 8 2 11108 554960 272592 905502 216822 650564 519688 403728 261206 392360 380326 11676 66310 4822 4352 2284 10506 78278 16190 9776 2073600 2073600 2 12 485749 994560 993600 121338 122887 120745 120779 12 12 12 12 80 4 4 4 4 
[ 7413.571963] MESSAGE_B= 4 0 4 144 4 3 192 0 248 179 0 0 331 0 343 169 158 173 172 0 0 0 0 0 0 0 0 1 12 147 214 193 174 3 25 19 33 0 0 0 0 0 0 0 0 4 3 12342 378358 272592 905502 216822 650564 519688 403728 261206 392360 380326 11676 66310 4822 4352 2284 10506 78278 16190 9776 2073600 2073600 5 12 495102 990720 993600 122108 121871 125719 125404 12 12 12 12 53 4 4 4 4 
[ 7413.852066] MESSAGE_B= 4 0 4 136 12 2 192 0 248 179 0 0 649 0 576 140 518 152 550 0 0 0 0 0 0 0 0 1 12 212 184 233 7 54 5 49 3 0 0 0 0 0 0 0 0 12 2 61518 872200 272592 905502 216822 650564 519688 403728 261206 392360 380326 11676 66310 4822 4352 2284 10506 78278 16190 9776 2073600 2073600 4 12 471072 994560 993600 118196 118975 114047 119854 12 12 12 12 53 4 4 4 4 
[ 7414.125843] MESSAGE_B= 4 4 4 83 17 1 192 0 248 179 0 0 270 0 298 888 459 929 522 0 0 0 0 0 0 0 0 1 12 236 250 179 212 16 3 19 4 0 0 0 0 0 0 0 0 17 1 18540 451126 272592 905502 216822 650564 519688 403728 261206 392360 380326 11676 66310 4822 4352 2284 10506 78278 16190 9776 2073600 2073600 4 12 462278 990720 993600 113457 112537 118626 117658 12 12 12 12 43 4 4 4 4 
[ 7414.404858] MESSAGE_B= 4 4 0 88 15 1 192 0 248 179 0 0 245 0 252 929 513 983 570 0 0 0 0 0 0 0 0 1 12 238 255 237 236 9 1 13 1 0 0 0 0 0 0 0 0 15 1 22152 791194 272592 905502 216822 650564 519688 403728 261206 392360 380326 11676 66310 4822 4352 2284 10506 78278 16190 9776 2073600 2073600 4 12 459889 994560 993600 113233 112451 117517 116688 12 12 12 12 32 4 4 4 4 
[ 7414.679874] MESSAGE_B= 0 4 0 89 16 1 192 0 248 179 0 579 596 586 606 763 674 765 680 99 71 87 64 91 46 93 49 0 12 255 255 255 242 245 0 207 0 0 0 0 0 2 1 2 1 16 1 11120 503264 272592 905502 216822 650564 519688 403728 261206 392360 380326 11676 66310 4822 4352 2284 10506 78278 16190 9776 2073600 2073600 2 12 410229 990720 993600 113890 111852 92773 91714 12 12 12 12 19 4 4 4 4 
[ 7414.958999] MESSAGE_B= 4 4 4 79 18 1 192 0 248 179 0 561 629 562 634 763 668 763 676 26 92 27 94 95 49 98 51 0 12 255 255 255 244 0 144 0 0 0 0 0 0 1 2 1 2 18 1 24366 228632 272592 905502 216822 650564 519688 403728 261206 392360 380326 11676 66310 4822 4352 2284 10506 78278 16190 9776 2073600 2073600 4 12 413065 994560 993600 115004 114866 92041 91154 12 12 12 12 18 4 4 4 4 
[ 7415.127690] MESSAGE_B= 0 4 4 80 16 1 192 0 248 179 0 564 593 566 594 767 674 768 682 12 66 26 63 95 43 92 46 0 12 255 255 255 235 0 0 0 0 0 0 0 0 1 2 1 1 16 1 11312 816354 272592 905502 216822 650564 519688 403728 261206 392360 380326 11676 66310 4822 4352 2284 10506 78278 16190 9776 2073600 2073600 2 12 411369 990720 993600 114613 114037 91844 90875 12 12 12 12 9 4 4 4 4 
[ 7415.411859] MESSAGE_B= 4 4 4 82 18 1 192 0 248 179 0 565 592 565 594 764 671 766 684 17 67 23 67 96 52 98 49 0 12 255 255 255 250 0 0 0 0 0 0 0 0 2 1 1 2 18 1 7358 645750 611934 188974 553098 764192 596878 110106 422902 307116 751794 8460 71782 5222 26466 24674 17594 99338 21276 11622 2073600 2073600 5 12 412985 994560 993600 115359 114883 91826 90917 12 12 12 12 6 4 4 4 4 
[ 7415.696910] MESSAGE_B= 4 4 4 82 17 1 192 0 248 179 0 562 598 564 596 763 674 764 680 32 66 13 59 94 46 93 56 0 12 255 255 255 255 0 0 0 0 0 0 0 0 1 1 1 1 17 1 11580 809630 611934 188974 553098 764192 596878 110106 422902 307116 751794 8460 71782 5222 26466 24674 17594 99338 21276 11622 2073600 2073600 5 12 413077 990720 993600 115556 115352 91533 90636 12 12 12 12 7 4 4 4 4 
[ 7415.973858] MESSAGE_B= 4 4 4 81 19 1 192 0 248 179 0 565 612 564 612 765 678 765 687 27 73 26 78 94 42 95 56 0 12 255 255 255 255 0 0 0 0 0 0 0 0 1 2 1 1 19 1 7044 652264 611934 188974 553098 764192 596878 110106 422902 307116 751794 8460 71782 5222 26466 24674 17594 99338 21276 11622 2073600 2073600 5 12 412580 994560 993600 114860 114742 91918 91060 12 12 12 12 8 4 4 4 4 
[ 7416.252046] MESSAGE_B= 4 4 4 80 11 1 192 0 248 179 0 0 28 0 25 630 146 624 161 0 0 0 0 0 0 0 0 1 12 0 240 197 254 0 34 0 34 1 0 0 0 0 0 0 0 11 1 12068 803646 611934 188974 553098 764192 596878 110106 422902 307116 751794 8460 71782 5222 26466 24674 17594 99338 21276 11622 2073600 2073600 5 12 472780 990720 993600 120067 120147 116269 116297 12 12 12 12 30 4 4 4 4 
[ 7416.529867] MESSAGE_B= 4 4 4 81 20 1 192 0 248 179 0 0 0 0 0 554 0 500 0 0 0 0 0 0 0 0 0 1 12 0 221 0 243 0 46 0 31 1 0 1 0 1 0 1 0 20 1 4622 648338 611934 188974 553098 764192 596878 110106 422902 307116 751794 8460 71782 5222 26466 24674 17594 99338 21276 11622 2073600 2073600 5 12 488398 994560 993600 121224 121892 122637 122645 12 12 12 12 42 4 4 4 4 
[ 7416.684848] MESSAGE_B= 4 4 4 82 27 2 192 0 248 179 0 0 151 0 147 839 51 790 63 0 0 0 0 0 0 0 0 1 12 238 255 0 231 0 0 0 0 0 0 1 0 0 0 0 0 27 2 3206 551144 611934 188974 553098 764192 596878 110106 422902 307116 751794 8460 71782 5222 26466 24674 17594 99338 21276 11622 2073600 2073600 5 12 480759 990720 993600 116764 117413 123204 123378 12 12 12 12 42 4 4 4 4 
[ 7416.963246] MESSAGE_B= 4 4 4 76 20 1 192 0 248 179 0 0 259 0 262 826 136 791 133 0 0 0 0 0 0 0 0 1 12 241 252 153 233 0 7 0 8 0 0 1 0 0 0 0 0 20 1 13584 578272 611934 188974 553098 764192 596878 110106 422902 307116 751794 8460 71782 5222 26466 24674 17594 99338 21276 11622 2073600 2073600 5 12 473109 994560 993600 114436 114841 121688 122144 12 12 12 12 53 4 4 4 4 
[ 7417.242049] MESSAGE_B= 4 4 4 78 17 1 192 0 248 179 0 0 247 0 248 1076 0 1047 0 0 0 0 0 0 0 0 0 1 12 211 250 0 222 0 0 0 0 0 0 1 0 0 0 0 0 17 1 9530 634554 611934 188974 553098 764192 596878 110106 422902 307116 751794 8460 71782 5222 26466 24674 17594 99338 21276 11622 2073600 2073600 5 12 476320 990720 993600 111765 112140 126108 126307 12 12 12 12 53 4 4 4 4 
[ 7417.528853] MESSAGE_B= 4 4 4 76 17 1 192 0 248 179 0 0 299 0 325 1151 0 1105 0 0 0 0 0 0 0 0 0 1 12 227 255 0 248 0 0 0 0 0 0 1 0 0 0 0 0 17 1 5080 426446 611934 188974 553098 764192 596878 110106 422902 307116 751794 8460 71782 5222 26466 24674 17594 99338 21276 11622 2073600 2073600 5 12 473055 994560 993600 110794 111115 125539 125607 12 12 12 12 37 4 4 4 4 
[ 7417.802862] MESSAGE_B= 4 7 4 77 3 2 192 0 248 179 0 0 0 0 0 0 0 0 0 0 0 0 0 0 0 0 0 1 12 0 0 0 0 0 0 0 0 1 1 1 1 1 1 1 1 3 2 6646 649058 726746 832214 345854 875056 372852 589736 868092 601682 885656 10326 67970 4038 9258 4524 13458 85276 16406 5460 2073600 2073600 5 12 512416 990720 993600 128104 128104 128104 128104 12 12 12 12 37 4 4 4 4 
[ 7418.075850] MESSAGE_B= 4 4 4 113 12 2 192 0 248 179 0 1633 1454 1623 1477 958 1154 948 1189 335 319 336 331 316 402 308 413 0 12 255 251 255 255 90 81 121 59 0 0 0 0 2 2 2 2 12 2 62 382568 726746 832214 345854 875056 372852 589736 868092 601682 885656 10326 67970 4038 9258 4524 13458 85276 16406 5460 2073600 2073600 5 12 437228 994560 993600 101659 101723 116839 117007 12 12 12 12 47 4 4 4 4 
[ 7418.354854] MESSAGE_B= 4 4 4 108 18 2 192 0 248 179 0 2197 1460 2158 1501 1120 889 1111 908 524 265 530 255 247 331 230 361 0 12 253 248 255 255 182 96 186 40 0 0 0 0 2 2 2 2 18 2 5550 312216 726746 832214 345854 875056 372852 589736 868092 601682 885656 10326 67970 4038 9258 4524 13458 85276 16406 5460 2073600 2073600 5 12 268728 990720 993600 76253 75792 58688 57995 12 12 12 12 47 4 4 4 4 
[ 7418.635864] MESSAGE_B= 4 4 4 112 18 2 192 0 248 179 0 2166 1442 2132 1487 1128 891 1119 912 494 272 511 265 244 326 223 358 0 12 252 250 255 255 185 121 190 72 0 0 0 0 2 2 2 2 18 2 6570 530712 726746 832214 345854 875056 372852 589736 868092 601682 885656 10326 67970 4038 9258 4524 13458 85276 16406 5460 2073600 2073600 5 12 266613 994560 993600 74926 75008 58419 58260 12 12 12 12 43 4 4 4 4 
[ 7418.916916] MESSAGE_B= 4 4 4 112 16 2 192 0 248 179 0 2151 1448 2113 1495 1123 895 1113 914 490 279 503 271 240 331 220 359 0 12 252 250 255 255 190 92 191 65 0 0 0 0 2 2 2 2 16 2 7378 453464 726746 832214 345854 875056 372852 589736 868092 601682 885656 10326 67970 4038 9258 4524 13458 85276 16406 5460 2073600 2073600 5 12 267118 990720 993600 75033 74980 58660 58445 12 12 12 12 12 4 4 4 4 
[ 7419.087972] MESSAGE_B= 4 4 4 112 16 2 192 0 248 179 0 2156 1459 2123 1514 1122 887 1112 905 508 278 518 267 245 329 227 359 0 12 252 250 255 255 187 49 184 97 0 0 0 0 2 2 2 2 16 2 6044 568246 726746 832214 345854 875056 372852 589736 868092 601682 885656 10326 67970 4038 9258 4524 13458 85276 16406 5460 2073600 2073600 5 12 266851 994560 993600 75293 75584 58116 57858 12 12 12 12 13 4 4 4 4 
[ 7419.368850] MESSAGE_B= 4 4 4 106 14 2 192 0 248 179 0 2109 1485 2059 1539 1133 896 1124 920 501 223 489 213 250 335 229 373 0 12 253 252 255 255 194 73 196 39 0 0 0 0 2 2 2 2 14 2 7070 451836 726746 832214 345854 875056 372852 589736 868092 601682 885656 10326 67970 4038 9258 4524 13458 85276 16406 5460 2073600 2073600 5 12 261580 990720 993600 72678 72517 58127 58258 12 12 12 12 21 4 4 4 4 
[ 7419.652868] MESSAGE_B= 4 4 4 106 13 2 192 0 248 179 0 2171 1661 2145 1705 1137 905 1128 926 460 338 451 299 262 361 244 396 0 12 252 253 255 255 183 9 185 65 0 0 0 0 2 2 2 2 13 2 6924 570014 726746 832214 345854 875056 372852 589736 868092 601682 885656 10326 67970 4038 9258 4524 13458 85276 16406 5460 2073600 2073600 5 12 265502 994560 993600 74238 74177 58646 58441 12 12 12 12 21 4 4 4 4 
[ 7419.933031] MESSAGE_B= 4 4 4 117 13 2 192 0 248 179 0 2153 1672 2135 1710 1143 908 1131 931 429 355 404 330 264 360 244 397 0 12 251 253 255 255 177 34 179 0 0 0 0 0 2 2 2 2 13 2 7082 480472 726746 832214 345854 875056 372852 589736 868092 601682 885656 10326 67970 4038 9258 4524 13458 85276 16406 5460 2073600 2073600 5 12 263047 990720 993600 73541 73586 58162 57758 12 12 12 12 21 4 4 4 4 
[ 7420.212854] MESSAGE_B= 4 4 4 118 13 2 192 0 248 179 0 2058 1681 2050 1717 1060 893 1049 917 396 380 369 341 239 375 226 411 0 12 250 253 255 255 182 8 184 31 0 0 0 0 2 2 2 2 13 2 5740 571984 391162 138594 161198 361282 374898 374080 306614 390512 337320 8412 63682 12714 10636 11236 9616 80134 19160 8034 2073600 2073600 5 12 283432 994560 993600 78259 78394 63496 63283 12 12 12 12 35 4 4 4 4 
[ 7420.492861] MESSAGE_B= 4 4 4 112 11 2 192 0 248 179 0 1229 1178 1229 1195 1090 1177 1057 1201 230 165 230 175 119 56 113 51 0 12 255 253 249 197 193 0 0 0 0 0 0 0 2 1 1 1 11 2 6628 477724 391162 138594 161198 361282 374898 374080 306614 390512 337320 8412 63682 12714 10636 11236 9616 80134 19160 8034 2073600 2073600 5 12 451270 990720 993600 102080 102033 123549 123608 12 12 12 12 52 4 4 4 4 
[ 7420.771853] MESSAGE_B= 4 7 4 111 2 8 192 0 248 179 0 0 0 0 0 0 0 0 0 0 0 0 0 0 0 0 0 1 12 0 0 0 0 0 0 0 0 1 1 1 1 1 1 1 1 2 8 6400 571582 391162 138594 161198 361282 374898 374080 306614 390512 337320 8412 63682 12714 10636 11236 9616 80134 19160 8034 2073600 2073600 5 12 512416 994560 993600 128104 128104 128104 128104 12 12 12 12 102 4 4 4 4 
[ 7421.045861] MESSAGE_B= 4 4 4 136 22 1 192 0 248 179 0 1205 1614 1205 1612 644 793 645 793 151 295 154 287 90 106 90 107 0 12 255 255 255 255 144 47 107 108 0 0 0 0 2 2 2 2 22 1 1340 449630 391162 138594 161198 361282 374898 374080 306614 390512 337320 8412 63682 12714 10636 11236 9616 80134 19160 8034 2073600 2073600 5 12 260863 990720 993600 42252 42425 90673 90843 15 15 12 12 102 4 4 4 4 
[ 7421.203935] MESSAGE_B= 4 4 4 166 26 1 192 0 248 179 0 1260 1705 1260 1704 580 807 579 807 724 1024 724 1022 323 460 323 460 0 31 255 255 255 255 66 34 65 34 0 0 0 0 0 0 0 0 26 1 5954 39262 391162 138594 161198 361282 374898 374080 306614 390512 337320 8412 63682 12714 10636 11236 9616 80134 19160 8034 2073600 2073600 4 12 174791 994560 993600 31815 31728 55690 55831 16 16 12 12 80 4 4 4 4 
[ 7421.481849] MESSAGE_B= 4 4 4 171 30 1 192 0 248 179 0 1261 1706 1260 1706 582 812 582 812 724 1007 725 1007 326 463 325 463 0 31 255 255 255 255 68 52 68 51 0 0 0 0 0 0 0 0 30 1 5376 890474 391162 138594 161198 361282 374898 374080 306614 390512 337320 8412 63682 12714 10636 11236 9616 80134 19160 8034 2073600 2073600 5 12 173824 990720 993600 32859 32739 54976 54849 16 16 12 12 63 4 4 4 4 
[ 7421.758853] MESSAGE_B= 4 4 4 172 13 2 192 0 248 179 0 1630 1169 1630 1167 1058 722 1058 721 736 248 739 252 152 96 150 98 0 12 255 255 253 255 73 156 67 160 0 0 0 0 2 2 2 2 13 2 7866 896612 391162 138594 161198 361282 374898 374080 306614 390512 337320 8412 63682 12714 10636 11236 9616 80134 19160 8034 2073600 2073600 5 12 296747 994560 993600 51319 51324 97081 97023 12 12 12 12 22 4 4 4 4 
