[ 1357.104726] MESSAGE_B= 0 0 0 63 0 2 192 64 248 179 0 0 3470 0 2670 1302 1545 1484 1548 0 88 0 91 737 230 453 391 0 6 0 169 189 4 0 0 0 126 1 2 2 0 1 1 1 2 0 2 366473 942549 2 189646 119254 106390 104048 2 33808 36270 2 911914 120038 116342 132810 129242 2 6660 4920 2 2073600 2073600 
[ 1357.371722] MESSAGE_B= 0 0 0 58 0 2 192 64 248 179 0 0 3468 0 2660 1376 1541 1904 1581 0 96 0 77 838 248 732 420 0 6 0 182 48 9 0 0 0 133 1 2 2 0 1 1 1 2 0 2 704823 990568 2 189646 119254 106390 104048 2 33808 36270 2 911914 120038 116342 132810 129242 2 6660 4920 2 2073600 2073600 
[ 1357.638719] MESSAGE_B= 0 0 0 56 0 2 192 64 248 179 0 0 3464 0 2673 1308 1547 1739 1578 0 76 0 99 582 250 676 350 0 6 0 214 39 39 0 0 0 133 1 2 2 0 1 1 1 2 0 2 370690 945120 2 189646 119254 106390 104048 2 33808 36270 2 911914 120038 116342 132810 129242 2 6660 4920 2 2073600 2073600 
[ 1357.784720] MESSAGE_B= 0 0 0 54 0 2 192 64 248 179 0 0 3461 0 2662 1427 1543 1776 1608 0 86 0 100 622 238 705 380 0 6 0 210 49 7 0 0 0 140 1 2 2 0 1 1 1 2 0 2 708192 985369 2 189646 119254 106390 104048 2 33808 36270 2 911914 120038 116342 132810 129242 2 6660 4920 2 2073600 2073600 
[ 1358.051717] MESSAGE_B= 0 0 0 52 0 2 192 64 248 179 0 0 3432 0 2645 1470 1545 1776 1637 0 97 0 105 701 234 653 368 0 6 0 210 57 1 0 0 0 151 1 2 2 0 1 1 1 2 0 2 352712 944338 2 189646 119254 106390 104048 2 33808 36270 2 911914 120038 116342 132810 129242 2 6660 4920 2 2073600 2073600 
[ 1358.318724] MESSAGE_B= 0 0 0 50 0 2 192 64 248 179 0 0 3238 0 2691 1361 1549 1782 1650 0 265 0 114 785 234 687 373 0 6 0 57 40 23 0 0 0 149 1 2 2 0 1 1 1 2 0 2 711191 987439 2 189646 119254 106390 104048 2 33808 36270 2 911914 120038 116342 132810 129242 2 6660 4920 2 2073600 2073600 
[ 1358.585724] MESSAGE_B= 0 0 0 50 0 2 192 64 248 179 0 0 3192 0 2703 1990 1558 1635 1722 0 333 0 109 1100 268 669 468 0 6 0 57 83 10 0 0 0 160 1 2 2 0 1 1 1 2 0 2 357948 942798 2 189646 119254 106390 104048 2 33808 36270 2 911914 120038 116342 132810 129242 2 6660 4920 2 2073600 2073600 
[ 1358.852719] MESSAGE_B= 0 0 0 50 0 2 192 64 248 179 0 0 3146 0 2670 2244 1577 1432 1754 0 241 0 107 1088 329 544 453 0 6 0 53 250 19 0 0 0 156 1 2 2 0 1 1 1 2 0 2 732084 987024 1868076 1611370 1858894 1915160 1901946 1904350 1861710 1254660 1905012 987210 787830 217396 1012614 1031516 854982 1228646 1197248 949414 2073600 2073600 
[ 1359.123720] MESSAGE_B= 0 0 0 49 0 2 192 64 248 179 0 0 3168 0 2694 2284 1604 1480 1765 0 228 0 112 1061 355 552 428 0 6 0 126 249 54 0 0 0 166 1 2 2 0 1 1 1 2 0 2 370276 941937 1868076 1611370 1858894 1915160 1901946 1904350 1861710 1254660 1905012 987210 787830 217396 1012614 1031516 854982 1228646 1197248 949414 2073600 2073600 
[ 1359.273727] MESSAGE_B= 0 0 0 49 0 2 192 64 248 179 0 0 3187 0 2700 2392 1606 1540 1768 0 199 0 98 998 368 511 433 0 6 0 114 237 45 0 0 0 164 1 2 2 0 1 1 1 2 0 2 746915 989955 1868076 1611370 1858894 1915160 1901946 1904350 1861710 1254660 1905012 987210 787830 217396 1012614 1031516 854982 1228646 1197248 949414 2073600 2073600 
[ 1359.544722] MESSAGE_B= 0 0 0 50 1 2 192 64 248 179 0 3352 3244 2993 2687 2637 1648 1912 1789 75 221 190 110 996 380 630 426 0 6 122 43 231 68 0 0 0 168 2 2 2 0 1 1 1 2 1 2 418728 940689 1868076 1611370 1858894 1915160 1901946 1904350 1861710 1254660 1905012 987210 787830 217396 1012614 1031516 854982 1228646 1197248 949414 2073600 2073600 
[ 1359.816720] MESSAGE_B= 0 0 0 50 1 2 192 64 248 179 0 3364 3340 3478 2697 3224 1610 2995 1785 82 110 268 107 688 404 554 360 0 6 26 211 220 8 0 0 0 173 2 2 2 0 1 1 1 2 1 2 768046 987788 1868076 1611370 1858894 1915160 1901946 1904350 1861710 1254660 1905012 987210 787830 217396 1012614 1031516 854982 1228646 1197248 949414 2073600 2073600 
[ 1360.088723] MESSAGE_B= 0 0 0 51 0 2 192 64 248 179 0 3357 3388 3302 2697 3224 1614 3147 1796 60 76 213 128 683 406 526 378 0 6 41 194 223 22 0 0 0 171 2 2 2 0 1 1 1 2 0 2 369092 936222 1868076 1611370 1858894 1915160 1901946 1904350 1861710 1254660 1905012 987210 787830 217396 1012614 1031516 854982 1228646 1197248 949414 2073600 2073600 
[ 1360.360721] MESSAGE_B= 0 0 0 51 0 2 192 64 248 179 0 3357 3380 3189 2705 3199 1628 2995 1799 54 26 337 124 666 427 477 423 0 6 8 255 201 6 0 0 0 174 2 2 2 0 1 1 1 2 0 2 771176 984621 1868076 1611370 1858894 1915160 1901946 1904350 1861710 1254660 1905012 987210 787830 217396 1012614 1031516 854982 1228646 1197248 949414 2073600 2073600 
[ 1360.511721] MESSAGE_B= 0 0 0 51 0 2 192 64 248 179 0 3345 3368 3027 2694 3165 1626 2977 1816 72 84 349 121 742 420 494 414 0 6 10 158 166 12 0 0 0 179 2 2 2 0 1 1 1 2 0 2 365207 931757 1868076 1611370 1858894 1915160 1901946 1904350 1861710 1254660 1905012 987210 787830 217396 1012614 1031516 854982 1228646 1197248 949414 2073600 2073600 
[ 1360.783717] MESSAGE_B= 0 0 0 51 0 2 192 64 248 179 0 3337 3359 2935 2707 3087 1630 2910 1822 73 38 302 107 804 431 519 398 0 6 36 159 130 16 0 0 0 176 2 2 2 0 1 1 1 2 0 2 769114 985812 1868076 1611370 1858894 1915160 1901946 1904350 1861710 1254660 1905012 987210 787830 217396 1012614 1031516 854982 1228646 1197248 949414 2073600 2073600 
[ 1361.056726] MESSAGE_B= 0 0 0 51 0 2 192 64 248 179 0 3324 3333 2962 2710 3141 1687 3059 1875 54 83 286 115 677 539 465 442 0 6 53 135 177 12 0 0 0 179 2 2 2 0 1 1 1 2 0 2 386033 932790 1884264 1590524 1863628 1884886 1898820 1910478 1854744 1269228 1908408 1132066 806054 266634 1066662 1141484 938808 1201826 1138170 1064310 2073600 2073600 
[ 1361.328725] MESSAGE_B= 0 0 0 51 0 2 192 64 248 179 0 3321 3342 2568 2920 2935 1992 2962 2114 60 48 220 205 869 823 659 634 0 6 105 18 121 178 0 0 0 110 2 2 2 0 1 1 1 2 0 2 771132 986760 1884264 1590524 1863628 1884886 1898820 1910478 1854744 1269228 1908408 1132066 806054 266634 1066662 1141484 938808 1201826 1138170 1064310 2073600 2073600 
[ 1361.600721] MESSAGE_B= 0 0 0 50 0 2 192 64 248 179 0 0 3338 0 2902 2540 1991 3344 2116 0 41 0 168 1053 827 618 644 0 6 0 15 233 188 0 0 0 108 1 2 2 0 1 1 1 2 0 2 399315 928532 1884264 1590524 1863628 1884886 1898820 1910478 1854744 1269228 1908408 1132066 806054 266634 1066662 1141484 938808 1201826 1138170 1064310 2073600 2073600 
[ 1361.750725] MESSAGE_B= 0 0 0 50 0 2 192 64 248 179 0 0 3308 0 2875 2451 2010 3304 2110 0 65 0 121 1014 817 658 645 0 6 0 60 201 210 0 0 0 103 1 2 2 0 1 1 1 2 0 2 770636 987520 1884264 1590524 1863628 1884886 1898820 1910478 1854744 1269228 1908408 1132066 806054 266634 1066662 1141484 938808 1201826 1138170 1064310 2073600 2073600 
[ 1362.021729] MESSAGE_B= 0 0 0 71 0 2 192 64 248 179 0 2284 2592 3203 2841 2697 1153 1404 2516 329 199 36 84 134 443 86 778 0 6 72 84 42 84 34 11 72 58 2 2 2 2 2 2 2 2 0 2 405255 929259 1884264 1590524 1863628 1884886 1898820 1910478 1854744 1269228 1908408 1132066 806054 266634 1066662 1141484 938808 1201826 1138170 1064310 2073600 2073600 
[ 1362.293723] MESSAGE_B= 0 0 0 96 0 3 192 64 248 179 0 2154 2568 3200 2846 1115 1029 1947 2408 502 104 13 93 430 182 415 646 0 6 63 37 194 104 0 89 32 186 2 2 2 2 1 2 2 2 0 3 476090 846132 1884264 1590524 1863628 1884886 1898820 1910478 1854744 1269228 1908408 1132066 806054 266634 1066662 1141484 938808 1201826 1138170 1064310 2073600 2073600 
[ 1362.565720] MESSAGE_B= 0 0 0 115 1 3 192 64 248 179 0 1757 2338 3200 2811 0 975 0 2468 179 562 16 44 0 132 0 710 0 6 255 59 0 155 0 221 38 130 2 2 1 2 1 2 2 2 1 3 625836 955960 1884264 1590524 1863628 1884886 1898820 1910478 1854744 1269228 1908408 1132066 806054 266634 1066662 1141484 938808 1201826 1138170 1064310 2073600 2073600 
[ 1362.836718] MESSAGE_B= 0 0 0 124 1 5 192 64 248 179 0 1757 1272 3170 2834 0 874 0 2913 165 656 45 75 0 50 0 553 0 6 60 10 0 61 0 69 143 72 2 2 1 2 1 2 2 2 1 5 560967 760245 1884264 1590524 1863628 1884886 1898820 1910478 1854744 1269228 1908408 1132066 806054 266634 1066662 1141484 938808 1201826 1138170 1064310 2073600 2073600 
[ 1362.986732] MESSAGE_B= 0 0 0 126 1 4 192 64 248 179 0 2004 866 3154 2821 0 870 0 2943 265 44 43 76 0 60 0 566 0 6 69 165 0 57 0 0 100 85 2 2 1 2 1 2 2 2 1 4 620366 966661 1884264 1590524 1863628 1884886 1898820 1910478 1854744 1269228 1908408 1132066 806054 266634 1066662 1141484 938808 1201826 1138170 1064310 2073600 2073600 
[ 1363.257720] MESSAGE_B= 0 0 0 130 1 4 192 64 248 179 0 1936 884 3163 2791 0 863 0 2918 366 38 53 68 0 53 0 571 0 6 38 216 0 73 0 0 202 96 2 2 1 2 1 2 2 2 1 4 640458 875220 1742550 1649958 1858024 1890108 1898982 1742592 1629790 1574892 1702336 1040786 757404 182818 1129468 768762 963482 662866 1149620 1019380 2073600 2073600 
[ 1363.528723] MESSAGE_B= 0 0 0 133 1 5 192 64 248 179 0 1715 888 3161 2849 0 850 0 2728 171 37 63 82 0 54 0 500 0 6 1 77 0 4 0 0 0 33 2 2 1 2 1 2 1 2 1 5 622348 970995 1742550 1649958 1858024 1890108 1898982 1742592 1629790 1574892 1702336 1040786 757404 182818 1129468 768762 963482 662866 1149620 1019380 2073600 2073600 
[ 1363.798719] MESSAGE_B= 0 0 0 135 1 2 192 64 248 179 0 2691 2958 2770 2512 2112 2057 1062 1374 584 517 735 926 0 96 53 16 0 12 202 241 0 91 254 120 233 222 0 0 2 2 2 2 2 2 1 2 673198 883843 1742550 1649958 1858024 1890108 1898982 1742592 1629790 1574892 1702336 1040786 757404 182818 1129468 768762 963482 662866 1149620 1019380 2073600 2073600 
[ 1364.070723] MESSAGE_B= 0 0 0 113 2 3 192 64 248 179 0 3354 3425 2792 3029 0 0 0 0 53 65 714 700 0 0 0 0 0 12 67 108 0 0 120 216 0 0 0 2 1 1 2 2 1 1 2 3 642182 975232 1742550 1649958 1858024 1890108 1898982 1742592 1629790 1574892 1702336 1040786 757404 182818 1129468 768762 963482 662866 1149620 1019380 2073600 2073600 
[ 1364.340727] MESSAGE_B= 0 0 0 127 1 2 192 64 248 179 0 3353 3425 2923 2873 0 0 0 0 32 81 652 741 0 0 0 0 0 12 95 87 0 0 117 67 0 0 0 2 1 1 2 2 1 1 1 2 919616 649493 1742550 1649958 1858024 1890108 1898982 1742592 1629790 1574892 1702336 1040786 757404 182818 1129468 768762 963482 662866 1149620 1019380 2073600 2073600 
[ 1364.610722] MESSAGE_B= 0 0 0 143 1 3 192 64 248 179 0 3345 3417 3008 2817 0 0 0 0 85 74 645 734 0 0 0 0 0 12 30 100 0 0 107 255 0 0 2 2 1 1 2 2 1 1 1 3 658733 868738 1742550 1649958 1858024 1890108 1898982 1742592 1629790 1574892 1702336 1040786 757404 182818 1129468 768762 963482 662866 1149620 1019380 2073600 2073600 
[ 1364.880719] MESSAGE_B= 0 0 0 150 1 3 192 64 248 179 0 3340 3362 3029 2856 0 1063 0 1040 48 325 590 752 0 34 0 0 0 12 80 72 0 0 57 255 0 0 2 2 1 0 2 2 1 2 1 3 741873 691827 1742550 1649958 1858024 1890108 1898982 1742592 1629790 1574892 1702336 1040786 757404 182818 1129468 768762 963482 662866 1149620 1019380 2073600 2073600 
[ 1365.030718] MESSAGE_B= 0 0 0 156 1 4 192 64 248 179 0 3338 3137 3031 2741 0 1081 0 1040 31 752 623 892 0 48 0 0 0 12 148 170 0 0 38 244 0 0 2 2 1 0 2 2 1 2 1 4 643858 941758 1742550 1649958 1858024 1890108 1898982 1742592 1629790 1574892 1702336 1040786 757404 182818 1129468 768762 963482 662866 1149620 1019380 2073600 2073600 
[ 1365.301719] MESSAGE_B= 0 0 0 161 1 4 192 64 248 179 0 3336 3402 2978 3110 0 1114 0 1040 59 29 689 588 0 39 0 0 0 12 82 133 0 0 5 255 0 0 2 2 1 0 0 2 1 2 1 4 759218 639684 1742550 1649958 1858024 1890108 1898982 1742592 1629790 1574892 1702336 1040786 757404 182818 1129468 768762 963482 662866 1149620 1019380 2073600 2073600 
[ 1365.572721] MESSAGE_B= 0 0 0 160 2 4 192 64 248 179 0 3329 3393 2966 3194 0 0 0 0 35 62 681 492 0 0 0 0 0 12 149 12 0 0 109 47 0 0 2 2 1 1 0 2 1 1 2 4 695282 964843 1464124 1569274 1537500 1770626 1513052 1504210 1500796 1497866 1533358 1239506 804004 491614 1250436 1179078 1283610 757626 1089036 1226758 2073600 2073600 
[ 1365.842720] MESSAGE_B= 0 0 0 153 1 2 192 64 248 179 0 3315 3393 3188 3254 0 0 0 0 81 77 324 370 0 0 0 0 0 12 22 7 0 0 129 45 0 0 2 2 1 1 0 2 1 1 1 2 916627 513509 1464124 1569274 1537500 1770626 1513052 1504210 1500796 1497866 1533358 1239506 804004 491614 1250436 1179078 1283610 757626 1089036 1226758 2073600 2073600 
[ 1366.112723] MESSAGE_B= 0 0 0 146 0 1 192 64 248 179 0 3006 2475 1846 1642 2422 430 574 832 577 1254 1417 1304 375 58 36 34 0 31 136 135 82 208 169 4 43 55 0 0 0 0 0 0 0 0 0 1 697616 904685 1464124 1569274 1537500 1770626 1513052 1504210 1500796 1497866 1533358 1239506 804004 491614 1250436 1179078 1283610 757626 1089036 1226758 2073600 2073600 
[ 1366.385720] MESSAGE_B= 0 0 0 142 0 1 192 64 248 179 0 3007 2449 1826 1612 2589 397 569 824 542 1287 1425 1293 363 58 41 49 0 31 141 133 51 218 186 134 11 34 0 0 0 0 0 0 0 0 0 1 923927 428249 1464124 1569274 1537500 1770626 1513052 1504210 1500796 1497866 1533358 1239506 804004 491614 1250436 1179078 1283610 757626 1089036 1226758 2073600 2073600 
[ 1366.657724] MESSAGE_B= 0 0 0 138 1 5 192 64 248 179 0 0 211 0 2791 4014 877 491 3425 0 182 0 172 69 734 161 485 0 6 0 130 81 122 0 0 39 233 1 2 2 2 1 1 2 2 1 5 686194 830675 1464124 1569274 1537500 1770626 1513052 1504210 1500796 1497866 1533358 1239506 804004 491614 1250436 1179078 1283610 757626 1089036 1226758 2073600 2073600 
[ 1366.928718] MESSAGE_B= 0 0 0 22 0 4 192 64 248 179 0 3968 285 352 2914 4058 700 326 2996 0 62 0 191 67 218 48 616 0 6 0 209 255 77 0 15 80 231 2 2 2 2 1 2 2 2 0 4 340810 365297 1464124 1569274 1537500 1770626 1513052 1504210 1500796 1497866 1533358 1239506 804004 491614 1250436 1179078 1283610 757626 1089036 1226758 2073600 2073600 
[ 1367.079722] MESSAGE_B= 0 0 0 32 1 3 192 64 248 179 0 0 729 0 3524 2188 1025 1248 2461 0 572 0 396 1133 262 451 909 0 6 0 150 179 151 0 126 182 201 1 2 2 0 1 2 0 2 1 3 703341 808451 1464124 1569274 1537500 1770626 1513052 1504210 1500796 1497866 1533358 1239506 804004 491614 1250436 1179078 1283610 757626 1089036 1226758 2073600 2073600 
[ 1367.351722] MESSAGE_B= 0 0 0 41 1 3 192 64 248 179 0 3572 2184 2714 3798 2513 1342 1150 2522 110 1351 1355 227 945 148 435 926 0 31 57 221 189 77 37 44 172 235 0 0 0 0 0 0 0 0 1 3 325439 889941 1464124 1569274 1537500 1770626 1513052 1504210 1500796 1497866 1533358 1239506 804004 491614 1250436 1179078 1283610 757626 1089036 1226758 2073600 2073600 
[ 1367.624719] MESSAGE_B= 0 0 0 43 1 3 192 64 248 179 0 3604 2180 2707 3807 2553 1364 1170 2543 88 1350 1356 191 932 156 447 914 0 31 52 218 192 58 32 25 183 233 0 0 0 0 0 0 0 0 1 3 850807 742167 1464124 1569274 1537500 1770626 1513052 1504210 1500796 1497866 1533358 1239506 804004 491614 1250436 1179078 1283610 757626 1089036 1226758 2073600 2073600 
[ 1367.897723] MESSAGE_B= 0 0 0 44 1 3 192 64 248 179 0 3647 2202 2710 3844 2592 1396 1223 2589 77 1344 1347 173 915 158 460 898 0 31 14 190 190 65 2 30 184 208 0 0 0 0 0 0 0 0 1 3 340802 1078625 1323062 1215196 1065642 1074794 1044526 1550712 827080 1143020 1345534 948774 766744 663470 1425352 1285234 813760 747202 976896 821420 2073600 2073600 
[ 1368.169724] MESSAGE_B= 0 0 0 43 1 3 192 64 248 179 0 3677 2242 2715 3891 2621 1420 1282 2627 70 1336 1338 125 896 164 461 891 0 31 54 175 183 77 62 42 178 192 0 0 0 0 0 0 0 0 1 3 874716 733104 1323062 1215196 1065642 1074794 1044526 1550712 827080 1143020 1345534 948774 766744 663470 1425352 1285234 813760 747202 976896 821420 2073600 2073600 
[ 1368.441720] MESSAGE_B= 0 0 0 40 1 2 192 64 248 179 0 3703 2291 2724 3940 2639 1453 1355 2672 92 1327 1322 122 886 165 462 876 0 31 84 78 176 88 96 46 172 99 0 0 0 0 0 0 0 0 1 2 345892 1072022 1323062 1215196 1065642 1074794 1044526 1550712 827080 1143020 1345534 948774 766744 663470 1425352 1285234 813760 747202 976896 821420 2073600 2073600 
[ 1368.713719] MESSAGE_B= 0 0 0 36 1 2 192 64 248 179 0 3716 2346 2734 3981 2657 1488 1419 2676 92 1324 1305 105 877 165 452 891 0 31 102 10 170 83 119 35 168 40 0 0 0 0 0 0 0 0 1 2 906131 719747 1323062 1215196 1065642 1074794 1044526 1550712 827080 1143020 1345534 948774 766744 663470 1425352 1285234 813760 747202 976896 821420 2073600 2073600 
[ 1368.985721] MESSAGE_B= 0 0 0 32 1 3 192 64 248 179 0 3734 2382 2741 3996 2677 1542 1444 2689 90 1317 1294 89 871 185 431 903 0 31 110 13 162 49 116 4 163 19 0 0 0 0 0 0 0 0 1 3 301661 1092639 1323062 1215196 1065642 1074794 1044526 1550712 827080 1143020 1345534 948774 766744 663470 1425352 1285234 813760 747202 976896 821420 2073600 2073600 
[ 1369.136716] MESSAGE_B= 0 0 0 13 4 3 192 64 248 179 0 528 543 608 1072 0 572 0 582 0 32 0 677 0 37 0 33 0 12 0 0 0 124 0 0 0 30 2 2 1 2 2 2 1 2 4 3 910876 694044 1323062 1215196 1065642 1074794 1044526 1550712 827080 1143020 1345534 948774 766744 663470 1425352 1285234 813760 747202 976896 821420 2073600 2073600 
[ 1369.406717] MESSAGE_B= 0 0 0 65 1 6 192 64 248 179 0 864 954 988 1484 2317 2110 2035 2062 0 32 57 485 177 274 219 330 0 12 0 47 169 249 174 155 250 81 0 2 2 0 2 2 2 2 1 6 12700 1199246 1323062 1215196 1065642 1074794 1044526 1550712 827080 1143020 1345534 948774 766744 663470 1425352 1285234 813760 747202 976896 821420 2073600 2073600 
[ 1369.677723] MESSAGE_B= 0 0 0 101 0 5 192 64 248 179 0 816 1006 1003 1306 2318 2109 2093 2074 22 40 59 128 178 272 277 341 0 12 154 130 158 240 0 151 246 115 2 2 2 0 1 2 2 2 0 5 326944 724631 1323062 1215196 1065642 1074794 1044526 1550712 827080 1143020 1345534 948774 766744 663470 1425352 1285234 813760 747202 976896 821420 2073600 2073600 
[ 1369.949717] MESSAGE_B= 0 0 0 105 0 5 192 64 248 179 0 0 1023 0 1260 2318 2106 2096 2070 0 30 0 127 181 269 288 339 0 12 0 95 160 239 0 129 247 98 1 2 2 0 1 2 2 2 0 5 480637 974731 1323062 1215196 1065642 1074794 1044526 1550712 827080 1143020 1345534 948774 766744 663470 1425352 1285234 813760 747202 976896 821420 2073600 2073600 
[ 1370.220722] MESSAGE_B= 0 0 0 105 0 5 192 64 248 179 0 0 1032 0 1208 2323 2106 2107 2069 0 8 0 112 186 265 289 338 0 12 0 197 160 240 0 0 241 73 1 2 2 0 1 2 2 2 0 5 328814 887681 1564206 255972 712938 1308642 1319666 1297716 1140176 1647636 1570760 640456 321108 1179076 973686 891378 950814 1089756 767022 750782 2073600 2073600 
[ 1370.491723] MESSAGE_B= 0 0 0 106 0 6 192 64 248 179 0 1049 1037 1027 1141 2330 2103 2111 2065 31 26 74 108 188 259 290 337 0 12 173 108 163 238 0 0 236 42 0 2 2 0 1 1 2 2 0 6 466312 975996 1564206 255972 712938 1308642 1319666 1297716 1140176 1647636 1570760 640456 321108 1179076 973686 891378 950814 1089756 767022 750782 2073600 2073600 
[ 1370.764116] MESSAGE_B= 0 0 0 106 1 6 192 64 248 179 0 1056 1040 995 1001 2334 2108 2123 2074 0 0 78 72 195 257 292 338 0 12 0 0 162 238 0 0 140 17 0 2 2 0 1 1 2 2 1 6 233135 915245 1564206 255972 712938 1308642 1319666 1297716 1140176 1647636 1570760 640456 321108 1179076 973686 891378 950814 1089756 767022 750782 2073600 2073600 
[ 1371.034723] MESSAGE_B= 0 0 0 104 1 22 192 64 248 179 0 1058 0 948 0 2341 2110 2130 2073 25 0 53 0 190 260 300 342 0 12 159 0 170 238 0 0 0 175 0 1 0 0 1 1 2 2 1 22 445174 977457 1564206 255972 712938 1308642 1319666 1297716 1140176 1647636 1570760 640456 321108 1179076 973686 891378 950814 1089756 767022 750782 2073600 2073600 
[ 1371.184723] MESSAGE_B= 0 0 0 105 1 8 192 64 248 179 0 1056 0 920 0 2350 2114 2141 2074 0 0 17 0 202 258 300 336 0 12 0 0 167 237 0 0 0 131 0 1 0 0 1 1 1 2 1 8 158634 947168 1564206 255972 712938 1308642 1319666 1297716 1140176 1647636 1570760 640456 321108 1179076 973686 891378 950814 1089756 767022 750782 2073600 2073600 
[ 1371.454725] MESSAGE_B= 0 0 0 106 1 23 192 64 248 179 0 1072 0 896 0 2364 2116 2159 2069 0 0 0 0 204 263 313 334 0 12 0 0 171 235 0 0 0 104 0 1 0 0 1 1 1 2 1 23 364275 985095 1564206 255972 712938 1308642 1319666 1297716 1140176 1647636 1570760 640456 321108 1179076 973686 891378 950814 1089756 767022 750782 2073600 2073600 
[ 1371.725724] MESSAGE_B= 0 0 0 108 1 10 192 64 248 179 0 1072 0 896 0 2377 2091 2177 2029 0 0 0 0 218 245 317 317 0 12 0 0 174 227 0 0 0 226 0 1 0 0 1 1 1 2 1 10 213080 975469 1564206 255972 712938 1308642 1319666 1297716 1140176 1647636 1570760 640456 321108 1179076 973686 891378 950814 1089756 767022 750782 2073600 2073600 
[ 1371.995727] MESSAGE_B= 0 0 0 113 1 14 192 64 248 179 0 1068 1024 972 1008 2381 2080 2168 2032 13 13 60 69 238 244 301 322 0 12 225 243 176 218 142 0 0 219 0 2 0 2 2 1 1 2 1 14 345143 985874 1564206 255972 712938 1308642 1319666 1297716 1140176 1647636 1570760 640456 321108 1179076 973686 891378 950814 1089756 767022 750782 2073600 2073600 
[ 1372.267934] MESSAGE_B= 0 0 0 113 0 28 192 64 248 179 0 1395 1465 937 1106 2340 2106 2109 2004 458 816 177 145 335 375 346 430 0 12 180 245 160 120 93 69 148 212 0 0 0 0 2 2 2 2 0 28 254032 970896 1564206 255972 712938 1308642 1319666 1297716 1140176 1647636 1570760 640456 321108 1179076 973686 891378 950814 1089756 767022 750782 2073600 2073600 
[ 1372.540721] MESSAGE_B= 0 4 0 108 0 9 192 64 248 179 0 1044 1002 1110 1159 2410 2080 2186 2025 110 139 20 89 249 279 472 340 0 12 203 211 82 221 89 3 188 220 0 2 0 0 2 2 2 2 0 9 476844 984470 1737394 1748174 1585524 1719446 1834480 1876966 1915996 1891210 1880340 591652 293998 819566 445064 393350 340880 971444 656212 376242 2073600 2073600 
[ 1372.812723] MESSAGE_B= 0 0 0 110 0 8 192 64 248 179 0 939 1082 1135 1209 2389 2132 2143 2102 63 45 19 20 231 259 339 341 0 12 248 255 171 231 196 0 125 131 0 2 2 0 2 2 2 2 0 8 337265 912214 1737394 1748174 1585524 1719446 1834480 1876966 1915996 1891210 1880340 591652 293998 819566 445064 393350 340880 971444 656212 376242 2073600 2073600 
[ 1373.084720] MESSAGE_B= 0 0 0 117 0 7 192 64 248 179 0 849 1077 1118 1226 2400 2131 2176 2108 41 30 14 41 228 253 340 347 0 12 255 255 191 224 122 21 26 26 0 2 2 0 2 2 2 2 0 7 444891 982571 1737394 1748174 1585524 1719446 1834480 1876966 1915996 1891210 1880340 591652 293998 819566 445064 393350 340880 971444 656212 376242 2073600 2073600 
[ 1373.235718] MESSAGE_B= 0 0 0 115 0 14 192 64 248 179 0 855 1076 1111 1223 2409 2130 2180 2110 19 41 17 23 233 253 325 346 0 12 215 227 197 221 170 57 159 4 0 2 2 0 2 2 2 2 0 14 447174 871174 1737394 1748174 1585524 1719446 1834480 1876966 1915996 1891210 1880340 591652 293998 819566 445064 393350 340880 971444 656212 376242 2073600 2073600 
[ 1373.507718] MESSAGE_B= 0 4 0 110 0 14 192 64 248 179 0 860 1089 1100 1197 2430 2116 2151 2102 32 40 36 45 241 270 329 345 0 12 246 220 135 201 253 104 83 41 0 0 0 0 2 2 2 2 0 14 386211 986688 1737394 1748174 1585524 1719446 1834480 1876966 1915996 1891210 1880340 591652 293998 819566 445064 393350 340880 971444 656212 376242 2073600 2073600 
[ 1373.779720] MESSAGE_B= 0 0 0 107 0 16 192 64 248 179 0 876 1086 1118 1177 2415 2135 2169 2093 22 42 29 34 238 263 294 336 0 12 219 212 200 220 251 38 90 42 2 2 0 0 2 2 2 2 0 16 595524 804121 1737394 1748174 1585524 1719446 1834480 1876966 1915996 1891210 1880340 591652 293998 819566 445064 393350 340880 971444 656212 376242 2073600 2073600 
[ 1374.051721] MESSAGE_B= 0 0 0 106 0 7 192 64 248 179 0 901 946 1125 1186 2412 2132 2113 2060 40 44 45 28 234 271 259 328 0 12 249 255 227 211 250 14 153 8 2 2 0 0 2 2 2 2 0 7 369339 989080 1737394 1748174 1585524 1719446 1834480 1876966 1915996 1891210 1880340 591652 293998 819566 445064 393350 340880 971444 656212 376242 2073600 2073600 
[ 1374.323723] MESSAGE_B= 0 0 0 101 0 5 192 64 248 179 0 904 859 1125 1182 2409 2128 2111 2055 8 31 45 21 232 262 261 313 0 12 255 255 224 230 252 84 143 70 2 2 0 0 2 2 2 2 0 5 719417 743753 1737394 1748174 1585524 1719446 1834480 1876966 1915996 1891210 1880340 591652 293998 819566 445064 393350 340880 971444 656212 376242 2073600 2073600 
[ 1374.595717] MESSAGE_B= 0 4 0 100 1 3 192 64 248 179 0 0 872 0 1176 2402 2115 2111 2039 0 36 0 40 225 248 263 304 0 12 0 244 230 220 211 77 173 113 1 2 0 0 2 2 2 2 1 3 318779 989899 1737394 1748174 1585524 1719446 1834480 1876966 1915996 1891210 1880340 591652 293998 819566 445064 393350 340880 971444 656212 376242 2073600 2073600 
[ 1374.866720] MESSAGE_B= 0 0 0 101 1 2 192 64 248 179 0 0 869 0 1175 2393 2104 2102 2026 0 25 0 33 222 242 273 300 0 12 0 95 231 221 109 199 108 152 1 2 0 0 2 2 2 2 1 2 755936 739985 1572104 1857650 1605128 1509392 1705668 1435736 1820756 1724028 1645050 962476 194194 835216 812636 847520 754178 1181980 1140104 876802 2073600 2073600 
[ 1375.108722] MESSAGE_B= 0 0 0 52 0 1 192 64 248 179 0 0 1121 0 2743 2752 1368 730 2219 0 205 0 147 1076 398 514 1522 0 6 0 176 46 88 0 204 18 235 1 2 2 2 1 2 2 2 0 1 348105 985129 1572104 1857650 1605128 1509392 1705668 1435736 1820756 1724028 1645050 962476 194194 835216 812636 847520 754178 1181980 1140104 876802 2073600 2073600 
[ 1375.379728] MESSAGE_B= 4 0 0 50 9 1 192 64 248 179 0 0 0 0 0 2784 2606 556 1051 0 0 0 0 1045 1281 336 717 0 6 0 0 140 214 0 0 173 164 1 1 2 2 1 1 2 0 9 1 561978 795687 1572104 1857650 1605128 1509392 1705668 1435736 1820756 1724028 1645050 962476 194194 835216 812636 847520 754178 1181980 1140104 876802 2073600 2073600 
[ 1375.649727] MESSAGE_B= 0 0 0 50 2 1 192 64 248 179 0 0 0 0 0 2781 2934 539 1117 0 0 0 0 1058 1163 329 752 0 6 0 0 134 200 0 0 164 164 1 1 2 2 1 1 2 0 2 1 731386 740534 1572104 1857650 1605128 1509392 1705668 1435736 1820756 1724028 1645050 962476 194194 835216 812636 847520 754178 1181980 1140104 876802 2073600 2073600 
[ 1375.798723] MESSAGE_B= 0 0 0 50 5 1 192 64 248 179 0 0 0 0 0 2871 2514 549 894 0 0 0 0 1059 1228 314 729 0 6 0 0 131 213 0 0 159 159 1 1 2 2 1 1 2 0 5 1 779994 743082 1572104 1857650 1605128 1509392 1705668 1435736 1820756 1724028 1645050 962476 194194 835216 812636 847520 754178 1181980 1140104 876802 2073600 2073600 
[ 1376.068725] MESSAGE_B= 0 0 0 50 19 1 192 64 248 179 0 0 0 0 0 2835 2519 538 882 0 0 0 0 1062 1262 309 750 0 6 0 0 127 214 0 0 129 157 1 1 2 2 1 1 2 0 19 1 739957 692566 1572104 1857650 1605128 1509392 1705668 1435736 1820756 1724028 1645050 962476 194194 835216 812636 847520 754178 1181980 1140104 876802 2073600 2073600 
[ 1376.338726] MESSAGE_B= 0 0 0 50 0 1 192 64 248 179 0 0 0 0 0 2815 2457 532 848 0 0 0 0 1046 1258 305 737 0 6 0 0 127 210 0 0 99 152 1 1 2 2 1 1 2 0 0 1 776996 716342 1572104 1857650 1605128 1509392 1705668 1435736 1820756 1724028 1645050 962476 194194 835216 812636 847520 754178 1181980 1140104 876802 2073600 2073600 
[ 1376.608723] MESSAGE_B= 0 0 0 49 0 1 192 64 248 179 0 0 0 0 0 2788 2446 550 836 0 0 0 0 1047 1247 309 739 0 6 0 0 134 205 0 0 94 150 1 1 2 2 1 1 2 0 0 1 736745 683361 1572104 1857650 1605128 1509392 1705668 1435736 1820756 1724028 1645050 962476 194194 835216 812636 847520 754178 1181980 1140104 876802 2073600 2073600 
[ 1376.878723] MESSAGE_B= 0 0 0 56 0 1 192 64 248 179 0 547 1016 674 1190 618 1052 574 800 84 113 31 290 685 860 281 688 0 6 115 124 145 212 2 194 113 149 2 2 0 0 2 2 2 0 0 1 779702 693938 1572104 1857650 1605128 1509392 1705668 1435736 1820756 1724028 1645050 962476 194194 835216 812636 847520 754178 1181980 1140104 876802 2073600 2073600 
[ 1377.150723] MESSAGE_B= 0 0 0 67 0 0 192 64 248 179 0 542 346 746 2241 972 820 582 806 37 107 202 1050 700 911 293 685 0 6 118 241 153 181 28 97 127 146 2 2 0 2 0 0 2 0 0 0 524541 715657 1261376 1730728 1065486 1239036 1340734 1164028 1060632 1111728 1198194 976282 1193884 972202 1117052 1167868 1084372 1080076 1453424 1007222 2073600 2073600 
[ 1377.422726] MESSAGE_B= 0 0 0 69 0 0 192 64 248 179 0 733 238 724 2244 1313 813 584 792 44 80 199 1044 724 1003 302 671 0 6 54 226 156 179 99 34 134 146 2 2 2 2 0 0 2 0 0 0 676694 683893 1261376 280294 1065486 1239036 1340734 1164028 1060632 1111728 1198194 976282 932458 972202 1117052 1167868 1084372 1080076 1453424 1007222 2073600 2073600 
[ 1377.694724] MESSAGE_B= 0 0 0 66 0 0 192 64 248 179 0 692 182 677 2248 1460 853 590 799 65 69 122 1038 687 1054 295 668 0 6 140 220 174 188 0 31 135 140 2 2 2 2 0 0 2 0 0 0 606866 584908 1261376 280294 774448 1239036 1340734 1164028 1060632 1111728 1198194 976282 932458 676530 1117052 1167868 1084372 1080076 1453424 1007222 2073600 2073600 
[ 1377.845719] MESSAGE_B= 0 0 0 65 0 0 192 64 248 179 0 701 165 684 2257 1358 799 573 784 121 65 182 1017 621 1064 277 665 0 6 11 213 165 191 14 49 100 143 2 2 2 2 0 0 2 0 0 0 661257 584776 1261376 280294 774448 1095412 1340734 1164028 1060632 1111728 1198194 976282 932458 676530 1039338 1167868 1084372 1080076 1453424 1007222 2073600 2073600 
[ 1378.117728] MESSAGE_B= 0 0 0 64 0 0 192 64 248 179 0 773 143 680 2255 1341 936 601 801 238 54 184 1014 636 1088 303 652 0 6 53 231 181 179 47 55 125 152 2 2 0 2 0 0 2 0 0 0 630643 626706 1261376 280294 774448 1095412 1170674 1164028 1060632 1111728 1198194 976282 932458 676530 1039338 960578 1084372 1080076 1453424 1007222 2073600 2073600 
[ 1378.389728] MESSAGE_B= 0 0 0 65 0 0 192 64 248 179 0 827 137 661 2244 1301 967 580 797 295 44 180 1017 640 1094 306 642 0 6 65 241 176 184 76 42 60 151 2 2 0 2 0 0 2 0 0 0 651232 574033 1261376 280294 774448 1095412 1170674 1036244 1060632 1111728 1198194 976282 932458 676530 1039338 960578 866218 1080076 1453424 1007222 2073600 2073600 
[ 1378.661732] MESSAGE_B= 0 0 0 65 0 0 192 64 248 179 0 867 138 620 2239 1311 1006 572 808 301 45 113 1021 683 1086 310 660 0 6 79 234 172 193 79 52 33 145 2 2 0 2 0 0 2 0 0 0 602292 624678 1261376 280294 774448 1095412 1170674 1036244 998530 1111728 1198194 976282 932458 676530 1039338 960578 866218 742846 1453424 1007222 2073600 2073600 
[ 1378.933723] MESSAGE_B= 0 0 0 25 0 1 192 64 248 179 0 0 259 0 2843 4006 262 337 2740 0 276 0 204 49 207 135 882 0 6 0 161 47 18 0 45 43 228 1 2 2 2 1 2 2 2 0 1 652271 577432 1261376 280294 774448 1095412 1170674 1036244 998530 924734 1198194 976282 932458 676530 1039338 960578 866218 742846 964298 1007222 2073600 2073600 
[ 1379.203728] MESSAGE_B= 0 0 0 18 4 1 192 64 248 179 0 0 457 0 2918 4002 817 1706 2710 0 124 0 261 63 712 1020 918 0 6 0 170 53 174 0 167 84 228 1 2 2 2 1 2 2 2 4 1 294001 932937 1261376 280294 774448 1095412 1170674 1036244 998530 924734 1249114 976282 932458 676530 1039338 960578 866218 742846 964298 648990 2073600 2073600 
[ 1379.474723] MESSAGE_B= 4 0 0 21 25 1 192 64 248 179 0 0 24 0 2924 4004 1137 1883 2498 0 37 0 267 66 1323 1274 985 0 6 0 98 49 194 0 79 148 223 1 2 2 2 1 2 2 2 25 1 561461 653667 1261376 280294 774448 1095412 1170674 1036244 998530 924734 1249114 976282 932458 676530 1039338 960578 866218 742846 964298 648990 2073600 2073600 
[ 1379.744725] MESSAGE_B= 0 0 0 18 1 1 192 64 248 179 0 0 248 0 2863 3999 159 309 2668 0 260 0 234 94 184 101 948 0 6 0 203 36 108 0 55 27 231 1 2 2 2 1 2 2 2 1 1 252028 898837 1261376 280294 774448 1095412 1170674 1036244 998530 924734 1249114 976282 932458 676530 1039338 960578 866218 742846 964298 648990 2073600 2073600 
[ 1379.893767] MESSAGE_B= 0 0 0 27 1 1 192 64 248 179 0 0 234 0 2847 3998 135 224 2720 0 223 0 220 87 191 19 939 0 6 0 212 226 147 209 93 0 244 1 2 2 2 0 2 2 2 1 1 558005 655036 1261376 280294 774448 1095412 1170674 1036244 998530 924734 1249114 976282 932458 676530 1039338 960578 866218 742846 964298 648990 2073600 2073600 
[ 1380.163722] MESSAGE_B= 0 0 0 29 1 2 192 64 248 179 0 0 284 0 2829 3872 171 278 2714 0 227 0 226 140 193 32 893 0 6 0 178 65 127 155 51 3 233 1 2 2 2 0 2 2 2 1 2 296481 923828 1261376 280294 774448 1095412 1170674 1036244 998530 924734 1249114 976282 932458 676530 1039338 960578 866218 742846 964298 648990 2073600 2073600 
[ 1380.433727] MESSAGE_B= 0 0 0 40 2 2 192 64 248 179 0 4064 575 704 2824 3873 325 560 2747 0 232 0 228 141 164 44 888 0 6 0 174 77 19 117 15 8 234 2 2 2 2 0 2 2 2 2 2 587242 684776 1261376 280294 774448 1095412 1170674 1036244 998530 924734 1249114 976282 932458 676530 1039338 960578 866218 742846 964298 648990 2073600 2073600 
[ 1380.704724] MESSAGE_B= 0 0 0 7 1 2 192 64 248 179 0 4064 976 1536 2854 3952 456 839 2780 0 419 0 200 144 195 94 877 0 6 0 223 67 109 25 32 84 237 2 2 2 2 0 2 2 2 1 2 292836 898788 1261376 280294 774448 1095412 1170674 1036244 998530 924734 1249114 976282 932458 676530 1039338 960578 866218 742846 964298 648990 2073600 2073600 
[ 1380.975724] MESSAGE_B= 0 0 0 5 2 1 192 64 248 179 0 3197 2684 1995 3352 2308 506 923 2758 127 903 1040 370 1091 252 303 899 0 6 155 237 32 122 152 33 14 235 2 2 2 2 2 2 2 2 2 1 628363 692954 1261376 280294 774448 1095412 1170674 1036244 998530 924734 1249114 976282 932458 676530 1039338 960578 866218 742846 964298 648990 2073600 2073600 
[ 1381.247730] MESSAGE_B= 0 0 0 6 1 2 192 64 248 179 0 3194 2180 2209 3241 2290 820 986 2292 90 1093 1086 314 1028 224 344 955 0 31 150 207 26 63 149 31 40 208 0 0 0 0 0 0 0 0 1 2 280824 594269 1261376 280294 774448 1095412 1170674 1036244 998530 924734 1249114 976282 932458 676530 1039338 960578 866218 742846 964298 648990 2073600 2073600 
[ 1381.519726] MESSAGE_B= 0 0 0 24 1 2 192 64 248 179 0 3189 2981 1723 3397 2300 312 789 2712 109 847 1380 332 1094 245 371 909 0 6 167 186 67 7 164 80 146 229 2 2 2 2 0 2 2 2 1 2 467361 725182 1261376 280294 774448 1095412 1170674 1036244 998530 924734 1249114 976282 932458 676530 1039338 960578 866218 742846 964298 648990 2073600 2073600 
[ 1381.791728] MESSAGE_B= 0 0 0 31 2 1 192 64 248 179 0 3211 2938 2086 3416 2279 307 778 2703 135 938 1397 325 1102 259 301 907 0 6 138 206 84 19 161 64 159 231 2 2 2 2 2 2 2 2 2 1 284015 731138 1289198 288202 760022 1168020 1348378 1054474 737294 1330898 1236506 583188 637686 463794 767326 788806 826404 594712 689788 502834 2073600 2073600 
[ 1381.942728] MESSAGE_B= 0 0 0 31 2 2 192 64 248 179 0 3254 2824 2913 3406 2213 311 757 2698 146 1063 1024 332 1120 274 293 906 0 6 97 218 72 27 139 67 152 226 2 2 2 2 2 2 2 2 2 2 511195 756203 1289198 288202 760022 1168020 1348378 1054474 737294 1330898 1236506 583188 637686 463794 767326 788806 826404 594712 689788 502834 2073600 2073600 
[ 1382.214722] MESSAGE_B= 0 0 0 33 2 1 192 64 248 179 0 3297 2379 3388 3324 2198 353 839 2689 178 1358 121 362 1239 350 252 896 0 6 35 235 75 65 64 99 147 225 2 2 2 2 2 2 2 2 2 1 277967 842758 1289198 288202 760022 1168020 1348378 1054474 737294 1330898 1236506 583188 637686 463794 767326 788806 826404 594712 689788 502834 2073600 2073600 
[ 1382.486749] MESSAGE_B= 0 0 0 35 2 1 192 64 248 179 0 3328 1574 3401 3158 2423 285 781 2683 197 1476 98 364 1368 249 181 886 0 6 64 246 88 23 74 94 103 224 2 2 2 2 2 2 2 2 2 1 590906 751478 1289198 288202 760022 1168020 1348378 1054474 737294 1330898 1236506 583188 637686 463794 767326 788806 826404 594712 689788 502834 2073600 2073600 
[ 1382.757728] MESSAGE_B= 0 0 0 37 2 1 192 64 248 179 0 3469 592 3397 2904 3058 275 619 2683 310 886 76 234 1329 238 166 881 0 6 202 218 78 34 16 91 113 226 2 2 2 2 2 2 2 2 2 1 298073 841706 1289198 288202 760022 1168020 1348378 1054474 737294 1330898 1236506 583188 637686 463794 767326 788806 826404 594712 689788 502834 2073600 2073600 
[ 1383.028726] MESSAGE_B= 0 0 0 38 2 1 192 64 248 179 0 4012 296 3335 2854 3964 273 547 2706 67 130 28 138 171 220 142 867 0 6 255 90 30 49 68 27 142 227 2 2 2 2 0 2 2 2 2 1 662508 748701 1289198 288202 760022 1168020 1348378 1054474 737294 1330898 1236506 583188 637686 463794 767326 788806 826404 594712 689788 502834 2073600 2073600 
[ 1383.300722] MESSAGE_B= 0 0 0 40 2 1 192 64 248 179 0 4042 287 3344 2862 3974 270 530 2715 90 113 0 141 167 206 126 858 0 6 0 56 66 53 155 35 143 222 2 2 2 2 2 2 2 2 2 1 297792 854649 1289198 288202 760022 1168020 1348378 1054474 737294 1330898 1236506 583188 637686 463794 767326 788806 826404 594712 689788 502834 2073600 2073600 
[ 1383.571723] MESSAGE_B= 0 0 0 16 2 1 192 64 248 179 0 0 0 0 0 0 0 0 0 0 0 0 0 0 0 0 0 1 12 0 0 0 0 0 0 0 0 0 1 1 0 0 1 1 0 2 1 713379 748839 1289198 288202 760022 1168020 1348378 1054474 737294 1330898 1236506 583188 637686 463794 767326 788806 826404 594712 689788 502834 2073600 2073600 
[ 1383.838725] MESSAGE_B= 0 0 0 95 3 2 192 64 248 179 0 1408 1369 1367 1375 1012 480 731 881 198 321 123 158 414 559 490 574 0 31 124 11 238 12 72 21 200 163 0 0 0 0 0 0 0 0 3 2 95693 887932 1289198 288202 760022 1168020 1348378 1054474 737294 1330898 1236506 583188 637686 463794 767326 788806 826404 594712 689788 502834 2073600 2073600 
[ 1383.989727] MESSAGE_B= 0 0 0 23 0 2 192 64 248 179 0 1895 2434 2916 2772 1539 635 1968 2321 595 901 627 151 1023 341 1218 1418 0 6 27 222 120 179 73 131 212 207 0 2 2 2 2 2 2 2 0 2 388679 12530 1380932 486008 664678 1252352 1377724 1250938 802364 1267880 1150546 517770 382778 520396 613170 705634 819590 826280 955094 13142 2073600 2073600 
[ 1384.261724] MESSAGE_B= 0 0 0 26 1 2 192 64 248 179 0 1821 2402 2882 2776 1684 649 2034 2335 411 902 653 159 1111 353 1228 1386 0 6 35 183 128 174 72 149 181 203 0 2 2 2 2 2 2 2 1 2 310749 861910 1380932 486008 664678 1252352 1377724 1250938 802364 1267880 1150546 517770 382778 520396 613170 705634 819590 826280 955094 13142 2073600 2073600 
[ 1384.533722] MESSAGE_B= 0 0 0 27 1 2 192 64 248 179 0 1786 2632 2947 2776 1786 710 1971 2331 477 1007 650 149 1158 449 1214 1355 0 6 15 207 145 126 83 125 196 200 0 2 2 2 2 2 2 2 1 2 590258 804935 1380932 486008 664678 1252352 1377724 1250938 802364 1267880 1150546 517770 382778 520396 613170 705634 819590 826280 955094 13142 2073600 2073600 
[ 1384.805722] MESSAGE_B= 0 0 0 26 1 2 192 64 248 179 0 1623 2938 2817 2774 1804 749 1729 2392 353 1034 825 163 1137 482 1108 1357 0 6 52 161 142 103 150 73 184 200 0 2 2 2 2 2 2 2 1 2 323359 868503 1380932 486008 664678 1252352 1377724 1250938 802364 1267880 1150546 517770 382778 520396 613170 705634 819590 826280 955094 13142 2073600 2073600 
[ 1385.077725] MESSAGE_B= 0 0 0 29 2 2 192 64 248 179 0 2688 3126 3000 2763 2143 700 1504 2431 590 1041 17 150 1072 416 1134 1365 0 6 32 156 206 121 196 27 168 207 2 2 2 2 2 2 2 2 2 2 537219 802315 1380932 486008 664678 1252352 1377724 1250938 802364 1267880 1150546 517770 382778 520396 613170 705634 819590 826280 955094 13142 2073600 2073600 
[ 1385.349717] MESSAGE_B= 0 0 0 31 0 1 192 64 248 179 0 3584 3025 2672 2761 2988 1317 2302 2438 0 1042 0 146 1192 1113 1213 1377 0 6 0 120 248 71 9 43 146 210 2 2 2 2 2 2 2 2 0 1 365897 812791 1380932 486008 664678 1252352 1377724 1250938 802364 1267880 1150546 517770 382778 520396 613170 705634 819590 826280 955094 13142 2073600 2073600 
[ 1385.621725] MESSAGE_B= 0 0 0 34 0 2 192 64 248 179 0 0 3019 0 2777 3166 1343 2183 2437 0 1071 0 139 1276 1080 1181 1355 0 6 0 120 239 78 114 0 196 206 1 2 2 2 2 2 2 2 0 2 537291 786885 1380932 486008 664678 1252352 1377724 1250938 802364 1267880 1150546 517770 382778 520396 613170 705634 819590 826280 955094 13142 2073600 2073600 
[ 1385.892724] MESSAGE_B= 0 0 0 33 1 1 192 64 248 179 0 0 3009 0 2768 3150 1395 2110 2378 0 1111 0 140 1236 1071 1183 1330 0 6 0 119 237 85 56 11 197 209 1 2 2 2 2 2 2 2 1 1 409982 808003 1380932 486008 664678 1252352 1377724 1250938 802364 1267880 1150546 517770 382778 520396 613170 705634 819590 826280 955094 13142 2073600 2073600 
