[ 1427.803719] MESSAGE_B= 0 0 0 0 1 2 192 64 248 179 0 0 0 0 0 0 0 0 0 0 0 0 0 0 0 0 0 0 4 0 0 0 0 0 0 214 225 1 1 1 1 1 1 2 0 1 2 962670 489244 2 61434 119878 106986 104688 224752 196624 11752 2 2 407478 116914 132946 129476 124888 308168 350546 2 2073600 2073600 
[ 1428.068717] MESSAGE_B= 0 0 0 0 1 2 192 64 248 179 0 0 0 0 0 2023 0 3106 0 0 0 0 0 143 0 64 0 0 4 0 0 135 0 210 0 220 215 1 1 2 1 0 1 2 0 1 2 635842 889580 2 61434 119878 106986 104688 224752 196624 11752 2 2 407478 116914 132946 129476 124888 308168 350546 2 2073600 2073600 
[ 1428.334737] MESSAGE_B= 0 0 0 0 1 1 192 64 248 179 0 1753 2149 2554 3502 2352 2572 2592 3065 83 183 125 158 0 334 0 100 0 4 48 163 0 99 0 83 120 217 2 2 2 2 2 2 2 0 1 1 965362 487722 2 61434 119878 106986 104688 224752 196624 11752 2 2 407478 116914 132946 129476 124888 308168 350546 2 2073600 2073600 
[ 1428.602721] MESSAGE_B= 0 0 0 0 1 1 192 64 248 179 0 1224 1470 2121 3512 1142 1346 1885 2470 264 266 262 177 303 383 343 547 0 5 88 76 94 102 14 16 44 202 0 2 0 2 0 0 0 0 1 1 741625 873782 2 61434 119878 106986 104688 224752 196624 11752 2 2 407478 116914 132946 129476 124888 308168 350546 2 2073600 2073600 
[ 1428.750718] MESSAGE_B= 0 0 0 1 0 2 192 64 248 179 0 1049 1177 1545 3523 1078 1261 1633 2462 265 258 177 191 396 511 373 538 0 31 100 1 63 132 18 8 91 187 0 2 0 2 0 0 0 0 0 2 702440 753548 2 61434 119878 106986 104688 224752 196624 11752 2 2 407478 116914 132946 129476 124888 308168 350546 2 2073600 2073600 
[ 1429.019722] MESSAGE_B= 0 0 0 5 0 2 192 64 248 179 0 910 1008 1133 3560 1043 1125 1523 2857 268 282 96 194 453 607 503 602 0 31 64 48 81 161 34 26 51 217 0 0 0 0 0 0 0 0 0 2 734307 666588 2 61434 119878 106986 104688 224752 196624 11752 2 2 407478 116914 132946 129476 124888 308168 350546 2 2073600 2073600 
[ 1429.288727] MESSAGE_B= 0 0 0 11 0 1 192 64 248 179 0 909 1012 1086 3560 1049 1130 1504 2857 266 291 108 187 455 608 521 600 0 31 64 35 78 161 34 24 43 230 0 0 0 0 0 0 0 0 0 1 676043 823266 1222598 187782 799994 962844 1047802 1294468 965334 1439308 970946 1267532 809442 1670468 1345292 1361142 1037744 632530 748156 1223134 2073600 2073600 
[ 1429.560719] MESSAGE_B= 0 0 0 12 0 1 192 64 248 179 0 912 1027 1061 3560 1060 1141 1491 2857 263 287 112 202 451 602 534 604 0 31 70 37 73 158 35 24 39 200 0 0 0 0 0 0 0 0 0 1 722113 909051 1222598 187782 799994 962844 1047802 1294468 965334 1439308 970946 1267532 809442 1670468 1345292 1361142 1037744 632530 748156 1223134 2073600 2073600 
[ 1429.832720] MESSAGE_B= 0 0 0 12 0 1 192 64 248 179 0 911 1035 1025 3560 1067 1148 1474 2857 263 291 117 190 449 596 548 602 0 31 76 45 70 159 33 23 36 224 0 0 0 0 0 0 0 0 0 1 654991 809375 1222598 187782 799994 962844 1047802 1294468 965334 1439308 970946 1267532 809442 1670468 1345292 1361142 1037744 632530 748156 1223134 2073600 2073600 
[ 1430.104719] MESSAGE_B= 0 0 0 13 0 1 192 64 248 179 0 904 1036 982 3553 1073 1149 1448 2852 260 294 127 196 447 592 567 608 0 31 71 29 68 154 34 19 34 212 0 0 0 0 0 0 0 0 0 1 705939 907151 1222598 187782 799994 962844 1047802 1294468 965334 1439308 970946 1267532 809442 1670468 1345292 1361142 1037744 632530 748156 1223134 2073600 2073600 
[ 1430.376725] MESSAGE_B= 0 0 0 13 0 1 192 64 248 179 0 941 1042 959 3525 1081 1155 1425 2860 302 292 132 219 444 585 584 598 0 31 46 40 66 153 6 20 5 223 0 0 0 0 0 0 0 0 0 1 629228 802768 1222598 187782 799994 962844 1047802 1294468 965334 1439308 970946 1267532 809442 1670468 1345292 1361142 1037744 632530 748156 1223134 2073600 2073600 
[ 1430.648721] MESSAGE_B= 0 0 0 13 0 1 192 64 248 179 0 983 1050 962 3482 1091 1164 1407 2869 365 292 137 241 442 578 598 596 0 31 16 43 61 150 34 19 30 223 0 0 0 0 0 0 0 0 0 1 682621 904351 1222598 187782 799994 962844 1047802 1294468 965334 1439308 970946 1267532 809442 1670468 1345292 1361142 1037744 632530 748156 1223134 2073600 2073600 
[ 1430.799723] MESSAGE_B= 0 0 0 14 0 1 192 64 248 179 0 994 1052 962 3456 1091 1164 1390 2869 396 296 140 246 439 574 607 600 0 31 3 37 60 148 43 18 42 226 0 0 0 0 0 0 0 0 0 1 589908 787661 1222598 187782 799994 962844 1047802 1294468 965334 1439308 970946 1267532 809442 1670468 1345292 1361142 1037744 632530 748156 1223134 2073600 2073600 
[ 1431.071722] MESSAGE_B= 0 0 0 15 0 1 192 64 248 179 0 991 1057 963 3407 1099 1168 1363 2867 396 292 150 270 434 568 621 593 0 31 35 38 55 148 45 18 53 232 0 0 0 0 0 0 0 0 0 1 656884 890012 1222598 187782 799994 962844 1047802 1294468 965334 1439308 970946 1267532 809442 1670468 1345292 1361142 1037744 632530 748156 1223134 2073600 2073600 
[ 1431.343722] MESSAGE_B= 0 0 0 15 0 1 192 64 248 179 0 987 1061 962 3352 1108 1172 1336 2866 397 287 161 293 430 562 640 590 0 31 60 53 51 146 49 18 68 230 0 0 0 0 0 0 0 0 0 1 564222 766972 1222598 187782 799994 962844 1047802 1294468 965334 1439308 970946 1267532 809442 1670468 1345292 1361142 1037744 632530 748156 1223134 2073600 2073600 
[ 1431.615718] MESSAGE_B= 0 0 0 15 0 1 192 64 248 179 0 988 1068 977 3301 1120 1182 1315 2865 398 287 173 311 426 555 655 585 0 31 70 47 47 146 50 16 72 223 0 0 0 0 0 0 0 0 0 1 642061 878293 1124764 805072 1098472 1346344 992670 1066718 1137486 1480332 1057514 1080478 85792 1297218 1242354 1129006 893336 1141730 614572 1023208 2073600 2073600 
[ 1431.887728] MESSAGE_B= 0 0 0 15 0 1 192 64 248 179 0 981 1069 982 3241 1125 1183 1295 2849 402 281 183 303 421 551 669 570 0 31 62 56 38 140 52 19 59 218 0 0 0 0 0 0 0 0 0 1 542513 763022 1124764 805072 1098472 1346344 992670 1066718 1137486 1480332 1057514 1080478 85792 1297218 1242354 1129006 893336 1141730 614572 1023208 2073600 2073600 
[ 1432.159724] MESSAGE_B= 0 0 0 15 0 1 192 64 248 179 0 981 1074 993 3188 1131 1188 1285 2834 401 279 195 299 417 544 672 542 0 31 63 59 25 135 57 20 69 232 0 0 0 0 0 0 0 0 0 1 632459 872314 1124764 805072 1098472 1346344 992670 1066718 1137486 1480332 1057514 1080478 85792 1297218 1242354 1129006 893336 1141730 614572 1023208 2073600 2073600 
[ 1432.431722] MESSAGE_B= 0 0 0 15 0 3 192 64 248 179 0 989 1084 1014 3104 1141 1196 1275 2903 398 273 205 284 412 537 678 531 0 31 71 38 17 93 61 22 69 216 0 0 0 0 0 0 0 0 0 3 524418 756136 1124764 805072 1098472 1346344 992670 1066718 1137486 1480332 1057514 1080478 85792 1297218 1242354 1129006 893336 1141730 614572 1023208 2073600 2073600 
[ 1432.703722] MESSAGE_B= 0 0 0 15 0 1 192 64 248 179 0 988 1083 1029 3036 1149 1200 1294 2820 398 270 211 282 406 533 655 499 0 31 69 44 20 113 65 21 70 233 0 0 0 0 0 0 0 0 0 1 624019 868584 1124764 805072 1098472 1346344 992670 1066718 1137486 1480332 1057514 1080478 85792 1297218 1242354 1129006 893336 1141730 614572 1023208 2073600 2073600 
[ 1432.854718] MESSAGE_B= 0 0 0 16 0 2 192 64 248 179 0 990 1080 1066 3010 1153 1200 1440 2796 392 268 200 316 402 533 577 510 0 31 15 71 19 123 67 22 33 225 0 0 0 0 0 0 0 0 0 2 488101 744337 1124764 805072 1098472 1346344 992670 1066718 1137486 1480332 1057514 1080478 85792 1297218 1242354 1129006 893336 1141730 614572 1023208 2073600 2073600 
[ 1433.126720] MESSAGE_B= 0 0 0 16 0 1 192 64 248 179 0 1005 1086 1065 2927 1164 1208 1715 2801 384 264 221 302 397 528 600 472 0 31 77 64 33 100 71 21 36 233 0 0 0 0 0 0 0 0 0 1 650543 857259 1124764 805072 1098472 1346344 992670 1066718 1137486 1480332 1057514 1080478 85792 1297218 1242354 1129006 893336 1141730 614572 1023208 2073600 2073600 
[ 1433.398727] MESSAGE_B= 0 0 0 16 0 1 192 64 248 179 0 1001 1082 1078 2853 1173 1213 1535 2719 385 260 234 291 389 525 559 400 0 31 78 70 81 113 74 21 61 199 0 0 0 0 0 0 0 0 0 1 470145 740969 1124764 805072 1098472 1346344 992670 1066718 1137486 1480332 1057514 1080478 85792 1297218 1242354 1129006 893336 1141730 614572 1023208 2073600 2073600 
[ 1433.670721] MESSAGE_B= 0 0 0 15 0 1 192 64 248 179 0 995 1081 1096 2779 1183 1217 1462 2891 391 254 243 292 382 522 533 230 0 31 76 74 70 54 79 20 68 166 0 0 0 0 0 0 0 0 0 1 619718 856127 1124764 805072 1098472 1346344 992670 1066718 1137486 1480332 1057514 1080478 85792 1297218 1242354 1129006 893336 1141730 614572 1023208 2073600 2073600 
[ 1433.942724] MESSAGE_B= 0 0 0 15 1 1 192 64 248 179 0 988 1077 1111 2700 1197 1222 1620 2881 397 247 252 280 372 517 632 314 0 31 71 88 62 39 84 23 71 199 0 0 0 0 0 0 0 0 1 1 444353 750267 1061396 851672 1090600 1284798 963034 1033730 1156836 1374028 959334 1008292 211170 1153766 1059086 997824 782494 926692 592286 948832 2073600 2073600 
[ 1434.214720] MESSAGE_B= 0 0 0 14 0 1 192 64 248 179 0 983 1075 1128 2631 1207 1226 1599 2618 399 238 258 278 364 512 658 334 0 31 67 97 48 81 87 27 52 213 0 0 0 0 0 0 0 0 0 1 621496 849208 1061396 851672 1090600 1284798 963034 1033730 1156836 1374028 959334 1008292 211170 1153766 1059086 997824 782494 926692 592286 948832 2073600 2073600 
[ 1434.486720] MESSAGE_B= 0 0 0 14 0 2 192 64 248 179 0 973 1068 1139 2558 1214 1224 1561 3171 402 236 265 269 355 508 637 358 0 31 63 104 11 115 91 30 72 241 0 0 0 0 0 0 0 0 0 2 423380 745667 1061396 851672 1090600 1284798 963034 1033730 1156836 1374028 959334 1008292 211170 1153766 1059086 997824 782494 926692 592286 948832 2073600 2073600 
[ 1434.758719] MESSAGE_B= 0 0 0 16 0 1 192 64 248 179 0 974 1073 1162 2490 1227 1232 1831 2950 406 231 275 258 346 505 727 333 0 31 60 109 64 11 99 31 42 192 0 0 0 0 0 0 0 0 0 1 646350 844415 1061396 851672 1090600 1284798 963034 1033730 1156836 1374028 959334 1008292 211170 1153766 1059086 997824 782494 926692 592286 948832 2073600 2073600 
[ 1434.909720] MESSAGE_B= 0 0 0 14 0 1 192 64 248 179 0 969 1067 1167 2446 1234 1234 1894 2636 408 227 278 254 342 501 643 364 0 31 56 115 139 93 103 33 49 198 0 0 0 0 0 0 0 0 0 1 396547 741347 1061396 851672 1090600 1284798 963034 1033730 1156836 1374028 959334 1008292 211170 1153766 1059086 997824 782494 926692 592286 948832 2073600 2073600 
[ 1435.181723] MESSAGE_B= 0 0 0 14 0 1 192 64 248 179 0 957 1060 1173 2368 1242 1232 1629 2436 409 226 285 251 332 499 539 259 0 31 51 116 45 39 108 35 74 147 0 0 0 0 0 0 0 0 0 1 656689 857931 1061396 851672 1090600 1284798 963034 1033730 1156836 1374028 959334 1008292 211170 1153766 1059086 997824 782494 926692 592286 948832 2073600 2073600 
[ 1435.453721] MESSAGE_B= 0 0 0 15 0 3 192 64 248 179 0 956 1060 1187 2300 1257 1238 1444 2398 413 219 286 244 322 496 613 251 0 31 45 121 41 22 117 34 33 118 0 0 0 0 0 0 0 0 0 3 359460 755512 1061396 851672 1090600 1284798 963034 1033730 1156836 1374028 959334 1008292 211170 1153766 1059086 997824 782494 926692 592286 948832 2073600 2073600 
[ 1435.725727] MESSAGE_B= 0 0 0 17 0 3 192 64 248 179 0 952 1058 1197 2237 1269 1242 1336 2359 412 216 295 228 311 493 639 248 0 31 37 131 73 12 124 37 35 96 0 0 0 0 0 0 0 0 0 3 585591 842719 1061396 851672 1090600 1284798 963034 1033730 1156836 1374028 959334 1008292 211170 1153766 1059086 997824 782494 926692 592286 948832 2073600 2073600 
[ 1435.997722] MESSAGE_B= 0 0 0 17 0 3 192 64 248 179 0 945 1055 1201 2176 1278 1243 1318 2320 412 213 300 213 305 493 646 244 0 31 31 147 83 1 131 37 26 78 0 0 0 0 0 0 0 0 0 3 330174 742767 1061396 851672 1090600 1284798 963034 1033730 1156836 1374028 959334 1008292 211170 1153766 1059086 997824 782494 926692 592286 948832 2073600 2073600 
[ 1436.269723] MESSAGE_B= 0 0 0 18 0 3 192 64 248 179 0 941 1049 1200 2120 1290 1247 1324 2284 408 214 303 209 295 492 646 248 0 31 22 133 90 11 136 35 22 38 0 0 0 0 0 0 0 0 0 3 576847 843646 1059442 1124486 1175924 1142422 915426 979092 1257246 1419196 906238 770854 381000 921670 1012138 1013178 673676 794780 575984 736046 2073600 2073600 
[ 1436.541722] MESSAGE_B= 0 0 0 19 0 3 192 64 248 179 0 935 1043 1193 2062 1304 1254 1328 2242 406 208 309 192 288 490 645 254 0 31 11 153 98 26 142 40 15 11 0 0 0 0 0 0 0 0 0 3 312602 745575 1059442 1124486 1175924 1142422 915426 979092 1257246 1419196 906238 770854 381000 921670 1012138 1013178 673676 794780 575984 736046 2073600 2073600 
[ 1436.813720] MESSAGE_B= 0 0 0 19 0 3 192 64 248 179 0 928 1038 1186 2016 1314 1258 1330 2208 400 207 312 176 280 489 646 262 0 31 2 157 104 38 146 41 8 6 0 0 0 0 0 0 0 0 0 3 566762 841918 1059442 1124486 1175924 1142422 915426 979092 1257246 1419196 906238 770854 381000 921670 1012138 1013178 673676 794780 575984 736046 2073600 2073600 
[ 1436.964720] MESSAGE_B= 0 0 0 20 0 3 192 64 248 179 0 920 1033 1181 1993 1314 1257 1326 2187 398 208 315 166 278 488 649 265 0 31 6 159 105 38 149 41 4 13 0 0 0 0 0 0 0 0 0 3 312778 744021 1059442 1124486 1175924 1142422 915426 979092 1257246 1419196 906238 770854 381000 921670 1012138 1013178 673676 794780 575984 736046 2073600 2073600 
[ 1437.236717] MESSAGE_B= 0 0 0 106 3 1 192 64 248 179 0 2026 960 3294 3446 1319 1377 2807 2612 317 13 248 28 211 99 385 520 0 12 119 21 247 220 149 0 224 16 2 2 2 2 0 1 0 0 3 1 566580 842023 1059442 1124486 1175924 1142422 915426 979092 1257246 1419196 906238 770854 381000 921670 1012138 1013178 673676 794780 575984 736046 2073600 2073600 
[ 1437.508718] MESSAGE_B= 0 0 0 104 3 1 192 64 248 179 0 2041 1034 3266 3396 1318 0 2838 0 322 71 293 84 217 0 425 0 0 12 163 251 246 0 154 0 228 0 0 2 2 1 0 1 0 0 3 1 928150 505670 1059442 1124486 1175924 1142422 915426 979092 1257246 1419196 906238 770854 381000 921670 1012138 1013178 673676 794780 575984 736046 2073600 2073600 
[ 1437.779716] MESSAGE_B= 0 4 0 102 3 1 192 64 248 179 0 2034 1094 3228 3380 1311 0 2927 0 269 91 299 51 215 0 389 0 0 12 179 255 244 0 175 0 243 17 0 2 0 1 0 1 0 0 3 1 899279 734340 1059442 1124486 1175924 1142422 915426 979092 1257246 1419196 906238 770854 381000 921670 1012138 1013178 673676 794780 575984 736046 2073600 2073600 
[ 1438.050721] MESSAGE_B= 0 0 0 95 3 1 192 64 248 179 0 2004 1167 3189 3396 1314 0 2997 0 171 134 262 55 218 0 386 0 0 12 228 2 234 0 233 0 224 31 0 2 0 1 0 1 0 0 3 1 921297 501916 1059442 1124486 1175924 1142422 915426 979092 1257246 1419196 906238 770854 381000 921670 1012138 1013178 673676 794780 575984 736046 2073600 2073600 
[ 1438.321719] MESSAGE_B= 0 7 0 89 3 1 192 64 248 179 0 1407 825 2952 3438 748 421 2498 2704 525 300 197 77 105 48 382 471 0 31 206 74 234 242 238 214 200 135 0 0 0 0 0 0 0 0 3 1 907300 635084 1059442 1124486 1175924 1142422 915426 979092 1257246 1419196 906238 770854 381000 921670 1012138 1013178 673676 794780 575984 736046 2073600 2073600 
[ 1438.593722] MESSAGE_B= 0 5 0 82 3 1 192 64 248 179 0 1538 1050 2956 3459 767 437 2500 2739 550 489 184 105 116 65 414 494 0 5 238 82 253 239 240 218 225 142 0 0 0 0 0 0 0 0 3 1 926441 607354 859386 1048912 1225164 1150346 851344 956544 568742 896474 819148 1545766 455914 983626 717132 1656018 1572932 1470148 1396206 1521132 2073600 2073600 
[ 1438.865722] MESSAGE_B= 0 0 0 76 3 1 192 64 248 179 0 1612 1056 1795 3392 787 469 824 2602 627 482 873 98 126 91 299 542 0 5 243 157 48 246 225 243 4 142 2 2 2 2 0 0 2 2 3 1 918916 493301 859386 1048912 1225164 1150346 851344 956544 568742 896474 819148 1545766 455914 983626 717132 1656018 1572932 1470148 1396206 1521132 2073600 2073600 
[ 1439.016719] MESSAGE_B= 0 0 0 69 3 1 192 64 248 179 0 1709 1248 1807 3383 802 488 911 2601 606 635 957 122 129 110 279 544 0 5 209 111 100 248 228 242 21 170 2 2 2 2 0 0 2 2 3 1 928539 583667 859386 1048912 1225164 1150346 851344 956544 568742 896474 819148 1545766 455914 983626 717132 1656018 1572932 1470148 1396206 1521132 2073600 2073600 
[ 1439.288719] MESSAGE_B= 0 0 0 64 1 1 192 64 248 179 0 3006 1649 1657 2014 3055 1671 689 1212 610 992 741 339 433 191 178 65 0 31 89 88 208 143 37 190 226 144 0 0 0 0 0 0 0 0 1 1 938928 528636 859386 1048912 1225164 1150346 851344 956544 568742 896474 819148 1545766 455914 983626 717132 1656018 1572932 1470148 1396206 1521132 2073600 2073600 
[ 1439.560721] MESSAGE_B= 0 0 0 40 1 2 192 64 248 179 0 3043 1651 1682 2031 3080 1806 705 1208 621 978 746 319 445 195 168 71 0 31 60 76 196 159 71 187 222 141 0 0 0 0 0 0 0 0 1 2 666808 531522 859386 1048912 1225164 1150346 851344 956544 568742 896474 819148 1545766 455914 983626 717132 1656018 1572932 1470148 1396206 1521132 2073600 2073600 
[ 1439.832727] MESSAGE_B= 0 0 0 38 1 2 192 64 248 179 0 3079 1661 1715 2058 3094 1923 739 1214 636 969 762 306 488 193 158 80 0 31 15 65 160 163 113 186 209 151 0 0 0 0 0 0 0 0 1 2 740387 606605 859386 1048912 1225164 1150346 851344 956544 568742 896474 819148 1545766 455914 983626 717132 1656018 1572932 1470148 1396206 1521132 2073600 2073600 
[ 1440.104730] MESSAGE_B= 0 0 0 37 1 2 192 64 248 179 0 3110 1667 1748 2078 3106 2028 782 1216 652 940 773 284 494 199 156 85 0 31 31 50 114 196 136 173 179 144 0 0 0 0 0 0 0 0 1 2 740838 458876 859386 1048912 1225164 1150346 851344 956544 568742 896474 819148 1545766 455914 983626 717132 1656018 1572932 1470148 1396206 1521132 2073600 2073600 
[ 1440.376727] MESSAGE_B= 0 0 0 33 1 2 192 64 248 179 0 3126 1665 1775 2093 3097 2143 830 1219 652 894 770 262 472 228 160 99 0 31 78 31 34 205 146 149 135 155 0 0 0 0 0 0 0 0 1 2 797380 555931 859386 1048912 1225164 1150346 851344 956544 568742 896474 819148 1545766 455914 983626 717132 1656018 1572932 1470148 1396206 1521132 2073600 2073600 
[ 1440.648724] MESSAGE_B= 0 0 0 32 1 2 192 64 248 179 0 3132 1674 1812 2108 3064 2247 889 1210 628 843 751 242 468 246 179 90 0 31 116 9 20 181 154 136 84 169 0 0 0 0 0 0 0 0 1 2 755913 463743 859386 1048912 1225164 1150346 851344 956544 568742 896474 819148 1545766 455914 983626 717132 1656018 1572932 1470148 1396206 1521132 2073600 2073600 
[ 1440.920725] MESSAGE_B= 0 0 0 29 1 2 192 64 248 179 0 3139 1673 1838 2116 3012 2348 943 1201 603 794 721 226 458 286 197 103 0 31 149 7 48 161 169 120 39 180 0 0 0 0 0 0 0 0 1 2 836363 579890 536990 164984 681112 714436 709362 957228 913488 1264636 565422 953534 528380 1686918 1434976 998238 642424 774828 876580 924180 2073600 2073600 
[ 1441.070720] MESSAGE_B= 0 0 0 28 1 2 192 64 248 179 0 3144 1677 1856 2121 2981 2403 975 1206 586 771 708 217 478 284 203 110 0 31 163 15 67 158 176 126 20 181 0 0 0 0 0 0 0 0 1 2 753230 479267 536990 164984 681112 714436 709362 957228 913488 1264636 565422 953534 528380 1686918 1434976 998238 642424 774828 876580 924180 2073600 2073600 
[ 1441.342723] MESSAGE_B= 0 0 0 5 0 1 192 64 248 179 0 927 1163 1170 1774 1196 1526 2151 2653 48 311 40 66 97 263 204 398 0 12 154 51 251 108 0 201 34 135 2 2 2 2 1 2 2 2 0 1 857477 598246 536990 164984 681112 714436 709362 957228 913488 1264636 565422 953534 528380 1686918 1434976 998238 642424 774828 876580 924180 2073600 2073600 
[ 1441.613721] MESSAGE_B= 0 0 0 6 0 1 192 64 248 179 0 350 537 909 967 719 1041 1684 2230 323 367 303 267 522 611 744 939 0 31 148 227 213 193 221 247 114 99 0 0 0 0 0 0 0 0 0 1 439422 618950 536990 164984 681112 714436 709362 957228 913488 1264636 565422 953534 528380 1686918 1434976 998238 642424 774828 876580 924180 2073600 2073600 
[ 1441.884723] MESSAGE_B= 0 0 0 6 1 2 192 64 248 179 0 356 493 890 1035 819 1087 1750 2282 322 366 307 319 569 646 724 914 0 31 137 201 214 202 222 241 99 62 0 0 0 0 0 0 0 0 1 2 612618 919334 536990 164984 681112 714436 709362 957228 913488 1264636 565422 953534 528380 1686918 1434976 998238 642424 774828 876580 924180 2073600 2073600 
[ 1442.156726] MESSAGE_B= 0 0 0 8 0 2 192 64 248 179 0 361 485 887 1182 879 1119 1805 2338 331 370 308 392 607 657 718 864 0 31 138 173 212 204 223 232 97 26 0 0 0 0 0 0 0 0 0 2 401686 579427 536990 164984 681112 714436 709362 957228 913488 1264636 565422 953534 528380 1686918 1434976 998238 642424 774828 876580 924180 2073600 2073600 
[ 1442.427719] MESSAGE_B= 0 0 0 8 0 2 192 64 248 179 0 364 482 881 1219 890 1129 1838 2357 329 369 305 383 606 663 734 848 0 31 137 169 211 202 226 231 98 20 0 0 0 0 0 0 0 0 0 2 666364 946632 536990 164984 681112 714436 709362 957228 913488 1264636 565422 953534 528380 1686918 1434976 998238 642424 774828 876580 924180 2073600 2073600 
[ 1442.698719] MESSAGE_B= 0 0 0 9 0 2 192 64 248 179 0 363 480 875 1227 892 1135 1861 2342 329 369 309 382 607 666 749 830 0 31 139 167 210 198 226 231 98 18 0 0 0 0 0 0 0 0 0 2 447663 571737 536990 164984 681112 714436 709362 957228 913488 1264636 565422 953534 528380 1686918 1434976 998238 642424 774828 876580 924180 2073600 2073600 
[ 1442.969723] MESSAGE_B= 0 0 0 9 0 2 192 64 248 179 0 364 479 872 1239 894 1142 1883 2342 330 368 307 379 608 669 761 823 0 31 140 163 211 196 226 232 100 17 0 0 0 0 0 0 0 0 0 2 694912 946571 536990 164984 681112 714436 709362 957228 913488 1264636 565422 953534 528380 1686918 1434976 998238 642424 774828 876580 924180 2073600 2073600 
[ 1443.119749] MESSAGE_B= 0 0 0 10 0 2 192 64 248 179 0 362 478 867 1244 896 1147 1893 2342 329 368 308 380 605 675 771 818 0 31 142 162 212 196 226 231 99 16 0 0 0 0 0 0 0 0 0 2 456639 565088 1136812 290928 688956 1079546 912176 751450 1205914 1264472 1005154 1010814 892782 711560 817150 832314 833360 995690 452742 889218 2073600 2073600 
[ 1443.391723] MESSAGE_B= 0 0 0 9 0 2 192 64 248 179 0 364 478 867 1258 899 1156 1907 2346 331 369 306 376 605 677 776 812 0 31 143 161 213 197 226 230 103 18 0 0 0 0 0 0 0 0 0 2 702002 953378 1136812 290928 688956 1079546 912176 751450 1205914 1264472 1005154 1010814 892782 711560 817150 832314 833360 995690 452742 889218 2073600 2073600 
[ 1443.663724] MESSAGE_B= 0 0 0 8 0 2 192 64 248 179 0 364 477 864 1270 902 1163 1925 2350 331 369 306 374 604 681 787 810 0 31 144 160 212 197 228 230 101 17 0 0 0 0 0 0 0 0 0 2 466405 560984 1136812 290928 688956 1079546 912176 751450 1205914 1264472 1005154 1010814 892782 711560 817150 832314 833360 995690 452742 889218 2073600 2073600 
[ 1443.935723] MESSAGE_B= 0 0 0 8 0 2 192 64 248 179 0 365 476 859 1285 906 1169 1942 2355 329 368 308 367 603 685 799 807 0 31 144 161 211 197 228 228 98 19 0 0 0 0 0 0 0 0 0 2 704458 952986 1136812 290928 688956 1079546 912176 751450 1205914 1264472 1005154 1010814 892782 711560 817150 832314 833360 995690 452742 889218 2073600 2073600 
[ 1444.206724] MESSAGE_B= 0 0 0 8 0 2 192 64 248 179 0 365 475 851 1296 909 1173 1959 2357 328 367 309 362 602 689 812 802 0 31 145 160 210 195 230 228 98 20 0 0 0 0 0 0 0 0 0 2 467679 561121 1136812 290928 688956 1079546 912176 751450 1205914 1264472 1005154 1010814 892782 711560 817150 832314 833360 995690 452742 889218 2073600 2073600 
[ 1444.478724] MESSAGE_B= 0 0 0 9 0 2 192 64 248 179 0 365 469 842 1301 911 1175 1970 2355 325 366 308 358 600 687 827 794 0 31 145 160 209 195 228 227 95 20 0 0 0 0 0 0 0 0 0 2 706351 951191 1136812 290928 688956 1079546 912176 751450 1205914 1264472 1005154 1010814 892782 711560 817150 832314 833360 995690 452742 889218 2073600 2073600 
[ 1444.750724] MESSAGE_B= 0 0 0 8 0 2 192 64 248 179 0 366 469 838 1312 913 1179 1981 2362 324 365 307 351 601 690 833 784 0 31 146 160 208 195 229 227 93 22 0 0 0 0 0 0 0 0 0 2 474822 558425 1136812 290928 688956 1079546 912176 751450 1205914 1264472 1005154 1010814 892782 711560 817150 832314 833360 995690 452742 889218 2073600 2073600 
[ 1445.021969] MESSAGE_B= 0 0 0 8 0 2 192 64 248 179 0 368 474 846 1326 915 1191 1991 2361 331 368 307 346 603 691 832 769 0 31 149 162 206 196 231 227 93 20 0 0 0 0 0 0 0 0 0 2 709482 944447 1136812 290928 688956 1079546 912176 751450 1205914 1264472 1005154 1010814 892782 711560 817150 832314 833360 995690 452742 889218 2073600 2073600 
[ 1445.172727] MESSAGE_B= 0 0 0 8 0 2 192 64 248 179 0 366 467 832 1328 915 1192 1981 2356 324 365 308 346 602 691 830 762 0 31 148 162 208 197 229 224 92 18 0 0 0 0 0 0 0 0 0 2 480299 565905 1136812 290928 688956 1079546 912176 751450 1205914 1264472 1005154 1010814 892782 711560 817150 832314 833360 995690 452742 889218 2073600 2073600 
[ 1445.443727] MESSAGE_B= 0 0 0 8 0 2 192 64 248 179 0 367 472 836 1346 920 1201 1985 2348 330 367 309 339 605 695 830 742 0 31 151 161 208 195 229 226 91 17 0 0 0 0 0 0 0 0 0 2 712064 934710 1138034 846198 1189642 1293350 1036000 758354 1181244 1301254 1071902 1044230 504750 744650 1063992 1047510 932744 829550 470964 935732 2073600 2073600 
[ 1445.594726] MESSAGE_B= 0 0 0 8 0 2 192 64 248 179 0 369 467 828 1349 920 1202 1986 2340 326 366 308 339 602 696 837 734 0 31 149 163 206 195 231 224 90 15 0 0 0 0 0 0 0 0 0 2 712064 934710 1138034 846198 1189642 1293350 1036000 758354 1181244 1301254 1071902 1044230 504750 744650 1063992 1047510 932744 829550 470964 935732 2073600 2073600 

