[  825.403765] MESSAGE_B= 4 4 0 24 28 1 192 64 248 179 0 1595 2006 1637 2170 1591 1570 1387 1381 334 683 432 848 621 517 549 431 0 31 232 254 250 246 145 167 141 163 0 0 0 0 0 0 0 0 28 1 165686 389414 142418 39874 38702 102806 102358 112100 96404 66440 111744 149542 156330 145374 158226 154008 149502 190970 173338 151274 2073600 2073600 
[  825.553761] MESSAGE_B= 0 7 0 34 25 1 192 64 248 179 0 1600 2017 1633 2153 1603 1621 1396 1410 352 685 441 848 625 512 561 422 0 31 229 253 250 243 140 170 140 164 0 0 0 0 0 0 0 0 25 1 283979 437349 142418 39874 38702 102806 102358 112100 96404 66440 111744 149542 156330 145374 158226 154008 149502 190970 173338 151274 2073600 2073600 
[  825.825763] MESSAGE_B= 4 4 4 21 23 1 192 64 248 179 0 2792 2924 2947 2998 2906 3000 2570 2792 382 493 373 544 511 545 594 590 0 6 168 230 227 231 25 98 92 113 0 0 0 0 2 0 0 0 23 1 175427 350912 463720 133754 2 2 2 2 1073412 254218 441614 301030 154846 2 2 2 2 281658 254008 370362 2073600 2073600 
[  826.093758] MESSAGE_B= 0 4 4 12 27 2 192 64 248 179 0 2418 2703 2728 2816 2712 2783 2353 2540 349 572 417 579 583 642 617 616 0 6 163 226 235 230 40 68 121 125 0 0 0 0 2 0 0 0 27 2 330410 424122 463720 133754 2 2 2 2 1073412 254218 441614 301030 154846 2 2 2 2 281658 254008 370362 2073600 2073600 
[  826.361761] MESSAGE_B= 4 4 4 6 18 1 192 64 248 179 0 2358 2572 2578 2650 2587 2687 2224 2418 366 589 452 686 625 658 627 647 0 6 180 245 237 231 132 97 152 96 2 0 0 0 2 0 0 0 18 1 145169 369472 463720 133754 2 2 2 2 1073412 254218 441614 301030 154846 2 2 2 2 281658 254008 370362 2073600 2073600 
[  826.629764] MESSAGE_B= 0 4 4 5 17 1 192 64 248 179 0 2298 2448 2499 2540 2479 2601 2158 2319 336 545 513 592 609 654 617 618 0 6 208 234 239 232 125 79 160 100 0 0 0 0 2 0 0 0 17 1 299926 404513 463720 133754 2 2 2 2 1073412 254218 441614 301030 154846 2 2 2 2 281658 254008 370362 2073600 2073600 
[  826.897766] MESSAGE_B= 4 4 4 5 17 1 192 64 248 179 0 2236 2363 2534 2607 2473 2554 2200 2303 288 424 426 507 569 630 540 599 0 6 195 217 231 230 45 82 117 129 0 0 0 0 2 0 0 0 17 1 138192 352208 463720 133754 2 2 2 2 1073412 254218 441614 301030 154846 2 2 2 2 281658 254008 370362 2073600 2073600 
[  827.165758] MESSAGE_B= 0 4 4 5 12 1 192 64 248 179 0 1898 2202 2086 2381 2080 2115 1717 1750 346 469 486 621 578 607 522 478 0 6 156 230 240 232 3 133 131 199 0 0 0 0 0 0 0 0 12 1 268539 418524 463720 133754 2 2 2 2 1073412 254218 441614 301030 154846 2 2 2 2 281658 254008 370362 2073600 2073600 
[  827.433763] MESSAGE_B= 4 4 4 5 18 0 192 64 248 179 0 1442 1897 1518 2053 1493 1472 1350 1352 372 561 483 675 615 452 538 394 0 31 242 250 248 241 166 194 158 203 0 0 0 0 0 0 0 0 18 0 114034 325881 463720 133754 2 2 2 2 1073412 254218 441614 301030 154846 2 2 2 2 281658 254008 370362 2073600 2073600 
[  827.581090] MESSAGE_B= 0 4 4 26 18 1 192 64 248 179 0 1414 1835 1495 2024 1490 1447 1339 1332 369 542 475 673 634 457 555 397 0 31 237 248 248 239 166 192 154 203 0 0 0 0 0 0 0 0 18 1 197364 438135 463720 133754 2 2 2 2 1073412 254218 441614 301030 154846 2 2 2 2 281658 254008 370362 2073600 2073600 
[  827.849760] MESSAGE_B= 4 4 4 28 21 1 192 64 248 179 0 1439 1831 1497 2005 1499 1443 1330 1305 396 531 484 662 630 497 543 432 0 31 238 248 249 240 162 199 152 210 0 0 0 0 0 0 0 0 21 1 108222 338140 463720 133754 2 2 2 2 1073412 254218 441614 301030 154846 2 2 2 2 281658 254008 370362 2073600 2073600 
[  828.117761] MESSAGE_B= 0 4 4 27 21 1 192 64 248 179 0 1435 1840 1453 1980 1495 1456 1303 1290 401 555 469 668 617 478 521 392 0 31 236 251 249 240 163 193 149 200 0 0 0 0 0 0 0 0 21 1 205607 472535 451052 412244 261366 480468 365314 518484 252682 291548 447040 242016 363524 469752 224840 316536 127448 628926 222366 237106 2073600 2073600 
[  828.389760] MESSAGE_B= 4 7 4 26 20 1 192 64 248 179 0 1453 1819 1482 1979 1494 1468 1302 1311 403 551 489 673 619 472 520 392 0 31 238 250 249 237 170 190 154 204 0 0 0 0 0 0 0 0 20 1 142204 349977 451052 412244 261366 480468 365314 518484 252682 291548 447040 242016 363524 469752 224840 316536 127448 628926 222366 237106 2073600 2073600 
[  828.661759] MESSAGE_B= 0 7 4 25 17 1 192 64 248 179 0 1367 1796 1364 1951 1454 1462 1262 1305 434 545 500 663 578 441 477 363 0 31 244 251 249 241 167 185 150 197 0 0 0 0 0 0 0 0 17 1 229786 440691 451052 412244 261366 480468 365314 518484 252682 291548 447040 242016 363524 469752 224840 316536 127448 628926 222366 237106 2073600 2073600 
[  828.933759] MESSAGE_B= 4 7 4 24 18 1 192 64 248 179 0 1371 1777 1389 1951 1466 1443 1283 1293 432 535 519 662 570 438 471 365 0 31 243 251 250 243 165 184 147 189 0 0 0 0 0 0 0 0 18 1 148471 349921 451052 412244 261366 480468 365314 518484 252682 291548 447040 242016 363524 469752 224840 316536 127448 628926 222366 237106 2073600 2073600 
[  829.205758] MESSAGE_B= 0 7 4 25 17 1 192 64 248 179 0 1364 1768 1376 1934 1466 1446 1286 1287 418 577 516 699 566 471 468 397 0 31 242 251 249 241 150 172 134 173 0 0 0 0 0 0 0 0 17 1 236559 464446 451052 412244 261366 480468 365314 518484 252682 291548 447040 242016 363524 469752 224840 316536 127448 628926 222366 237106 2073600 2073600 
[  829.477759] MESSAGE_B= 4 7 4 26 19 1 192 64 248 179 0 1369 1758 1361 1887 1481 1476 1286 1298 437 595 521 697 578 476 483 397 0 31 237 250 250 239 138 171 129 175 0 0 0 0 0 0 0 0 19 1 146749 374653 451052 412244 261366 480468 365314 518484 252682 291548 447040 242016 363524 469752 224840 316536 127448 628926 222366 237106 2073600 2073600 
[  829.628762] MESSAGE_B= 0 4 4 24 18 1 192 64 248 179 0 1408 1772 1370 1883 1490 1497 1288 1311 441 597 517 696 587 478 492 404 0 31 238 252 251 243 139 168 130 172 0 0 0 0 0 0 0 0 18 1 222678 471479 451052 412244 261366 480468 365314 518484 252682 291548 447040 242016 363524 469752 224840 316536 127448 628926 222366 237106 2073600 2073600 
[  829.900759] MESSAGE_B= 4 4 4 23 19 1 192 64 248 179 0 1523 1801 1585 1963 1570 1680 1387 1511 355 557 465 667 296 222 277 211 0 3 228 250 208 163 136 3 135 17 0 0 0 0 0 0 0 0 19 1 167355 371850 451052 412244 261366 480468 365314 518484 252682 291548 447040 242016 363524 469752 224840 316536 127448 628926 222366 237106 2073600 2073600 
[  830.171762] MESSAGE_B= 0 4 4 24 19 1 192 64 248 179 0 1484 1831 1582 2001 1595 1690 1435 1518 391 554 511 695 316 236 288 210 0 3 231 251 205 177 141 3 107 43 0 0 0 0 0 0 0 0 19 1 259939 457168 451052 412244 261366 480468 365314 518484 252682 291548 447040 242016 363524 469752 224840 316536 127448 628926 222366 237106 2073600 2073600 
[  830.443763] MESSAGE_B= 4 7 4 32 26 1 192 64 248 179 0 1587 2010 1611 2131 1591 1600 1387 1396 340 695 429 842 620 497 555 413 0 31 234 254 250 244 146 167 138 158 0 0 0 0 0 0 0 0 26 1 159894 406284 366776 830520 287968 401174 548362 565038 1114324 263646 438600 335748 209908 514726 344748 288614 134032 285060 266386 331134 2073600 2073600 
[  830.715765] MESSAGE_B= 0 4 4 28 29 2 192 64 248 179 0 2831 2971 2949 3043 2938 3024 2599 2820 362 501 374 526 522 526 573 565 0 6 163 223 233 221 35 91 83 117 0 0 0 0 2 0 0 0 29 2 284045 493570 366776 830520 287968 401174 548362 565038 1114324 263646 438600 335748 209908 514726 344748 288614 134032 285060 266386 331134 2073600 2073600 
[  830.986762] MESSAGE_B= 4 4 4 16 27 2 192 64 248 179 0 2471 2741 2773 2846 2705 2816 2365 2582 347 562 432 577 581 620 611 634 0 6 176 232 237 234 30 96 129 115 0 0 0 0 2 0 2 0 27 2 161474 394784 366776 830520 287968 401174 548362 565038 1114324 263646 438600 335748 209908 514726 344748 288614 134032 285060 266386 331134 2073600 2073600 
[  831.258758] MESSAGE_B= 0 4 4 8 15 1 192 64 248 179 0 2314 2621 2621 2697 2614 2709 2279 2468 406 602 457 657 597 675 610 677 0 6 144 242 235 228 81 97 154 104 2 0 0 0 2 0 0 0 15 1 309936 419177 366776 830520 287968 401174 548362 565038 1114324 263646 438600 335748 209908 514726 344748 288614 134032 285060 266386 331134 2073600 2073600 
[  831.529757] MESSAGE_B= 4 4 4 5 16 1 192 64 248 179 0 2321 2483 2547 2599 2545 2634 2205 2365 325 585 444 644 617 669 606 644 0 6 177 233 234 228 89 107 139 110 2 0 0 0 2 0 0 0 16 1 137688 362509 366776 830520 287968 401174 548362 565038 1114324 263646 438600 335748 209908 514726 344748 288614 134032 285060 266386 331134 2073600 2073600 
[  831.679762] MESSAGE_B= 0 4 4 5 19 1 192 64 248 179 0 2263 2362 2519 2539 2481 2600 2178 2313 384 481 454 506 582 655 571 607 0 6 152 221 233 228 80 74 142 113 0 0 0 0 2 0 0 0 19 1 258454 399743 366776 830520 287968 401174 548362 565038 1114324 263646 438600 335748 209908 514726 344748 288614 134032 285060 266386 331134 2073600 2073600 
[  831.951762] MESSAGE_B= 4 4 4 4 15 1 192 64 248 179 0 2254 2385 2504 2577 2467 2543 2168 2257 335 446 457 546 536 645 530 572 0 6 170 214 233 232 38 112 135 160 2 0 0 0 2 0 0 0 15 1 140563 345907 366776 830520 287968 401174 548362 565038 1114324 263646 438600 335748 209908 514726 344748 288614 134032 285060 266386 331134 2073600 2073600 
[  832.222760] MESSAGE_B= 0 0 4 5 7 1 192 64 248 179 0 1757 1986 1570 2028 1785 1550 1489 1320 319 534 416 661 444 281 490 313 0 7 158 245 213 88 11 74 120 160 0 0 0 0 0 0 0 0 7 1 226768 446419 366776 830520 287968 401174 548362 565038 1114324 263646 438600 335748 209908 514726 344748 288614 134032 285060 266386 331134 2073600 2073600 
[  832.493777] MESSAGE_B= 4 4 4 36 12 1 192 64 248 179 0 1796 1878 1885 2027 1684 1682 1629 1526 276 307 302 330 333 296 306 282 0 12 215 219 224 228 27 13 14 60 0 0 0 0 0 0 0 0 12 1 147263 333596 366776 830520 287968 401174 548362 565038 1114324 263646 438600 335748 209908 514726 344748 288614 134032 285060 266386 331134 2073600 2073600 
[  832.765761] MESSAGE_B= 0 4 4 39 14 1 192 64 248 179 0 1866 1938 1953 2042 1786 1751 1740 1592 281 274 316 258 390 326 393 314 0 12 227 232 242 233 58 65 32 67 0 0 0 0 0 0 0 0 14 1 154244 209784 247834 762672 250780 465586 398212 540532 225624 446028 433600 222364 284396 259138 251162 329274 139806 417186 256088 198432 2073600 2073600 
[  833.036764] MESSAGE_B= 4 4 4 47 13 1 192 64 248 179 0 1903 1935 2198 2101 1754 1843 1739 1699 292 274 273 286 425 348 460 360 0 12 213 213 242 233 88 72 59 74 0 0 0 0 0 0 0 0 13 1 104058 209491 247834 762672 250780 465586 398212 540532 225624 446028 433600 222364 284396 259138 251162 329274 139806 417186 256088 198432 2073600 2073600 
[  833.307768] MESSAGE_B= 0 4 4 44 15 1 192 64 248 179 0 1961 2043 2226 2270 1775 1861 1728 1732 340 323 291 331 439 324 436 313 0 12 207 196 238 228 55 19 29 17 0 0 0 0 0 0 0 0 15 1 184271 266640 247834 762672 250780 465586 398212 540532 225624 446028 433600 222364 284396 259138 251162 329274 139806 417186 256088 198432 2073600 2073600 
[  833.579767] MESSAGE_B= 4 4 4 52 15 1 192 64 248 179 0 1898 1986 2231 2265 1790 1862 1745 1739 332 322 293 308 413 333 418 337 0 12 202 190 234 224 72 57 56 9 0 0 0 0 0 0 0 0 15 1 115631 271382 247834 762672 250780 465586 398212 540532 225624 446028 433600 222364 284396 259138 251162 329274 139806 417186 256088 198432 2073600 2073600 
[  833.729769] MESSAGE_B= 0 4 4 39 40 1 192 64 248 179 0 1695 2078 1601 1963 1411 1798 1295 1615 142 187 123 195 273 156 271 154 0 31 232 238 252 233 117 55 124 50 0 0 0 0 0 0 0 0 40 1 203178 196777 247834 762672 250780 465586 398212 540532 225624 446028 433600 222364 284396 259138 251162 329274 139806 417186 256088 198432 2073600 2073600 
[  834.001760] MESSAGE_B= 4 4 4 36 15 0 192 64 248 179 0 1438 1294 1386 1302 1141 1140 1068 1069 240 259 217 273 381 177 367 170 0 31 251 248 254 236 100 35 102 28 0 0 0 0 0 0 0 0 15 0 235353 266077 247834 762672 250780 465586 398212 540532 225624 446028 433600 222364 284396 259138 251162 329274 139806 417186 256088 198432 2073600 2073600 
[  834.273761] MESSAGE_B= 0 4 4 39 14 0 192 64 248 179 0 1890 1930 2212 2129 1733 1819 1739 1665 297 262 278 243 460 303 488 305 0 12 222 212 242 229 89 68 57 54 0 0 0 0 0 0 0 0 14 0 170653 306898 247834 762672 250780 465586 398212 540532 225624 446028 433600 222364 284396 259138 251162 329274 139806 417186 256088 198432 2073600 2073600 
[  834.544759] MESSAGE_B= 4 4 4 47 18 1 192 64 248 179 0 1769 1580 2151 2185 1644 1575 1690 1704 295 288 317 326 436 296 435 378 0 12 194 205 226 184 68 113 54 22 0 0 0 0 0 0 0 0 18 1 116692 261816 247834 762672 250780 465586 398212 540532 225624 446028 433600 222364 284396 259138 251162 329274 139806 417186 256088 198432 2073600 2073600 
[  834.815765] MESSAGE_B= 0 4 4 36 15 0 192 64 248 179 0 1461 1295 1413 1312 1199 1146 1119 1084 249 266 234 287 428 183 411 169 0 31 251 248 255 235 106 64 116 71 0 0 0 0 0 0 0 0 15 0 166323 220564 247834 762672 250780 465586 398212 540532 225624 446028 433600 222364 284396 259138 251162 329274 139806 417186 256088 198432 2073600 2073600 
[  835.087762] MESSAGE_B= 4 4 4 37 13 1 192 64 248 179 0 1864 1897 2195 2081 1758 1801 1747 1683 305 263 288 271 463 315 474 337 0 12 201 212 244 225 79 18 40 6 0 0 0 0 0 0 0 0 13 1 96705 285526 277756 187388 770368 385342 360230 504710 707190 278636 364316 248478 76698 648126 245444 346368 213244 605812 272100 321122 2073600 2073600 
[  835.358768] MESSAGE_B= 0 4 4 45 14 1 192 64 248 179 0 1890 1987 2220 2242 1820 1846 1784 1757 311 301 284 321 410 399 445 396 0 12 192 188 239 233 63 28 18 15 0 0 0 0 0 0 0 0 14 1 164103 307743 277756 187388 770368 385342 360230 504710 707190 278636 364316 248478 76698 648126 245444 346368 213244 605812 272100 321122 2073600 2073600 
[  835.629763] MESSAGE_B= 4 4 4 42 30 1 192 64 248 179 0 1529 1714 1477 1523 1286 1458 1197 1235 175 237 201 260 394 158 411 160 0 31 248 247 253 235 111 41 112 17 0 0 0 0 0 0 0 0 30 1 107143 294333 277756 187388 770368 385342 360230 504710 707190 278636 364316 248478 76698 648126 245444 346368 213244 605812 272100 321122 2073600 2073600 
[  835.780770] MESSAGE_B= 0 4 4 37 14 1 192 64 248 179 0 1482 1293 1421 1298 1234 1143 1149 1070 249 269 231 282 432 179 414 164 0 31 250 248 255 232 109 60 110 59 0 0 0 0 0 0 0 0 14 1 195519 307239 277756 187388 770368 385342 360230 504710 707190 278636 364316 248478 76698 648126 245444 346368 213244 605812 272100 321122 2073600 2073600 
[  836.051768] MESSAGE_B= 4 4 4 41 14 1 192 64 248 179 0 1211 1364 1208 1385 1170 1159 1113 1072 186 273 182 279 412 215 409 189 0 12 245 247 254 234 113 107 122 90 0 0 0 0 0 0 0 0 14 1 126509 199187 277756 187388 770368 385342 360230 504710 707190 278636 364316 248478 76698 648126 245444 346368 213244 605812 272100 321122 2073600 2073600 
[  836.323766] MESSAGE_B= 0 4 4 44 49 0 192 64 248 179 0 1351 2010 1317 1907 1205 1653 1116 1522 182 256 182 257 357 159 346 160 0 31 244 241 251 238 129 32 109 38 0 0 0 0 0 0 0 0 49 0 193110 241287 277756 187388 770368 385342 360230 504710 707190 278636 364316 248478 76698 648126 245444 346368 213244 605812 272100 321122 2073600 2073600 
[  836.595776] MESSAGE_B= 4 4 4 39 13 0 192 64 248 179 0 1474 1309 1415 1322 1181 1201 1084 1142 221 276 207 293 425 200 408 189 0 31 252 250 254 244 132 60 135 63 0 0 0 0 0 0 0 0 13 0 149977 346140 277756 187388 770368 385342 360230 504710 707190 278636 364316 248478 76698 648126 245444 346368 213244 605812 272100 321122 2073600 2073600 
[  836.866761] MESSAGE_B= 0 4 4 38 15 1 192 64 248 179 0 1840 1945 2224 2091 1662 1781 1657 1659 288 292 254 281 504 258 588 235 0 12 211 229 242 212 76 27 50 30 0 0 0 0 0 0 0 0 15 1 172944 320936 277756 187388 770368 385342 360230 504710 707190 278636 364316 248478 76698 648126 245444 346368 213244 605812 272100 321122 2073600 2073600 
[  837.137763] MESSAGE_B= 4 4 4 41 50 0 192 64 248 179 0 1323 1951 1336 2075 1196 1588 1148 1596 179 252 169 243 361 177 360 175 0 31 248 245 254 230 141 44 144 13 0 0 0 0 0 0 0 0 50 0 116680 275811 277756 187388 770368 385342 360230 504710 707190 278636 364316 248478 76698 648126 245444 346368 213244 605812 272100 321122 2073600 2073600 
[  837.409767] MESSAGE_B= 0 4 4 36 13 0 192 64 248 179 0 1392 1219 1280 1180 1183 1167 1091 1113 232 271 214 266 399 177 390 166 0 31 252 250 254 236 134 65 136 64 0 0 0 0 0 0 0 0 13 0 157534 254115 259348 194914 648382 422790 310008 511542 773982 248362 194256 192270 114196 421386 226488 187162 139490 515338 142568 270774 2073600 2073600 
[  837.681773] MESSAGE_B= 4 4 4 27 16 1 192 64 248 179 0 1631 1708 2034 1876 1674 1856 1705 1733 297 335 269 352 504 311 592 321 0 12 213 236 234 232 55 91 74 67 0 0 0 0 0 0 0 0 16 1 102430 301787 259348 194914 648382 422790 310008 511542 773982 248362 194256 192270 114196 421386 226488 187162 139490 515338 142568 270774 2073600 2073600 
[  837.831766] MESSAGE_B= 0 4 4 33 16 0 192 64 248 179 0 1630 1783 2026 2120 1684 1872 1690 1771 299 389 233 357 514 351 592 353 0 12 213 210 236 233 63 102 102 69 0 0 0 0 0 0 0 0 16 0 151138 230842 259348 194914 648382 422790 310008 511542 773982 248362 194256 192270 114196 421386 226488 187162 139490 515338 142568 270774 2073600 2073600 
[  838.103763] MESSAGE_B= 4 4 4 36 37 1 192 64 248 179 0 1293 2014 1272 1877 1291 1669 1200 1560 205 273 222 250 355 227 354 223 0 31 250 243 253 248 125 5 146 11 0 0 0 0 0 0 0 0 37 1 110808 361869 259348 194914 648382 422790 310008 511542 773982 248362 194256 192270 114196 421386 226488 187162 139490 515338 142568 270774 2073600 2073600 
[  838.374775] MESSAGE_B= 0 4 4 30 18 1 192 64 248 179 0 1508 1268 1442 1249 1310 1287 1206 1234 325 286 312 299 457 177 448 166 0 31 253 251 255 234 138 24 150 31 0 0 0 0 0 0 0 0 18 1 166477 262272 259348 194914 648382 422790 310008 511542 773982 248362 194256 192270 114196 421386 226488 187162 139490 515338 142568 270774 2073600 2073600 
[  838.646759] MESSAGE_B= 4 4 4 39 18 1 192 64 248 179 0 1192 1130 1178 1141 1309 1386 1221 1312 276 290 289 305 322 318 337 264 0 31 253 251 252 247 130 3 146 2 0 0 0 0 0 0 0 0 18 1 139717 181874 259348 194914 648382 422790 310008 511542 773982 248362 194256 192270 114196 421386 226488 187162 139490 515338 142568 270774 2073600 2073600 
[  838.918760] MESSAGE_B= 0 4 4 44 23 1 192 64 248 179 0 1351 1563 1313 1485 1464 1549 1356 1458 238 263 258 276 410 320 432 310 0 31 253 247 254 250 63 27 78 21 0 0 0 0 0 0 0 0 23 1 219948 225627 259348 194914 648382 422790 310008 511542 773982 248362 194256 192270 114196 421386 226488 187162 139490 515338 142568 270774 2073600 2073600 
[  839.189769] MESSAGE_B= 4 7 4 30 20 1 192 64 248 179 0 2458 1327 2219 1288 1431 1279 1314 1218 221 269 204 279 533 181 526 175 0 31 248 249 255 237 177 41 187 34 0 0 0 0 0 0 0 0 20 1 214088 384804 259348 194914 648382 422790 310008 511542 773982 248362 194256 192270 114196 421386 226488 187162 139490 515338 142568 270774 2073600 2073600 
[  839.460766] MESSAGE_B= 0 4 4 39 27 1 192 64 248 179 0 1088 1230 1117 1156 1382 1607 1363 1375 262 288 276 300 408 367 427 356 0 31 252 248 255 249 96 23 107 9 0 0 0 0 0 0 0 0 27 1 143589 352690 259348 194914 648382 422790 310008 511542 773982 248362 194256 192270 114196 421386 226488 187162 139490 515338 142568 270774 2073600 2073600 
[  839.732768] MESSAGE_B= 4 4 4 43 19 1 192 64 248 179 0 1227 1528 1232 1481 1251 1480 1175 1419 249 263 263 270 326 287 323 282 0 31 251 249 252 249 44 17 77 6 0 0 0 0 0 0 0 0 19 1 120856 315071 613842 286398 699894 425704 429302 334558 764696 459840 524382 200554 112332 603724 167016 246566 102474 616524 183878 183446 2073600 2073600 
[  839.882766] MESSAGE_B= 0 7 4 36 18 0 192 64 248 179 0 2411 1306 2200 1293 1361 1262 1248 1224 207 249 203 257 517 205 507 201 0 31 243 248 254 240 166 2 177 13 0 0 0 0 0 0 0 0 18 0 116142 351207 613842 286398 699894 425704 429302 334558 764696 459840 524382 200554 112332 603724 167016 246566 102474 616524 183878 183446 2073600 2073600 
[  840.153764] MESSAGE_B= 4 4 4 28 46 1 192 64 248 179 0 1051 1378 1101 1364 1140 1823 1096 1737 262 301 277 313 341 291 352 289 0 31 252 251 251 250 113 40 136 11 0 0 0 0 0 0 0 0 46 1 111058 211606 613842 286398 699894 425704 429302 334558 764696 459840 524382 200554 112332 603724 167016 246566 102474 616524 183878 183446 2073600 2073600 
[  840.425770] MESSAGE_B= 0 4 4 47 13 1 192 64 248 179 0 1617 1900 2035 2113 1580 1737 1611 1656 292 367 260 347 459 276 512 260 0 12 191 229 239 223 20 9 64 35 0 0 0 0 0 0 0 0 13 1 128730 311811 613842 286398 699894 425704 429302 334558 764696 459840 524382 200554 112332 603724 167016 246566 102474 616524 183878 183446 2073600 2073600 
[  840.696772] MESSAGE_B= 0 4 4 39 21 1 192 64 248 179 0 1207 1565 1213 1510 1286 1549 1200 1478 231 265 250 279 324 256 324 253 0 31 251 250 252 249 108 39 131 30 0 0 0 0 0 0 0 0 21 1 106405 392023 613842 286398 699894 425704 429302 334558 764696 459840 524382 200554 112332 603724 167016 246566 102474 616524 183878 183446 2073600 2073600 
[  840.967762] MESSAGE_B= 0 4 4 26 40 1 192 64 248 179 0 1012 1310 1065 1306 1119 1732 1068 1658 276 273 301 296 333 316 321 301 0 31 253 249 251 250 97 8 110 15 0 0 0 0 0 0 0 0 40 1 290141 169188 613842 286398 699894 425704 429302 334558 764696 459840 524382 200554 112332 603724 167016 246566 102474 616524 183878 183446 2073600 2073600 

