[ 3585.747759] MESSAGE_B= 5 5 0 145 1 120 192 64 248 179 0 2858 2552 1663 1824 2831 2608 1655 1792 290 918 964 1023 294 895 966 1035 0 12 54 124 67 107 252 251 255 255 0 2 0 2 0 0 0 0 1 120 299600 5284 2 234098 136718 120954 119706 247508 263362 126694 2 2 188226 165826 181210 177074 169102 223716 19838 2 2073600 2073600 
[ 3586.017757] MESSAGE_B= 5 5 0 143 1 115 192 64 248 179 0 2849 2558 1651 1832 2815 2596 1644 1783 289 905 961 1028 295 894 962 1034 0 12 42 120 45 107 253 253 255 255 0 2 0 0 0 0 0 0 1 115 354334 6876 12966 18154 2 2 2 2 32570 23524 7656 384510 3050 2 2 2 2 314594 315716 543568 2073600 2073600 
[ 3586.164758] MESSAGE_B= 5 5 5 142 1 115 192 64 248 179 0 2851 2567 1647 1835 2815 2598 1640 1789 283 904 955 1027 289 894 958 1035 0 12 48 118 47 106 252 252 255 255 0 2 0 0 0 0 0 0 1 115 357666 6368 12966 18154 2 2 2 2 32570 23524 7656 384510 3050 2 2 2 2 314594 315716 543568 2073600 2073600 
[ 3586.432768] MESSAGE_B= 5 5 5 141 1 116 192 64 248 179 0 2845 2584 1652 1820 2810 2635 1642 1786 290 863 945 1027 291 836 941 1032 0 12 61 131 63 113 252 253 255 255 0 2 0 2 0 0 0 0 1 116 362689 11109 12966 18154 2 2 2 2 32570 23524 7656 384510 3050 2 2 2 2 314594 315716 543568 2073600 2073600 
[ 3586.700763] MESSAGE_B= 5 5 5 141 1 121 192 64 248 179 0 2843 2578 1643 1813 2809 2639 1638 1777 293 847 937 1025 296 828 935 1028 0 12 64 132 67 112 253 252 255 255 0 2 0 2 0 0 0 0 1 121 358888 8221 12966 18154 2 2 2 2 32570 23524 7656 384510 3050 2 2 2 2 314594 315716 543568 2073600 2073600 
[ 3586.968772] MESSAGE_B= 5 5 5 103 2 146 192 64 248 179 0 2688 2476 1605 1728 2662 2515 1595 1715 269 767 876 962 271 736 877 964 0 12 62 144 73 126 251 251 255 255 0 2 0 0 0 0 0 0 2 146 361022 8717 12966 18154 2 2 2 2 32570 23524 7656 384510 3050 2 2 2 2 314594 315716 543568 2073600 2073600 
[ 3587.235762] MESSAGE_B= 5 5 5 87 3 116 192 64 248 179 0 2114 1915 1312 1457 2081 1956 1298 1414 211 568 659 713 224 553 663 705 0 12 9 165 22 137 251 250 255 255 0 0 0 0 0 0 0 0 3 116 344493 13305 12966 18154 2 2 2 2 32570 23524 7656 384510 3050 2 2 2 2 314594 315716 543568 2073600 2073600 
[ 3587.503759] MESSAGE_B= 5 5 5 98 2 80 192 64 248 179 0 1541 1039 992 1115 1540 1054 986 1099 166 504 380 467 185 503 377 451 0 12 140 182 144 184 251 255 255 255 0 0 0 0 0 0 0 0 2 80 327760 8494 12966 18154 2 2 2 2 32570 23524 7656 384510 3050 2 2 2 2 314594 315716 543568 2073600 2073600 
[ 3587.770768] MESSAGE_B= 5 5 5 88 2 35 192 64 248 179 0 1020 806 763 788 1030 816 758 780 108 232 219 174 120 229 214 171 0 31 21 167 18 174 245 255 255 254 0 0 0 0 0 0 0 0 2 35 121460 12982 12966 18154 2 2 2 2 32570 23524 7656 384510 3050 2 2 2 2 314594 315716 543568 2073600 2073600 
[ 3588.037764] MESSAGE_B= 5 0 5 84 2 21 192 64 248 179 0 0 0 0 0 0 0 0 0 0 0 0 0 0 0 0 0 0 6 0 0 0 0 0 0 0 0 1 1 1 1 1 1 1 1 2 21 183050 13948 12966 18154 2 2 2 2 32570 23524 7656 384510 3050 2 2 2 2 314594 315716 543568 2073600 2073600 
[ 3588.179763] MESSAGE_B= 5 0 5 84 2 14 192 64 248 179 0 16 497 501 31 16 514 501 30 0 57 41 33 0 90 45 28 0 6 0 208 0 204 0 217 250 244 2 2 2 2 0 0 0 0 2 14 111352 13310 24396 4474 8022 13118 14646 14218 42544 24576 11964 198372 325732 440172 426348 462654 311646 381760 216306 256054 2073600 2073600 
[ 3588.447760] MESSAGE_B= 0 5 5 85 2 6 192 64 248 179 0 699 734 638 564 699 718 637 571 127 105 47 37 124 114 56 41 0 12 25 43 8 30 255 255 249 253 0 2 2 2 0 0 0 0 2 6 184990 19084 24396 4474 8022 13118 14646 14218 42544 24576 11964 198372 325732 440172 426348 462654 311646 381760 216306 256054 2073600 2073600 
[ 3588.716760] MESSAGE_B= 0 5 5 85 1 8 192 64 248 179 0 806 754 718 621 804 744 714 621 248 184 107 54 245 172 106 52 0 12 111 12 109 7 255 255 255 242 0 2 0 2 0 0 0 0 1 8 134470 35178 24396 4474 8022 13118 14646 14218 42544 24576 11964 198372 325732 440172 426348 462654 311646 381760 216306 256054 2073600 2073600 
[ 3588.985763] MESSAGE_B= 5 5 5 86 1 9 192 64 248 179 0 886 787 812 653 891 788 811 651 349 210 162 57 352 198 164 62 0 12 107 88 106 68 255 255 255 244 0 2 0 2 0 0 0 0 1 9 144900 8276 24396 4474 8022 13118 14646 14218 42544 24576 11964 198372 325732 440172 426348 462654 311646 381760 216306 256054 2073600 2073600 
[ 3589.254764] MESSAGE_B= 5 5 5 87 1 10 192 64 248 179 0 974 849 876 684 968 818 872 686 343 185 155 55 349 190 160 56 0 12 33 35 42 54 255 255 253 248 2 2 2 2 0 0 0 0 1 10 129356 5498 24396 4474 8022 13118 14646 14218 42544 24576 11964 198372 325732 440172 426348 462654 311646 381760 216306 256054 2073600 2073600 
[ 3589.524758] MESSAGE_B= 5 5 5 87 1 9 192 64 248 179 0 936 848 909 725 932 851 909 733 329 210 124 92 322 221 127 83 0 12 169 41 168 35 255 255 254 251 2 2 2 2 0 0 0 0 1 9 118229 7064 24396 4474 8022 13118 14646 14218 42544 24576 11964 198372 325732 440172 426348 462654 311646 381760 216306 256054 2073600 2073600 
[ 3589.793763] MESSAGE_B= 5 5 5 87 1 9 192 64 248 179 0 825 681 996 1012 914 598 980 1208 269 202 294 362 328 125 274 431 0 12 86 140 57 107 248 255 254 250 2 2 2 2 0 0 0 0 1 9 112513 8206 24396 4474 8022 13118 14646 14218 42544 24576 11964 198372 325732 440172 426348 462654 311646 381760 216306 256054 2073600 2073600 
[ 3590.063766] MESSAGE_B= 5 5 5 90 1 14 192 64 248 179 0 968 554 856 873 958 556 853 924 386 26 143 136 385 25 144 224 0 12 17 46 23 20 255 255 254 255 2 2 2 2 0 0 0 0 1 14 115669 6874 24396 4474 8022 13118 14646 14218 42544 24576 11964 198372 325732 440172 426348 462654 311646 381760 216306 256054 2073600 2073600 
[ 3590.212764] MESSAGE_B= 5 5 5 91 1 22 192 64 248 179 0 976 654 898 1083 979 652 895 1093 401 104 150 134 399 102 161 136 0 12 105 134 108 145 255 255 251 255 0 2 0 2 0 0 0 0 1 22 212197 6993 24396 4474 8022 13118 14646 14218 42544 24576 11964 198372 325732 440172 426348 462654 311646 381760 216306 256054 2073600 2073600 
[ 3590.482766] MESSAGE_B= 5 5 5 99 1 16 192 64 248 179 0 974 779 961 964 975 780 960 959 413 152 221 106 413 156 224 110 0 12 187 124 185 126 255 255 253 254 0 2 0 2 0 0 0 0 1 16 267218 6681 7188 7150 2068 11428 15370 12554 25252 14682 9896 450870 18976 93326 105138 226162 124672 235494 532150 383502 2073600 2073600 
[ 3590.751764] MESSAGE_B= 5 5 5 90 1 19 192 64 248 179 0 970 810 1085 949 974 819 1080 937 412 211 319 152 412 221 321 146 0 12 201 62 202 66 255 255 254 254 0 2 0 2 0 0 0 0 1 19 222911 6380 7188 7150 2068 11428 15370 12554 25252 14682 9896 450870 18976 93326 105138 226162 124672 235494 532150 383502 2073600 2073600 
[ 3591.021762] MESSAGE_B= 5 0 5 84 1 20 192 64 248 179 0 0 0 0 0 0 0 0 0 0 0 0 0 0 0 0 0 0 12 0 0 0 0 0 75 245 232 1 1 1 1 0 0 0 0 1 20 195023 7451 7188 7150 2068 11428 15370 12554 25252 14682 9896 450870 18976 93326 105138 226162 124672 235494 532150 383502 2073600 2073600 
[ 3591.287759] MESSAGE_B= 5 0 5 84 1 21 192 64 248 179 0 0 479 0 16 16 466 1888 16 0 26 0 0 0 29 0 0 0 6 0 0 0 0 254 255 0 0 1 2 2 2 0 0 1 0 1 21 476464 7548 7188 7150 2068 11428 15370 12554 25252 14682 9896 450870 18976 93326 105138 226162 124672 235494 532150 383502 2073600 2073600 
[ 3591.554766] MESSAGE_B= 5 0 5 84 1 59 192 64 248 179 0 297 3454 3479 45 289 3452 3480 50 116 77 64 40 99 82 22 46 0 7 84 255 133 182 160 255 255 86 2 2 2 2 0 0 0 0 1 59 495390 14190 7188 7150 2068 11428 15370 12554 25252 14682 9896 450870 18976 93326 105138 226162 124672 235494 532150 383502 2073600 2073600 
[ 3591.823774] MESSAGE_B= 0 5 5 84 2 20 192 64 248 179 0 295 2898 2911 409 287 2899 2911 393 147 32 60 257 149 64 84 249 0 20 14 7 14 18 238 255 255 246 2 2 2 2 0 0 0 0 2 20 26486 79678 7188 7150 2068 11428 15370 12554 25252 14682 9896 450870 18976 93326 105138 226162 124672 235494 532150 383502 2073600 2073600 
[ 3592.092761] MESSAGE_B= 5 5 5 85 2 9 192 64 248 179 0 291 1747 1956 158 287 1737 1948 159 93 164 186 121 95 159 187 129 0 31 43 26 36 45 246 252 254 239 2 0 2 0 0 0 0 0 2 9 271912 9458 7188 7150 2068 11428 15370 12554 25252 14682 9896 450870 18976 93326 105138 226162 124672 235494 532150 383502 2073600 2073600 
[ 3592.240763] MESSAGE_B= 5 5 0 110 3 8 192 64 248 179 0 441 1292 1481 476 441 1289 1476 478 37 92 99 33 41 93 106 39 0 31 58 136 80 150 255 255 255 255 0 0 0 0 0 0 0 0 3 8 287706 9588 7188 7150 2068 11428 15370 12554 25252 14682 9896 450870 18976 93326 105138 226162 124672 235494 532150 383502 2073600 2073600 
[ 3592.509765] MESSAGE_B= 5 5 0 100 2 8 192 64 248 179 0 904 955 894 806 904 961 894 822 99 110 136 114 114 103 133 127 0 12 25 57 17 43 245 254 255 249 2 0 2 0 0 0 0 0 2 8 254895 5444 7188 7150 2068 11428 15370 12554 25252 14682 9896 450870 18976 93326 105138 226162 124672 235494 532150 383502 2073600 2073600 
[ 3592.778766] MESSAGE_B= 5 5 5 103 2 8 192 64 248 179 0 924 952 894 872 935 959 899 884 122 104 109 164 139 112 114 164 0 12 15 95 13 95 237 252 255 252 2 0 2 0 0 0 0 0 2 8 236560 5040 9408 6380 2020 14396 74922 422 16448 23322 9342 401644 122954 26306 1052502 208448 10474 520270 374148 434074 2073600 2073600 
[ 3593.047766] MESSAGE_B= 5 5 5 104 2 10 192 64 248 179 0 947 973 871 897 958 979 874 902 129 117 87 162 125 115 88 168 0 12 9 78 26 68 250 250 255 252 2 0 2 0 0 0 0 0 2 10 229608 4886 9408 6380 2020 14396 74922 422 16448 23322 9342 401644 122954 26306 1052502 208448 10474 520270 374148 434074 2073600 2073600 
[ 3593.316762] MESSAGE_B= 5 5 5 106 2 11 192 64 248 179 0 979 1000 904 874 995 1008 907 857 154 118 95 152 156 112 97 153 0 12 7 101 19 122 246 252 255 248 2 0 2 2 0 0 0 0 2 11 223426 5209 9408 6380 2020 14396 74922 422 16448 23322 9342 401644 122954 26306 1052502 208448 10474 520270 374148 434074 2073600 2073600 
[ 3593.585764] MESSAGE_B= 5 5 5 106 1 11 192 64 248 179 0 984 985 909 828 989 975 910 810 179 123 89 166 176 132 93 155 0 12 48 91 47 104 250 251 254 252 2 2 2 2 0 0 0 0 1 11 214788 4046 9408 6380 2020 14396 74922 422 16448 23322 9342 401644 122954 26306 1052502 208448 10474 520270 374148 434074 2073600 2073600 
[ 3593.854764] MESSAGE_B= 5 5 5 104 2 9 192 64 248 179 0 985 983 920 808 983 985 921 799 165 124 87 170 168 126 95 157 0 12 2 60 11 53 249 253 255 255 2 2 2 2 0 0 0 0 2 9 212790 6649 9408 6380 2020 14396 74922 422 16448 23322 9342 401644 122954 26306 1052502 208448 10474 520270 374148 434074 2073600 2073600 
[ 3594.123781] MESSAGE_B= 5 5 5 103 2 9 192 64 248 179 0 935 977 958 822 920 979 959 838 163 124 96 164 172 122 105 162 0 12 108 28 97 35 254 255 254 253 2 2 2 2 0 0 0 0 2 9 191770 5397 9408 6380 2020 14396 74922 422 16448 23322 9342 401644 122954 26306 1052502 208448 10474 520270 374148 434074 2073600 2073600 
[ 3594.271769] MESSAGE_B= 5 5 5 103 2 8 192 64 248 179 0 920 979 959 849 906 981 971 856 167 121 108 156 158 120 110 158 0 12 104 11 97 17 250 254 254 255 2 2 2 2 0 0 0 0 2 8 176278 5534 9408 6380 2020 14396 74922 422 16448 23322 9342 401644 122954 26306 1052502 208448 10474 520270 374148 434074 2073600 2073600 
[ 3594.540762] MESSAGE_B= 5 5 5 104 2 7 192 64 248 179 0 910 972 983 829 913 972 990 832 153 123 111 136 160 118 107 138 0 12 96 5 112 22 255 255 255 251 2 0 2 0 0 0 0 0 2 7 167324 3848 9408 6380 2020 14396 74922 422 16448 23322 9342 401644 122954 26306 1052502 208448 10474 520270 374148 434074 2073600 2073600 
[ 3594.809766] MESSAGE_B= 5 5 5 106 1 13 192 64 248 179 0 928 972 993 825 932 971 995 835 160 124 114 111 162 119 119 121 0 12 109 0 89 8 255 254 254 245 2 0 2 0 0 0 0 0 1 13 164116 5493 9408 6380 2020 14396 74922 422 16448 23322 9342 401644 122954 26306 1052502 208448 10474 520270 374148 434074 2073600 2073600 
[ 3595.078766] MESSAGE_B= 5 5 5 105 2 14 192 64 248 179 0 948 967 1000 863 964 967 998 878 159 112 122 136 163 109 112 133 0 12 59 56 36 36 253 253 249 250 2 0 2 0 0 0 0 0 2 14 170688 4633 6820 1424 16642 7224 7416 3334 56018 13372 6198 189938 333108 557840 360132 402824 126330 491308 373458 226140 2073600 2073600 
[ 3595.348762] MESSAGE_B= 5 5 5 105 2 12 192 64 248 179 0 1022 967 970 898 1020 968 969 911 130 102 100 136 136 102 93 157 0 12 36 37 56 47 255 254 245 249 2 2 2 2 0 0 0 0 2 12 175278 7740 6820 1424 16642 7224 7416 3334 56018 13372 6198 189938 333108 557840 360132 402824 126330 491308 373458 226140 2073600 2073600 
[ 3595.617765] MESSAGE_B= 5 5 5 105 2 12 192 64 248 179 0 1038 963 963 954 1072 966 958 971 154 106 91 156 159 100 93 155 0 12 63 39 50 35 253 254 248 249 2 2 2 2 0 0 0 0 2 12 212617 4061 6820 1424 16642 7224 7416 3334 56018 13372 6198 189938 333108 557840 360132 402824 126330 491308 373458 226140 2073600 2073600 
[ 3595.886774] MESSAGE_B= 5 5 5 104 2 12 192 64 248 179 0 1178 954 943 974 1169 950 952 977 224 96 93 155 222 100 98 155 0 12 62 45 68 50 249 249 248 254 2 2 2 2 0 0 0 0 2 12 208170 6560 6820 1424 16642 7224 7416 3334 56018 13372 6198 189938 333108 557840 360132 402824 126330 491308 373458 226140 2073600 2073600 
[ 3596.142769] MESSAGE_B= 5 5 5 89 2 4 192 64 248 179 0 848 926 843 709 867 929 828 716 253 322 230 68 277 322 206 84 0 12 25 55 26 61 252 255 255 247 2 2 2 2 0 0 0 0 2 4 197369 3637 6820 1424 16642 7224 7416 3334 56018 13372 6198 189938 333108 557840 360132 402824 126330 491308 373458 226140 2073600 2073600 
[ 3596.411772] MESSAGE_B= 0 5 5 89 2 4 192 64 248 179 0 860 943 842 715 897 938 828 735 263 329 234 94 308 320 223 109 0 12 32 12 39 22 255 255 255 232 2 2 2 2 0 0 0 0 2 4 131178 17031 6820 1424 16642 7224 7416 3334 56018 13372 6198 189938 333108 557840 360132 402824 126330 491308 373458 226140 2073600 2073600 
[ 3596.559765] MESSAGE_B= 5 5 5 89 2 4 192 64 248 179 0 879 947 842 722 915 949 830 748 284 333 236 97 324 337 229 118 0 12 41 10 40 20 252 255 255 234 2 2 2 2 0 0 0 0 2 4 135862 3402 6820 1424 16642 7224 7416 3334 56018 13372 6198 189938 333108 557840 360132 402824 126330 491308 373458 226140 2073600 2073600 
[ 3596.828763] MESSAGE_B= 5 5 5 88 2 4 192 64 248 179 0 906 941 840 729 919 943 831 752 316 331 235 98 330 328 227 123 0 12 37 15 44 49 255 254 255 240 2 2 2 2 0 0 0 0 2 4 125920 4216 6820 1424 16642 7224 7416 3334 56018 13372 6198 189938 333108 557840 360132 402824 126330 491308 373458 226140 2073600 2073600 
[ 3597.097781] MESSAGE_B= 5 5 5 88 2 4 192 64 248 179 0 920 943 831 742 925 946 822 761 326 329 227 108 334 329 219 137 0 12 39 52 38 45 255 254 255 244 2 2 2 2 0 0 0 0 2 4 133652 3138 6820 1424 16642 7224 7416 3334 56018 13372 6198 189938 333108 557840 360132 402824 126330 491308 373458 226140 2073600 2073600 
[ 3597.366762] MESSAGE_B= 5 5 5 88 2 4 192 64 248 179 0 917 937 841 743 919 941 828 766 323 325 239 109 329 319 230 144 0 12 45 72 41 72 255 255 254 242 2 2 2 2 0 0 0 0 2 4 125494 4716 4212 54362 9818 5766 8292 3608 89220 10454 3916 198134 160468 58528 273164 267170 272990 633926 213450 205834 2073600 2073600 
[ 3597.635765] MESSAGE_B= 5 5 5 88 2 4 192 64 248 179 0 927 937 840 749 929 939 818 773 335 322 239 115 330 319 222 155 0 12 43 94 35 76 255 255 254 246 2 2 2 2 0 0 0 0 2 4 134350 2768 4212 54362 9818 5766 8292 3608 89220 10454 3916 198134 160468 58528 273164 267170 272990 633926 213450 205834 2073600 2073600 
[ 3597.904767] MESSAGE_B= 5 5 5 89 2 4 192 64 248 179 0 929 939 845 752 938 936 821 775 341 320 238 124 344 314 219 162 0 12 38 86 29 83 255 255 253 245 2 2 2 2 0 0 0 0 2 4 122488 4282 4212 54362 9818 5766 8292 3608 89220 10454 3916 198134 160468 58528 273164 267170 272990 633926 213450 205834 2073600 2073600 
[ 3598.173758] MESSAGE_B= 5 5 5 89 2 4 192 64 248 179 0 930 938 828 750 920 928 816 772 347 324 219 136 339 311 222 171 0 12 30 75 22 76 255 255 253 248 2 2 2 2 0 0 0 0 2 4 131202 2836 4212 54362 9818 5766 8292 3608 89220 10454 3916 198134 160468 58528 273164 267170 272990 633926 213450 205834 2073600 2073600 
[ 3598.442760] MESSAGE_B= 5 5 5 89 3 6 192 64 248 179 0 913 924 780 736 908 915 769 756 352 332 165 182 345 323 164 215 0 12 2 58 3 60 255 254 250 254 2 2 2 2 0 0 0 0 3 6 117206 4854 4212 54362 9818 5766 8292 3608 89220 10454 3916 198134 160468 58528 273164 267170 272990 633926 213450 205834 2073600 2073600 
[ 3598.590762] MESSAGE_B= 5 5 5 96 3 6 192 64 248 179 0 921 941 810 731 919 933 790 754 347 322 195 132 348 311 177 164 0 12 53 78 52 86 255 254 253 247 2 2 2 2 0 0 0 0 3 6 138784 3536 4212 54362 9818 5766 8292 3608 89220 10454 3916 198134 160468 58528 273164 267170 272990 633926 213450 205834 2073600 2073600 
[ 3598.859767] MESSAGE_B= 5 5 5 88 3 3 192 64 248 179 0 931 941 809 741 933 943 790 758 335 359 165 131 341 357 144 170 0 12 74 93 77 85 255 254 251 249 2 2 2 2 0 0 0 0 3 3 185284 3686 4212 54362 9818 5766 8292 3608 89220 10454 3916 198134 160468 58528 273164 267170 272990 633926 213450 205834 2073600 2073600 
[ 3599.128760] MESSAGE_B= 5 5 5 89 3 3 192 64 248 179 0 928 914 819 749 927 915 798 762 332 311 168 128 332 308 151 164 0 12 71 88 69 80 255 255 253 249 2 2 2 2 0 0 0 0 3 3 214316 4464 4212 54362 9818 5766 8292 3608 89220 10454 3916 198134 160468 58528 273164 267170 272990 633926 213450 205834 2073600 2073600 
[ 3599.397758] MESSAGE_B= 5 5 5 88 2 3 192 64 248 179 0 940 927 821 748 933 922 801 766 336 325 167 132 333 322 148 167 0 12 73 89 66 81 255 255 251 248 2 2 2 2 0 0 0 0 2 3 200442 4364 4212 54362 9818 5766 8292 3608 89220 10454 3916 198134 160468 58528 273164 267170 272990 633926 213450 205834 2073600 2073600 
[ 3599.666763] MESSAGE_B= 5 5 5 89 2 3 192 64 248 179 0 937 925 833 747 936 923 815 769 331 320 175 132 329 318 160 166 0 12 67 90 62 89 255 255 251 247 2 2 2 2 0 0 0 0 2 3 198836 3036 3384 79198 7798 6372 6112 3908 93228 14586 5014 277474 417456 50302 199978 223854 296950 651748 250120 282788 2073600 2073600 
[ 3599.935773] MESSAGE_B= 5 5 5 89 2 3 192 64 248 179 0 947 929 833 744 945 924 816 766 332 326 172 138 329 320 166 177 0 12 72 87 56 80 255 255 251 246 2 2 2 2 0 0 0 0 2 3 188488 6338 3384 79198 7798 6372 6112 3908 93228 14586 5014 277474 417456 50302 199978 223854 296950 651748 250120 282788 2073600 2073600 
[ 3600.204759] MESSAGE_B= 5 5 5 89 2 3 192 64 248 179 0 950 924 833 746 949 921 814 762 333 317 172 139 337 315 164 172 0 12 74 89 60 80 255 255 250 251 2 2 2 2 0 0 0 0 2 3 192772 3070 3384 79198 7798 6372 6112 3908 93228 14586 5014 277474 417456 50302 199978 223854 296950 651748 250120 282788 2073600 2073600 
[ 3600.473756] MESSAGE_B= 5 5 5 89 2 3 192 64 248 179 0 955 939 832 746 952 930 815 762 335 333 175 141 340 325 160 176 0 12 67 92 63 84 255 254 252 252 2 2 2 2 0 0 0 0 2 3 184096 6100 3384 79198 7798 6372 6112 3908 93228 14586 5014 277474 417456 50302 199978 223854 296950 651748 250120 282788 2073600 2073600 
[ 3600.621757] MESSAGE_B= 5 5 5 89 2 3 192 64 248 179 0 960 946 831 749 958 945 811 766 337 336 171 146 340 331 160 180 0 12 68 98 64 91 255 255 251 249 2 2 2 2 0 0 0 0 2 3 189664 2714 3384 79198 7798 6372 6112 3908 93228 14586 5014 277474 417456 50302 199978 223854 296950 651748 250120 282788 2073600 2073600 
[ 3600.890759] MESSAGE_B= 5 5 5 90 2 3 192 64 248 179 0 952 969 829 746 955 954 806 767 340 345 170 152 341 333 161 183 0 12 58 98 55 93 255 255 250 251 2 2 2 2 0 0 0 0 2 3 168508 9000 3384 79198 7798 6372 6112 3908 93228 14586 5014 277474 417456 50302 199978 223854 296950 651748 250120 282788 2073600 2073600 
[ 3601.159764] MESSAGE_B= 5 5 5 89 2 3 192 64 248 179 0 947 994 829 752 951 994 805 771 345 351 173 152 346 345 157 194 0 12 46 94 42 90 254 254 250 250 2 2 2 2 0 0 0 0 2 3 160288 2998 3384 79198 7798 6372 6112 3908 93228 14586 5014 277474 417456 50302 199978 223854 296950 651748 250120 282788 2073600 2073600 
[ 3601.428766] MESSAGE_B= 5 5 5 89 2 4 192 64 248 179 0 972 1018 829 760 970 1027 805 778 383 350 171 160 376 357 162 199 0 12 58 66 55 74 255 255 251 252 2 2 2 2 0 0 0 0 2 4 150224 5758 3384 79198 7798 6372 6112 3908 93228 14586 5014 277474 417456 50302 199978 223854 296950 651748 250120 282788 2073600 2073600 
[ 3601.698762] MESSAGE_B= 5 5 5 90 2 4 192 64 248 179 0 973 1055 821 762 979 1060 801 781 383 368 173 163 384 373 158 200 0 12 56 59 50 65 255 255 250 250 2 2 2 2 0 0 0 0 2 4 161222 5318 3384 79198 7798 6372 6112 3908 93228 14586 5014 277474 417456 50302 199978 223854 296950 651748 250120 282788 2073600 2073600 
[ 3601.967765] MESSAGE_B= 5 5 5 90 2 4 192 64 248 179 0 970 1077 822 764 983 1070 800 784 390 380 179 165 389 380 166 198 0 12 48 61 49 62 255 255 251 252 2 2 2 2 0 0 0 0 2 4 148494 7078 5896 81342 3580 6198 9218 7448 99876 10792 6926 202668 216546 101850 286016 336186 196402 629664 215878 211068 2073600 2073600 
[ 3602.236758] MESSAGE_B= 5 5 5 89 2 4 192 64 248 179 0 992 1044 826 759 989 1046 807 782 392 383 179 162 392 385 174 199 0 12 63 55 53 58 255 254 250 252 2 2 2 2 0 0 0 0 2 4 161746 3410 5896 81342 3580 6198 9218 7448 99876 10792 6926 202668 216546 101850 286016 336186 196402 629664 215878 211068 2073600 2073600 
[ 3602.506763] MESSAGE_B= 5 5 5 89 2 5 192 64 248 179 0 986 1043 826 757 988 1050 805 780 393 378 181 165 394 391 170 196 0 12 50 50 47 47 255 255 250 252 2 2 2 2 0 0 0 0 2 5 141496 6106 5896 81342 3580 6198 9218 7448 99876 10792 6926 202668 216546 101850 286016 336186 196402 629664 215878 211068 2073600 2073600 
[ 3602.654763] MESSAGE_B= 5 5 5 90 2 5 192 64 248 179 0 988 1051 823 758 984 1049 803 778 389 387 183 169 394 384 170 195 0 12 50 46 43 48 255 255 251 252 2 2 2 2 0 0 0 0 2 5 156196 4198 5896 81342 3580 6198 9218 7448 99876 10792 6926 202668 216546 101850 286016 336186 196402 629664 215878 211068 2073600 2073600 
[ 3602.923759] MESSAGE_B= 5 5 5 90 2 11 192 64 248 179 0 1567 1136 775 697 1566 1145 774 706 583 142 55 94 584 135 60 85 0 12 133 101 119 121 255 255 254 255 0 2 0 2 0 0 0 0 2 11 141602 6564 5896 81342 3580 6198 9218 7448 99876 10792 6926 202668 216546 101850 286016 336186 196402 629664 215878 211068 2073600 2073600 
[ 3603.193762] MESSAGE_B= 5 5 5 123 1 8 192 64 248 179 0 1552 1284 847 669 1493 1282 864 665 383 167 118 98 354 167 111 102 0 12 115 161 59 152 255 255 251 255 2 2 2 2 0 0 0 0 1 8 313907 3118 5896 81342 3580 6198 9218 7448 99876 10792 6926 202668 216546 101850 286016 336186 196402 629664 215878 211068 2073600 2073600 
[ 3603.463760] MESSAGE_B= 5 5 5 114 1 7 192 64 248 179 0 1658 1390 932 598 1529 1405 923 600 516 178 191 53 394 148 204 52 0 12 22 120 7 95 255 254 255 255 2 2 2 2 0 0 0 0 1 7 343986 4715 5896 81342 3580 6198 9218 7448 99876 10792 6926 202668 216546 101850 286016 336186 196402 629664 215878 211068 2073600 2073600 
[ 3603.732769] MESSAGE_B= 5 5 5 114 2 7 192 64 248 179 0 1787 1440 970 604 1735 1436 966 604 482 125 207 48 440 119 213 50 0 12 36 66 19 65 255 253 253 255 2 2 2 2 0 0 0 0 2 7 347487 3781 5896 81342 3580 6198 9218 7448 99876 10792 6926 202668 216546 101850 286016 336186 196402 629664 215878 211068 2073600 2073600 
[ 3604.002769] MESSAGE_B= 5 5 5 117 3 7 192 64 248 179 0 1689 1569 921 611 1676 1516 899 612 422 51 102 48 430 126 105 54 0 12 70 116 4 138 255 254 215 255 2 2 2 2 0 0 0 0 3 7 338116 4378 5896 81342 3580 6198 9218 7448 99876 10792 6926 202668 216546 101850 286016 336186 196402 629664 215878 211068 2073600 2073600 
[ 3604.272768] MESSAGE_B= 5 5 5 118 2 8 192 64 248 179 0 1562 1561 1080 649 1567 1546 1115 672 397 43 134 49 415 46 168 34 0 12 136 156 135 31 255 254 244 207 0 2 0 2 0 0 0 0 2 8 396289 8074 12086 78196 4798 8936 7608 6978 81514 19832 5212 687842 263022 107800 241514 299132 546058 710852 349132 674666 2073600 2073600 
[ 3604.542762] MESSAGE_B= 5 5 5 116 2 9 192 64 248 179 0 1561 0 1019 0 1569 0 1031 0 253 0 137 0 264 0 144 0 0 12 91 0 116 0 255 253 246 0 0 1 0 1 0 0 0 1 2 9 357290 6066 12086 78196 4798 8936 7608 6978 81514 19832 5212 687842 263022 107800 241514 299132 546058 710852 349132 674666 2073600 2073600 
[ 3604.689763] MESSAGE_B= 0 5 5 118 2 8 192 64 248 179 0 1535 0 1097 0 1547 0 1124 0 204 0 202 0 214 0 239 0 0 12 159 0 172 0 255 253 252 0 0 1 0 1 0 0 0 1 2 8 329498 8858 12086 78196 4798 8936 7608 6978 81514 19832 5212 687842 263022 107800 241514 299132 546058 710852 349132 674666 2073600 2073600 
[ 3604.957760] MESSAGE_B= 5 5 5 111 1 12 192 64 248 179 0 1454 0 1092 0 1473 0 1091 0 160 0 176 0 169 0 200 0 0 12 28 0 23 0 255 249 246 0 0 1 0 1 0 0 0 1 1 12 289358 10718 12086 78196 4798 8936 7608 6978 81514 19832 5212 687842 263022 107800 241514 299132 546058 710852 349132 674666 2073600 2073600 
[ 3605.225762] MESSAGE_B= 5 5 5 103 1 9 192 64 248 179 0 4056 2255 1792 755 4039 2274 1848 755 75 101 283 109 52 115 304 103 0 12 38 18 18 38 255 253 253 224 0 2 0 2 0 0 0 0 1 9 537610 13266 12086 78196 4798 8936 7608 6978 81514 19832 5212 687842 263022 107800 241514 299132 546058 710852 349132 674666 2073600 2073600 
[ 3605.495762] MESSAGE_B= 5 5 5 95 2 12 192 64 248 179 0 1251 1857 1175 1062 1224 1890 1164 1072 60 189 162 64 59 191 167 59 0 31 96 24 118 68 255 255 255 255 0 0 0 0 0 0 0 0 2 12 563884 25464 12086 78196 4798 8936 7608 6978 81514 19832 5212 687842 263022 107800 241514 299132 546058 710852 349132 674666 2073600 2073600 
[ 3605.765763] MESSAGE_B= 0 5 5 126 1 17 192 64 248 179 0 1269 1605 822 619 1244 1610 826 648 46 261 156 105 43 264 154 102 0 31 72 115 56 122 255 255 255 255 0 0 0 0 0 0 0 0 1 17 166658 162184 12086 78196 4798 8936 7608 6978 81514 19832 5212 687842 263022 107800 241514 299132 546058 710852 349132 674666 2073600 2073600 
[ 3606.035762] MESSAGE_B= 0 5 5 105 1 10 192 64 248 179 0 1144 1261 1126 977 1117 1263 1125 1008 36 212 241 71 31 210 244 76 0 31 8 14 9 23 255 255 255 255 0 0 0 0 0 0 0 0 1 10 379754 61680 12086 78196 4798 8936 7608 6978 81514 19832 5212 687842 263022 107800 241514 299132 546058 710852 349132 674666 2073600 2073600 
[ 3606.305763] MESSAGE_B= 5 5 5 103 2 11 192 64 248 179 0 1241 1298 911 737 1211 1305 917 778 38 162 229 105 38 158 228 104 0 31 95 47 99 41 254 255 255 255 0 0 0 0 0 0 0 0 2 11 83016 63783 12086 78196 4798 8936 7608 6978 81514 19832 5212 687842 263022 107800 241514 299132 546058 710852 349132 674666 2073600 2073600 
[ 3606.575762] MESSAGE_B= 5 5 5 113 2 14 192 64 248 179 0 2847 1241 855 1542 2853 1241 841 1642 510 133 136 357 523 132 118 375 0 12 66 12 52 7 255 255 250 255 0 0 0 0 0 0 0 0 2 14 134344 20746 12078 79642 17946 9072 16436 13134 83650 27208 10856 427752 1025410 548664 533438 830438 310550 916278 261176 217314 2073600 2073600 
[ 3606.725762] MESSAGE_B= 5 5 5 108 2 10 192 64 248 179 0 2358 1114 853 1083 2376 1118 843 1139 192 106 176 235 199 104 171 251 0 12 94 43 102 34 255 255 255 252 0 2 0 2 0 0 0 0 2 10 243476 59114 12078 79642 17946 9072 16436 13134 83650 27208 10856 427752 1025410 548664 533438 830438 310550 916278 261176 217314 2073600 2073600 
[ 3606.995764] MESSAGE_B= 0 5 5 124 2 7 192 64 248 179 0 739 946 886 779 742 948 862 783 61 163 192 110 64 164 172 114 0 12 25 166 1 174 255 255 254 255 2 2 2 2 0 0 0 0 2 7 369408 33348 12078 79642 17946 9072 16436 13134 83650 27208 10856 427752 1025410 548664 533438 830438 310550 916278 261176 217314 2073600 2073600 
[ 3607.265763] MESSAGE_B= 0 5 5 118 2 7 192 64 248 179 0 791 947 813 773 791 950 802 766 77 164 179 93 70 163 166 103 0 12 78 72 109 87 251 255 254 253 2 2 2 2 0 0 0 0 2 7 291914 12101 12078 79642 17946 9072 16436 13134 83650 27208 10856 427752 1025410 548664 533438 830438 310550 916278 261176 217314 2073600 2073600 
[ 3607.535758] MESSAGE_B= 5 5 5 117 2 9 192 64 248 179 0 754 942 736 774 751 944 731 777 69 164 72 61 65 165 77 66 0 12 157 184 167 177 255 255 255 252 2 2 2 2 0 0 0 0 2 9 294948 4780 12078 79642 17946 9072 16436 13134 83650 27208 10856 427752 1025410 548664 533438 830438 310550 916278 261176 217314 2073600 2073600 
[ 3607.804763] MESSAGE_B= 5 5 5 116 2 10 192 64 248 179 0 928 714 1088 664 945 718 1080 669 88 120 368 87 86 121 335 83 0 12 44 177 74 180 233 253 255 255 2 2 2 2 0 0 0 0 2 10 292914 2858 12078 79642 17946 9072 16436 13134 83650 27208 10856 427752 1025410 548664 533438 830438 310550 916278 261176 217314 2073600 2073600 
[ 3608.074765] MESSAGE_B= 5 5 5 124 2 9 192 64 248 179 0 912 742 1089 651 958 741 1121 652 61 154 424 89 79 156 434 79 0 12 40 116 1 128 205 255 255 255 2 2 2 2 0 0 0 0 2 9 331642 5162 12078 79642 17946 9072 16436 13134 83650 27208 10856 427752 1025410 548664 533438 830438 310550 916278 261176 217314 2073600 2073600 
[ 3608.344762] MESSAGE_B= 5 5 5 121 2 20 192 64 248 179 0 591 708 1410 668 587 714 1541 661 80 136 612 135 67 132 546 129 0 12 34 158 24 138 252 253 255 255 2 2 2 2 0 0 0 0 2 20 355974 11767 12078 79642 17946 9072 16436 13134 83650 27208 10856 427752 1025410 548664 533438 830438 310550 916278 261176 217314 2073600 2073600 
[ 3608.614758] MESSAGE_B= 5 5 5 136 2 33 192 64 248 179 0 684 957 2016 1408 676 938 2009 1431 171 164 652 264 167 155 636 291 0 12 151 38 148 37 255 252 255 255 2 0 2 0 0 0 0 0 2 33 337158 13599 12078 79642 17946 9072 16436 13134 83650 27208 10856 427752 1025410 548664 533438 830438 310550 916278 261176 217314 2073600 2073600 
[ 3608.884759] MESSAGE_B= 5 5 5 89 0 46 192 64 248 179 0 921 2071 3306 1166 1029 2065 3398 1198 193 535 700 235 176 526 825 233 0 12 99 164 60 167 197 255 255 252 2 2 2 2 0 0 0 0 0 46 496250 16595 20168 75434 9834 5262 3202 9516 94156 29198 11404 814840 829098 392560 519520 302684 567930 643234 594552 864314 2073600 2073600 
[ 3609.034758] MESSAGE_B= 5 0 5 141 2 12 192 64 248 179 0 0 0 0 0 0 0 0 0 0 0 0 0 0 0 0 0 0 12 0 0 0 0 0 254 255 0 1 1 1 1 1 0 0 1 2 12 456676 18705 20168 75434 9834 5262 3202 9516 94156 29198 11404 814840 829098 392560 519520 302684 567930 643234 594552 864314 2073600 2073600 
[ 3609.300759] MESSAGE_B= 5 5 5 100 1 16 192 64 248 179 0 0 1907 0 1486 0 1886 0 1507 0 419 0 252 0 416 0 243 0 12 0 53 0 55 0 255 255 255 1 2 1 2 1 0 0 0 1 16 169182 23955 20168 75434 9834 5262 3202 9516 94156 29198 11404 814840 829098 392560 519520 302684 567930 643234 594552 864314 2073600 2073600 
[ 3609.568759] MESSAGE_B= 5 5 5 100 1 24 192 64 248 179 0 711 1768 2137 670 715 1815 2156 673 73 602 755 60 74 580 767 73 0 12 175 52 178 56 249 255 255 244 2 2 2 2 0 0 0 0 1 24 186501 31459 20168 75434 9834 5262 3202 9516 94156 29198 11404 814840 829098 392560 519520 302684 567930 643234 594552 864314 2073600 2073600 
[ 3609.838766] MESSAGE_B= 5 5 5 89 2 29 192 64 248 179 0 0 2038 0 696 0 1991 0 713 0 166 0 76 0 172 0 68 0 12 0 72 0 62 0 255 255 241 1 2 1 2 1 0 0 0 2 29 190358 47846 20168 75434 9834 5262 3202 9516 94156 29198 11404 814840 829098 392560 519520 302684 567930 643234 594552 864314 2073600 2073600 
[ 3610.106763] MESSAGE_B= 0 5 5 115 2 18 192 64 248 179 0 1360 1043 627 854 1196 1079 618 839 547 161 67 249 447 222 87 251 0 12 175 112 124 104 252 255 252 254 2 2 2 2 0 0 0 0 2 18 223169 56386 20168 75434 9834 5262 3202 9516 94156 29198 11404 814840 829098 392560 519520 302684 567930 643234 594552 864314 2073600 2073600 
[ 3610.377765] MESSAGE_B= 5 5 5 115 2 22 192 64 248 179 0 1607 1217 1098 798 1543 1250 1074 821 595 346 352 168 569 373 343 191 0 12 33 71 19 105 251 253 255 247 0 2 0 2 0 0 0 0 2 22 535363 47917 20168 75434 9834 5262 3202 9516 94156 29198 11404 814840 829098 392560 519520 302684 567930 643234 594552 864314 2073600 2073600 
[ 3610.647767] MESSAGE_B= 5 5 5 117 2 19 192 64 248 179 0 1422 926 1212 606 1458 952 1204 607 628 294 410 62 632 288 382 59 0 12 39 109 18 113 250 250 255 246 0 2 0 2 0 0 0 0 2 19 347367 10428 20168 75434 9834 5262 3202 9516 94156 29198 11404 814840 829098 392560 519520 302684 567930 643234 594552 864314 2073600 2073600 
[ 3610.917768] MESSAGE_B= 5 5 5 116 2 33 192 64 248 179 0 800 0 3117 0 819 0 3404 0 105 0 935 0 104 0 682 0 0 12 112 0 170 0 255 215 254 255 2 1 2 1 0 0 0 0 2 33 247792 19589 20168 75434 9834 5262 3202 9516 94156 29198 11404 814840 829098 392560 519520 302684 567930 643234 594552 864314 2073600 2073600 
[ 3611.065762] MESSAGE_B= 5 5 5 119 2 28 192 64 248 179 0 780 0 3438 0 765 0 3429 0 116 0 774 0 134 0 489 0 0 12 13 0 129 0 250 254 254 255 2 1 2 1 0 0 0 0 2 28 556429 13490 10868 105496 2680 6274 9100 7524 95176 33864 18886 980264 975728 297012 427402 376894 1013674 703574 521218 258040 2073600 2073600 
[ 3611.333759] MESSAGE_B= 5 5 5 114 1 61 192 64 248 179 0 546 3512 3669 956 518 3492 3681 976 147 250 424 160 140 243 422 153 0 31 160 77 164 85 255 255 255 253 0 0 0 0 0 0 0 0 1 61 485663 36080 10868 105496 2680 6274 9100 7524 95176 33864 18886 980264 975728 297012 427402 376894 1013674 703574 521218 258040 2073600 2073600 
[ 3611.603759] MESSAGE_B= 5 5 5 84 2 38 192 64 248 179 0 1145 3709 3870 1266 1126 3703 3878 1268 137 225 213 81 154 225 216 77 0 31 63 61 92 88 255 255 255 255 0 0 0 0 0 0 0 0 2 38 183856 31974 10868 105496 2680 6274 9100 7524 95176 33864 18886 980264 975728 297012 427402 376894 1013674 703574 521218 258040 2073600 2073600 
[ 3611.873765] MESSAGE_B= 5 5 5 85 1 30 192 64 248 179 0 1195 3671 3960 1282 1180 3667 3966 1280 105 225 130 53 120 219 137 47 0 31 126 83 144 164 255 255 255 255 0 0 0 0 0 0 0 0 1 30 120672 67598 10868 105496 2680 6274 9100 7524 95176 33864 18886 980264 975728 297012 427402 376894 1013674 703574 521218 258040 2073600 2073600 
[ 3612.143766] MESSAGE_B= 0 5 5 84 1 40 192 64 248 179 0 1243 3620 3996 1296 1235 3621 3997 1294 70 291 90 28 68 292 94 38 0 31 195 97 119 52 255 255 255 255 0 0 0 0 0 0 0 0 1 40 119008 55880 10868 105496 2680 6274 9100 7524 95176 33864 18886 980264 975728 297012 427402 376894 1013674 703574 521218 258040 2073600 2073600 
[ 3612.413760] MESSAGE_B= 5 5 5 85 2 31 192 64 248 179 0 1260 3604 4004 1289 1258 3599 4009 1287 55 328 94 37 29 324 76 30 0 31 245 80 131 66 255 255 255 255 0 0 0 0 0 0 0 0 2 31 112106 51853 10868 105496 2680 6274 9100 7524 95176 33864 18886 980264 975728 297012 427402 376894 1013674 703574 521218 258040 2073600 2073600 
[ 3612.683770] MESSAGE_B= 0 5 5 84 3 27 192 64 248 179 0 1254 3734 3989 1199 1254 3723 4001 1197 53 229 81 140 58 223 77 136 0 31 92 38 146 11 255 255 255 255 0 0 0 0 0 0 0 0 3 27 112168 54436 10868 105496 2680 6274 9100 7524 95176 33864 18886 980264 975728 297012 427402 376894 1013674 703574 521218 258040 2073600 2073600 
[ 3612.953772] MESSAGE_B= 0 5 5 85 3 21 192 64 248 179 0 1220 3752 3968 1079 1222 3738 3983 1075 92 224 80 188 95 233 60 188 0 31 176 97 255 89 255 255 255 255 0 0 0 0 0 0 0 0 3 21 37460 56545 10868 105496 2680 6274 9100 7524 95176 33864 18886 980264 975728 297012 427402 376894 1013674 703574 521218 258040 2073600 2073600 
[ 3613.102768] MESSAGE_B= 5 5 5 85 3 20 192 64 248 179 0 1188 3752 3967 982 1190 3740 3976 977 112 228 106 239 113 236 116 244 0 31 105 152 109 158 255 255 255 255 0 0 0 0 0 0 0 0 3 20 47140 17948 10868 105496 2680 6274 9100 7524 95176 33864 18886 980264 975728 297012 427402 376894 1013674 703574 521218 258040 2073600 2073600 
[ 3613.372764] MESSAGE_B= 5 5 5 84 3 27 192 64 248 179 0 1107 3735 3901 761 1109 3730 3903 759 168 236 232 401 162 232 238 402 0 31 56 196 44 201 255 255 255 255 0 0 0 0 0 0 0 0 3 27 72574 9569 7706 88676 6122 8914 8000 5250 92776 15304 7372 310500 418778 244460 212752 217520 243548 406224 124942 166494 2073600 2073600 
[ 3613.642770] MESSAGE_B= 5 5 5 84 3 39 192 64 248 179 0 946 3713 3747 640 949 3708 3747 637 319 231 359 457 318 233 361 458 0 31 51 209 53 209 255 255 255 255 0 0 0 0 0 0 0 0 3 39 159338 30803 7706 88676 6122 8914 8000 5250 92776 15304 7372 310500 418778 244460 212752 217520 243548 406224 124942 166494 2073600 2073600 
[ 3613.912813] MESSAGE_B= 5 5 5 85 2 29 192 64 248 179 0 863 3641 3641 608 862 3641 3639 610 412 301 314 489 413 297 312 489 0 31 185 215 188 222 255 255 255 255 0 0 0 0 0 0 0 0 2 29 155226 75883 7706 88676 6122 8914 8000 5250 92776 15304 7372 310500 418778 244460 212752 217520 243548 406224 124942 166494 2073600 2073600 
[ 3614.154784] MESSAGE_B= 0 5 5 84 2 24 192 64 248 179 0 878 3586 3523 672 874 3584 3517 678 403 345 412 467 408 344 414 465 0 31 208 231 209 232 255 255 255 255 0 0 0 0 0 0 0 0 2 24 109692 59256 7706 88676 6122 8914 8000 5250 92776 15304 7372 310500 418778 244460 212752 217520 243548 406224 124942 166494 2073600 2073600 

