[  881.624765] MESSAGE_B= 0 4 0 5 21 0 192 64 248 179 0 1487 1455 1406 1383 2181 1563 2023 1498 335 226 302 212 270 167 283 167 0 31 254 255 243 251 226 41 196 51 0 0 0 0 0 0 0 0 21 0 76772 458285 2 2 112456 79612 79016 194252 15692 4850 2 2 2 145510 156690 152484 148162 7458 9048 2 2073600 2073600 
[  881.892762] MESSAGE_B= 4 4 0 40 17 1 192 64 248 179 0 1176 1151 1201 1173 1110 1031 1127 1046 395 342 365 316 506 461 498 428 0 31 255 255 255 254 220 144 224 134 0 0 0 0 0 0 0 0 17 1 115698 374887 2 2 112456 79612 79016 194252 15692 4850 2 2 2 145510 156690 152484 148162 7458 9048 2 2073600 2073600 
[  882.160762] MESSAGE_B= 0 4 4 35 15 0 192 64 248 179 0 1259 1199 1295 1221 1283 1030 1320 1061 526 249 503 227 645 370 599 341 0 31 255 255 254 254 244 104 245 91 0 0 0 0 0 0 0 0 15 0 295373 471409 2 2 112456 79612 79016 194252 15692 4850 2 2 2 145510 156690 152484 148162 7458 9048 2 2073600 2073600 
[  882.307763] MESSAGE_B= 4 4 4 38 14 0 192 64 248 179 0 1263 1193 1306 1220 1264 1006 1319 1044 524 243 506 217 636 364 599 338 0 31 255 255 254 254 244 106 243 101 0 0 0 0 0 0 0 0 14 0 309526 503790 2 2 112456 79612 79016 194252 15692 4850 2 2 2 145510 156690 152484 148162 7458 9048 2 2073600 2073600 
[  882.576766] MESSAGE_B= 0 4 4 42 16 0 192 64 248 179 0 1098 1281 1141 1304 1237 1013 1280 1065 291 309 277 280 640 467 628 444 0 31 255 255 254 254 189 198 180 192 0 0 0 0 0 0 0 0 16 0 274489 438787 2 2 112456 79612 79016 194252 15692 4850 2 2 2 145510 156690 152484 148162 7458 9048 2 2073600 2073600 
[  882.844766] MESSAGE_B= 4 4 4 44 10 1 192 64 248 179 0 1122 1228 1166 1254 1163 980 1185 1020 287 314 279 283 560 456 583 430 0 31 255 255 254 255 160 156 144 161 0 0 0 0 0 0 0 0 10 1 229757 460652 2 2 112456 79612 79016 194252 15692 4850 2 2 2 145510 156690 152484 148162 7458 9048 2 2073600 2073600 
[  883.112760] MESSAGE_B= 0 4 4 46 11 1 192 64 248 179 0 1485 1612 1445 1560 1643 1632 1607 1592 307 354 356 349 505 477 540 464 0 12 245 249 251 253 121 60 121 59 0 0 0 0 2 2 2 2 11 1 279800 488439 347108 11134 464094 664042 673434 342342 790158 388276 611076 326512 137346 93598 135104 343506 400010 78696 134476 274638 2073600 2073600 
[  883.383764] MESSAGE_B= 4 4 4 51 9 1 192 64 248 179 0 1400 1243 1445 1262 1274 972 1326 1009 454 257 439 239 625 418 617 399 0 31 255 254 254 254 219 87 206 77 0 0 0 0 0 0 0 0 9 1 297659 523030 347108 11134 464094 664042 673434 342342 790158 388276 611076 326512 137346 93598 135104 343506 400010 78696 134476 274638 2073600 2073600 
[  883.654765] MESSAGE_B= 0 4 4 53 11 1 192 64 248 179 0 1199 1431 1240 1435 1467 1148 1513 1171 271 340 253 308 625 426 606 418 0 31 253 254 255 254 166 116 148 114 0 0 0 0 0 0 0 0 11 1 249364 396951 347108 11134 464094 664042 673434 342342 790158 388276 611076 326512 137346 93598 135104 343506 400010 78696 134476 274638 2073600 2073600 
[  883.804812] MESSAGE_B= 4 4 4 45 8 1 192 64 248 179 0 1219 1457 1263 1460 1564 1229 1616 1251 271 341 254 314 553 360 528 346 0 31 254 254 253 253 164 111 143 107 0 0 0 0 0 0 0 0 8 1 197386 463798 347108 11134 464094 664042 673434 342342 790158 388276 611076 326512 137346 93598 135104 343506 400010 78696 134476 274638 2073600 2073600 
[  884.075774] MESSAGE_B= 0 4 4 33 8 1 192 64 248 179 0 1244 1320 1286 1328 1373 1326 1421 1330 309 278 293 260 330 310 309 294 0 31 255 255 254 255 84 75 61 82 0 0 0 0 0 0 0 0 8 1 218516 455973 347108 11134 464094 664042 673434 342342 790158 388276 611076 326512 137346 93598 135104 343506 400010 78696 134476 274638 2073600 2073600 
[  884.346761] MESSAGE_B= 4 4 4 35 9 1 192 64 248 179 0 1392 1264 1443 1285 1464 1169 1516 1198 426 193 421 181 332 250 304 231 0 31 255 254 253 255 208 6 190 15 0 0 0 0 0 0 0 0 9 1 142699 289294 347108 11134 464094 664042 673434 342342 790158 388276 611076 326512 137346 93598 135104 343506 400010 78696 134476 274638 2073600 2073600 
[  884.617765] MESSAGE_B= 0 4 4 38 8 1 192 64 248 179 0 1160 1387 1216 1403 1619 1248 1678 1280 242 266 236 249 425 250 392 235 0 31 254 255 253 253 138 72 113 68 0 0 0 0 0 0 0 0 8 1 227462 405679 347108 11134 464094 664042 673434 342342 790158 388276 611076 326512 137346 93598 135104 343506 400010 78696 134476 274638 2073600 2073600 
[  884.888769] MESSAGE_B= 4 4 4 41 13 1 192 64 248 179 0 1238 1491 1298 1500 1726 1332 1795 1357 241 269 232 242 451 287 393 256 0 31 255 255 253 254 120 49 104 55 0 0 0 0 0 0 0 0 13 1 150643 353287 347108 11134 464094 664042 673434 342342 790158 388276 611076 326512 137346 93598 135104 343506 400010 78696 134476 274638 2073600 2073600 
[  885.038766] MESSAGE_B= 0 4 4 35 17 1 192 64 248 179 0 1341 1397 1388 1414 1488 1421 1547 1429 257 203 242 179 355 378 314 337 0 31 254 255 254 254 27 48 14 49 0 0 0 0 0 0 0 0 17 1 203731 472635 347108 11134 464094 664042 673434 342342 790158 388276 611076 326512 137346 93598 135104 343506 400010 78696 134476 274638 2073600 2073600 
[  885.310764] MESSAGE_B= 4 4 4 33 17 0 192 64 248 179 0 1598 1562 1503 1471 2399 1892 2245 1789 396 201 378 192 134 182 169 175 0 31 255 251 229 228 37 70 34 33 0 0 0 0 0 0 0 0 17 0 112010 374516 478504 557162 355916 395028 576350 362478 542016 357896 642986 328656 24870 59370 430584 290114 295978 116974 114942 340778 2073600 2073600 
[  885.581761] MESSAGE_B= 0 4 4 3 19 1 192 64 248 179 0 1424 1788 1325 1619 1304 2053 1140 1921 309 226 276 219 306 182 295 235 0 31 253 250 246 232 74 13 33 16 0 0 0 0 0 0 0 0 19 1 121464 392582 478504 557162 355916 395028 576350 362478 542016 357896 642986 328656 24870 59370 430584 290114 295978 116974 114942 340778 2073600 2073600 
[  885.852768] MESSAGE_B= 4 4 4 4 36 0 192 64 248 179 0 1463 1490 1413 1388 1187 1955 1085 1780 180 234 174 209 286 150 223 142 0 31 251 253 247 218 78 55 75 5 0 0 0 0 0 0 0 0 36 0 182564 290658 478504 557162 355916 395028 576350 362478 542016 357896 642986 328656 24870 59370 430584 290114 295978 116974 114942 340778 2073600 2073600 
[  886.123764] MESSAGE_B= 0 4 4 32 14 1 192 64 248 179 0 1123 1537 1181 1595 1846 1371 1764 1348 196 334 216 358 281 214 311 253 0 31 249 255 250 246 52 54 71 89 0 0 0 0 0 0 0 0 14 1 106128 358785 478504 557162 355916 395028 576350 362478 542016 357896 642986 328656 24870 59370 430584 290114 295978 116974 114942 340778 2073600 2073600 
[  886.394760] MESSAGE_B= 4 4 4 30 14 1 192 64 248 179 0 1227 1619 1277 1673 1901 1428 1831 1401 213 334 224 346 247 205 268 236 0 31 250 255 246 242 80 24 86 51 0 0 0 0 0 0 0 0 14 1 101319 404505 478504 557162 355916 395028 576350 362478 542016 357896 642986 328656 24870 59370 430584 290114 295978 116974 114942 340778 2073600 2073600 
[  886.665772] MESSAGE_B= 0 4 4 35 22 1 192 64 248 179 0 984 1296 1053 1354 846 1417 900 1439 392 257 411 272 351 439 376 483 0 31 255 252 255 254 227 173 227 188 0 0 0 0 0 0 0 0 22 1 117877 423274 478504 557162 355916 395028 576350 362478 542016 357896 642986 328656 24870 59370 430584 290114 295978 116974 114942 340778 2073600 2073600 
[  886.937770] MESSAGE_B= 0 4 4 24 25 1 192 64 248 179 0 1099 1322 1180 1377 924 1392 990 1426 343 229 364 238 424 361 453 419 0 31 254 251 255 254 207 120 207 129 0 0 0 0 0 0 0 0 25 1 74257 489660 478504 557162 355916 395028 576350 362478 542016 357896 642986 328656 24870 59370 430584 290114 295978 116974 114942 340778 2073600 2073600 
[  887.087766] MESSAGE_B= 0 4 4 26 35 1 192 64 248 179 0 816 1591 825 1615 840 1711 839 1766 170 185 167 200 246 445 234 462 0 31 255 254 255 255 52 60 68 63 0 0 0 0 0 0 0 0 35 1 160095 515433 478504 557162 355916 395028 576350 362478 542016 357896 642986 328656 24870 59370 430584 290114 295978 116974 114942 340778 2073600 2073600 
[  887.358765] MESSAGE_B= 0 4 4 56 43 1 192 64 248 179 0 687 1522 688 1549 538 1204 539 1240 135 268 136 265 104 179 103 178 0 12 255 255 253 255 114 37 119 51 0 0 0 0 0 0 0 0 43 1 85948 476317 478504 557162 355916 395028 576350 362478 542016 357896 642986 328656 24870 59370 430584 290114 295978 116974 114942 340778 2073600 2073600 
[  887.629768] MESSAGE_B= 0 0 4 70 71 1 192 64 248 179 0 1757 2143 1563 1855 1348 2204 1390 2177 105 151 151 274 430 294 604 160 0 31 70 90 245 188 124 7 45 80 0 0 0 0 0 0 0 0 71 1 60443 291127 253590 581438 427724 552786 414928 636070 1090152 508072 460046 272536 196320 126656 100784 166852 127462 65692 89306 56776 2073600 2073600 
[  887.900765] MESSAGE_B= 4 0 4 69 32 1 192 64 248 179 0 1785 2164 1613 1861 1660 2075 1580 1904 122 195 181 183 238 245 321 143 0 31 149 103 225 222 35 58 216 105 0 0 0 0 0 0 0 0 32 1 166792 388771 253590 581438 427724 552786 414928 636070 1090152 508072 460046 272536 196320 126656 100784 166852 127462 65692 89306 56776 2073600 2073600 
[  888.171759] MESSAGE_B= 0 4 4 77 20 1 192 64 248 179 0 2299 1892 2267 1871 1600 1619 1617 1603 164 262 155 242 510 318 449 301 0 31 246 255 255 254 115 120 140 104 0 0 0 0 0 0 0 0 20 1 187389 238539 253590 581438 427724 552786 414928 636070 1090152 508072 460046 272536 196320 126656 100784 166852 127462 65692 89306 56776 2073600 2073600 
[  888.443769] MESSAGE_B= 4 4 4 31 22 0 192 64 248 179 0 1516 1430 1568 1448 1494 1285 1521 1313 283 218 266 209 472 367 408 330 0 31 254 254 255 255 104 60 103 44 0 0 0 0 0 0 0 0 22 0 119494 357588 253590 581438 427724 552786 414928 636070 1090152 508072 460046 272536 196320 126656 100784 166852 127462 65692 89306 56776 2073600 2073600 
[  888.714765] MESSAGE_B= 0 4 4 30 19 0 192 64 248 179 0 1456 1409 1519 1436 1502 1269 1533 1296 268 220 258 208 508 360 438 326 0 31 255 255 255 255 125 83 127 76 0 0 0 0 0 0 0 0 19 0 156968 361812 253590 581438 427724 552786 414928 636070 1090152 508072 460046 272536 196320 126656 100784 166852 127462 65692 89306 56776 2073600 2073600 
[  888.985758] MESSAGE_B= 4 4 4 34 18 0 192 64 248 179 0 1354 1346 1412 1361 1370 1121 1399 1151 206 336 200 315 519 364 450 333 0 31 254 255 255 255 106 110 99 102 0 0 0 0 0 0 0 0 18 0 147599 549767 253590 581438 427724 552786 414928 636070 1090152 508072 460046 272536 196320 126656 100784 166852 127462 65692 89306 56776 2073600 2073600 
[  889.136759] MESSAGE_B= 0 4 4 27 22 0 192 64 248 179 0 1448 1443 1509 1450 1481 1248 1503 1273 235 252 225 238 538 372 464 331 0 31 254 255 255 255 131 55 128 43 0 0 0 0 0 0 0 0 22 0 213958 379036 253590 581438 427724 552786 414928 636070 1090152 508072 460046 272536 196320 126656 100784 166852 127462 65692 89306 56776 2073600 2073600 
[  889.407766] MESSAGE_B= 4 4 4 16 22 0 192 64 248 179 0 1543 1518 1595 1516 1541 1324 1547 1345 207 253 195 240 548 393 469 359 0 31 253 255 255 255 121 73 109 65 0 0 0 0 0 0 0 0 22 0 142567 584647 253590 581438 427724 552786 414928 636070 1090152 508072 460046 272536 196320 126656 100784 166852 127462 65692 89306 56776 2073600 2073600 
[  889.678760] MESSAGE_B= 0 4 4 30 18 1 192 64 248 179 0 1310 1269 1364 1296 1399 1184 1408 1214 193 262 183 247 588 436 517 399 0 31 254 255 255 255 145 100 133 91 0 0 0 0 0 0 0 0 18 1 247870 345957 253590 581438 427724 552786 414928 636070 1090152 508072 460046 272536 196320 126656 100784 166852 127462 65692 89306 56776 2073600 2073600 
[  889.950762] MESSAGE_B= 4 0 4 41 46 1 192 64 248 179 0 2888 2700 3088 2863 2928 2725 3315 3076 121 170 199 292 112 116 100 188 0 1 192 193 128 106 163 82 158 159 2 0 2 0 0 0 2 2 46 1 161360 487356 419756 436164 429490 409122 639602 522490 711856 426392 681328 290846 184326 61854 234746 283694 275814 73396 120022 370412 2073600 2073600 
[  890.221769] MESSAGE_B= 0 7 4 30 16 1 192 64 248 179 0 1531 1860 1777 1938 1658 1663 1659 1642 128 340 185 354 229 209 255 242 0 31 204 253 248 241 31 32 81 24 0 0 0 0 0 0 0 0 16 1 214932 380070 419756 436164 429490 409122 639602 522490 711856 426392 681328 290846 184326 61854 234746 283694 275814 73396 120022 370412 2073600 2073600 
[  890.492758] MESSAGE_B= 0 4 4 12 11 1 192 64 248 179 0 1053 1167 1081 1190 1466 1454 1416 1409 244 260 228 267 241 223 263 254 0 31 255 255 250 245 82 21 88 0 0 0 0 0 0 0 0 0 11 1 110652 436433 419756 436164 429490 409122 639602 522490 711856 426392 681328 290846 184326 61854 234746 283694 275814 73396 120022 370412 2073600 2073600 
[  890.764760] MESSAGE_B= 4 4 4 17 15 0 192 64 248 179 0 1218 1363 1207 1338 1541 1498 1511 1453 203 328 191 314 221 213 255 246 0 31 255 255 251 244 145 70 155 37 0 0 0 0 0 0 0 0 15 0 156448 670344 419756 436164 429490 409122 639602 522490 711856 426392 681328 290846 184326 61854 234746 283694 275814 73396 120022 370412 2073600 2073600 
[  891.035762] MESSAGE_B= 0 4 4 8 20 1 192 64 248 179 0 1731 1589 1707 1530 1785 1901 1636 1814 397 307 391 304 571 367 542 332 0 31 248 250 243 236 10 125 7 158 0 0 0 0 0 0 0 0 20 1 84271 468829 419756 436164 429490 409122 639602 522490 711856 426392 681328 290846 184326 61854 234746 283694 275814 73396 120022 370412 2073600 2073600 
[  891.185759] MESSAGE_B= 0 4 4 9 24 1 192 64 248 179 0 1557 1500 1544 1427 1451 1716 1355 1610 421 355 434 354 457 266 471 226 0 31 255 249 254 221 104 160 105 174 0 0 0 0 0 0 0 0 24 1 147436 488744 419756 436164 429490 409122 639602 522490 711856 426392 681328 290846 184326 61854 234746 283694 275814 73396 120022 370412 2073600 2073600 
[  891.457761] MESSAGE_B= 4 4 4 5 35 1 192 64 248 179 0 1252 1046 1209 1014 1525 1578 1377 1531 370 382 359 347 556 315 547 293 0 31 254 254 248 235 29 167 56 190 0 0 0 0 0 0 0 0 35 1 118309 283281 419756 436164 429490 409122 639602 522490 711856 426392 681328 290846 184326 61854 234746 283694 275814 73396 120022 370412 2073600 2073600 
[  891.820761] MESSAGE_B= 4 4 4 5 45 1 192 64 248 179 0 1368 1409 1312 1324 1191 1626 1111 1587 265 341 216 315 319 272 337 305 0 31 254 253 249 241 145 78 173 101 0 0 0 0 0 0 0 0 45 1 48243 487542 419756 436164 429490 409122 639602 522490 711856 426392 681328 290846 184326 61854 234746 283694 275814 73396 120022 370412 2073600 2073600 
[  891.970764] MESSAGE_B= 4 4 4 5 28 1 192 64 248 179 0 1437 1271 1406 1195 1296 1721 1256 1625 142 257 143 246 376 252 336 261 0 31 249 255 255 254 128 65 111 66 0 0 0 0 0 0 0 0 28 1 99791 355014 419756 436164 429490 409122 639602 522490 711856 426392 681328 290846 184326 61854 234746 283694 275814 73396 120022 370412 2073600 2073600 
[  892.241763] MESSAGE_B= 0 4 4 14 30 1 192 64 248 179 0 920 1006 986 1061 944 1243 1019 1303 298 183 319 188 280 145 295 140 0 31 254 251 255 245 203 45 199 20 0 0 0 0 0 0 0 0 30 1 78137 255177 516040 285784 902988 1053180 826316 329856 338218 476444 307580 130062 125450 96032 105156 149078 163136 103508 228488 100166 2073600 2073600 
[  892.512761] MESSAGE_B= 4 4 4 40 23 1 192 64 248 179 0 1010 1211 1083 1271 1056 1460 1134 1521 391 179 412 182 306 124 320 122 0 31 255 251 254 234 216 12 214 13 0 0 0 0 0 0 0 0 23 1 136995 309079 516040 285784 902988 1053180 826316 329856 338218 476444 307580 130062 125450 96032 105156 149078 163136 103508 228488 100166 2073600 2073600 
[  892.784760] MESSAGE_B= 0 4 4 12 36 1 192 64 248 179 0 994 1167 1066 1243 1018 1379 1097 1446 369 167 387 165 295 120 315 118 0 31 255 249 255 234 222 3 219 11 0 0 0 0 0 0 0 0 36 1 115970 483656 516040 285784 902988 1053180 826316 329856 338218 476444 307580 130062 125450 96032 105156 149078 163136 103508 228488 100166 2073600 2073600 
[  893.055762] MESSAGE_B= 4 4 4 31 16 0 192 64 248 179 0 1266 1446 1268 1426 1615 1639 1563 1569 207 323 193 308 217 207 261 244 0 31 254 255 251 241 123 70 98 33 0 0 0 0 0 0 0 0 16 0 101930 320835 516040 285784 902988 1053180 826316 329856 338218 476444 307580 130062 125450 96032 105156 149078 163136 103508 228488 100166 2073600 2073600 
[  893.328117] MESSAGE_B= 0 4 4 8 15 0 192 64 248 179 0 1291 1482 1290 1456 1611 1675 1568 1603 182 313 190 309 222 182 253 220 0 31 253 255 249 237 84 95 66 56 0 0 0 0 0 0 0 0 15 0 120973 358772 516040 285784 902988 1053180 826316 329856 338218 476444 307580 130062 125450 96032 105156 149078 163136 103508 228488 100166 2073600 2073600 
[  893.599763] MESSAGE_B= 0 4 4 18 12 0 192 64 248 179 0 1108 1265 1157 1299 1583 1584 1552 1528 222 265 195 263 215 200 246 237 0 31 252 254 248 242 113 109 89 69 0 0 0 0 0 0 0 0 12 0 112168 475468 516040 285784 902988 1053180 826316 329856 338218 476444 307580 130062 125450 96032 105156 149078 163136 103508 228488 100166 2073600 2073600 
[  893.871769] MESSAGE_B= 0 4 4 16 17 0 192 64 248 179 0 1115 1293 1146 1317 1585 1597 1551 1549 206 272 191 278 190 177 229 228 0 31 255 255 247 244 64 75 64 53 0 0 0 0 0 0 0 0 17 0 107323 337062 516040 285784 902988 1053180 826316 329856 338218 476444 307580 130062 125450 96032 105156 149078 163136 103508 228488 100166 2073600 2073600 
[  894.021793] MESSAGE_B= 4 4 4 14 18 0 192 64 248 179 0 1076 1266 1033 1182 1451 1556 1459 1536 171 298 178 297 198 205 243 257 0 31 243 245 248 246 3 29 40 61 0 0 0 0 0 0 0 0 18 0 87345 481904 516040 285784 902988 1053180 826316 329856 338218 476444 307580 130062 125450 96032 105156 149078 163136 103508 228488 100166 2073600 2073600 
[  894.293759] MESSAGE_B= 4 4 4 8 47 1 192 64 248 179 0 1426 1591 1356 1502 1568 1909 1478 1798 182 409 158 401 302 167 249 174 0 0 231 254 251 223 30 10 33 35 0 0 0 0 0 0 0 0 47 1 101946 640088 516040 285784 902988 1053180 826316 329856 338218 476444 307580 130062 125450 96032 105156 149078 163136 103508 228488 100166 2073600 2073600 
[  894.564759] MESSAGE_B= 4 4 4 4 40 1 192 64 248 179 0 1492 1508 1445 1400 1293 1741 1234 1662 214 319 203 345 126 156 127 152 0 31 237 253 246 230 159 42 148 15 0 0 0 0 0 0 0 0 40 1 85387 477090 618816 457888 290676 680792 864492 337010 711674 578254 657448 152558 32796 30382 104856 169282 160126 242208 228938 109484 2073600 2073600 
[  894.835762] MESSAGE_B= 0 4 4 4 44 1 192 64 248 179 0 1383 1387 1343 1379 1400 1813 1327 1709 223 303 215 277 427 215 409 202 0 31 235 254 254 242 5 89 35 58 0 0 0 0 0 0 0 0 44 1 93619 409789 618816 457888 290676 680792 864492 337010 711674 578254 657448 152558 32796 30382 104856 169282 160126 242208 228938 109484 2073600 2073600 
[  895.106759] MESSAGE_B= 4 4 4 11 36 1 192 64 248 179 0 2037 1994 1994 1962 845 947 893 1011 367 192 340 174 186 278 169 249 0 12 249 243 248 252 14 100 28 76 0 0 0 0 2 2 2 0 36 1 143539 344368 618816 457888 290676 680792 864492 337010 711674 578254 657448 152558 32796 30382 104856 169282 160126 242208 228938 109484 2073600 2073600 
[  895.377757] MESSAGE_B= 0 4 4 77 37 1 192 64 248 179 0 1638 1558 1626 1539 731 742 803 807 369 201 342 181 161 208 164 200 0 31 252 253 252 254 31 140 7 140 0 0 0 0 0 0 0 0 37 1 210113 514655 618816 457888 290676 680792 864492 337010 711674 578254 657448 152558 32796 30382 104856 169282 160126 242208 228938 109484 2073600 2073600 
[  895.648760] MESSAGE_B= 4 4 4 16 36 1 192 64 248 179 0 1698 1572 1691 1559 797 797 861 861 337 204 319 192 192 239 185 228 0 31 252 252 254 253 40 98 4 98 0 0 0 0 0 0 0 0 36 1 195445 653365 618816 457888 290676 680792 864492 337010 711674 578254 657448 152558 32796 30382 104856 169282 160126 242208 228938 109484 2073600 2073600 
[  895.919764] MESSAGE_B= 0 4 4 19 41 1 192 64 248 179 0 1597 1475 1568 1455 734 785 801 844 312 163 295 152 167 280 155 262 0 31 253 250 254 255 150 88 126 94 0 0 0 0 0 0 0 0 41 1 189148 531030 618816 457888 290676 680792 864492 337010 711674 578254 657448 152558 32796 30382 104856 169282 160126 242208 228938 109484 2073600 2073600 
[  896.069761] MESSAGE_B= 4 4 4 19 42 1 192 64 248 179 0 1656 1440 1623 1420 837 882 896 930 273 257 262 249 196 328 178 298 0 31 253 254 253 255 175 28 149 41 0 0 0 0 0 0 0 0 42 1 185914 611931 618816 457888 290676 680792 864492 337010 711674 578254 657448 152558 32796 30382 104856 169282 160126 242208 228938 109484 2073600 2073600 
[  896.340764] MESSAGE_B= 0 4 4 19 43 1 192 64 248 179 0 1719 1369 1703 1361 1078 1017 1128 1063 264 232 246 222 343 353 296 334 0 31 251 252 255 255 149 92 139 103 0 0 0 0 0 0 0 0 43 1 227541 551702 618816 457888 290676 680792 864492 337010 711674 578254 657448 152558 32796 30382 104856 169282 160126 242208 228938 109484 2073600 2073600 
[  896.612763] MESSAGE_B= 4 4 4 16 36 1 192 64 248 179 0 1523 1330 1539 1312 1178 1011 1219 1047 237 275 193 251 484 323 433 304 0 31 249 253 255 255 177 43 157 55 0 0 0 0 0 0 0 0 36 1 170607 542095 618816 457888 290676 680792 864492 337010 711674 578254 657448 152558 32796 30382 104856 169282 160126 242208 228938 109484 2073600 2073600 
[  896.883769] MESSAGE_B= 0 4 4 44 27 1 192 64 248 179 0 1448 1275 1469 1284 1263 981 1294 1030 232 248 191 246 517 286 458 266 0 31 251 253 255 253 129 91 125 93 0 0 0 0 0 0 0 0 27 1 232539 297386 251714 486032 453288 884474 1036598 1048578 593730 501808 614780 376880 89116 72974 341850 295480 251076 113942 133584 314278 2073600 2073600 
[  897.154763] MESSAGE_B= 4 4 4 13 23 1 192 64 248 179 0 1594 1411 1615 1406 1374 1113 1400 1169 254 301 211 285 476 309 424 286 0 31 249 253 255 252 163 2 141 13 0 0 0 0 0 0 0 0 23 1 151145 508530 251714 486032 453288 884474 1036598 1048578 593730 501808 614780 376880 89116 72974 341850 295480 251076 113942 133584 314278 2073600 2073600 
[  897.426762] MESSAGE_B= 0 4 4 11 18 1 192 64 248 179 0 1467 1277 1491 1290 1242 993 1283 1039 263 278 225 272 503 297 455 275 0 31 250 253 255 253 168 62 155 75 0 0 0 0 0 0 0 0 18 1 211872 276693 251714 486032 453288 884474 1036598 1048578 593730 501808 614780 376880 89116 72974 341850 295480 251076 113942 133584 314278 2073600 2073600 
[  897.698762] MESSAGE_B= 4 4 4 67 45 1 192 64 248 179 0 1443 1538 1259 1380 1489 1903 1287 1653 264 224 237 213 133 227 114 200 0 31 255 254 225 249 138 47 135 26 0 0 0 0 0 0 0 0 45 1 142479 480965 251714 486032 453288 884474 1036598 1048578 593730 501808 614780 376880 89116 72974 341850 295480 251076 113942 133584 314278 2073600 2073600 
[  897.970759] MESSAGE_B= 0 4 4 5 52 1 192 64 248 179 0 1563 1595 1387 1447 1552 1903 1376 1694 252 255 223 230 113 330 111 295 0 31 255 255 229 254 173 74 173 58 0 0 0 0 0 0 0 0 52 1 263568 350707 251714 486032 453288 884474 1036598 1048578 593730 501808 614780 376880 89116 72974 341850 295480 251076 113942 133584 314278 2073600 2073600 
[  898.120760] MESSAGE_B= 4 4 4 9 48 0 192 64 248 179 0 1378 1479 1214 1329 1456 1888 1311 1688 261 286 233 264 131 346 125 302 0 31 255 255 237 254 173 117 171 102 0 0 0 0 0 0 0 0 48 0 200222 248186 251714 486032 453288 884474 1036598 1048578 593730 501808 614780 376880 89116 72974 341850 295480 251076 113942 133584 314278 2073600 2073600 
[  898.392761] MESSAGE_B= 0 4 4 6 57 0 192 64 248 179 0 1539 1557 1354 1399 1512 1940 1342 1719 244 304 217 281 111 318 95 280 0 31 255 255 225 253 154 106 166 113 0 0 0 0 0 0 0 0 57 0 225057 302954 251714 486032 453288 884474 1036598 1048578 593730 501808 614780 376880 89116 72974 341850 295480 251076 113942 133584 314278 2073600 2073600 
[  898.664762] MESSAGE_B= 4 4 4 8 52 0 192 64 248 179 0 1504 1555 1349 1400 1514 1931 1359 1745 264 228 234 227 124 302 123 299 0 31 255 253 231 252 174 26 175 16 0 0 0 0 0 0 0 0 52 0 187655 355793 251714 486032 453288 884474 1036598 1048578 593730 501808 614780 376880 89116 72974 341850 295480 251076 113942 133584 314278 2073600 2073600 
[  898.936760] MESSAGE_B= 0 4 4 5 43 0 192 64 248 179 0 1662 1406 1509 1284 1657 1868 1522 1676 192 226 181 215 117 276 129 251 0 31 253 254 219 252 142 90 157 79 0 0 0 0 0 0 0 0 43 0 205096 393839 251714 486032 453288 884474 1036598 1048578 593730 501808 614780 376880 89116 72974 341850 295480 251076 113942 133584 314278 2073600 2073600 
[  899.207764] MESSAGE_B= 4 4 4 5 50 0 192 64 248 179 0 1742 1405 1593 1260 1611 1831 1382 1612 316 208 294 202 105 356 113 333 0 31 255 255 137 251 94 56 120 55 0 0 0 0 0 0 0 0 50 0 179811 321314 633574 599684 279374 329328 726908 314714 375842 683372 596692 255338 74942 86556 272834 271010 344156 93348 126522 250330 2073600 2073600 
[  899.478763] MESSAGE_B= 0 4 4 6 57 1 192 64 248 179 0 1547 1420 1377 1273 1561 1822 1469 1629 183 206 170 200 151 333 177 296 0 31 253 255 236 254 141 4 141 6 0 0 0 0 0 0 0 0 57 1 168278 442189 633574 599684 279374 329328 726908 314714 375842 683372 596692 255338 74942 86556 272834 271010 344156 93348 126522 250330 2073600 2073600 
[  899.749765] MESSAGE_B= 4 4 4 6 49 1 192 64 248 179 0 1092 1574 1095 1528 1282 1489 1252 1444 111 231 120 220 165 179 172 181 0 31 240 246 248 251 140 47 132 17 0 0 0 0 0 0 0 0 49 1 158924 330106 633574 599684 279374 329328 726908 314714 375842 683372 596692 255338 74942 86556 272834 271010 344156 93348 126522 250330 2073600 2073600 
[  900.020764] MESSAGE_B= 0 4 4 5 61 1 192 64 248 179 0 1144 1230 1120 1208 1294 1195 1274 1178 158 228 143 225 169 244 159 228 0 31 244 252 244 250 99 72 72 66 0 0 0 0 0 0 0 0 61 1 275662 419544 633574 599684 279374 329328 726908 314714 375842 683372 596692 255338 74942 86556 272834 271010 344156 93348 126522 250330 2073600 2073600 
[  900.170766] MESSAGE_B= 4 4 4 9 41 1 192 64 248 179 0 1022 1173 1043 1182 1292 1189 1262 1167 88 164 95 178 182 152 182 142 0 31 240 247 250 254 9 117 15 154 0 0 0 0 0 0 0 0 41 1 33464 212876 633574 599684 279374 329328 726908 314714 375842 683372 596692 255338 74942 86556 272834 271010 344156 93348 126522 250330 2073600 2073600 
[  900.441766] MESSAGE_B= 0 4 4 8 32 1 192 64 248 179 0 978 1236 957 1191 1227 1203 1204 1180 62 233 71 229 111 170 101 150 0 31 249 253 249 253 177 121 168 105 0 0 0 0 0 0 0 0 32 1 99483 185766 633574 599684 279374 329328 726908 314714 375842 683372 596692 255338 74942 86556 272834 271010 344156 93348 126522 250330 2073600 2073600 
[  900.712763] MESSAGE_B= 4 4 4 14 16 0 192 64 248 179 0 1208 1288 1263 1317 1498 1438 1459 1371 294 249 303 244 199 163 228 173 0 31 253 252 248 232 16 69 35 60 0 0 0 0 0 0 0 0 16 0 86380 318063 633574 599684 279374 329328 726908 314714 375842 683372 596692 255338 74942 86556 272834 271010 344156 93348 126522 250330 2073600 2073600 
[  900.983761] MESSAGE_B= 0 4 4 11 16 0 192 64 248 179 0 1389 1535 1405 1521 1579 1530 1532 1453 292 288 303 286 219 154 259 167 0 31 254 255 248 217 50 61 74 37 0 0 0 0 0 0 0 0 16 0 155242 504092 633574 599684 279374 329328 726908 314714 375842 683372 596692 255338 74942 86556 272834 271010 344156 93348 126522 250330 2073600 2073600 
[  901.254762] MESSAGE_B= 4 4 4 8 17 1 192 64 248 179 0 1316 1474 1268 1371 1533 1516 1480 1436 286 286 292 257 226 169 244 177 0 31 245 229 250 224 71 54 89 8 0 0 0 0 0 0 0 0 17 1 106726 365023 633574 599684 279374 329328 726908 314714 375842 683372 596692 255338 74942 86556 272834 271010 344156 93348 126522 250330 2073600 2073600 
[  901.525766] MESSAGE_B= 0 4 4 13 15 0 192 64 248 179 0 1181 1409 1244 1398 1160 1048 1219 1081 335 249 317 246 339 348 317 325 0 31 254 244 255 251 187 62 187 82 0 0 0 0 0 0 0 0 15 0 234272 345625 469770 256912 359510 394200 459126 233178 687688 485302 514230 90650 131360 124660 26230 145300 53728 252652 197164 111864 2073600 2073600 
[  901.796766] MESSAGE_B= 4 4 4 13 14 1 192 64 248 179 0 1308 1498 1370 1486 1267 1122 1327 1156 330 285 309 278 363 381 335 361 0 31 254 246 255 251 180 46 189 54 0 0 0 0 0 0 0 0 14 1 143744 405070 469770 256912 359510 394200 459126 233178 687688 485302 514230 90650 131360 124660 26230 145300 53728 252652 197164 111864 2073600 2073600 
[  902.068763] MESSAGE_B= 0 4 4 22 14 1 192 64 248 179 0 1129 1334 1192 1334 1169 1020 1223 1070 296 244 276 243 352 371 323 355 0 31 254 246 254 251 185 43 188 56 0 0 0 0 0 0 0 0 14 1 232265 259824 469770 256912 359510 394200 459126 233178 687688 485302 514230 90650 131360 124660 26230 145300 53728 252652 197164 111864 2073600 2073600 
[  902.218761] MESSAGE_B= 4 4 4 31 11 1 192 64 248 179 0 1053 1268 1111 1279 1088 972 1139 1020 272 230 251 239 336 367 308 349 0 31 252 246 254 252 184 47 192 51 0 0 0 0 0 0 0 0 11 1 146041 383511 469770 256912 359510 394200 459126 233178 687688 485302 514230 90650 131360 124660 26230 145300 53728 252652 197164 111864 2073600 2073600 
[  902.490766] MESSAGE_B= 0 4 4 23 14 1 192 64 248 179 0 1237 1486 1297 1481 1232 1119 1283 1163 345 199 325 222 340 390 306 373 0 31 254 238 254 251 141 78 150 81 0 0 0 0 0 0 0 0 14 1 167241 412275 469770 256912 359510 394200 459126 233178 687688 485302 514230 90650 131360 124660 26230 145300 53728 252652 197164 111864 2073600 2073600 
[  902.761767] MESSAGE_B= 4 4 4 12 13 0 192 64 248 179 0 1216 1499 1273 1487 1243 1138 1291 1173 354 266 321 271 333 387 302 372 0 31 253 246 254 251 121 62 131 68 0 0 0 0 0 0 0 0 13 0 148633 393438 469770 256912 359510 394200 459126 233178 687688 485302 514230 90650 131360 124660 26230 145300 53728 252652 197164 111864 2073600 2073600 
[  903.032762] MESSAGE_B= 0 4 4 19 11 1 192 64 248 179 0 1104 1329 1147 1337 1121 1037 1167 1079 337 276 300 276 336 378 298 370 0 31 253 250 254 250 97 114 102 103 0 0 0 0 0 0 0 0 11 1 187228 352990 469770 256912 359510 394200 459126 233178 687688 485302 514230 90650 131360 124660 26230 145300 53728 252652 197164 111864 2073600 2073600 
[  903.304763] MESSAGE_B= 4 4 4 31 11 0 192 64 248 179 0 1151 1462 1211 1471 1287 1165 1344 1201 408 197 378 208 345 400 305 379 0 31 254 244 255 249 135 41 140 37 0 0 0 0 0 0 0 0 11 0 157212 396209 469770 256912 359510 394200 459126 233178 687688 485302 514230 90650 131360 124660 26230 145300 53728 252652 197164 111864 2073600 2073600 
[  903.575773] MESSAGE_B= 0 4 4 18 10 1 192 64 248 179 0 1144 1423 1187 1427 1232 1113 1282 1147 419 273 381 270 340 379 306 360 0 31 253 251 254 251 97 92 98 89 0 0 0 0 0 0 0 0 10 1 172286 404090 469770 256912 359510 394200 459126 233178 687688 485302 514230 90650 131360 124660 26230 145300 53728 252652 197164 111864 2073600 2073600 
[  903.846768] MESSAGE_B= 4 4 4 40 10 1 192 64 248 179 0 1047 1400 1106 1410 1167 1100 1237 1133 402 280 374 278 295 367 269 352 0 31 254 251 255 251 138 60 130 62 0 0 0 0 0 0 0 0 10 1 172235 372835 326578 482724 288774 293228 337486 462694 360390 483054 630600 254526 42784 50296 249818 270386 273670 52246 85816 236918 2073600 2073600 

