[ 2060.531765] MESSAGE_B= 4 4 0 40 39 1 192 64 248 179 0 1839 2495 1737 2218 1606 1535 1481 1350 531 574 521 558 603 475 610 463 0 6 253 255 253 252 142 38 145 58 0 0 0 0 2 2 2 2 39 1 127944 561826 976160 187718 155990 85432 2 2 9460 9134 2 333242 161948 145346 159690 2 2 15858 25482 123948 2073600 2073600 
[ 2060.800760] MESSAGE_B= 4 4 0 43 50 1 192 64 248 179 0 2225 3085 2060 2773 2032 1983 1894 1733 763 831 749 773 744 605 778 601 0 6 253 255 253 251 165 6 191 43 0 0 0 0 2 2 2 2 50 1 284304 817438 976160 187718 155990 85432 2 2 9460 9134 2 333242 161948 145346 159690 2 2 15858 25482 123948 2073600 2073600 
[ 2060.948758] MESSAGE_B= 4 4 0 42 53 1 192 64 248 179 0 2226 3001 2037 2702 2025 2009 1884 1757 755 900 736 829 738 593 769 589 0 6 253 255 253 249 140 24 151 20 0 0 0 0 2 2 2 2 53 1 151732 497016 976160 187718 155990 85432 2 2 9460 9134 2 333242 161948 145346 159690 2 2 15858 25482 123948 2073600 2073600 
[ 2061.217757] MESSAGE_B= 4 4 4 42 46 1 192 64 248 179 0 2162 2873 1982 2578 2087 2050 1945 1796 807 976 790 903 727 582 757 567 0 6 253 255 253 250 145 51 139 6 0 0 0 0 2 2 2 2 46 1 268552 823907 976160 187718 155990 85432 2 2 9460 9134 2 333242 161948 145346 159690 2 2 15858 25482 123948 2073600 2073600 
[ 2061.486765] MESSAGE_B= 4 4 4 43 44 1 192 64 248 179 0 2074 2758 1895 2469 2171 2092 2023 1844 865 1018 840 943 682 565 712 549 0 6 254 255 253 247 159 33 155 3 0 0 0 0 2 2 2 2 44 1 174317 405000 976160 187718 155990 85432 2 2 9460 9134 2 333242 161948 145346 159690 2 2 15858 25482 123948 2073600 2073600 
[ 2061.755763] MESSAGE_B= 4 4 4 44 38 1 192 64 248 179 0 2000 2675 1824 2396 2271 2161 2123 1891 904 1031 877 957 626 584 652 557 0 6 254 255 253 247 132 12 133 19 0 0 0 0 2 2 2 2 38 1 288371 781216 976160 187718 155990 85432 2 2 9460 9134 2 333242 161948 145346 159690 2 2 15858 25482 123948 2073600 2073600 
[ 2062.024764] MESSAGE_B= 4 4 4 45 42 1 192 64 248 179 0 2182 2637 2034 2355 2381 2207 2233 1952 771 842 762 771 557 539 578 519 0 31 255 255 253 247 141 63 134 75 0 0 0 0 0 0 0 0 42 1 190227 396627 976160 187718 155990 85432 2 2 9460 9134 2 333242 161948 145346 159690 2 2 15858 25482 123948 2073600 2073600 
[ 2062.293759] MESSAGE_B= 4 4 4 47 36 1 192 64 248 179 0 2063 2493 1909 2213 2496 2259 2345 1995 808 916 802 839 485 460 506 435 0 31 255 255 252 244 160 99 148 116 0 0 0 0 0 0 0 0 36 1 290117 706920 976160 187718 155990 85432 2 2 9460 9134 2 333242 161948 145346 159690 2 2 15858 25482 123948 2073600 2073600 
[ 2062.562767] MESSAGE_B= 4 4 4 48 33 3 192 64 248 179 0 1960 2358 1804 2081 2629 2358 2482 2094 804 943 804 868 394 396 394 378 0 31 255 255 250 242 179 100 164 113 0 0 0 0 0 0 0 0 33 3 179495 407878 576698 1454558 1382974 1080112 1184162 791324 1426570 944174 650374 307722 64618 101866 335562 421366 295572 573534 269012 332136 2073600 2073600 
[ 2062.834765] MESSAGE_B= 4 4 4 49 32 3 192 64 248 179 0 1900 2251 1745 1979 2707 2399 2552 2135 772 931 772 858 338 336 336 313 0 31 255 255 247 239 178 124 154 135 0 0 0 0 0 0 0 0 32 3 280160 600929 576698 1454558 1382974 1080112 1184162 791324 1426570 944174 650374 307722 64618 101866 335562 421366 295572 573534 269012 332136 2073600 2073600 
[ 2062.985763] MESSAGE_B= 4 4 4 47 31 3 192 64 248 179 0 1857 2187 1702 1917 2724 2403 2565 2142 750 897 750 826 313 322 305 298 0 31 255 255 243 233 167 121 147 132 0 0 0 0 0 0 0 0 31 3 190670 539639 576698 1454558 1382974 1080112 1184162 791324 1426570 944174 650374 307722 64618 101866 335562 421366 295572 573534 269012 332136 2073600 2073600 
[ 2063.257759] MESSAGE_B= 0 4 4 45 32 2 192 64 248 179 0 1818 2104 1656 1833 2781 2462 2613 2184 719 835 721 771 284 294 285 268 0 31 255 255 240 228 167 81 131 81 0 0 0 0 0 0 0 0 32 2 251964 403113 576698 1454558 1382974 1080112 1184162 791324 1426570 944174 650374 307722 64618 101866 335562 421366 295572 573534 269012 332136 2073600 2073600 
[ 2063.529760] MESSAGE_B= 4 4 4 41 31 2 192 64 248 179 0 1775 2016 1613 1750 2828 2475 2655 2187 688 750 690 699 285 269 279 256 0 31 255 255 240 227 164 119 128 111 0 0 0 0 0 0 0 0 31 2 198172 506331 576698 1454558 1382974 1080112 1184162 791324 1426570 944174 650374 307722 64618 101866 335562 421366 295572 573534 269012 332136 2073600 2073600 
[ 2063.802762] MESSAGE_B= 0 4 4 38 29 3 192 64 248 179 0 1733 1929 1575 1667 2856 2470 2670 2190 652 677 657 632 302 237 273 214 0 31 255 254 242 222 141 46 121 34 0 0 0 0 0 0 0 0 29 3 275840 451906 576698 1454558 1382974 1080112 1184162 791324 1426570 944174 650374 307722 64618 101866 335562 421366 295572 573534 269012 332136 2073600 2073600 
[ 2064.074758] MESSAGE_B= 4 4 4 36 30 1 192 64 248 179 0 1702 1849 1546 1596 2898 2494 2706 2191 610 600 619 566 287 229 264 215 0 31 254 253 240 215 126 46 106 8 0 0 0 0 0 0 0 0 30 1 202157 443820 576698 1454558 1382974 1080112 1184162 791324 1426570 944174 650374 307722 64618 101866 335562 421366 295572 573534 269012 332136 2073600 2073600 
[ 2064.346770] MESSAGE_B= 0 4 4 35 27 1 192 64 248 179 0 1663 1764 1510 1517 2900 2465 2706 2175 571 544 587 524 279 211 256 209 0 31 254 253 239 219 138 29 119 34 0 0 0 0 0 0 0 0 27 1 256930 456863 576698 1454558 1382974 1080112 1184162 791324 1426570 944174 650374 307722 64618 101866 335562 421366 295572 573534 269012 332136 2073600 2073600 
[ 2064.618763] MESSAGE_B= 4 4 4 35 27 1 192 64 248 179 0 1665 1681 1509 1437 2910 2534 2715 2231 585 447 596 429 279 267 272 234 0 31 254 251 240 228 156 75 136 49 0 0 0 0 0 0 0 0 27 1 208273 365654 576698 1454558 1382974 1080112 1184162 791324 1426570 944174 650374 307722 64618 101866 335562 421366 295572 573534 269012 332136 2073600 2073600 
[ 2064.890761] MESSAGE_B= 0 4 4 35 25 1 192 64 248 179 0 1676 1675 1517 1414 2911 2573 2716 2269 622 496 625 454 302 264 286 226 0 31 254 250 242 226 162 83 155 27 0 0 0 0 0 0 0 0 25 1 241290 508023 794572 630486 804414 619638 660790 741618 541588 852528 786208 320706 171364 142886 284104 391130 315220 254032 246434 334942 2073600 2073600 
[ 2065.041759] MESSAGE_B= 4 4 4 35 29 1 192 64 248 179 0 1699 1701 1539 1445 2927 2586 2736 2281 638 513 643 479 318 260 297 215 0 31 255 252 244 230 160 103 158 51 0 0 0 0 0 0 0 0 29 1 230843 290418 794572 630486 804414 619638 660790 741618 541588 852528 786208 320706 171364 142886 284104 391130 315220 254032 246434 334942 2073600 2073600 
[ 2065.313764] MESSAGE_B= 4 4 4 35 26 1 192 64 248 179 0 1722 1759 1561 1495 2922 2517 2726 2236 672 521 673 487 329 235 309 200 0 31 255 252 244 220 166 83 167 37 0 0 0 0 0 0 0 0 26 1 231581 626532 794572 630486 804414 619638 660790 741618 541588 852528 786208 320706 171364 142886 284104 391130 315220 254032 246434 334942 2073600 2073600 
[ 2065.585758] MESSAGE_B= 4 4 4 36 23 1 192 64 248 179 0 1718 1828 1559 1554 2918 2478 2720 2186 674 602 672 557 329 233 303 196 0 31 255 253 243 205 164 114 171 56 0 0 0 0 0 0 0 0 23 1 225787 280646 794572 630486 804414 619638 660790 741618 541588 852528 786208 320706 171364 142886 284104 391130 315220 254032 246434 334942 2073600 2073600 
[ 2065.857758] MESSAGE_B= 4 4 4 36 23 1 192 64 248 179 0 1719 1836 1557 1567 2924 2432 2726 2176 668 596 669 558 331 244 307 227 0 31 254 253 243 223 162 35 165 26 0 0 0 0 0 0 0 0 23 1 219490 611995 794572 630486 804414 619638 660790 741618 541588 852528 786208 320706 171364 142886 284104 391130 315220 254032 246434 334942 2073600 2073600 
[ 2066.129758] MESSAGE_B= 4 4 4 18 29 3 192 64 248 179 0 1643 1234 1735 1203 1851 1449 1888 1446 701 596 726 655 964 644 1033 722 0 31 254 254 255 255 135 161 136 161 0 0 0 0 0 0 0 0 29 3 224912 290806 794572 630486 804414 619638 660790 741618 541588 852528 786208 320706 171364 142886 284104 391130 315220 254032 246434 334942 2073600 2073600 
[ 2066.401757] MESSAGE_B= 0 4 4 18 30 3 192 64 248 179 0 1632 1215 1721 1168 1848 1618 1883 1619 701 757 727 760 964 769 1036 852 0 31 254 255 255 255 138 166 137 161 0 0 0 0 0 0 0 0 30 3 125230 685109 794572 630486 804414 619638 660790 741618 541588 852528 786208 320706 171364 142886 284104 391130 315220 254032 246434 334942 2073600 2073600 
[ 2066.673760] MESSAGE_B= 4 4 4 19 30 2 192 64 248 179 0 1648 1245 1738 1179 1770 1533 1798 1524 700 765 729 796 906 688 972 760 0 31 254 255 255 255 141 167 141 171 0 0 0 0 0 0 0 0 30 2 328893 623060 794572 630486 804414 619638 660790 741618 541588 852528 786208 320706 171364 142886 284104 391130 315220 254032 246434 334942 2073600 2073600 
[ 2066.945760] MESSAGE_B= 0 4 4 18 31 2 192 64 248 179 0 1582 1336 1667 1276 1738 1494 1765 1487 598 738 616 748 856 682 920 757 0 31 252 255 255 255 133 181 132 180 0 0 0 0 0 0 0 0 31 2 118209 706473 794572 630486 804414 619638 660790 741618 541588 852528 786208 320706 171364 142886 284104 391130 315220 254032 246434 334942 2073600 2073600 
[ 2067.096760] MESSAGE_B= 4 4 4 17 31 2 192 64 248 179 0 1572 1410 1657 1358 1725 1549 1749 1551 575 818 593 848 853 794 915 875 0 31 252 255 255 255 131 185 127 185 0 0 0 0 0 0 0 0 31 2 319063 615461 759722 342330 90918 746628 807612 679438 931554 935632 789522 252674 138228 137950 319114 312928 426608 593744 257362 309214 2073600 2073600 
[ 2067.368758] MESSAGE_B= 0 4 4 15 32 2 192 64 248 179 0 1560 1400 1641 1350 1712 1671 1734 1676 548 816 564 847 840 811 900 897 0 31 251 255 255 255 132 187 129 184 0 0 0 0 0 0 0 0 32 2 124409 620597 759722 342330 90918 746628 807612 679438 931554 935632 789522 252674 138228 137950 319114 312928 426608 593744 257362 309214 2073600 2073600 
[ 2067.640759] MESSAGE_B= 4 4 4 15 34 2 192 64 248 179 0 1535 1420 1620 1367 1643 1678 1658 1682 536 804 549 835 766 811 820 897 0 31 253 255 255 255 146 185 145 183 0 0 0 0 0 0 0 0 34 2 298652 591370 759722 342330 90918 746628 807612 679438 931554 935632 789522 252674 138228 137950 319114 312928 426608 593744 257362 309214 2073600 2073600 
[ 2067.912759] MESSAGE_B= 0 4 4 15 31 2 192 64 248 179 0 1509 1411 1590 1358 1711 1672 1733 1675 527 808 540 839 842 807 903 895 0 31 252 255 255 255 143 184 140 182 0 0 0 0 0 0 0 0 31 2 127648 702072 759722 342330 90918 746628 807612 679438 931554 935632 789522 252674 138228 137950 319114 312928 426608 593744 257362 309214 2073600 2073600 
[ 2068.184759] MESSAGE_B= 4 4 4 16 30 2 192 64 248 179 0 1554 1393 1641 1338 1697 1662 1720 1670 560 810 578 843 831 810 890 894 0 31 252 255 255 255 124 182 115 181 0 0 0 0 0 0 0 0 30 2 305392 573930 759722 342330 90918 746628 807612 679438 931554 935632 789522 252674 138228 137950 319114 312928 426608 593744 257362 309214 2073600 2073600 
[ 2068.456759] MESSAGE_B= 0 4 4 15 30 2 192 64 248 179 0 1585 1383 1681 1331 1661 1671 1681 1678 627 828 657 862 849 812 910 896 0 31 252 255 255 255 149 184 145 183 0 0 0 0 0 0 0 0 30 2 126404 712548 759722 342330 90918 746628 807612 679438 931554 935632 789522 252674 138228 137950 319114 312928 426608 593744 257362 309214 2073600 2073600 
[ 2068.728763] MESSAGE_B= 4 4 4 14 33 2 192 64 248 179 0 1704 1369 1829 1320 1742 1680 1766 1685 638 833 637 865 847 811 908 896 0 31 252 255 255 255 122 188 110 186 0 0 0 0 0 0 0 0 33 2 299705 570949 759722 342330 90918 746628 807612 679438 931554 935632 789522 252674 138228 137950 319114 312928 426608 593744 257362 309214 2073600 2073600 
[ 2069.000757] MESSAGE_B= 0 4 4 16 37 2 192 64 248 179 0 1819 1364 1946 1317 1853 1674 1890 1681 608 830 623 860 970 812 1040 897 0 31 251 255 255 255 67 189 52 187 0 0 0 0 0 0 0 0 37 2 127797 735609 759722 342330 90918 746628 807612 679438 931554 935632 789522 252674 138228 137950 319114 312928 426608 593744 257362 309214 2073600 2073600 
[ 2069.151763] MESSAGE_B= 4 4 4 16 31 3 192 64 248 179 0 1822 1367 1950 1321 1850 1667 1886 1675 607 827 632 858 970 813 1041 898 0 31 249 255 255 255 63 187 46 185 0 0 0 0 0 0 0 0 31 3 331947 604489 759722 342330 90918 746628 807612 679438 931554 935632 789522 252674 138228 137950 319114 312928 426608 593744 257362 309214 2073600 2073600 
[ 2069.423762] MESSAGE_B= 0 4 4 16 30 3 192 64 248 179 0 1846 1387 1972 1340 1854 1655 1892 1663 613 818 636 851 969 799 1039 885 0 31 244 255 255 255 52 184 37 182 0 0 0 0 0 0 0 0 30 3 124643 786820 860562 535938 324554 822176 793216 764248 889948 907504 866310 290766 97072 466118 229818 270112 395730 612438 275444 345618 2073600 2073600 
[ 2069.694763] MESSAGE_B= 4 4 4 16 32 2 192 64 248 179 0 1736 1393 1817 1338 1858 1541 1894 1534 634 759 660 788 965 687 1036 761 0 31 252 255 255 255 107 187 113 186 0 0 0 0 0 0 0 0 32 2 326469 608105 860562 535938 324554 822176 793216 764248 889948 907504 866310 290766 97072 466118 229818 270112 395730 612438 275444 345618 2073600 2073600 
[ 2069.966761] MESSAGE_B= 0 4 4 17 30 2 192 64 248 179 0 1626 1412 1703 1337 1858 1612 1894 1624 695 728 724 776 966 749 1037 841 0 31 253 254 255 255 142 170 147 170 0 0 0 0 0 0 0 0 30 2 124817 706575 860562 535938 324554 822176 793216 764248 889948 907504 866310 290766 97072 466118 229818 270112 395730 612438 275444 345618 2073600 2073600 
[ 2070.238769] MESSAGE_B= 4 4 4 15 32 3 192 64 248 179 0 1646 1395 1738 1326 1855 1637 1892 1649 702 761 726 821 960 768 1031 862 0 31 254 255 255 255 136 172 138 170 0 0 0 0 0 0 0 0 32 3 319915 578795 860562 535938 324554 822176 793216 764248 889948 907504 866310 290766 97072 466118 229818 270112 395730 612438 275444 345618 2073600 2073600 
[ 2070.510763] MESSAGE_B= 0 4 4 15 32 3 192 64 248 179 0 1647 1407 1739 1316 1848 1603 1884 1607 705 719 728 773 958 754 1030 836 0 31 253 255 255 255 135 168 136 168 0 0 0 0 0 0 0 0 32 3 129436 761209 860562 535938 324554 822176 793216 764248 889948 907504 866310 290766 97072 466118 229818 270112 395730 612438 275444 345618 2073600 2073600 
[ 2070.768762] MESSAGE_B= 4 4 4 16 33 2 192 64 248 179 0 1662 1398 1744 1342 1856 1532 1892 1526 709 826 734 859 960 768 1033 840 0 31 254 255 255 255 130 186 132 182 0 0 0 0 0 0 0 0 33 2 315744 592265 860562 535938 324554 822176 793216 764248 889948 907504 866310 290766 97072 466118 229818 270112 395730 612438 275444 345618 2073600 2073600 
[ 2071.040760] MESSAGE_B= 0 4 4 18 32 2 192 64 248 179 0 1658 1280 1756 1229 1857 1509 1894 1505 704 619 727 633 970 678 1041 754 0 31 254 254 255 255 134 181 138 183 0 0 0 0 0 0 0 0 32 2 130231 687481 860562 535938 324554 822176 793216 764248 889948 907504 866310 290766 97072 466118 229818 270112 395730 612438 275444 345618 2073600 2073600 
[ 2071.312763] MESSAGE_B= 4 4 4 17 35 3 192 64 248 179 0 1675 1247 1764 1183 1851 1663 1887 1670 713 744 736 769 969 812 1040 896 0 31 254 255 255 255 126 154 128 155 0 0 0 0 0 0 0 0 35 3 320220 600412 860562 535938 324554 822176 793216 764248 889948 907504 866310 290766 97072 466118 229818 270112 395730 612438 275444 345618 2073600 2073600 
[ 2071.463762] MESSAGE_B= 0 4 4 17 85 1 192 64 248 179 0 722 1103 1048 1453 1276 2204 1742 3033 79 293 114 370 402 467 557 679 0 6 244 252 255 255 90 22 89 10 0 0 0 0 2 2 2 2 85 1 123795 751353 860562 535938 324554 822176 793216 764248 889948 907504 866310 290766 97072 466118 229818 270112 395730 612438 275444 345618 2073600 2073600 
[ 2071.734767] MESSAGE_B= 4 4 4 10 118 1 192 64 248 179 0 710 1075 1027 1433 1306 2097 1784 2872 80 292 114 385 419 381 588 558 0 6 244 251 255 255 95 1 128 26 0 0 0 0 2 2 2 2 118 1 575675 614190 1065090 580564 298596 838564 770378 789666 960274 847658 851372 1028240 86782 426086 260384 287458 410748 580676 249188 347140 2073600 2073600 
[ 2072.005763] MESSAGE_B= 0 4 4 10 141 1 192 64 248 179 0 707 1062 1030 1415 1298 2176 1776 2988 76 282 122 375 427 433 597 645 0 6 245 248 255 255 58 64 120 45 0 0 0 0 2 2 2 2 141 1 711401 756969 1065090 580564 298596 838564 770378 789666 960274 847658 851372 1028240 86782 426086 260384 287458 410748 580676 249188 347140 2073600 2073600 
[ 2072.276763] MESSAGE_B= 4 4 4 10 145 1 192 64 248 179 0 711 1107 1038 1465 1286 2188 1764 3006 80 257 125 348 424 489 598 710 0 6 248 247 255 255 87 0 114 17 0 0 0 0 2 2 2 2 145 1 561996 772451 1065090 580564 298596 838564 770378 789666 960274 847658 851372 1028240 86782 426086 260384 287458 410748 580676 249188 347140 2073600 2073600 
[ 2072.548764] MESSAGE_B= 0 4 4 10 129 1 192 64 248 179 0 713 1130 1043 1504 1302 2183 1777 3014 80 282 123 393 433 460 604 677 0 6 248 249 255 255 94 14 105 46 0 0 0 0 2 2 2 2 129 1 710989 763170 1065090 580564 298596 838564 770378 789666 960274 847658 851372 1028240 86782 426086 260384 287458 410748 580676 249188 347140 2073600 2073600 
[ 2072.820764] MESSAGE_B= 4 4 4 10 133 1 192 64 248 179 0 714 1122 1048 1502 1302 2209 1778 3050 78 285 117 390 435 476 607 698 0 6 245 250 255 255 61 2 110 28 0 0 0 0 2 2 2 2 133 1 579526 788446 1065090 580564 298596 838564 770378 789666 960274 847658 851372 1028240 86782 426086 260384 287458 410748 580676 249188 347140 2073600 2073600 
[ 2073.091765] MESSAGE_B= 0 4 4 9 131 1 192 64 248 179 0 714 1095 1052 1448 1298 2174 1775 2995 59 284 104 357 432 418 604 610 0 6 240 250 255 255 113 67 137 45 0 0 0 0 2 2 2 2 131 1 715549 751059 1065090 580564 298596 838564 770378 789666 960274 847658 851372 1028240 86782 426086 260384 287458 410748 580676 249188 347140 2073600 2073600 
[ 2073.363763] MESSAGE_B= 4 4 4 10 146 1 192 64 248 179 0 706 1086 1034 1431 1290 2194 1774 3010 65 269 87 323 424 455 605 653 0 6 233 249 255 255 86 4 134 16 0 0 0 0 2 2 2 2 146 1 585816 804125 1065090 580564 298596 838564 770378 789666 960274 847658 851372 1028240 86782 426086 260384 287458 410748 580676 249188 347140 2073600 2073600 
[ 2073.513770] MESSAGE_B= 0 4 4 10 129 1 192 64 248 179 0 704 1075 1028 1415 1283 2216 1753 3060 70 262 102 315 417 470 578 693 0 6 240 249 255 255 65 28 112 20 0 0 0 0 2 2 2 2 129 1 708875 759667 1065090 580564 298596 838564 770378 789666 960274 847658 851372 1028240 86782 426086 260384 287458 410748 580676 249188 347140 2073600 2073600 
[ 2073.876772] MESSAGE_B= 4 4 4 8 149 1 192 64 248 179 0 704 1097 1026 1453 1298 2218 1771 3062 74 276 101 330 427 473 598 693 0 6 242 249 255 255 2 45 53 32 0 0 0 0 2 2 2 2 149 1 567300 778342 1065090 580564 298596 838564 770378 789666 960274 847658 851372 1028240 86782 426086 260384 287458 410748 580676 249188 347140 2073600 2073600 
[ 2074.026767] MESSAGE_B= 0 4 4 7 130 1 192 64 248 179 0 716 1108 1046 1464 1290 2216 1761 3060 52 277 88 325 434 471 602 692 0 6 227 250 255 255 24 40 64 31 0 0 0 0 2 2 2 2 130 1 706226 744632 1113370 1558298 1618446 1078460 767054 1201774 1631970 1571256 1072172 1071720 763062 263552 1058650 1097272 1189776 494510 572246 964408 2073600 2073600 
[ 2074.298771] MESSAGE_B= 4 4 4 8 145 1 192 64 248 179 0 702 1097 1020 1452 1300 2217 1769 3063 78 284 112 342 423 476 590 693 0 6 242 251 255 255 1 56 42 40 0 0 0 0 2 2 2 2 145 1 594677 792929 1113370 1558298 1618446 1078460 767054 1201774 1631970 1571256 1072172 1071720 763062 263552 1058650 1097272 1189776 494510 572246 964408 2073600 2073600 
[ 2074.570774] MESSAGE_B= 0 4 4 9 140 1 192 64 248 179 0 715 1094 1039 1447 1296 2215 1764 3059 68 292 105 355 422 474 587 696 0 6 244 251 255 255 25 58 40 39 0 0 0 0 2 2 2 2 140 1 702741 748606 1113370 1558298 1618446 1078460 767054 1201774 1631970 1571256 1072172 1071720 763062 263552 1058650 1097272 1189776 494510 572246 964408 2073600 2073600 
[ 2074.842769] MESSAGE_B= 4 4 4 9 149 1 192 64 248 179 0 719 1104 1034 1462 1297 2218 1764 3062 74 308 116 375 423 475 588 693 0 6 244 251 255 255 7 48 30 30 0 0 0 0 2 2 2 2 149 1 598155 786728 1113370 1558298 1618446 1078460 767054 1201774 1631970 1571256 1072172 1071720 763062 263552 1058650 1097272 1189776 494510 572246 964408 2073600 2073600 
[ 2075.114763] MESSAGE_B= 0 4 4 9 122 1 192 64 248 179 0 714 1100 1048 1456 1289 2203 1758 3046 77 305 104 381 419 464 582 681 0 6 243 251 255 255 70 48 89 27 0 0 0 0 2 2 2 2 122 1 700051 751661 1113370 1558298 1618446 1078460 767054 1201774 1631970 1571256 1072172 1071720 763062 263552 1058650 1097272 1189776 494510 572246 964408 2073600 2073600 
[ 2075.386766] MESSAGE_B= 4 4 4 9 129 1 192 64 248 179 0 695 1095 1015 1462 1279 2177 1746 3007 69 309 90 403 416 448 573 662 0 6 235 251 255 255 6 14 19 3 0 0 0 0 2 2 2 2 129 1 590150 786127 1113370 1558298 1618446 1078460 767054 1201774 1631970 1571256 1072172 1071720 763062 263552 1058650 1097272 1189776 494510 572246 964408 2073600 2073600 
[ 2075.658767] MESSAGE_B= 0 4 4 8 127 1 192 64 248 179 0 691 1122 1005 1504 1261 2204 1736 3018 66 307 97 425 403 464 563 668 0 6 236 250 255 255 45 32 41 5 0 0 0 0 2 2 2 2 127 1 712024 749489 1113370 1558298 1618446 1078460 767054 1201774 1631970 1571256 1072172 1071720 763062 263552 1058650 1097272 1189776 494510 572246 964408 2073600 2073600 
[ 2075.930767] MESSAGE_B= 4 4 4 10 145 1 192 64 248 179 0 692 1104 999 1462 1288 2127 1760 2921 65 328 95 431 433 400 607 589 0 6 236 251 255 255 81 20 40 0 0 0 0 0 2 2 2 2 145 1 555463 776379 1113370 1558298 1618446 1078460 767054 1201774 1631970 1571256 1072172 1071720 763062 263552 1058650 1097272 1189776 494510 572246 964408 2073600 2073600 
[ 2076.081761] MESSAGE_B= 0 4 4 10 128 1 192 64 248 179 0 691 1090 1001 1454 1283 2148 1758 2959 61 328 93 434 431 390 601 569 0 6 229 251 255 255 40 65 40 44 0 0 0 0 2 2 2 2 128 1 711685 768561 1113370 1558298 1618446 1078460 767054 1201774 1631970 1571256 1072172 1071720 763062 263552 1058650 1097272 1189776 494510 572246 964408 2073600 2073600 
[ 2076.353778] MESSAGE_B= 4 4 4 10 140 1 192 64 248 179 0 699 1127 1015 1514 1292 2196 1771 3026 68 277 96 388 431 470 605 685 0 6 237 249 255 255 98 8 61 21 0 0 0 0 2 2 2 2 140 1 574787 777720 1088324 1549530 1607368 1101814 772666 1186574 1623982 1562898 1021960 1074056 753056 260046 1066252 1069864 1188672 420970 564064 912892 2073600 2073600 
[ 2076.625764] MESSAGE_B= 0 4 4 9 128 1 192 64 248 179 0 710 1132 1027 1509 1298 2190 1777 3023 67 295 100 401 432 461 602 672 0 6 238 249 255 255 49 21 61 46 0 0 0 0 2 2 2 2 128 1 717562 757662 1088324 1549530 1607368 1101814 772666 1186574 1623982 1562898 1021960 1074056 753056 260046 1066252 1069864 1188672 420970 564064 912892 2073600 2073600 
[ 2076.897760] MESSAGE_B= 4 4 4 9 136 1 192 64 248 179 0 711 1117 1032 1473 1281 2183 1751 3003 60 255 99 342 433 448 608 652 0 6 240 247 255 255 3 30 47 46 0 0 0 0 2 2 2 2 136 1 581913 789593 1088324 1549530 1607368 1101814 772666 1186574 1623982 1562898 1021960 1074056 753056 260046 1066252 1069864 1188672 420970 564064 912892 2073600 2073600 
[ 2077.169761] MESSAGE_B= 0 4 4 10 134 1 192 64 248 179 0 709 1063 1026 1413 1276 2185 1753 3000 64 276 96 352 431 431 612 618 0 6 237 250 255 255 19 29 23 44 0 0 0 0 2 2 2 2 134 1 708349 764155 1088324 1549530 1607368 1101814 772666 1186574 1623982 1562898 1021960 1074056 753056 260046 1066252 1069864 1188672 420970 564064 912892 2073600 2073600 
[ 2077.441766] MESSAGE_B= 4 4 4 10 141 1 192 64 248 179 0 716 1061 1032 1418 1294 2138 1768 2931 60 281 96 355 431 403 606 592 0 6 239 251 255 255 41 12 40 36 0 0 0 0 2 2 2 2 141 1 563861 773430 1088324 1549530 1607368 1101814 772666 1186574 1623982 1562898 1021960 1074056 753056 260046 1066252 1069864 1188672 420970 564064 912892 2073600 2073600 
[ 2077.713773] MESSAGE_B= 0 4 4 10 128 1 192 64 248 179 0 704 1070 1022 1413 1266 2207 1735 3035 64 279 95 340 409 468 576 680 0 6 237 249 255 255 10 15 38 1 0 0 0 0 2 2 2 2 128 1 705774 766255 1088324 1549530 1607368 1101814 772666 1186574 1623982 1562898 1021960 1074056 753056 260046 1066252 1069864 1188672 420970 564064 912892 2073600 2073600 
[ 2077.986766] MESSAGE_B= 4 4 4 9 139 1 192 64 248 179 0 679 1057 987 1390 1290 2203 1767 3035 64 265 85 316 401 465 567 680 0 6 231 245 255 255 64 57 38 37 0 0 0 0 2 2 2 2 139 1 578545 763068 1088324 1549530 1607368 1101814 772666 1186574 1623982 1562898 1021960 1074056 753056 260046 1066252 1069864 1188672 420970 564064 912892 2073600 2073600 
[ 2078.137767] MESSAGE_B= 0 4 4 37 20 2 192 64 248 179 0 1873 2124 1641 1849 1760 1732 1496 1440 585 376 577 351 249 183 230 157 0 31 254 254 252 231 25 64 17 23 0 0 0 0 0 0 0 0 20 2 709145 748937 1088324 1549530 1607368 1101814 772666 1186574 1623982 1562898 1021960 1074056 753056 260046 1066252 1069864 1188672 420970 564064 912892 2073600 2073600 
[ 2078.409760] MESSAGE_B= 4 4 4 36 19 3 192 64 248 179 0 1880 2130 1645 1854 1747 1736 1486 1444 578 379 574 352 252 186 228 161 0 31 254 254 252 236 58 37 41 53 0 0 0 0 0 0 0 0 19 3 185134 349895 1088324 1549530 1607368 1101814 772666 1186574 1623982 1562898 1021960 1074056 753056 260046 1066252 1069864 1188672 420970 564064 912892 2073600 2073600 
[ 2078.682773] MESSAGE_B= 4 4 4 36 19 2 192 64 248 179 0 1886 2136 1654 1855 1733 1764 1463 1478 577 363 568 340 250 181 234 158 0 31 254 254 252 242 73 77 60 98 0 0 0 0 0 0 0 0 19 2 461910 803944 800290 1552792 1568892 1076788 779126 1176020 1612888 1596118 809138 540016 752220 268368 1056222 1095140 1157756 483254 179414 578794 2073600 2073600 
[ 2078.954763] MESSAGE_B= 4 4 4 37 19 2 192 64 248 179 0 1919 2115 1686 1840 1729 1851 1465 1552 574 388 560 365 258 221 229 183 0 31 254 254 253 237 88 26 83 61 0 0 0 0 0 0 0 0 19 2 184238 327846 800290 1552792 1568892 1076788 779126 1176020 1612888 1596118 809138 540016 752220 268368 1056222 1095140 1157756 483254 179414 578794 2073600 2073600 
[ 2079.226768] MESSAGE_B= 4 4 4 39 18 2 192 64 248 179 0 1924 2133 1690 1859 1740 1818 1476 1528 586 383 574 358 254 249 230 208 0 31 254 254 251 240 76 26 69 59 0 0 0 0 0 0 0 0 18 2 478111 800493 800290 1552792 1568892 1076788 779126 1176020 1612888 1596118 809138 540016 752220 268368 1056222 1095140 1157756 483254 179414 578794 2073600 2073600 
[ 2079.498761] MESSAGE_B= 4 4 4 38 19 2 192 64 248 179 0 1932 2133 1692 1859 1749 1766 1482 1489 596 379 579 356 241 213 219 185 0 31 253 254 253 244 94 60 77 88 0 0 0 0 0 0 0 0 19 2 192696 302566 800290 1552792 1568892 1076788 779126 1176020 1612888 1596118 809138 540016 752220 268368 1056222 1095140 1157756 483254 179414 578794 2073600 2073600 
[ 2079.770770] MESSAGE_B= 4 4 4 36 21 2 192 64 248 179 0 1928 2138 1692 1863 1748 1819 1483 1529 594 384 577 355 248 229 229 182 0 31 254 254 254 243 87 59 75 55 0 0 0 0 0 0 0 0 21 2 489355 831339 800290 1552792 1568892 1076788 779126 1176020 1612888 1596118 809138 540016 752220 268368 1056222 1095140 1157756 483254 179414 578794 2073600 2073600 
[ 2080.042761] MESSAGE_B= 4 4 4 34 19 2 192 64 248 179 0 1936 2141 1700 1867 1761 1793 1495 1504 590 383 573 356 251 188 226 158 0 31 254 255 252 240 82 96 71 90 0 0 0 0 0 0 0 0 19 2 198520 310018 800290 1552792 1568892 1076788 779126 1176020 1612888 1596118 809138 540016 752220 268368 1056222 1095140 1157756 483254 179414 578794 2073600 2073600 
[ 2080.193759] MESSAGE_B= 4 4 4 33 20 2 192 64 248 179 0 1929 2133 1694 1859 1756 1756 1491 1477 589 382 571 355 252 177 220 144 0 31 254 254 251 229 88 77 83 67 0 0 0 0 0 0 0 0 20 2 494032 828660 800290 1552792 1568892 1076788 779126 1176020 1612888 1596118 809138 540016 752220 268368 1056222 1095140 1157756 483254 179414 578794 2073600 2073600 

