[ 1001.325773] MESSAGE_B= 4 4 0 36 19 1 192 64 248 179 0 714 873 766 983 814 1060 926 1059 90 243 102 261 102 120 110 135 0 31 241 253 235 246 43 183 65 199 0 0 0 0 0 0 0 0 19 1 139840 182170 2 201126 156406 86116 2 2 28056 4682 2 2 157534 144838 159394 2 2 7900 3472 2 2073600 2073600 
[ 1001.592762] MESSAGE_B= 0 4 0 30 22 1 192 64 248 179 0 808 981 874 1097 902 1187 1022 1180 83 279 88 308 105 133 116 159 0 31 232 254 239 250 5 198 43 204 0 0 0 0 0 0 0 0 22 1 164078 350736 2 201126 156406 86116 2 2 28056 4682 2 2 157534 144838 159394 2 2 7900 3472 2 2073600 2073600 
[ 1001.859772] MESSAGE_B= 0 4 0 30 24 1 192 64 248 179 0 833 979 894 1105 896 1217 1028 1206 94 286 93 312 97 139 119 162 0 31 223 254 235 251 51 213 46 219 0 0 0 0 0 0 0 0 24 1 156566 173854 2 201126 156406 86116 2 2 28056 4682 2 2 157534 144838 159394 2 2 7900 3472 2 2073600 2073600 
[ 1002.126760] MESSAGE_B= 0 4 4 29 22 1 192 64 248 179 0 852 1008 927 1137 928 1217 1065 1217 89 305 120 335 115 165 131 180 0 31 228 254 249 249 97 216 66 212 0 0 0 0 0 0 0 0 22 1 173235 325558 322400 15218 2 2 45364 442584 656324 233092 472720 136566 3350 2 2 156314 158432 553018 566590 225598 2073600 2073600 
[ 1002.395763] MESSAGE_B= 4 4 4 29 23 1 192 64 248 179 0 894 1024 977 1125 947 1204 1083 1243 99 318 115 356 121 147 145 155 0 31 223 254 249 249 80 201 76 200 0 0 0 0 0 0 0 0 23 1 154694 179179 322400 15218 2 2 45364 442584 656324 233092 472720 136566 3350 2 2 156314 158432 553018 566590 225598 2073600 2073600 
[ 1002.664763] MESSAGE_B= 0 4 4 27 24 1 192 64 248 179 0 883 1037 950 1148 978 1274 1127 1290 114 350 138 393 118 188 132 227 0 31 229 255 247 251 88 222 85 212 0 0 0 0 0 0 0 0 24 1 177123 325992 322400 15218 2 2 45364 442584 656324 233092 472720 136566 3350 2 2 156314 158432 553018 566590 225598 2073600 2073600 
[ 1002.812765] MESSAGE_B= 0 4 4 27 23 1 192 64 248 179 0 891 1033 971 1142 996 1216 1150 1223 120 356 139 406 142 174 165 201 0 31 241 255 250 245 75 196 64 194 0 0 0 0 0 0 0 0 23 1 154694 149398 322400 15218 2 2 45364 442584 656324 233092 472720 136566 3350 2 2 156314 158432 553018 566590 225598 2073600 2073600 
[ 1003.082759] MESSAGE_B= 0 4 4 29 23 1 192 64 248 179 0 865 962 945 1069 1003 1113 1146 1161 96 295 107 328 203 178 234 195 0 31 231 255 253 251 25 186 25 177 0 0 0 0 0 0 0 0 23 1 178383 353078 322400 15218 2 2 45364 442584 656324 233092 472720 136566 3350 2 2 156314 158432 553018 566590 225598 2073600 2073600 
[ 1003.351771] MESSAGE_B= 0 4 4 28 24 1 192 64 248 179 0 869 957 944 1053 1027 1116 1168 1183 77 242 77 267 201 167 239 186 0 31 204 253 252 249 46 151 59 152 0 0 0 0 0 0 0 0 24 1 161722 146186 322400 15218 2 2 45364 442584 656324 233092 472720 136566 3350 2 2 156314 158432 553018 566590 225598 2073600 2073600 
[ 1003.620762] MESSAGE_B= 0 4 4 27 25 1 192 64 248 179 0 874 949 951 1038 1009 1122 1126 1189 94 227 90 251 182 162 231 182 0 31 227 253 248 247 53 166 79 157 0 0 0 0 0 0 0 0 25 1 187811 323078 322400 15218 2 2 45364 442584 656324 233092 472720 136566 3350 2 2 156314 158432 553018 566590 225598 2073600 2073600 
[ 1003.889759] MESSAGE_B= 0 4 4 28 23 1 192 64 248 179 0 890 907 971 1006 1015 1124 1176 1196 95 225 115 262 178 180 227 206 0 31 218 253 252 246 108 199 120 191 0 0 0 0 0 0 0 0 23 1 159180 171278 322400 15218 2 2 45364 442584 656324 233092 472720 136566 3350 2 2 156314 158432 553018 566590 225598 2073600 2073600 
[ 1004.158758] MESSAGE_B= 0 4 4 28 23 1 192 64 248 179 0 906 935 970 1035 1046 1080 1189 1149 118 208 141 246 157 159 210 195 0 31 221 252 247 246 53 217 78 215 0 0 0 0 0 0 0 0 23 1 192120 346377 322400 15218 2 2 45364 442584 656324 233092 472720 136566 3350 2 2 156314 158432 553018 566590 225598 2073600 2073600 
[ 1004.427762] MESSAGE_B= 4 4 4 29 24 1 192 64 248 179 0 935 927 1009 1034 1052 1088 1213 1145 124 221 156 261 183 143 229 176 0 31 232 252 253 247 92 191 115 204 0 0 0 0 0 0 0 0 24 1 169142 200228 362838 74988 505484 294360 233476 478600 600846 260264 469814 141196 505954 265550 179524 304760 250240 560586 592572 221918 2073600 2073600 
[ 1004.699767] MESSAGE_B= 0 4 4 1 69 1 192 64 248 179 0 2055 2044 1755 1681 1178 2253 871 1879 229 206 174 195 64 372 80 350 0 4 229 240 197 254 15 31 81 43 0 0 0 0 2 0 2 0 69 1 181689 334671 362838 74988 505484 294360 233476 478600 600846 260264 469814 141196 505954 265550 179524 304760 250240 560586 592572 221918 2073600 2073600 
[ 1004.849763] MESSAGE_B= 0 4 4 1 71 1 192 64 248 179 0 2053 2041 1740 1675 1179 2234 880 1862 226 212 209 187 73 382 101 364 0 4 238 238 227 254 64 42 105 39 0 0 0 0 2 0 2 0 71 1 721269 229304 362838 74988 505484 294360 233476 478600 600846 260264 469814 141196 505954 265550 179524 304760 250240 560586 592572 221918 2073600 2073600 
[ 1005.120760] MESSAGE_B= 0 4 4 1 72 1 192 64 248 179 0 2050 2051 1751 1683 1187 2201 894 1847 215 190 191 176 49 386 114 376 0 4 236 240 209 254 119 44 96 72 2 0 0 0 2 0 2 0 72 1 627652 404220 362838 74988 505484 294360 233476 478600 600846 260264 469814 141196 505954 265550 179524 304760 250240 560586 592572 221918 2073600 2073600 
[ 1005.391762] MESSAGE_B= 0 4 4 1 61 1 192 64 248 179 0 2045 2050 1744 1684 1195 2148 916 1797 219 190 201 176 69 395 140 395 0 4 242 238 219 254 104 63 85 77 0 0 0 0 2 0 2 0 61 1 731693 271288 362838 74988 505484 294360 233476 478600 600846 260264 469814 141196 505954 265550 179524 304760 250240 560586 592572 221918 2073600 2073600 
[ 1005.662760] MESSAGE_B= 0 4 4 1 63 1 192 64 248 179 0 2052 2051 1745 1684 1198 2142 907 1793 223 189 202 169 66 356 114 353 0 4 240 231 232 253 101 100 88 130 0 0 0 0 2 0 0 0 63 1 620001 410736 362838 74988 505484 294360 233476 478600 600846 260264 469814 141196 505954 265550 179524 304760 250240 560586 592572 221918 2073600 2073600 
[ 1005.933760] MESSAGE_B= 0 4 4 1 67 1 192 64 248 179 0 2030 2038 1717 1676 1188 2118 881 1766 249 198 227 177 56 342 84 340 0 4 245 225 208 253 70 88 42 97 0 0 0 0 2 0 2 0 67 1 742426 263038 362838 74988 505484 294360 233476 478600 600846 260264 469814 141196 505954 265550 179524 304760 250240 560586 592572 221918 2073600 2073600 
[ 1006.204763] MESSAGE_B= 0 4 4 1 61 1 192 64 248 179 0 2047 2046 1744 1677 1183 2045 891 1694 235 181 206 166 67 374 98 371 0 4 243 220 211 252 70 61 70 70 0 0 0 0 2 0 0 0 61 1 645326 416091 362838 74988 505484 294360 233476 478600 600846 260264 469814 141196 505954 265550 179524 304760 250240 560586 592572 221918 2073600 2073600 
[ 1006.475767] MESSAGE_B= 0 4 4 1 73 1 192 64 248 179 0 2032 2025 1711 1662 1175 2040 864 1701 261 188 238 168 52 352 75 335 0 4 242 214 206 252 53 41 14 77 0 0 0 0 2 0 2 0 73 1 721989 271274 362838 74988 505484 294360 233476 478600 600846 260264 469814 141196 505954 265550 179524 304760 250240 560586 592572 221918 2073600 2073600 
[ 1006.746765] MESSAGE_B= 0 4 4 1 67 1 192 64 248 179 0 2061 2037 1742 1675 1183 1985 879 1656 262 171 221 153 43 366 72 354 0 4 238 207 205 249 79 35 86 31 0 0 0 0 2 0 0 0 67 1 646863 434275 435328 117312 1133218 382326 457534 654210 593728 904302 477224 1236878 86928 254496 1276598 1290752 1256432 160208 526518 1480230 2073600 2073600 
[ 1006.897766] MESSAGE_B= 0 4 4 1 67 1 192 64 248 179 0 2068 2040 1747 1685 1185 1919 881 1574 249 170 217 152 55 399 76 382 0 4 238 207 227 254 68 25 75 10 0 0 0 0 2 0 0 0 67 1 708517 283974 435328 117312 1133218 382326 457534 654210 593728 904302 477224 1236878 86928 254496 1276598 1290752 1256432 160208 526518 1480230 2073600 2073600 
[ 1007.168841] MESSAGE_B= 0 4 4 1 66 1 192 64 248 179 0 2055 2016 1733 1662 1175 1947 869 1617 266 180 231 153 57 373 73 359 0 4 237 201 202 250 22 25 79 6 0 0 0 0 2 0 2 0 66 1 647208 435866 435328 117312 1133218 382326 457534 654210 593728 904302 477224 1236878 86928 254496 1276598 1290752 1256432 160208 526518 1480230 2073600 2073600 
[ 1007.440762] MESSAGE_B= 0 4 4 1 23 2 192 64 248 179 0 1566 1289 1265 1037 2096 1760 1744 1406 337 478 312 451 417 240 359 246 0 4 250 251 238 212 2 27 2 100 0 0 0 0 2 2 2 2 23 2 710739 296624 435328 117312 1133218 382326 457534 654210 593728 904302 477224 1236878 86928 254496 1276598 1290752 1256432 160208 526518 1480230 2073600 2073600 
[ 1007.712773] MESSAGE_B= 0 4 4 11 23 2 192 64 248 179 0 1576 1303 1274 1054 2078 1758 1753 1397 343 494 319 454 416 271 358 264 0 4 251 253 235 218 8 36 5 94 0 0 0 0 2 2 2 2 23 2 282469 444071 435328 117312 1133218 382326 457534 654210 593728 904302 477224 1236878 86928 254496 1276598 1290752 1256432 160208 526518 1480230 2073600 2073600 
[ 1007.984764] MESSAGE_B= 0 4 4 11 24 2 192 64 248 179 0 1589 1306 1288 1059 2080 1755 1722 1390 347 511 321 465 425 278 386 281 0 4 251 252 241 223 4 35 0 77 0 0 0 0 2 2 2 2 24 2 511539 266667 435328 117312 1133218 382326 457534 654210 593728 904302 477224 1236878 86928 254496 1276598 1290752 1256432 160208 526518 1480230 2073600 2073600 
[ 1008.256759] MESSAGE_B= 4 4 4 11 24 2 192 64 248 179 0 1590 1313 1292 1054 2099 1767 1738 1404 350 510 332 466 403 278 364 280 0 4 251 252 238 218 8 36 6 90 0 0 0 0 2 2 2 2 24 2 280859 717283 435328 117312 1133218 382326 457534 654210 593728 904302 477224 1236878 86928 254496 1276598 1290752 1256432 160208 526518 1480230 2073600 2073600 
[ 1008.528763] MESSAGE_B= 0 4 4 11 25 2 192 64 248 179 0 1599 1310 1304 1058 2091 1767 1736 1413 360 503 343 464 433 278 391 274 0 4 251 252 244 215 0 3 9 55 0 0 0 0 2 2 2 2 25 2 482902 243044 435328 117312 1133218 382326 457534 654210 593728 904302 477224 1236878 86928 254496 1276598 1290752 1256432 160208 526518 1480230 2073600 2073600 
[ 1008.800769] MESSAGE_B= 4 4 4 11 21 2 192 64 248 179 0 1588 1305 1296 1050 2152 1775 1787 1423 357 486 340 443 397 269 350 253 0 4 250 250 244 209 8 15 2 44 0 0 0 0 2 2 2 2 21 2 278821 726779 435328 117312 1133218 382326 457534 654210 593728 904302 477224 1236878 86928 254496 1276598 1290752 1256432 160208 526518 1480230 2073600 2073600 
[ 1008.950766] MESSAGE_B= 0 4 4 11 21 2 192 64 248 179 0 1591 1292 1299 1038 2140 1795 1789 1432 356 477 341 442 410 269 355 253 0 4 251 252 247 212 9 16 6 50 0 0 0 0 2 2 2 2 21 2 484910 237935 734412 197338 1226682 439626 993056 516090 1309550 741030 840314 740976 98114 216626 1281298 706130 752388 193406 453560 776508 2073600 2073600 
[ 1009.221774] MESSAGE_B= 4 4 4 10 22 2 192 64 248 179 0 1595 1303 1299 1040 2136 1798 1783 1437 364 481 348 445 386 280 348 264 0 4 250 252 245 219 14 19 2 37 0 0 0 0 2 2 2 2 22 2 274928 727971 734412 197338 1226682 439626 993056 516090 1309550 741030 840314 740976 98114 216626 1281298 706130 752388 193406 453560 776508 2073600 2073600 
[ 1009.492766] MESSAGE_B= 0 4 4 10 25 2 192 64 248 179 0 1589 1311 1296 1053 2134 1784 1809 1424 358 490 341 449 404 272 340 260 0 4 249 252 248 223 4 3 0 26 0 0 0 0 2 2 2 2 25 2 488699 229504 734412 197338 1226682 439626 993056 516090 1309550 741030 840314 740976 98114 216626 1281298 706130 752388 193406 453560 776508 2073600 2073600 
[ 1009.763776] MESSAGE_B= 4 4 4 10 23 2 192 64 248 179 0 1583 1322 1290 1057 2124 1813 1793 1447 354 497 337 452 399 247 345 239 0 4 248 253 246 212 2 26 1 46 0 0 0 0 2 2 2 2 23 2 269271 734643 734412 197338 1226682 439626 993056 516090 1309550 741030 840314 740976 98114 216626 1281298 706130 752388 193406 453560 776508 2073600 2073600 
[ 1010.035767] MESSAGE_B= 0 4 4 3 35 1 192 64 248 179 0 1519 1799 1261 1531 1404 2145 1096 1761 258 333 202 210 294 214 285 175 0 4 224 246 248 251 176 70 159 90 0 0 0 0 0 0 0 0 35 1 489114 227866 734412 197338 1226682 439626 993056 516090 1309550 741030 840314 740976 98114 216626 1281298 706130 752388 193406 453560 776508 2073600 2073600 
[ 1010.307764] MESSAGE_B= 0 4 4 2 29 1 192 64 248 179 0 1522 1772 1273 1510 1385 2140 1092 1755 278 369 206 235 292 202 269 162 0 4 223 244 248 249 178 59 161 70 0 0 0 0 0 0 0 0 29 1 539555 261037 734412 197338 1226682 439626 993056 516090 1309550 741030 840314 740976 98114 216626 1281298 706130 752388 193406 453560 776508 2073600 2073600 
[ 1010.579772] MESSAGE_B= 0 4 4 2 29 1 192 64 248 179 0 1465 1772 1201 1497 1409 2112 1115 1732 304 363 253 258 294 213 278 175 0 4 231 247 240 252 183 53 161 73 0 0 0 0 0 0 0 0 29 1 423833 302685 734412 197338 1226682 439626 993056 516090 1309550 741030 840314 740976 98114 216626 1281298 706130 752388 193406 453560 776508 2073600 2073600 
[ 1010.851770] MESSAGE_B= 0 4 4 3 29 1 192 64 248 179 0 1482 1784 1251 1513 1391 2125 1098 1744 269 322 190 219 275 205 244 163 0 4 219 245 247 251 187 31 150 56 0 0 0 0 0 0 0 0 29 1 520891 263449 734412 197338 1226682 439626 993056 516090 1309550 741030 840314 740976 98114 216626 1281298 706130 752388 193406 453560 776508 2073600 2073600 
[ 1011.002765] MESSAGE_B= 0 4 4 2 31 1 192 64 248 179 0 1482 1708 1250 1450 1374 2125 1069 1736 278 292 202 202 278 205 258 171 0 4 220 242 242 248 173 12 183 19 0 0 0 0 0 0 0 0 31 1 352312 274481 734412 197338 1226682 439626 993056 516090 1309550 741030 840314 740976 98114 216626 1281298 706130 752388 193406 453560 776508 2073600 2073600 
[ 1011.274763] MESSAGE_B= 0 4 4 3 26 1 192 64 248 179 0 1489 1683 1250 1439 1380 2125 1115 1740 291 309 210 205 304 216 279 174 0 4 228 235 239 250 157 1 133 10 0 0 0 0 0 0 0 0 26 1 512102 226479 360444 726322 1175370 765616 972684 480380 645248 532564 321330 857434 73576 210774 771426 759312 835608 255776 582014 991908 2073600 2073600 
[ 1011.546775] MESSAGE_B= 0 4 4 2 29 2 192 64 248 179 0 1519 1739 1288 1488 1435 2121 1130 1742 276 350 189 224 301 191 287 166 0 4 218 236 248 250 167 46 169 76 0 0 0 0 2 0 0 0 29 2 437256 289561 360444 726322 1175370 765616 972684 480380 645248 532564 321330 857434 73576 210774 771426 759312 835608 255776 582014 991908 2073600 2073600 
[ 1011.817765] MESSAGE_B= 0 4 4 2 30 2 192 64 248 179 0 1546 1797 1307 1525 1377 2113 1108 1733 266 300 184 195 280 192 262 159 0 4 219 244 237 251 153 30 118 23 0 0 0 0 0 0 0 0 30 2 526638 232979 360444 726322 1175370 765616 972684 480380 645248 532564 321330 857434 73576 210774 771426 759312 835608 255776 582014 991908 2073600 2073600 
[ 1012.088766] MESSAGE_B= 0 4 4 2 27 2 192 64 248 179 0 1514 1797 1274 1538 1439 2124 1153 1739 271 344 222 207 332 198 295 172 0 4 219 239 245 250 135 3 107 9 0 0 0 0 0 0 0 0 27 2 414685 298208 360444 726322 1175370 765616 972684 480380 645248 532564 321330 857434 73576 210774 771426 759312 835608 255776 582014 991908 2073600 2073600 
[ 1012.360768] MESSAGE_B= 0 4 4 2 27 2 192 64 248 179 0 1527 1839 1308 1561 1445 2120 1148 1733 271 296 189 189 322 191 300 166 0 4 229 242 248 250 149 3 118 2 0 0 0 0 0 0 0 0 27 2 512381 231650 360444 726322 1175370 765616 972684 480380 645248 532564 321330 857434 73576 210774 771426 759312 835608 255776 582014 991908 2073600 2073600 
[ 1012.631769] MESSAGE_B= 0 4 4 2 33 2 192 64 248 179 0 1532 1863 1297 1559 1427 2114 1149 1725 248 263 193 187 326 186 289 154 0 4 208 243 247 249 177 3 144 5 0 0 0 0 0 0 0 0 33 2 411912 273328 360444 726322 1175370 765616 972684 480380 645248 532564 321330 857434 73576 210774 771426 759312 835608 255776 582014 991908 2073600 2073600 
[ 1012.902764] MESSAGE_B= 0 4 4 2 68 1 192 64 248 179 0 828 1230 699 935 1882 2654 1643 2239 599 756 537 683 276 397 261 374 0 31 255 255 248 254 89 207 94 205 0 0 0 0 0 0 0 0 68 1 526437 215373 360444 726322 1175370 765616 972684 480380 645248 532564 321330 857434 73576 210774 771426 759312 835608 255776 582014 991908 2073600 2073600 
[ 1013.053769] MESSAGE_B= 0 4 4 49 63 1 192 64 248 179 0 831 1186 703 882 1897 2650 1667 2234 596 754 540 689 276 391 265 367 0 31 255 255 249 255 81 210 85 206 0 0 0 0 0 0 0 0 63 1 412682 270961 360444 726322 1175370 765616 972684 480380 645248 532564 321330 857434 73576 210774 771426 759312 835608 255776 582014 991908 2073600 2073600 
[ 1013.324758] MESSAGE_B= 0 4 4 51 65 1 192 64 248 179 0 835 1092 702 852 1922 2641 1690 2222 597 782 542 677 289 379 274 359 0 31 255 255 250 255 63 205 71 196 0 0 0 0 0 0 0 0 65 1 167961 734565 360444 726322 1175370 765616 972684 480380 645248 532564 321330 857434 73576 210774 771426 759312 835608 255776 582014 991908 2073600 2073600 
[ 1013.595772] MESSAGE_B= 4 7 4 53 52 2 192 64 248 179 0 1480 1417 1363 1244 2212 2681 2254 2395 444 615 432 494 287 342 374 182 0 31 250 252 145 213 98 182 163 117 2 0 0 0 2 2 2 2 52 2 362420 466148 799674 292156 685854 426042 407276 420490 540774 527070 837396 451462 94862 246474 889598 752244 862860 278214 349150 446792 2073600 2073600 
[ 1013.867776] MESSAGE_B= 0 4 4 53 46 2 192 64 248 179 0 1514 1379 1381 1205 2253 2665 2282 2382 450 577 420 466 299 323 377 176 0 12 249 253 154 204 109 179 184 94 2 0 0 0 2 2 2 2 46 2 163532 764744 799674 292156 685854 426042 407276 420490 540774 527070 837396 451462 94862 246474 889598 752244 862860 278214 349150 446792 2073600 2073600 
[ 1014.139768] MESSAGE_B= 4 4 4 55 44 2 192 64 248 179 0 1505 1336 1366 1172 2257 2623 2291 2335 457 552 426 450 307 308 383 173 0 12 249 251 142 200 101 155 181 63 2 0 0 0 2 2 2 2 44 2 360942 481859 799674 292156 685854 426042 407276 420490 540774 527070 837396 451462 94862 246474 889598 752244 862860 278214 349150 446792 2073600 2073600 
[ 1014.411761] MESSAGE_B= 0 4 4 52 28 1 192 64 248 179 0 1442 1314 1309 1180 2288 2624 2301 2338 460 524 432 445 315 315 389 190 0 12 249 248 152 211 95 153 173 93 2 0 0 0 2 2 2 2 28 1 158415 766500 799674 292156 685854 426042 407276 420490 540774 527070 837396 451462 94862 246474 889598 752244 862860 278214 349150 446792 2073600 2073600 
[ 1014.683775] MESSAGE_B= 4 4 4 52 31 1 192 64 248 179 0 1355 1283 1241 1167 2310 2609 2321 2330 482 498 456 436 317 313 392 180 0 12 250 250 152 206 78 149 169 86 0 0 0 0 2 2 2 2 31 1 357548 497317 799674 292156 685854 426042 407276 420490 540774 527070 837396 451462 94862 246474 889598 752244 862860 278214 349150 446792 2073600 2073600 
[ 1014.954764] MESSAGE_B= 0 4 4 50 29 1 192 64 248 179 0 1258 1276 1205 1159 2331 2593 2335 2310 500 489 415 435 329 301 401 196 0 12 242 249 150 205 77 136 140 72 0 0 0 0 2 2 2 2 29 1 162690 779296 799674 292156 685854 426042 407276 420490 540774 527070 837396 451462 94862 246474 889598 752244 862860 278214 349150 446792 2073600 2073600 
[ 1015.104787] MESSAGE_B= 4 4 4 51 32 1 192 64 248 179 0 1242 1276 1198 1166 2362 2587 2355 2309 494 483 394 438 339 295 412 191 0 12 241 249 160 198 83 138 127 71 0 0 0 0 2 2 2 2 32 1 338830 506864 799674 292156 685854 426042 407276 420490 540774 527070 837396 451462 94862 246474 889598 752244 862860 278214 349150 446792 2073600 2073600 
[ 1015.376764] MESSAGE_B= 4 4 4 52 34 1 192 64 248 179 0 1230 1273 1205 1156 2383 2582 2368 2306 482 481 374 435 351 286 418 185 0 12 236 250 169 197 91 127 113 57 0 0 0 0 2 2 2 2 34 1 169947 782977 799674 292156 685854 426042 407276 420490 540774 527070 837396 451462 94862 246474 889598 752244 862860 278214 349150 446792 2073600 2073600 
[ 1015.647767] MESSAGE_B= 4 4 4 50 32 1 192 64 248 179 0 1222 1267 1207 1154 2371 2586 2368 2302 480 486 364 446 356 281 420 196 0 12 234 250 163 199 81 113 106 48 0 0 0 0 2 2 2 2 32 1 330632 518483 799674 292156 685854 426042 407276 420490 540774 527070 837396 451462 94862 246474 889598 752244 862860 278214 349150 446792 2073600 2073600 
[ 1015.918770] MESSAGE_B= 4 4 4 49 30 1 192 64 248 179 0 1227 1264 1218 1154 2362 2589 2359 2305 469 485 351 447 372 282 422 188 0 12 233 250 163 203 67 118 103 57 0 0 0 0 2 2 2 2 30 1 175706 775603 878960 559554 438466 727366 929488 1041300 567300 784918 941884 435726 249806 193580 429850 365190 472560 306158 322760 431936 2073600 2073600 

