[ 2807.052763] MESSAGE_B= 4 4 4 17 26 1 192 64 248 179 0 934 1579 927 1577 1071 1212 1062 1190 218 370 205 378 307 352 310 342 0 6 237 255 253 254 14 179 10 179 0 0 0 0 0 0 0 0 26 1 32517 308604 283916 480596 243112 492682 548750 673280 693264 473154 465186 15466 6004 7020 15330 17196 11974 29194 22168 17140 2073600 2073600 
[ 2807.322764] MESSAGE_B= 4 4 4 17 20 1 192 64 248 179 0 1497 1563 1497 1577 1330 1384 1337 1385 223 303 219 311 109 264 106 250 0 31 255 255 251 255 92 66 102 67 0 0 0 0 0 0 0 0 20 1 10331 140246 283916 480596 243112 492682 548750 673280 693264 473154 465186 15466 6004 7020 15330 17196 11974 29194 22168 17140 2073600 2073600 
[ 2807.592763] MESSAGE_B= 4 4 4 8 21 1 192 64 248 179 0 1213 1858 1218 1817 954 1251 942 1242 237 258 241 268 170 206 174 197 0 31 255 255 255 255 49 48 43 44 0 0 0 0 0 0 0 0 21 1 22720 244362 283916 480596 243112 492682 548750 673280 693264 473154 465186 15466 6004 7020 15330 17196 11974 29194 22168 17140 2073600 2073600 
[ 2807.863763] MESSAGE_B= 4 4 4 10 20 1 192 64 248 179 0 1218 1927 1224 1891 1039 1297 1023 1281 251 239 255 248 98 204 101 191 0 31 255 255 255 255 9 34 7 35 0 0 0 0 0 0 0 0 20 1 11857 179198 283916 480596 243112 492682 548750 673280 693264 473154 465186 15466 6004 7020 15330 17196 11974 29194 22168 17140 2073600 2073600 
[ 2808.133762] MESSAGE_B= 4 4 4 11 28 0 192 64 248 179 0 1267 1979 1259 1953 1058 1306 1047 1286 263 249 267 252 109 222 102 220 0 31 255 255 253 254 117 54 108 36 0 0 0 0 0 0 0 0 28 0 16714 500042 283916 480596 243112 492682 548750 673280 693264 473154 465186 15466 6004 7020 15330 17196 11974 29194 22168 17140 2073600 2073600 
[ 2808.404763] MESSAGE_B= 4 4 4 11 20 1 192 64 248 179 0 1289 1969 1271 1946 1124 1389 1108 1384 245 289 244 287 127 190 120 201 0 31 255 255 255 253 50 107 39 112 0 0 0 0 0 0 0 0 20 1 15827 161395 283916 480596 243112 492682 548750 673280 693264 473154 465186 15466 6004 7020 15330 17196 11974 29194 22168 17140 2073600 2073600 
[ 2808.675768] MESSAGE_B= 4 4 4 10 24 0 192 64 248 179 0 1345 1945 1322 1936 1210 1380 1196 1366 255 327 252 334 176 220 167 209 0 31 254 255 253 254 139 74 131 94 0 0 0 0 0 0 0 0 24 0 18959 512760 283916 480596 243112 492682 548750 673280 693264 473154 465186 15466 6004 7020 15330 17196 11974 29194 22168 17140 2073600 2073600 
[ 2808.825765] MESSAGE_B= 4 4 4 10 22 0 192 64 248 179 0 1334 1915 1308 1915 1190 1355 1181 1349 249 350 246 345 174 193 164 176 0 31 254 255 255 255 140 86 119 90 0 0 0 0 0 0 0 0 22 0 18812 170426 283916 480596 243112 492682 548750 673280 693264 473154 465186 15466 6004 7020 15330 17196 11974 29194 22168 17140 2073600 2073600 
[ 2809.095768] MESSAGE_B= 4 4 4 9 22 0 192 64 248 179 0 1263 1836 1256 1811 1184 1371 1146 1372 264 377 259 379 199 187 190 190 0 31 255 255 254 255 20 62 12 64 0 0 0 0 0 0 0 0 22 0 24586 436206 283916 480596 243112 492682 548750 673280 693264 473154 465186 15466 6004 7020 15330 17196 11974 29194 22168 17140 2073600 2073600 
[ 2809.366765] MESSAGE_B= 4 4 4 11 27 1 192 64 248 179 0 1168 1692 1177 1652 1348 1474 1355 1468 260 356 262 343 239 169 241 160 0 31 255 255 255 254 42 63 40 79 0 0 0 0 0 0 0 0 27 1 19628 164840 324000 51034 237962 531012 619666 660396 571566 747844 474774 37740 9330 21150 19044 18550 16290 38276 26164 20872 2073600 2073600 
[ 2809.636767] MESSAGE_B= 4 4 4 10 32 0 192 64 248 179 0 1258 1789 1251 1754 1317 1526 1295 1526 213 318 207 331 311 183 314 178 0 31 253 255 255 254 65 115 46 134 0 0 0 0 0 0 0 0 32 0 16807 353962 324000 51034 237962 531012 619666 660396 571566 747844 474774 37740 9330 21150 19044 18550 16290 38276 26164 20872 2073600 2073600 
[ 2809.906772] MESSAGE_B= 4 4 4 11 47 0 192 64 248 179 0 1247 1823 1244 1786 1249 1680 1218 1680 145 328 159 343 293 364 297 371 0 31 253 255 255 255 144 201 122 204 0 0 0 0 0 0 0 0 47 0 13279 165235 324000 51034 237962 531012 619666 660396 571566 747844 474774 37740 9330 21150 19044 18550 16290 38276 26164 20872 2073600 2073600 
[ 2810.177768] MESSAGE_B= 4 4 4 12 32 0 192 64 248 179 0 1111 1625 1111 1585 1064 1438 1054 1442 168 393 179 387 178 254 178 259 0 31 252 255 255 255 72 143 29 142 0 0 0 0 0 0 0 0 32 0 26832 367854 324000 51034 237962 531012 619666 660396 571566 747844 474774 37740 9330 21150 19044 18550 16290 38276 26164 20872 2073600 2073600 
[ 2810.419767] MESSAGE_B= 4 4 4 9 32 1 192 64 248 179 0 981 1463 1012 1419 1003 1500 988 1500 230 273 258 275 109 325 114 322 0 31 255 255 251 255 57 165 68 174 0 0 0 0 0 0 0 0 32 1 14642 271554 324000 51034 237962 531012 619666 660396 571566 747844 474774 37740 9330 21150 19044 18550 16290 38276 26164 20872 2073600 2073600 
[ 2810.690777] MESSAGE_B= 4 4 4 8 45 1 192 64 248 179 0 1052 1706 1018 1655 991 1576 1006 1550 268 264 249 260 211 354 218 356 0 31 255 255 255 255 85 194 86 188 0 0 0 0 0 0 0 0 45 1 25562 249472 324000 51034 237962 531012 619666 660396 571566 747844 474774 37740 9330 21150 19044 18550 16290 38276 26164 20872 2073600 2073600 
[ 2810.961761] MESSAGE_B= 4 4 4 12 34 0 192 64 248 179 0 1268 1915 1241 1892 797 1678 826 1655 292 269 300 267 85 359 97 353 0 31 250 255 244 255 112 188 89 189 0 0 0 0 0 0 0 0 34 0 8490 251122 324000 51034 237962 531012 619666 660396 571566 747844 474774 37740 9330 21150 19044 18550 16290 38276 26164 20872 2073600 2073600 
[ 2811.231769] MESSAGE_B= 4 4 4 11 38 1 192 64 248 179 0 1359 1173 1325 1203 789 1403 780 1400 283 284 257 292 102 306 109 332 0 6 244 234 227 251 144 124 134 101 0 0 0 0 0 2 0 0 38 1 22476 408262 324000 51034 237962 531012 619666 660396 571566 747844 474774 37740 9330 21150 19044 18550 16290 38276 26164 20872 2073600 2073600 
[ 2811.380765] MESSAGE_B= 4 4 4 10 38 1 192 64 248 179 0 1326 1262 1370 1223 801 1433 809 1405 209 219 200 269 111 240 108 234 0 6 238 217 242 240 7 95 1 73 0 0 0 0 0 2 0 2 38 1 24902 265996 324000 51034 237962 531012 619666 660396 571566 747844 474774 37740 9330 21150 19044 18550 16290 38276 26164 20872 2073600 2073600 
[ 2811.650773] MESSAGE_B= 4 4 4 9 37 1 192 64 248 179 0 1355 1177 1347 1128 813 1486 831 1444 182 306 210 328 104 269 111 248 0 6 248 241 243 241 138 85 134 129 0 0 0 0 0 2 0 0 37 1 26008 463796 576800 634166 444342 242450 226382 366894 643684 714410 650340 20332 8018 15444 17078 30156 35642 42200 34292 32160 2073600 2073600 
[ 2811.921771] MESSAGE_B= 4 4 4 9 46 1 192 64 248 179 0 1350 1110 1337 1063 873 1501 872 1517 242 385 256 379 145 353 156 339 0 6 252 246 243 251 91 96 105 129 0 0 0 0 0 2 0 0 46 1 14226 288954 576800 634166 444342 242450 226382 366894 643684 714410 650340 20332 8018 15444 17078 30156 35642 42200 34292 32160 2073600 2073600 
[ 2812.191780] MESSAGE_B= 4 4 4 11 47 0 192 64 248 179 0 1368 1162 1343 1132 891 1501 895 1481 282 370 304 382 175 333 181 323 0 6 253 240 248 251 77 138 94 141 0 0 0 0 0 2 0 0 47 0 24622 412008 576800 634166 444342 242450 226382 366894 643684 714410 650340 20332 8018 15444 17078 30156 35642 42200 34292 32160 2073600 2073600 
[ 2812.461768] MESSAGE_B= 4 4 4 11 33 0 192 64 248 179 0 1318 1254 1270 1272 859 1556 841 1506 320 276 334 278 178 415 198 403 0 6 254 244 240 254 130 134 118 122 0 0 0 0 0 0 0 0 33 0 12790 235967 576800 634166 444342 242450 226382 366894 643684 714410 650340 20332 8018 15444 17078 30156 35642 42200 34292 32160 2073600 2073600 
[ 2812.731782] MESSAGE_B= 4 4 4 9 38 0 192 64 248 179 0 1212 1294 1193 1285 882 1526 879 1479 350 267 382 271 241 388 252 339 0 6 254 251 248 251 129 142 140 155 0 0 0 0 0 0 0 0 38 0 25372 417103 576800 634166 444342 242450 226382 366894 643684 714410 650340 20332 8018 15444 17078 30156 35642 42200 34292 32160 2073600 2073600 
[ 2812.880762] MESSAGE_B= 4 4 4 1 38 1 192 64 248 179 0 2070 998 2073 997 2007 1194 2009 1208 214 179 221 183 185 264 196 258 0 6 240 253 252 238 20 20 56 16 0 0 0 0 0 2 0 2 38 1 16374 181663 576800 634166 444342 242450 226382 366894 643684 714410 650340 20332 8018 15444 17078 30156 35642 42200 34292 32160 2073600 2073600 
[ 2813.150762] MESSAGE_B= 4 4 4 2 39 1 192 64 248 179 0 2060 980 2068 979 2011 1217 2012 1188 238 187 248 192 205 264 215 256 0 6 242 253 253 238 16 35 7 35 0 0 0 0 0 2 0 2 39 1 8551 386827 576800 634166 444342 242450 226382 366894 643684 714410 650340 20332 8018 15444 17078 30156 35642 42200 34292 32160 2073600 2073600 
[ 2813.420766] MESSAGE_B= 4 4 4 2 41 1 192 64 248 179 0 2063 979 2073 973 2015 1144 2017 1158 231 198 238 203 259 242 257 257 0 6 245 252 254 239 6 67 0 101 0 0 0 0 0 2 0 2 41 1 5550 519358 576800 634166 444342 242450 226382 366894 643684 714410 650340 20332 8018 15444 17078 30156 35642 42200 34292 32160 2073600 2073600 
[ 2813.690771] MESSAGE_B= 4 4 4 2 35 1 192 64 248 179 0 2059 968 2044 973 2019 1110 2017 1114 256 184 260 197 306 245 307 258 0 6 239 250 253 248 47 65 16 60 0 0 0 0 0 2 0 2 35 1 6269 316717 576800 634166 444342 242450 226382 366894 643684 714410 650340 20332 8018 15444 17078 30156 35642 42200 34292 32160 2073600 2073600 
[ 2813.960763] MESSAGE_B= 4 4 4 2 35 1 192 64 248 179 0 2056 982 2056 971 2006 1182 2016 1172 259 187 267 193 307 251 310 259 0 6 244 247 254 241 41 111 33 77 0 0 0 0 0 0 0 0 35 1 10104 438696 268794 626036 450578 470408 546000 392988 204406 339110 302096 7364 31118 7144 30052 34808 11400 41164 10362 12144 2073600 2073600 
[ 2814.109764] MESSAGE_B= 4 4 4 2 37 1 192 64 248 179 0 2052 976 2050 980 2010 1178 2017 1163 261 190 262 192 319 226 325 216 0 6 244 249 255 239 40 30 32 16 0 0 0 0 0 0 0 0 37 1 6575 402926 268794 626036 450578 470408 546000 392988 204406 339110 302096 7364 31118 7144 30052 34808 11400 41164 10362 12144 2073600 2073600 
[ 2814.380768] MESSAGE_B= 4 4 4 2 36 1 192 64 248 179 0 2041 985 2041 979 1994 1256 1995 1260 249 171 254 167 294 188 284 185 0 6 244 249 255 247 13 51 17 30 0 0 0 0 0 0 0 0 36 1 4896 292582 268794 626036 450578 470408 546000 392988 204406 339110 302096 7364 31118 7144 30052 34808 11400 41164 10362 12144 2073600 2073600 
[ 2814.650763] MESSAGE_B= 4 4 4 2 32 1 192 64 248 179 0 2039 941 2026 943 1997 1398 2003 1399 272 123 275 125 244 181 243 173 0 6 247 245 255 248 7 44 7 21 0 0 0 0 0 0 0 0 32 1 6881 329508 268794 626036 450578 470408 546000 392988 204406 339110 302096 7364 31118 7144 30052 34808 11400 41164 10362 12144 2073600 2073600 
[ 2814.920767] MESSAGE_B= 4 4 4 2 36 1 192 64 248 179 0 1987 907 1986 904 2008 1441 2014 1433 292 103 294 103 209 154 203 156 0 6 246 245 254 249 42 35 53 38 0 0 0 0 0 0 0 0 36 1 6068 239960 268794 626036 450578 470408 546000 392988 204406 339110 302096 7364 31118 7144 30052 34808 11400 41164 10362 12144 2073600 2073600 
[ 2815.190768] MESSAGE_B= 4 4 4 2 43 1 192 64 248 179 0 1952 890 1957 893 2015 1323 2016 1321 317 112 304 121 176 160 178 161 0 6 248 247 252 254 62 24 75 30 0 0 0 0 0 0 0 0 43 1 8110 348107 268794 626036 450578 470408 546000 392988 204406 339110 302096 7364 31118 7144 30052 34808 11400 41164 10362 12144 2073600 2073600 
[ 2815.460762] MESSAGE_B= 4 4 4 2 38 1 192 64 248 179 0 1920 909 1909 907 1977 1156 1983 1152 280 168 272 166 197 153 196 157 0 6 247 248 252 253 45 23 27 23 0 0 0 0 0 0 0 0 38 1 7683 289514 268794 626036 450578 470408 546000 392988 204406 339110 302096 7364 31118 7144 30052 34808 11400 41164 10362 12144 2073600 2073600 
[ 2815.609766] MESSAGE_B= 4 4 4 2 41 1 192 64 248 179 0 1905 914 1869 908 1958 1126 1958 1121 268 179 269 175 202 140 215 142 0 6 241 250 253 251 26 6 44 1 0 0 0 0 0 0 0 0 41 1 9324 361869 268794 626036 450578 470408 546000 392988 204406 339110 302096 7364 31118 7144 30052 34808 11400 41164 10362 12144 2073600 2073600 
[ 2815.879763] MESSAGE_B= 4 4 4 2 45 1 192 64 248 179 0 1871 890 1840 888 1911 1106 1907 1101 233 209 236 212 222 139 216 136 0 6 241 249 250 251 21 20 26 5 0 0 0 0 0 0 0 0 45 1 8438 187070 268794 626036 450578 470408 546000 392988 204406 339110 302096 7364 31118 7144 30052 34808 11400 41164 10362 12144 2073600 2073600 
[ 2816.149762] MESSAGE_B= 4 4 4 3 50 1 192 64 248 179 0 1826 952 1785 942 1852 1135 1851 1131 222 204 212 208 240 158 242 160 0 6 240 251 252 251 47 53 46 61 0 0 0 0 0 0 0 0 50 1 10610 357552 574766 144872 82002 346568 452526 480534 66212 372080 506084 6158 5428 2726 7202 10256 9420 46952 13910 9136 2073600 2073600 
[ 2816.418766] MESSAGE_B= 4 4 4 3 54 1 192 64 248 179 0 1829 913 1808 918 1772 1279 1780 1276 219 138 215 137 265 208 268 201 0 6 235 246 253 254 17 45 19 44 0 0 0 0 0 0 0 0 54 1 7685 311708 574766 144872 82002 346568 452526 480534 66212 372080 506084 6158 5428 2726 7202 10256 9420 46952 13910 9136 2073600 2073600 
[ 2816.687764] MESSAGE_B= 4 4 4 4 53 1 192 64 248 179 0 1862 902 1874 910 1733 1341 1732 1336 235 128 224 131 258 216 265 218 0 6 245 243 253 254 32 89 23 82 0 0 0 0 0 0 0 0 53 1 7824 286888 574766 144872 82002 346568 452526 480534 66212 372080 506084 6158 5428 2726 7202 10256 9420 46952 13910 9136 2073600 2073600 
[ 2816.956763] MESSAGE_B= 4 4 4 3 46 1 192 64 248 179 0 1843 921 1844 925 1682 1397 1685 1391 219 112 203 115 250 261 250 255 0 6 243 239 253 254 92 52 83 48 0 0 0 0 0 0 0 0 46 1 8944 349732 574766 144872 82002 346568 452526 480534 66212 372080 506084 6158 5428 2726 7202 10256 9420 46952 13910 9136 2073600 2073600 
[ 2817.104755] MESSAGE_B= 4 4 4 3 51 1 192 64 248 179 0 1843 969 1805 966 1648 1409 1639 1400 237 146 225 155 226 269 241 267 0 6 243 239 252 251 138 0 127 9 0 0 0 0 0 0 0 0 51 1 8140 282434 574766 144872 82002 346568 452526 480534 66212 372080 506084 6158 5428 2726 7202 10256 9420 46952 13910 9136 2073600 2073600 
[ 2817.373762] MESSAGE_B= 4 4 4 4 51 1 192 64 248 179 0 1807 1057 1752 1058 1624 1383 1620 1369 240 209 249 217 201 288 213 281 0 6 240 249 252 253 133 0 119 6 0 0 0 0 0 0 0 0 51 1 5677 312468 574766 144872 82002 346568 452526 480534 66212 372080 506084 6158 5428 2726 7202 10256 9420 46952 13910 9136 2073600 2073600 
[ 2817.642759] MESSAGE_B= 4 4 4 4 57 1 192 64 248 179 0 1758 1049 1721 1053 1602 1361 1601 1349 278 172 280 167 170 297 173 285 0 6 241 249 249 252 153 36 155 46 0 0 0 0 0 0 0 0 57 1 10751 390920 574766 144872 82002 346568 452526 480534 66212 372080 506084 6158 5428 2726 7202 10256 9420 46952 13910 9136 2073600 2073600 
[ 2817.912759] MESSAGE_B= 4 4 4 5 52 1 192 64 248 179 0 1646 1135 1641 1135 1568 1371 1574 1361 307 161 297 164 157 322 150 315 0 6 242 246 248 254 83 84 83 78 0 0 0 0 0 2 0 0 52 1 9078 275972 574766 144872 82002 346568 452526 480534 66212 372080 506084 6158 5428 2726 7202 10256 9420 46952 13910 9136 2073600 2073600 
[ 2818.181759] MESSAGE_B= 4 4 4 6 60 1 192 64 248 179 0 1558 1199 1546 1211 1566 1312 1568 1314 342 189 335 201 134 319 125 327 0 6 243 250 243 254 61 87 58 94 0 0 0 0 0 2 0 2 60 1 8685 461639 574766 144872 82002 346568 452526 480534 66212 372080 506084 6158 5428 2726 7202 10256 9420 46952 13910 9136 2073600 2073600 
[ 2818.330756] MESSAGE_B= 4 4 4 6 66 1 192 64 248 179 0 1533 1253 1483 1258 1569 1313 1564 1306 386 182 382 185 110 313 113 311 0 6 242 250 240 254 67 120 68 117 0 0 0 0 0 2 0 2 66 1 7741 277658 610022 112920 198114 379018 422298 375250 509364 346350 577902 10648 12058 1170 11002 12966 15918 54804 16398 13726 2073600 2073600 
[ 2818.600759] MESSAGE_B= 4 4 4 7 65 1 192 64 248 179 0 1455 1311 1400 1310 1563 1320 1550 1318 364 165 361 173 99 274 104 291 0 6 243 251 242 253 41 50 41 54 0 0 0 0 0 2 0 2 65 1 9253 404838 610022 112920 198114 379018 422298 375250 509364 346350 577902 10648 12058 1170 11002 12966 15918 54804 16398 13726 2073600 2073600 
[ 2818.870759] MESSAGE_B= 4 4 4 8 74 1 192 64 248 179 0 1347 1391 1323 1389 1520 1339 1510 1324 376 211 357 217 112 238 101 243 0 6 247 255 244 250 3 56 3 43 0 0 0 0 0 2 0 2 74 1 8011 325870 610022 112920 198114 379018 422298 375250 509364 346350 577902 10648 12058 1170 11002 12966 15918 54804 16398 13726 2073600 2073600 
[ 2819.140759] MESSAGE_B= 4 4 4 9 77 1 192 64 248 179 0 1261 1557 1231 1562 1481 1299 1461 1294 375 237 350 235 118 288 111 290 0 6 248 255 239 252 11 0 39 5 0 0 0 0 0 2 0 2 77 1 10620 348778 610022 112920 198114 379018 422298 375250 509364 346350 577902 10648 12058 1170 11002 12966 15918 54804 16398 13726 2073600 2073600 
[ 2819.410757] MESSAGE_B= 4 4 4 10 82 1 192 64 248 179 0 1188 1720 1168 1725 1400 1312 1405 1305 292 272 260 267 129 229 123 237 0 6 243 255 230 251 76 44 64 43 0 0 0 0 0 2 0 2 82 1 10788 323503 610022 112920 198114 379018 422298 375250 509364 346350 577902 10648 12058 1170 11002 12966 15918 54804 16398 13726 2073600 2073600 
[ 2819.680756] MESSAGE_B= 4 4 4 11 75 1 192 64 248 179 0 1106 1832 1108 1839 1360 1370 1335 1373 161 337 172 336 142 206 149 213 0 6 227 255 241 251 125 41 113 18 0 0 0 0 0 2 0 2 75 1 10612 367748 610022 112920 198114 379018 422298 375250 509364 346350 577902 10648 12058 1170 11002 12966 15918 54804 16398 13726 2073600 2073600 
[ 2819.829757] MESSAGE_B= 4 4 4 12 68 1 192 64 248 179 0 1124 1846 1112 1842 1318 1432 1288 1419 142 333 131 328 137 213 159 224 0 6 234 255 232 250 99 52 84 23 0 0 0 0 0 2 0 2 68 1 11265 300596 610022 112920 198114 379018 422298 375250 509364 346350 577902 10648 12058 1170 11002 12966 15918 54804 16398 13726 2073600 2073600 
[ 2820.099759] MESSAGE_B= 4 4 4 13 60 1 192 64 248 179 0 1163 1819 1164 1822 1244 1565 1232 1573 166 409 168 417 161 252 161 249 0 6 251 255 242 253 127 100 135 128 0 0 0 0 0 2 0 2 60 1 13100 340473 610022 112920 198114 379018 422298 375250 509364 346350 577902 10648 12058 1170 11002 12966 15918 54804 16398 13726 2073600 2073600 
[ 2820.370761] MESSAGE_B= 4 4 4 14 123 1 192 64 248 179 0 2678 2506 2685 2517 2738 1700 2743 1710 254 264 248 263 263 455 258 458 0 6 255 255 255 255 63 48 67 44 0 0 0 0 0 0 0 0 123 1 13977 368574 610022 112920 198114 379018 422298 375250 509364 346350 577902 10648 12058 1170 11002 12966 15918 54804 16398 13726 2073600 2073600 
[ 2820.640761] MESSAGE_B= 4 4 4 0 123 1 192 64 248 179 0 2654 2368 2659 2380 2699 1696 2704 1712 209 222 213 224 299 488 294 484 0 6 255 255 255 255 47 14 42 17 0 0 0 0 0 0 0 0 123 1 12939 287286 874298 164136 183298 534290 495414 614050 419426 343644 579536 8418 22966 5162 12398 16142 14074 51270 24036 16970 2073600 2073600 
[ 2820.910761] MESSAGE_B= 4 4 4 0 142 1 192 64 248 179 0 2609 2293 2618 2305 2739 1691 2741 1710 207 245 199 244 310 512 303 513 0 6 255 255 255 255 5 57 11 62 0 0 0 0 0 0 0 0 142 1 10215 467195 874298 164136 183298 534290 495414 614050 419426 343644 579536 8418 22966 5162 12398 16142 14074 51270 24036 16970 2073600 2073600 
