[13594.212764] MESSAGE_B= 7 0 0 245 1 1 192 64 248 179 0 250 2074 1798 797 279 2732 2075 625 175 1463 1146 433 442 719 511 614 0 31 30 13 1 50 106 147 109 24 0 0 0 0 0 0 0 0 1 1 237764 525088 2 32866 39482 40954 39242 39286 41344 1784 2 2 34598 39486 40958 39246 39290 43156 10742 2 2073600 2073600 
[13594.480767] MESSAGE_B= 7 0 0 232 1 1 192 64 248 179 0 213 1889 1644 747 307 2551 2003 2088 161 1380 1092 419 452 667 494 1359 0 31 37 4 21 81 89 150 103 250 0 0 0 0 0 0 0 0 1 1 489261 558562 2 32866 39482 40954 39242 39286 41344 1784 2 2 34598 39486 40958 39246 39290 43156 10742 2 2073600 2073600 
[13594.748766] MESSAGE_B= 0 0 0 228 1 0 192 64 248 179 0 196 1437 1797 692 1133 1904 2686 663 154 996 1304 401 1246 482 705 657 0 12 22 48 17 10 64 104 125 15 0 0 0 0 0 0 0 0 1 0 544107 613722 2 32866 39482 40954 39242 39286 41344 1784 2 2 34598 39486 40958 39246 39290 43156 10742 2 2073600 2073600 
[13595.016764] MESSAGE_B= 0 0 0 208 1 2 192 64 248 179 0 1254 2093 2430 1421 1168 2288 2662 1554 267 482 1096 463 287 295 243 330 0 12 1 22 122 45 192 77 191 227 2 0 2 2 2 0 0 2 1 2 403886 359390 583038 5274 2 2 2 584642 1050080 181964 571262 479966 3542 2 2 14180 504250 770324 334558 650006 2073600 2073600 
[13595.285765] MESSAGE_B= 0 0 0 207 2 0 192 64 248 179 0 1216 2780 2367 1443 1308 2590 2086 1626 202 636 549 480 226 426 261 434 0 12 84 79 93 9 146 98 74 215 2 2 2 2 2 0 0 2 2 0 457749 551786 583038 5274 2 2 2 584642 1050080 181964 571262 479966 3542 2 2 14180 504250 770324 334558 650006 2073600 2073600 
[13595.553761] MESSAGE_B= 0 0 0 214 0 3 192 64 248 179 0 530 3220 3152 754 1598 1839 1967 2551 419 956 934 497 1117 987 796 1559 0 31 48 55 76 87 208 22 76 176 0 0 0 0 0 0 0 0 0 3 298876 647828 583038 5274 2 2 2 584642 1050080 181964 571262 479966 3542 2 2 14180 504250 770324 334558 650006 2073600 2073600 
[13595.702764] MESSAGE_B= 0 0 0 210 0 1 192 64 248 179 0 560 3051 3279 718 1521 1529 1894 2548 386 948 930 482 1132 800 774 1558 0 31 165 22 75 61 199 74 136 164 0 0 0 0 0 0 0 0 0 1 283332 435070 583038 5274 2 2 2 584642 1050080 181964 571262 479966 3542 2 2 14180 504250 770324 334558 650006 2073600 2073600 
[13595.971758] MESSAGE_B= 7 0 0 211 0 1 192 64 248 179 0 550 2924 3385 793 1458 1484 1734 2525 338 985 850 501 1184 797 709 1563 0 31 93 60 55 90 188 100 68 192 0 0 0 0 0 0 0 0 0 1 287980 742329 583038 5274 2 2 2 584642 1050080 181964 571262 479966 3542 2 2 14180 504250 770324 334558 650006 2073600 2073600 
[13596.240768] MESSAGE_B= 7 0 0 214 0 1 192 64 248 179 0 532 3588 3450 753 1488 1962 1824 2502 378 869 857 519 1113 989 723 1555 0 31 116 79 98 94 198 54 103 178 0 0 0 0 0 0 0 0 0 1 359806 531518 583038 5274 2 2 2 584642 1050080 181964 571262 479966 3542 2 2 14180 504250 770324 334558 650006 2073600 2073600 
[13596.509770] MESSAGE_B= 0 0 0 214 2 1 192 64 248 179 0 3532 821 1164 766 1616 64 612 2009 1322 963 464 600 696 26 702 598 0 0 239 188 68 128 0 8 101 42 2 2 2 2 1 2 0 0 2 1 237564 773664 583038 5274 2 2 2 584642 1050080 181964 571262 479966 3542 2 2 14180 504250 770324 334558 650006 2073600 2073600 
[13596.777764] MESSAGE_B= 0 0 0 180 2 1 192 64 248 179 0 2681 2152 2185 1348 1257 2643 2125 753 978 545 746 977 436 759 653 624 0 31 24 14 111 64 62 10 28 230 0 0 0 0 0 0 0 0 2 1 382712 645597 583038 5274 2 2 2 584642 1050080 181964 571262 479966 3542 2 2 14180 504250 770324 334558 650006 2073600 2073600 
[13597.045759] MESSAGE_B= 0 0 0 189 2 1 192 64 248 179 0 2657 2234 2191 641 1222 2637 2132 888 990 571 755 786 441 756 631 734 0 31 35 52 144 73 64 20 27 203 0 0 0 0 0 0 0 0 2 1 479569 529456 583038 5274 2 2 2 584642 1050080 181964 571262 479966 3542 2 2 14180 504250 770324 334558 650006 2073600 2073600 
[13597.192763] MESSAGE_B= 0 0 0 192 2 1 192 64 248 179 0 2657 2243 2201 710 1223 2628 2130 957 992 572 753 828 438 752 606 783 0 31 32 49 165 74 64 18 55 223 0 0 0 0 0 0 0 0 2 1 572197 551889 346284 1034098 856064 1157480 1038232 879028 598674 158906 446026 696266 566312 893724 439328 453142 279880 882444 924630 772986 2073600 2073600 
[13597.463761] MESSAGE_B= 7 0 0 194 2 1 192 64 248 179 0 2667 2251 2220 756 1227 2605 2144 885 989 576 750 878 441 748 631 723 0 31 28 54 176 74 66 16 75 223 0 0 0 0 0 0 0 0 2 1 418841 350741 346284 1034098 856064 1157480 1038232 879028 598674 158906 446026 696266 566312 893724 439328 453142 279880 882444 924630 772986 2073600 2073600 
[13597.734757] MESSAGE_B= 7 0 0 195 1 1 192 64 248 179 0 780 2781 2616 2332 224 443 2059 1948 441 1074 844 739 297 329 514 483 0 31 118 154 39 114 12 112 32 24 0 0 0 0 0 0 0 0 1 1 589804 570335 346284 1034098 856064 1157480 1038232 879028 598674 158906 446026 696266 566312 893724 439328 453142 279880 882444 924630 772986 2073600 2073600 
[13598.005759] MESSAGE_B= 0 0 0 206 1 1 192 64 248 179 0 1389 1941 2542 1912 656 1292 2368 1684 990 1105 968 606 476 639 641 532 0 0 128 128 126 184 166 43 38 18 0 0 0 0 0 0 0 0 1 1 398908 352462 346284 1034098 856064 1157480 1038232 879028 598674 158906 446026 696266 566312 893724 439328 453142 279880 882444 924630 772986 2073600 2073600 
[13598.276756] MESSAGE_B= 0 0 0 197 1 1 192 64 248 179 0 779 1272 1992 284 901 1759 2001 1155 740 809 1001 242 675 953 666 431 0 0 145 92 95 38 195 226 50 16 2 2 2 0 0 0 2 2 1 1 688927 697768 346284 1034098 856064 1157480 1038232 879028 598674 158906 446026 696266 566312 893724 439328 453142 279880 882444 924630 772986 2073600 2073600 
[13598.426756] MESSAGE_B= 7 0 0 202 1 1 192 64 248 179 0 1104 2246 2901 1858 661 1463 2491 1599 867 1367 1185 623 560 770 684 484 0 31 144 120 102 94 175 222 53 23 0 0 0 0 0 0 0 0 1 1 576701 398155 346284 1034098 856064 1157480 1038232 879028 598674 158906 446026 696266 566312 893724 439328 453142 279880 882444 924630 772986 2073600 2073600 
[13598.698758] MESSAGE_B= 7 0 0 185 1 1 192 64 248 179 0 2587 2739 2185 862 754 943 1993 1010 807 718 807 364 913 658 524 543 0 31 220 185 48 159 240 153 18 56 0 0 0 0 0 0 0 0 1 1 525488 607948 346284 1034098 856064 1157480 1038232 879028 598674 158906 446026 696266 566312 893724 439328 453142 279880 882444 924630 772986 2073600 2073600 
[13598.969763] MESSAGE_B= 7 0 0 193 1 1 192 64 248 179 0 1252 2133 2493 1303 2130 1979 2090 1732 276 824 831 345 1070 584 357 425 0 12 98 54 93 181 132 232 76 196 2 2 2 2 2 2 2 2 1 1 501320 737201 346284 1034098 856064 1157480 1038232 879028 598674 158906 446026 696266 566312 893724 439328 453142 279880 882444 924630 772986 2073600 2073600 
[13599.241762] MESSAGE_B= 7 0 0 194 1 1 192 64 248 179 0 1239 2322 2914 1244 1382 2520 1838 1769 277 816 573 320 331 586 670 404 0 12 158 179 3 192 65 49 124 141 2 0 2 2 0 2 2 2 1 1 354896 510351 346284 1034098 856064 1157480 1038232 879028 598674 158906 446026 696266 566312 893724 439328 453142 279880 882444 924630 772986 2073600 2073600 
[13599.512756] MESSAGE_B= 7 0 0 198 1 0 192 64 248 179 0 1227 1971 2488 1239 1435 2816 2440 1527 263 699 849 307 314 473 367 517 0 12 67 122 29 226 58 183 30 19 2 0 2 2 0 0 2 0 1 0 245944 559965 366650 385210 487776 968972 282714 966844 943256 693804 681424 573704 993264 976496 654604 795062 1063758 1062352 1269144 462472 2073600 2073600 
[13599.662762] MESSAGE_B= 7 0 0 197 1 0 192 64 248 179 0 1215 1968 2473 1259 1591 2789 2434 1522 260 689 858 300 566 520 357 519 0 12 66 120 30 220 100 182 31 22 2 0 2 2 0 2 2 0 1 0 384068 429618 366650 385210 487776 968972 282714 966844 943256 693804 681424 573704 993264 976496 654604 795062 1063758 1062352 1269144 462472 2073600 2073600 
[13599.933758] MESSAGE_B= 0 0 0 191 1 2 192 64 248 179 0 1183 1539 2450 1365 1331 1932 2193 1934 256 364 842 451 285 578 247 1178 0 12 66 114 109 127 3 90 149 211 2 0 2 2 0 2 2 2 1 2 294174 538881 366650 385210 487776 968972 282714 966844 943256 693804 681424 573704 993264 976496 654604 795062 1063758 1062352 1269144 462472 2073600 2073600 
[13600.205759] MESSAGE_B= 0 0 0 199 1 2 192 64 248 179 0 1143 1672 2494 1204 1348 2057 2451 2046 245 443 930 259 297 605 412 293 0 12 66 149 147 21 25 147 10 182 2 0 2 0 2 2 2 2 1 2 406145 437708 366650 385210 487776 968972 282714 966844 943256 693804 681424 573704 993264 976496 654604 795062 1063758 1062352 1269144 462472 2073600 2073600 
[13600.476763] MESSAGE_B= 0 0 0 203 1 1 192 64 248 179 0 1108 1947 2839 1255 2405 2488 2994 1798 209 666 1171 303 1177 251 394 428 0 12 30 67 114 233 58 37 160 189 2 0 2 2 2 0 2 2 1 1 359545 572913 366650 385210 487776 968972 282714 966844 943256 693804 681424 573704 993264 976496 654604 795062 1063758 1062352 1269144 462472 2073600 2073600 
[13600.748758] MESSAGE_B= 0 0 0 205 1 1 192 64 248 179 0 1076 2147 2987 1427 1347 2092 1812 1892 182 884 400 282 291 752 772 727 0 31 238 59 200 246 117 116 36 85 2 0 2 2 2 0 0 2 1 1 310343 473454 366650 385210 487776 968972 282714 966844 943256 693804 681424 573704 993264 976496 654604 795062 1063758 1062352 1269144 462472 2073600 2073600 
[13600.899757] MESSAGE_B= 0 0 0 210 1 1 192 64 248 179 0 1062 2806 3059 1023 1113 1978 2130 1797 180 800 408 184 244 813 709 448 0 12 99 162 170 20 167 132 108 86 2 2 2 2 0 2 2 2 1 1 229411 561889 366650 385210 487776 968972 282714 966844 943256 693804 681424 573704 993264 976496 654604 795062 1063758 1062352 1269144 462472 2073600 2073600 
[13601.171761] MESSAGE_B= 0 0 0 219 1 1 192 64 248 179 0 1062 2015 3313 1237 1233 2091 2276 1961 204 710 941 313 222 683 768 538 0 31 184 114 98 136 98 209 166 174 2 0 2 2 2 2 2 2 1 1 369375 480988 366650 385210 487776 968972 282714 966844 943256 693804 681424 573704 993264 976496 654604 795062 1063758 1062352 1269144 462472 2073600 2073600 
[13601.443756] MESSAGE_B= 0 0 0 214 1 2 192 64 248 179 0 265 776 2019 388 598 1749 2089 871 227 354 952 204 499 881 638 754 0 31 102 218 136 88 41 174 8 98 0 0 0 0 0 0 0 0 1 2 308606 519533 366650 385210 487776 968972 282714 966844 943256 693804 681424 573704 993264 976496 654604 795062 1063758 1062352 1269144 462472 2073600 2073600 
[13601.714759] MESSAGE_B= 0 0 0 218 1 2 192 64 248 179 0 299 760 1716 384 695 1779 2436 958 248 355 733 215 520 964 640 819 0 31 12 231 114 13 43 232 3 124 0 0 0 0 0 0 0 0 1 2 506150 404227 461802 965624 778166 418802 680562 977292 1343446 217572 646172 462104 504534 320136 486582 29462 537922 406386 384834 559566 2073600 2073600 
[13601.985755] MESSAGE_B= 7 0 0 220 1 1 192 64 248 179 0 294 778 1692 355 786 1914 2488 1013 242 381 695 220 519 948 622 869 0 31 80 223 105 40 65 222 36 154 0 0 0 0 0 0 0 0 1 1 365258 711916 461802 965624 778166 418802 680562 977292 1343446 217572 646172 462104 504534 320136 486582 29462 537922 406386 384834 559566 2073600 2073600 
[13602.256757] MESSAGE_B= 7 0 0 219 2 1 192 64 248 179 0 269 759 1705 346 904 1960 2513 1121 229 425 679 225 505 881 638 916 0 31 120 231 116 56 55 217 45 161 0 0 0 0 0 0 0 0 2 1 494946 492918 461802 965624 778166 418802 680562 977292 1343446 217572 646172 462104 504534 320136 486582 29462 537922 406386 384834 559566 2073600 2073600 
[13602.406759] MESSAGE_B= 7 0 0 220 2 1 192 64 248 179 0 278 796 2147 436 962 1917 2913 1265 251 425 880 292 501 819 769 906 0 31 111 252 70 52 69 214 110 160 0 0 0 0 0 0 0 0 2 1 387781 574484 461802 965624 778166 418802 680562 977292 1343446 217572 646172 462104 504534 320136 486582 29462 537922 406386 384834 559566 2073600 2073600 
[13602.677757] MESSAGE_B= 7 0 0 223 2 1 192 64 248 179 0 282 907 2205 511 1241 1580 2579 1431 275 594 860 278 745 805 722 880 0 31 125 96 50 158 114 26 129 137 0 0 0 0 0 0 0 0 2 1 513702 472767 461802 965624 778166 418802 680562 977292 1343446 217572 646172 462104 504534 320136 486582 29462 537922 406386 384834 559566 2073600 2073600 
[13602.948759] MESSAGE_B= 7 0 0 226 2 1 192 64 248 179 0 269 697 2372 489 1305 1923 2773 1507 284 427 813 277 953 914 829 886 0 31 95 255 88 68 65 76 86 149 0 0 0 0 0 0 0 0 2 1 439615 629715 461802 965624 778166 418802 680562 977292 1343446 217572 646172 462104 504534 320136 486582 29462 537922 406386 384834 559566 2073600 2073600 
[13603.219760] MESSAGE_B= 0 0 0 224 1 2 192 64 248 179 0 249 1670 2584 326 1503 1505 2695 1446 286 703 665 264 720 735 728 889 0 31 47 132 103 13 107 141 76 161 0 0 0 0 0 0 0 0 1 2 532635 496683 461802 965624 778166 418802 680562 977292 1343446 217572 646172 462104 504534 320136 486582 29462 537922 406386 384834 559566 2073600 2073600 
[13603.490760] MESSAGE_B= 0 0 0 219 1 1 192 64 248 179 0 232 2068 3011 437 1582 1824 1794 1493 271 518 707 153 687 729 609 792 0 31 66 214 35 102 100 79 98 44 0 0 0 0 0 0 0 0 1 1 367355 500134 461802 965624 778166 418802 680562 977292 1343446 217572 646172 462104 504534 320136 486582 29462 537922 406386 384834 559566 2073600 2073600 
[13603.640754] MESSAGE_B= 0 0 0 227 1 1 192 64 248 179 0 211 2046 2954 450 1644 1689 1850 1544 252 540 710 150 663 746 605 793 0 31 93 204 17 70 100 93 76 51 0 0 0 0 0 0 0 0 1 1 368129 559678 461802 965624 778166 418802 680562 977292 1343446 217572 646172 462104 504534 320136 486582 29462 537922 406386 384834 559566 2073600 2073600 
[13603.911755] MESSAGE_B= 7 0 0 223 1 1 192 64 248 179 0 196 1922 2957 451 1742 2107 1845 1586 237 506 718 137 647 633 1033 774 0 31 96 187 59 54 108 48 31 11 0 0 0 0 0 0 0 0 1 1 245361 562627 874966 990784 1093514 328872 471084 1107230 1071338 206552 842030 325598 793412 651376 414978 564186 626032 648588 329402 425884 2073600 2073600 
[13604.182758] MESSAGE_B= 7 0 0 221 1 4 192 64 248 179 0 194 2165 2932 472 1813 2217 2028 1630 231 552 749 128 636 710 966 767 0 31 105 216 26 87 127 65 49 28 0 0 0 0 0 0 0 0 1 4 408078 600627 874966 990784 1093514 328872 471084 1107230 1071338 206552 842030 325598 793412 651376 414978 564186 626032 648588 329402 425884 2073600 2073600 
[13604.453756] MESSAGE_B= 7 0 0 219 1 1 192 64 248 179 0 206 2180 3121 756 1621 1643 1520 1470 211 594 764 291 666 732 1073 629 0 31 62 85 108 79 114 185 102 53 0 0 0 0 0 0 0 0 1 1 283660 465629 874966 990784 1093514 328872 471084 1107230 1071338 206552 842030 325598 793412 651376 414978 564186 626032 648588 329402 425884 2073600 2073600 
[13604.724755] MESSAGE_B= 7 0 0 210 1 1 192 64 248 179 0 213 2022 2964 755 1581 1745 1740 1438 205 516 742 296 650 668 1172 610 0 31 107 160 99 52 114 95 45 53 0 0 0 0 0 0 0 0 1 1 454566 567746 874966 990784 1093514 328872 471084 1107230 1071338 206552 842030 325598 793412 651376 414978 564186 626032 648588 329402 425884 2073600 2073600 
[13604.874760] MESSAGE_B= 7 0 0 221 1 2 192 64 248 179 0 208 1956 2882 752 1600 1849 1915 1469 215 522 780 294 662 540 1080 631 0 31 150 224 75 49 119 74 60 54 0 0 0 0 0 0 0 0 1 2 319715 454165 874966 990784 1093514 328872 471084 1107230 1071338 206552 842030 325598 793412 651376 414978 564186 626032 648588 329402 425884 2073600 2073600 
[13605.145757] MESSAGE_B= 0 0 0 222 1 2 192 64 248 179 0 1182 1816 2193 1138 1425 1567 2154 1795 242 621 746 245 298 134 336 419 0 12 20 102 41 69 94 221 15 163 2 2 2 2 2 2 0 2 1 2 462345 498532 874966 990784 1093514 328872 471084 1107230 1071338 206552 842030 325598 793412 651376 414978 564186 626032 648588 329402 425884 2073600 2073600 
[13605.416759] MESSAGE_B= 0 0 0 212 1 0 192 64 248 179 0 1243 1964 2789 1241 1473 2713 2330 1863 276 742 669 302 300 451 387 443 0 12 149 159 143 227 100 131 59 139 2 2 2 2 2 0 0 2 1 0 373675 587870 874966 990784 1093514 328872 471084 1107230 1071338 206552 842030 325598 793412 651376 414978 564186 626032 648588 329402 425884 2073600 2073600 
[13605.688756] MESSAGE_B= 7 0 0 205 2 1 192 64 248 179 0 239 1378 2163 273 597 1806 2065 413 212 779 1086 182 608 852 588 471 0 31 211 204 66 240 181 185 47 90 0 0 0 0 0 0 0 0 2 1 223265 411925 874966 990784 1093514 328872 471084 1107230 1071338 206552 842030 325598 793412 651376 414978 564186 626032 648588 329402 425884 2073600 2073600 
[13605.959758] MESSAGE_B= 7 0 0 202 3 1 192 64 248 179 0 1264 1911 2399 1285 1460 2440 1984 1857 292 719 903 358 301 585 469 368 0 12 53 144 116 233 8 133 4 186 2 2 2 2 2 0 2 2 3 1 226389 527591 874966 990784 1093514 328872 471084 1107230 1071338 206552 842030 325598 793412 651376 414978 564186 626032 648588 329402 425884 2073600 2073600 
[13606.109757] MESSAGE_B= 7 0 0 215 3 1 192 64 248 179 0 1270 1976 2542 1273 1457 2273 1819 1843 288 773 967 358 301 689 532 373 0 12 34 143 114 230 34 108 25 177 2 2 2 2 2 0 2 2 3 1 245610 483818 528442 1125950 651072 545206 318398 983398 1519062 565456 526496 283314 305560 351202 403356 89364 401500 357684 185838 184412 2073600 2073600 
[13606.380764] MESSAGE_B= 7 0 0 218 4 1 192 64 248 179 0 1268 2184 2682 1281 1445 1936 1491 1797 296 943 1000 362 307 827 618 413 0 12 44 108 111 220 93 64 73 177 2 2 2 2 2 0 0 2 4 1 120092 597326 528442 1125950 651072 545206 318398 983398 1519062 565456 526496 283314 305560 351202 403356 89364 401500 357684 185838 184412 2073600 2073600 
[13606.651763] MESSAGE_B= 7 0 0 219 4 2 192 64 248 179 0 1269 2453 2782 1425 1433 1847 1440 1771 293 1051 1060 312 323 846 574 457 0 12 33 9 104 216 113 29 89 210 2 2 2 2 2 0 0 2 4 2 241633 536837 528442 1125950 651072 545206 318398 983398 1519062 565456 526496 283314 305560 351202 403356 89364 401500 357684 185838 184412 2073600 2073600 
[13606.922759] MESSAGE_B= 7 0 0 221 1 2 192 64 248 179 0 1269 2646 2766 1481 1421 1781 1351 1757 297 1018 1079 321 328 826 558 493 0 12 20 3 90 209 126 15 104 202 2 2 2 2 2 0 0 2 1 2 150137 733200 528442 1125950 651072 545206 318398 983398 1519062 565456 526496 283314 305560 351202 403356 89364 401500 357684 185838 184412 2073600 2073600 
[13607.193762] MESSAGE_B= 4 0 0 204 28 2 192 64 248 179 0 821 3742 3841 1254 1441 3486 3220 1925 1058 879 896 1223 802 910 1183 1234 0 31 46 73 231 166 233 38 40 231 0 0 0 0 0 0 0 0 28 2 278340 611503 528442 1125950 651072 545206 318398 983398 1519062 565456 526496 283314 305560 351202 403356 89364 401500 357684 185838 184412 2073600 2073600 
[13607.465756] MESSAGE_B= 0 0 0 193 7 0 192 64 248 179 0 1528 3758 3841 2007 1310 3590 3736 1706 225 70 83 434 151 107 82 412 0 12 80 90 101 235 0 121 97 0 2 2 2 2 1 0 0 1 7 0 425605 589393 528442 1125950 651072 545206 318398 983398 1519062 565456 526496 283314 305560 351202 403356 89364 401500 357684 185838 184412 2073600 2073600 
[13607.615758] MESSAGE_B= 0 0 0 190 7 0 192 64 248 179 0 1199 3684 3802 1725 1077 3509 3701 1489 118 66 96 312 50 124 75 305 0 12 17 100 210 213 0 117 127 0 2 2 2 2 1 0 0 1 7 0 88702 334303 528442 1125950 651072 545206 318398 983398 1519062 565456 526496 283314 305560 351202 403356 89364 401500 357684 185838 184412 2073600 2073600 
[13607.886757] MESSAGE_B= 7 0 0 192 5 0 192 64 248 179 0 0 3588 0 1477 0 3434 0 1230 0 77 0 193 0 95 0 194 0 12 0 80 0 210 0 38 63 0 1 2 1 2 1 0 0 1 5 0 192750 251636 528442 1125950 651072 545206 318398 983398 1519062 565456 526496 283314 305560 351202 403356 89364 401500 357684 185838 184412 2073600 2073600 
[13608.155762] MESSAGE_B= 7 0 0 199 5 0 192 64 248 179 0 0 3449 0 1249 0 3352 0 1020 0 76 0 136 0 32 0 86 0 12 0 142 0 200 0 39 73 0 1 2 1 2 1 2 2 1 5 0 114709 125651 528442 1125950 651072 545206 318398 983398 1519062 565456 526496 283314 305560 351202 403356 89364 401500 357684 185838 184412 2073600 2073600 
[13608.424763] MESSAGE_B= 7 0 0 206 5 0 192 64 248 179 0 0 3378 0 1152 0 3344 0 832 0 87 0 128 0 0 0 0 0 12 0 91 0 0 0 34 43 0 1 2 1 2 1 2 2 1 5 0 135882 229847 229766 1158364 980450 362492 772864 850394 553984 245980 230292 68550 203646 286120 167738 226084 108786 100768 46554 90318 2073600 2073600 
[13608.692755] MESSAGE_B= 7 0 0 205 6 0 192 64 248 179 0 0 3400 0 1206 0 3353 0 988 0 87 0 185 0 64 0 43 0 12 0 169 0 255 0 44 27 0 1 2 1 2 1 2 2 1 6 0 110827 110586 229766 1158364 980450 362492 772864 850394 553984 245980 230292 68550 203646 286120 167738 226084 108786 100768 46554 90318 2073600 2073600 
[13608.839755] MESSAGE_B= 7 0 0 207 5 0 192 64 248 179 0 0 3390 0 1152 0 3288 0 1040 0 92 0 101 0 65 0 81 0 12 0 140 0 194 0 55 29 0 1 2 1 2 1 2 2 1 5 0 150861 255507 229766 1158364 980450 362492 772864 850394 553984 245980 230292 68550 203646 286120 167738 226084 108786 100768 46554 90318 2073600 2073600 
[13609.107753] MESSAGE_B= 7 0 0 208 5 0 192 64 248 179 0 0 3373 0 1151 0 3290 0 1125 0 56 0 79 0 87 0 79 0 12 0 47 0 110 0 68 64 0 1 2 1 2 1 2 2 1 5 0 119368 116984 229766 1158364 980450 362492 772864 850394 553984 245980 230292 68550 203646 286120 167738 226084 108786 100768 46554 90318 2073600 2073600 
[13609.375755] MESSAGE_B= 7 0 0 211 6 0 192 64 248 179 0 0 3440 0 1150 0 3333 0 1139 0 95 0 63 0 76 0 77 0 12 0 33 0 81 0 76 83 0 1 2 1 2 1 2 2 1 6 0 193030 281994 229766 1158364 980450 362492 772864 850394 553984 245980 230292 68550 203646 286120 167738 226084 108786 100768 46554 90318 2073600 2073600 
[13609.643758] MESSAGE_B= 7 0 0 210 6 0 192 64 248 179 0 0 3499 0 1183 0 3396 0 1040 0 63 0 83 0 57 0 76 0 12 0 101 0 141 0 66 73 0 1 2 1 2 1 2 2 1 6 0 118264 116143 229766 1158364 980450 362492 772864 850394 553984 245980 230292 68550 203646 286120 167738 226084 108786 100768 46554 90318 2073600 2073600 
[13609.911757] MESSAGE_B= 7 0 0 213 6 0 192 64 248 179 0 0 3547 0 1187 0 3431 0 1031 0 83 0 89 0 72 0 63 0 12 0 75 0 92 0 49 82 0 1 2 1 2 1 2 2 1 6 0 189122 280929 229766 1158364 980450 362492 772864 850394 553984 245980 230292 68550 203646 286120 167738 226084 108786 100768 46554 90318 2073600 2073600 
[13610.179762] MESSAGE_B= 7 0 0 207 5 0 192 64 248 179 0 0 3594 0 1160 0 3503 0 1035 0 77 0 87 0 51 0 58 0 12 0 142 0 119 0 65 86 0 1 2 1 2 1 2 2 1 5 0 116900 129589 229766 1158364 980450 362492 772864 850394 553984 245980 230292 68550 203646 286120 167738 226084 108786 100768 46554 90318 2073600 2073600 
[13610.326757] MESSAGE_B= 7 0 0 204 5 0 192 64 248 179 0 0 3600 0 1141 0 3523 0 1021 0 73 0 86 0 61 0 61 0 12 0 211 0 117 0 68 88 0 1 2 1 2 1 2 2 1 5 0 181720 278938 229766 1158364 980450 362492 772864 850394 553984 245980 230292 68550 203646 286120 167738 226084 108786 100768 46554 90318 2073600 2073600 
[13610.594759] MESSAGE_B= 7 0 0 206 5 0 192 64 248 179 0 0 3529 0 1081 0 3439 0 976 0 86 0 74 0 30 0 58 0 12 0 159 0 255 0 61 69 0 1 2 1 2 1 2 2 1 5 0 120329 133516 247548 451336 167126 268634 241524 287942 555070 210736 246104 85212 83020 71752 112196 33802 122130 104500 33264 100004 2073600 2073600 
[13610.862759] MESSAGE_B= 7 0 0 210 6 0 192 64 248 179 0 0 0 0 0 0 0 0 0 0 0 0 0 0 0 0 0 0 12 0 0 0 0 0 28 10 0 1 1 1 1 1 2 2 1 6 0 153799 270183 247548 451336 167126 268634 241524 287942 555070 210736 246104 85212 83020 71752 112196 33802 122130 104500 33264 100004 2073600 2073600 
[13611.128755] MESSAGE_B= 0 7 0 206 6 1 192 64 248 179 0 0 0 0 0 0 0 0 0 0 0 0 0 0 0 0 0 1 12 0 0 0 0 0 0 0 0 1 1 1 1 1 1 1 1 6 1 116916 129247 247548 451336 167126 268634 241524 287942 555070 210736 246104 85212 83020 71752 112196 33802 122130 104500 33264 100004 2073600 2073600 
[13611.394759] MESSAGE_B= 0 7 0 187 3 1 192 64 248 179 0 0 0 0 0 0 0 0 0 0 0 0 0 0 0 0 0 1 12 0 0 0 0 0 0 0 0 1 1 1 1 1 1 1 1 3 1 31099 348599 247548 451336 167126 268634 241524 287942 555070 210736 246104 85212 83020 71752 112196 33802 122130 104500 33264 100004 2073600 2073600 
[13611.660754] MESSAGE_B= 7 7 0 224 4 2 192 64 248 179 0 0 0 0 0 0 0 0 0 0 0 0 0 0 0 0 0 1 12 0 0 0 0 0 0 0 0 1 1 1 1 1 1 1 1 4 2 0 0 247548 451336 167126 268634 241524 287942 555070 210736 246104 85212 83020 71752 112196 33802 122130 104500 33264 100004 2073600 2073600 
[13611.925766] MESSAGE_B= 7 7 0 226 1 1 192 64 248 179 0 0 0 0 0 0 0 0 0 0 0 0 0 0 0 0 0 1 12 0 0 0 0 0 0 0 0 1 1 1 1 1 1 1 1 1 1 0 0 247548 451336 167126 268634 241524 287942 555070 210736 246104 85212 83020 71752 112196 33802 122130 104500 33264 100004 2073600 2073600 
[13612.069759] MESSAGE_B= 4 4 0 255 0 6 192 64 248 179 0 2534 2534 2534 2534 2534 2534 2534 2534 590 590 590 590 590 590 590 590 0 31 255 255 255 255 12 12 12 12 0 0 0 0 0 0 0 0 0 6 0 0 247548 451336 167126 268634 241524 287942 555070 210736 246104 85212 83020 71752 112196 33802 122130 104500 33264 100004 2073600 2073600 
[13612.339768] MESSAGE_B= 0 0 0 16 1 11 192 64 248 179 0 16 16 16 16 16 16 16 16 0 0 0 0 0 0 0 0 0 25 0 0 0 0 0 0 0 0 0 0 0 0 1 1 0 1 1 11 17684 31704 247548 451336 167126 268634 241524 287942 555070 210736 246104 85212 83020 71752 112196 33802 122130 104500 33264 100004 2073600 2073600 
[13612.606760] MESSAGE_B= 0 0 0 255 2 3 192 64 248 179 0 16 16 16 16 16 16 16 16 0 0 0 0 0 0 0 0 0 25 0 0 0 0 0 123 221 0 0 0 0 0 1 0 0 1 2 3 13440 52578 247548 451336 167126 268634 241524 287942 555070 210736 246104 85212 83020 71752 112196 33802 122130 104500 33264 100004 2073600 2073600 
[13612.873762] MESSAGE_B= 7 0 0 255 2 3 192 64 248 179 0 16 16 16 16 16 16 16 16 0 0 0 0 0 0 0 0 0 25 0 0 0 0 0 125 251 0 0 0 0 0 1 2 2 1 2 3 10126 10461 14504 413676 109552 73016 2 2 476632 302 4346 7174 75616 66010 2 2 2 2 2684 4510 2073600 2073600 
[13613.137759] MESSAGE_B= 7 0 0 254 2 2 192 64 248 179 0 16 16 16 16 16 16 16 16 0 0 0 0 0 0 0 0 0 25 0 0 0 0 0 165 254 0 2 2 0 0 1 2 2 1 2 2 14783 14470 14504 413676 109552 73016 2 2 476632 302 4346 7174 75616 66010 2 2 2 2 2684 4510 2073600 2073600 
[13613.401759] MESSAGE_B= 7 0 0 253 2 2 192 64 248 179 0 16 16 16 16 16 16 16 16 0 0 0 0 0 0 0 0 0 25 0 0 0 0 0 242 254 0 2 2 0 0 1 2 2 1 2 2 12155 22501 14504 413676 109552 73016 2 2 476632 302 4346 7174 75616 66010 2 2 2 2 2684 4510 2073600 2073600 
[13613.665762] MESSAGE_B= 7 0 0 252 2 1 192 64 248 179 0 16 16 16 16 16 16 16 16 0 0 0 0 0 0 0 0 0 25 0 0 0 0 0 247 254 0 2 2 2 2 1 2 2 1 2 1 24958 22837 14504 413676 109552 73016 2 2 476632 302 4346 7174 75616 66010 2 2 2 2 2684 4510 2073600 2073600 
[13613.808760] MESSAGE_B= 7 0 0 253 1 1 192 64 248 179 0 16 16 16 16 16 16 16 16 0 0 0 0 0 0 0 0 0 25 0 0 0 0 0 247 255 0 2 2 2 2 1 2 2 1 1 1 50256 46615 14504 413676 109552 73016 2 2 476632 302 4346 7174 75616 66010 2 2 2 2 2684 4510 2073600 2073600 
[13614.072766] MESSAGE_B= 7 0 0 253 1 1 192 64 248 179 0 16 16 16 16 16 16 16 16 0 0 0 0 0 0 0 0 0 25 0 0 0 0 0 246 254 0 2 2 2 2 1 2 2 1 1 1 49054 33967 14504 413676 109552 73016 2 2 476632 302 4346 7174 75616 66010 2 2 2 2 2684 4510 2073600 2073600 
[13614.336760] MESSAGE_B= 7 0 0 253 1 1 192 64 248 179 0 16 16 16 16 16 16 16 16 0 0 0 0 0 0 0 0 0 25 0 0 0 0 0 246 254 0 2 2 2 2 1 2 2 1 1 1 58454 50793 14504 413676 109552 73016 2 2 476632 302 4346 7174 75616 66010 2 2 2 2 2684 4510 2073600 2073600 
[13614.600758] MESSAGE_B= 7 0 0 252 1 1 192 64 248 179 0 16 16 16 16 16 16 16 16 0 0 0 0 0 0 0 0 0 25 0 0 0 0 0 246 254 0 2 2 2 2 1 2 2 1 1 1 49994 33064 14504 413676 109552 73016 2 2 476632 302 4346 7174 75616 66010 2 2 2 2 2684 4510 2073600 2073600 
[13614.865765] MESSAGE_B= 7 0 0 252 2 1 192 64 248 179 0 16 16 16 16 16 16 16 16 0 0 0 0 0 0 0 0 0 25 0 0 0 0 0 247 254 0 2 2 2 2 1 2 2 1 2 1 58302 50818 14504 413676 109552 73016 2 2 476632 302 4346 7174 75616 66010 2 2 2 2 2684 4510 2073600 2073600 
[13615.129761] MESSAGE_B= 7 0 0 253 2 1 192 64 248 179 0 16 16 16 16 16 16 16 16 0 0 0 0 0 0 0 0 0 25 0 0 0 0 0 246 254 0 2 2 2 2 1 2 2 1 2 1 58104 39296 38796 21632 27752 42582 40492 44592 57464 44104 36570 36696 14228 32664 35512 31146 12046 43136 14732 33622 2073600 2073600 
[13615.395761] MESSAGE_B= 7 0 0 252 2 1 192 64 248 179 0 16 16 16 16 16 16 16 16 0 0 0 0 0 0 0 0 0 25 0 0 0 0 0 247 254 0 2 2 2 2 1 2 2 1 2 1 58338 50814 38796 21632 27752 42582 40492 44592 57464 44104 36570 36696 14228 32664 35512 31146 12046 43136 14732 33622 2073600 2073600 
[13615.540755] MESSAGE_B= 7 0 0 253 2 1 192 64 248 179 0 16 16 16 16 16 16 16 16 0 0 0 0 0 0 0 0 0 25 0 0 0 0 0 246 254 0 2 2 2 2 1 2 2 1 2 1 58859 35487 38796 21632 27752 42582 40492 44592 57464 44104 36570 36696 14228 32664 35512 31146 12046 43136 14732 33622 2073600 2073600 
[13615.806760] MESSAGE_B= 7 0 0 253 2 1 192 64 248 179 0 16 16 16 16 16 16 16 16 0 0 0 0 0 0 0 0 0 25 0 0 0 0 0 246 254 0 2 2 2 2 1 2 2 1 2 1 58026 50807 38796 21632 27752 42582 40492 44592 57464 44104 36570 36696 14228 32664 35512 31146 12046 43136 14732 33622 2073600 2073600 
[13616.072760] MESSAGE_B= 7 0 0 253 2 1 192 64 248 179 0 16 16 16 16 16 16 16 16 0 0 0 0 0 0 0 0 0 25 0 0 0 0 0 247 254 0 2 2 2 2 1 2 2 1 2 1 58996 35761 38796 21632 27752 42582 40492 44592 57464 44104 36570 36696 14228 32664 35512 31146 12046 43136 14732 33622 2073600 2073600 
[13616.338765] MESSAGE_B= 7 0 0 253 2 1 192 64 248 179 0 16 16 16 16 16 16 16 16 0 0 0 0 0 0 0 0 0 25 0 0 0 0 0 246 254 0 2 2 2 2 1 2 2 1 2 1 58044 50808 38796 21632 27752 42582 40492 44592 57464 44104 36570 36696 14228 32664 35512 31146 12046 43136 14732 33622 2073600 2073600 
[13616.604760] MESSAGE_B= 7 0 0 253 2 1 192 64 248 179 0 16 16 16 16 16 16 16 16 0 0 0 0 0 0 0 0 0 25 0 0 0 0 0 247 254 0 2 2 2 2 1 2 2 1 2 1 58964 35759 38796 21632 27752 42582 40492 44592 57464 44104 36570 36696 14228 32664 35512 31146 12046 43136 14732 33622 2073600 2073600 
[13616.870758] MESSAGE_B= 7 0 0 253 2 1 192 64 248 179 0 16 16 16 16 16 16 16 16 0 0 0 0 0 0 0 0 0 25 0 0 0 0 0 246 254 0 2 2 2 2 1 2 2 1 2 1 57985 50811 38796 21632 27752 42582 40492 44592 57464 44104 36570 36696 14228 32664 35512 31146 12046 43136 14732 33622 2073600 2073600 
[13617.136762] MESSAGE_B= 7 0 0 253 2 1 192 64 248 179 0 16 16 16 16 16 16 16 16 0 0 0 0 0 0 0 0 0 25 0 0 0 0 0 246 254 0 2 2 2 2 1 2 2 1 2 1 58955 35771 38796 21632 27752 42582 40492 44592 57464 44104 36570 36696 14228 32664 35512 31146 12046 43136 14732 33622 2073600 2073600 
[13617.281766] MESSAGE_B= 7 0 0 253 2 1 192 64 248 179 0 16 16 16 16 16 16 16 16 0 0 0 0 0 0 0 0 0 25 0 0 0 0 0 247 254 0 2 2 2 2 1 2 2 1 2 1 58085 50810 37818 36484 27400 39146 27810 30582 41966 31938 30354 36812 28424 42928 37912 29670 12808 44588 13690 33010 2073600 2073600 

