[13834.635767] MESSAGE_B= 5 0 0 242 11 4 192 64 248 179 0 0 0 0 0 0 0 0 0 0 0 0 0 0 0 0 0 1 12 0 0 0 0 0 0 0 0 0 0 0 0 1 0 0 1 11 4 1720 0 19062 16102 2 2 2 2 29098 9432 12082 1398 4142 2 2 2 2 7690 19986 944 2073600 2073600 
[13834.896768] MESSAGE_B= 7 0 0 250 11 3 192 64 248 179 0 0 0 0 0 0 0 0 0 0 0 0 0 0 0 0 0 1 12 0 0 0 0 0 0 0 0 0 0 0 0 1 0 0 1 11 3 10374 16346 19062 16102 2 2 2 2 29098 9432 12082 1398 4142 2 2 2 2 7690 19986 944 2073600 2073600 
[13835.158757] MESSAGE_B= 7 0 0 242 7 3 192 64 248 179 0 0 0 0 0 0 0 0 0 0 0 0 0 0 0 0 0 1 12 0 0 0 0 0 0 0 0 0 0 0 0 1 0 0 1 7 3 2204 200 19062 16102 2 2 2 2 29098 9432 12082 1398 4142 2 2 2 2 7690 19986 944 2073600 2073600 
[13835.299764] MESSAGE_B= 7 0 0 242 6 4 192 64 248 179 0 0 0 0 0 0 0 0 0 0 0 0 0 0 0 0 0 1 12 0 0 0 0 0 0 0 0 0 0 0 0 1 0 0 1 6 4 5638 14895 19062 16102 2 2 2 2 29098 9432 12082 1398 4142 2 2 2 2 7690 19986 944 2073600 2073600 
[13835.561757] MESSAGE_B= 7 0 0 242 6 3 192 64 248 179 0 0 0 0 0 0 0 0 0 0 0 0 0 0 0 0 0 1 12 0 0 0 0 0 0 0 0 0 0 0 0 1 0 0 1 6 3 1896 201 19062 16102 2 2 2 2 29098 9432 12082 1398 4142 2 2 2 2 7690 19986 944 2073600 2073600 
[13835.823758] MESSAGE_B= 7 0 0 250 7 3 192 64 248 179 0 0 0 0 0 0 0 0 0 0 0 0 0 0 0 0 0 1 12 0 0 0 0 0 0 0 0 0 0 0 0 1 0 0 1 7 3 6831 14903 19062 16102 2 2 2 2 29098 9432 12082 1398 4142 2 2 2 2 7690 19986 944 2073600 2073600 
[13836.085760] MESSAGE_B= 7 0 0 242 9 3 192 64 248 179 0 0 0 0 0 0 0 0 0 0 0 0 0 0 0 0 0 1 12 0 0 0 0 0 0 0 0 0 0 0 0 1 0 0 1 9 3 1506 201 19062 16102 2 2 2 2 29098 9432 12082 1398 4142 2 2 2 2 7690 19986 944 2073600 2073600 
[13836.346760] MESSAGE_B= 7 0 0 250 8 4 192 64 248 179 0 0 0 0 0 0 0 0 0 0 0 0 0 0 0 0 0 1 12 0 0 0 0 0 0 0 0 0 0 0 0 1 0 0 1 8 4 6903 14591 19062 16102 2 2 2 2 29098 9432 12082 1398 4142 2 2 2 2 7690 19986 944 2073600 2073600 
[13836.588758] MESSAGE_B= 7 0 0 250 6 3 192 64 248 179 0 0 0 0 0 0 0 0 0 0 0 0 0 0 0 0 0 1 12 0 0 0 0 0 0 0 0 0 0 0 0 1 0 0 1 6 3 1526 201 15528 67028 26722 13844 18914 10960 87284 40070 17864 2464 3612 2966 2472 1986 2526 7172 49188 2762 2073600 2073600 
[13836.852755] MESSAGE_B= 7 0 0 242 6 3 192 64 248 179 0 0 0 0 0 0 0 0 0 0 0 0 0 0 0 0 0 1 12 0 0 0 0 0 0 0 0 0 0 0 0 1 0 0 1 6 3 6808 14604 15528 67028 26722 13844 18914 10960 87284 40070 17864 2464 3612 2966 2472 1986 2526 7172 49188 2762 2073600 2073600 
[13837.117760] MESSAGE_B= 7 0 0 242 6 3 192 64 248 179 0 0 0 0 0 0 0 0 0 0 0 0 0 0 0 0 0 1 12 0 0 0 0 0 0 0 0 0 0 0 0 1 0 0 1 6 3 2066 201 15528 67028 26722 13844 18914 10960 87284 40070 17864 2464 3612 2966 2472 1986 2526 7172 49188 2762 2073600 2073600 
[13837.381761] MESSAGE_B= 7 0 0 250 6 3 192 64 248 179 0 0 0 0 0 0 0 0 0 0 0 0 0 0 0 0 0 1 12 0 0 0 0 0 0 0 0 0 0 0 0 1 0 0 1 6 3 6736 14576 15528 67028 26722 13844 18914 10960 87284 40070 17864 2464 3612 2966 2472 1986 2526 7172 49188 2762 2073600 2073600 
[13837.645761] MESSAGE_B= 7 0 0 242 5 4 192 64 248 179 0 0 0 0 0 0 0 0 0 0 0 0 0 0 0 0 0 1 12 0 0 0 0 0 0 0 0 0 0 0 0 1 0 0 1 5 4 1725 201 15528 67028 26722 13844 18914 10960 87284 40070 17864 2464 3612 2966 2472 1986 2526 7172 49188 2762 2073600 2073600 
[13837.909761] MESSAGE_B= 7 0 0 250 8 4 192 64 248 179 0 0 0 0 0 0 0 0 0 0 0 0 0 0 0 0 0 1 12 0 0 0 0 0 0 0 0 0 0 0 0 1 0 0 1 8 4 6769 14740 15528 67028 26722 13844 18914 10960 87284 40070 17864 2464 3612 2966 2472 1986 2526 7172 49188 2762 2073600 2073600 
[13838.173758] MESSAGE_B= 7 0 0 242 6 4 192 64 248 179 0 0 0 0 0 0 0 0 0 0 0 0 0 0 0 0 0 1 12 0 0 0 0 0 0 0 0 0 0 0 0 1 0 0 1 6 4 1670 201 15528 67028 26722 13844 18914 10960 87284 40070 17864 2464 3612 2966 2472 1986 2526 7172 49188 2762 2073600 2073600 
[13838.316755] MESSAGE_B= 7 0 0 250 6 3 192 64 248 179 0 0 0 0 0 0 0 0 0 0 0 0 0 0 0 0 0 1 12 0 0 0 0 0 0 0 0 0 0 0 0 1 0 0 1 6 3 6432 14950 15528 67028 26722 13844 18914 10960 87284 40070 17864 2464 3612 2966 2472 1986 2526 7172 49188 2762 2073600 2073600 
[13838.580759] MESSAGE_B= 7 0 0 250 8 4 192 64 248 179 0 0 0 0 0 0 0 0 0 0 0 0 0 0 0 0 0 1 12 0 0 0 0 0 0 0 0 0 0 0 0 1 0 0 1 8 4 1262 201 15528 67028 26722 13844 18914 10960 87284 40070 17864 2464 3612 2966 2472 1986 2526 7172 49188 2762 2073600 2073600 
[13838.844757] MESSAGE_B= 7 0 0 250 6 4 192 64 248 179 0 0 0 0 0 0 0 0 0 0 0 0 0 0 0 0 0 1 12 0 0 0 0 0 0 0 0 0 0 0 0 1 0 0 1 6 4 6338 14360 15942 63412 15014 5244 19384 11410 86152 39942 18336 1928 1498 1618 2384 1360 2826 8632 19300 1934 2073600 2073600 
[13839.108754] MESSAGE_B= 7 0 0 250 7 4 192 64 248 179 0 0 0 0 0 0 0 0 0 0 0 0 0 0 0 0 0 1 12 0 0 0 0 0 0 0 0 0 0 0 0 1 0 0 1 7 4 1352 201 15942 63412 15014 5244 19384 11410 86152 39942 18336 1928 1498 1618 2384 1360 2826 8632 19300 1934 2073600 2073600 
[13839.372757] MESSAGE_B= 7 0 0 242 5 4 192 64 248 179 0 0 0 0 0 0 0 0 0 0 0 0 0 0 0 0 0 1 12 0 0 0 0 0 0 0 0 0 0 0 0 1 0 0 1 5 4 6617 14271 15942 63412 15014 5244 19384 11410 86152 39942 18336 1928 1498 1618 2384 1360 2826 8632 19300 1934 2073600 2073600 
[13839.637758] MESSAGE_B= 7 0 0 250 6 4 192 64 248 179 0 0 0 0 0 0 0 0 0 0 0 0 0 0 0 0 0 1 12 0 0 0 0 0 0 0 0 0 0 0 0 1 0 0 1 6 4 1622 201 15942 63412 15014 5244 19384 11410 86152 39942 18336 1928 1498 1618 2384 1360 2826 8632 19300 1934 2073600 2073600 
[13839.901759] MESSAGE_B= 7 0 0 242 10 4 192 64 248 179 0 0 0 0 0 0 0 0 0 0 0 0 0 0 0 0 0 1 12 0 0 0 0 0 0 0 0 0 0 0 0 1 0 0 1 10 4 6607 14724 15942 63412 15014 5244 19384 11410 86152 39942 18336 1928 1498 1618 2384 1360 2826 8632 19300 1934 2073600 2073600 
[13840.165760] MESSAGE_B= 7 0 0 250 14 4 192 64 248 179 0 0 0 0 0 0 0 0 0 0 0 0 0 0 0 0 0 1 12 0 0 0 0 0 0 0 0 0 0 0 0 1 0 0 1 14 4 1318 201 15942 63412 15014 5244 19384 11410 86152 39942 18336 1928 1498 1618 2384 1360 2826 8632 19300 1934 2073600 2073600 
[13840.308756] MESSAGE_B= 7 0 0 242 12 4 192 64 248 179 0 0 0 0 0 0 0 0 0 0 0 0 0 0 0 0 0 1 12 0 0 0 0 0 0 0 0 0 0 0 0 1 0 0 1 12 4 9198 17486 15942 63412 15014 5244 19384 11410 86152 39942 18336 1928 1498 1618 2384 1360 2826 8632 19300 1934 2073600 2073600 
[13840.572758] MESSAGE_B= 7 0 0 250 27 4 192 64 248 179 0 0 0 0 0 0 0 0 0 0 0 0 0 0 0 0 0 1 12 0 0 0 0 0 0 0 0 0 0 0 0 1 0 0 1 27 4 1531 201 15942 63412 15014 5244 19384 11410 86152 39942 18336 1928 1498 1618 2384 1360 2826 8632 19300 1934 2073600 2073600 
[13840.836761] MESSAGE_B= 7 0 0 242 41 4 192 64 248 179 0 0 0 0 0 0 0 0 0 0 0 0 0 0 0 0 0 1 12 0 0 0 0 0 0 0 0 0 0 0 0 1 0 0 1 41 4 10375 14733 15942 63412 15014 5244 19384 11410 86152 39942 18336 1928 1498 1618 2384 1360 2826 8632 19300 1934 2073600 2073600 
[13841.101760] MESSAGE_B= 7 0 0 250 100 4 192 64 248 179 0 0 0 0 0 0 0 0 0 0 0 0 0 0 0 0 0 1 12 0 0 0 0 0 0 0 0 1 1 0 0 1 0 0 1 100 4 1480 201 24690 73914 15058 5398 19052 8644 85516 87560 18646 1654 1498 1500 3214 1532 3006 9456 19564 2096 2073600 2073600 
[13841.365765] MESSAGE_B= 7 7 0 243 2 4 192 64 248 179 0 0 0 0 0 0 0 0 0 0 0 0 0 0 0 0 0 1 12 0 0 0 0 0 0 0 0 1 1 1 1 1 1 1 1 2 4 10426 20458 24690 73914 15058 5398 19052 8644 85516 87560 18646 1654 1498 1500 3214 1532 3006 9456 19564 2096 2073600 2073600 
[13841.629764] MESSAGE_B= 7 7 0 251 2 3 192 64 248 179 0 0 0 0 0 0 0 0 0 0 0 0 0 0 0 0 0 1 12 0 0 0 0 0 0 0 0 1 1 1 1 1 1 1 1 2 3 0 190 24690 73914 15058 5398 19052 8644 85516 87560 18646 1654 1498 1500 3214 1532 3006 9456 19564 2096 2073600 2073600 
[13841.893759] MESSAGE_B= 7 7 0 243 2 3 192 64 248 179 0 0 0 0 0 0 0 0 0 0 0 0 0 0 0 0 0 1 12 0 0 0 0 0 0 0 0 1 1 1 1 1 1 1 1 2 3 0 0 24690 73914 15058 5398 19052 8644 85516 87560 18646 1654 1498 1500 3214 1532 3006 9456 19564 2096 2073600 2073600 
[13842.157760] MESSAGE_B= 7 0 0 249 7 3 192 64 248 179 0 0 196 0 435 446 0 136 0 0 0 0 0 0 0 0 0 1 12 25 0 0 0 0 0 0 0 1 1 1 1 1 1 0 1 7 3 0 0 24690 73914 15058 5398 19052 8644 85516 87560 18646 1654 1498 1500 3214 1532 3006 9456 19564 2096 2073600 2073600 
[13842.300755] MESSAGE_B= 7 0 0 241 11 4 192 64 248 179 0 0 356 0 948 1137 0 328 0 0 0 0 0 0 0 0 0 1 12 0 0 0 0 0 0 0 0 0 1 0 1 0 1 0 1 11 4 3256 1840 24690 73914 15058 5398 19052 8644 85516 87560 18646 1654 1498 1500 3214 1532 3006 9456 19564 2096 2073600 2073600 
[13842.565762] MESSAGE_B= 7 0 0 249 18 4 192 64 248 179 0 0 443 0 1400 1426 0 418 0 0 0 0 0 0 0 0 0 1 12 0 0 0 0 0 0 0 0 0 0 0 1 0 0 0 1 18 4 1128 3718 24690 73914 15058 5398 19052 8644 85516 87560 18646 1654 1498 1500 3214 1532 3006 9456 19564 2096 2073600 2073600 
[13842.830755] MESSAGE_B= 7 0 0 242 6 3 192 64 248 179 0 0 482 0 1457 1554 0 446 0 0 0 0 0 0 0 0 0 1 12 18 0 0 0 0 0 3 0 0 0 0 0 0 0 0 1 6 3 4412 23884 24690 73914 15058 5398 19052 8644 85516 87560 18646 1654 1498 1500 3214 1532 3006 9456 19564 2096 2073600 2073600 
[13843.095755] MESSAGE_B= 7 0 0 248 6 3 192 64 248 179 0 0 488 0 1540 1541 0 468 0 0 0 0 0 0 0 0 0 1 12 0 21 0 0 0 0 0 0 0 0 0 0 0 0 0 0 6 3 1964 4446 24690 73914 15058 5398 19052 8644 85516 87560 18646 1654 1498 1500 3214 1532 3006 9456 19564 2096 2073600 2073600 
[13843.360757] MESSAGE_B= 7 0 0 242 6 3 192 64 248 179 0 0 521 0 1650 1728 0 473 0 0 0 0 0 0 0 0 0 1 12 0 0 0 0 0 0 0 0 0 0 0 0 0 0 0 0 6 3 18474 26649 32722 71604 3202 2 2 13342 143530 94804 36920 5578 238 58 2 92 3020 15360 40652 5676 2073600 2073600 
[13843.624759] MESSAGE_B= 7 0 0 249 7 3 192 64 248 179 0 0 540 0 1645 1709 0 456 0 0 0 0 0 0 0 0 0 1 12 0 0 0 0 0 0 0 0 0 0 0 0 0 0 0 1 7 3 2597 5402 32722 71604 3202 2 2 13342 143530 94804 36920 5578 238 58 2 92 3020 15360 40652 5676 2073600 2073600 
[13843.888754] MESSAGE_B= 7 0 0 241 6 3 192 64 248 179 0 0 528 0 1644 1713 0 473 0 0 0 0 0 0 0 0 0 1 12 0 0 0 0 0 0 0 0 0 0 0 0 0 0 0 0 6 3 12713 21527 32722 71604 3202 2 2 13342 143530 94804 36920 5578 238 58 2 92 3020 15360 40652 5676 2073600 2073600 
[13844.152755] MESSAGE_B= 7 0 0 241 6 3 192 64 248 179 0 0 516 0 1634 1678 0 484 0 0 0 0 0 0 0 0 0 1 12 0 0 0 0 0 0 0 0 0 0 0 0 0 0 0 0 6 3 3154 5804 32722 71604 3202 2 2 13342 143530 94804 36920 5578 238 58 2 92 3020 15360 40652 5676 2073600 2073600 
[13844.295756] MESSAGE_B= 7 0 0 248 7 3 192 64 248 179 0 0 520 0 1636 1645 0 473 0 0 0 0 0 0 0 0 0 1 12 0 0 0 0 0 0 0 0 0 0 0 0 0 0 0 0 7 3 12614 21407 32722 71604 3202 2 2 13342 143530 94804 36920 5578 238 58 2 92 3020 15360 40652 5676 2073600 2073600 
[13844.559756] MESSAGE_B= 7 0 0 241 6 3 192 64 248 179 0 0 525 0 1652 1718 0 473 0 0 0 0 0 0 0 0 0 1 12 0 0 0 0 0 0 0 0 0 0 0 0 0 0 0 0 6 3 2790 5707 32722 71604 3202 2 2 13342 143530 94804 36920 5578 238 58 2 92 3020 15360 40652 5676 2073600 2073600 
[13844.823755] MESSAGE_B= 7 0 0 248 6 3 192 64 248 179 0 0 522 0 1648 1712 0 468 0 0 0 0 0 0 0 0 0 1 12 0 0 0 0 0 0 0 0 0 0 0 0 0 0 0 0 6 3 12513 21526 32722 71604 3202 2 2 13342 143530 94804 36920 5578 238 58 2 92 3020 15360 40652 5676 2073600 2073600 
[13844.966756] MESSAGE_B= 7 0 0 248 7 4 192 64 248 179 0 0 534 0 1645 1705 0 472 0 0 0 0 0 0 0 0 0 1 12 0 0 0 0 0 0 0 0 0 0 0 0 0 0 0 0 7 4 12513 21526 32722 71604 3202 2 2 13342 143530 94804 36920 5578 238 58 2 92 3020 15360 40652 5676 2073600 2073600 
[13845.109762] MESSAGE_B= 7 0 0 241 7 4 192 64 248 179 0 0 534 0 1644 1705 0 474 0 0 0 0 0 0 0 0 0 1 12 0 0 0 0 0 0 0 0 0 0 0 0 0 0 0 0 7 4 12513 21526 32722 71604 3202 2 2 13342 143530 94804 36920 5578 238 58 2 92 3020 15360 40652 5676 2073600 2073600 
[13845.252756] MESSAGE_B= 7 0 0 241 7 3 192 64 248 179 0 0 522 0 1622 1652 0 485 0 0 0 0 0 0 0 0 0 1 12 0 0 0 0 0 0 0 0 0 0 0 0 0 0 0 0 7 3 2945 5818 32722 71604 3202 2 2 13342 143530 94804 36920 5578 238 58 2 92 3020 15360 40652 5676 2073600 2073600 
[13845.395759] MESSAGE_B= 7 0 0 248 7 3 192 64 248 179 0 0 526 0 1660 1717 0 462 0 0 0 0 0 0 0 0 0 1 12 0 0 0 0 0 0 0 0 0 0 0 0 0 0 0 0 7 3 2945 5818 32722 71604 3202 2 2 13342 143530 94804 36920 5578 238 58 2 92 3020 15360 40652 5676 2073600 2073600 
[13845.901761] MESSAGE_B= 7 0 0 241 6 4 192 64 248 179 0 0 541 0 1532 1723 0 493 0 0 0 0 0 0 0 0 0 1 12 0 0 0 0 0 0 0 0 0 0 0 0 0 0 0 1 6 4 12998 20543 35028 105924 27050 26732 16796 27022 127050 38794 39890 5416 12348 2244 6210 6326 6132 16316 40118 6278 2073600 2073600 
[13846.167758] MESSAGE_B= 7 0 0 248 7 4 192 64 248 179 0 0 528 0 1649 1692 0 462 0 0 0 0 0 0 0 0 0 1 12 0 0 0 0 0 0 0 0 0 0 0 0 0 0 0 0 7 4 3303 5700 35028 105924 27050 26732 16796 27022 127050 38794 39890 5416 12348 2244 6210 6326 6132 16316 40118 6278 2073600 2073600 
[13846.311757] MESSAGE_B= 7 0 0 241 7 4 192 64 248 179 0 0 524 0 1629 1685 0 470 0 0 0 0 0 0 0 0 0 1 12 0 0 0 0 0 0 0 0 0 0 0 0 0 0 0 0 7 4 12680 21509 35028 105924 27050 26732 16796 27022 127050 38794 39890 5416 12348 2244 6210 6326 6132 16316 40118 6278 2073600 2073600 
[13846.577754] MESSAGE_B= 7 0 0 248 7 4 192 64 248 179 0 0 513 0 1546 1730 0 482 0 0 0 0 0 0 0 0 0 1 12 0 0 0 0 0 0 0 0 0 0 0 0 0 0 0 0 7 4 3150 5682 35028 105924 27050 26732 16796 27022 127050 38794 39890 5416 12348 2244 6210 6326 6132 16316 40118 6278 2073600 2073600 
[13846.842755] MESSAGE_B= 7 0 0 241 7 4 192 64 248 179 0 0 541 0 1654 1721 0 464 0 0 0 0 0 0 0 0 0 1 12 0 0 0 0 0 0 0 0 0 0 0 0 0 0 0 0 7 4 13264 21244 35028 105924 27050 26732 16796 27022 127050 38794 39890 5416 12348 2244 6210 6326 6132 16316 40118 6278 2073600 2073600 
[13847.108754] MESSAGE_B= 7 0 0 248 6 4 192 64 248 179 0 0 528 0 1653 1714 0 464 0 0 0 0 0 0 0 0 0 1 12 0 0 0 0 0 0 0 0 0 0 0 0 0 0 0 1 6 4 3198 5588 35028 105924 27050 26732 16796 27022 127050 38794 39890 5416 12348 2244 6210 6326 6132 16316 40118 6278 2073600 2073600 
[13847.373762] MESSAGE_B= 7 0 0 241 7 4 192 64 248 179 0 0 524 0 1657 1725 0 472 0 0 0 0 0 0 0 0 0 1 12 0 0 0 0 0 0 0 0 0 0 0 0 0 0 0 0 7 4 12909 20687 35028 105924 27050 26732 16796 27022 127050 38794 39890 5416 12348 2244 6210 6326 6132 16316 40118 6278 2073600 2073600 
[13847.638756] MESSAGE_B= 7 0 0 248 7 4 192 64 248 179 0 0 512 0 1412 1757 0 494 0 0 0 0 0 0 0 0 0 1 12 18 0 0 0 0 0 3 0 0 0 0 0 0 0 0 0 7 4 3585 5823 35028 105924 27050 26732 16796 27022 127050 38794 39890 5416 12348 2244 6210 6326 6132 16316 40118 6278 2073600 2073600 
[13847.903755] MESSAGE_B= 7 0 0 241 7 4 192 64 248 179 0 0 540 0 1641 1722 0 470 0 0 0 0 0 0 0 0 0 1 12 0 0 0 0 0 0 0 0 0 0 0 0 0 0 0 0 7 4 13143 20763 34632 106232 27050 27280 16146 26990 127480 39590 39646 5652 11986 650 6280 6600 6064 15690 39652 5956 2073600 2073600 
[13848.168762] MESSAGE_B= 7 0 0 248 7 4 192 64 248 179 0 0 536 0 1589 1696 0 448 0 0 0 0 0 0 0 0 0 1 12 18 0 0 0 0 0 3 0 0 0 0 0 0 0 0 1 7 4 3383 5596 34632 106232 27050 27280 16146 26990 127480 39590 39646 5652 11986 650 6280 6600 6064 15690 39652 5956 2073600 2073600 
[13848.312759] MESSAGE_B= 7 0 0 241 7 4 192 64 248 179 0 0 521 0 1630 1696 0 464 0 0 0 0 0 0 0 0 0 1 12 0 0 0 0 0 0 0 0 0 0 0 0 0 0 0 0 7 4 12861 20782 34632 106232 27050 27280 16146 26990 127480 39590 39646 5652 11986 650 6280 6600 6064 15690 39652 5956 2073600 2073600 
[13848.578758] MESSAGE_B= 7 0 0 248 7 4 192 64 248 179 0 0 544 0 1632 1724 0 462 0 0 0 0 0 0 0 0 0 1 12 0 0 0 0 0 0 0 0 0 0 0 0 0 0 0 1 7 4 3695 5668 34632 106232 27050 27280 16146 26990 127480 39590 39646 5652 11986 650 6280 6600 6064 15690 39652 5956 2073600 2073600 
[13848.843757] MESSAGE_B= 7 0 0 241 7 4 192 64 248 179 0 0 530 0 1645 1696 0 449 0 0 0 0 0 0 0 0 0 1 12 0 0 0 0 0 0 0 0 0 0 0 0 0 0 0 1 7 4 13278 20781 34632 106232 27050 27280 16146 26990 127480 39590 39646 5652 11986 650 6280 6600 6064 15690 39652 5956 2073600 2073600 
[13849.108756] MESSAGE_B= 7 0 0 248 7 4 192 64 248 179 0 0 518 0 1641 1700 0 464 0 0 0 0 0 0 0 0 0 1 12 0 0 0 0 0 0 0 0 0 0 0 0 0 0 0 0 7 4 3198 5770 34632 106232 27050 27280 16146 26990 127480 39590 39646 5652 11986 650 6280 6600 6064 15690 39652 5956 2073600 2073600 
[13849.373763] MESSAGE_B= 7 0 0 241 7 4 192 64 248 179 0 0 538 0 1657 1702 0 462 0 0 0 0 0 0 0 0 0 1 12 0 0 0 0 0 0 0 0 0 0 0 0 0 0 0 1 7 4 13449 20911 34632 106232 27050 27280 16146 26990 127480 39590 39646 5652 11986 650 6280 6600 6064 15690 39652 5956 2073600 2073600 
[13849.638758] MESSAGE_B= 7 0 0 248 7 4 192 64 248 179 0 0 521 0 1652 1718 0 476 0 0 0 0 0 0 0 0 0 1 12 0 0 0 0 0 0 0 0 0 0 0 0 0 0 0 0 7 4 3428 5862 34632 106232 27050 27280 16146 26990 127480 39590 39646 5652 11986 650 6280 6600 6064 15690 39652 5956 2073600 2073600 
[13849.903756] MESSAGE_B= 7 0 0 241 7 4 192 64 248 179 0 0 524 0 1661 1728 0 474 0 0 0 0 0 0 0 0 0 1 12 0 0 0 0 0 0 0 0 0 0 0 0 0 0 0 0 7 4 12871 21073 34632 106232 27050 27280 16146 26990 127480 39590 39646 5652 11986 650 6280 6600 6064 15690 39652 5956 2073600 2073600 
[13850.169760] MESSAGE_B= 7 0 0 248 6 4 192 64 248 179 0 0 541 0 1648 1718 0 469 0 0 0 0 0 0 0 0 0 1 12 0 0 0 0 0 0 0 0 0 0 0 0 0 0 0 0 6 4 3069 5660 34800 108038 27050 26564 16730 26770 126616 95024 40142 5940 11920 650 5828 6956 6348 19172 17696 5906 2073600 2073600 
[13850.313762] MESSAGE_B= 7 0 0 241 7 3 192 64 248 179 0 0 537 0 1665 1737 0 473 0 0 0 0 0 0 0 0 0 1 12 0 0 0 0 0 0 0 0 0 0 0 0 0 0 0 0 7 3 13150 21145 34800 108038 27050 26564 16730 26770 126616 95024 40142 5940 11920 650 5828 6956 6348 19172 17696 5906 2073600 2073600 
[13850.579761] MESSAGE_B= 7 0 0 246 6 2 192 64 248 179 0 0 534 0 1653 1730 0 482 0 0 0 0 0 0 0 0 0 1 12 0 0 0 0 0 0 0 0 0 0 0 0 0 0 0 0 6 2 3271 5672 34800 108038 27050 26564 16730 26770 126616 95024 40142 5940 11920 650 5828 6956 6348 19172 17696 5906 2073600 2073600 
[13850.844760] MESSAGE_B= 7 0 0 221 5 1 192 64 248 179 0 0 546 0 1673 1733 20 488 944 0 0 0 0 0 0 0 0 1 12 0 0 0 0 0 0 0 0 0 0 0 0 0 0 0 0 5 1 12779 20638 34800 108038 27050 26564 16730 26770 126616 95024 40142 5940 11920 650 5828 6956 6348 19172 17696 5906 2073600 2073600 
[13851.110767] MESSAGE_B= 0 0 0 182 4 1 192 64 248 179 0 715 733 1057 689 577 752 2668 583 233 563 929 427 28 616 824 33 0 12 247 250 7 61 28 116 78 54 2 2 2 2 0 2 0 2 4 1 255614 89375 34800 108038 27050 26564 16730 26770 126616 95024 40142 5940 11920 650 5828 6956 6348 19172 17696 5906 2073600 2073600 
[13851.379773] MESSAGE_B= 5 0 0 150 4 1 192 64 248 179 0 846 551 530 501 826 726 607 449 213 422 372 227 47 588 372 34 0 4 224 244 71 20 7 65 44 52 0 2 0 0 0 0 0 2 4 1 528196 62103 34800 108038 27050 26564 16730 26770 126616 95024 40142 5940 11920 650 5828 6956 6348 19172 17696 5906 2073600 2073600 
[13851.647761] MESSAGE_B= 0 0 0 175 4 1 192 64 248 179 0 1217 1366 1052 1412 1070 1016 1718 996 147 705 1037 725 45 17 971 164 0 4 215 226 9 238 13 62 132 0 2 2 2 2 0 0 2 1 4 1 378282 70208 34800 108038 27050 26564 16730 26770 126616 95024 40142 5940 11920 650 5828 6956 6348 19172 17696 5906 2073600 2073600 
[13851.916772] MESSAGE_B= 5 0 0 164 3 2 192 64 248 179 0 2722 2632 2535 2552 0 0 0 0 782 537 906 435 0 0 0 0 0 5 200 144 0 0 0 134 162 0 0 0 1 1 1 0 2 1 3 2 524265 40650 34800 108038 27050 26564 16730 26770 126616 95024 40142 5940 11920 650 5828 6956 6348 19172 17696 5906 2073600 2073600 
[13852.183764] MESSAGE_B= 0 0 0 156 3 2 192 64 248 179 0 2996 1707 2226 1632 0 1537 0 1318 363 692 602 444 0 583 0 75 0 5 9 228 0 42 0 61 52 45 2 2 1 2 1 2 0 2 3 2 356581 111068 34800 108038 27050 26564 16730 26770 126616 95024 40142 5940 11920 650 5828 6956 6348 19172 17696 5906 2073600 2073600 
[13852.330763] MESSAGE_B= 0 0 0 148 2 2 192 64 248 179 0 1823 1372 1332 1671 1882 1397 1264 1465 132 301 238 225 60 144 129 169 0 5 131 119 58 139 0 41 9 10 0 2 0 2 0 2 0 2 2 2 536112 123879 176510 103352 27050 32850 59016 25600 99546 63334 125302 524138 12242 411818 756606 853080 16798 1154926 175604 370758 2073600 2073600 
[13852.601764] MESSAGE_B= 0 0 0 164 2 1 192 64 248 179 0 2067 1503 1502 1655 2017 1520 1481 1657 124 147 172 169 148 78 92 151 0 5 63 35 62 138 28 16 36 29 0 0 0 0 0 0 0 0 2 1 294795 112634 176510 103352 27050 32850 59016 25600 99546 63334 125302 524138 12242 411818 756606 853080 16798 1154926 175604 370758 2073600 2073600 
[13852.871762] MESSAGE_B= 0 0 0 158 2 2 192 64 248 179 0 2171 1693 1665 1948 2159 1944 1702 1980 73 184 217 155 76 210 160 148 0 5 22 49 99 142 120 98 53 41 0 0 0 0 0 0 0 0 2 2 275625 136474 176510 103352 27050 32850 59016 25600 99546 63334 125302 524138 12242 411818 756606 853080 16798 1154926 175604 370758 2073600 2073600 
[13853.142765] MESSAGE_B= 0 0 0 139 2 1 192 64 248 179 0 2305 1694 1705 1819 2278 1834 1720 1844 118 68 95 129 158 114 68 125 0 5 66 30 10 125 29 25 140 12 0 0 0 0 0 0 0 0 2 1 339273 84515 176510 103352 27050 32850 59016 25600 99546 63334 125302 524138 12242 411818 756606 853080 16798 1154926 175604 370758 2073600 2073600 
[13853.412767] MESSAGE_B= 0 0 0 114 2 2 192 64 248 179 0 2378 1762 1767 1805 2401 2027 1749 1892 105 104 106 130 94 174 64 163 0 5 55 23 88 149 35 34 67 50 0 0 0 0 0 0 0 0 2 2 368797 97935 176510 103352 27050 32850 59016 25600 99546 63334 125302 524138 12242 411818 756606 853080 16798 1154926 175604 370758 2073600 2073600 
[13853.682766] MESSAGE_B= 0 0 0 115 2 2 192 64 248 179 0 2374 1752 1734 1770 2409 1903 1722 1842 84 84 89 108 75 135 66 149 0 5 44 47 153 134 90 7 106 44 0 0 0 0 0 0 0 0 2 2 350600 163810 176510 103352 27050 32850 59016 25600 99546 63334 125302 524138 12242 411818 756606 853080 16798 1154926 175604 370758 2073600 2073600 
[13853.952762] MESSAGE_B= 0 0 0 120 2 1 192 64 248 179 0 2393 1763 1744 1827 2419 1861 1715 1843 89 92 76 117 94 109 57 127 0 5 28 19 131 152 67 13 118 40 0 0 0 0 0 0 0 0 2 1 474780 86292 176510 103352 27050 32850 59016 25600 99546 63334 125302 524138 12242 411818 756606 853080 16798 1154926 175604 370758 2073600 2073600 
[13854.222762] MESSAGE_B= 0 0 0 117 2 2 192 64 248 179 0 2384 1753 1735 1815 2372 1806 1703 1852 108 75 63 126 109 86 69 136 0 5 53 56 116 162 0 14 127 8 0 0 0 0 0 0 0 0 2 2 428235 139992 176510 103352 27050 32850 59016 25600 99546 63334 125302 524138 12242 411818 756606 853080 16798 1154926 175604 370758 2073600 2073600 
[13854.371761] MESSAGE_B= 0 0 0 118 2 2 192 64 248 179 0 2395 1763 1749 1827 2380 1777 1691 1784 104 79 68 144 118 106 61 103 0 5 24 66 142 185 42 19 81 53 0 0 0 0 0 0 0 0 2 2 407361 104728 176510 103352 27050 32850 59016 25600 99546 63334 125302 524138 12242 411818 756606 853080 16798 1154926 175604 370758 2073600 2073600 
[13854.641773] MESSAGE_B= 0 0 0 126 2 1 192 64 248 179 0 2266 2123 2071 2123 2230 2143 1912 2094 62 86 131 95 64 106 155 139 0 5 43 56 61 93 188 32 22 151 2 0 2 0 0 0 0 0 2 1 418242 101428 81160 72178 152158 162502 153540 95368 16130 18610 58512 541966 240902 507008 524610 734236 95856 226814 86142 376564 2073600 2073600 
[13854.911774] MESSAGE_B= 0 0 0 112 2 2 192 64 248 179 0 2407 1777 1766 2037 2414 1790 1712 1875 84 68 65 181 78 107 46 249 0 5 86 11 67 153 62 66 61 110 0 0 0 0 0 0 0 0 2 2 495191 135738 81160 72178 152158 162502 153540 95368 16130 18610 58512 541966 240902 507008 524610 734236 95856 226814 86142 376564 2073600 2073600 
[13855.181770] MESSAGE_B= 0 0 0 109 2 1 192 64 248 179 0 2400 1820 1843 1900 2303 1848 1750 1760 102 92 110 141 160 115 86 403 0 5 76 13 111 176 18 84 9 18 0 0 0 0 0 0 0 0 2 1 318425 92772 81160 72178 152158 162502 153540 95368 16130 18610 58512 541966 240902 507008 524610 734236 95856 226814 86142 376564 2073600 2073600 
[13855.451771] MESSAGE_B= 0 0 0 122 2 2 192 64 248 179 0 2384 1775 1771 1817 2377 1843 1743 1589 98 69 84 110 106 124 72 363 0 5 113 38 113 175 52 11 109 42 0 0 0 0 0 0 0 0 2 2 386846 158729 81160 72178 152158 162502 153540 95368 16130 18610 58512 541966 240902 507008 524610 734236 95856 226814 86142 376564 2073600 2073600 
[13855.721770] MESSAGE_B= 0 0 0 120 2 2 192 64 248 179 0 2390 1789 1778 1838 2389 1816 1742 1422 79 88 88 153 81 99 68 476 0 5 102 85 57 113 45 140 120 154 0 0 0 0 0 0 0 0 2 2 420619 114213 81160 72178 152158 162502 153540 95368 16130 18610 58512 541966 240902 507008 524610 734236 95856 226814 86142 376564 2073600 2073600 
[13855.991767] MESSAGE_B= 0 0 0 106 2 1 192 64 248 179 0 2343 1804 1738 1854 2399 1809 1718 1370 124 91 77 132 87 93 45 450 0 5 39 87 113 96 28 131 79 86 0 0 0 0 0 0 0 0 2 1 545945 179248 81160 72178 152158 162502 153540 95368 16130 18610 58512 541966 240902 507008 524610 734236 95856 226814 86142 376564 2073600 2073600 
[13856.261773] MESSAGE_B= 0 0 0 127 2 1 192 64 248 179 0 2379 1795 1780 2010 2300 1703 1705 1304 109 105 110 220 146 58 49 382 0 5 61 87 22 22 42 148 117 24 0 0 2 0 0 0 0 2 2 1 378397 63402 81160 72178 152158 162502 153540 95368 16130 18610 58512 541966 240902 507008 524610 734236 95856 226814 86142 376564 2073600 2073600 
[13856.410770] MESSAGE_B= 0 0 0 148 2 2 192 64 248 179 0 2404 1777 1800 2067 2342 1734 1770 1288 66 91 132 216 133 60 81 396 0 5 44 133 96 20 36 88 22 69 0 0 0 2 0 0 0 2 2 2 449911 208064 81160 72178 152158 162502 153540 95368 16130 18610 58512 541966 240902 507008 524610 734236 95856 226814 86142 376564 2073600 2073600 
[13856.680760] MESSAGE_B= 0 0 0 133 2 2 192 64 248 179 0 2327 1805 1890 2157 2411 1855 1839 1361 118 90 197 178 67 111 94 420 0 5 42 86 51 52 43 122 29 113 2 2 0 2 0 0 2 2 2 2 263291 213402 81160 72178 152158 162502 153540 95368 16130 18610 58512 541966 240902 507008 524610 734236 95856 226814 86142 376564 2073600 2073600 
[13856.950767] MESSAGE_B= 0 0 0 145 2 2 192 64 248 179 0 2409 1717 1739 1804 2401 1802 1731 1179 91 61 80 99 86 73 61 506 0 5 129 86 38 30 18 117 60 14 0 0 0 0 0 0 0 2 2 2 499674 100193 262054 21540 218560 182228 121358 142638 74314 340934 304802 788404 1240392 794088 607018 953252 327932 112102 71544 330080 2073600 2073600 
[13857.220761] MESSAGE_B= 0 0 0 122 2 2 192 64 248 179 0 2372 1731 1738 1890 2367 1750 1645 1110 111 75 91 148 100 60 143 520 0 5 147 76 86 8 50 139 128 87 0 0 0 0 0 0 0 2 2 2 418911 149939 262054 21540 218560 182228 121358 142638 74314 340934 304802 788404 1240392 794088 607018 953252 327932 112102 71544 330080 2073600 2073600 
[13857.491764] MESSAGE_B= 0 0 0 115 2 2 192 64 248 179 0 2242 2013 1894 2062 2247 2062 1451 1033 72 175 227 148 59 119 560 522 0 5 106 101 0 83 184 6 150 62 2 0 2 2 0 0 0 2 2 2 545774 257845 262054 21540 218560 182228 121358 142638 74314 340934 304802 788404 1240392 794088 607018 953252 327932 112102 71544 330080 2073600 2073600 
[13857.762764] MESSAGE_B= 0 0 0 132 2 1 192 64 248 179 0 2245 1912 1658 1926 2247 1987 1300 1119 77 168 217 187 41 147 699 521 0 5 51 54 26 56 152 66 121 111 2 0 2 2 0 0 0 2 2 1 396369 289439 262054 21540 218560 182228 121358 142638 74314 340934 304802 788404 1240392 794088 607018 953252 327932 112102 71544 330080 2073600 2073600 
[13858.033763] MESSAGE_B= 0 0 0 138 2 1 192 64 248 179 0 2226 1995 1636 2080 2229 2028 1126 1207 72 195 256 81 44 196 733 551 0 5 49 108 67 35 5 86 101 30 2 0 0 2 0 0 0 2 2 1 512402 174142 262054 21540 218560 182228 121358 142638 74314 340934 304802 788404 1240392 794088 607018 953252 327932 112102 71544 330080 2073600 2073600 
[13858.304762] MESSAGE_B= 0 0 0 130 2 2 192 64 248 179 0 2233 1936 1681 2115 2237 2012 1191 1314 81 198 240 83 72 213 720 589 0 5 53 57 19 57 108 95 1 16 0 0 0 2 0 0 0 2 2 2 386054 273992 262054 21540 218560 182228 121358 142638 74314 340934 304802 788404 1240392 794088 607018 953252 327932 112102 71544 330080 2073600 2073600 
[13858.454759] MESSAGE_B= 0 0 0 131 2 2 192 64 248 179 0 0 0 0 0 0 0 0 0 0 0 0 0 0 0 0 0 0 5 0 0 0 0 0 0 255 0 1 1 1 1 1 1 2 1 2 2 519489 129328 262054 21540 218560 182228 121358 142638 74314 340934 304802 788404 1240392 794088 607018 953252 327932 112102 71544 330080 2073600 2073600 
[13858.721765] MESSAGE_B= 0 0 0 135 2 2 192 64 248 179 0 2211 1901 1668 1980 2229 1871 1170 1273 90 233 301 150 70 184 627 583 0 5 5 66 62 33 144 88 159 65 2 0 0 2 0 0 2 2 2 2 317548 313953 262054 21540 218560 182228 121358 142638 74314 340934 304802 788404 1240392 794088 607018 953252 327932 112102 71544 330080 2073600 2073600 

