[12937.565763] MESSAGE_B= 0 0 0 166 1 2 192 64 248 179 0 1336 1219 1535 1711 1346 1461 1128 1168 192 98 64 156 319 103 206 216 0 12 171 27 92 13 43 97 121 83 0 0 0 0 2 2 2 2 1 2 354754 653172 443566 112966 2 2 2 2 271922 136784 237972 322994 15918 2 2 2 2 12252 443158 385338 2073600 2073600 
[12937.832773] MESSAGE_B= 0 0 0 167 1 2 192 64 248 179 0 1340 1207 1560 1809 1387 1373 1183 1253 219 125 80 200 329 104 197 289 0 12 165 108 97 32 101 45 64 201 0 0 2 0 2 2 2 2 1 2 290606 513208 443566 112966 2 2 2 2 271922 136784 237972 322994 15918 2 2 2 2 12252 443158 385338 2073600 2073600 
[12938.100763] MESSAGE_B= 0 0 0 173 1 2 192 64 248 179 0 1727 1504 1679 1827 1820 1441 1398 1568 169 109 81 152 219 116 162 355 0 12 119 150 67 22 149 134 85 60 0 0 0 0 2 2 2 2 1 2 335248 614458 443566 112966 2 2 2 2 271922 136784 237972 322994 15918 2 2 2 2 12252 443158 385338 2073600 2073600 
[12938.368764] MESSAGE_B= 7 0 0 198 1 1 192 64 248 179 0 2064 1776 1804 1718 1853 1580 1636 1748 98 131 79 103 245 117 92 460 0 12 172 84 82 15 86 120 62 3 0 0 0 2 2 2 2 2 1 1 211306 533422 443566 112966 2 2 2 2 271922 136784 237972 322994 15918 2 2 2 2 12252 443158 385338 2073600 2073600 
[12938.635759] MESSAGE_B= 0 0 0 203 1 1 192 64 248 179 0 1535 912 1139 823 1591 1027 908 1072 925 647 683 499 928 610 549 820 0 31 245 225 245 189 27 87 25 57 0 0 0 0 0 0 0 0 1 1 268414 601230 443566 112966 2 2 2 2 271922 136784 237972 322994 15918 2 2 2 2 12252 443158 385338 2073600 2073600 
[12938.781765] MESSAGE_B= 0 0 0 215 2 1 192 64 248 179 0 2148 2035 1360 1403 2348 1895 1492 2025 286 225 156 196 126 114 260 485 0 12 16 201 101 26 64 61 12 181 0 0 2 0 2 2 2 2 2 1 356114 516530 443566 112966 2 2 2 2 271922 136784 237972 322994 15918 2 2 2 2 12252 443158 385338 2073600 2073600 
[12939.049758] MESSAGE_B= 0 0 0 201 1 1 192 64 248 179 0 2088 2122 2282 1563 1790 1883 1984 1831 178 258 213 519 226 63 58 388 0 31 108 29 59 9 38 158 24 141 0 0 0 2 2 2 2 2 1 1 548438 482328 443566 112966 2 2 2 2 271922 136784 237972 322994 15918 2 2 2 2 12252 443158 385338 2073600 2073600 
[12939.316766] MESSAGE_B= 0 0 0 208 4 2 192 64 248 179 0 1627 1341 1144 1495 1528 1194 816 1308 989 837 699 884 900 698 602 972 0 31 248 222 182 188 6 11 135 204 0 0 0 0 0 0 0 0 4 2 366094 501204 385284 34860 133122 490798 492614 518156 429250 127790 376236 436226 3534 113198 335678 321650 338304 322554 469644 709960 2073600 2073600 
[12939.587762] MESSAGE_B= 0 0 0 228 1 1 192 64 248 179 0 1598 1818 1397 1119 1308 1700 1046 1371 1033 1086 844 674 864 1002 697 1013 0 31 246 245 176 210 26 13 56 1 0 0 0 0 0 0 0 0 1 1 292086 601640 385284 34860 133122 490798 492614 518156 429250 127790 376236 436226 3534 113198 335678 321650 338304 322554 469644 709960 2073600 2073600 
[12939.859760] MESSAGE_B= 7 7 0 218 2 1 192 64 248 179 0 806 1453 1544 1833 583 1011 1201 1735 558 849 908 1067 568 643 727 1066 0 31 230 253 122 212 88 9 47 100 0 0 0 0 0 0 0 0 2 1 271890 507596 385284 34860 133122 490798 492614 518156 429250 127790 376236 436226 3534 113198 335678 321650 338304 322554 469644 709960 2073600 2073600 
[12940.130762] MESSAGE_B= 7 0 0 207 1 1 192 64 248 179 0 1917 1291 979 948 1851 888 718 923 1125 751 572 581 1085 564 458 742 0 31 251 237 223 182 42 15 77 33 0 0 0 0 0 0 0 0 1 1 382296 536668 385284 34860 133122 490798 492614 518156 429250 127790 376236 436226 3534 113198 335678 321650 338304 322554 469644 709960 2073600 2073600 
[12940.401767] MESSAGE_B= 7 0 0 200 2 1 192 64 248 179 0 1136 2085 2130 1168 1037 2211 1968 1422 81 307 58 259 54 337 117 549 0 12 210 86 207 164 0 66 105 131 2 2 2 0 1 2 2 2 2 1 352160 520868 385284 34860 133122 490798 492614 518156 429250 127790 376236 436226 3534 113198 335678 321650 338304 322554 469644 709960 2073600 2073600 
[12940.551769] MESSAGE_B= 0 0 0 168 3 1 192 64 248 179 0 1766 1431 1015 1332 1564 969 863 1246 66 182 93 167 110 64 48 170 0 12 93 117 175 54 138 73 0 8 2 2 2 2 2 0 2 2 3 1 352160 520868 385284 34860 133122 490798 492614 518156 429250 127790 376236 436226 3534 113198 335678 321650 338304 322554 469644 709960 2073600 2073600 
[12940.700771] MESSAGE_B= 0 0 0 163 2 1 192 64 248 179 0 1773 1508 979 1184 1334 1574 850 1373 60 67 70 234 51 217 47 511 0 12 127 42 107 224 68 10 218 43 2 2 2 0 2 2 0 2 2 1 379560 500438 385284 34860 133122 490798 492614 518156 429250 127790 376236 436226 3534 113198 335678 321650 338304 322554 469644 709960 2073600 2073600 
[12940.850763] MESSAGE_B= 0 0 0 164 1 1 192 64 248 179 0 1855 1508 1860 1120 1777 1223 1744 1010 397 324 307 220 191 71 149 110 0 12 101 39 159 88 121 58 217 231 0 2 0 2 2 2 2 2 1 1 379560 500438 385284 34860 133122 490798 492614 518156 429250 127790 376236 436226 3534 113198 335678 321650 338304 322554 469644 709960 2073600 2073600 
[12941.363769] MESSAGE_B= 7 7 0 210 0 1 192 64 248 179 0 717 1729 1756 1235 949 1167 1417 968 585 1016 1046 748 579 706 843 567 0 31 178 244 238 253 183 102 112 50 0 0 0 0 0 0 0 0 0 1 471010 612412 385284 34860 133122 490798 492614 518156 429250 127790 376236 436226 3534 113198 335678 321650 338304 322554 469644 709960 2073600 2073600 
[12941.634768] MESSAGE_B= 0 0 0 181 0 2 192 64 248 179 0 1736 2109 1744 2414 1261 1361 1299 2421 527 394 372 182 325 253 211 227 0 12 32 18 245 72 13 193 178 37 2 0 2 2 2 2 2 2 0 2 234582 685750 532020 129966 100250 423958 385310 333676 289804 285468 651266 588890 24358 931886 591170 866414 558722 663434 496466 587830 2073600 2073600 
[12941.905765] MESSAGE_B= 0 0 0 146 0 4 192 64 248 179 0 1776 1400 1972 2149 1460 1028 836 2441 375 344 357 386 382 409 43 181 0 12 72 24 45 17 201 181 58 199 2 0 2 2 2 2 2 2 0 4 252884 563546 532020 129966 100250 423958 385310 333676 289804 285468 651266 588890 24358 931886 591170 866414 558722 663434 496466 587830 2073600 2073600 
[12942.176770] MESSAGE_B= 0 0 0 138 1 4 192 64 248 179 0 1621 1532 1966 1975 1300 1088 1680 2268 336 341 463 226 497 365 177 144 0 12 182 157 148 189 72 219 191 40 0 0 2 2 2 2 2 2 1 4 236314 576082 532020 129966 100250 423958 385310 333676 289804 285468 651266 588890 24358 931886 591170 866414 558722 663434 496466 587830 2073600 2073600 
[12942.447775] MESSAGE_B= 0 0 0 151 1 3 192 64 248 179 0 1646 1597 1950 1839 870 1181 1715 2070 290 332 281 295 62 450 194 262 0 12 185 65 192 67 107 18 158 183 0 0 2 0 2 2 2 2 1 3 484862 665284 532020 129966 100250 423958 385310 333676 289804 285468 651266 588890 24358 931886 591170 866414 558722 663434 496466 587830 2073600 2073600 
[12942.718764] MESSAGE_B= 0 0 0 153 1 2 192 64 248 179 0 1487 1554 1841 1323 1000 1207 1674 1576 285 314 312 241 224 308 206 437 0 12 123 37 241 234 0 66 106 148 2 0 2 0 1 2 2 2 1 2 212574 509734 532020 129966 100250 423958 385310 333676 289804 285468 651266 588890 24358 931886 591170 866414 558722 663434 496466 587830 2073600 2073600 
[12942.869765] MESSAGE_B= 0 0 0 147 1 2 192 64 248 179 0 1526 1578 1818 1235 1257 1356 1597 1401 299 328 356 175 199 269 147 276 0 12 141 9 93 180 114 106 92 72 2 0 0 0 2 2 2 2 1 2 351676 595208 532020 129966 100250 423958 385310 333676 289804 285468 651266 588890 24358 931886 591170 866414 558722 663434 496466 587830 2073600 2073600 
[12943.140769] MESSAGE_B= 0 0 0 148 2 2 192 64 248 179 0 1761 1726 1892 1313 1646 1528 1812 1255 449 362 342 198 416 172 127 231 0 12 8 2 1 64 131 35 226 142 2 0 2 0 2 2 2 2 2 2 172888 354726 532020 129966 100250 423958 385310 333676 289804 285468 651266 588890 24358 931886 591170 866414 558722 663434 496466 587830 2073600 2073600 
[12943.411768] MESSAGE_B= 0 0 0 145 2 1 192 64 248 179 0 1737 1764 2079 1262 1351 1437 1787 1157 493 338 186 271 510 195 223 215 0 12 34 100 108 178 157 119 77 189 2 0 2 0 2 2 2 2 2 1 181154 567068 532020 129966 100250 423958 385310 333676 289804 285468 651266 588890 24358 931886 591170 866414 558722 663434 496466 587830 2073600 2073600 
[12943.682767] MESSAGE_B= 0 0 0 143 2 1 192 64 248 179 0 1251 1780 2127 1234 980 1511 1479 1083 269 374 263 332 108 225 456 177 0 12 94 106 131 129 0 131 17 198 2 2 2 2 2 2 2 2 2 1 224394 405192 532020 129966 100250 423958 385310 333676 289804 285468 651266 588890 24358 931886 591170 866414 558722 663434 496466 587830 2073600 2073600 
[12943.953765] MESSAGE_B= 0 0 0 141 3 1 192 64 248 179 0 1234 1942 1922 1043 1001 1661 1683 1074 285 276 304 151 114 235 323 184 0 12 78 68 179 161 0 137 198 197 2 0 2 2 2 2 2 2 3 1 152982 612142 360478 70776 192670 446122 417688 485532 352872 206152 367932 302708 31526 285028 562858 468594 404706 459966 231334 321008 2073600 2073600 
[12944.225762] MESSAGE_B= 0 0 0 139 2 1 192 64 248 179 0 1233 1867 1798 1052 1039 1636 1639 1109 283 320 325 161 108 303 108 180 0 12 55 118 10 150 0 123 48 197 2 2 2 0 2 2 2 2 2 1 229532 459310 360478 70776 192670 446122 417688 485532 352872 206152 367932 302708 31526 285028 562858 468594 404706 459966 231334 321008 2073600 2073600 
[12944.496767] MESSAGE_B= 0 0 0 136 2 1 192 64 248 179 0 1235 1765 1742 1057 1035 1362 1483 1126 286 334 343 162 105 376 118 189 0 12 40 108 122 46 196 225 135 211 2 0 2 0 2 2 2 2 2 1 171770 655680 360478 70776 192670 446122 417688 485532 352872 206152 367932 302708 31526 285028 562858 468594 404706 459966 231334 321008 2073600 2073600 
[12944.767774] MESSAGE_B= 0 0 0 135 1 1 192 64 248 179 0 1229 1680 1628 1058 1035 1391 1403 1145 287 358 397 158 109 401 109 203 0 12 0 81 118 12 196 31 43 201 2 0 2 0 2 2 2 2 1 1 223828 463072 360478 70776 192670 446122 417688 485532 352872 206152 367932 302708 31526 285028 562858 468594 404706 459966 231334 321008 2073600 2073600 
[12944.917765] MESSAGE_B= 0 0 0 137 2 1 192 64 248 179 0 1238 1679 1604 1062 1038 1384 1351 1147 278 366 403 160 104 422 110 217 0 12 15 68 114 7 196 135 58 203 2 0 2 2 2 2 2 2 2 1 155754 692672 360478 70776 192670 446122 417688 485532 352872 206152 367932 302708 31526 285028 562858 468594 404706 459966 231334 321008 2073600 2073600 
[12945.188761] MESSAGE_B= 0 0 0 140 1 1 192 64 248 179 0 1235 1664 1555 1066 1037 1363 1380 1148 282 388 372 162 97 421 103 231 0 12 33 63 188 23 45 159 55 193 2 0 2 2 2 2 2 2 1 1 200304 472216 360478 70776 192670 446122 417688 485532 352872 206152 367932 302708 31526 285028 562858 468594 404706 459966 231334 321008 2073600 2073600 
[12945.459767] MESSAGE_B= 0 0 0 143 1 1 192 64 248 179 0 1238 1639 1509 1069 1041 1265 1415 1151 281 357 325 164 99 402 110 221 0 12 9 51 119 31 0 22 121 192 2 0 2 0 2 2 2 2 1 1 150162 707304 360478 70776 192670 446122 417688 485532 352872 206152 367932 302708 31526 285028 562858 468594 404706 459966 231334 321008 2073600 2073600 
[12945.730773] MESSAGE_B= 0 0 0 144 0 1 192 64 248 179 0 1241 1588 1566 1068 1042 1369 1393 1158 283 325 323 164 99 332 116 232 0 12 14 45 130 90 0 95 17 187 2 0 2 0 2 2 2 2 0 1 184942 467850 360478 70776 192670 446122 417688 485532 352872 206152 367932 302708 31526 285028 562858 468594 404706 459966 231334 321008 2073600 2073600 
[12946.001758] MESSAGE_B= 0 0 0 144 1 1 192 64 248 179 0 1234 1555 1570 1072 1007 1360 1309 1168 279 297 329 169 111 279 147 239 0 12 30 24 40 83 0 103 129 199 2 0 2 2 2 2 2 2 1 1 158234 696964 360478 70776 192670 446122 417688 485532 352872 206152 367932 302708 31526 285028 562858 468594 404706 459966 231334 321008 2073600 2073600 
[12946.272756] MESSAGE_B= 0 0 0 143 1 1 192 64 248 179 0 1220 1512 1548 1078 997 1305 1357 1180 279 289 343 174 119 237 176 246 0 12 45 23 134 68 222 199 150 199 2 0 2 2 2 2 2 2 1 1 170918 462692 420344 116348 330828 406736 440140 416084 529906 188750 427534 313542 33838 256542 307874 320450 279456 351622 121090 280510 2073600 2073600 
[12946.544763] MESSAGE_B= 0 0 0 144 1 1 192 64 248 179 0 1228 1501 1557 1076 990 1454 1527 1155 273 289 337 174 114 644 568 259 0 12 28 13 134 74 230 232 176 186 2 0 2 2 2 2 2 2 1 1 167206 690802 420344 116348 330828 406736 440140 416084 529906 188750 427534 313542 33838 256542 307874 320450 279456 351622 121090 280510 2073600 2073600 
[12946.815762] MESSAGE_B= 0 0 0 142 1 1 192 64 248 179 0 1211 1504 1552 1080 987 1442 1526 1159 277 285 370 178 109 648 575 264 0 12 49 15 131 76 50 232 175 187 2 0 2 2 2 2 2 2 1 1 168565 461274 420344 116348 330828 406736 440140 416084 529906 188750 427534 313542 33838 256542 307874 320450 279456 351622 121090 280510 2073600 2073600 
[12946.965758] MESSAGE_B= 0 0 0 142 1 1 192 64 248 179 0 1214 1505 1547 1085 985 1441 1523 1169 274 287 354 175 111 645 573 265 0 12 44 15 117 75 190 233 170 186 2 0 2 2 2 2 2 2 1 1 171632 666674 420344 116348 330828 406736 440140 416084 529906 188750 427534 313542 33838 256542 307874 320450 279456 351622 121090 280510 2073600 2073600 
[12947.236761] MESSAGE_B= 0 0 0 138 1 1 192 64 248 179 0 1214 1510 1547 1088 982 1443 1523 1169 269 288 358 178 107 648 575 271 0 12 48 13 127 80 190 234 142 186 2 0 2 2 2 2 2 2 1 1 167297 461010 420344 116348 330828 406736 440140 416084 529906 188750 427534 313542 33838 256542 307874 320450 279456 351622 121090 280510 2073600 2073600 
[12947.507765] MESSAGE_B= 0 0 0 137 1 1 192 64 248 179 0 1201 1498 1534 1093 978 1443 1513 1171 273 286 361 185 111 639 571 276 0 12 51 17 104 76 107 232 172 183 2 0 2 2 2 2 2 2 1 1 177339 664278 420344 116348 330828 406736 440140 416084 529906 188750 427534 313542 33838 256542 307874 320450 279456 351622 121090 280510 2073600 2073600 
[12947.778760] MESSAGE_B= 0 0 0 136 1 1 192 64 248 179 0 1193 1501 1536 1097 982 1466 1537 1182 271 287 357 186 103 666 590 273 0 12 36 7 134 86 255 232 152 183 2 0 2 2 2 2 2 2 1 1 165092 458833 420344 116348 330828 406736 440140 416084 529906 188750 427534 313542 33838 256542 307874 320450 279456 351622 121090 280510 2073600 2073600 
[12948.049757] MESSAGE_B= 0 0 0 138 1 1 192 64 248 179 0 1190 1508 1542 1100 979 1452 1503 1183 272 285 351 186 105 639 557 275 0 12 49 3 112 84 0 232 156 196 2 0 2 2 2 2 2 2 1 1 182295 664133 420344 116348 330828 406736 440140 416084 529906 188750 427534 313542 33838 256542 307874 320450 279456 351622 121090 280510 2073600 2073600 
[12948.320757] MESSAGE_B= 0 0 0 136 1 1 192 64 248 179 0 1192 1502 1540 1106 974 1472 1526 1176 273 292 348 192 100 658 573 284 0 12 49 9 125 84 0 234 170 188 2 0 2 2 1 2 2 2 1 1 166074 457328 420344 116348 330828 406736 440140 416084 529906 188750 427534 313542 33838 256542 307874 320450 279456 351622 121090 280510 2073600 2073600 
[12948.591764] MESSAGE_B= 0 0 0 136 1 1 192 64 248 179 0 1180 1506 1536 1108 971 1469 1508 1189 274 289 343 192 102 643 559 279 0 12 58 3 105 90 0 233 120 187 2 0 2 2 1 2 2 2 1 1 183877 662331 404202 114046 360352 430190 436312 387490 486842 169350 411202 336526 18708 196326 286070 314296 274494 339410 96314 304636 2073600 2073600 
[12948.862758] MESSAGE_B= 0 0 0 136 1 1 192 64 248 179 0 1177 1504 1540 1117 970 1468 1501 1186 276 286 343 196 97 641 553 286 0 12 50 2 111 83 0 233 126 188 2 0 2 2 1 2 2 2 1 1 163036 457546 404202 114046 360352 430190 436312 387490 486842 169350 411202 336526 18708 196326 286070 314296 274494 339410 96314 304636 2073600 2073600 
[12949.012761] MESSAGE_B= 0 0 0 135 1 1 192 64 248 179 0 1171 1503 1541 1112 964 1473 1529 1189 276 281 344 195 94 665 570 281 0 12 55 1 119 89 0 231 134 188 2 0 2 2 1 2 2 2 1 1 185266 660839 404202 114046 360352 430190 436312 387490 486842 169350 411202 336526 18708 196326 286070 314296 274494 339410 96314 304636 2073600 2073600 
[12949.283757] MESSAGE_B= 0 0 0 89 1 1 192 64 248 179 0 0 0 0 0 0 0 0 0 0 0 0 0 0 0 0 0 1 12 0 0 0 0 0 6 11 0 1 1 0 0 1 0 0 1 1 1 164140 457351 404202 114046 360352 430190 436312 387490 486842 169350 411202 336526 18708 196326 286070 314296 274494 339410 96314 304636 2073600 2073600 
[12949.550762] MESSAGE_B= 0 7 0 79 2 2 192 64 248 179 0 0 0 0 0 0 0 0 0 0 0 0 0 0 0 0 0 1 12 0 0 0 0 0 0 0 0 1 1 1 1 1 1 1 1 2 2 226330 636079 404202 114046 360352 430190 436312 387490 486842 169350 411202 336526 18708 196326 286070 314296 274494 339410 96314 304636 2073600 2073600 
[12949.816759] MESSAGE_B= 7 7 0 205 1 2 192 64 248 179 0 0 0 0 0 0 0 0 0 0 0 0 0 0 0 0 0 1 12 0 0 0 0 0 0 0 0 1 1 1 1 1 1 1 1 1 2 0 7342 404202 114046 360352 430190 436312 387490 486842 169350 411202 336526 18708 196326 286070 314296 274494 339410 96314 304636 2073600 2073600 
[12950.082759] MESSAGE_B= 7 7 0 197 1 2 192 64 248 179 0 0 0 0 0 0 0 0 0 0 0 0 0 0 0 0 0 1 12 0 0 0 0 0 0 0 0 1 1 1 1 1 1 1 1 1 2 0 0 404202 114046 360352 430190 436312 387490 486842 169350 411202 336526 18708 196326 286070 314296 274494 339410 96314 304636 2073600 2073600 
[12950.348757] MESSAGE_B= 7 7 0 206 1 2 192 64 248 179 0 0 0 0 0 0 0 0 0 0 0 0 0 0 0 0 0 1 12 0 0 0 0 0 0 0 0 1 1 1 1 1 1 1 1 1 2 0 0 404202 114046 360352 430190 436312 387490 486842 169350 411202 336526 18708 196326 286070 314296 274494 339410 96314 304636 2073600 2073600 
[12950.614763] MESSAGE_B= 7 7 0 197 1 2 192 64 248 179 0 0 0 0 0 0 0 0 0 0 0 0 0 0 0 0 0 1 12 0 0 0 0 0 0 0 0 1 1 1 1 1 1 1 1 1 2 0 0 404202 114046 360352 430190 436312 387490 486842 169350 411202 336526 18708 196326 286070 314296 274494 339410 96314 304636 2073600 2073600 
[12950.880761] MESSAGE_B= 7 7 0 206 1 2 192 64 248 179 0 0 0 0 0 0 0 0 0 0 0 0 0 0 0 0 0 1 12 0 0 0 0 0 0 0 0 1 1 1 1 1 1 1 1 1 2 0 0 2 152706 367124 388354 348872 2 266962 39200 2 2 16480 147756 323980 5872 2 77052 228800 2 2073600 2073600 
[12951.022755] MESSAGE_B= 4 0 0 197 1 1 192 64 248 179 0 0 0 0 0 0 0 0 0 0 0 0 0 0 0 0 0 1 12 0 0 0 0 0 0 0 0 0 1 1 1 0 1 1 1 1 1 0 0 2 152706 367124 388354 348872 2 266962 39200 2 2 16480 147756 323980 5872 2 77052 228800 2 2073600 2073600 
[12951.285758] MESSAGE_B= 5 0 0 175 2 2 192 64 248 179 0 0 0 0 0 1411 0 1060 0 0 0 0 0 59 0 129 0 0 12 0 0 119 0 88 0 0 0 1 1 2 1 2 1 1 1 2 2 73108 0 2 152706 367124 388354 348872 2 266962 39200 2 2 16480 147756 323980 5872 2 77052 228800 2 2073600 2073600 
[12951.549763] MESSAGE_B= 0 0 0 144 2 2 192 64 248 179 0 0 1072 0 864 1075 0 991 0 0 0 0 0 49 0 134 0 0 12 0 0 6 0 56 0 0 0 1 2 2 1 2 1 1 1 2 2 388162 346320 2 152706 367124 388354 348872 2 266962 39200 2 2 16480 147756 323980 5872 2 77052 228800 2 2073600 2073600 
[12951.814757] MESSAGE_B= 0 0 0 146 1 2 192 64 248 179 0 0 0 0 0 208 60 65 215 0 0 0 0 0 0 0 0 1 12 0 0 0 0 0 0 0 0 0 0 0 1 0 0 0 1 1 2 334956 534806 2 152706 367124 388354 348872 2 266962 39200 2 2 16480 147756 323980 5872 2 77052 228800 2 2073600 2073600 
[12952.078754] MESSAGE_B= 0 0 0 148 1 2 192 64 248 179 0 0 0 0 0 214 0 85 0 0 0 0 0 0 0 0 0 1 12 0 4 0 0 0 0 0 0 0 0 0 1 0 0 0 1 1 2 349226 240222 2 152706 367124 388354 348872 2 266962 39200 2 2 16480 147756 323980 5872 2 77052 228800 2 2073600 2073600 
[12952.342761] MESSAGE_B= 0 0 0 139 1 3 192 64 248 179 0 0 32 0 101 0 0 0 0 0 0 0 0 0 0 0 0 1 12 0 0 0 0 0 0 0 0 0 0 1 1 0 0 1 1 1 3 176872 452238 2 152706 367124 388354 348872 2 266962 39200 2 2 16480 147756 323980 5872 2 77052 228800 2 2073600 2073600 
[12952.606757] MESSAGE_B= 0 0 0 129 1 2 192 64 248 179 0 0 1112 0 890 0 0 0 0 0 97 0 40 0 0 0 0 0 12 0 150 0 0 0 0 0 0 1 2 1 1 1 1 1 1 1 2 143344 92874 2 152706 367124 388354 348872 2 266962 39200 2 2 16480 147756 323980 5872 2 77052 228800 2 2073600 2073600 
[12952.870762] MESSAGE_B= 0 0 0 142 1 2 192 64 248 179 0 1441 1079 1544 961 995 1619 1621 892 260 18 292 66 110 181 176 50 0 12 232 199 100 222 96 183 148 81 2 2 2 2 2 2 2 2 1 2 272988 120112 2 152706 367124 388354 348872 2 266962 39200 2 2 16480 147756 323980 5872 2 77052 228800 2 2073600 2073600 
[12953.017759] MESSAGE_B= 7 0 0 191 1 2 192 64 248 179 0 83 479 160 445 491 16 1203 16 161 394 345 365 383 0 956 0 0 15 255 255 255 0 119 176 255 0 2 2 2 2 0 2 2 1 1 2 362024 256816 601530 131118 41714 223026 412494 489250 667110 191954 194862 725774 219210 233950 551526 252980 263742 421182 463552 383906 2073600 2073600 
[12953.287762] MESSAGE_B= 0 0 0 177 1 2 192 64 248 179 0 639 575 713 579 1355 1113 827 825 486 353 419 340 796 682 492 481 0 31 172 252 255 252 175 88 4 95 0 0 0 0 0 0 0 0 1 2 522960 697312 601530 131118 41714 223026 412494 489250 667110 191954 194862 725774 219210 233950 551526 252980 263742 421182 463552 383906 2073600 2073600 
[12953.558758] MESSAGE_B= 0 0 0 159 1 2 192 64 248 179 0 0 1441 0 958 1645 1118 996 1013 0 132 0 135 442 270 175 109 0 12 0 99 240 134 0 91 88 51 1 0 0 0 1 2 2 2 1 2 598200 872840 601530 131118 41714 223026 412494 489250 667110 191954 194862 725774 219210 233950 551526 252980 263742 421182 463552 383906 2073600 2073600 
[12953.828760] MESSAGE_B= 0 0 0 148 1 2 192 64 248 179 0 0 1309 0 1125 1088 1214 1022 923 0 136 0 95 72 121 141 78 0 12 0 6 18 66 0 63 208 43 1 0 2 0 1 2 0 2 1 2 480054 941294 601530 131118 41714 223026 412494 489250 667110 191954 194862 725774 219210 233950 551526 252980 263742 421182 463552 383906 2073600 2073600 
[12954.098758] MESSAGE_B= 0 0 0 163 1 2 192 64 248 179 0 0 1285 0 1085 1227 1222 932 1112 0 123 0 138 122 130 89 74 0 12 0 113 225 60 0 61 126 77 1 0 2 0 1 2 2 2 1 2 373388 510288 601530 131118 41714 223026 412494 489250 667110 191954 194862 725774 219210 233950 551526 252980 263742 421182 463552 383906 2073600 2073600 
[12954.368757] MESSAGE_B= 0 0 0 152 1 2 192 64 248 179 0 1336 1174 1243 1220 0 996 0 1113 283 95 219 304 0 140 0 91 0 12 226 10 0 120 199 95 255 86 2 2 1 2 2 2 2 2 1 2 376182 610642 601530 131118 41714 223026 412494 489250 667110 191954 194862 725774 219210 233950 551526 252980 263742 421182 463552 383906 2073600 2073600 
[12954.638763] MESSAGE_B= 0 0 0 141 1 2 192 64 248 179 0 1303 1509 1306 1002 1380 1433 1161 1085 176 86 309 63 92 130 305 185 0 12 180 130 155 156 165 199 148 186 0 2 2 2 2 2 2 0 1 2 288744 397610 601530 131118 41714 223026 412494 489250 667110 191954 194862 725774 219210 233950 551526 252980 263742 421182 463552 383906 2073600 2073600 
[12954.910764] MESSAGE_B= 0 0 0 159 1 2 192 64 248 179 0 987 1106 918 1443 1199 1309 1258 1504 81 102 72 61 196 294 77 73 0 12 81 36 187 113 31 205 105 66 2 0 0 0 2 2 2 2 1 2 213430 571208 601530 131118 41714 223026 412494 489250 667110 191954 194862 725774 219210 233950 551526 252980 263742 421182 463552 383906 2073600 2073600 
[12955.060760] MESSAGE_B= 0 0 0 150 1 2 192 64 248 179 0 996 1058 981 1445 1080 1044 1130 1385 68 117 93 49 123 141 55 70 0 12 105 25 181 75 7 36 34 186 2 2 0 0 2 2 2 2 1 2 242670 349040 601530 131118 41714 223026 412494 489250 667110 191954 194862 725774 219210 233950 551526 252980 263742 421182 463552 383906 2073600 2073600 
[12955.331759] MESSAGE_B= 0 0 0 130 1 2 192 64 248 179 0 1021 1006 957 996 911 923 1166 1170 79 65 40 58 46 85 55 55 0 12 71 78 39 55 14 0 188 0 2 0 2 2 2 1 2 2 1 2 204784 516002 295296 102958 1948 785834 607476 382348 468758 185758 326882 328210 14444 135590 579168 584122 466978 423358 163382 459572 2073600 2073600 
[12955.601759] MESSAGE_B= 0 0 0 117 1 2 192 64 248 179 0 0 770 0 870 16 605 24 98 0 0 0 0 0 0 0 0 1 12 12 0 1 0 10 0 0 0 0 0 0 0 0 0 0 0 1 2 168988 307868 295296 102958 1948 785834 607476 382348 468758 185758 326882 328210 14444 135590 579168 584122 466978 423358 163382 459572 2073600 2073600 
[12955.868760] MESSAGE_B= 0 0 0 123 2 2 192 64 248 179 0 0 281 0 871 525 534 1086 668 0 0 0 0 0 0 0 0 1 12 3 16 47 0 19 64 12 0 0 0 0 0 0 0 0 0 2 2 344292 433042 295296 102958 1948 785834 607476 382348 468758 185758 326882 328210 14444 135590 579168 584122 466978 423358 163382 459572 2073600 2073600 
[12956.136762] MESSAGE_B= 0 0 0 126 1 2 192 64 248 179 0 0 676 0 1302 604 316 545 324 0 0 0 0 0 0 0 0 1 12 12 45 20 14 2 43 2 2 0 0 0 0 0 0 0 0 1 2 463610 213486 295296 102958 1948 785834 607476 382348 468758 185758 326882 328210 14444 135590 579168 584122 466978 423358 163382 459572 2073600 2073600 
[12956.404761] MESSAGE_B= 0 0 0 140 2 2 192 64 248 179 0 1134 1240 993 913 959 0 1568 0 202 226 96 50 83 0 275 0 0 12 91 77 104 0 16 228 23 0 2 2 2 1 2 2 2 1 2 2 72240 211752 295296 102958 1948 785834 607476 382348 468758 185758 326882 328210 14444 135590 579168 584122 466978 423358 163382 459572 2073600 2073600 
[12956.673762] MESSAGE_B= 0 0 0 154 1 2 192 64 248 179 0 1224 1387 1188 1007 1246 1115 1087 1061 284 265 205 128 169 110 105 140 0 12 43 54 26 88 77 106 128 43 0 0 2 2 2 2 2 2 1 2 173370 226250 295296 102958 1948 785834 607476 382348 468758 185758 326882 328210 14444 135590 579168 584122 466978 423358 163382 459572 2073600 2073600 
[12956.944761] MESSAGE_B= 0 0 0 148 1 2 192 64 248 179 0 1308 1076 1048 1401 1319 1500 1635 1249 209 126 89 255 280 187 126 188 0 12 108 135 81 81 37 116 216 172 2 2 2 0 2 2 0 2 1 2 181510 185218 295296 102958 1948 785834 607476 382348 468758 185758 326882 328210 14444 135590 579168 584122 466978 423358 163382 459572 2073600 2073600 
[12957.094763] MESSAGE_B= 0 0 0 156 2 1 192 64 248 179 0 1313 1143 992 1389 0 1463 0 1498 301 185 105 193 0 194 0 156 0 12 21 116 0 146 145 103 34 46 2 2 1 2 2 2 2 0 2 1 332334 309082 295296 102958 1948 785834 607476 382348 468758 185758 326882 328210 14444 135590 579168 584122 466978 423358 163382 459572 2073600 2073600 
[12957.364760] MESSAGE_B= 0 0 0 153 1 2 192 64 248 179 0 1457 1176 1160 1104 1482 942 931 1520 298 176 154 175 84 98 70 261 0 12 201 65 161 87 9 12 13 146 0 0 2 2 2 2 2 2 1 2 103370 208470 295296 102958 1948 785834 607476 382348 468758 185758 326882 328210 14444 135590 579168 584122 466978 423358 163382 459572 2073600 2073600 
[12957.635765] MESSAGE_B= 0 0 0 154 2 2 192 64 248 179 0 1442 1261 1129 1179 1312 997 1004 1282 173 296 211 149 209 87 159 392 0 12 27 146 90 156 112 152 91 6 0 0 2 2 2 2 2 2 2 2 326424 452896 185390 75822 149714 244438 212540 119004 339314 423986 394238 209070 225864 657338 630088 231468 260728 353650 370050 352462 2073600 2073600 
[12957.906758] MESSAGE_B= 0 0 0 151 2 2 192 64 248 179 0 1446 1220 1115 1120 1361 1031 1055 1141 239 260 247 141 188 115 124 305 0 12 15 124 94 12 88 43 81 12 0 2 0 2 2 2 2 2 2 2 157078 295752 185390 75822 149714 244438 212540 119004 339314 423986 394238 209070 225864 657338 630088 231468 260728 353650 370050 352462 2073600 2073600 
[12958.177758] MESSAGE_B= 0 0 0 147 2 1 192 64 248 179 0 1395 1307 1102 1008 1213 1285 1023 1084 226 302 155 106 99 220 93 161 0 12 21 101 42 88 0 59 18 18 2 2 0 0 2 2 2 2 2 1 118040 259602 185390 75822 149714 244438 212540 119004 339314 423986 394238 209070 225864 657338 630088 231468 260728 353650 370050 352462 2073600 2073600 
[12958.448757] MESSAGE_B= 0 0 0 144 2 1 192 64 248 179 0 1417 1157 1131 976 1170 1306 947 1125 228 159 181 84 166 152 122 139 0 12 88 41 152 65 186 134 13 162 2 2 2 0 2 2 2 2 2 1 286976 364282 185390 75822 149714 244438 212540 119004 339314 423986 394238 209070 225864 657338 630088 231468 260728 353650 370050 352462 2073600 2073600 
[12958.719765] MESSAGE_B= 0 0 0 138 2 2 192 64 248 179 0 1401 1120 1203 982 1406 1249 1162 1172 153 84 184 78 155 148 160 161 0 12 4 34 100 148 49 28 23 28 0 2 0 0 2 2 2 2 2 2 184878 221556 185390 75822 149714 244438 212540 119004 339314 423986 394238 209070 225864 657338 630088 231468 260728 353650 370050 352462 2073600 2073600 
[12958.990765] MESSAGE_B= 0 0 0 135 1 2 192 64 248 179 0 1258 1234 1225 1013 1288 1293 1187 1117 176 113 128 91 88 230 185 179 0 12 1 68 5 175 31 23 193 21 0 2 0 0 2 2 2 2 1 2 209784 421378 185390 75822 149714 244438 212540 119004 339314 423986 394238 209070 225864 657338 630088 231468 260728 353650 370050 352462 2073600 2073600 
[12959.140764] MESSAGE_B= 0 0 0 132 1 2 192 64 248 179 0 1201 1285 1193 1021 1196 1281 1139 1114 140 123 90 114 83 164 145 166 0 12 9 30 77 174 15 119 104 91 0 2 0 0 2 2 2 2 1 2 199754 254406 185390 75822 149714 244438 212540 119004 339314 423986 394238 209070 225864 657338 630088 231468 260728 353650 370050 352462 2073600 2073600 
[12959.411765] MESSAGE_B= 0 0 0 136 1 2 192 64 248 179 0 1129 1248 1192 1033 1039 1168 1110 1077 80 108 68 81 118 134 100 105 0 12 24 20 57 115 3 24 60 0 2 2 0 2 2 2 2 1 1 2 145660 393590 185390 75822 149714 244438 212540 119004 339314 423986 394238 209070 225864 657338 630088 231468 260728 353650 370050 352462 2073600 2073600 
[12959.682760] MESSAGE_B= 0 0 0 136 1 2 192 64 248 179 0 0 200 0 1113 1668 286 194 1089 0 0 0 0 0 0 0 0 1 12 0 0 0 14 0 42 53 0 0 0 0 0 0 0 0 0 1 2 181728 260176 185390 75822 149714 244438 212540 119004 339314 423986 394238 209070 225864 657338 630088 231468 260728 353650 370050 352462 2073600 2073600 
[12959.950758] MESSAGE_B= 0 0 0 127 1 2 192 64 248 179 0 0 37 0 1338 1428 0 70 0 0 0 0 0 0 0 0 0 1 12 0 0 0 5 0 18 23 0 0 0 0 0 1 0 0 0 1 2 82532 287998 137066 69270 121882 198344 221976 175416 223962 192298 184828 60238 18670 246164 395778 449296 330918 446508 384344 203922 2073600 2073600 
[12960.217757] MESSAGE_B= 0 0 0 151 1 2 192 64 248 179 0 0 16 0 746 1326 21 255 1194 0 0 0 0 0 0 0 0 1 12 0 0 0 22 0 4 13 0 0 0 0 0 1 0 0 0 1 2 87242 233286 137066 69270 121882 198344 221976 175416 223962 192298 184828 60238 18670 246164 395778 449296 330918 446508 384344 203922 2073600 2073600 
[12960.485756] MESSAGE_B= 0 0 0 144 1 2 192 64 248 179 0 0 0 0 0 1021 16 290 1040 0 0 0 0 0 0 0 0 1 12 0 7 0 13 0 14 33 0 0 0 0 0 1 0 0 0 1 2 60922 333748 137066 69270 121882 198344 221976 175416 223962 192298 184828 60238 18670 246164 395778 449296 330918 446508 384344 203922 2073600 2073600 
[12960.752758] MESSAGE_B= 0 0 0 134 2 2 192 64 248 179 0 0 16 0 448 755 0 202 0 0 0 0 0 0 0 0 0 1 12 0 0 0 36 0 21 2 0 0 0 0 0 1 0 0 0 2 2 160262 205868 137066 69270 121882 198344 221976 175416 223962 192298 184828 60238 18670 246164 395778 449296 330918 446508 384344 203922 2073600 2073600 
[12961.019761] MESSAGE_B= 0 0 0 126 2 2 192 64 248 179 0 0 0 0 0 0 0 0 0 0 0 0 0 0 0 0 0 1 12 0 0 0 31 0 40 5 0 0 0 0 0 1 0 0 0 2 2 130508 297706 137066 69270 121882 198344 221976 175416 223962 192298 184828 60238 18670 246164 395778 449296 330918 446508 384344 203922 2073600 2073600 
[12961.165759] MESSAGE_B= 0 0 0 114 2 2 192 64 248 179 0 0 0 0 0 0 24 0 784 0 0 0 0 0 0 0 0 1 12 0 0 0 11 0 17 15 0 0 0 0 0 1 0 0 0 2 2 336900 194612 137066 69270 121882 198344 221976 175416 223962 192298 184828 60238 18670 246164 395778 449296 330918 446508 384344 203922 2073600 2073600 
[12961.432765] MESSAGE_B= 0 0 0 100 3 1 192 64 248 179 0 0 0 0 0 0 32 0 384 0 0 0 0 0 0 0 0 1 12 0 0 0 0 0 10 23 0 0 0 0 0 1 0 0 1 3 1 438904 321060 137066 69270 121882 198344 221976 175416 223962 192298 184828 60238 18670 246164 395778 449296 330918 446508 384344 203922 2073600 2073600 
[12961.699767] MESSAGE_B= 0 0 0 87 3 1 192 64 248 179 0 0 0 0 0 0 32 0 384 0 0 0 0 0 0 0 0 1 12 0 0 0 0 0 13 3 0 0 0 0 0 1 0 0 1 3 1 378742 276008 137066 69270 121882 198344 221976 175416 223962 192298 184828 60238 18670 246164 395778 449296 330918 446508 384344 203922 2073600 2073600 
[12961.966761] MESSAGE_B= 0 0 0 80 4 1 192 64 248 179 0 0 0 0 0 0 26 0 528 0 0 0 0 0 0 0 0 1 12 0 0 0 0 0 3 0 0 0 0 0 0 1 0 0 1 4 1 514396 306332 137066 69270 121882 198344 221976 175416 223962 192298 184828 60238 18670 246164 395778 449296 330918 446508 384344 203922 2073600 2073600 
[12962.233761] MESSAGE_B= 0 0 0 81 6 2 192 64 248 179 0 0 0 0 0 0 32 0 680 0 0 0 0 0 0 0 0 1 12 0 0 0 0 0 18 20 0 0 0 0 0 1 0 0 1 6 2 317520 220678 231876 98338 617374 207844 270778 249796 336186 151082 164990 500624 112822 151342 296330 558432 483914 936906 709356 712692 2073600 2073600 
[12962.500761] MESSAGE_B= 0 0 0 85 5 2 192 64 248 179 0 0 0 0 0 362 21 21 165 0 0 0 0 0 0 0 0 1 12 0 0 0 0 0 23 23 0 0 0 0 0 1 0 0 1 5 2 304318 441062 231876 98338 617374 207844 270778 249796 336186 151082 164990 500624 112822 151342 296330 558432 483914 936906 709356 712692 2073600 2073600 
[12962.767771] MESSAGE_B= 0 0 0 90 6 1 192 64 248 179 0 0 16 0 160 296 0 24 0 0 0 0 0 0 0 0 0 1 12 0 0 0 0 0 19 20 0 0 0 0 0 1 0 0 1 6 1 249070 395356 231876 98338 617374 207844 270778 249796 336186 151082 164990 500624 112822 151342 296330 558432 483914 936906 709356 712692 2073600 2073600 
[12963.034759] MESSAGE_B= 0 0 0 99 5 1 192 64 248 179 0 0 16 0 208 128 0 16 0 0 0 0 0 0 0 0 0 1 12 0 0 0 0 0 18 25 0 0 0 0 0 1 0 0 1 5 1 128014 415446 231876 98338 617374 207844 270778 249796 336186 151082 164990 500624 112822 151342 296330 558432 483914 936906 709356 712692 2073600 2073600 
[12963.180760] MESSAGE_B= 0 0 0 109 5 1 192 64 248 179 0 0 16 0 288 0 0 0 0 0 0 0 0 0 0 0 0 1 12 0 0 0 0 0 17 25 0 0 0 0 0 1 0 0 1 5 1 113611 419143 231876 98338 617374 207844 270778 249796 336186 151082 164990 500624 112822 151342 296330 558432 483914 936906 709356 712692 2073600 2073600 
[12963.447767] MESSAGE_B= 0 0 0 113 5 1 192 64 248 179 0 0 0 0 0 0 0 0 0 0 0 0 0 0 0 0 0 1 12 0 0 0 0 0 15 23 0 0 0 0 0 1 0 0 1 5 1 227904 425972 231876 98338 617374 207844 270778 249796 336186 151082 164990 500624 112822 151342 296330 558432 483914 936906 709356 712692 2073600 2073600 
[12963.714764] MESSAGE_B= 0 0 0 111 5 1 192 64 248 179 0 0 0 0 0 0 32 0 416 0 0 0 0 0 0 0 0 1 12 0 0 0 0 0 14 24 0 0 0 0 0 1 0 0 1 5 1 150285 460774 231876 98338 617374 207844 270778 249796 336186 151082 164990 500624 112822 151342 296330 558432 483914 936906 709356 712692 2073600 2073600 
[12963.981759] MESSAGE_B= 0 0 0 106 5 1 192 64 248 179 0 0 0 0 0 224 0 16 0 0 0 0 0 0 0 0 0 1 12 0 0 0 0 0 16 25 0 0 0 0 0 1 0 0 1 5 1 245854 439378 231876 98338 617374 207844 270778 249796 336186 151082 164990 500624 112822 151342 296330 558432 483914 936906 709356 712692 2073600 2073600 
[12964.248759] MESSAGE_B= 0 0 0 96 5 1 192 64 248 179 0 0 0 0 0 0 0 0 0 0 0 0 0 0 0 0 0 1 12 0 0 0 0 0 13 26 0 0 0 0 0 1 0 0 1 5 1 205990 462129 231876 98338 617374 207844 270778 249796 336186 151082 164990 500624 112822 151342 296330 558432 483914 936906 709356 712692 2073600 2073600 
[12964.515763] MESSAGE_B= 0 0 0 79 5 1 192 64 248 179 0 0 0 0 0 0 0 0 0 0 0 0 0 0 0 0 0 1 12 0 0 0 0 0 14 22 0 0 0 0 0 1 0 0 1 5 1 200592 420316 345070 109472 39174 105168 145350 120514 241924 149190 201490 109792 247156 9354 313280 306750 352956 409598 470200 415558 2073600 2073600 
[12964.782772] MESSAGE_B= 0 0 0 80 6 1 192 64 248 179 0 0 0 0 0 0 0 0 0 0 0 0 0 0 0 0 0 1 12 0 0 0 0 0 0 0 0 1 1 0 0 1 0 0 1 6 1 193460 438799 345070 109472 39174 105168 145350 120514 241924 149190 201490 109792 247156 9354 313280 306750 352956 409598 470200 415558 2073600 2073600 
[12965.048763] MESSAGE_B= 0 7 0 73 3 2 192 64 248 179 0 0 0 0 0 0 0 0 0 0 0 0 0 0 0 0 0 1 12 0 0 0 0 0 0 0 0 1 1 1 1 1 1 1 1 3 2 26198 324849 345070 109472 39174 105168 145350 120514 241924 149190 201490 109792 247156 9354 313280 306750 352956 409598 470200 415558 2073600 2073600 
[12965.193758] MESSAGE_B= 0 7 0 71 4 2 192 64 248 179 0 0 0 0 0 0 0 0 0 0 0 0 0 0 0 0 0 1 12 0 0 0 0 0 0 0 0 1 1 1 1 1 1 1 1 4 2 22732 45326 345070 109472 39174 105168 145350 120514 241924 149190 201490 109792 247156 9354 313280 306750 352956 409598 470200 415558 2073600 2073600 
[12965.459762] MESSAGE_B= 7 7 0 199 4 2 192 64 248 179 0 0 0 0 0 0 0 0 0 0 0 0 0 0 0 0 0 1 12 0 0 0 0 0 0 0 0 1 1 1 1 1 1 1 1 4 2 0 763 345070 109472 39174 105168 145350 120514 241924 149190 201490 109792 247156 9354 313280 306750 352956 409598 470200 415558 2073600 2073600 
[12965.725768] MESSAGE_B= 7 7 0 198 4 2 192 64 248 179 0 0 0 0 0 0 0 0 0 0 0 0 0 0 0 0 0 1 12 0 0 0 0 0 0 0 0 1 1 1 1 1 1 1 1 4 2 0 0 345070 109472 39174 105168 145350 120514 241924 149190 201490 109792 247156 9354 313280 306750 352956 409598 470200 415558 2073600 2073600 
[12965.991763] MESSAGE_B= 7 7 0 199 4 2 192 64 248 179 0 0 0 0 0 0 0 0 0 0 0 0 0 0 0 0 0 1 12 0 0 0 0 0 0 0 0 1 1 1 1 1 1 1 1 4 2 0 0 345070 109472 39174 105168 145350 120514 241924 149190 201490 109792 247156 9354 313280 306750 352956 409598 470200 415558 2073600 2073600 
[12966.257762] MESSAGE_B= 7 7 0 198 4 2 192 64 248 179 0 0 0 0 0 0 0 0 0 0 0 0 0 0 0 0 0 1 12 0 0 0 0 0 0 0 0 1 1 1 1 1 1 1 1 4 2 0 0 345070 109472 39174 105168 145350 120514 241924 149190 201490 109792 247156 9354 313280 306750 352956 409598 470200 415558 2073600 2073600 
[12966.523761] MESSAGE_B= 7 7 0 199 4 2 192 64 248 179 0 0 0 0 0 0 0 0 0 0 0 0 0 0 0 0 0 1 12 0 0 0 0 0 0 0 0 1 1 1 1 1 1 1 1 4 2 0 0 345070 109472 39174 105168 145350 120514 241924 149190 201490 109792 247156 9354 313280 306750 352956 409598 470200 415558 2073600 2073600 
[12966.789761] MESSAGE_B= 7 7 0 194 0 2 192 64 248 179 0 0 0 0 0 0 0 0 0 0 0 0 0 0 0 0 0 1 12 0 0 0 0 0 0 0 0 1 1 1 1 1 1 1 1 0 2 0 0 2 85368 51282 64550 2 2 133078 69958 2 2 369838 25966 2 2 2 238144 296916 2 2073600 2073600 
[12967.051772] MESSAGE_B= 7 7 0 188 0 1 192 64 248 179 0 0 0 0 0 0 0 0 0 0 0 0 0 0 0 0 0 1 12 0 0 0 0 0 0 0 0 1 1 1 1 1 1 1 1 0 1 4046 0 2 85368 51282 64550 2 2 133078 69958 2 2 369838 25966 2 2 2 238144 296916 2 2073600 2073600 
[12967.192762] MESSAGE_B= 7 0 0 195 0 1 192 64 248 179 0 0 16 0 944 768 40 60 496 0 0 0 0 0 0 0 0 1 12 0 0 0 0 0 0 0 0 0 0 0 0 1 0 0 1 0 1 14866 85196 2 85368 51282 64550 2 2 133078 69958 2 2 369838 25966 2 2 2 238144 296916 2 2073600 2073600 
[12967.455768] MESSAGE_B= 7 0 0 196 0 1 192 64 248 179 0 0 305 0 1389 1533 317 287 1615 0 0 0 0 0 0 0 0 1 12 12 0 25 0 0 0 0 0 0 0 0 0 0 0 0 0 0 1 25844 133362 2 85368 51282 64550 2 2 133078 69958 2 2 369838 25966 2 2 2 238144 296916 2 2073600 2073600 
[12967.719767] MESSAGE_B= 7 0 0 197 0 1 192 64 248 179 0 0 300 0 1768 1892 293 257 1851 0 0 0 0 0 0 0 0 1 12 0 0 0 0 0 0 0 0 0 0 0 0 0 0 0 0 0 1 26442 143496 2 85368 51282 64550 2 2 133078 69958 2 2 369838 25966 2 2 2 238144 296916 2 2073600 2073600 
[12967.983768] MESSAGE_B= 7 0 0 198 0 1 192 64 248 179 0 0 281 0 2062 2270 290 272 2009 0 0 0 0 0 0 0 0 1 12 0 0 0 0 0 0 0 0 0 0 0 0 0 0 0 0 0 1 21239 168586 2 85368 51282 64550 2 2 133078 69958 2 2 369838 25966 2 2 2 238144 296916 2 2073600 2073600 
[12968.247761] MESSAGE_B= 7 0 0 197 2 1 192 64 248 179 0 0 268 0 2176 2299 272 267 2003 0 0 0 0 0 0 0 0 1 12 0 0 0 0 0 25 15 0 0 0 0 0 0 0 0 0 2 1 20458 169291 2 85368 51282 64550 2 2 133078 69958 2 2 369838 25966 2 2 2 238144 296916 2 2073600 2073600 
[12968.511769] MESSAGE_B= 7 0 0 200 2 1 192 64 248 179 0 0 270 0 2160 2317 267 259 1929 0 0 0 0 0 0 0 0 1 12 0 0 0 0 0 24 15 0 0 0 0 0 0 0 0 0 2 1 20797 170922 2 85368 51282 64550 2 2 133078 69958 2 2 369838 25966 2 2 2 238144 296916 2 2073600 2073600 
[12968.775766] MESSAGE_B= 7 0 0 198 2 1 192 64 248 179 0 0 270 0 2077 2279 256 230 1906 0 0 0 0 0 0 0 0 1 12 0 0 0 0 0 24 17 0 0 0 0 0 0 0 0 0 2 1 45944 123584 2 85368 51282 64550 2 2 133078 69958 2 2 369838 25966 2 2 2 238144 296916 2 2073600 2073600 
[12969.039764] MESSAGE_B= 7 0 0 199 2 1 192 64 248 179 0 0 241 0 2104 2251 236 228 1867 0 0 0 0 0 0 0 0 1 12 0 0 0 0 0 25 17 0 0 0 0 0 0 0 0 0 2 1 19489 167407 106898 51128 10016 41900 42904 33710 155258 149774 100670 35742 135060 1948 44524 41774 41254 186064 238796 38362 2073600 2073600 
[12969.185757] MESSAGE_B= 7 0 0 198 2 1 192 64 248 179 0 0 237 0 2099 2261 240 236 1819 0 0 0 0 0 0 0 0 1 12 0 0 0 0 0 24 17 0 0 0 0 0 0 0 0 0 2 1 47071 122757 106898 51128 10016 41900 42904 33710 155258 149774 100670 35742 135060 1948 44524 41774 41254 186064 238796 38362 2073600 2073600 
[12969.452757] MESSAGE_B= 7 0 0 198 2 1 192 64 248 179 0 0 217 0 2049 2230 217 230 1761 0 0 0 0 0 0 0 0 1 12 0 0 0 0 0 24 15 0 0 0 0 0 0 0 0 0 2 1 17698 162056 106898 51128 10016 41900 42904 33710 155258 149774 100670 35742 135060 1948 44524 41774 41254 186064 238796 38362 2073600 2073600 
[12969.719767] MESSAGE_B= 7 0 0 197 2 0 192 64 248 179 0 0 208 0 2056 2186 212 231 1720 0 0 0 0 0 0 0 0 1 12 0 0 0 0 0 24 15 0 0 0 0 0 0 0 0 0 2 0 45303 118497 106898 51128 10016 41900 42904 33710 155258 149774 100670 35742 135060 1948 44524 41774 41254 186064 238796 38362 2073600 2073600 
[12969.986753] MESSAGE_B= 7 0 0 197 2 1 192 64 248 179 0 0 215 0 2014 2130 196 207 1590 0 0 0 0 0 0 0 0 1 12 0 0 0 0 0 25 18 0 0 0 0 0 0 0 0 0 2 1 17662 159481 106898 51128 10016 41900 42904 33710 155258 149774 100670 35742 135060 1948 44524 41774 41254 186064 238796 38362 2073600 2073600 
[12970.253756] MESSAGE_B= 7 0 0 200 3 0 192 64 248 179 0 0 166 0 1841 1981 117 157 1364 0 0 0 0 0 0 0 0 1 12 0 0 0 0 0 24 21 0 0 0 0 0 0 0 0 0 3 0 42674 115867 106898 51128 10016 41900 42904 33710 155258 149774 100670 35742 135060 1948 44524 41774 41254 186064 238796 38362 2073600 2073600 
[12970.521756] MESSAGE_B= 7 0 0 199 4 1 192 64 248 179 0 0 18 0 1302 1410 34 41 872 0 0 0 0 0 0 0 0 1 12 0 0 0 0 0 20 21 0 0 0 0 0 1 0 0 1 4 1 20274 150632 106898 51128 10016 41900 42904 33710 155258 149774 100670 35742 135060 1948 44524 41774 41254 186064 238796 38362 2073600 2073600 
[12970.788761] MESSAGE_B= 7 0 0 197 5 1 192 64 248 179 0 0 0 0 0 0 0 0 0 0 0 0 0 0 0 0 0 1 12 0 0 0 0 0 0 0 0 1 1 0 0 1 0 0 1 5 1 45086 116896 106898 51128 10016 41900 42904 33710 155258 149774 100670 35742 135060 1948 44524 41774 41254 186064 238796 38362 2073600 2073600 
[12971.054756] MESSAGE_B= 7 7 0 185 2 1 192 64 248 179 0 0 0 0 0 0 0 0 0 0 0 0 0 0 0 0 0 1 12 0 0 0 0 0 0 0 0 1 1 1 1 1 1 1 1 2 1 19576 138023 106898 51128 10016 41900 42904 33710 155258 149774 100670 35742 135060 1948 44524 41774 41254 186064 238796 38362 2073600 2073600 
[12971.199762] MESSAGE_B= 0 7 0 181 2 1 192 64 248 179 0 0 0 0 0 0 0 0 0 0 0 0 0 0 0 0 0 1 12 0 0 0 0 0 0 0 0 1 1 1 1 1 1 1 1 2 1 29674 101798 79862 84246 35834 113646 118032 119338 227038 148532 111012 2 228400 5304 36178 34894 29394 227134 290946 4890 2073600 2073600 
[12971.464759] MESSAGE_B= 4 7 0 181 2 1 192 64 248 179 0 0 0 0 0 0 0 0 0 0 0 0 0 0 0 0 0 1 12 0 0 0 0 0 0 0 0 1 1 1 1 1 1 1 1 2 1 0 1533 79862 84246 35834 113646 118032 119338 227038 148532 111012 2 228400 5304 36178 34894 29394 227134 290946 4890 2073600 2073600 
[12971.729763] MESSAGE_B= 7 7 0 193 3 1 192 64 248 179 0 0 0 0 0 0 0 0 0 0 0 0 0 0 0 0 0 1 12 0 0 0 0 0 0 0 0 1 1 1 1 1 1 1 1 3 1 0 0 79862 84246 35834 113646 118032 119338 227038 148532 111012 2 228400 5304 36178 34894 29394 227134 290946 4890 2073600 2073600 
[12971.994755] MESSAGE_B= 7 7 0 194 3 1 192 64 248 179 0 0 0 0 0 0 0 0 0 0 0 0 0 0 0 0 0 1 12 0 0 0 0 0 0 0 0 1 1 1 1 1 1 1 1 3 1 0 0 79862 84246 35834 113646 118032 119338 227038 148532 111012 2 228400 5304 36178 34894 29394 227134 290946 4890 2073600 2073600 
[12972.258754] MESSAGE_B= 7 7 0 193 3 1 192 64 248 179 0 0 0 0 0 0 0 0 0 0 0 0 0 0 0 0 0 1 12 0 0 0 0 0 0 0 0 1 1 1 1 1 1 1 1 3 1 0 0 79862 84246 35834 113646 118032 119338 227038 148532 111012 2 228400 5304 36178 34894 29394 227134 290946 4890 2073600 2073600 
[12972.523760] MESSAGE_B= 7 7 0 193 3 1 192 64 248 179 0 0 0 0 0 0 0 0 0 0 0 0 0 0 0 0 0 1 12 0 0 0 0 0 0 0 0 1 1 1 1 1 1 1 1 3 1 0 0 79862 84246 35834 113646 118032 119338 227038 148532 111012 2 228400 5304 36178 34894 29394 227134 290946 4890 2073600 2073600 
[12972.788757] MESSAGE_B= 7 7 0 194 3 1 192 64 248 179 0 0 0 0 0 0 0 0 0 0 0 0 0 0 0 0 0 1 12 0 0 0 0 0 0 0 0 1 1 1 1 1 1 1 1 3 1 0 0 79862 84246 35834 113646 118032 119338 227038 148532 111012 2 228400 5304 36178 34894 29394 227134 290946 4890 2073600 2073600 
[12973.052756] MESSAGE_B= 7 7 0 193 3 1 192 64 248 179 0 0 0 0 0 0 0 0 0 0 0 0 0 0 0 0 0 1 12 0 0 0 0 0 0 0 0 1 1 1 1 1 1 1 1 3 1 0 0 79862 84246 35834 113646 118032 119338 227038 148532 111012 2 228400 5304 36178 34894 29394 227134 290946 4890 2073600 2073600 
[12973.196759] MESSAGE_B= 7 7 0 194 3 1 192 64 248 179 0 0 0 0 0 0 0 0 0 0 0 0 0 0 0 0 0 1 12 0 0 0 0 0 0 0 0 1 1 1 1 1 1 1 1 3 1 0 0 79862 84246 35834 113646 118032 119338 227038 148532 111012 2 228400 5304 36178 34894 29394 227134 290946 4890 2073600 2073600 
[12973.461762] MESSAGE_B= 4 0 0 105 1 2 192 64 248 179 0 2121 1478 1361 1150 1564 1639 1729 1616 1243 873 793 694 941 973 1036 984 0 31 254 251 229 246 116 21 37 46 0 0 0 0 0 0 0 0 1 2 0 0 763194 50758 526 2 2 2 100494 19274 2 596992 250130 2290 2 2 2 174128 220300 2 2073600 2073600 
[12973.728766] MESSAGE_B= 0 0 0 107 1 2 192 64 248 179 0 2116 1476 1375 1151 1526 1659 1787 1582 1240 872 801 692 933 986 1058 949 0 31 253 251 229 250 117 21 51 32 0 0 0 0 0 0 0 0 1 2 227789 762971 763194 50758 526 2 2 2 100494 19274 2 596992 250130 2290 2 2 2 174128 220300 2 2073600 2073600 
[12973.995775] MESSAGE_B= 0 0 0 103 1 2 192 64 248 179 0 2092 1463 1364 1132 1474 1696 1779 1623 1227 862 793 682 901 1008 1071 982 0 31 254 251 232 246 107 23 55 18 0 0 0 0 0 0 0 0 1 2 480845 630211 763194 50758 526 2 2 2 100494 19274 2 596992 250130 2290 2 2 2 174128 220300 2 2073600 2073600 
[12974.263763] MESSAGE_B= 0 0 0 101 1 2 192 64 248 179 0 2060 1452 1353 1113 1477 1738 1720 1650 1212 853 786 670 896 1032 1057 997 0 31 253 251 233 249 96 25 62 13 0 0 0 0 0 0 0 0 1 2 184414 729331 763194 50758 526 2 2 2 100494 19274 2 596992 250130 2290 2 2 2 174128 220300 2 2073600 2073600 
[12974.531764] MESSAGE_B= 0 0 0 100 1 1 192 64 248 179 0 2053 1445 1341 1094 1452 1738 1721 1675 1210 848 778 661 877 1029 1050 1024 0 31 253 251 226 251 96 37 60 0 0 0 0 0 0 0 0 0 1 1 470756 621284 763194 50758 526 2 2 2 100494 19274 2 596992 250130 2290 2 2 2 174128 220300 2 2073600 2073600 
[12974.798761] MESSAGE_B= 0 0 0 99 1 1 192 64 248 179 0 2045 1434 1331 1080 1507 1758 1729 1670 1205 838 771 651 906 1045 1037 1031 0 31 253 251 232 249 85 53 57 2 0 0 0 0 0 0 0 0 1 1 159964 756669 763194 50758 526 2 2 2 100494 19274 2 596992 250130 2290 2 2 2 174128 220300 2 2073600 2073600 
[12975.065766] MESSAGE_B= 0 0 0 95 1 2 192 64 248 179 0 2028 1427 1327 1065 1625 1764 1777 1596 1195 834 769 638 983 1056 1061 996 0 31 253 251 230 244 95 72 56 11 0 0 0 0 0 0 0 0 1 2 487089 648886 763194 50758 526 2 2 2 100494 19274 2 596992 250130 2290 2 2 2 174128 220300 2 2073600 2073600 
[12975.212761] MESSAGE_B= 0 0 0 93 1 1 192 64 248 179 0 2026 1427 1329 1057 1672 1801 1843 1517 1191 832 770 633 1021 1084 1105 956 0 31 253 251 224 240 115 86 50 19 0 0 0 0 0 0 0 0 1 1 138882 679500 763194 50758 526 2 2 2 100494 19274 2 596992 250130 2290 2 2 2 174128 220300 2 2073600 2073600 
[12975.479766] MESSAGE_B= 0 7 0 94 1 1 192 64 248 179 0 1998 1418 1318 1039 1692 1881 1929 1382 1175 826 764 618 1040 1127 1150 872 0 31 253 251 228 237 129 108 56 52 0 0 0 0 0 0 0 0 1 1 506340 661247 763194 50758 526 2 2 2 100494 19274 2 596992 250130 2290 2 2 2 174128 220300 2 2073600 2073600 
[12975.747769] MESSAGE_B= 0 7 0 95 1 2 192 64 248 179 0 1982 1432 1340 1029 1608 1962 1960 1318 1166 834 779 607 1008 1167 1163 820 0 31 252 252 234 245 138 125 82 92 0 0 0 0 0 0 0 0 1 2 166546 602806 696208 96380 185190 690146 744314 591846 815230 678546 691420 576372 193598 158130 459402 455598 459336 468254 264370 558428 2073600 2073600 
[12976.019767] MESSAGE_B= 0 0 0 96 1 2 192 64 248 179 0 1961 1459 1341 1010 1535 1997 1894 1309 1152 858 781 591 965 1200 1157 828 0 31 251 252 239 240 140 146 112 133 0 0 0 0 0 0 0 0 1 2 489120 668214 696208 96380 185190 690146 744314 591846 815230 678546 691420 576372 193598 158130 459402 455598 459336 468254 264370 558428 2073600 2073600 
[12976.291762] MESSAGE_B= 0 0 0 103 1 2 192 64 248 179 0 1975 1569 1346 989 1603 1935 1769 1307 1157 936 786 573 1008 1186 1106 828 0 31 253 252 234 237 152 143 141 145 0 0 0 0 0 0 0 0 1 2 171828 533024 696208 96380 185190 690146 744314 591846 815230 678546 691420 576372 193598 158130 459402 455598 459336 468254 264370 558428 2073600 2073600 
[12976.563771] MESSAGE_B= 0 0 0 107 1 2 192 64 248 179 0 2005 1679 1368 969 1546 1898 1703 1340 1175 1001 801 563 959 1161 1075 868 0 31 254 252 238 238 157 138 171 154 0 0 0 0 0 0 0 0 1 2 503597 696814 696208 96380 185190 690146 744314 591846 815230 678546 691420 576372 193598 158130 459402 455598 459336 468254 264370 558428 2073600 2073600 
[12976.821757] MESSAGE_B= 0 0 0 110 1 4 192 64 248 179 0 2013 1880 1393 1001 1441 1871 1695 1445 1183 1111 818 589 911 1162 1065 989 0 31 254 252 241 239 150 148 184 187 0 0 0 0 0 0 0 0 1 4 188732 587684 696208 96380 185190 690146 744314 591846 815230 678546 691420 576372 193598 158130 459402 455598 459336 468254 264370 558428 2073600 2073600 
[12977.093757] MESSAGE_B= 0 7 0 109 1 3 192 64 248 179 0 1937 2065 1446 1153 1295 1719 1675 1462 1135 1210 869 748 811 1093 1070 1037 0 31 250 231 247 247 143 156 196 237 0 0 0 0 0 0 0 0 1 3 617068 685570 696208 96380 185190 690146 744314 591846 815230 678546 691420 576372 193598 158130 459402 455598 459336 468254 264370 558428 2073600 2073600 
[12977.365758] MESSAGE_B= 0 7 0 108 1 2 192 64 248 179 0 1870 2165 1526 1291 1094 1566 1528 1372 1093 1263 916 850 701 1033 1003 984 0 31 245 224 251 252 168 175 206 244 0 0 0 0 0 0 0 0 1 2 134382 662306 696208 96380 185190 690146 744314 591846 815230 678546 691420 576372 193598 158130 459402 455598 459336 468254 264370 558428 2073600 2073600 
[12977.516761] MESSAGE_B= 0 7 0 108 1 3 192 64 248 179 0 1846 2187 1561 1286 1000 1411 1410 1276 1079 1274 937 832 631 934 916 888 0 31 243 228 251 251 151 179 198 242 0 0 0 0 0 0 0 0 1 3 592090 571504 696208 96380 185190 690146 744314 591846 815230 678546 691420 576372 193598 158130 459402 455598 459336 468254 264370 558428 2073600 2073600 
[12977.788763] MESSAGE_B= 0 0 0 91 1 3 192 64 248 179 0 1768 2195 1696 1245 888 1225 1329 1132 1048 1285 1006 788 547 776 852 767 0 31 238 231 248 249 111 150 179 232 0 0 0 0 0 0 0 0 1 3 211852 946505 696208 96380 185190 690146 744314 591846 815230 678546 691420 576372 193598 158130 459402 455598 459336 468254 264370 558428 2073600 2073600 
[12978.060761] MESSAGE_B= 0 0 0 81 1 2 192 64 248 179 0 1713 2157 1821 1254 855 1188 1321 1096 1038 1268 1067 806 520 734 822 728 0 31 238 222 248 251 94 140 156 234 0 0 0 0 0 0 0 0 1 2 527204 656854 808422 319546 300578 489946 544990 194794 819734 623288 703268 447228 373344 26848 663038 639654 648194 756232 503972 512488 2073600 2073600 
[12978.332759] MESSAGE_B= 0 0 0 83 1 3 192 64 248 179 0 1647 2085 1967 1295 835 1208 1321 1091 1028 1227 1148 835 508 721 796 706 0 31 240 217 254 248 68 109 126 231 0 0 0 0 0 0 0 0 1 3 228962 951663 808422 319546 300578 489946 544990 194794 819734 623288 703268 447228 373344 26848 663038 639654 648194 756232 503972 512488 2073600 2073600 
[12978.604759] MESSAGE_B= 0 0 0 89 1 3 192 64 248 179 0 1646 2071 2074 1368 832 1253 1337 1088 1036 1219 1218 834 506 740 796 707 0 31 242 231 254 243 57 92 108 214 0 0 0 0 0 0 0 0 1 3 315484 801212 808422 319546 300578 489946 544990 194794 819734 623288 703268 447228 373344 26848 663038 639654 648194 756232 503972 512488 2073600 2073600 
[12978.876758] MESSAGE_B= 0 7 0 89 1 3 192 64 248 179 0 1620 2055 2123 1458 850 1272 1339 1067 1033 1209 1248 860 517 749 789 694 0 31 238 241 253 242 50 82 99 198 0 0 0 0 0 0 0 0 1 3 217079 933879 808422 319546 300578 489946 544990 194794 819734 623288 703268 447228 373344 26848 663038 639654 648194 756232 503972 512488 2073600 2073600 
[12979.147767] MESSAGE_B= 0 7 0 88 1 2 192 64 248 179 0 1580 2073 2114 1596 884 1302 1350 1075 1013 1226 1243 935 536 773 796 699 0 31 235 247 253 246 51 82 97 185 0 0 0 0 0 0 0 0 1 2 228992 870654 808422 319546 300578 489946 544990 194794 819734 623288 703268 447228 373344 26848 663038 639654 648194 756232 503972 512488 2073600 2073600 
[12979.418759] MESSAGE_B= 0 4 0 91 1 3 192 64 248 179 0 1521 2084 2093 1688 893 1296 1368 1105 970 1234 1227 984 536 775 814 719 0 31 237 251 255 249 49 98 110 174 0 0 0 0 0 0 0 0 1 3 180046 909106 808422 319546 300578 489946 544990 194794 819734 623288 703268 447228 373344 26848 663038 639654 648194 756232 503972 512488 2073600 2073600 
[12979.569760] MESSAGE_B= 0 4 0 99 1 2 192 64 248 179 0 1516 2090 2121 1735 924 1316 1400 1162 956 1242 1241 1013 552 788 842 755 0 31 239 252 255 249 52 99 122 169 0 0 0 0 0 0 0 0 1 2 214690 918322 808422 319546 300578 489946 544990 194794 819734 623288 703268 447228 373344 26848 663038 639654 648194 756232 503972 512488 2073600 2073600 
[12979.932763] MESSAGE_B= 0 4 0 106 1 3 192 64 248 179 0 1508 2049 2156 1855 934 1351 1538 1324 943 1224 1257 1086 566 806 953 862 0 31 242 249 254 248 78 87 143 171 0 0 0 0 0 0 0 0 1 3 218458 893231 808422 319546 300578 489946 544990 194794 819734 623288 703268 447228 373344 26848 663038 639654 648194 756232 503972 512488 2073600 2073600 
[12980.083764] MESSAGE_B= 0 0 0 106 1 3 192 64 248 179 0 1476 2075 2187 1859 922 1355 1610 1390 926 1244 1276 1083 564 805 989 896 0 31 242 247 252 249 87 83 132 163 0 0 0 0 0 0 0 0 1 3 259837 870358 808422 319546 300578 489946 544990 194794 819734 623288 703268 447228 373344 26848 663038 639654 648194 756232 503972 512488 2073600 2073600 
[12980.355759] MESSAGE_B= 0 4 4 103 1 3 192 64 248 179 0 1248 2146 2226 1852 918 1328 1614 1467 752 1275 1297 1079 566 789 960 931 0 31 248 252 251 250 115 92 115 128 0 0 0 0 0 0 0 0 1 3 306170 847037 881604 1313878 911078 990692 947432 1161698 1253456 1009640 895966 618322 210392 252182 357880 182574 308762 435560 238724 497404 2073600 2073600 
[12980.627761] MESSAGE_B= 0 4 4 94 1 3 192 64 248 179 0 924 2127 2277 1917 906 1270 1596 1531 541 1268 1328 1122 556 764 969 944 0 31 249 252 246 254 152 84 129 116 0 0 0 0 0 0 0 0 1 3 349894 823954 881604 1313878 911078 990692 947432 1161698 1253456 1009640 895966 618322 210392 252182 357880 182574 308762 435560 238724 497404 2073600 2073600 
[12980.899764] MESSAGE_B= 0 0 4 84 0 3 192 64 248 179 0 873 1514 2350 1983 873 1231 1603 1553 511 885 1373 1160 514 745 1016 962 0 31 249 255 232 253 108 109 143 135 0 0 0 0 0 0 0 0 0 3 468034 718340 881604 1313878 911078 990692 947432 1161698 1253456 1009640 895966 618322 210392 252182 357880 182574 308762 435560 238724 497404 2073600 2073600 
[12981.171757] MESSAGE_B= 0 0 4 84 1 2 192 64 248 179 0 773 1230 2101 2034 798 1161 1555 1570 474 719 1239 1189 461 697 972 985 0 31 223 249 236 248 136 135 132 142 0 0 0 0 0 0 0 0 1 2 650184 749134 881604 1313878 911078 990692 947432 1161698 1253456 1009640 895966 618322 210392 252182 357880 182574 308762 435560 238724 497404 2073600 2073600 
[12981.443762] MESSAGE_B= 0 0 4 89 1 2 192 64 248 179 0 794 1178 1787 2084 774 1137 1520 1635 520 696 1049 1217 453 679 918 1027 0 31 208 244 241 244 162 146 93 148 0 0 0 0 0 0 0 0 1 2 494678 585988 881604 1313878 911078 990692 947432 1161698 1253456 1009640 895966 618322 210392 252182 357880 182574 308762 435560 238724 497404 2073600 2073600 
[12981.594762] MESSAGE_B= 0 7 4 95 2 1 192 64 248 179 0 881 1159 1607 2084 761 1121 1453 1584 549 685 942 1216 446 672 862 1004 0 31 223 247 246 243 136 148 91 158 0 0 0 0 0 0 0 0 2 1 644823 618940 881604 1313878 911078 990692 947432 1161698 1253456 1009640 895966 618322 210392 252182 357880 182574 308762 435560 238724 497404 2073600 2073600 
[12981.866768] MESSAGE_B= 0 7 4 98 2 1 192 64 248 179 0 947 1077 1515 2082 767 1157 1418 1558 559 654 889 1214 454 698 828 984 0 31 241 237 252 245 142 162 74 152 0 0 0 0 0 0 0 0 2 1 530795 595478 881604 1313878 911078 990692 947432 1161698 1253456 1009640 895966 618322 210392 252182 357880 182574 308762 435560 238724 497404 2073600 2073600 
[12982.138757] MESSAGE_B= 0 7 0 107 2 1 192 64 248 179 0 968 1001 1511 2086 823 1182 1350 1546 565 631 889 1219 489 709 785 951 0 31 244 225 245 240 148 183 47 139 0 0 0 0 0 0 0 0 2 1 549484 585551 881604 1313878 911078 990692 947432 1161698 1253456 1009640 895966 618322 210392 252182 357880 182574 308762 435560 238724 497404 2073600 2073600 
[12982.410756] MESSAGE_B= 0 4 0 120 1 4 192 64 248 179 0 899 1381 1641 1394 832 1358 1586 1349 518 802 954 842 481 787 922 791 0 31 255 248 255 254 98 77 84 26 0 0 0 0 0 0 0 0 1 4 467566 615180 881604 1313878 911078 990692 947432 1161698 1253456 1009640 895966 618322 210392 252182 357880 182574 308762 435560 238724 497404 2073600 2073600 
[12982.681765] MESSAGE_B= 0 0 0 122 1 3 192 64 248 179 0 50 1224 81 1335 304 1181 585 1209 201 709 383 807 418 693 824 714 0 18 255 245 255 255 87 92 0 41 2 0 2 2 0 0 1 0 1 3 386484 669176 335022 811160 22904 673840 509120 455622 769182 562968 536128 900368 739380 265494 1087192 969786 1014084 1133448 1029218 645058 2073600 2073600 
[12982.831760] MESSAGE_B= 0 0 0 116 1 3 192 64 248 179 0 109 1221 177 1228 524 1173 1060 1246 293 730 507 743 420 685 864 728 0 18 255 252 255 255 80 95 0 75 2 2 2 2 0 0 2 2 1 3 530850 558564 335022 811160 22904 673840 509120 455622 769182 562968 536128 900368 739380 265494 1087192 969786 1014084 1133448 1029218 645058 2073600 2073600 
[12983.102759] MESSAGE_B= 0 0 0 109 1 2 192 64 248 179 0 16 16 16 16 16 561 16 592 0 0 0 0 0 683 0 722 0 18 0 0 0 255 86 56 0 69 2 0 2 2 0 2 1 2 1 2 611416 550386 335022 811160 22904 673840 509120 455622 769182 562968 536128 900368 739380 265494 1087192 969786 1014084 1133448 1029218 645058 2073600 2073600 
[12983.371758] MESSAGE_B= 0 0 0 95 1 2 192 64 248 179 0 16 37 16 45 135 822 337 962 0 174 0 246 230 611 612 716 0 17 0 255 255 255 116 100 0 0 2 2 2 2 0 2 1 2 1 2 618830 553572 335022 811160 22904 673840 509120 455622 769182 562968 536128 900368 739380 265494 1087192 969786 1014084 1133448 1029218 645058 2073600 2073600 
[12983.641762] MESSAGE_B= 0 0 0 85 1 2 192 64 248 179 0 88 16 182 16 16 579 16 792 247 0 563 0 0 466 0 637 0 17 255 0 0 254 129 254 0 0 2 0 2 2 0 2 1 2 1 2 572900 636380 335022 811160 22904 673840 509120 455622 769182 562968 536128 900368 739380 265494 1087192 969786 1014084 1133448 1029218 645058 2073600 2073600 
[12983.910766] MESSAGE_B= 0 0 0 78 1 2 192 64 248 179 0 484 968 927 1076 228 788 634 1025 530 611 1031 676 241 463 694 599 0 17 255 252 253 254 85 108 0 122 2 0 2 0 0 2 2 2 1 2 538324 688528 335022 811160 22904 673840 509120 455622 769182 562968 536128 900368 739380 265494 1087192 969786 1014084 1133448 1029218 645058 2073600 2073600 
[12984.060758] MESSAGE_B= 0 0 0 79 1 2 192 64 248 179 0 506 16 1171 16 16 540 16 702 444 0 1047 0 0 409 0 531 0 17 255 0 0 255 55 173 0 207 2 2 2 2 0 2 1 2 1 2 519378 494546 335022 811160 22904 673840 509120 455622 769182 562968 536128 900368 739380 265494 1087192 969786 1014084 1133448 1029218 645058 2073600 2073600 
[12984.330760] MESSAGE_B= 0 0 0 86 1 2 192 64 248 179 0 519 269 1270 477 288 526 548 762 418 482 1036 880 289 406 565 593 0 17 255 255 250 254 111 233 243 164 2 2 2 2 0 2 2 2 1 2 633692 578362 335022 811160 22904 673840 509120 455622 769182 562968 536128 900368 739380 265494 1087192 969786 1014084 1133448 1029218 645058 2073600 2073600 
[12984.601764] MESSAGE_B= 0 0 0 86 1 2 192 64 248 179 0 16 33 16 45 256 641 542 785 0 146 0 246 247 478 542 580 0 17 0 255 255 254 154 215 0 184 2 0 2 0 0 2 1 2 1 2 589564 659408 335022 811160 22904 673840 509120 455622 769182 562968 536128 900368 739380 265494 1087192 969786 1014084 1133448 1029218 645058 2073600 2073600 
[12984.871764] MESSAGE_B= 0 0 0 67 1 2 192 64 248 179 0 16 16 16 16 16 756 16 817 0 0 0 0 0 501 0 539 0 17 0 0 0 255 77 134 0 0 2 2 2 0 0 2 1 2 1 2 503332 694558 520722 128326 326 564720 659384 459688 345476 660018 659354 813226 165872 3802 973706 880520 927334 1106478 376060 821668 2073600 2073600 
[12985.139760] MESSAGE_B= 0 0 0 63 1 2 192 64 248 179 0 1114 1001 1273 823 1180 1336 2192 1784 381 176 104 77 317 579 326 309 0 12 31 219 225 199 4 112 106 79 2 0 2 0 2 2 2 2 1 2 455176 646398 520722 128326 326 564720 659384 459688 345476 660018 659354 813226 165872 3802 973706 880520 927334 1106478 376060 821668 2073600 2073600 
[12985.410763] MESSAGE_B= 0 0 0 110 2 1 192 64 248 179 0 1113 1144 1599 1329 1011 1494 2439 3281 283 139 128 302 206 296 627 586 0 12 88 153 68 109 150 64 22 68 2 0 2 0 2 2 2 2 2 1 431210 611864 520722 128326 326 564720 659384 459688 345476 660018 659354 813226 165872 3802 973706 880520 927334 1106478 376060 821668 2073600 2073600 
[12985.560766] MESSAGE_B= 0 0 0 112 2 1 192 64 248 179 0 1183 1061 1494 1301 955 1216 2036 2705 360 173 136 154 111 224 561 780 0 12 124 102 154 183 108 23 129 85 2 0 2 0 2 2 2 2 2 1 386939 632597 520722 128326 326 564720 659384 459688 345476 660018 659354 813226 165872 3802 973706 880520 927334 1106478 376060 821668 2073600 2073600 
[12985.817773] MESSAGE_B= 0 0 0 131 2 1 192 64 248 179 0 685 953 1299 1029 1079 1817 2130 1937 405 563 773 663 821 1109 1398 1329 0 31 234 231 234 238 43 64 21 45 0 0 0 0 0 0 0 0 2 1 609091 696427 520722 128326 326 564720 659384 459688 345476 660018 659354 813226 165872 3802 973706 880520 927334 1106478 376060 821668 2073600 2073600 
[12986.088761] MESSAGE_B= 0 0 0 108 2 1 192 64 248 179 0 879 894 1102 772 1227 1658 2263 1967 513 539 648 518 864 1205 1415 1250 0 31 243 221 232 149 54 34 32 169 0 0 0 0 0 0 0 0 2 1 358314 559739 520722 128326 326 564720 659384 459688 345476 660018 659354 813226 165872 3802 973706 880520 927334 1106478 376060 821668 2073600 2073600 
[12986.359764] MESSAGE_B= 0 0 0 102 1 1 192 64 248 179 0 922 875 1219 1301 1043 1529 1530 972 555 513 761 927 699 960 954 855 0 31 217 222 161 83 66 17 197 248 0 0 0 0 0 0 0 0 1 1 412039 765646 520722 128326 326 564720 659384 459688 345476 660018 659354 813226 165872 3802 973706 880520 927334 1106478 376060 821668 2073600 2073600 
[12986.630767] MESSAGE_B= 0 0 0 94 2 2 192 64 248 179 0 805 685 1091 946 972 1572 1615 1044 512 406 671 901 714 1223 977 1002 0 31 221 166 157 3 1 52 165 192 0 0 0 0 0 0 0 0 2 2 336194 845668 520722 128326 326 564720 659384 459688 345476 660018 659354 813226 165872 3802 973706 880520 927334 1106478 376060 821668 2073600 2073600 
[12986.901766] MESSAGE_B= 0 0 0 85 1 1 192 64 248 179 0 781 574 964 530 898 1013 1505 1809 502 331 569 316 635 721 1087 1182 0 31 234 250 247 181 3 13 1 61 0 0 0 0 0 0 0 0 1 1 223786 568447 520722 128326 326 564720 659384 459688 345476 660018 659354 813226 165872 3802 973706 880520 927334 1106478 376060 821668 2073600 2073600 
[12987.050764] MESSAGE_B= 0 0 0 91 1 2 192 64 248 179 0 842 668 967 534 716 1144 1815 1907 525 396 566 311 447 793 1288 1447 0 31 247 247 237 213 94 4 1 30 0 0 0 0 0 0 0 0 1 2 312818 731708 781632 54022 710038 576696 540224 643386 965450 560832 733144 352940 15718 409138 987030 869524 345472 405820 390918 353232 2073600 2073600 
[12987.321760] MESSAGE_B= 0 0 0 93 2 1 192 64 248 179 0 1419 950 1367 860 1025 1100 2058 2249 564 139 157 168 310 277 857 1019 0 12 35 46 112 150 9 176 123 104 0 0 2 0 2 2 2 2 2 1 391885 887263 781632 54022 710038 576696 540224 643386 965450 560832 733144 352940 15718 409138 987030 869524 345472 405820 390918 353232 2073600 2073600 
[12987.592768] MESSAGE_B= 0 0 0 90 2 1 192 64 248 179 0 1359 805 1235 856 1077 1034 1783 2015 468 95 117 231 413 293 804 986 0 12 42 142 23 220 145 199 116 49 0 0 2 0 2 2 2 2 2 1 278380 536932 781632 54022 710038 576696 540224 643386 965450 560832 733144 352940 15718 409138 987030 869524 345472 405820 390918 353232 2073600 2073600 
[12987.863769] MESSAGE_B= 0 0 0 96 2 1 192 64 248 179 0 1381 838 1275 862 999 1040 2031 2156 429 147 120 153 479 207 727 1126 0 12 107 87 107 192 129 81 26 120 0 0 2 0 2 2 2 2 2 1 502267 698559 781632 54022 710038 576696 540224 643386 965450 560832 733144 352940 15718 409138 987030 869524 345472 405820 390918 353232 2073600 2073600 
[12988.134762] MESSAGE_B= 0 0 0 89 1 1 192 64 248 179 0 1249 773 1207 754 1009 999 1990 1884 365 111 131 109 446 431 990 1006 0 12 13 119 59 234 202 44 129 198 0 0 2 0 2 2 2 2 1 1 280336 474129 781632 54022 710038 576696 540224 643386 965450 560832 733144 352940 15718 409138 987030 869524 345472 405820 390918 353232 2073600 2073600 
[12988.284760] MESSAGE_B= 0 0 0 87 1 1 192 64 248 179 0 1251 772 1192 736 1003 848 1835 2027 417 124 124 102 429 268 830 1099 0 12 50 141 46 206 219 0 142 227 0 0 2 0 2 2 2 2 1 1 542558 652867 781632 54022 710038 576696 540224 643386 965450 560832 733144 352940 15718 409138 987030 869524 345472 405820 390918 353232 2073600 2073600 
[12988.555761] MESSAGE_B= 0 0 0 86 1 1 192 64 248 179 0 1194 782 1207 812 909 855 1819 2053 332 129 138 131 376 268 728 1144 0 12 39 86 29 193 173 4 156 187 0 0 2 0 2 2 2 2 1 1 410993 434581 781632 54022 710038 576696 540224 643386 965450 560832 733144 352940 15718 409138 987030 869524 345472 405820 390918 353232 2073600 2073600 
[12988.826767] MESSAGE_B= 0 0 0 89 1 1 192 64 248 179 0 1193 790 1225 782 831 800 1523 1749 348 126 145 162 340 191 505 1118 0 12 37 109 34 233 54 10 163 174 0 0 2 0 2 2 2 2 1 1 558387 723258 781632 54022 710038 576696 540224 643386 965450 560832 733144 352940 15718 409138 987030 869524 345472 405820 390918 353232 2073600 2073600 
[12989.097764] MESSAGE_B= 0 0 0 87 1 1 192 64 248 179 0 1243 836 1260 833 733 865 1450 1306 380 127 133 219 90 197 707 777 0 12 89 121 161 227 125 160 76 145 0 0 2 0 2 2 2 2 1 1 375314 456541 781632 54022 710038 576696 540224 643386 965450 560832 733144 352940 15718 409138 987030 869524 345472 405820 390918 353232 2073600 2073600 
[12989.368762] MESSAGE_B= 0 0 0 86 2 1 192 64 248 179 0 1277 1004 1413 903 815 989 1568 1093 439 151 95 240 166 177 504 518 0 12 28 235 99 193 136 123 61 111 0 0 2 0 2 2 2 2 2 1 469896 616382 207484 336898 347906 439030 402144 318804 639200 588676 298454 656668 292840 400630 647658 653992 741694 627762 365126 673828 2073600 2073600 
[12989.639760] MESSAGE_B= 0 0 0 87 2 1 192 64 248 179 0 1246 1019 1425 975 797 955 1238 1013 498 106 100 284 173 183 107 281 0 12 12 170 23 157 142 142 114 77 2 0 2 0 2 2 2 2 2 1 317056 431040 207484 336898 347906 439030 402144 318804 639200 588676 298454 656668 292840 400630 647658 653992 741694 627762 365126 673828 2073600 2073600 
[12989.789763] MESSAGE_B= 0 0 0 85 2 1 192 64 248 179 0 1209 1021 1447 1027 814 985 1295 859 409 114 104 310 188 197 138 139 0 12 62 145 49 95 189 129 116 52 2 0 2 0 2 2 2 2 2 1 366990 581385 207484 336898 347906 439030 402144 318804 639200 588676 298454 656668 292840 400630 647658 653992 741694 627762 365126 673828 2073600 2073600 
[12990.060758] MESSAGE_B= 0 0 0 82 1 1 192 64 248 179 0 1202 976 1480 1028 858 1053 1293 937 389 148 103 253 242 237 159 128 0 12 111 178 1 87 238 150 179 57 2 0 2 0 2 2 2 2 1 1 393915 499711 207484 336898 347906 439030 402144 318804 639200 588676 298454 656668 292840 400630 647658 653992 741694 627762 365126 673828 2073600 2073600 
[12990.331761] MESSAGE_B= 0 0 0 86 1 2 192 64 248 179 0 1187 1076 1565 1116 860 1107 1262 943 371 80 106 282 282 398 358 123 0 12 56 34 82 39 168 72 124 88 2 0 2 0 2 2 2 2 1 2 339209 512197 207484 336898 347906 439030 402144 318804 639200 588676 298454 656668 292840 400630 647658 653992 741694 627762 365126 673828 2073600 2073600 
[12990.602763] MESSAGE_B= 0 0 0 80 1 2 192 64 248 179 0 1107 1163 1587 1146 829 976 1165 911 278 57 160 305 284 303 281 152 0 12 38 39 62 22 8 22 20 92 2 0 2 0 2 2 2 2 1 2 483951 460467 207484 336898 347906 439030 402144 318804 639200 588676 298454 656668 292840 400630 647658 653992 741694 627762 365126 673828 2073600 2073600 
[12990.872767] MESSAGE_B= 0 0 0 80 1 2 192 64 248 179 0 1110 1130 1566 1095 810 1008 1196 878 360 51 128 245 242 304 298 144 0 12 32 32 71 39 9 17 86 101 2 0 2 0 2 2 2 2 1 2 356492 472865 207484 336898 347906 439030 402144 318804 639200 588676 298454 656668 292840 400630 647658 653992 741694 627762 365126 673828 2073600 2073600 
[12991.021755] MESSAGE_B= 0 0 0 84 1 2 192 64 248 179 0 1158 1122 1578 1084 874 942 1105 892 338 64 114 229 254 263 320 191 0 12 44 19 31 29 10 80 110 21 2 0 2 0 0 2 2 2 1 2 465825 513775 207484 336898 347906 439030 402144 318804 639200 588676 298454 656668 292840 400630 647658 653992 741694 627762 365126 673828 2073600 2073600 
[12991.291759] MESSAGE_B= 0 0 0 87 2 2 192 64 248 179 0 1128 1066 1569 1069 945 949 1115 804 179 97 83 183 228 214 261 102 0 12 191 88 123 83 134 166 134 99 2 0 2 0 0 2 2 2 2 2 317103 514888 207484 336898 347906 439030 402144 318804 639200 588676 298454 656668 292840 400630 647658 653992 741694 627762 365126 673828 2073600 2073600 
[12991.562760] MESSAGE_B= 0 0 0 88 2 2 192 64 248 179 0 949 1036 1468 1082 956 911 1277 871 166 133 128 162 158 153 334 144 0 12 162 169 156 2 37 71 178 13 2 0 2 0 2 2 2 2 2 2 466718 495502 254302 68912 179646 101056 155622 289520 307696 313660 349094 699018 79058 240520 702474 760760 651480 308014 599088 665848 2073600 2073600 
[12991.833762] MESSAGE_B= 0 0 0 63 1 3 192 64 248 179 0 714 774 1302 984 434 1490 974 687 578 675 947 858 311 1005 646 532 0 0 191 251 219 194 127 104 108 69 2 2 0 0 2 2 2 2 1 3 328852 476960 254302 68912 179646 101056 155622 289520 307696 313660 349094 699018 79058 240520 702474 760760 651480 308014 599088 665848 2073600 2073600 
[12992.104760] MESSAGE_B= 0 4 0 63 1 2 192 64 248 179 0 701 718 1237 922 414 1526 905 649 495 639 810 819 292 1030 612 484 0 0 209 239 227 191 164 123 126 79 0 2 0 0 2 2 2 2 1 2 278414 710374 254302 68912 179646 101056 155622 289520 307696 313660 349094 699018 79058 240520 702474 760760 651480 308014 599088 665848 2073600 2073600 
[12992.375763] MESSAGE_B= 0 4 0 63 1 2 192 64 248 179 0 651 564 1225 743 388 1559 820 584 442 574 850 789 273 1058 501 436 0 0 220 229 212 191 194 161 66 173 0 2 0 0 2 2 2 2 1 2 302522 589834 254302 68912 179646 101056 155622 289520 307696 313660 349094 699018 79058 240520 702474 760760 651480 308014 599088 665848 2073600 2073600 
[12992.525763] MESSAGE_B= 0 4 0 62 1 2 192 64 248 179 0 583 447 1150 507 375 1553 853 581 431 633 913 724 262 1056 549 429 0 0 218 239 233 202 201 150 111 182 0 2 0 0 2 2 2 2 1 2 292716 694186 254302 68912 179646 101056 155622 289520 307696 313660 349094 699018 79058 240520 702474 760760 651480 308014 599088 665848 2073600 2073600 
[12992.796762] MESSAGE_B= 0 0 0 63 1 2 192 64 248 179 0 536 560 1080 392 340 1402 1021 637 423 1066 953 724 231 943 718 453 0 0 220 242 233 206 176 169 151 177 2 2 2 0 2 2 2 2 1 2 377078 625138 254302 68912 179646 101056 155622 289520 307696 313660 349094 699018 79058 240520 702474 760760 651480 308014 599088 665848 2073600 2073600 
[12993.067757] MESSAGE_B= 0 0 0 63 1 3 192 64 248 179 0 526 716 1054 605 345 1233 898 657 426 960 933 788 234 836 561 466 0 0 227 222 206 181 168 188 116 190 2 2 0 0 2 2 2 2 1 3 273254 652980 254302 68912 179646 101056 155622 289520 307696 313660 349094 699018 79058 240520 702474 760760 651480 308014 599088 665848 2073600 2073600 
[12993.338763] MESSAGE_B= 0 4 4 63 1 2 192 64 248 179 0 544 916 1045 665 335 1114 910 665 406 956 856 746 221 795 566 519 0 0 235 235 195 177 169 142 88 142 0 2 0 0 2 2 2 2 1 2 270696 589992 254302 68912 179646 101056 155622 289520 307696 313660 349094 699018 79058 240520 702474 760760 651480 308014 599088 665848 2073600 2073600 
[12993.609760] MESSAGE_B= 0 4 4 63 1 3 192 64 248 179 0 604 1163 1102 916 371 1087 838 642 434 925 853 762 253 740 490 465 0 0 232 242 208 177 188 120 102 107 0 2 0 0 2 2 2 2 1 3 266614 600376 254302 68912 179646 101056 155622 289520 307696 313660 349094 699018 79058 240520 702474 760760 651480 308014 599088 665848 2073600 2073600 
[12993.880763] MESSAGE_B= 0 4 4 64 1 3 192 64 248 179 0 678 1355 1110 1005 406 1199 896 638 520 992 791 769 294 766 574 446 0 0 210 219 218 169 167 106 105 50 2 0 0 0 2 2 2 2 1 3 299526 565872 505122 187556 147452 548888 549158 544818 204240 615382 416328 413808 116716 270588 351272 320830 405638 435974 320460 396686 2073600 2073600 
[12994.151762] MESSAGE_B= 0 0 0 91 2 1 192 64 248 179 0 842 1267 1543 1019 703 987 1228 1049 51 147 108 94 105 210 209 194 0 12 69 201 67 160 30 183 69 74 0 0 2 2 2 2 2 2 2 1 263442 664912 505122 187556 147452 548888 549158 544818 204240 615382 416328 413808 116716 270588 351272 320830 405638 435974 320460 396686 2073600 2073600 
[12994.422762] MESSAGE_B= 0 0 0 97 2 1 192 64 248 179 0 839 1255 1564 1024 697 988 1268 1038 44 136 117 96 90 217 191 182 0 12 1 207 118 181 97 153 33 5 0 0 2 0 2 2 2 2 2 1 245370 606410 505122 187556 147452 548888 549158 544818 204240 615382 416328 413808 116716 270588 351272 320830 405638 435974 320460 396686 2073600 2073600 
[12994.571763] MESSAGE_B= 0 0 4 96 2 1 192 64 248 179 0 837 1239 1574 1026 706 987 1236 936 52 141 124 103 98 200 192 98 0 12 38 208 71 153 54 150 29 63 0 0 2 2 2 2 2 2 2 1 264577 594623 505122 187556 147452 548888 549158 544818 204240 615382 416328 413808 116716 270588 351272 320830 405638 435974 320460 396686 2073600 2073600 
[12994.842759] MESSAGE_B= 0 0 4 94 2 1 192 64 248 179 0 839 1224 1563 1031 732 984 1185 995 47 144 125 95 124 210 205 148 0 12 26 200 42 141 19 176 23 40 0 0 0 2 2 2 2 2 2 1 271732 513284 505122 187556 147452 548888 549158 544818 204240 615382 416328 413808 116716 270588 351272 320830 405638 435974 320460 396686 2073600 2073600 
[12995.113760] MESSAGE_B= 0 0 0 94 2 1 192 64 248 179 0 848 1227 1557 1016 737 1009 1195 956 27 137 117 104 132 198 207 139 0 12 15 207 83 210 31 191 81 111 0 0 0 2 2 2 2 2 2 1 275599 593669 505122 187556 147452 548888 549158 544818 204240 615382 416328 413808 116716 270588 351272 320830 405638 435974 320460 396686 2073600 2073600 

