[ 3249.666762] MESSAGE_B= 7 4 0 247 0 3 192 64 248 179 0 0 721 0 721 668 264 668 264 0 0 0 0 0 0 0 0 1 12 255 255 255 255 0 0 0 0 0 0 1 1 0 0 0 0 0 3 2276 6450 38154 40850 105194 109062 2 2 16836 19038 39030 2 109258 112782 2 2 2 4376 3982 4 2073600 2073600 
[ 3249.930753] MESSAGE_B= 7 4 4 247 0 3 192 64 248 179 0 0 721 0 721 668 264 668 264 0 0 0 0 0 0 0 0 1 12 255 255 255 255 0 0 0 0 0 0 1 1 0 0 0 0 0 3 4322 18272 38154 40850 105194 109062 2 2 16836 19038 39030 2 109258 112782 2 2 2 4376 3982 4 2073600 2073600 
[ 3250.194756] MESSAGE_B= 7 4 4 248 0 3 192 64 248 179 0 0 721 0 721 668 264 668 264 0 0 0 0 0 0 0 0 1 12 255 255 255 255 0 0 0 0 0 0 1 1 0 0 0 0 0 3 2276 6452 38154 40850 105194 109062 2 2 16836 19038 39030 2 109258 112782 2 2 2 4376 3982 4 2073600 2073600 
[ 3250.458758] MESSAGE_B= 7 4 4 247 0 3 192 64 248 179 0 0 721 0 721 668 264 668 264 0 0 0 0 0 0 0 0 1 12 255 255 255 255 0 0 0 0 0 0 1 1 0 0 0 0 0 3 4322 18272 38154 40850 105194 109062 2 2 16836 19038 39030 2 109258 112782 2 2 2 4376 3982 4 2073600 2073600 
[ 3250.722761] MESSAGE_B= 7 4 4 248 0 3 192 64 248 179 0 0 721 0 721 668 264 668 264 0 0 0 0 0 0 0 0 1 12 255 255 255 255 0 0 0 0 0 0 1 1 0 0 0 0 0 3 2276 6450 38154 40850 105194 109062 2 2 16836 19038 39030 2 109258 112782 2 2 2 4376 3982 4 2073600 2073600 
[ 3250.986755] MESSAGE_B= 7 4 4 247 0 3 192 64 248 179 0 0 721 0 721 668 264 668 264 0 0 0 0 0 0 0 0 1 12 255 255 255 255 0 0 0 0 0 0 1 1 0 0 0 0 0 3 4322 18386 38154 40850 105194 109062 2 2 16836 19038 39030 2 109258 112782 2 2 2 4376 3982 4 2073600 2073600 
[ 3251.251756] MESSAGE_B= 7 4 4 248 0 3 192 64 248 179 0 0 721 0 721 666 265 666 265 0 0 0 0 0 0 0 0 1 12 255 255 255 255 0 0 0 0 0 0 1 1 0 0 0 0 0 3 2276 6450 38154 40850 105194 109062 2 2 16836 19038 39030 2 109258 112782 2 2 2 4376 3982 4 2073600 2073600 
[ 3251.394751] MESSAGE_B= 7 4 4 247 0 3 192 64 248 179 0 0 721 0 721 666 265 666 265 0 0 0 0 0 0 0 0 1 12 255 255 255 255 0 0 0 0 0 0 1 1 0 0 0 0 0 3 4293 18386 38154 40850 105194 109062 2 2 16836 19038 39030 2 109258 112782 2 2 2 4376 3982 4 2073600 2073600 
[ 3251.658757] MESSAGE_B= 7 4 4 248 0 3 192 64 248 179 0 0 721 0 721 665 265 665 265 0 0 0 0 0 0 0 0 1 12 255 255 255 255 0 0 0 0 0 0 1 1 0 0 0 0 0 3 2199 6422 37962 56262 2946 39450 38466 40470 62644 71100 38778 2 114 2 4 2 2 3898 3980 2 2073600 2073600 
[ 3251.922761] MESSAGE_B= 7 4 4 248 0 3 192 64 248 179 0 0 721 0 721 664 262 664 262 0 0 0 0 0 0 0 0 1 12 255 255 255 255 0 0 0 0 0 0 1 1 0 0 0 0 0 3 4341 18203 37962 56262 2946 39450 38466 40470 62644 71100 38778 2 114 2 4 2 2 3898 3980 2 2073600 2073600 
[ 3252.186757] MESSAGE_B= 7 4 4 247 0 3 192 64 248 179 0 0 720 0 720 666 264 666 264 0 0 0 0 0 0 0 0 1 12 255 255 255 255 0 0 0 0 0 0 1 1 0 0 0 0 0 3 2170 6338 37962 56262 2946 39450 38466 40470 62644 71100 38778 2 114 2 4 2 2 3898 3980 2 2073600 2073600 
[ 3252.450753] MESSAGE_B= 7 4 4 248 0 3 192 64 248 179 0 0 720 0 720 665 264 665 264 0 0 0 0 0 0 0 0 1 12 255 255 255 255 0 0 0 0 0 0 1 1 0 0 0 0 0 3 4384 18054 37962 56262 2946 39450 38466 40470 62644 71100 38778 2 114 2 4 2 2 3898 3980 2 2073600 2073600 
[ 3252.714758] MESSAGE_B= 7 4 4 247 0 3 192 64 248 179 0 0 720 0 720 667 262 667 262 0 0 0 0 0 0 0 0 1 12 255 255 255 255 0 0 0 0 0 0 1 1 0 0 0 0 0 3 2173 6333 37962 56262 2946 39450 38466 40470 62644 71100 38778 2 114 2 4 2 2 3898 3980 2 2073600 2073600 
[ 3252.978754] MESSAGE_B= 4 7 4 248 0 4 192 64 248 179 0 0 0 0 0 0 0 0 0 0 0 0 0 0 0 0 0 1 12 0 0 0 0 0 0 0 0 1 1 1 1 1 1 1 1 0 4 4436 17910 37962 56262 2946 39450 38466 40470 62644 71100 38778 2 114 2 4 2 2 3898 3980 2 2073600 2073600 
[ 3253.119758] MESSAGE_B= 4 7 4 247 0 3 192 64 248 179 0 0 0 0 0 0 0 0 0 0 0 0 0 0 0 0 0 1 12 0 0 0 0 0 0 0 0 1 1 1 1 1 1 1 1 0 3 1576 6306 37962 56262 2946 39450 38466 40470 62644 71100 38778 2 114 2 4 2 2 3898 3980 2 2073600 2073600 
[ 3253.381757] MESSAGE_B= 7 7 4 248 0 4 192 64 248 179 0 0 0 0 0 0 0 0 0 0 0 0 0 0 0 0 0 1 12 0 0 0 0 0 0 0 0 1 1 1 1 1 1 1 1 0 4 0 0 37962 56262 2946 39450 38466 40470 62644 71100 38778 2 114 2 4 2 2 3898 3980 2 2073600 2073600 
[ 3253.643758] MESSAGE_B= 4 7 4 98 10 4 192 64 248 179 0 0 0 0 0 0 0 0 0 0 0 0 0 0 0 0 0 1 12 0 0 0 0 0 0 0 0 1 1 1 1 1 1 1 1 10 4 0 0 37962 56262 2946 39450 38466 40470 62644 71100 38778 2 114 2 4 2 2 3898 3980 2 2073600 2073600 
[ 3253.905760] MESSAGE_B= 4 4 4 80 11 3 192 64 248 179 0 0 678 0 726 161 709 76 760 0 0 0 0 0 0 0 0 1 12 250 0 255 0 0 0 0 0 0 1 0 1 0 0 0 1 11 3 4136 12980 32870 56686 2254 38254 37438 38606 11230 32418 2 5396 206 2 2 6 4 3720 4016 176 2073600 2073600 
[ 3254.169762] MESSAGE_B= 4 4 4 88 9 2 192 64 248 179 0 0 833 0 869 528 1148 476 1189 0 0 0 0 0 0 0 0 1 12 245 255 255 246 0 0 0 0 0 0 0 0 0 0 0 0 9 2 10462 230058 32870 56686 2254 38254 37438 38606 11230 32418 2 5396 206 2 2 6 4 3720 4016 176 2073600 2073600 
[ 3254.433757] MESSAGE_B= 4 4 4 105 8 2 192 64 248 179 0 0 618 0 688 418 828 373 873 0 0 0 0 0 0 0 0 1 12 227 224 250 241 0 0 0 0 0 0 0 0 0 0 0 0 8 2 9736 469802 32870 56686 2254 38254 37438 38606 11230 32418 2 5396 206 2 2 6 4 3720 4016 176 2073600 2073600 
[ 3254.697755] MESSAGE_B= 4 4 4 119 8 1 192 64 248 179 0 0 910 0 934 674 522 626 544 0 0 0 0 0 0 0 0 1 12 232 251 232 255 0 0 0 0 0 0 0 0 0 0 0 0 8 1 6584 444208 32870 56686 2254 38254 37438 38606 11230 32418 2 5396 206 2 2 6 4 3720 4016 176 2073600 2073600 
[ 3254.961758] MESSAGE_B= 4 4 4 124 11 2 192 64 248 179 0 0 1063 0 1100 762 1372 719 1384 0 0 0 0 0 0 0 0 1 12 247 252 231 229 0 0 0 0 0 0 0 0 0 0 0 0 11 2 16060 533212 32870 56686 2254 38254 37438 38606 11230 32418 2 5396 206 2 2 6 4 3720 4016 176 2073600 2073600 
[ 3255.105763] MESSAGE_B= 0 4 4 134 8 2 192 64 248 179 0 2503 2435 2512 2432 2493 2312 2493 2309 794 752 791 748 827 886 828 885 0 12 255 255 255 255 0 0 0 0 0 0 0 0 1 1 1 1 8 2 15418 472300 32870 56686 2254 38254 37438 38606 11230 32418 2 5396 206 2 2 6 4 3720 4016 176 2073600 2073600 
[ 3255.372759] MESSAGE_B= 4 4 4 144 13 6 192 64 248 179 0 2589 2494 2576 2501 2475 2482 2479 2476 818 769 803 779 985 908 985 905 0 12 255 255 255 255 240 0 0 0 0 0 0 0 2 1 2 1 13 6 9130 548888 32870 56686 2254 38254 37438 38606 11230 32418 2 5396 206 2 2 6 4 3720 4016 176 2073600 2073600 
[ 3255.639762] MESSAGE_B= 4 4 4 143 13 5 192 64 248 179 0 2587 2491 2575 2500 2456 2459 2460 2454 815 769 804 779 968 903 974 899 0 12 255 255 255 255 0 0 0 0 0 0 0 0 1 1 1 1 13 5 35240 583770 32870 56686 2254 38254 37438 38606 11230 32418 2 5396 206 2 2 6 4 3720 4016 176 2073600 2073600 
[ 3255.906759] MESSAGE_B= 4 4 4 144 14 5 192 64 248 179 0 2585 2494 2575 2500 2457 2460 2461 2453 816 769 801 781 969 902 971 898 0 12 255 255 255 255 0 0 0 0 0 0 0 0 1 1 1 1 14 5 10128 521701 32870 56686 2254 38254 37438 38606 11230 32418 2 5396 206 2 2 6 4 3720 4016 176 2073600 2073600 
[ 3256.173756] MESSAGE_B= 4 4 4 144 14 5 192 64 248 179 0 2585 2511 2576 2515 2482 2460 2485 2453 816 754 800 767 953 906 957 898 0 12 255 255 255 255 0 0 0 0 0 0 0 0 1 1 1 1 14 5 32896 566066 278692 15294 77902 98682 149498 108930 234236 158190 255068 20196 570 4068 19566 25360 20292 25300 37114 22836 2073600 2073600 
[ 3256.443756] MESSAGE_B= 4 4 4 145 15 5 192 64 248 179 0 2587 2491 2577 2501 2469 2460 2474 2453 814 772 799 778 961 902 965 897 0 12 255 255 255 255 0 0 0 0 0 0 0 0 1 1 1 1 15 5 9916 521889 278692 15294 77902 98682 149498 108930 234236 158190 255068 20196 570 4068 19566 25360 20292 25300 37114 22836 2073600 2073600 
[ 3256.592764] MESSAGE_B= 4 4 4 145 15 5 192 64 248 179 0 2587 2493 2575 2502 2468 2459 2474 2455 814 766 799 778 960 902 965 899 0 12 255 255 255 255 0 0 0 0 0 0 0 0 1 1 1 1 15 5 32565 565208 278692 15294 77902 98682 149498 108930 234236 158190 255068 20196 570 4068 19566 25360 20292 25300 37114 22836 2073600 2073600 
[ 3256.862761] MESSAGE_B= 4 4 4 145 15 5 192 64 248 179 0 2587 2475 2574 2485 2481 2460 2485 2454 815 779 799 792 950 903 953 899 0 12 255 255 255 255 0 0 0 0 0 0 0 0 1 1 1 1 15 5 10697 521945 278692 15294 77902 98682 149498 108930 234236 158190 255068 20196 570 4068 19566 25360 20292 25300 37114 22836 2073600 2073600 
[ 3257.132758] MESSAGE_B= 4 4 4 145 14 5 192 64 248 179 0 2587 2505 2578 2516 2469 2458 2474 2454 816 753 801 766 961 901 962 898 0 12 255 255 255 255 0 0 0 0 0 0 0 0 1 1 1 1 14 5 34190 564514 278692 15294 77902 98682 149498 108930 234236 158190 255068 20196 570 4068 19566 25360 20292 25300 37114 22836 2073600 2073600 
[ 3257.402758] MESSAGE_B= 4 4 4 146 14 5 192 64 248 179 0 2587 2491 2578 2501 2458 2459 2462 2454 814 770 802 783 967 901 972 896 0 12 255 255 255 255 0 0 0 0 0 0 0 0 1 1 1 1 14 5 10866 521654 278692 15294 77902 98682 149498 108930 234236 158190 255068 20196 570 4068 19566 25360 20292 25300 37114 22836 2073600 2073600 
[ 3257.672760] MESSAGE_B= 4 4 4 146 13 5 192 64 248 179 0 2587 2491 2577 2501 2469 2459 2473 2453 815 769 802 782 961 903 964 898 0 12 255 255 255 255 0 0 0 0 0 0 0 0 1 1 1 1 13 5 33492 565414 278692 15294 77902 98682 149498 108930 234236 158190 255068 20196 570 4068 19566 25360 20292 25300 37114 22836 2073600 2073600 
[ 3257.942758] MESSAGE_B= 4 4 4 146 13 5 192 64 248 179 0 2587 2491 2577 2501 2470 2460 2473 2454 814 769 801 783 960 903 964 896 0 12 255 255 255 255 0 0 0 0 0 0 0 0 1 1 1 1 13 5 11067 522140 278692 15294 77902 98682 149498 108930 234236 158190 255068 20196 570 4068 19566 25360 20292 25300 37114 22836 2073600 2073600 
[ 3258.091759] MESSAGE_B= 4 4 4 146 14 5 192 64 248 179 0 2587 2491 2577 2501 2457 2459 2460 2453 814 768 800 782 969 903 974 897 0 12 255 255 255 255 0 0 0 0 0 0 0 0 1 1 1 1 14 5 34523 564162 278692 15294 77902 98682 149498 108930 234236 158190 255068 20196 570 4068 19566 25360 20292 25300 37114 22836 2073600 2073600 
[ 3258.361761] MESSAGE_B= 4 4 4 146 13 5 192 64 248 179 0 2587 2490 2578 2501 2457 2459 2461 2453 815 769 799 783 969 903 971 896 0 12 255 255 255 255 0 0 0 0 0 0 0 0 1 1 1 1 13 5 10324 522031 279642 101010 156090 272098 239430 284912 250624 179554 255918 20896 2554 4826 19898 31360 15126 28352 36686 21698 2073600 2073600 
[ 3258.631760] MESSAGE_B= 4 4 4 142 15 5 192 64 248 179 0 2584 2507 2572 2508 2492 2454 2496 2451 813 751 803 763 942 901 943 898 0 12 255 255 255 255 0 0 0 0 0 0 0 0 1 1 1 1 15 5 35531 563512 279642 101010 156090 272098 239430 284912 250624 179554 255918 20896 2554 4826 19898 31360 15126 28352 36686 21698 2073600 2073600 
[ 3258.901758] MESSAGE_B= 4 4 4 142 15 5 192 64 248 179 0 2582 2506 2573 2511 2469 2454 2473 2451 816 750 802 762 959 900 961 897 0 12 255 255 255 255 0 0 0 0 0 0 0 0 1 1 1 1 15 5 9877 525146 279642 101010 156090 272098 239430 284912 250624 179554 255918 20896 2554 4826 19898 31360 15126 28352 36686 21698 2073600 2073600 
[ 3259.171760] MESSAGE_B= 4 4 4 142 15 4 192 64 248 179 0 2562 2507 2554 2515 2454 2442 2457 2441 838 754 825 763 955 895 957 893 0 12 255 255 255 255 0 0 0 0 0 0 0 0 1 1 1 1 15 4 34551 566652 279642 101010 156090 272098 239430 284912 250624 179554 255918 20896 2554 4826 19898 31360 15126 28352 36686 21698 2073600 2073600 
[ 3259.320758] MESSAGE_B= 4 4 4 140 11 1 192 64 248 179 0 2593 2545 2601 2540 2394 2421 2397 2424 812 719 808 716 986 946 983 947 0 12 255 255 255 255 0 0 0 226 0 0 0 0 1 2 1 2 11 1 9757 523382 279642 101010 156090 272098 239430 284912 250624 179554 255918 20896 2554 4826 19898 31360 15126 28352 36686 21698 2073600 2073600 
[ 3259.590760] MESSAGE_B= 4 4 4 143 7 1 192 64 248 179 0 2689 2690 2697 2692 2452 2295 2451 2312 842 806 840 810 930 913 936 917 0 12 255 255 255 255 0 6 2 40 0 0 0 0 2 2 2 2 7 1 26921 572524 279642 101010 156090 272098 239430 284912 250624 179554 255918 20896 2554 4826 19898 31360 15126 28352 36686 21698 2073600 2073600 
[ 3259.860758] MESSAGE_B= 4 4 4 147 8 1 192 64 248 179 0 2702 2690 2704 2693 2448 2261 2447 2281 826 805 823 809 932 930 938 937 0 12 255 255 255 255 0 16 0 21 0 0 0 0 2 2 2 2 8 1 9284 524221 279642 101010 156090 272098 239430 284912 250624 179554 255918 20896 2554 4826 19898 31360 15126 28352 36686 21698 2073600 2073600 
[ 3260.130759] MESSAGE_B= 4 4 4 147 9 1 192 64 248 179 0 2686 2693 2690 2689 2430 2254 2430 2273 841 807 837 806 939 933 947 935 0 12 255 255 255 255 0 9 0 13 0 0 0 0 2 2 2 2 9 1 11559 598888 279642 101010 156090 272098 239430 284912 250624 179554 255918 20896 2554 4826 19898 31360 15126 28352 36686 21698 2073600 2073600 
[ 3260.400760] MESSAGE_B= 4 4 4 147 9 1 192 64 248 179 0 2687 2692 2690 2689 2442 2261 2445 2283 839 805 836 807 930 924 935 932 0 12 255 255 255 255 0 29 0 14 0 0 0 0 1 2 2 2 9 1 11323 526757 279642 101010 156090 272098 239430 284912 250624 179554 255918 20896 2554 4826 19898 31360 15126 28352 36686 21698 2073600 2073600 
[ 3260.670758] MESSAGE_B= 4 4 4 147 8 1 192 64 248 179 0 2685 2691 2689 2690 2444 2260 2445 2283 842 808 835 805 928 924 936 932 0 12 255 255 255 255 0 3 0 30 0 0 0 0 1 2 2 2 8 1 9201 583989 275610 101012 119262 271512 242144 257138 204138 211524 269982 6298 3686 15324 19098 24696 6948 26486 34994 15644 2073600 2073600 
[ 3260.819759] MESSAGE_B= 4 4 4 148 8 1 192 64 248 179 0 2686 2692 2691 2692 2445 2272 2446 2294 840 804 836 808 928 920 936 924 0 12 255 255 255 255 0 49 0 10 0 0 0 0 1 2 2 2 8 1 12268 527569 275610 101012 119262 271512 242144 257138 204138 211524 269982 6298 3686 15324 19098 24696 6948 26486 34994 15644 2073600 2073600 
[ 3261.089755] MESSAGE_B= 4 4 4 148 8 1 192 64 248 179 0 2685 2692 2689 2693 2443 2260 2445 2284 842 808 835 805 928 921 935 930 0 12 255 255 255 255 0 26 0 11 0 0 0 0 1 2 2 2 8 1 11120 583244 275610 101012 119262 271512 242144 257138 204138 211524 269982 6298 3686 15324 19098 24696 6948 26486 34994 15644 2073600 2073600 
[ 3261.359756] MESSAGE_B= 4 4 4 148 9 1 192 64 248 179 0 2687 2689 2689 2694 2430 2270 2432 2292 838 804 834 805 938 920 946 928 0 12 255 255 255 255 0 36 0 14 0 0 0 0 2 2 2 2 9 1 12245 528932 275610 101012 119262 271512 242144 257138 204138 211524 269982 6298 3686 15324 19098 24696 6948 26486 34994 15644 2073600 2073600 
[ 3261.629759] MESSAGE_B= 4 4 4 148 9 1 192 64 248 179 0 2689 2693 2689 2693 2443 2270 2446 2292 842 806 833 810 928 918 935 926 0 12 255 255 255 255 0 33 0 10 0 0 0 0 2 2 1 2 9 1 11263 584334 275610 101012 119262 271512 242144 257138 204138 211524 269982 6298 3686 15324 19098 24696 6948 26486 34994 15644 2073600 2073600 
[ 3261.899764] MESSAGE_B= 4 4 4 149 9 1 192 64 248 179 0 2688 2692 2689 2691 2428 2269 2431 2291 840 804 837 806 937 919 945 925 0 12 255 255 255 255 0 41 255 31 0 0 0 0 2 2 2 2 9 1 11826 528856 275610 101012 119262 271512 242144 257138 204138 211524 269982 6298 3686 15324 19098 24696 6948 26486 34994 15644 2073600 2073600 
[ 3262.048762] MESSAGE_B= 4 4 4 149 9 1 192 64 248 179 0 2689 2693 2690 2694 2429 2270 2431 2292 839 806 837 806 937 919 947 923 0 12 255 255 255 255 0 42 0 33 0 0 0 0 2 2 2 2 9 1 11846 583732 275610 101012 119262 271512 242144 257138 204138 211524 269982 6298 3686 15324 19098 24696 6948 26486 34994 15644 2073600 2073600 
[ 3262.318757] MESSAGE_B= 4 4 4 149 9 1 192 64 248 179 0 2689 2693 2691 2694 2428 2269 2432 2291 839 806 838 805 939 920 946 924 0 12 255 255 255 255 0 37 0 28 0 0 0 0 2 2 2 2 9 1 12534 527881 275610 101012 119262 271512 242144 257138 204138 211524 269982 6298 3686 15324 19098 24696 6948 26486 34994 15644 2073600 2073600 
[ 3262.588762] MESSAGE_B= 4 4 4 149 9 1 192 64 248 179 0 2688 2696 2691 2693 2429 2269 2431 2290 840 807 837 807 938 919 947 925 0 12 255 255 255 255 255 39 0 25 0 0 0 0 2 2 2 2 9 1 10519 581069 275610 101012 119262 271512 242144 257138 204138 211524 269982 6298 3686 15324 19098 24696 6948 26486 34994 15644 2073600 2073600 

