[14298.991759] MESSAGE_B= 7 0 0 237 5 1 192 64 248 179 0 0 1412 0 1004 628 1089 1145 766 0 542 0 179 34 63 39 51 0 12 0 41 16 17 0 19 26 66 1 2 2 2 1 2 2 0 5 1 10306 19016 24228 27682 2 2 2 2 75036 13278 25136 4314 91210 2 2 2 2 85468 21640 4184 2073600 2073600 
[14299.135760] MESSAGE_B= 7 0 0 234 4 1 192 64 248 179 0 968 2083 1986 1257 951 2029 1565 1048 99 805 754 270 178 178 66 101 0 12 51 3 173 64 219 12 31 23 2 2 2 2 0 2 2 2 4 1 153946 161068 24228 27682 2 2 2 2 75036 13278 25136 4314 91210 2 2 2 2 85468 21640 4184 2073600 2073600 
[14299.401762] MESSAGE_B= 7 0 0 227 4 0 192 64 248 179 0 1089 2342 2053 1134 1170 2472 2013 1355 164 969 818 220 342 277 70 205 0 12 40 53 112 186 46 48 68 23 2 0 2 2 0 2 2 2 4 0 301061 325411 24228 27682 2 2 2 2 75036 13278 25136 4314 91210 2 2 2 2 85468 21640 4184 2073600 2073600 
[14299.667760] MESSAGE_B= 0 0 0 215 4 1 192 64 248 179 0 1085 2052 1922 1131 1232 1137 1215 1412 106 853 399 207 314 157 54 282 0 12 50 56 72 118 162 62 135 166 2 2 2 2 0 2 2 2 4 1 410534 410486 24228 27682 2 2 2 2 75036 13278 25136 4314 91210 2 2 2 2 85468 21640 4184 2073600 2073600 
[14299.934759] MESSAGE_B= 0 0 0 216 3 0 192 64 248 179 0 1065 1787 2151 1106 1990 1853 2543 1546 171 671 852 205 647 197 363 409 0 12 10 70 94 206 159 19 12 212 2 0 2 2 2 2 2 2 3 0 281375 426480 24228 27682 2 2 2 2 75036 13278 25136 4314 91210 2 2 2 2 85468 21640 4184 2073600 2073600 
[14300.201761] MESSAGE_B= 7 0 0 213 2 1 192 64 248 179 0 1042 2151 2149 1079 1302 1754 2224 1663 153 432 635 207 313 212 171 456 0 12 77 149 153 146 121 39 166 232 2 0 2 2 0 2 2 2 2 1 375068 337994 24228 27682 2 2 2 2 75036 13278 25136 4314 91210 2 2 2 2 85468 21640 4184 2073600 2073600 
[14300.468770] MESSAGE_B= 7 0 0 214 2 0 192 64 248 179 0 1060 2346 2017 1124 1369 2226 1917 1715 132 626 383 199 269 307 201 409 0 12 71 58 34 141 98 118 126 242 2 0 2 2 0 2 2 2 2 0 220509 425998 24228 27682 2 2 2 2 75036 13278 25136 4314 91210 2 2 2 2 85468 21640 4184 2073600 2073600 
[14300.735761] MESSAGE_B= 0 0 0 181 2 1 192 64 248 179 0 1067 3318 2995 1080 2114 2020 2321 2559 277 290 181 265 967 620 296 1030 0 12 205 201 140 150 16 61 138 92 2 0 2 0 2 2 2 2 2 1 290922 316590 24228 27682 2 2 2 2 75036 13278 25136 4314 91210 2 2 2 2 85468 21640 4184 2073600 2073600 
[14301.002759] MESSAGE_B= 0 0 0 179 3 0 192 64 248 179 0 1080 3015 2889 1152 2019 1860 2227 2561 266 319 260 288 943 558 257 992 0 12 217 207 90 171 3 48 105 178 2 2 2 0 2 2 2 2 3 0 281650 808051 844364 94088 382628 297312 749626 446506 1034382 263620 404910 446826 456136 590842 551602 381192 325884 560656 181998 472230 2073600 2073600 
[14301.152758] MESSAGE_B= 7 0 0 185 3 0 192 64 248 179 0 1071 3107 3021 1167 2058 1884 2245 2560 271 339 184 293 963 569 240 981 0 12 214 209 141 164 46 44 93 220 2 2 2 0 2 2 2 2 3 0 310507 643955 844364 94088 382628 297312 749626 446506 1034382 263620 404910 446826 456136 590842 551602 381192 325884 560656 181998 472230 2073600 2073600 
[14301.423762] MESSAGE_B= 7 0 0 193 4 0 192 64 248 179 0 1064 3446 3140 1208 2004 2222 2514 2558 245 123 80 311 917 673 400 964 0 12 54 132 199 167 103 71 16 240 2 2 2 0 2 2 2 2 4 0 241261 724700 844364 94088 382628 297312 749626 446506 1034382 263620 404910 446826 456136 590842 551602 381192 325884 560656 181998 472230 2073600 2073600 
[14301.694772] MESSAGE_B= 0 0 0 243 3 1 192 64 248 179 0 1747 998 747 970 523 1696 1055 353 1995 699 878 589 661 869 1050 384 0 0 245 185 239 152 0 182 27 236 2 2 2 2 1 0 0 0 3 1 296988 602030 844364 94088 382628 297312 749626 446506 1034382 263620 404910 446826 456136 590842 551602 381192 325884 560656 181998 472230 2073600 2073600 
[14301.965760] MESSAGE_B= 0 0 0 192 3 1 192 64 248 179 0 3817 2061 1901 1990 814 2466 2216 1452 430 143 111 249 82 110 363 219 0 0 154 133 33 5 9 37 205 0 2 2 2 2 2 2 2 2 3 1 638706 480995 844364 94088 382628 297312 749626 446506 1034382 263620 404910 446826 456136 590842 551602 381192 325884 560656 181998 472230 2073600 2073600 
[14302.236756] MESSAGE_B= 7 0 0 193 3 1 192 64 248 179 0 3881 2057 1920 2076 811 2446 2260 1563 268 123 101 161 79 120 354 244 0 0 113 77 7 51 94 48 197 255 2 2 2 2 2 2 2 2 3 1 445167 668966 844364 94088 382628 297312 749626 446506 1034382 263620 404910 446826 456136 590842 551602 381192 325884 560656 181998 472230 2073600 2073600 
[14302.507756] MESSAGE_B= 7 0 0 195 3 1 192 64 248 179 0 3896 2079 1919 2044 826 2413 2247 1529 232 146 102 207 96 98 340 250 0 0 116 27 39 1 91 59 210 0 2 2 2 2 2 2 2 1 3 1 359644 577324 844364 94088 382628 297312 749626 446506 1034382 263620 404910 446826 456136 590842 551602 381192 325884 560656 181998 472230 2073600 2073600 
[14302.779760] MESSAGE_B= 7 0 0 195 3 1 192 64 248 179 0 3896 2078 1937 2095 821 2393 2237 1602 238 149 97 208 94 94 341 300 0 0 120 24 16 31 62 63 208 0 2 2 2 2 2 2 2 2 3 1 484429 614467 844364 94088 382628 297312 749626 446506 1034382 263620 404910 446826 456136 590842 551602 381192 325884 560656 181998 472230 2073600 2073600 
[14303.050757] MESSAGE_B= 0 0 0 195 6 3 192 64 248 179 0 1849 1514 1432 88 737 852 1302 564 1503 1005 875 72 422 397 636 557 0 31 220 220 241 43 61 41 4 151 0 0 0 0 0 0 0 0 6 3 373773 554301 844364 94088 382628 297312 749626 446506 1034382 263620 404910 446826 456136 590842 551602 381192 325884 560656 181998 472230 2073600 2073600 
[14303.200756] MESSAGE_B= 0 0 0 216 4 2 192 64 248 179 0 1521 2686 3182 2623 1367 1556 2396 2140 599 510 131 178 472 687 694 767 0 12 204 178 189 199 103 210 88 64 2 0 2 2 2 2 2 2 4 2 727835 609507 852336 646828 721956 826764 294898 379038 604144 277008 343660 789684 539426 246486 1263146 487446 709656 758086 577742 809246 2073600 2073600 
[14303.472757] MESSAGE_B= 0 0 0 207 2 1 192 64 248 179 0 0 1618 0 1194 704 1270 1221 1182 0 717 0 133 132 303 305 289 0 12 0 87 213 153 9 188 0 126 1 2 2 2 2 2 1 0 2 1 302136 570634 852336 646828 721956 826764 294898 379038 604144 277008 343660 789684 539426 246486 1263146 487446 709656 758086 577742 809246 2073600 2073600 
[14303.742762] MESSAGE_B= 7 0 0 212 2 1 192 64 248 179 0 0 1338 0 1206 1085 1476 1229 1182 0 348 0 140 65 468 144 288 0 12 0 91 68 218 161 16 0 144 1 2 2 2 2 2 1 0 2 1 354959 629435 852336 646828 721956 826764 294898 379038 604144 277008 343660 789684 539426 246486 1263146 487446 709656 758086 577742 809246 2073600 2073600 
[14304.012757] MESSAGE_B= 7 0 0 210 2 1 192 64 248 179 0 1075 1908 1815 574 180 832 1715 802 650 1212 1149 361 238 473 880 668 0 31 242 232 94 4 218 94 73 144 0 0 0 0 0 0 0 0 2 1 375735 380946 852336 646828 721956 826764 294898 379038 604144 277008 343660 789684 539426 246486 1263146 487446 709656 758086 577742 809246 2073600 2073600 
[14304.283757] MESSAGE_B= 7 0 0 210 4 2 192 64 248 179 0 1626 2362 2370 1084 1779 1309 1862 1682 588 1075 595 182 536 272 252 361 0 12 104 115 242 214 196 0 137 196 2 2 2 2 2 2 2 0 4 2 490542 581496 852336 646828 721956 826764 294898 379038 604144 277008 343660 789684 539426 246486 1263146 487446 709656 758086 577742 809246 2073600 2073600 
[14304.555756] MESSAGE_B= 7 0 0 207 3 0 192 64 248 179 0 1030 2033 2188 962 1264 2001 1943 1697 136 624 683 98 288 358 237 402 0 12 188 61 133 227 35 7 161 216 2 2 2 2 2 2 2 0 3 0 350330 583499 852336 646828 721956 826764 294898 379038 604144 277008 343660 789684 539426 246486 1263146 487446 709656 758086 577742 809246 2073600 2073600 
[14304.705760] MESSAGE_B= 7 0 0 216 3 0 192 64 248 179 0 1036 2178 2512 980 1289 2011 1859 1700 126 398 257 95 288 317 472 407 0 12 90 138 204 213 24 69 137 218 2 2 2 2 2 2 2 0 3 0 239215 502964 852336 646828 721956 826764 294898 379038 604144 277008 343660 789684 539426 246486 1263146 487446 709656 758086 577742 809246 2073600 2073600 
[14304.976757] MESSAGE_B= 7 0 0 205 2 0 192 64 248 179 0 1039 1873 2186 990 1329 2087 2231 1719 122 448 586 120 289 349 267 410 0 12 141 61 178 222 5 12 174 239 2 2 2 2 2 2 2 0 2 0 159071 376758 852336 646828 721956 826764 294898 379038 604144 277008 343660 789684 539426 246486 1263146 487446 709656 758086 577742 809246 2073600 2073600 
[14305.247758] MESSAGE_B= 7 0 0 206 2 1 192 64 248 179 0 1018 1925 2107 975 1360 1862 1932 1689 116 86 157 118 318 448 437 402 0 12 2 99 196 228 95 114 24 239 2 2 2 2 2 2 2 0 2 1 264798 366540 852336 646828 721956 826764 294898 379038 604144 277008 343660 789684 539426 246486 1263146 487446 709656 758086 577742 809246 2073600 2073600 
[14305.518756] MESSAGE_B= 7 0 0 202 2 2 192 64 248 179 0 989 1833 2311 984 1363 2371 2398 1718 106 458 671 115 329 226 213 406 0 12 42 89 172 240 113 205 159 232 2 2 2 2 2 2 2 0 2 2 171631 384490 285136 720500 507098 490362 744676 564330 1131894 156348 420116 415438 942396 864150 488862 625666 348224 367646 164792 335888 2073600 2073600 
[14305.789770] MESSAGE_B= 7 0 0 208 3 1 192 64 248 179 0 949 1370 2351 972 1360 2271 2473 1716 130 157 826 114 344 299 241 401 0 12 44 211 139 222 124 168 134 235 2 2 2 2 2 2 2 0 3 1 260503 402901 285136 720500 507098 490362 744676 564330 1131894 156348 420116 415438 942396 864150 488862 625666 348224 367646 164792 335888 2073600 2073600 
[14305.939759] MESSAGE_B= 7 0 0 205 2 1 192 64 248 179 0 1030 1672 2494 967 1672 2182 2935 1725 411 387 892 110 751 253 327 407 0 12 83 145 231 227 67 179 99 235 2 2 2 2 2 2 2 0 2 1 145352 433616 285136 720500 507098 490362 744676 564330 1131894 156348 420116 415438 942396 864150 488862 625666 348224 367646 164792 335888 2073600 2073600 
[14306.210760] MESSAGE_B= 0 0 0 207 2 2 192 64 248 179 0 863 2000 2971 931 1364 2228 2011 1720 81 513 99 99 325 376 602 376 0 12 156 195 225 228 138 198 5 205 2 2 2 2 0 2 2 0 2 2 213723 373954 285136 720500 507098 490362 744676 564330 1131894 156348 420116 415438 942396 864150 488862 625666 348224 367646 164792 335888 2073600 2073600 
[14306.481760] MESSAGE_B= 0 0 0 208 2 2 192 64 248 179 0 837 2894 2898 898 1195 1820 1626 1662 87 602 149 116 223 474 560 373 0 12 25 137 222 206 144 183 20 200 2 2 2 2 0 2 2 0 2 2 127907 382120 285136 720500 507098 490362 744676 564330 1131894 156348 420116 415438 942396 864150 488862 625666 348224 367646 164792 335888 2073600 2073600 
[14306.752765] MESSAGE_B= 7 0 0 209 2 1 192 64 248 179 0 834 1646 3095 919 1342 1791 2228 1683 112 148 318 119 298 288 412 386 0 12 182 120 109 203 194 25 28 80 2 2 2 2 0 2 2 0 2 1 192700 324836 285136 720500 507098 490362 744676 564330 1131894 156348 420116 415438 942396 864150 488862 625666 348224 367646 164792 335888 2073600 2073600 
[14307.023762] MESSAGE_B= 7 0 0 209 2 0 192 64 248 179 0 841 1551 2122 943 1389 1969 2404 1808 99 323 542 112 280 426 322 339 0 12 120 33 201 223 150 25 179 55 2 2 2 2 0 2 2 0 2 0 175048 368432 285136 720500 507098 490362 744676 564330 1131894 156348 420116 415438 942396 864150 488862 625666 348224 367646 164792 335888 2073600 2073600 
[14307.173765] MESSAGE_B= 7 0 0 208 2 1 192 64 248 179 0 840 1283 1633 968 1392 1974 2539 1815 106 155 218 127 279 499 306 345 0 12 63 237 200 225 103 50 188 83 2 2 2 2 0 2 2 0 2 1 264065 371337 285136 720500 507098 490362 744676 564330 1131894 156348 420116 415438 942396 864150 488862 625666 348224 367646 164792 335888 2073600 2073600 
[14307.444758] MESSAGE_B= 7 0 0 210 2 1 192 64 248 179 0 832 1371 1558 991 1410 2078 2513 1853 115 111 186 129 260 512 270 316 0 12 31 194 215 224 82 122 207 104 2 2 2 2 2 2 2 0 2 1 216507 306528 285136 720500 507098 490362 744676 564330 1131894 156348 420116 415438 942396 864150 488862 625666 348224 367646 164792 335888 2073600 2073600 
[14307.715763] MESSAGE_B= 7 0 0 209 2 2 192 64 248 179 0 832 1417 1523 983 1422 2107 2574 1879 100 147 133 126 244 532 314 315 0 12 184 213 215 215 98 171 187 113 2 2 2 2 2 2 2 0 2 2 292608 438063 412840 936308 856518 237358 774188 516472 1097788 142978 470090 427794 309294 327118 331198 277382 268676 439026 226950 402668 2073600 2073600 
[14307.987759] MESSAGE_B= 7 0 0 214 2 1 192 64 248 179 0 828 1294 1813 1017 1460 1720 2721 1880 89 147 176 153 228 266 385 306 0 12 64 250 204 209 89 191 108 186 2 2 2 2 2 2 2 0 2 1 228900 252724 412840 936308 856518 237358 774188 516472 1097788 142978 470090 427794 309294 327118 331198 277382 268676 439026 226950 402668 2073600 2073600 
[14308.258762] MESSAGE_B= 7 0 0 212 2 1 192 64 248 179 0 885 1850 1840 1026 1450 2083 2747 1901 123 549 102 171 249 353 310 300 0 12 52 236 150 70 54 67 88 204 2 2 2 2 2 2 2 2 2 1 340949 483150 412840 936308 856518 237358 774188 516472 1097788 142978 470090 427794 309294 327118 331198 277382 268676 439026 226950 402668 2073600 2073600 
[14308.408760] MESSAGE_B= 7 0 0 210 2 1 192 64 248 179 0 1109 1322 2114 1018 1803 2043 2728 1916 470 99 360 166 565 249 409 295 0 12 239 242 70 183 33 150 87 188 2 2 0 2 2 2 2 2 2 1 379281 292702 412840 936308 856518 237358 774188 516472 1097788 142978 470090 427794 309294 327118 331198 277382 268676 439026 226950 402668 2073600 2073600 
[14308.679767] MESSAGE_B= 0 0 0 207 2 2 192 64 248 179 0 941 1692 2128 1015 1602 2285 2187 1888 130 240 392 154 283 321 340 301 0 12 246 211 104 37 58 51 133 173 2 2 0 2 2 2 2 2 2 2 335820 596478 412840 936308 856518 237358 774188 516472 1097788 142978 470090 427794 309294 327118 331198 277382 268676 439026 226950 402668 2073600 2073600 
[14308.950762] MESSAGE_B= 0 0 0 217 3 2 192 64 248 179 0 935 2229 2610 1011 1615 2118 2197 1826 127 91 77 152 302 351 165 310 0 12 58 135 79 199 114 9 59 186 2 2 0 2 2 2 2 2 3 2 212946 297811 412840 936308 856518 237358 774188 516472 1097788 142978 470090 427794 309294 327118 331198 277382 268676 439026 226950 402668 2073600 2073600 
[14309.221761] MESSAGE_B= 0 0 0 214 2 3 192 64 248 179 0 912 2248 2606 961 1647 2388 2305 1827 127 72 34 142 312 193 389 311 0 12 41 186 150 33 116 16 75 183 2 2 0 2 2 2 2 2 2 3 226083 602111 412840 936308 856518 237358 774188 516472 1097788 142978 470090 427794 309294 327118 331198 277382 268676 439026 226950 402668 2073600 2073600 
[14309.492768] MESSAGE_B= 7 0 0 216 3 2 192 64 248 179 0 880 2178 2623 940 1690 2362 2220 1823 145 50 69 131 299 213 386 309 0 12 58 115 150 3 115 63 87 153 2 2 0 2 2 2 2 2 3 2 207159 292762 412840 936308 856518 237358 774188 516472 1097788 142978 470090 427794 309294 327118 331198 277382 268676 439026 226950 402668 2073600 2073600 
[14309.763768] MESSAGE_B= 7 0 0 215 3 2 192 64 248 179 0 872 2158 2937 951 1692 2221 2118 1789 152 72 53 124 281 259 516 301 0 12 213 221 186 132 108 129 110 111 2 2 0 0 2 2 2 2 3 2 211375 623494 412840 936308 856518 237358 774188 516472 1097788 142978 470090 427794 309294 327118 331198 277382 268676 439026 226950 402668 2073600 2073600 
[14309.913763] MESSAGE_B= 7 0 0 209 2 1 192 64 248 179 0 866 2048 2965 1022 1644 1962 1926 1728 168 43 86 109 311 228 586 259 0 12 204 149 206 180 85 164 120 158 2 2 0 0 2 2 2 2 2 1 196617 301637 731192 1042266 912396 446984 353728 858140 1193376 490404 657978 286728 569660 418522 442904 339488 159098 320148 136582 184402 2073600 2073600 
[14310.184765] MESSAGE_B= 7 0 0 210 3 2 192 64 248 179 0 869 2106 2939 1050 1644 2086 2094 1720 173 55 93 91 310 124 545 272 0 12 242 4 171 91 62 139 30 162 2 2 0 0 2 2 2 2 3 2 275785 677481 731192 1042266 912396 446984 353728 858140 1193376 490404 657978 286728 569660 418522 442904 339488 159098 320148 136582 184402 2073600 2073600 
[14310.455763] MESSAGE_B= 7 0 0 209 3 1 192 64 248 179 0 951 2761 3023 947 1397 1383 1942 1729 137 339 318 79 239 204 211 297 0 12 216 37 89 128 17 7 137 110 2 2 0 2 2 2 2 2 3 1 190753 245141 731192 1042266 912396 446984 353728 858140 1193376 490404 657978 286728 569660 418522 442904 339488 159098 320148 136582 184402 2073600 2073600 
[14310.726775] MESSAGE_B= 0 0 0 208 3 1 192 64 248 179 0 934 1751 2279 938 1411 2614 1713 1040 129 365 914 114 339 81 145 94 0 12 13 25 15 5 8 215 206 17 2 2 2 2 2 2 2 0 3 1 320630 652427 731192 1042266 912396 446984 353728 858140 1193376 490404 657978 286728 569660 418522 442904 339488 159098 320148 136582 184402 2073600 2073600 
[14310.997768] MESSAGE_B= 0 0 0 210 3 0 192 64 248 179 0 938 1970 2709 980 1413 2607 2154 1802 147 310 315 123 327 101 299 165 0 12 149 100 194 175 25 212 186 188 2 2 2 2 2 2 2 0 3 0 102810 515074 731192 1042266 912396 446984 353728 858140 1193376 490404 657978 286728 569660 418522 442904 339488 159098 320148 136582 184402 2073600 2073600 
[14311.147756] MESSAGE_B= 7 0 0 208 2 0 192 64 248 179 0 947 2390 3187 979 1401 2577 2125 1812 137 194 159 126 335 154 304 208 0 12 251 238 188 214 44 201 103 139 2 2 2 2 2 2 2 0 2 0 200225 405201 731192 1042266 912396 446984 353728 858140 1193376 490404 657978 286728 569660 418522 442904 339488 159098 320148 136582 184402 2073600 2073600 
[14311.418764] MESSAGE_B= 7 0 0 207 4 0 192 64 248 179 0 961 1837 2242 993 1401 2470 2044 1908 142 491 772 106 333 245 300 335 0 12 4 39 153 218 90 210 192 164 2 2 2 2 2 2 2 0 4 0 128674 558990 731192 1042266 912396 446984 353728 858140 1193376 490404 657978 286728 569660 418522 442904 339488 159098 320148 136582 184402 2073600 2073600 
[14311.689762] MESSAGE_B= 7 0 0 212 4 1 192 64 248 179 0 974 1905 2269 991 1398 2272 1811 1858 130 584 830 101 320 357 340 416 0 12 40 81 171 233 157 194 187 211 2 2 2 2 2 2 2 0 4 1 147750 331551 731192 1042266 912396 446984 353728 858140 1193376 490404 657978 286728 569660 418522 442904 339488 159098 320148 136582 184402 2073600 2073600 
[14311.960766] MESSAGE_B= 7 0 0 213 4 1 192 64 248 179 0 972 2037 2322 977 1409 2004 1600 1784 146 755 794 91 302 490 387 365 0 12 68 109 179 235 201 244 230 219 2 2 2 2 0 2 2 0 4 1 104310 472622 731192 1042266 912396 446984 353728 858140 1193376 490404 657978 286728 569660 418522 442904 339488 159098 320148 136582 184402 2073600 2073600 
[14312.231757] MESSAGE_B= 7 0 0 213 3 1 192 64 248 179 0 988 2023 2395 985 1406 1886 1493 1769 165 892 757 76 300 528 432 334 0 12 54 26 183 224 158 247 230 4 2 2 2 2 0 2 2 0 3 1 166740 395414 322066 1035228 540266 694030 698900 458892 1238118 317744 402864 174978 332072 445208 174568 95650 160950 264042 106726 116146 2073600 2073600 
[14312.381758] MESSAGE_B= 7 0 0 213 2 1 192 64 248 179 0 1005 2182 2358 1041 1411 1828 1467 1793 169 915 777 87 298 539 424 305 0 12 73 0 183 214 145 242 234 67 2 2 2 2 0 2 2 0 2 1 94131 411452 322066 1035228 540266 694030 698900 458892 1238118 317744 402864 174978 332072 445208 174568 95650 160950 264042 106726 116146 2073600 2073600 
[14312.652766] MESSAGE_B= 0 0 0 213 1 3 192 64 248 179 0 192 1994 2152 370 415 1434 1592 570 120 1233 1268 216 431 1068 1020 471 0 31 236 246 203 250 191 116 39 127 0 0 0 0 0 0 0 0 1 3 196987 390946 322066 1035228 540266 694030 698900 458892 1238118 317744 402864 174978 332072 445208 174568 95650 160950 264042 106726 116146 2073600 2073600 
[14312.924761] MESSAGE_B= 4 0 0 169 12 0 192 64 248 179 0 748 3500 3696 1006 0 3574 0 965 14 96 34 82 0 76 0 93 0 12 129 129 0 125 0 126 77 0 2 2 1 2 1 2 2 1 12 0 272696 353018 322066 1035228 540266 694030 698900 458892 1238118 317744 402864 174978 332072 445208 174568 95650 160950 264042 106726 116146 2073600 2073600 
[14313.194755] MESSAGE_B= 0 0 0 196 7 0 192 64 248 179 0 0 0 0 0 0 0 0 0 0 0 0 0 0 0 0 0 0 12 0 0 0 0 0 117 122 0 1 1 1 1 1 2 2 1 7 0 128863 773517 322066 1035228 540266 694030 698900 458892 1238118 317744 402864 174978 332072 445208 174568 95650 160950 264042 106726 116146 2073600 2073600 
[14313.461760] MESSAGE_B= 7 0 0 194 5 0 192 64 248 179 0 0 0 0 0 0 0 0 0 0 0 0 0 0 0 0 0 0 12 0 0 0 0 0 25 33 0 1 1 1 1 1 2 2 1 5 0 94197 357698 322066 1035228 540266 694030 698900 458892 1238118 317744 402864 174978 332072 445208 174568 95650 160950 264042 106726 116146 2073600 2073600 
[14313.729762] MESSAGE_B= 7 0 0 199 4 0 192 64 248 179 0 0 0 0 0 0 0 0 0 0 0 0 0 0 0 0 0 0 12 0 0 0 0 0 54 65 0 1 1 1 1 1 2 2 1 4 0 62008 215923 322066 1035228 540266 694030 698900 458892 1238118 317744 402864 174978 332072 445208 174568 95650 160950 264042 106726 116146 2073600 2073600 
[14313.971757] MESSAGE_B= 7 0 0 200 6 0 192 64 248 179 0 0 0 0 0 0 0 0 0 0 0 0 0 0 0 0 0 0 12 0 0 0 0 0 68 56 0 1 1 1 1 1 2 2 1 6 0 55722 317874 322066 1035228 540266 694030 698900 458892 1238118 317744 402864 174978 332072 445208 174568 95650 160950 264042 106726 116146 2073600 2073600 
[14314.117754] MESSAGE_B= 7 0 0 202 6 0 192 64 248 179 0 0 0 0 0 0 0 0 0 0 0 0 0 0 0 0 0 0 12 0 0 0 0 0 77 64 0 1 1 1 1 1 2 2 1 6 0 51465 201056 322066 1035228 540266 694030 698900 458892 1238118 317744 402864 174978 332072 445208 174568 95650 160950 264042 106726 116146 2073600 2073600 
[14314.384754] MESSAGE_B= 7 0 0 201 6 0 192 64 248 179 0 0 0 0 0 0 0 0 0 0 0 0 0 0 0 0 0 0 12 0 0 0 0 0 75 76 0 1 1 1 1 1 2 2 1 6 0 58899 333210 144900 1040848 968122 495804 160182 167788 542816 155300 156050 72278 126092 182268 170636 55518 62564 75464 69800 57778 2073600 2073600 
[14314.650756] MESSAGE_B= 7 0 0 201 5 0 192 64 248 179 0 0 0 0 0 0 0 0 0 0 0 0 0 0 0 0 0 0 12 0 0 0 0 0 92 110 0 1 1 1 1 1 2 2 1 5 0 63243 201402 144900 1040848 968122 495804 160182 167788 542816 155300 156050 72278 126092 182268 170636 55518 62564 75464 69800 57778 2073600 2073600 
[14314.916755] MESSAGE_B= 7 0 0 201 6 0 192 64 248 179 0 0 0 0 0 0 0 0 0 0 0 0 0 0 0 0 0 0 12 0 0 0 0 0 91 122 0 1 1 1 1 1 2 2 1 6 0 70153 338809 144900 1040848 968122 495804 160182 167788 542816 155300 156050 72278 126092 182268 170636 55518 62564 75464 69800 57778 2073600 2073600 
[14315.182753] MESSAGE_B= 7 0 0 201 6 0 192 64 248 179 0 0 0 0 0 0 0 0 0 0 0 0 0 0 0 0 0 0 12 0 0 0 0 0 78 109 0 1 1 1 1 1 2 2 1 6 0 65612 204740 144900 1040848 968122 495804 160182 167788 542816 155300 156050 72278 126092 182268 170636 55518 62564 75464 69800 57778 2073600 2073600 
[14315.448754] MESSAGE_B= 7 0 0 201 6 0 192 64 248 179 0 0 0 0 0 0 0 0 0 0 0 0 0 0 0 0 0 0 12 0 0 0 0 0 63 76 0 1 1 1 1 1 2 2 1 6 0 73032 337033 144900 1040848 968122 495804 160182 167788 542816 155300 156050 72278 126092 182268 170636 55518 62564 75464 69800 57778 2073600 2073600 
[14315.714760] MESSAGE_B= 7 0 0 198 5 0 192 64 248 179 0 0 0 0 0 0 0 0 0 0 0 0 0 0 0 0 0 0 12 0 0 0 0 0 75 87 0 1 1 1 1 1 2 2 1 5 0 66111 209040 144900 1040848 968122 495804 160182 167788 542816 155300 156050 72278 126092 182268 170636 55518 62564 75464 69800 57778 2073600 2073600 
[14315.860760] MESSAGE_B= 7 0 0 196 5 0 192 64 248 179 0 0 0 0 0 0 0 0 0 0 0 0 0 0 0 0 0 0 12 0 0 0 0 0 73 93 0 1 1 1 1 1 2 2 1 5 0 73778 344424 144900 1040848 968122 495804 160182 167788 542816 155300 156050 72278 126092 182268 170636 55518 62564 75464 69800 57778 2073600 2073600 
[14316.126755] MESSAGE_B= 7 0 0 195 5 0 192 64 248 179 0 0 0 0 0 0 0 0 0 0 0 0 0 0 0 0 0 0 12 0 0 0 0 0 60 94 0 1 1 1 1 1 2 2 1 5 0 55357 212075 144900 1040848 968122 495804 160182 167788 542816 155300 156050 72278 126092 182268 170636 55518 62564 75464 69800 57778 2073600 2073600 
[14316.392755] MESSAGE_B= 7 0 0 200 6 0 192 64 248 179 0 0 0 0 0 0 0 0 0 0 0 0 0 0 0 0 0 0 12 0 0 0 0 0 24 69 0 1 1 1 1 1 2 2 1 6 0 68391 345405 144900 1040848 968122 495804 160182 167788 542816 155300 156050 72278 126092 182268 170636 55518 62564 75464 69800 57778 2073600 2073600 
[14316.658760] MESSAGE_B= 0 0 0 210 8 0 192 64 248 179 0 0 0 0 0 0 0 0 0 0 0 0 0 0 0 0 0 0 12 0 0 0 0 0 13 129 0 1 1 1 1 1 2 2 1 8 0 40148 210537 139486 201186 113162 144144 155992 144248 542916 167898 158878 51588 101506 48322 64840 35672 75884 69776 72446 49934 2073600 2073600 
[14316.924758] MESSAGE_B= 0 7 0 221 2 1 192 64 248 179 0 0 0 0 0 0 0 0 0 0 0 0 0 0 0 0 0 1 12 0 0 0 0 0 0 0 0 1 1 1 1 1 1 1 1 2 1 32449 336642 139486 201186 113162 144144 155992 144248 542916 167898 158878 51588 101506 48322 64840 35672 75884 69776 72446 49934 2073600 2073600 
[14317.190755] MESSAGE_B= 7 7 0 193 2 1 192 64 248 179 0 0 0 0 0 0 0 0 0 0 0 0 0 0 0 0 0 1 12 0 0 0 0 0 0 0 0 1 1 1 1 1 1 1 1 2 1 0 87554 139486 201186 113162 144144 155992 144248 542916 167898 158878 51588 101506 48322 64840 35672 75884 69776 72446 49934 2073600 2073600 
[14317.455754] MESSAGE_B= 7 7 0 193 2 1 192 64 248 179 0 0 0 0 0 0 0 0 0 0 0 0 0 0 0 0 0 1 12 0 0 0 0 0 0 0 0 1 1 1 1 1 1 1 1 2 1 0 0 139486 201186 113162 144144 155992 144248 542916 167898 158878 51588 101506 48322 64840 35672 75884 69776 72446 49934 2073600 2073600 
[14317.599752] MESSAGE_B= 7 7 0 234 1 1 192 64 248 179 0 0 0 0 0 0 0 0 0 0 0 0 0 0 0 0 0 1 12 0 0 0 0 0 0 0 0 1 1 1 1 1 1 1 1 1 1 0 0 139486 201186 113162 144144 155992 144248 542916 167898 158878 51588 101506 48322 64840 35672 75884 69776 72446 49934 2073600 2073600 
[14317.864755] MESSAGE_B= 7 7 0 231 1 1 192 64 248 179 0 0 0 0 0 0 0 0 0 0 0 0 0 0 0 0 0 1 12 0 0 0 0 0 0 0 0 1 1 1 1 1 1 1 1 1 1 0 0 139486 201186 113162 144144 155992 144248 542916 167898 158878 51588 101506 48322 64840 35672 75884 69776 72446 49934 2073600 2073600 
[14318.130755] MESSAGE_B= 7 7 0 234 1 1 192 64 248 179 0 0 0 0 0 0 0 0 0 0 0 0 0 0 0 0 0 1 12 0 0 0 0 0 0 0 0 1 1 1 1 1 1 1 1 1 1 0 0 139486 201186 113162 144144 155992 144248 542916 167898 158878 51588 101506 48322 64840 35672 75884 69776 72446 49934 2073600 2073600 
[14318.395753] MESSAGE_B= 7 7 0 237 3 2 192 64 248 179 0 0 0 0 0 0 0 0 0 0 0 0 0 0 0 0 0 1 12 0 0 0 0 0 0 0 0 1 1 1 1 1 1 1 1 3 2 0 0 139486 201186 113162 144144 155992 144248 542916 167898 158878 51588 101506 48322 64840 35672 75884 69776 72446 49934 2073600 2073600 
[14318.660756] MESSAGE_B= 5 0 0 179 2 4 192 64 248 179 0 0 0 0 0 0 0 0 0 0 0 0 0 0 0 0 0 1 12 0 0 0 0 0 38 0 0 1 0 0 0 1 0 0 1 2 4 5526 4660 139486 201186 113162 144144 155992 144248 542916 167898 158878 51588 101506 48322 64840 35672 75884 69776 72446 49934 2073600 2073600 
[14318.926758] MESSAGE_B= 0 0 0 150 1 3 192 64 248 179 0 782 0 951 0 0 1781 0 960 124 0 160 0 0 77 0 70 0 12 92 0 0 81 0 113 77 0 0 1 1 2 1 2 2 1 1 3 104056 74050 415390 181290 686 2 2 2 483872 55316 120748 280276 46970 5382 2 2 2 69358 64948 223386 2073600 2073600 
[14319.191758] MESSAGE_B= 0 0 0 107 1 3 192 64 248 179 0 1215 1483 1234 577 1296 2295 1184 854 140 269 161 43 0 150 0 185 0 12 27 39 0 18 0 84 1 160 0 2 2 2 1 2 2 2 1 3 299858 160928 415390 181290 686 2 2 2 483872 55316 120748 280276 46970 5382 2 2 2 69358 64948 223386 2073600 2073600 
[14319.337758] MESSAGE_B= 0 0 0 109 1 3 192 64 248 179 0 1423 1838 1495 641 1405 2490 1480 944 174 324 189 36 42 180 8 150 0 12 20 17 255 110 0 53 82 140 0 0 2 2 1 2 2 2 1 3 322502 750858 415390 181290 686 2 2 2 483872 55316 120748 280276 46970 5382 2 2 2 69358 64948 223386 2073600 2073600 
[14319.604756] MESSAGE_B= 0 0 0 115 1 2 192 64 248 179 0 1696 2626 2242 934 906 2793 2073 1252 300 350 208 82 106 366 648 209 0 12 63 23 96 46 92 38 41 90 0 0 2 2 2 2 2 2 1 2 335063 537897 415390 181290 686 2 2 2 483872 55316 120748 280276 46970 5382 2 2 2 69358 64948 223386 2073600 2073600 
[14319.871760] MESSAGE_B= 0 0 0 117 1 2 192 64 248 179 0 1646 2822 2458 1129 905 2779 2321 1364 415 349 207 103 106 428 739 300 0 12 69 16 150 124 156 78 9 58 0 0 2 2 2 2 2 2 1 2 419106 801632 415390 181290 686 2 2 2 483872 55316 120748 280276 46970 5382 2 2 2 69358 64948 223386 2073600 2073600 
[14320.139759] MESSAGE_B= 0 0 0 116 1 2 192 64 248 179 0 1194 2117 1861 873 592 1828 1451 678 786 1267 1097 508 340 1171 1201 653 0 31 217 246 165 212 13 180 183 237 0 0 0 0 0 0 0 0 1 2 410042 611974 415390 181290 686 2 2 2 483872 55316 120748 280276 46970 5382 2 2 2 69358 64948 223386 2073600 2073600 
[14320.407757] MESSAGE_B= 0 0 0 116 1 2 192 64 248 179 0 1171 2112 1870 880 613 1812 1464 674 766 1266 1102 513 354 1158 1206 658 0 31 218 247 158 209 11 180 183 237 0 0 0 0 0 0 0 0 1 2 423642 801418 415390 181290 686 2 2 2 483872 55316 120748 280276 46970 5382 2 2 2 69358 64948 223386 2073600 2073600 
[14320.675758] MESSAGE_B= 0 0 0 114 1 2 192 64 248 179 0 1142 2103 1879 885 633 1795 1480 669 744 1261 1108 515 366 1141 1211 660 0 31 219 248 147 205 10 182 184 239 0 0 0 0 0 0 0 0 1 2 424651 622093 415390 181290 686 2 2 2 483872 55316 120748 280276 46970 5382 2 2 2 69358 64948 223386 2073600 2073600 
[14320.822760] MESSAGE_B= 0 0 0 115 1 2 192 64 248 179 0 1135 2104 1887 890 641 1793 1490 669 737 1263 1112 517 373 1137 1215 663 0 31 220 248 143 203 10 182 185 239 0 0 0 0 0 0 0 0 1 2 426569 763588 415390 181290 686 2 2 2 483872 55316 120748 280276 46970 5382 2 2 2 69358 64948 223386 2073600 2073600 
[14321.090758] MESSAGE_B= 0 0 0 114 1 3 192 64 248 179 0 1113 2102 1897 893 651 1785 1508 663 720 1261 1118 518 381 1123 1220 664 0 31 220 248 138 200 13 184 185 241 0 0 0 0 0 0 0 0 1 3 431699 629938 553770 458942 258224 639482 734128 494282 739246 487594 555580 393500 349070 150310 496602 585136 705722 389628 723830 468336 2073600 2073600 
[14321.362760] MESSAGE_B= 0 0 0 116 1 3 192 64 248 179 0 1083 2089 1904 896 653 1771 1550 659 699 1255 1121 520 380 1102 1222 664 0 31 220 249 144 197 18 183 184 240 0 0 0 0 0 0 0 0 1 3 430321 720625 553770 458942 258224 639482 734128 494282 739246 487594 555580 393500 349070 150310 496602 585136 705722 389628 723830 468336 2073600 2073600 
[14321.633756] MESSAGE_B= 0 0 0 117 1 3 192 64 248 179 0 1056 2078 1904 895 649 1757 1590 652 679 1249 1121 519 376 1084 1219 658 0 31 221 249 159 195 20 183 183 242 0 0 0 0 0 0 0 0 1 3 430915 637760 553770 458942 258224 639482 734128 494282 739246 487594 555580 393500 349070 150310 496602 585136 705722 389628 723830 468336 2073600 2073600 
[14321.905756] MESSAGE_B= 0 7 0 116 1 3 192 64 248 179 0 1029 2072 1921 902 649 1731 1640 651 657 1245 1130 524 372 1061 1222 659 0 31 221 249 171 193 14 183 182 241 0 0 0 0 0 0 0 0 1 3 424595 685098 553770 458942 258224 639482 734128 494282 739246 487594 555580 393500 349070 150310 496602 585136 705722 389628 723830 468336 2073600 2073600 
[14322.056756] MESSAGE_B= 0 7 0 118 1 3 192 64 248 179 0 1015 2064 1926 902 650 1723 1655 649 646 1240 1134 525 372 1054 1223 659 0 31 221 249 173 192 12 184 182 240 0 0 0 0 0 0 0 0 1 3 433712 640616 553770 458942 258224 639482 734128 494282 739246 487594 555580 393500 349070 150310 496602 585136 705722 389628 723830 468336 2073600 2073600 
[14322.327757] MESSAGE_B= 0 7 0 118 1 3 192 64 248 179 0 995 2054 1942 910 650 1696 1681 647 628 1235 1145 528 376 1031 1220 657 0 31 223 250 172 191 5 184 181 241 0 0 0 0 0 0 0 0 1 3 413243 668791 553770 458942 258224 639482 734128 494282 739246 487594 555580 393500 349070 150310 496602 585136 705722 389628 723830 468336 2073600 2073600 
[14322.598761] MESSAGE_B= 0 7 0 120 1 3 192 64 248 179 0 974 2042 1954 908 650 1669 1696 642 608 1231 1150 526 378 1012 1214 651 0 31 226 250 170 190 4 185 184 241 0 0 0 0 0 0 0 0 1 3 433725 630894 553770 458942 258224 639482 734128 494282 739246 487594 555580 393500 349070 150310 496602 585136 705722 389628 723830 468336 2073600 2073600 
[14322.869764] MESSAGE_B= 0 7 0 116 1 3 192 64 248 179 0 953 2029 1968 915 644 1640 1711 637 589 1223 1161 530 375 993 1212 647 0 31 227 250 171 189 12 185 184 242 0 0 0 0 0 0 0 0 1 3 381276 654844 553770 458942 258224 639482 734128 494282 739246 487594 555580 393500 349070 150310 496602 585136 705722 389628 723830 468336 2073600 2073600 
[14323.140758] MESSAGE_B= 0 7 0 118 1 3 192 64 248 179 0 932 2014 1983 919 637 1616 1720 633 571 1216 1169 533 372 975 1210 645 0 31 230 250 171 188 25 186 186 241 0 0 0 0 0 0 0 0 1 3 436709 624704 553770 458942 258224 639482 734128 494282 739246 487594 555580 393500 349070 150310 496602 585136 705722 389628 723830 468336 2073600 2073600 
[14323.290755] MESSAGE_B= 0 7 0 116 1 3 192 64 248 179 0 917 2011 1998 926 635 1602 1726 630 559 1214 1179 536 372 966 1211 643 0 31 231 250 172 187 37 185 186 241 0 0 0 0 0 0 0 0 1 3 367551 666963 439128 460008 756318 565516 645110 340618 802316 650470 416380 343730 547324 486224 368808 475584 765040 462652 555550 400012 2073600 2073600 
[14323.561758] MESSAGE_B= 0 7 0 116 1 3 192 64 248 179 0 883 1999 2022 935 632 1576 1726 628 536 1208 1194 542 369 949 1208 641 0 31 233 249 174 186 57 185 188 240 0 0 0 0 0 0 0 0 1 3 438600 622429 439128 460008 756318 565516 645110 340618 802316 650470 416380 343730 547324 486224 368808 475584 765040 462652 555550 400012 2073600 2073600 
[14323.832762] MESSAGE_B= 0 7 0 116 1 3 192 64 248 179 0 830 1969 2028 940 619 1539 1720 619 505 1189 1200 544 361 925 1207 631 0 31 232 249 178 186 69 183 190 239 0 0 0 0 0 0 0 0 1 3 366288 662177 439128 460008 756318 565516 645110 340618 802316 650470 416380 343730 547324 486224 368808 475584 765040 462652 555550 400012 2073600 2073600 
[14324.103761] MESSAGE_B= 0 0 0 112 1 3 192 64 248 179 0 770 1929 2040 946 614 1506 1707 612 471 1164 1211 548 357 903 1197 625 0 31 230 249 182 183 71 179 193 238 0 0 0 0 0 0 0 0 1 3 414968 614935 439128 460008 756318 565516 645110 340618 802316 650470 416380 343730 547324 486224 368808 475584 765040 462652 555550 400012 2073600 2073600 
[14324.374764] MESSAGE_B= 0 7 0 112 1 3 192 64 248 179 0 721 1891 2057 956 602 1459 1714 607 443 1138 1222 554 349 873 1201 621 0 31 228 249 184 183 77 176 194 236 0 0 0 0 0 0 0 0 1 3 362446 641420 439128 460008 756318 565516 645110 340618 802316 650470 416380 343730 547324 486224 368808 475584 765040 462652 555550 400012 2073600 2073600 
[14324.645758] MESSAGE_B= 0 0 0 110 1 2 192 64 248 179 0 961 2477 2782 1291 1138 2415 2396 1184 182 313 323 50 184 194 732 487 0 12 45 116 149 18 65 18 232 47 0 0 2 2 2 2 2 2 1 2 374699 609215 439128 460008 756318 565516 645110 340618 802316 650470 416380 343730 547324 486224 368808 475584 765040 462652 555550 400012 2073600 2073600 
[14324.795759] MESSAGE_B= 0 0 0 109 1 2 192 64 248 179 0 943 2443 2803 1298 1123 2396 2385 1239 184 310 336 55 173 200 715 454 0 12 47 99 193 31 151 4 230 73 0 0 2 2 2 2 2 2 1 2 369615 624097 439128 460008 756318 565516 645110 340618 802316 650470 416380 343730 547324 486224 368808 475584 765040 462652 555550 400012 2073600 2073600 
[14325.066755] MESSAGE_B= 0 0 0 103 1 2 192 64 248 179 0 881 2369 2839 1312 1129 2315 2379 1196 179 268 366 61 186 182 713 473 0 12 74 61 185 68 166 28 237 40 0 0 2 2 2 2 2 2 1 2 351503 604423 439128 460008 756318 565516 645110 340618 802316 650470 416380 343730 547324 486224 368808 475584 765040 462652 555550 400012 2073600 2073600 
[14325.337757] MESSAGE_B= 0 0 0 98 1 2 192 64 248 179 0 837 2357 2895 1326 1159 2232 2404 1239 149 217 405 74 183 151 723 418 0 12 115 83 181 156 161 153 244 103 0 0 2 2 2 2 2 2 1 2 373903 599767 439128 460008 756318 565516 645110 340618 802316 650470 416380 343730 547324 486224 368808 475584 765040 462652 555550 400012 2073600 2073600 
[14325.608760] MESSAGE_B= 0 0 0 93 1 2 192 64 248 179 0 805 2252 2942 1339 1160 2177 2417 1298 129 223 445 80 214 130 729 388 0 12 123 106 183 126 141 183 245 45 0 0 2 2 2 2 2 2 1 2 332991 594715 330734 495998 776176 478332 558960 318068 756946 703390 327834 432704 439074 430784 362398 510434 642158 409962 426562 404132 2073600 2073600 
[14325.879760] MESSAGE_B= 0 0 0 90 1 3 192 64 248 179 0 806 2183 2954 1356 1163 2118 2411 1268 128 201 465 70 246 135 729 431 0 12 127 123 183 21 144 188 246 3 0 0 2 2 2 2 2 2 1 3 384263 621806 330734 495998 776176 478332 558960 318068 756946 703390 327834 432704 439074 430784 362398 510434 642158 409962 426562 404132 2073600 2073600 
[14326.029757] MESSAGE_B= 0 0 0 89 1 3 192 64 248 179 0 810 2130 2988 1370 1177 2075 2390 1208 135 179 489 88 255 163 728 423 0 12 101 153 183 55 130 180 244 21 0 0 2 2 2 2 2 2 1 3 345520 578529 330734 495998 776176 478332 558960 318068 756946 703390 327834 432704 439074 430784 362398 510434 642158 409962 426562 404132 2073600 2073600 
[14326.300756] MESSAGE_B= 0 0 0 86 1 3 192 64 248 179 0 809 2064 3024 1385 1170 1960 2382 1155 147 187 513 77 274 235 729 446 0 12 70 174 199 149 169 159 242 42 0 0 2 2 2 2 2 2 1 3 396348 635755 330734 495998 776176 478332 558960 318068 756946 703390 327834 432704 439074 430784 362398 510434 642158 409962 426562 404132 2073600 2073600 
[14326.571756] MESSAGE_B= 0 0 0 87 1 3 192 64 248 179 0 811 2090 3040 1388 1162 1836 2373 1171 151 223 533 84 310 294 732 427 0 12 48 125 209 167 151 11 241 70 0 0 2 2 2 2 2 2 1 3 405902 572084 330734 495998 776176 478332 558960 318068 756946 703390 327834 432704 439074 430784 362398 510434 642158 409962 426562 404132 2073600 2073600 
[14326.842761] MESSAGE_B= 0 0 0 84 1 3 192 64 248 179 0 805 2189 3048 1401 1167 1833 2388 1168 153 264 541 97 330 268 736 419 0 12 21 77 207 51 138 123 241 118 0 0 2 2 2 2 2 2 1 3 411203 595788 330734 495998 776176 478332 558960 318068 756946 703390 327834 432704 439074 430784 362398 510434 642158 409962 426562 404132 2073600 2073600 
[14327.113756] MESSAGE_B= 0 0 0 85 1 3 192 64 248 179 0 803 2299 3045 1407 1175 1840 2376 1182 148 184 551 94 338 285 737 411 0 12 6 18 212 41 125 133 241 161 0 0 2 2 2 2 2 2 1 3 483011 599843 330734 495998 776176 478332 558960 318068 756946 703390 327834 432704 439074 430784 362398 510434 642158 409962 426562 404132 2073600 2073600 
[14327.263754] MESSAGE_B= 0 0 0 85 1 3 192 64 248 179 0 808 2323 3052 1423 1182 1803 2385 1200 146 178 546 102 351 327 736 414 0 12 30 12 215 27 102 118 240 198 0 0 2 2 2 2 2 2 1 3 384759 524255 330734 495998 776176 478332 558960 318068 756946 703390 327834 432704 439074 430784 362398 510434 642158 409962 426562 404132 2073600 2073600 
[14327.534765] MESSAGE_B= 0 0 0 85 1 3 192 64 248 179 0 812 2333 3049 1427 1179 1786 2385 1202 147 182 545 109 354 349 743 426 0 12 59 15 225 55 41 122 238 197 0 0 2 2 2 2 2 2 1 3 515698 615169 330734 495998 776176 478332 558960 318068 756946 703390 327834 432704 439074 430784 362398 510434 642158 409962 426562 404132 2073600 2073600 
[14327.805763] MESSAGE_B= 0 0 0 84 1 3 192 64 248 179 0 815 2326 3049 1436 1191 1730 2389 1197 146 198 543 112 358 359 753 418 0 12 89 32 225 82 24 101 241 198 0 0 2 2 2 2 2 2 1 3 395608 470434 358416 575378 709182 369798 456970 250404 682502 917632 345616 646396 540278 538854 617312 748918 573578 454828 413136 619234 2073600 2073600 
[14328.076762] MESSAGE_B= 0 0 0 84 1 3 192 64 248 179 0 818 2308 3044 1433 1201 1702 2396 1198 146 224 539 118 368 362 767 416 0 12 122 53 228 124 86 95 238 216 0 0 2 2 2 2 2 2 1 3 536547 600742 358416 575378 709182 369798 456970 250404 682502 917632 345616 646396 540278 538854 617312 748918 573578 454828 413136 619234 2073600 2073600 
[14328.347758] MESSAGE_B= 0 0 0 85 1 3 192 64 248 179 0 819 2307 3038 1425 1206 1709 2401 1194 145 251 535 130 371 384 767 409 0 12 137 59 229 139 137 107 237 219 0 0 2 2 2 2 2 2 1 3 390521 464642 358416 575378 709182 369798 456970 250404 682502 917632 345616 646396 540278 538854 617312 748918 573578 454828 413136 619234 2073600 2073600 
[14328.497759] MESSAGE_B= 0 0 0 82 1 3 192 64 248 179 0 821 2303 3037 1428 1225 1709 2402 1184 144 253 533 139 381 398 771 418 0 12 151 73 228 142 145 106 239 210 0 0 2 2 2 2 2 2 1 3 546492 593759 358416 575378 709182 369798 456970 250404 682502 917632 345616 646396 540278 538854 617312 748918 573578 454828 413136 619234 2073600 2073600 
[14328.768770] MESSAGE_B= 0 0 0 84 1 3 192 64 248 179 0 831 2305 3036 1436 1251 1695 2415 1202 147 279 528 140 387 399 776 409 0 12 168 63 223 165 155 87 236 193 0 0 0 2 2 2 2 2 1 3 391446 470506 358416 575378 709182 369798 456970 250404 682502 917632 345616 646396 540278 538854 617312 748918 573578 454828 413136 619234 2073600 2073600 
[14329.039766] MESSAGE_B= 0 4 0 82 1 3 192 64 248 179 0 837 2302 3028 1434 1269 1693 2410 1193 146 294 528 149 388 407 781 399 0 12 182 68 220 179 163 86 236 194 0 0 0 2 2 2 2 2 1 3 552872 586255 358416 575378 709182 369798 456970 250404 682502 917632 345616 646396 540278 538854 617312 748918 573578 454828 413136 619234 2073600 2073600 
[14329.310763] MESSAGE_B= 0 4 0 84 1 3 192 64 248 179 0 844 2294 3029 1447 1282 1704 2415 1180 141 318 520 162 398 435 786 390 0 12 193 66 216 186 170 75 234 206 0 0 0 2 2 2 2 2 1 3 393888 479938 358416 575378 709182 369798 456970 250404 682502 917632 345616 646396 540278 538854 617312 748918 573578 454828 413136 619234 2073600 2073600 
[14329.581759] MESSAGE_B= 0 4 0 83 1 3 192 64 248 179 0 848 2312 3021 1449 1297 1703 2415 1212 142 374 522 163 406 455 787 378 0 12 199 60 218 198 177 76 234 175 0 0 0 2 2 2 2 2 1 3 552289 565120 358416 575378 709182 369798 456970 250404 682502 917632 345616 646396 540278 538854 617312 748918 573578 454828 413136 619234 2073600 2073600 
[14329.852765] MESSAGE_B= 0 4 0 83 1 3 192 64 248 179 0 854 2328 3022 1459 1312 1732 2431 1246 142 393 522 170 411 477 790 372 0 12 205 55 217 203 175 81 234 198 0 0 0 2 2 2 2 2 1 3 402311 487337 358416 575378 709182 369798 456970 250404 682502 917632 345616 646396 540278 538854 617312 748918 573578 454828 413136 619234 2073600 2073600 
[14330.002761] MESSAGE_B= 0 4 4 83 1 3 192 64 248 179 0 858 2330 3021 1463 1321 1738 2440 1248 134 409 524 173 415 498 789 365 0 12 207 49 214 196 172 86 231 185 0 0 0 2 2 2 2 2 1 3 557387 560283 340024 593408 682120 361242 513354 231354 705644 920594 347998 677822 609106 580208 703008 764502 598604 405712 403284 659084 2073600 2073600 
[14330.273759] MESSAGE_B= 0 4 4 82 1 3 192 64 248 179 0 863 2338 3017 1468 1338 1736 2445 1247 132 426 527 177 419 505 790 351 0 12 209 47 214 201 173 90 228 195 0 0 0 2 2 2 2 2 1 3 408818 487380 340024 593408 682120 361242 513354 231354 705644 920594 347998 677822 609106 580208 703008 764502 598604 405712 403284 659084 2073600 2073600 
[14330.544762] MESSAGE_B= 0 0 4 83 1 2 192 64 248 179 0 749 2440 2651 1133 1232 1958 2057 1227 78 634 593 154 415 821 668 253 0 12 158 47 224 96 185 92 237 10 2 0 2 2 2 2 2 2 1 2 560555 555349 340024 593408 682120 361242 513354 231354 705644 920594 347998 677822 609106 580208 703008 764502 598604 405712 403284 659084 2073600 2073600 
[14330.815768] MESSAGE_B= 0 0 4 80 1 3 192 64 248 179 0 565 1969 2065 792 1113 1965 1394 1083 48 555 390 117 271 383 348 320 0 12 113 7 189 57 254 213 227 128 2 0 2 2 2 2 2 2 1 3 355151 479952 340024 593408 682120 361242 513354 231354 705644 920594 347998 677822 609106 580208 703008 764502 598604 405712 403284 659084 2073600 2073600 
[14331.086759] MESSAGE_B= 0 0 4 90 2 3 192 64 248 179 0 0 1174 0 748 881 1307 914 672 0 452 0 132 63 132 138 166 0 12 0 148 82 65 0 126 226 250 1 2 2 2 1 2 2 2 2 3 566861 536140 340024 593408 682120 361242 513354 231354 705644 920594 347998 677822 609106 580208 703008 764502 598604 405712 403284 659084 2073600 2073600 
[14331.235763] MESSAGE_B= 0 0 4 113 2 3 192 64 248 179 0 0 1121 0 885 564 0 868 0 0 44 0 37 18 0 228 0 0 12 0 190 90 0 0 5 145 0 1 2 2 1 1 2 2 1 2 3 283160 397813 340024 593408 682120 361242 513354 231354 705644 920594 347998 677822 609106 580208 703008 764502 598604 405712 403284 659084 2073600 2073600 
[14331.503761] MESSAGE_B= 0 0 0 173 2 4 192 64 248 179 0 0 0 0 0 0 0 0 0 0 0 0 0 0 0 0 0 1 12 0 0 0 0 0 0 0 0 0 1 0 1 1 1 0 1 2 4 501998 186052 340024 593408 682120 361242 513354 231354 705644 920594 347998 677822 609106 580208 703008 764502 598604 405712 403284 659084 2073600 2073600 
[14331.770764] MESSAGE_B= 7 7 0 183 3 5 192 64 248 179 0 0 0 0 0 0 0 0 0 0 0 0 0 0 0 0 0 1 12 0 0 0 0 0 0 0 0 1 1 1 1 1 1 1 1 3 5 143700 279096 340024 593408 682120 361242 513354 231354 705644 920594 347998 677822 609106 580208 703008 764502 598604 405712 403284 659084 2073600 2073600 
[14332.037761] MESSAGE_B= 0 7 0 139 0 2 192 64 248 179 0 0 0 0 0 0 0 0 0 0 0 0 0 0 0 0 0 1 12 0 0 0 0 0 0 0 0 1 1 1 1 1 1 1 1 0 2 124112 64268 340024 593408 682120 361242 513354 231354 705644 920594 347998 677822 609106 580208 703008 764502 598604 405712 403284 659084 2073600 2073600 
[14332.304758] MESSAGE_B= 7 7 0 231 0 3 192 64 248 179 0 0 0 0 0 0 0 0 0 0 0 0 0 0 0 0 0 1 12 0 0 0 0 0 0 0 0 1 1 1 1 1 1 1 1 0 3 0 0 2 602114 648322 318244 441824 149254 621044 106420 16174 2 625706 594380 676422 717716 515422 664374 343398 2 2073600 2073600 
[14332.568758] MESSAGE_B= 7 7 0 231 0 2 192 64 248 179 0 0 0 0 0 0 0 0 0 0 0 0 0 0 0 0 0 1 12 0 0 0 0 0 0 0 0 1 1 1 1 1 1 1 1 0 2 0 0 2 602114 648322 318244 441824 149254 621044 106420 16174 2 625706 594380 676422 717716 515422 664374 343398 2 2073600 2073600 
[14332.832760] MESSAGE_B= 7 7 0 232 0 4 192 64 248 179 0 0 0 0 0 0 0 0 0 0 0 0 0 0 0 0 0 1 12 0 0 0 0 0 0 0 0 1 1 1 1 1 1 1 1 0 4 0 0 2 602114 648322 318244 441824 149254 621044 106420 16174 2 625706 594380 676422 717716 515422 664374 343398 2 2073600 2073600 
[14332.975757] MESSAGE_B= 7 7 0 231 0 6 192 64 248 179 0 0 0 0 0 0 0 0 0 0 0 0 0 0 0 0 0 1 12 0 0 0 0 0 0 0 0 1 1 1 1 1 1 1 1 0 6 0 0 2 602114 648322 318244 441824 149254 621044 106420 16174 2 625706 594380 676422 717716 515422 664374 343398 2 2073600 2073600 
[14333.239759] MESSAGE_B= 7 7 0 232 8 15 192 64 248 179 0 0 0 0 0 0 0 0 0 0 0 0 0 0 0 0 0 1 12 0 0 0 0 0 0 0 0 1 1 1 1 1 1 1 1 8 15 0 0 2 602114 648322 318244 441824 149254 621044 106420 16174 2 625706 594380 676422 717716 515422 664374 343398 2 2073600 2073600 
[14333.504760] MESSAGE_B= 4 0 0 104 3 1 192 64 248 179 0 71 138 86 145 16 60 16 77 110 155 146 171 0 111 0 154 0 0 245 220 0 255 228 223 154 235 2 2 2 2 2 2 2 2 3 1 0 0 2 602114 648322 318244 441824 149254 621044 106420 16174 2 625706 594380 676422 717716 515422 664374 343398 2 2073600 2073600 
[14333.771767] MESSAGE_B= 0 0 0 84 3 1 192 64 248 179 0 16 16 16 16 16 16 16 16 0 0 0 0 0 0 0 0 0 0 0 0 0 0 0 159 151 0 2 2 0 0 2 2 2 2 3 1 251526 414358 2 602114 648322 318244 441824 149254 621044 106420 16174 2 625706 594380 676422 717716 515422 664374 343398 2 2073600 2073600 
[14334.037766] MESSAGE_B= 0 0 0 88 3 1 192 64 248 179 0 113 16 94 16 25 16 131 16 468 0 377 0 56 0 674 0 0 0 255 0 255 0 0 244 204 0 0 2 0 0 2 2 2 1 3 1 475356 649631 2 602114 648322 318244 441824 149254 621044 106420 16174 2 625706 594380 676422 717716 515422 664374 343398 2 2073600 2073600 
[14334.304761] MESSAGE_B= 0 0 0 95 3 1 192 64 248 179 0 222 16 155 16 38 16 291 16 702 0 480 0 83 0 1016 0 0 0 254 0 255 0 0 245 212 0 0 2 0 0 2 2 2 1 3 1 232227 509710 2 602114 648322 318244 441824 149254 621044 106420 16174 2 625706 594380 676422 717716 515422 664374 343398 2 2073600 2073600 
[14334.451757] MESSAGE_B= 0 0 0 102 3 2 192 64 248 179 0 191 16 138 16 39 16 293 16 654 0 455 0 88 0 1022 0 0 0 255 0 255 0 0 246 214 0 0 2 0 0 2 2 2 1 3 2 516360 629833 470432 149230 1090 2 2 2 203974 258638 450114 269612 126454 2 2 2 337842 94590 108382 247592 2073600 2073600 
[14334.717756] MESSAGE_B= 0 0 0 101 3 2 192 64 248 179 0 163 16 120 16 21 16 74 16 615 0 432 0 46 0 483 0 0 0 255 0 255 0 0 245 217 0 0 2 0 0 2 2 2 1 3 2 229067 552483 470432 149230 1090 2 2 2 203974 258638 450114 269612 126454 2 2 2 337842 94590 108382 247592 2073600 2073600 
[14334.983756] MESSAGE_B= 0 0 0 103 3 2 192 64 248 179 0 235 16 156 16 47 16 341 16 745 0 479 0 105 0 1097 0 0 0 254 0 255 0 0 245 215 0 0 2 0 0 2 2 2 1 3 2 558028 633357 470432 149230 1090 2 2 2 203974 258638 450114 269612 126454 2 2 2 337842 94590 108382 247592 2073600 2073600 
[14335.249755] MESSAGE_B= 0 0 0 102 3 2 192 64 248 179 0 399 16 240 16 38 16 240 16 965 0 574 0 91 0 927 0 0 0 246 0 255 0 0 243 200 0 0 2 0 0 2 2 2 1 3 2 234787 571672 470432 149230 1090 2 2 2 203974 258638 450114 269612 126454 2 2 2 337842 94590 108382 247592 2073600 2073600 
[14335.515759] MESSAGE_B= 0 0 0 104 2 1 192 64 248 179 0 526 16 340 16 26 16 131 16 1063 0 691 0 63 0 674 0 0 0 248 0 255 0 0 241 194 0 0 2 0 0 2 2 2 1 2 1 561830 636119 470432 149230 1090 2 2 2 203974 258638 450114 269612 126454 2 2 2 337842 94590 108382 247592 2073600 2073600 
[14335.781759] MESSAGE_B= 0 0 0 103 2 1 192 64 248 179 0 379 16 214 16 21 16 74 16 914 0 528 0 46 0 485 0 0 0 237 0 255 0 0 237 138 0 0 2 0 0 2 2 2 1 2 1 238188 576772 470432 149230 1090 2 2 2 203974 258638 450114 269612 126454 2 2 2 337842 94590 108382 247592 2073600 2073600 
[14336.047759] MESSAGE_B= 0 0 0 105 3 1 192 64 248 179 0 462 16 270 16 29 16 129 16 995 0 577 0 79 0 661 0 0 0 251 0 254 0 0 240 0 0 0 2 0 0 2 2 2 1 3 1 560379 639259 470432 149230 1090 2 2 2 203974 258638 450114 269612 126454 2 2 2 337842 94590 108382 247592 2073600 2073600 
[14336.192756] MESSAGE_B= 0 0 0 106 3 2 192 64 248 179 0 652 16 358 16 44 16 291 16 1158 0 659 0 106 0 1016 0 0 0 239 0 252 0 0 239 134 0 0 2 0 0 2 2 2 1 3 2 242389 581574 470432 149230 1090 2 2 2 203974 258638 450114 269612 126454 2 2 2 337842 94590 108382 247592 2073600 2073600 
[14336.458759] MESSAGE_B= 0 0 0 104 3 1 192 64 248 179 0 637 16 354 16 24 16 74 16 1131 0 627 0 72 0 483 0 0 0 248 0 255 0 0 230 0 0 0 2 0 0 2 2 2 1 3 1 554765 643351 470432 149230 1090 2 2 2 203974 258638 450114 269612 126454 2 2 2 337842 94590 108382 247592 2073600 2073600 
[14336.724759] MESSAGE_B= 0 0 0 106 3 1 192 64 248 179 0 723 16 344 16 50 16 344 16 1179 0 572 0 117 0 1105 0 0 0 243 0 253 0 0 221 0 0 0 2 0 0 2 2 2 1 3 1 247194 585074 474106 633856 294602 471308 373492 505502 528190 268878 455822 276980 394334 331914 281528 179238 276278 144340 132660 236202 2073600 2073600 
[14336.993757] MESSAGE_B= 0 0 0 105 2 2 192 64 248 179 0 621 16 284 16 55 16 340 16 1130 0 519 0 133 0 1094 0 0 0 243 0 254 0 0 200 0 0 0 2 0 0 2 2 2 1 2 2 549976 651068 474106 633856 294602 471308 373492 505502 528190 268878 455822 276980 394334 331914 281528 179238 276278 144340 132660 236202 2073600 2073600 
[14337.262755] MESSAGE_B= 0 0 0 107 2 1 192 64 248 179 0 632 16 272 16 60 16 342 16 1124 0 490 0 150 0 1100 0 0 0 239 0 254 0 170 138 0 0 0 2 0 0 2 2 2 1 2 1 244892 585293 474106 633856 294602 471308 373492 505502 528190 268878 455822 276980 394334 331914 281528 179238 276278 144340 132660 236202 2073600 2073600 
[14337.531759] MESSAGE_B= 0 0 0 106 3 1 192 64 248 179 0 383 16 131 16 23 16 74 16 926 0 307 0 61 0 483 0 0 0 240 0 255 0 172 108 0 0 0 2 0 0 2 2 2 1 3 1 543483 653449 474106 633856 294602 471308 373492 505502 528190 268878 455822 276980 394334 331914 281528 179238 276278 144340 132660 236202 2073600 2073600 
[14337.679759] MESSAGE_B= 0 0 0 108 2 1 192 64 248 179 0 148 16 43 16 30 16 131 16 555 0 117 0 86 0 674 0 0 0 245 0 255 0 167 111 0 0 0 2 0 0 2 2 2 1 2 1 248171 583929 474106 633856 294602 471308 373492 505502 528190 268878 455822 276980 394334 331914 281528 179238 276278 144340 132660 236202 2073600 2073600 
[14337.948758] MESSAGE_B= 0 0 0 106 1 2 192 64 248 179 0 16 23 16 23 16 16 16 16 0 58 0 58 0 0 0 0 0 0 0 255 0 0 0 0 0 0 0 2 0 0 1 2 1 1 1 2 542526 654896 474106 633856 294602 471308 373492 505502 528190 268878 455822 276980 394334 331914 281528 179238 276278 144340 132660 236202 2073600 2073600 
[14338.216757] MESSAGE_B= 0 0 0 108 0 2 192 64 248 179 0 16 75 16 75 16 16 16 16 0 145 0 141 0 0 0 0 0 0 0 255 0 0 131 0 0 0 0 2 2 0 2 1 1 1 0 2 271061 586382 474106 633856 294602 471308 373492 505502 528190 268878 455822 276980 394334 331914 281528 179238 276278 144340 132660 236202 2073600 2073600 
[14338.484756] MESSAGE_B= 0 0 0 105 0 2 192 64 248 179 0 16 16 16 16 16 16 16 16 0 0 0 0 0 0 0 0 0 0 0 0 0 0 186 0 0 0 0 2 2 0 2 1 1 1 0 2 580530 664424 474106 633856 294602 471308 373492 505502 528190 268878 455822 276980 394334 331914 281528 179238 276278 144340 132660 236202 2073600 2073600 
[14338.751765] MESSAGE_B= 0 0 0 103 0 3 192 64 248 179 0 16 16 16 16 16 16 16 16 0 0 0 0 0 0 0 0 0 0 0 0 0 0 0 0 0 0 0 0 0 0 1 1 1 1 0 3 230227 619105 474106 633856 294602 471308 373492 505502 528190 268878 455822 276980 394334 331914 281528 179238 276278 144340 132660 236202 2073600 2073600 
[14339.018757] MESSAGE_B= 0 0 0 101 0 3 192 64 248 179 0 16 16 16 16 16 16 16 16 0 0 0 0 0 0 0 0 0 0 0 0 0 0 0 0 0 25 0 2 0 0 1 1 1 2 0 3 656789 720282 517570 643084 281246 477944 395626 514282 564374 333122 544470 432882 338980 267484 247784 133566 289800 106064 184558 309764 2073600 2073600 
[14339.164755] MESSAGE_B= 0 0 0 104 0 4 192 64 248 179 0 16 16 16 16 16 16 16 16 0 0 0 0 0 0 0 0 0 0 0 0 0 0 0 0 0 49 0 2 0 0 1 1 1 2 0 4 213786 538657 517570 643084 281246 477944 395626 514282 564374 333122 544470 432882 338980 267484 247784 133566 289800 106064 184558 309764 2073600 2073600 
[14339.431757] MESSAGE_B= 0 0 0 109 1 3 192 64 248 179 0 16 16 16 16 16 16 16 16 0 0 0 0 0 0 0 0 0 0 0 0 0 0 0 0 0 0 0 2 0 0 1 1 2 2 1 3 660079 683748 517570 643084 281246 477944 395626 514282 564374 333122 544470 432882 338980 267484 247784 133566 289800 106064 184558 309764 2073600 2073600 
[14339.698755] MESSAGE_B= 0 0 0 107 3 1 192 64 248 179 0 16 16 16 16 16 16 16 16 0 0 0 0 0 0 0 0 0 0 0 0 0 0 0 242 176 0 0 2 0 0 2 2 2 1 3 1 152192 527662 517570 643084 281246 477944 395626 514282 564374 333122 544470 432882 338980 267484 247784 133566 289800 106064 184558 309764 2073600 2073600 
[14339.966757] MESSAGE_B= 0 0 0 110 3 1 192 64 248 179 0 16 16 16 16 16 16 16 16 0 0 0 0 0 0 0 0 0 0 0 0 0 0 0 241 190 0 0 2 0 0 2 2 2 1 3 1 574183 605281 517570 643084 281246 477944 395626 514282 564374 333122 544470 432882 338980 267484 247784 133566 289800 106064 184558 309764 2073600 2073600 
[14340.234753] MESSAGE_B= 0 0 0 108 2 2 192 64 248 179 0 16 16 16 16 16 16 16 16 0 0 0 0 0 0 0 0 0 0 0 0 0 0 0 236 208 0 0 2 0 0 2 2 2 1 2 2 165961 512227 517570 643084 281246 477944 395626 514282 564374 333122 544470 432882 338980 267484 247784 133566 289800 106064 184558 309764 2073600 2073600 
[14340.502756] MESSAGE_B= 0 0 0 108 3 2 192 64 248 179 0 16 16 16 16 16 16 16 16 0 0 0 0 0 0 0 0 0 0 0 0 0 0 0 228 208 0 0 2 0 0 2 2 2 1 3 2 588264 614413 517570 643084 281246 477944 395626 514282 564374 333122 544470 432882 338980 267484 247784 133566 289800 106064 184558 309764 2073600 2073600 
[14340.649758] MESSAGE_B= 0 0 0 111 2 1 192 64 248 179 0 16 16 16 16 16 16 16 16 0 0 0 0 0 0 0 0 0 0 0 0 0 0 0 228 200 0 0 2 0 0 2 2 2 1 2 1 177463 522292 517570 643084 281246 477944 395626 514282 564374 333122 544470 432882 338980 267484 247784 133566 289800 106064 184558 309764 2073600 2073600 
[14340.917756] MESSAGE_B= 0 0 0 109 3 1 192 64 248 179 0 16 16 16 16 16 16 16 16 0 0 0 0 0 0 0 0 0 0 0 0 0 0 0 222 211 0 0 2 0 0 2 2 2 1 3 1 599825 623738 517570 643084 281246 477944 395626 514282 564374 333122 544470 432882 338980 267484 247784 133566 289800 106064 184558 309764 2073600 2073600 
[14341.185755] MESSAGE_B= 0 0 0 112 4 1 192 64 248 179 0 16 38 16 22 16 16 16 16 0 184 0 53 0 0 0 0 0 0 0 255 0 0 0 213 175 0 0 2 0 0 2 2 2 1 4 1 200056 537425 387488 637364 289166 309770 222154 381132 223596 227056 366740 541456 558380 473798 497304 425136 499490 546548 389530 515600 2073600 2073600 
[14341.453763] MESSAGE_B= 0 0 0 110 2 1 192 64 248 179 0 16 214 16 76 16 16 16 16 0 534 0 152 0 0 0 0 0 0 0 242 0 0 0 140 95 0 0 2 0 0 2 2 2 2 2 1 620422 632909 387488 637364 289166 309770 222154 381132 223596 227056 366740 541456 558380 473798 497304 425136 499490 546548 389530 515600 2073600 2073600 
[14341.721756] MESSAGE_B= 0 0 0 113 2 2 192 64 248 179 0 16 292 16 110 16 16 16 16 0 559 0 185 0 0 0 0 0 0 0 249 0 0 0 0 0 0 0 2 0 0 2 2 2 2 2 2 193038 524604 387488 637364 289166 309770 222154 381132 223596 227056 366740 541456 558380 473798 497304 425136 499490 546548 389530 515600 2073600 2073600 
[14341.989754] MESSAGE_B= 0 0 0 112 3 2 192 64 248 179 0 16 336 16 135 16 16 16 16 0 524 0 192 0 0 0 0 0 0 0 253 0 0 0 0 0 0 0 2 0 0 1 2 2 2 3 2 638014 635380 387488 637364 289166 309770 222154 381132 223596 227056 366740 541456 558380 473798 497304 425136 499490 546548 389530 515600 2073600 2073600 
[14342.136766] MESSAGE_B= 0 0 0 115 3 2 192 64 248 179 0 16 342 16 144 16 16 16 16 0 520 0 197 0 0 0 0 0 0 0 246 0 0 0 0 0 0 0 2 0 0 1 2 2 2 3 2 170366 505313 387488 637364 289166 309770 222154 381132 223596 227056 366740 541456 558380 473798 497304 425136 499490 546548 389530 515600 2073600 2073600 
[14342.404761] MESSAGE_B= 0 0 0 114 2 2 192 64 248 179 0 16 306 16 135 16 16 16 16 0 483 0 177 0 0 0 0 0 0 0 233 0 0 0 0 0 0 0 2 0 0 1 2 2 2 2 2 655606 636980 387488 637364 289166 309770 222154 381132 223596 227056 366740 541456 558380 473798 497304 425136 499490 546548 389530 515600 2073600 2073600 
[14342.672760] MESSAGE_B= 0 0 0 110 2 2 192 64 248 179 0 16 16 16 16 16 16 16 16 0 0 0 0 0 0 0 0 0 0 0 0 0 0 0 0 0 0 0 2 0 0 1 1 1 2 2 2 153395 498672 387488 637364 289166 309770 222154 381132 223596 227056 366740 541456 558380 473798 497304 425136 499490 546548 389530 515600 2073600 2073600 
[14342.940758] MESSAGE_B= 0 0 0 110 1 2 192 64 248 179 0 16 16 16 16 16 16 16 16 0 0 0 0 0 0 0 0 0 0 0 0 0 0 0 0 0 0 0 2 0 0 1 1 1 2 1 2 673990 661863 387488 637364 289166 309770 222154 381132 223596 227056 366740 541456 558380 473798 497304 425136 499490 546548 389530 515600 2073600 2073600 
[14343.207765] MESSAGE_B= 0 0 0 103 1 3 192 64 248 179 0 16 16 16 16 16 16 16 16 0 0 0 0 0 0 0 0 0 0 0 0 0 0 0 0 0 0 0 2 0 0 1 1 1 1 1 3 184746 548598 387488 637364 289166 309770 222154 381132 223596 227056 366740 541456 558380 473798 497304 425136 499490 546548 389530 515600 2073600 2073600 
[14343.474755] MESSAGE_B= 0 0 0 96 1 3 192 64 248 179 0 16 16 16 16 16 16 16 16 0 0 0 0 0 0 0 0 0 0 0 0 0 0 0 0 0 0 0 2 0 0 1 1 1 1 1 3 623783 706762 394440 746886 461462 397862 311936 417756 498308 335604 487236 360510 566608 467356 546220 473770 566380 557262 344986 317084 2073600 2073600 
[14343.742760] MESSAGE_B= 0 0 0 102 1 2 192 64 248 179 0 16 16 16 16 16 16 16 16 0 0 0 0 0 0 0 0 0 0 0 0 0 0 0 0 0 0 0 2 0 0 1 1 1 1 1 2 197480 626138 394440 746886 461462 397862 311936 417756 498308 335604 487236 360510 566608 467356 546220 473770 566380 557262 344986 317084 2073600 2073600 
[14344.009762] MESSAGE_B= 0 0 0 98 1 3 192 64 248 179 0 16 16 16 16 16 16 16 16 0 0 0 0 0 0 0 0 0 0 0 0 0 0 0 0 0 0 0 2 0 0 1 1 1 1 1 3 636822 702320 394440 746886 461462 397862 311936 417756 498308 335604 487236 360510 566608 467356 546220 473770 566380 557262 344986 317084 2073600 2073600 
[14344.155755] MESSAGE_B= 0 0 0 104 1 2 192 64 248 179 0 16 16 16 16 16 16 16 16 0 0 0 0 0 0 0 0 0 0 0 0 0 0 0 0 0 0 0 2 0 0 1 2 1 1 1 2 179054 538251 394440 746886 461462 397862 311936 417756 498308 335604 487236 360510 566608 467356 546220 473770 566380 557262 344986 317084 2073600 2073600 
[14344.422755] MESSAGE_B= 0 0 0 101 2 1 192 64 248 179 0 16 16 16 16 16 16 16 16 0 0 0 0 0 0 0 0 0 0 0 0 0 0 0 235 177 0 0 2 0 0 1 2 2 2 2 1 617049 602680 394440 746886 461462 397862 311936 417756 498308 335604 487236 360510 566608 467356 546220 473770 566380 557262 344986 317084 2073600 2073600 
[14344.690756] MESSAGE_B= 0 0 0 102 3 0 192 64 248 179 0 16 16 16 16 16 16 16 16 0 0 0 0 0 0 0 0 0 0 0 0 0 0 0 233 194 0 0 2 0 0 1 2 2 2 3 0 216413 505780 394440 746886 461462 397862 311936 417756 498308 335604 487236 360510 566608 467356 546220 473770 566380 557262 344986 317084 2073600 2073600 
[14344.958761] MESSAGE_B= 0 0 0 104 2 1 192 64 248 179 0 16 16 16 16 16 16 16 16 0 0 0 0 0 0 0 0 0 0 0 0 0 0 0 232 192 0 0 2 0 0 1 2 2 2 2 1 613260 631669 394440 746886 461462 397862 311936 417756 498308 335604 487236 360510 566608 467356 546220 473770 566380 557262 344986 317084 2073600 2073600 
[14345.226759] MESSAGE_B= 0 0 0 102 3 1 192 64 248 179 0 16 16 16 16 16 16 16 16 0 0 0 0 0 0 0 0 0 0 0 0 0 0 0 232 194 0 0 2 0 0 1 2 2 2 3 1 214529 512010 394440 746886 461462 397862 311936 417756 498308 335604 487236 360510 566608 467356 546220 473770 566380 557262 344986 317084 2073600 2073600 
[14345.494760] MESSAGE_B= 0 0 0 105 3 1 192 64 248 179 0 16 16 16 16 16 16 16 16 0 0 0 0 0 0 0 0 0 0 0 0 0 0 0 237 185 101 0 2 0 0 1 2 2 2 3 1 610739 634063 394440 746886 461462 397862 311936 417756 498308 335604 487236 360510 566608 467356 546220 473770 566380 557262 344986 317084 2073600 2073600 
[14345.762763] MESSAGE_B= 0 0 0 103 2 1 192 64 248 179 0 16 16 16 16 16 16 16 16 0 0 0 0 0 0 0 0 0 0 0 0 0 0 0 234 174 0 0 2 0 0 1 2 2 2 2 1 225267 514113 299618 692584 403928 317364 222436 317252 387170 199308 280480 395132 496412 302850 374286 303908 379352 369566 246212 377370 2073600 2073600 
[14346.015760] MESSAGE_B= 0 0 0 105 2 2 192 64 248 179 0 16 16 16 16 16 16 16 16 0 0 0 0 0 0 0 0 0 0 0 0 0 0 0 227 0 0 0 2 0 0 1 2 2 1 2 2 616523 634816 299618 692584 403928 317364 222436 317252 387170 199308 280480 395132 496412 302850 374286 303908 379352 369566 246212 377370 2073600 2073600 
[14346.283761] MESSAGE_B= 0 0 0 104 3 1 192 64 248 179 0 16 43 16 22 16 16 16 16 0 227 0 53 0 0 0 0 0 0 0 255 0 0 0 0 0 0 0 2 0 0 1 2 2 2 3 1 242787 505773 299618 692584 403928 317364 222436 317252 387170 199308 280480 395132 496412 302850 374286 303908 379352 369566 246212 377370 2073600 2073600 
[14346.430756] MESSAGE_B= 0 0 0 104 2 1 192 64 248 179 0 16 94 16 31 16 16 16 16 0 377 0 76 0 0 0 0 0 0 0 254 0 0 0 0 0 0 0 2 0 0 1 2 2 2 2 1 596081 627456 299618 692584 403928 317364 222436 317252 387170 199308 280480 395132 496412 302850 374286 303908 379352 369566 246212 377370 2073600 2073600 
[14346.698758] MESSAGE_B= 0 0 0 107 2 1 192 64 248 179 0 16 176 16 46 129 352 805 16 0 505 0 97 205 429 880 0 0 0 0 254 222 0 0 29 103 0 0 2 0 0 1 2 2 2 2 1 244264 516961 299618 692584 403928 317364 222436 317252 387170 199308 280480 395132 496412 302850 374286 303908 379352 369566 246212 377370 2073600 2073600 

