[  448.687773] MESSAGE_B= 4 4 0 159 10 1 192 64 248 179 0 2412 2030 2438 2004 2240 2052 2259 2035 161 344 155 346 515 174 517 175 0 31 255 255 255 255 17 76 15 72 0 0 0 0 0 0 0 0 10 1 18601 412088 2 134222 119134 97558 93950 202060 202596 183652 2 2 227582 142050 156490 152320 151422 84766 46402 2 2073600 2073600 
[  448.957779] MESSAGE_B= 4 4 4 153 12 1 192 64 248 179 0 2283 2171 2307 2148 2253 2008 2273 1987 182 304 182 302 482 317 488 321 0 31 255 255 255 255 156 69 160 65 0 0 0 0 0 0 0 0 12 1 7159 617279 720190 10926 2 2 2 2 861920 651612 879218 9126 78102 2 2 2 2 24710 13878 14504 2073600 2073600 
[  449.199766] MESSAGE_B= 4 4 4 157 15 1 192 64 248 179 0 2295 2206 2320 2179 2283 1966 2304 1946 248 280 245 279 541 288 545 289 0 31 255 255 255 255 103 92 105 96 0 0 0 0 0 0 0 0 15 1 7231 445550 720190 10926 2 2 2 2 861920 651612 879218 9126 78102 2 2 2 2 24710 13878 14504 2073600 2073600 
[  449.467768] MESSAGE_B= 4 4 4 156 18 1 192 64 248 179 0 2317 2105 2326 2080 2274 1863 2296 1843 227 297 229 298 552 374 558 371 0 31 254 255 255 255 166 127 150 126 0 0 0 0 0 0 0 0 18 1 8723 592344 720190 10926 2 2 2 2 861920 651612 879218 9126 78102 2 2 2 2 24710 13878 14504 2073600 2073600 
[  449.735765] MESSAGE_B= 4 4 4 141 15 1 192 64 248 179 0 2321 2178 2353 2150 2275 1769 2296 1751 207 227 205 227 508 279 509 278 0 31 255 255 255 255 171 76 174 69 0 0 0 0 0 0 0 0 15 1 15569 460032 720190 10926 2 2 2 2 861920 651612 879218 9126 78102 2 2 2 2 24710 13878 14504 2073600 2073600 
[  450.003768] MESSAGE_B= 4 4 4 146 21 1 192 64 248 179 0 2399 2216 2442 2187 2212 1855 2221 1839 187 195 174 191 541 336 555 336 0 31 249 255 255 255 101 30 87 33 0 0 0 0 0 0 0 0 21 1 16556 670519 720190 10926 2 2 2 2 861920 651612 879218 9126 78102 2 2 2 2 24710 13878 14504 2073600 2073600 
[  450.271803] MESSAGE_B= 4 4 4 142 17 1 192 64 248 179 0 2332 2166 2356 2152 2177 1983 2197 1971 242 279 250 281 558 300 568 290 0 31 255 255 255 255 148 195 140 188 0 0 0 0 0 0 0 0 17 1 13815 491776 720190 10926 2 2 2 2 861920 651612 879218 9126 78102 2 2 2 2 24710 13878 14504 2073600 2073600 
[  450.419043] MESSAGE_B= 4 4 4 146 17 1 192 64 248 179 0 2326 2169 2357 2136 2131 2231 2148 2197 229 322 229 328 519 266 531 245 0 31 255 255 255 255 161 81 151 92 0 0 0 0 0 0 0 0 17 1 27587 691868 720190 10926 2 2 2 2 861920 651612 879218 9126 78102 2 2 2 2 24710 13878 14504 2073600 2073600 
[  450.686779] MESSAGE_B= 4 4 4 147 17 1 192 64 248 179 0 2360 2206 2379 2184 2133 2027 2156 2007 242 343 242 338 501 286 506 285 0 31 254 255 255 255 131 146 130 156 0 0 0 0 0 0 0 0 17 1 17957 419408 720190 10926 2 2 2 2 861920 651612 879218 9126 78102 2 2 2 2 24710 13878 14504 2073600 2073600 
[  450.954772] MESSAGE_B= 4 4 4 142 16 1 192 64 248 179 0 2356 2182 2382 2160 2214 2035 2254 2024 245 245 239 243 426 372 428 371 0 31 255 255 255 255 145 41 152 41 0 0 0 0 0 0 0 0 16 1 27486 641547 720190 10926 2 2 2 2 861920 651612 879218 9126 78102 2 2 2 2 24710 13878 14504 2073600 2073600 
[  451.211764] MESSAGE_B= 4 4 4 135 18 1 192 64 248 179 0 2308 2228 2338 2210 2204 2057 2238 2032 267 258 270 257 479 281 481 291 0 31 255 255 255 254 159 3 153 8 0 0 0 0 0 0 0 0 18 1 20571 393496 861298 949930 1015830 875590 1021466 883470 861508 283252 779366 23892 5518 5496 21506 26308 25192 21496 18458 19382 2073600 2073600 
[  451.482761] MESSAGE_B= 4 4 4 127 20 1 192 64 248 179 0 2422 2233 2429 2208 2239 1939 2216 1928 256 327 319 246 491 373 539 378 0 31 241 246 255 255 75 81 118 32 0 0 0 0 0 0 0 0 20 1 30588 657358 861298 949930 1015830 875590 1021466 883470 861508 283252 779366 23892 5518 5496 21506 26308 25192 21496 18458 19382 2073600 2073600 
[  451.753765] MESSAGE_B= 4 4 4 124 14 0 192 64 248 179 0 2344 2122 2299 2118 2262 1942 2239 1928 220 289 252 265 479 330 523 325 0 31 241 248 254 254 180 199 228 186 0 0 0 0 0 0 0 0 14 0 28608 441295 861298 949930 1015830 875590 1021466 883470 861508 283252 779366 23892 5518 5496 21506 26308 25192 21496 18458 19382 2073600 2073600 
[  452.024762] MESSAGE_B= 4 4 4 114 15 0 192 64 248 179 0 2253 2115 2207 2133 2228 1909 2151 1920 193 278 284 262 498 370 542 352 0 31 255 235 254 255 229 147 239 74 0 0 0 0 0 0 0 0 15 0 45146 535013 861298 949930 1015830 875590 1021466 883470 861508 283252 779366 23892 5518 5496 21506 26308 25192 21496 18458 19382 2073600 2073600 
[  452.295760] MESSAGE_B= 4 4 4 112 12 1 192 64 248 179 0 2318 2140 2333 2126 2360 1991 2395 1976 253 249 245 248 373 278 375 279 0 31 255 255 251 253 128 46 113 26 0 0 0 0 0 0 0 0 12 1 31162 495503 861298 949930 1015830 875590 1021466 883470 861508 283252 779366 23892 5518 5496 21506 26308 25192 21496 18458 19382 2073600 2073600 
[  452.566759] MESSAGE_B= 4 4 4 112 18 2 192 64 248 179 0 1898 2132 1923 2126 1356 1566 1376 1549 306 299 324 273 170 129 167 126 0 31 255 254 255 255 2 167 1 165 0 0 0 0 0 0 0 0 18 2 24865 647730 861298 949930 1015830 875590 1021466 883470 861508 283252 779366 23892 5518 5496 21506 26308 25192 21496 18458 19382 2073600 2073600 
[  452.716761] MESSAGE_B= 4 4 4 123 17 2 192 64 248 179 0 1901 2124 1930 2102 1375 1584 1391 1565 307 303 321 291 165 111 165 119 0 31 255 255 255 255 1 131 3 134 0 0 0 0 0 0 0 0 17 2 15639 460617 861298 949930 1015830 875590 1021466 883470 861508 283252 779366 23892 5518 5496 21506 26308 25192 21496 18458 19382 2073600 2073600 
[  452.987761] MESSAGE_B= 4 4 4 112 16 2 192 64 248 179 0 1911 2097 1939 2074 1502 1591 1534 1562 303 305 315 301 93 86 110 84 0 31 255 255 254 254 50 120 22 144 0 0 0 0 0 0 0 0 16 2 17472 641105 861298 949930 1015830 875590 1021466 883470 861508 283252 779366 23892 5518 5496 21506 26308 25192 21496 18458 19382 2073600 2073600 
[  453.257758] MESSAGE_B= 4 4 4 102 17 2 192 64 248 179 0 1893 2056 1917 2036 1483 1576 1515 1551 266 305 269 296 117 92 118 90 0 31 255 255 254 244 91 126 110 127 0 0 0 0 0 0 0 0 17 2 23032 540404 861298 949930 1015830 875590 1021466 883470 861508 283252 779366 23892 5518 5496 21506 26308 25192 21496 18458 19382 2073600 2073600 
[  453.528760] MESSAGE_B= 4 4 4 104 17 2 192 64 248 179 0 1890 2063 1912 2046 1345 1445 1356 1435 276 292 278 283 240 174 246 160 0 31 253 253 255 255 62 130 61 133 0 0 0 0 0 0 0 0 17 2 22009 472317 717744 627374 677158 869314 675282 729754 697304 616416 1098432 26754 14336 26948 54874 56672 24556 25578 18152 21832 2073600 2073600 
[  453.799760] MESSAGE_B= 4 4 4 105 40 1 192 64 248 179 0 2138 2513 2161 2493 1495 1899 1509 1953 497 479 505 479 361 249 371 281 0 31 255 255 255 253 212 201 210 172 0 0 0 0 0 0 0 0 40 1 15460 467447 717744 627374 677158 869314 675282 729754 697304 616416 1098432 26754 14336 26948 54874 56672 24556 25578 18152 21832 2073600 2073600 
[  454.070769] MESSAGE_B= 4 4 4 175 17 1 192 64 248 179 0 2142 2205 2169 2188 2090 2342 2112 2329 387 510 387 503 464 533 467 525 0 31 255 255 255 255 209 161 218 161 0 0 0 0 0 0 0 0 17 1 18056 484399 717744 627374 677158 869314 675282 729754 697304 616416 1098432 26754 14336 26948 54874 56672 24556 25578 18152 21832 2073600 2073600 
[  454.341759] MESSAGE_B= 4 4 4 210 12 1 192 64 248 179 0 2112 2166 2140 2146 2133 2374 2157 2356 399 535 402 531 487 539 496 530 0 31 255 255 255 255 222 165 221 163 0 0 0 0 0 0 0 0 12 1 21906 479434 717744 627374 677158 869314 675282 729754 697304 616416 1098432 26754 14336 26948 54874 56672 24556 25578 18152 21832 2073600 2073600 
[  454.612761] MESSAGE_B= 7 4 4 212 10 1 192 64 248 179 0 2103 2161 2133 2140 2132 2377 2157 2360 410 542 407 539 488 533 492 525 0 31 255 255 255 255 219 167 228 164 0 0 0 0 0 0 0 0 10 1 19115 391886 717744 627374 677158 869314 675282 729754 697304 616416 1098432 26754 14336 26948 54874 56672 24556 25578 18152 21832 2073600 2073600 
[  454.762760] MESSAGE_B= 7 4 4 213 10 1 192 64 248 179 0 2099 2157 2129 2137 2129 2374 2154 2358 411 544 409 540 488 538 495 528 0 31 255 255 255 255 225 165 228 165 0 0 0 0 0 0 0 0 10 1 11012 726434 717744 627374 677158 869314 675282 729754 697304 616416 1098432 26754 14336 26948 54874 56672 24556 25578 18152 21832 2073600 2073600 
[  455.033759] MESSAGE_B= 4 4 4 114 108 1 192 64 248 179 0 1430 2220 1412 2205 1977 1715 2003 1714 123 236 129 239 541 250 556 226 0 31 255 255 255 255 142 175 125 163 0 0 0 0 0 0 0 0 108 1 21481 381026 717744 627374 677158 869314 675282 729754 697304 616416 1098432 26754 14336 26948 54874 56672 24556 25578 18152 21832 2073600 2073600 
[  455.305759] MESSAGE_B= 4 4 4 113 97 1 192 64 248 179 0 1435 2225 1417 2212 1971 1722 1998 1721 125 235 127 248 531 248 546 221 0 31 255 255 255 255 131 187 122 167 0 0 0 0 0 0 0 0 97 1 32742 421602 717744 627374 677158 869314 675282 729754 697304 616416 1098432 26754 14336 26948 54874 56672 24556 25578 18152 21832 2073600 2073600 
[  455.576761] MESSAGE_B= 4 4 4 114 82 1 192 64 248 179 0 1426 2224 1409 2211 1977 1723 2004 1725 111 240 106 244 515 255 531 225 0 31 255 255 255 255 150 163 152 164 0 0 0 0 0 0 0 0 82 1 42105 608942 717744 627374 677158 869314 675282 729754 697304 616416 1098432 26754 14336 26948 54874 56672 24556 25578 18152 21832 2073600 2073600 
[  455.847762] MESSAGE_B= 4 4 4 114 89 1 192 64 248 179 0 1393 2242 1375 2231 1974 1745 2000 1743 131 258 132 265 509 275 524 251 0 31 255 255 255 255 188 169 180 164 0 0 0 0 0 0 0 0 89 1 33357 422679 762154 303734 579208 329306 461808 530464 1412686 592056 647360 48026 10860 6274 10626 8084 7820 63178 71708 45458 2073600 2073600 
[  456.118760] MESSAGE_B= 4 4 4 114 84 1 192 64 248 179 0 1424 2240 1407 2229 1974 1752 2003 1750 166 259 161 267 527 273 537 251 0 31 255 255 255 255 157 174 166 167 0 0 0 0 0 0 0 0 84 1 41309 621670 762154 303734 579208 329306 461808 530464 1412686 592056 647360 48026 10860 6274 10626 8084 7820 63178 71708 45458 2073600 2073600 
[  456.389764] MESSAGE_B= 4 4 4 119 87 1 192 64 248 179 0 1445 2243 1428 2233 1980 1750 2007 1746 104 264 105 271 542 274 557 254 0 31 255 255 255 254 126 172 114 163 0 0 0 0 0 0 0 0 87 1 36413 457646 762154 303734 579208 329306 461808 530464 1412686 592056 647360 48026 10860 6274 10626 8084 7820 63178 71708 45458 2073600 2073600 
[  456.660763] MESSAGE_B= 4 4 4 158 23 1 192 64 248 179 0 2910 3568 2878 3627 2592 1673 2581 1621 408 241 432 176 880 947 866 943 0 22 253 240 254 255 83 1 98 34 0 0 0 0 0 2 0 2 23 1 43355 572211 762154 303734 579208 329306 461808 530464 1412686 592056 647360 48026 10860 6274 10626 8084 7820 63178 71708 45458 2073600 2073600 
[  456.810763] MESSAGE_B= 4 4 4 139 25 1 192 64 248 179 0 2924 3592 2908 3662 2448 1677 2444 1614 430 200 468 127 897 908 879 896 0 22 249 220 253 255 135 57 170 131 0 0 0 0 0 2 0 2 25 1 28873 649894 762154 303734 579208 329306 461808 530464 1412686 592056 647360 48026 10860 6274 10626 8084 7820 63178 71708 45458 2073600 2073600 
[  457.081762] MESSAGE_B= 4 4 4 129 20 1 192 64 248 179 0 2988 3598 2943 3675 2317 1734 2360 1664 404 206 454 146 903 920 942 904 0 22 249 211 250 255 143 12 166 134 0 0 0 0 0 2 0 2 20 1 15284 663330 762154 303734 579208 329306 461808 530464 1412686 592056 647360 48026 10860 6274 10626 8084 7820 63178 71708 45458 2073600 2073600 
[  457.352761] MESSAGE_B= 4 4 4 128 18 1 192 64 248 179 0 2978 3589 2938 3672 2276 1733 2339 1667 401 201 455 132 895 927 942 912 0 22 249 205 250 255 148 22 168 105 0 0 0 0 0 2 0 2 18 1 32467 527530 762154 303734 579208 329306 461808 530464 1412686 592056 647360 48026 10860 6274 10626 8084 7820 63178 71708 45458 2073600 2073600 
[  457.623759] MESSAGE_B= 4 4 4 129 8 1 192 64 248 179 0 3010 3587 2971 3671 2312 1728 2373 1659 393 207 447 147 832 924 839 910 0 22 250 207 254 255 132 21 153 116 0 0 0 0 0 2 0 2 8 1 23650 708359 762154 303734 579208 329306 461808 530464 1412686 592056 647360 48026 10860 6274 10626 8084 7820 63178 71708 45458 2073600 2073600 
[  457.893760] MESSAGE_B= 4 4 4 127 24 2 192 64 248 179 0 3127 3345 3086 3380 1913 1538 1896 1534 368 451 364 444 879 613 790 619 0 22 251 253 252 255 226 118 223 81 0 0 0 0 2 2 2 2 24 2 32423 522398 762154 303734 579208 329306 461808 530464 1412686 592056 647360 48026 10860 6274 10626 8084 7820 63178 71708 45458 2073600 2073600 
[  458.164764] MESSAGE_B= 4 4 4 199 92 1 192 64 248 179 0 2344 1285 2332 1279 2538 2603 2548 2604 492 318 519 310 521 424 533 420 0 20 254 255 255 255 186 230 175 229 0 0 0 0 2 2 2 2 92 1 47178 706772 708456 888808 1027756 711936 1166316 598808 821468 1181248 981530 38882 44896 50282 23010 18088 14396 16554 10356 15954 2073600 2073600 
[  458.436763] MESSAGE_B= 4 4 4 154 45 1 192 64 248 179 0 2143 1399 2163 1393 2055 2360 2044 2360 274 278 284 285 425 396 418 401 0 31 255 255 255 255 120 102 144 111 0 0 0 0 0 0 0 0 45 1 16012 576569 708456 888808 1027756 711936 1166316 598808 821468 1181248 981530 38882 44896 50282 23010 18088 14396 16554 10356 15954 2073600 2073600 
[  458.707758] MESSAGE_B= 4 4 4 153 34 2 192 64 248 179 0 2172 1304 2187 1302 2124 2345 2117 2338 341 261 351 244 368 371 353 370 0 31 254 255 255 255 165 77 194 94 0 0 0 0 0 0 0 0 34 2 35787 499219 708456 888808 1027756 711936 1166316 598808 821468 1181248 981530 38882 44896 50282 23010 18088 14396 16554 10356 15954 2073600 2073600 
[  458.857764] MESSAGE_B= 4 4 4 156 40 3 192 64 248 179 0 2196 1275 2214 1268 2127 2341 2121 2332 318 256 334 245 358 359 341 369 0 31 254 255 255 255 173 81 200 86 0 0 0 0 0 0 0 0 40 3 12719 776573 708456 888808 1027756 711936 1166316 598808 821468 1181248 981530 38882 44896 50282 23010 18088 14396 16554 10356 15954 2073600 2073600 
[  459.128763] MESSAGE_B= 4 4 4 154 36 2 192 64 248 179 0 2230 1322 2243 1315 2123 2337 2113 2332 368 260 379 250 363 355 347 360 0 31 255 255 255 255 188 115 206 118 0 0 0 0 0 0 0 0 36 2 32784 520283 708456 888808 1027756 711936 1166316 598808 821468 1181248 981530 38882 44896 50282 23010 18088 14396 16554 10356 15954 2073600 2073600 
[  459.399758] MESSAGE_B= 4 4 4 155 39 2 192 64 248 179 0 2214 1313 2228 1308 2121 2334 2111 2328 360 262 375 246 362 348 344 358 0 31 255 255 255 255 187 91 204 99 0 0 0 0 0 0 0 0 39 2 13949 827970 708456 888808 1027756 711936 1166316 598808 821468 1181248 981530 38882 44896 50282 23010 18088 14396 16554 10356 15954 2073600 2073600 
[  459.670760] MESSAGE_B= 4 4 4 156 40 2 192 64 248 179 0 2213 1316 2228 1311 2125 2336 2115 2331 357 256 373 243 359 354 342 361 0 31 255 255 255 255 192 75 211 81 0 0 0 0 0 0 0 0 40 2 33848 540660 708456 888808 1027756 711936 1166316 598808 821468 1181248 981530 38882 44896 50282 23010 18088 14396 16554 10356 15954 2073600 2073600 
[  459.941758] MESSAGE_B= 4 4 4 173 17 0 192 64 248 179 0 2244 2426 2264 2400 1784 2004 1796 1988 289 390 291 379 501 497 505 484 0 31 255 255 255 255 190 228 191 233 0 0 0 0 0 0 0 0 17 0 14553 833223 708456 888808 1027756 711936 1166316 598808 821468 1181248 981530 38882 44896 50282 23010 18088 14396 16554 10356 15954 2073600 2073600 
[  460.212767] MESSAGE_B= 4 4 4 173 6 1 192 64 248 179 0 2146 2261 2160 2224 1763 2018 1778 1994 314 388 320 388 402 420 382 422 0 31 255 255 254 255 184 214 169 194 0 0 0 0 0 0 0 0 6 1 23361 795042 708456 888808 1027756 711936 1166316 598808 821468 1181248 981530 38882 44896 50282 23010 18088 14396 16554 10356 15954 2073600 2073600 
[  460.483758] MESSAGE_B= 7 4 4 184 7 1 192 64 248 179 0 2120 2255 2136 2218 1806 2040 1815 2019 306 383 308 378 559 486 573 473 0 31 255 254 255 255 216 213 220 201 0 0 0 0 0 0 0 0 7 1 45028 607092 689682 811508 1113574 984942 1013830 1048058 1008898 979186 763452 21272 6378 4152 23726 29204 27744 27500 42730 28038 2073600 2073600 
[  460.754759] MESSAGE_B= 7 4 4 184 7 1 192 64 248 179 0 2155 2267 2170 2226 1788 2023 1791 2005 308 392 305 387 540 477 556 463 0 31 255 254 255 255 210 216 222 207 0 0 0 0 0 0 0 0 7 1 32512 666805 689682 811508 1113574 984942 1013830 1048058 1008898 979186 763452 21272 6378 4152 23726 29204 27744 27500 42730 28038 2073600 2073600 
[  460.904759] MESSAGE_B= 7 4 4 186 7 1 192 64 248 179 0 2140 2296 2167 2246 1725 1994 1730 1974 279 404 277 405 548 474 561 462 0 31 255 255 255 255 229 212 233 202 0 0 0 0 0 0 0 0 7 1 23154 583277 689682 811508 1113574 984942 1013830 1048058 1008898 979186 763452 21272 6378 4152 23726 29204 27744 27500 42730 28038 2073600 2073600 
[  461.175757] MESSAGE_B= 4 4 4 180 7 1 192 64 248 179 0 2205 2273 2222 2229 1717 1974 1718 1957 280 367 282 372 514 464 527 452 0 31 255 254 255 255 219 195 226 180 0 0 0 0 0 0 0 0 7 1 34833 681235 689682 811508 1113574 984942 1013830 1048058 1008898 979186 763452 21272 6378 4152 23726 29204 27744 27500 42730 28038 2073600 2073600 
[  461.446763] MESSAGE_B= 4 4 4 180 7 0 192 64 248 179 0 2237 2348 2258 2299 1618 1878 1617 1865 239 351 245 361 425 372 436 362 0 31 255 255 255 255 197 178 198 160 0 0 0 0 0 0 0 0 7 0 24265 480333 689682 811508 1113574 984942 1013830 1048058 1008898 979186 763452 21272 6378 4152 23726 29204 27744 27500 42730 28038 2073600 2073600 
[  461.717760] MESSAGE_B= 4 4 4 178 7 0 192 64 248 179 0 2238 2411 2255 2358 1618 1864 1618 1853 212 336 221 350 391 349 403 334 0 31 255 254 255 255 197 193 189 173 0 0 0 0 0 0 0 0 7 0 25583 776245 689682 811508 1113574 984942 1013830 1048058 1008898 979186 763452 21272 6378 4152 23726 29204 27744 27500 42730 28038 2073600 2073600 
[  461.988765] MESSAGE_B= 4 4 4 178 6 4 192 64 248 179 0 2229 2421 2247 2370 1590 1843 1588 1831 209 342 211 345 365 315 373 308 0 31 255 254 255 255 178 185 189 171 0 0 0 0 0 0 0 0 6 4 24194 380087 689682 811508 1113574 984942 1013830 1048058 1008898 979186 763452 21272 6378 4152 23726 29204 27744 27500 42730 28038 2073600 2073600 
[  462.259758] MESSAGE_B= 4 4 4 179 6 0 192 64 248 179 0 2243 2376 2270 2335 1583 1844 1580 1829 210 286 205 306 330 289 337 278 0 31 255 254 255 255 171 101 183 76 0 0 0 0 0 0 0 0 6 0 26005 769807 689682 811508 1113574 984942 1013830 1048058 1008898 979186 763452 21272 6378 4152 23726 29204 27744 27500 42730 28038 2073600 2073600 
[  462.530758] MESSAGE_B= 4 4 4 179 7 1 192 64 248 179 0 2242 2385 2260 2339 1529 1815 1527 1801 205 229 205 247 313 276 315 263 0 31 255 252 255 255 153 75 161 79 0 0 0 0 0 0 0 0 7 1 28193 390330 689682 811508 1113574 984942 1013830 1048058 1008898 979186 763452 21272 6378 4152 23726 29204 27744 27500 42730 28038 2073600 2073600 
[  462.801764] MESSAGE_B= 4 4 4 171 7 1 192 64 248 179 0 2316 2312 2333 2285 1584 1818 1581 1793 208 296 201 284 303 264 306 254 0 31 255 255 255 255 160 7 166 0 0 0 0 0 0 0 0 0 7 1 31021 765952 1096582 534530 699802 728840 661536 905296 479630 305150 1080138 30484 7720 13336 28128 31208 28696 31812 15384 38446 2073600 2073600 
[  462.950757] MESSAGE_B= 4 4 4 173 7 1 192 64 248 179 0 2317 2251 2334 2226 1578 1698 1575 1670 192 225 198 217 296 358 304 343 0 31 255 255 255 255 176 88 157 86 0 0 0 0 0 0 0 0 7 1 25198 540097 1096582 534530 699802 728840 661536 905296 479630 305150 1080138 30484 7720 13336 28128 31208 28696 31812 15384 38446 2073600 2073600 
[  463.221758] MESSAGE_B= 4 4 4 170 7 1 192 64 248 179 0 2315 2233 2334 2209 1583 1712 1580 1701 198 260 199 256 292 358 297 347 0 31 255 254 255 255 172 26 172 35 0 0 0 0 0 0 0 0 7 1 23601 635118 1096582 534530 699802 728840 661536 905296 479630 305150 1080138 30484 7720 13336 28128 31208 28696 31812 15384 38446 2073600 2073600 
[  463.492761] MESSAGE_B= 4 4 4 179 10 0 192 64 248 179 0 2233 2533 2251 2503 1679 1869 1680 1842 277 302 280 298 424 342 431 339 0 31 255 255 255 255 227 173 234 179 0 0 0 0 0 0 0 0 10 0 34626 542460 1096582 534530 699802 728840 661536 905296 479630 305150 1080138 30484 7720 13336 28128 31208 28696 31812 15384 38446 2073600 2073600 
[  463.763758] MESSAGE_B= 4 4 4 180 6 1 192 64 248 179 0 2080 2233 2091 2202 1914 2012 1921 1991 378 420 387 412 604 377 616 376 0 31 255 255 255 255 241 209 244 202 0 0 0 0 0 0 0 0 6 1 19627 806065 1096582 534530 699802 728840 661536 905296 479630 305150 1080138 30484 7720 13336 28128 31208 28696 31812 15384 38446 2073600 2073600 
[  464.034759] MESSAGE_B= 4 4 4 180 6 1 192 64 248 179 0 2089 2263 2101 2219 1949 2023 1956 2003 372 442 381 423 580 387 594 392 0 31 255 255 255 255 241 225 240 218 0 0 0 0 0 0 0 0 6 1 20985 587796 1096582 534530 699802 728840 661536 905296 479630 305150 1080138 30484 7720 13336 28128 31208 28696 31812 15384 38446 2073600 2073600 
[  464.305759] MESSAGE_B= 7 4 4 183 6 2 192 64 248 179 0 2077 2222 2089 2184 1922 2036 1932 2017 386 460 391 451 640 378 649 375 0 31 255 255 255 255 243 213 246 215 0 0 0 0 0 0 0 0 6 2 38912 604949 1096582 534530 699802 728840 661536 905296 479630 305150 1080138 30484 7720 13336 28128 31208 28696 31812 15384 38446 2073600 2073600 
[  464.576760] MESSAGE_B= 4 4 4 179 6 2 192 64 248 179 0 2063 2230 2075 2186 1923 2035 1928 2015 396 448 404 433 632 387 645 390 0 31 255 255 255 255 244 214 242 214 0 0 0 0 0 0 0 0 6 2 18057 706250 1096582 534530 699802 728840 661536 905296 479630 305150 1080138 30484 7720 13336 28128 31208 28696 31812 15384 38446 2073600 2073600 
[  464.847762] MESSAGE_B= 4 4 4 179 6 2 192 64 248 179 0 2077 2256 2089 2213 1917 2024 1926 2011 382 440 389 436 623 400 634 393 0 31 255 255 255 255 240 225 243 216 0 0 0 0 0 0 0 0 6 2 36400 587568 1096582 534530 699802 728840 661536 905296 479630 305150 1080138 30484 7720 13336 28128 31208 28696 31812 15384 38446 2073600 2073600 
[  464.997765] MESSAGE_B= 4 4 4 180 6 2 192 64 248 179 0 2080 2260 2092 2216 1922 2013 1928 2001 374 453 383 435 620 404 632 394 0 31 255 255 255 255 246 223 246 228 0 0 0 0 0 0 0 0 6 2 19690 702920 622476 372426 540760 1076446 708368 711206 792072 354754 649436 22068 13796 22582 32544 23862 19568 25462 17102 18464 2073600 2073600 
[  465.268768] MESSAGE_B= 4 4 4 181 6 2 192 64 248 179 0 2087 2263 2097 2219 1922 2016 1930 2002 373 444 387 433 620 412 632 407 0 31 255 255 255 255 244 226 238 223 0 0 0 0 0 0 0 0 6 2 40199 609069 622476 372426 540760 1076446 708368 711206 792072 354754 649436 22068 13796 22582 32544 23862 19568 25462 17102 18464 2073600 2073600 
[  465.539762] MESSAGE_B= 4 4 4 178 6 1 192 64 248 179 0 2077 2245 2087 2202 1920 2022 1926 2009 376 444 385 434 620 409 634 403 0 31 255 255 255 255 236 223 236 223 0 0 0 0 0 0 0 0 6 1 17709 709582 622476 372426 540760 1076446 708368 711206 792072 354754 649436 22068 13796 22582 32544 23862 19568 25462 17102 18464 2073600 2073600 
[  465.810768] MESSAGE_B= 4 4 4 179 6 2 192 64 248 179 0 2077 2250 2087 2206 1918 2028 1924 2011 373 438 385 431 626 400 640 399 0 31 255 255 255 255 240 223 238 213 0 0 0 0 0 0 0 0 6 2 38386 609839 622476 372426 540760 1076446 708368 711206 792072 354754 649436 22068 13796 22582 32544 23862 19568 25462 17102 18464 2073600 2073600 
[  466.081763] MESSAGE_B= 4 4 4 180 6 1 192 64 248 179 0 2074 2245 2083 2202 1913 2006 1920 1997 374 444 385 433 626 420 639 411 0 31 255 255 255 255 243 221 240 222 0 0 0 0 0 0 0 0 6 1 18271 712806 622476 372426 540760 1076446 708368 711206 792072 354754 649436 22068 13796 22582 32544 23862 19568 25462 17102 18464 2073600 2073600 
[  466.352764] MESSAGE_B= 4 4 4 178 6 2 192 64 248 179 0 2063 2249 2076 2205 1922 2018 1928 2001 380 443 384 430 616 375 630 373 0 31 255 255 255 255 239 214 242 209 0 0 0 0 0 0 0 0 6 2 41260 600715 622476 372426 540760 1076446 708368 711206 792072 354754 649436 22068 13796 22582 32544 23862 19568 25462 17102 18464 2073600 2073600 
[  466.623765] MESSAGE_B= 4 4 4 133 10 1 192 64 248 179 0 2092 2421 2077 2422 1507 1744 1518 1728 366 498 355 495 208 167 201 188 0 31 255 255 255 255 87 22 83 28 0 0 0 0 0 0 0 0 10 1 17070 718890 622476 372426 540760 1076446 708368 711206 792072 354754 649436 22068 13796 22582 32544 23862 19568 25462 17102 18464 2073600 2073600 
[  466.894763] MESSAGE_B= 4 4 4 131 11 1 192 64 248 179 0 2140 2473 2134 2472 1555 1679 1573 1670 350 463 341 470 180 259 170 263 0 31 255 255 255 255 182 43 182 51 0 0 0 0 0 0 0 0 11 1 44229 618001 622476 372426 540760 1076446 708368 711206 792072 354754 649436 22068 13796 22582 32544 23862 19568 25462 17102 18464 2073600 2073600 
[  467.044765] MESSAGE_B= 4 4 4 137 10 1 192 64 248 179 0 2091 2472 2081 2474 1577 1632 1590 1630 368 466 360 482 186 253 176 260 0 31 255 255 255 255 82 85 87 81 0 0 0 0 0 0 0 0 10 1 25657 331041 622476 372426 540760 1076446 708368 711206 792072 354754 649436 22068 13796 22582 32544 23862 19568 25462 17102 18464 2073600 2073600 
[  467.315763] MESSAGE_B= 4 4 4 127 11 1 192 64 248 179 0 2099 2414 2089 2411 1551 1663 1563 1649 324 499 323 491 206 216 202 220 0 31 255 255 255 255 7 22 6 32 0 0 0 0 0 0 0 0 11 1 47445 760357 981826 599174 833670 588568 746844 727590 777740 598934 1075466 32396 12632 12952 24462 26198 20982 21600 23290 28422 2073600 2073600 
[  467.586766] MESSAGE_B= 4 4 4 131 10 1 192 64 248 179 0 2075 2384 2063 2382 1550 1697 1560 1684 363 525 361 509 226 204 218 207 0 31 255 255 255 255 46 1 42 14 0 0 0 0 0 0 0 0 10 1 38973 291892 981826 599174 833670 588568 746844 727590 777740 598934 1075466 32396 12632 12952 24462 26198 20982 21600 23290 28422 2073600 2073600 
[  467.857767] MESSAGE_B= 4 4 4 132 11 1 192 64 248 179 0 2099 2408 2087 2404 1523 1682 1533 1669 329 510 328 502 248 206 241 219 0 31 254 255 255 255 23 29 13 35 0 0 0 0 0 0 0 0 11 1 39665 735743 981826 599174 833670 588568 746844 727590 777740 598934 1075466 32396 12632 12952 24462 26198 20982 21600 23290 28422 2073600 2073600 
[  468.128772] MESSAGE_B= 4 4 4 133 65 0 192 64 248 179 0 1035 2211 1039 2203 2212 1790 2209 1802 156 280 142 277 477 387 474 398 0 31 255 255 255 255 159 134 140 142 0 0 0 0 0 0 0 0 65 0 20368 325523 981826 599174 833670 588568 746844 727590 777740 598934 1075466 32396 12632 12952 24462 26198 20982 21600 23290 28422 2073600 2073600 
[  468.399771] MESSAGE_B= 4 4 4 150 63 1 192 64 248 179 0 1063 2210 1068 2202 2189 1790 2187 1801 202 285 190 278 492 388 482 400 0 31 255 255 255 255 97 130 84 141 0 0 0 0 0 0 0 0 63 1 42604 702160 981826 599174 833670 588568 746844 727590 777740 598934 1075466 32396 12632 12952 24462 26198 20982 21600 23290 28422 2073600 2073600 
[  468.670770] MESSAGE_B= 4 4 4 149 53 1 192 64 248 179 0 1059 2207 1061 2203 2248 1792 2245 1804 177 290 169 276 440 388 432 401 0 31 255 255 255 255 116 132 103 144 0 0 0 0 0 0 0 0 53 1 12473 571920 981826 599174 833670 588568 746844 727590 777740 598934 1075466 32396 12632 12952 24462 26198 20982 21600 23290 28422 2073600 2073600 
[  468.941761] MESSAGE_B= 4 4 4 148 55 1 192 64 248 179 0 1057 2189 1059 2184 2212 1792 2210 1804 204 290 202 280 474 391 468 403 0 31 255 255 255 255 102 131 80 139 0 0 0 0 0 0 0 0 55 1 24213 487380 981826 599174 833670 588568 746844 727590 777740 598934 1075466 32396 12632 12952 24462 26198 20982 21600 23290 28422 2073600 2073600 
[  469.091765] MESSAGE_B= 4 4 4 148 50 1 192 64 248 179 0 996 2179 997 2172 2194 1786 2193 1797 137 298 124 289 450 390 439 406 0 31 255 255 255 255 215 143 207 140 0 0 0 0 0 0 0 0 50 1 12267 564942 981826 599174 833670 588568 746844 727590 777740 598934 1075466 32396 12632 12952 24462 26198 20982 21600 23290 28422 2073600 2073600 
[  469.362764] MESSAGE_B= 4 4 4 133 11 1 192 64 248 179 0 2085 2436 2079 2430 1512 1674 1514 1676 375 488 367 490 221 206 212 212 0 31 255 255 255 255 143 123 155 108 0 0 0 0 0 0 0 0 11 1 24731 494077 981826 599174 833670 588568 746844 727590 777740 598934 1075466 32396 12632 12952 24462 26198 20982 21600 23290 28422 2073600 2073600 
[  469.633766] MESSAGE_B= 4 4 4 133 10 1 192 64 248 179 0 2113 2438 2112 2426 1511 1640 1518 1640 351 501 340 498 214 203 209 212 0 31 255 255 255 255 154 124 160 102 0 0 0 0 0 0 0 0 10 1 17783 379243 902930 329514 629684 854308 592808 741690 1278806 811768 654234 22804 20632 28216 23840 23200 26008 22532 18978 23298 2073600 2073600 
[  469.904765] MESSAGE_B= 4 4 4 133 10 1 192 64 248 179 0 2095 2431 2089 2425 1529 1651 1538 1651 353 509 352 498 211 214 206 209 0 31 255 255 255 255 169 121 179 114 0 0 0 0 0 0 0 0 10 1 33980 763554 902930 329514 629684 854308 592808 741690 1278806 811768 654234 22804 20632 28216 23840 23200 26008 22532 18978 23298 2073600 2073600 
[  470.175762] MESSAGE_B= 4 4 4 130 10 1 192 64 248 179 0 2091 2426 2085 2419 1537 1652 1547 1650 347 509 353 499 209 212 205 216 0 31 255 255 255 255 169 115 168 98 0 0 0 0 0 0 0 0 10 1 15972 468419 902930 329514 629684 854308 592808 741690 1278806 811768 654234 22804 20632 28216 23840 23200 26008 22532 18978 23298 2073600 2073600 
[  470.446765] MESSAGE_B= 4 4 4 129 10 1 192 64 248 179 0 2089 2429 2085 2420 1539 1654 1550 1652 346 507 345 500 204 212 205 214 0 31 255 255 255 255 170 117 167 100 0 0 0 0 0 0 0 0 10 1 37984 770641 902930 329514 629684 854308 592808 741690 1278806 811768 654234 22804 20632 28216 23840 23200 26008 22532 18978 23298 2073600 2073600 
[  470.717765] MESSAGE_B= 4 4 4 128 10 1 192 64 248 179 0 2081 2424 2076 2416 1534 1648 1545 1647 344 509 345 497 210 220 204 220 0 31 255 255 255 255 158 104 164 93 0 0 0 0 0 0 0 0 10 1 17499 385782 902930 329514 629684 854308 592808 741690 1278806 811768 654234 22804 20632 28216 23840 23200 26008 22532 18978 23298 2073600 2073600 
[  470.988773] MESSAGE_B= 4 4 4 129 10 1 192 64 248 179 0 2070 2425 2067 2417 1529 1641 1540 1638 350 509 353 499 205 212 196 219 0 31 255 255 255 255 160 114 171 95 0 0 0 0 0 0 0 0 10 1 37418 756604 902930 329514 629684 854308 592808 741690 1278806 811768 654234 22804 20632 28216 23840 23200 26008 22532 18978 23298 2073600 2073600 
[  471.138762] MESSAGE_B= 4 4 4 129 10 1 192 64 248 179 0 2082 2428 2081 2416 1545 1654 1560 1647 339 499 333 496 188 201 173 210 0 31 255 255 255 255 131 106 144 90 0 0 0 0 0 0 0 0 10 1 20003 398895 902930 329514 629684 854308 592808 741690 1278806 811768 654234 22804 20632 28216 23840 23200 26008 22532 18978 23298 2073600 2073600 
[  471.409761] MESSAGE_B= 4 4 4 129 11 1 192 64 248 179 0 2075 2415 2065 2411 1509 1652 1519 1650 330 487 332 486 210 209 204 215 0 31 255 255 255 255 179 111 180 99 0 0 0 0 0 0 0 0 11 1 41656 766127 902930 329514 629684 854308 592808 741690 1278806 811768 654234 22804 20632 28216 23840 23200 26008 22532 18978 23298 2073600 2073600 
[  471.680770] MESSAGE_B= 4 4 4 151 63 1 192 64 248 179 0 989 2197 989 2193 2145 1806 2142 1816 138 292 128 286 509 382 500 397 0 31 255 255 255 255 222 156 206 156 0 0 0 0 0 0 0 0 63 1 24029 384452 902930 329514 629684 854308 592808 741690 1278806 811768 654234 22804 20632 28216 23840 23200 26008 22532 18978 23298 2073600 2073600 
[  471.951767] MESSAGE_B= 4 4 4 149 59 1 192 64 248 179 0 1018 2194 1020 2190 2177 1802 2174 1813 149 291 139 284 502 384 497 394 0 31 255 255 255 255 174 157 152 163 0 0 0 0 0 0 0 0 59 1 22872 478926 698016 357750 531034 874882 1014714 1024498 443854 634608 1039966 26882 14784 22892 22598 26374 21236 25068 26232 27076 2073600 2073600 
[  472.223763] MESSAGE_B= 4 4 4 151 51 1 192 64 248 179 0 1051 2197 1052 2193 2182 1805 2179 1816 193 292 189 281 521 382 514 393 0 31 255 255 255 255 111 155 90 167 0 0 0 0 0 0 0 0 51 1 13930 590092 698016 357750 531034 874882 1014714 1024498 443854 634608 1039966 26882 14784 22892 22598 26374 21236 25068 26232 27076 2073600 2073600 
[  472.494762] MESSAGE_B= 4 4 4 150 53 1 192 64 248 179 0 1028 2196 1030 2193 2197 1799 2195 1809 176 292 169 282 490 383 484 394 0 31 254 255 255 255 136 147 116 157 0 0 0 0 0 0 0 0 53 1 25013 503857 698016 357750 531034 874882 1014714 1024498 443854 634608 1039966 26882 14784 22892 22598 26374 21236 25068 26232 27076 2073600 2073600 
[  472.765765] MESSAGE_B= 4 4 4 151 52 0 192 64 248 179 0 1079 2199 1081 2196 2210 1801 2209 1811 206 294 206 280 519 381 509 398 0 31 255 255 255 255 81 149 64 151 0 0 0 0 0 0 0 0 52 0 13216 579795 698016 357750 531034 874882 1014714 1024498 443854 634608 1039966 26882 14784 22892 22598 26374 21236 25068 26232 27076 2073600 2073600 
[  473.036775] MESSAGE_B= 4 4 4 150 52 0 192 64 248 179 0 1061 2200 1061 2196 2201 1801 2198 1811 199 292 199 283 513 382 506 397 0 31 255 255 255 255 107 149 84 150 0 0 0 0 0 0 0 0 52 0 23064 510210 698016 357750 531034 874882 1014714 1024498 443854 634608 1039966 26882 14784 22892 22598 26374 21236 25068 26232 27076 2073600 2073600 
[  473.186774] MESSAGE_B= 4 4 4 150 49 1 192 64 248 179 0 1056 2195 1057 2191 2206 1794 2204 1804 204 292 202 282 511 384 502 399 0 31 255 255 255 255 103 149 86 151 0 0 0 0 0 0 0 0 49 1 12485 568467 698016 357750 531034 874882 1014714 1024498 443854 634608 1039966 26882 14784 22892 22598 26374 21236 25068 26232 27076 2073600 2073600 
[  473.457759] MESSAGE_B= 4 4 4 149 55 1 192 64 248 179 0 1048 2202 1048 2198 2188 1798 2187 1809 182 287 178 282 535 382 525 395 0 31 255 255 255 255 122 143 102 143 0 0 0 0 0 0 0 0 55 1 22854 497040 698016 357750 531034 874882 1014714 1024498 443854 634608 1039966 26882 14784 22892 22598 26374 21236 25068 26232 27076 2073600 2073600 
[  473.729763] MESSAGE_B= 4 4 4 150 51 1 192 64 248 179 0 1027 2203 1029 2196 2175 1804 2171 1815 161 280 150 277 531 384 524 396 0 31 255 255 255 255 152 124 140 123 0 0 0 0 0 0 0 0 51 1 12907 573414 698016 357750 531034 874882 1014714 1024498 443854 634608 1039966 26882 14784 22892 22598 26374 21236 25068 26232 27076 2073600 2073600 
[  474.000763] MESSAGE_B= 4 4 4 151 53 1 192 64 248 179 0 1041 2189 1042 2180 2182 1807 2180 1818 171 287 162 278 499 382 490 397 0 31 255 255 255 255 129 129 115 126 0 0 0 0 0 0 0 0 53 1 24088 508424 698016 357750 531034 874882 1014714 1024498 443854 634608 1039966 26882 14784 22892 22598 26374 21236 25068 26232 27076 2073600 2073600 
[  474.271761] MESSAGE_B= 4 4 4 151 53 1 192 64 248 179 0 1044 2189 1046 2183 2202 1814 2200 1825 165 296 157 288 491 383 479 395 0 31 255 255 255 255 131 161 116 160 0 0 0 0 0 0 0 0 53 1 13170 576425 683370 1054444 1162772 702432 586862 788438 1288172 824644 644222 26526 1098 2930 28798 27754 23638 21036 25456 29670 2073600 2073600 
[  474.542759] MESSAGE_B= 4 4 4 150 51 1 192 64 248 179 0 1032 2189 1033 2182 2194 1811 2192 1822 167 293 159 286 477 382 469 396 0 31 255 255 255 255 135 151 114 146 0 0 0 0 0 0 0 0 51 1 25100 490778 683370 1054444 1162772 702432 586862 788438 1288172 824644 644222 26526 1098 2930 28798 27754 23638 21036 25456 29670 2073600 2073600 
[  474.813761] MESSAGE_B= 4 4 4 150 56 1 192 64 248 179 0 1015 2181 1016 2171 2195 1801 2192 1812 151 284 136 279 469 384 464 396 0 31 255 255 255 255 165 126 156 126 0 0 0 0 0 0 0 0 56 1 15016 580571 683370 1054444 1162772 702432 586862 788438 1288172 824644 644222 26526 1098 2930 28798 27754 23638 21036 25456 29670 2073600 2073600 
[  475.084769] MESSAGE_B= 4 4 4 150 51 1 192 64 248 179 0 1014 2187 1014 2179 2195 1798 2192 1809 149 299 136 288 469 383 460 395 0 31 255 255 255 255 164 136 156 137 0 0 0 0 0 0 0 0 51 1 24697 487022 683370 1054444 1162772 702432 586862 788438 1288172 824644 644222 26526 1098 2930 28798 27754 23638 21036 25456 29670 2073600 2073600 
[  475.234763] MESSAGE_B= 4 4 4 150 51 1 192 64 248 179 0 1051 2193 1052 2185 2189 1802 2186 1814 173 300 166 291 507 384 499 396 0 31 255 255 255 255 115 128 96 128 0 0 0 0 0 0 0 0 51 1 13307 577374 683370 1054444 1162772 702432 586862 788438 1288172 824644 644222 26526 1098 2930 28798 27754 23638 21036 25456 29670 2073600 2073600 
[  475.505759] MESSAGE_B= 4 4 4 151 52 1 192 64 248 179 0 1052 2189 1053 2179 2195 1800 2192 1812 171 289 161 287 525 384 516 396 0 31 255 255 255 255 123 152 111 145 0 0 0 0 0 0 0 0 52 1 24678 501817 683370 1054444 1162772 702432 586862 788438 1288172 824644 644222 26526 1098 2930 28798 27754 23638 21036 25456 29670 2073600 2073600 
[  475.776758] MESSAGE_B= 4 4 4 151 53 1 192 64 248 179 0 1056 2178 1058 2171 2194 1796 2190 1808 184 298 179 282 517 387 512 400 0 31 255 255 255 255 114 152 91 160 0 0 0 0 0 0 0 0 53 1 13318 566688 683370 1054444 1162772 702432 586862 788438 1288172 824644 644222 26526 1098 2930 28798 27754 23638 21036 25456 29670 2073600 2073600 
[  476.047759] MESSAGE_B= 4 4 4 151 51 1 192 64 248 179 0 1049 2180 1051 2172 2195 1765 2191 1778 183 295 176 286 505 407 501 419 0 31 255 255 255 255 120 146 101 149 0 0 0 0 0 0 0 0 51 1 22671 505799 683370 1054444 1162772 702432 586862 788438 1288172 824644 644222 26526 1098 2930 28798 27754 23638 21036 25456 29670 2073600 2073600 
[  476.318760] MESSAGE_B= 4 4 4 149 57 1 192 64 248 179 0 1045 2218 1046 2205 2191 1783 2186 1792 184 238 176 225 510 392 504 408 0 31 255 255 255 255 117 104 102 102 0 0 0 0 0 0 0 0 57 1 12993 574188 683370 1054444 1162772 702432 586862 788438 1288172 824644 644222 26526 1098 2930 28798 27754 23638 21036 25456 29670 2073600 2073600 
[  476.589758] MESSAGE_B= 4 4 4 149 51 1 192 64 248 179 0 1045 2194 1045 2185 2187 1830 2181 1840 180 307 178 300 509 372 507 388 0 31 255 255 255 255 123 123 97 122 0 0 0 0 0 0 0 0 51 1 25471 514273 704142 1032156 1153962 706654 580500 770238 1286198 838092 631970 31938 2258 5638 30560 28260 25582 21834 20484 28786 2073600 2073600 
[  476.860768] MESSAGE_B= 4 4 4 150 57 1 192 64 248 179 0 1047 2146 1048 2135 2188 1829 2182 1839 179 314 177 309 512 361 508 380 0 31 255 255 255 255 122 178 98 174 0 0 0 0 0 0 0 0 57 1 13439 589052 704142 1032156 1153962 706654 580500 770238 1286198 838092 631970 31938 2258 5638 30560 28260 25582 21834 20484 28786 2073600 2073600 
[  477.131764] MESSAGE_B= 4 4 4 149 50 1 192 64 248 179 0 1048 2156 1049 2137 2188 1830 2183 1840 180 289 175 280 513 355 507 372 0 31 255 255 255 255 119 129 101 131 0 0 0 0 0 0 0 0 50 1 32102 488550 704142 1032156 1153962 706654 580500 770238 1286198 838092 631970 31938 2258 5638 30560 28260 25582 21834 20484 28786 2073600 2073600 
[  477.281765] MESSAGE_B= 4 4 4 145 52 1 192 64 248 179 0 1059 2167 1060 2143 2213 1996 2209 2006 194 244 190 235 475 244 469 244 0 31 255 255 255 255 107 71 88 90 0 0 0 0 0 0 0 0 52 1 14724 574295 704142 1032156 1153962 706654 580500 770238 1286198 838092 631970 31938 2258 5638 30560 28260 25582 21834 20484 28786 2073600 2073600 
[  477.552761] MESSAGE_B= 4 4 4 139 52 1 192 64 248 179 0 1106 2184 1109 2170 2187 1913 2182 1925 165 276 168 278 521 242 516 254 0 31 255 255 255 255 63 193 36 192 0 0 0 0 0 0 0 0 52 1 28960 493749 704142 1032156 1153962 706654 580500 770238 1286198 838092 631970 31938 2258 5638 30560 28260 25582 21834 20484 28786 2073600 2073600 
[  477.823764] MESSAGE_B= 4 4 4 143 58 0 192 64 248 179 0 1102 2209 1105 2199 2197 1904 2192 1916 219 272 219 272 514 254 508 265 0 31 255 255 255 255 56 189 39 182 0 0 0 0 0 0 0 0 58 0 13582 572895 704142 1032156 1153962 706654 580500 770238 1286198 838092 631970 31938 2258 5638 30560 28260 25582 21834 20484 28786 2073600 2073600 
[  478.094762] MESSAGE_B= 4 4 4 143 50 1 192 64 248 179 0 1063 2216 1064 2209 2196 1787 2191 1794 195 273 192 261 447 218 438 225 0 31 255 255 255 255 105 99 88 96 0 0 0 0 0 0 0 0 50 1 30327 466436 704142 1032156 1153962 706654 580500 770238 1286198 838092 631970 31938 2258 5638 30560 28260 25582 21834 20484 28786 2073600 2073600 
[  478.365760] MESSAGE_B= 4 4 4 153 57 1 192 64 248 179 0 1303 2218 1302 2210 2156 1773 2148 1779 214 255 223 245 513 227 508 237 0 31 255 255 255 255 148 74 160 66 0 0 0 0 0 0 0 0 57 1 15593 580643 704142 1032156 1153962 706654 580500 770238 1286198 838092 631970 31938 2258 5638 30560 28260 25582 21834 20484 28786 2073600 2073600 
[  478.636766] MESSAGE_B= 4 4 4 146 48 0 192 64 248 179 0 1033 2219 1034 2210 2267 1771 2266 1777 181 252 174 251 439 232 432 234 0 31 255 255 255 255 126 69 112 65 0 0 0 0 0 0 0 0 48 0 21164 489094 704142 1032156 1153962 706654 580500 770238 1286198 838092 631970 31938 2258 5638 30560 28260 25582 21834 20484 28786 2073600 2073600 
[  478.907762] MESSAGE_B= 4 4 4 144 55 1 192 64 248 179 0 1000 2220 999 2212 2190 1781 2186 1788 128 258 119 245 485 227 475 231 0 31 255 255 255 255 224 66 213 71 0 0 0 0 0 0 0 0 55 1 12959 531987 687678 1058336 1211750 688000 640124 720678 1158636 799278 535394 26480 3478 5614 37026 35772 21788 21454 14288 23756 2073600 2073600 
[  479.178758] MESSAGE_B= 4 4 4 144 49 1 192 64 248 179 0 989 2219 990 2211 2144 1779 2141 1784 135 267 121 251 530 226 522 233 0 31 255 255 255 255 225 75 223 77 0 0 0 0 0 0 0 0 49 1 24101 501345 687678 1058336 1211750 688000 640124 720678 1158636 799278 535394 26480 3478 5614 37026 35772 21788 21454 14288 23756 2073600 2073600 

