[  768.417760] MESSAGE_B= 4 4 0 0 27 1 192 64 248 179 0 1640 1651 1568 1571 2308 1199 2237 1131 105 277 120 303 599 189 658 206 0 5 240 250 252 245 55 128 68 153 0 0 0 0 0 2 0 2 27 1 65114 625968 904546 227674 39386 40954 2 2 293798 406186 928642 93086 70342 39370 2 2 2 56286 245406 97932 2073600 2073600 
[  768.564765] MESSAGE_B= 4 4 0 0 33 1 192 64 248 179 0 1828 1789 1749 1720 2529 1328 2477 1254 108 251 128 312 670 189 740 210 0 5 229 252 253 241 61 108 84 124 0 2 0 0 0 2 0 2 33 1 111324 622510 904546 227674 39386 40954 2 2 293798 406186 928642 93086 70342 39370 2 2 2 56286 245406 97932 2073600 2073600 
[  768.833763] MESSAGE_B= 4 4 4 1 33 1 192 64 248 179 0 1806 1764 1735 1706 2497 1316 2412 1251 126 261 113 323 647 213 725 236 0 5 234 252 252 244 43 103 52 126 0 2 0 0 0 2 0 2 33 1 77150 634101 904546 227674 39386 40954 2 2 293798 406186 928642 93086 70342 39370 2 2 2 56286 245406 97932 2073600 2073600 
[  769.102766] MESSAGE_B= 4 4 4 1 39 1 192 64 248 179 0 1813 1734 1745 1652 2497 1330 2416 1263 108 258 105 306 651 210 734 235 0 5 221 249 253 243 70 124 49 144 0 2 0 0 0 2 0 2 39 1 124538 640362 904546 227674 39386 40954 2 2 293798 406186 928642 93086 70342 39370 2 2 2 56286 245406 97932 2073600 2073600 
[  769.371766] MESSAGE_B= 4 4 4 0 33 1 192 64 248 179 0 1815 1775 1740 1710 2471 1321 2385 1255 121 279 140 326 650 206 746 234 0 5 226 244 253 243 110 83 104 99 0 2 0 0 0 2 0 2 33 1 80334 644416 904546 227674 39386 40954 2 2 293798 406186 928642 93086 70342 39370 2 2 2 56286 245406 97932 2073600 2073600 
[  769.640760] MESSAGE_B= 4 4 4 1 37 1 192 64 248 179 0 1848 1783 1781 1730 2444 1296 2384 1230 114 253 110 343 685 205 741 226 0 5 223 239 252 243 89 96 57 91 0 2 0 0 0 2 0 2 37 1 113896 625195 904546 227674 39386 40954 2 2 293798 406186 928642 93086 70342 39370 2 2 2 56286 245406 97932 2073600 2073600 
[  769.909760] MESSAGE_B= 4 4 4 0 35 1 192 64 248 179 0 1851 1797 1790 1726 2410 1310 2359 1245 138 291 134 332 688 212 753 228 0 5 226 247 250 243 66 105 39 129 0 2 0 0 0 2 0 2 35 1 76146 647965 904546 227674 39386 40954 2 2 293798 406186 928642 93086 70342 39370 2 2 2 56286 245406 97932 2073600 2073600 
[  770.177765] MESSAGE_B= 4 4 4 0 37 1 192 64 248 179 0 1849 1807 1777 1760 2409 1296 2360 1225 137 304 151 386 721 208 784 219 0 5 240 245 250 241 63 70 34 71 0 2 0 0 0 2 0 2 37 1 140221 632588 904546 227674 39386 40954 2 2 293798 406186 928642 93086 70342 39370 2 2 2 56286 245406 97932 2073600 2073600 
[  770.445764] MESSAGE_B= 4 4 4 1 36 1 192 64 248 179 0 1860 1911 1791 1832 2374 1276 2351 1210 135 347 141 411 680 187 707 206 0 5 235 241 250 240 57 85 26 90 0 0 0 0 0 2 0 2 36 1 65598 662820 904546 227674 39386 40954 2 2 293798 406186 928642 93086 70342 39370 2 2 2 56286 245406 97932 2073600 2073600 
[  770.593770] MESSAGE_B= 4 4 4 1 37 1 192 64 248 179 0 1884 1895 1816 1833 2391 1293 2361 1229 120 370 137 442 694 204 739 226 0 5 237 246 250 242 38 116 23 107 0 0 0 0 0 2 0 2 37 1 132829 660893 1009836 973234 1022732 923674 1085880 842168 959982 429100 1048666 85922 113318 123664 79760 142336 170268 214504 280638 132526 2073600 2073600 
[  770.864763] MESSAGE_B= 4 4 4 0 36 1 192 64 248 179 0 1891 1886 1821 1806 2440 1313 2442 1245 100 367 113 416 659 204 681 223 0 5 233 248 249 242 16 108 3 118 0 0 0 0 0 2 0 2 36 1 84447 684990 1009836 973234 1022732 923674 1085880 842168 959982 429100 1048666 85922 113318 123664 79760 142336 170268 214504 280638 132526 2073600 2073600 
[  771.135763] MESSAGE_B= 4 4 4 0 41 1 192 64 248 179 0 1883 1862 1817 1803 2483 1296 2468 1223 98 291 99 367 596 203 633 224 0 5 231 240 251 242 2 109 20 111 0 0 0 0 0 2 0 2 41 1 132205 651786 1009836 973234 1022732 923674 1085880 842168 959982 429100 1048666 85922 113318 123664 79760 142336 170268 214504 280638 132526 2073600 2073600 
[  771.407769] MESSAGE_B= 4 4 4 0 39 1 192 64 248 179 0 1889 1860 1830 1799 2494 1319 2506 1264 96 308 96 369 580 211 619 241 0 5 223 245 251 243 12 145 18 164 0 0 0 0 0 2 0 2 39 1 70044 658392 1009836 973234 1022732 923674 1085880 842168 959982 429100 1048666 85922 113318 123664 79760 142336 170268 214504 280638 132526 2073600 2073600 
[  771.678775] MESSAGE_B= 4 4 4 0 37 1 192 64 248 179 0 1880 1806 1816 1735 2503 1322 2482 1251 93 296 97 361 582 206 607 235 0 5 218 243 250 241 24 160 20 155 0 2 0 0 0 2 0 2 37 1 129504 675571 1009836 973234 1022732 923674 1085880 842168 959982 429100 1048666 85922 113318 123664 79760 142336 170268 214504 280638 132526 2073600 2073600 
[  771.949770] MESSAGE_B= 4 4 4 0 37 1 192 64 248 179 0 1918 1803 1853 1707 2474 1333 2469 1273 126 252 127 287 611 195 657 214 0 5 229 245 253 243 32 110 0 154 0 2 0 0 0 2 0 2 37 1 67342 648800 1009836 973234 1022732 923674 1085880 842168 959982 429100 1048666 85922 113318 123664 79760 142336 170268 214504 280638 132526 2073600 2073600 
[  772.221762] MESSAGE_B= 4 4 4 0 41 1 192 64 248 179 0 1910 1838 1859 1749 2501 1342 2482 1273 129 277 120 325 586 222 629 251 0 5 228 245 252 241 57 154 29 182 0 2 0 0 0 2 0 2 41 1 127832 651744 1009836 973234 1022732 923674 1085880 842168 959982 429100 1048666 85922 113318 123664 79760 142336 170268 214504 280638 132526 2073600 2073600 
[  772.493767] MESSAGE_B= 4 4 4 1 39 1 192 64 248 179 0 1904 1806 1848 1699 2489 1343 2496 1276 134 311 135 328 550 211 583 239 0 5 235 249 252 246 32 149 6 174 0 2 0 0 0 2 0 2 39 1 76156 669648 1009836 973234 1022732 923674 1085880 842168 959982 429100 1048666 85922 113318 123664 79760 142336 170268 214504 280638 132526 2073600 2073600 
[  772.643763] MESSAGE_B= 4 4 4 0 38 2 192 64 248 179 0 1886 1739 1831 1651 2520 1325 2525 1263 135 260 143 298 531 204 548 228 0 5 234 243 251 241 36 108 4 165 0 2 0 0 0 2 0 2 38 2 128548 639401 1009836 973234 1022732 923674 1085880 842168 959982 429100 1048666 85922 113318 123664 79760 142336 170268 214504 280638 132526 2073600 2073600 
[  772.915764] MESSAGE_B= 4 4 4 0 35 1 192 64 248 179 0 1901 1802 1841 1675 2485 1328 2496 1269 156 258 155 271 566 186 587 213 0 5 242 239 251 239 63 126 52 158 0 2 0 0 0 2 0 2 35 1 70174 656400 929248 1005340 1061228 955846 1104210 865160 931574 439934 1003204 94488 120780 114854 88416 147234 172166 208970 292926 137112 2073600 2073600 
[  773.187764] MESSAGE_B= 4 4 4 0 36 1 192 64 248 179 0 1892 1778 1834 1668 2457 1332 2468 1267 154 308 160 315 548 209 569 235 0 5 241 249 247 243 66 138 40 199 0 2 0 0 0 2 0 2 36 1 136563 636237 929248 1005340 1061228 955846 1104210 865160 931574 439934 1003204 94488 120780 114854 88416 147234 172166 208970 292926 137112 2073600 2073600 
[  773.459770] MESSAGE_B= 4 4 4 1 35 1 192 64 248 179 0 1886 1829 1816 1727 2423 1324 2421 1263 164 282 169 310 593 199 597 227 0 5 243 247 242 242 67 129 26 173 0 2 0 0 0 2 0 2 35 1 82502 657135 929248 1005340 1061228 955846 1104210 865160 931574 439934 1003204 94488 120780 114854 88416 147234 172166 208970 292926 137112 2073600 2073600 
[  773.731770] MESSAGE_B= 4 4 4 1 23 1 192 64 248 179 0 2540 2245 2612 2250 1900 1936 1866 1851 263 283 262 283 290 466 289 464 0 6 247 238 231 250 76 208 178 188 0 0 0 0 2 2 2 2 23 1 136096 641813 929248 1005340 1061228 955846 1104210 865160 931574 439934 1003204 94488 120780 114854 88416 147234 172166 208970 292926 137112 2073600 2073600 
[  774.003764] MESSAGE_B= 4 4 4 1 25 1 192 64 248 179 0 2566 2333 2637 2347 1973 1928 1937 1852 257 269 265 229 287 576 297 557 0 6 249 229 226 253 77 162 161 182 0 2 0 0 2 2 2 2 25 1 87539 795021 929248 1005340 1061228 955846 1104210 865160 931574 439934 1003204 94488 120780 114854 88416 147234 172166 208970 292926 137112 2073600 2073600 
[  774.275076] MESSAGE_B= 4 4 4 1 22 1 192 64 248 179 0 2555 2430 2628 2410 1941 1893 1908 1792 254 300 256 256 270 545 263 535 0 6 246 225 225 252 70 121 167 131 2 0 0 0 2 2 2 2 22 1 140755 655319 929248 1005340 1061228 955846 1104210 865160 931574 439934 1003204 94488 120780 114854 88416 147234 172166 208970 292926 137112 2073600 2073600 
[  774.532764] MESSAGE_B= 4 4 4 1 21 1 192 64 248 179 0 2548 2600 2617 2585 1988 1878 1959 1788 252 306 261 338 238 571 235 559 0 6 246 242 215 252 33 26 138 36 0 2 0 0 2 2 2 2 21 1 71604 822090 929248 1005340 1061228 955846 1104210 865160 931574 439934 1003204 94488 120780 114854 88416 147234 172166 208970 292926 137112 2073600 2073600 
[  774.803766] MESSAGE_B= 4 4 4 1 20 1 192 64 248 179 0 2552 2590 2615 2558 1969 1832 1937 1772 242 415 255 451 234 548 232 585 0 6 247 244 213 252 38 35 74 27 0 0 0 0 2 2 2 2 20 1 131304 660986 929248 1005340 1061228 955846 1104210 865160 931574 439934 1003204 94488 120780 114854 88416 147234 172166 208970 292926 137112 2073600 2073600 
[  774.953764] MESSAGE_B= 4 4 4 2 23 1 192 64 248 179 0 2553 2375 2568 2372 1973 1864 1921 1817 256 544 313 513 223 578 220 598 0 6 244 249 216 253 30 24 68 8 0 0 0 0 2 2 2 2 23 1 89801 809978 929248 1005340 1061228 955846 1104210 865160 931574 439934 1003204 94488 120780 114854 88416 147234 172166 208970 292926 137112 2073600 2073600 
[  775.225770] MESSAGE_B= 4 4 4 1 26 1 192 64 248 179 0 2287 2019 2095 2066 1939 1884 1896 1833 437 691 681 613 256 621 275 636 0 6 239 240 229 253 25 29 18 35 0 0 0 0 2 2 2 2 26 1 135081 572972 1014482 983798 1041914 918558 1415226 1168188 998488 1175496 1172234 116450 91408 114058 112822 196380 171510 60122 352144 157030 2073600 2073600 
[  775.497765] MESSAGE_B= 4 4 4 3 26 2 192 64 248 179 0 2173 2433 2016 2453 1876 1835 1814 1795 606 682 804 509 302 576 331 603 0 6 249 230 238 253 68 48 34 61 0 0 0 0 0 2 0 2 26 2 105639 747301 1014482 983798 1041914 918558 1415226 1168188 998488 1175496 1172234 116450 91408 114058 112822 196380 171510 60122 352144 157030 2073600 2073600 
[  775.769772] MESSAGE_B= 4 4 4 2 26 2 192 64 248 179 0 2491 2430 2581 2448 1867 1834 1801 1790 269 237 239 182 341 551 372 572 0 6 236 179 242 252 95 157 41 189 0 0 0 0 0 2 2 2 26 2 116364 527565 1014482 983798 1041914 918558 1415226 1168188 998488 1175496 1172234 116450 91408 114058 112822 196380 171510 60122 352144 157030 2073600 2073600 
[  776.041764] MESSAGE_B= 4 4 4 2 29 2 192 64 248 179 0 2691 2704 2799 2523 1844 1877 1794 1857 279 434 297 242 383 531 412 569 0 6 230 179 245 246 146 11 146 84 0 0 0 0 0 2 0 2 29 2 70546 800459 1014482 983798 1041914 918558 1415226 1168188 998488 1175496 1172234 116450 91408 114058 112822 196380 171510 60122 352144 157030 2073600 2073600 
[  776.313770] MESSAGE_B= 4 4 4 2 28 2 192 64 248 179 0 2816 2853 2910 2626 1808 1934 1749 1933 440 391 476 245 416 535 464 558 0 6 248 164 246 250 20 74 20 25 0 0 0 0 0 2 0 2 28 2 118619 608319 1014482 983798 1041914 918558 1415226 1168188 998488 1175496 1172234 116450 91408 114058 112822 196380 171510 60122 352144 157030 2073600 2073600 
[  776.585134] MESSAGE_B= 4 4 4 3 26 2 192 64 248 179 0 2727 3022 2801 2808 1860 1965 1785 1977 442 466 442 319 394 545 422 593 0 6 248 154 242 252 62 63 46 54 0 0 0 0 0 2 0 2 26 2 112274 764726 1014482 983798 1041914 918558 1415226 1168188 998488 1175496 1172234 116450 91408 114058 112822 196380 171510 60122 352144 157030 2073600 2073600 
[  776.856769] MESSAGE_B= 4 4 4 5 23 2 192 64 248 179 0 2781 3169 2861 3084 1835 1972 1791 1961 374 556 404 530 355 525 386 570 0 6 245 218 242 251 136 32 127 49 0 0 0 0 0 2 0 2 23 2 103052 632888 1014482 983798 1041914 918558 1415226 1168188 998488 1175496 1172234 116450 91408 114058 112822 196380 171510 60122 352144 157030 2073600 2073600 
[  777.007759] MESSAGE_B= 4 4 4 4 23 2 192 64 248 179 0 2918 3242 3021 3113 1822 1969 1765 1962 347 546 379 521 393 595 416 603 0 6 245 219 245 253 96 36 91 2 0 0 0 0 0 2 0 2 23 2 101856 616531 1014482 983798 1041914 918558 1415226 1168188 998488 1175496 1172234 116450 91408 114058 112822 196380 171510 60122 352144 157030 2073600 2073600 
[  777.278763] MESSAGE_B= 4 4 4 5 22 2 192 64 248 179 0 3057 2970 3119 2770 1872 1905 1782 1888 436 529 446 487 394 569 402 580 0 6 250 239 245 252 43 13 19 4 0 0 0 0 0 2 0 2 22 2 118997 622687 1014482 983798 1041914 918558 1415226 1168188 998488 1175496 1172234 116450 91408 114058 112822 196380 171510 60122 352144 157030 2073600 2073600 
[  777.641766] MESSAGE_B= 4 4 4 10 23 2 192 64 248 179 0 2661 2153 2708 2086 1576 1569 1483 1555 313 257 362 294 287 394 288 417 0 31 254 254 243 254 5 203 20 205 0 0 0 0 0 0 0 0 23 2 152958 688330 1063924 1176272 1262406 1071258 1381606 1035330 831372 802604 1160178 137804 64028 90002 124400 137660 177832 84528 312626 176608 2073600 2073600 
[  777.792761] MESSAGE_B= 4 4 4 12 20 2 192 64 248 179 0 2746 2208 2792 2147 1591 1579 1510 1570 494 302 547 311 275 390 278 416 0 31 254 253 242 254 65 214 73 212 0 0 0 0 0 0 0 0 20 2 121479 672367 1063924 1176272 1262406 1071258 1381606 1035330 831372 802604 1160178 137804 64028 90002 124400 137660 177832 84528 312626 176608 2073600 2073600 
[  778.064757] MESSAGE_B= 4 4 4 17 22 1 192 64 248 179 0 2728 2332 2761 2262 1530 1588 1447 1571 601 284 675 253 297 379 302 410 0 31 255 251 242 254 47 207 74 217 0 0 0 0 0 0 0 0 22 1 146914 617059 1063924 1176272 1262406 1071258 1381606 1035330 831372 802604 1160178 137804 64028 90002 124400 137660 177832 84528 312626 176608 2073600 2073600 
[  778.336764] MESSAGE_B= 4 4 4 13 23 1 192 64 248 179 0 2692 2285 2731 2271 1519 1584 1445 1568 483 262 543 260 251 405 265 433 0 31 254 253 242 254 76 219 99 217 0 0 0 0 0 0 0 0 23 1 126440 586663 1063924 1176272 1262406 1071258 1381606 1035330 831372 802604 1160178 137804 64028 90002 124400 137660 177832 84528 312626 176608 2073600 2073600 
[  778.608767] MESSAGE_B= 4 4 4 4 24 1 192 64 248 179 0 2981 2714 3015 2527 1749 1925 1690 1902 626 481 642 386 252 489 282 491 0 6 254 222 224 250 14 49 38 41 0 2 0 0 0 2 0 2 24 1 189243 614441 1063924 1176272 1262406 1071258 1381606 1035330 831372 802604 1160178 137804 64028 90002 124400 137660 177832 84528 312626 176608 2073600 2073600 
[  778.880768] MESSAGE_B= 4 4 4 7 22 1 192 64 248 179 0 2964 2504 2983 2378 1773 1914 1699 1876 555 352 555 298 252 518 275 527 0 6 252 190 222 250 17 33 35 59 0 0 0 0 0 2 0 2 22 1 155020 669489 1063924 1176272 1262406 1071258 1381606 1035330 831372 802604 1160178 137804 64028 90002 124400 137660 177832 84528 312626 176608 2073600 2073600 
[  779.152768] MESSAGE_B= 4 4 4 2 24 1 192 64 248 179 0 2479 1867 2590 1821 1693 1918 1638 1885 232 559 307 537 270 538 291 558 0 6 227 245 235 251 50 204 88 208 0 0 0 0 0 2 0 2 24 1 190083 687623 1063924 1176272 1262406 1071258 1381606 1035330 831372 802604 1160178 137804 64028 90002 124400 137660 177832 84528 312626 176608 2073600 2073600 
[  779.424766] MESSAGE_B= 4 4 4 3 23 1 192 64 248 179 0 2431 1653 2475 1569 1750 1874 1697 1849 326 572 338 580 269 516 286 536 0 6 245 251 226 251 24 206 64 218 0 0 0 0 0 2 0 2 23 1 160159 644111 1063924 1176272 1262406 1071258 1381606 1035330 831372 802604 1160178 137804 64028 90002 124400 137660 177832 84528 312626 176608 2073600 2073600 
[  779.696769] MESSAGE_B= 4 4 4 2 24 1 192 64 248 179 0 2340 1493 2414 1425 1745 1896 1706 1829 239 612 267 621 256 435 264 451 0 6 236 244 226 250 23 142 11 125 0 0 0 0 0 2 2 2 24 1 167540 660472 1063924 1176272 1262406 1071258 1381606 1035330 831372 802604 1160178 137804 64028 90002 124400 137660 177832 84528 312626 176608 2073600 2073600 
[  779.847761] MESSAGE_B= 4 4 4 2 25 1 192 64 248 179 0 2245 1454 2307 1441 1724 1878 1680 1823 246 586 253 539 272 372 289 399 0 6 241 236 223 247 25 30 32 3 0 0 0 0 2 2 2 2 25 1 169902 686766 1026306 725500 972720 1087804 1391626 1042330 823064 954092 1090010 159222 49704 201682 115410 210312 206840 171008 431726 281958 2073600 2073600 
[  780.118759] MESSAGE_B= 4 4 4 1 25 1 192 64 248 179 0 2324 1864 2424 2029 1830 1921 1825 1888 217 417 234 283 266 400 271 409 0 6 248 217 229 250 122 159 170 117 0 0 0 0 2 2 2 2 25 1 198842 662164 1026306 725500 972720 1087804 1391626 1042330 823064 954092 1090010 159222 49704 201682 115410 210312 206840 171008 431726 281958 2073600 2073600 
[  780.390762] MESSAGE_B= 4 4 4 1 26 1 192 64 248 179 0 2444 2213 2586 2281 1946 1922 1999 1930 255 162 249 161 311 441 327 460 0 6 247 190 237 249 137 67 173 116 0 2 0 0 2 2 2 2 26 1 137981 609122 1026306 725500 972720 1087804 1391626 1042330 823064 954092 1090010 159222 49704 201682 115410 210312 206840 171008 431726 281958 2073600 2073600 
[  780.662759] MESSAGE_B= 4 4 4 1 24 1 192 64 248 179 0 2558 2286 2765 2415 2036 2000 2103 2026 272 166 279 187 362 491 360 487 0 6 249 206 230 250 48 100 93 103 0 2 0 0 2 2 2 2 24 1 142680 757063 1026306 725500 972720 1087804 1391626 1042330 823064 954092 1090010 159222 49704 201682 115410 210312 206840 171008 431726 281958 2073600 2073600 
[  780.934761] MESSAGE_B= 0 4 4 1 22 1 192 64 248 179 0 2464 2211 2649 2388 1781 1740 1885 1867 189 174 206 146 361 398 379 432 0 31 245 230 247 253 86 27 80 3 0 0 0 0 0 0 0 0 22 1 93264 625882 1026306 725500 972720 1087804 1391626 1042330 823064 954092 1090010 159222 49704 201682 115410 210312 206840 171008 431726 281958 2073600 2073600 
[  781.205758] MESSAGE_B= 4 4 4 1 25 1 192 64 248 179 0 2437 2204 2621 2388 1741 1773 1825 1909 191 171 210 144 383 446 401 489 0 31 245 233 248 254 54 22 50 12 0 0 0 0 0 0 0 0 25 1 269969 744300 1026306 725500 972720 1087804 1391626 1042330 823064 954092 1090010 159222 49704 201682 115410 210312 206840 171008 431726 281958 2073600 2073600 
[  781.477760] MESSAGE_B= 0 4 4 2 23 1 192 64 248 179 0 2394 2191 2576 2371 1733 1763 1827 1893 225 185 248 181 388 431 409 465 0 31 248 235 248 253 5 47 3 26 0 0 0 0 0 0 0 0 23 1 79939 630839 1026306 725500 972720 1087804 1391626 1042330 823064 954092 1090010 159222 49704 201682 115410 210312 206840 171008 431726 281958 2073600 2073600 
[  781.748763] MESSAGE_B= 4 4 4 1 22 1 192 64 248 179 0 2376 2213 2551 2391 1731 1726 1814 1861 238 220 249 221 359 432 393 462 0 31 249 242 249 254 26 130 25 117 0 0 0 0 0 0 0 0 22 1 286312 702764 1026306 725500 972720 1087804 1391626 1042330 823064 954092 1090010 159222 49704 201682 115410 210312 206840 171008 431726 281958 2073600 2073600 
[  781.899764] MESSAGE_B= 0 4 4 1 23 1 192 64 248 179 0 2316 2224 2491 2410 1759 1724 1841 1856 269 193 286 195 363 417 401 454 0 31 251 240 248 254 53 112 57 84 0 0 0 0 0 0 0 0 23 1 70450 643126 1026306 725500 972720 1087804 1391626 1042330 823064 954092 1090010 159222 49704 201682 115410 210312 206840 171008 431726 281958 2073600 2073600 
[  782.171758] MESSAGE_B= 4 4 4 1 24 2 192 64 248 179 0 2230 2314 2402 2513 1760 1763 1862 1896 288 135 320 146 351 406 371 430 0 31 252 221 248 253 67 59 61 138 0 0 0 0 0 0 0 0 24 2 311837 695044 963908 1212584 1492206 1089466 1349480 1051968 867718 1053664 1183858 265514 32584 177764 226768 297788 286846 117000 142972 325618 2073600 2073600 
[  782.443758] MESSAGE_B= 0 4 4 1 25 1 192 64 248 179 0 2198 2395 2392 2595 1742 1788 1832 1926 239 199 254 212 323 420 333 443 0 31 249 249 246 253 77 140 71 160 0 0 0 0 0 0 0 0 25 1 76072 644808 963908 1212584 1492206 1089466 1349480 1051968 867718 1053664 1183858 265514 32584 177764 226768 297788 286846 117000 142972 325618 2073600 2073600 
[  782.715766] MESSAGE_B= 4 4 4 1 25 1 192 64 248 179 0 2210 2459 2401 2664 1783 1833 1885 1969 195 253 203 272 333 441 353 466 0 6 247 252 247 253 27 204 56 220 0 0 0 0 0 0 0 0 25 1 290631 705001 963908 1212584 1492206 1089466 1349480 1051968 867718 1053664 1183858 265514 32584 177764 226768 297788 286846 117000 142972 325618 2073600 2073600 
[  782.987758] MESSAGE_B= 0 4 4 1 24 2 192 64 248 179 0 2206 2464 2389 2672 1773 1841 1880 1982 172 244 160 247 305 451 324 464 0 31 237 252 245 254 22 183 54 211 0 0 0 0 0 0 0 0 24 2 69677 544292 963908 1212584 1492206 1089466 1349480 1051968 867718 1053664 1183858 265514 32584 177764 226768 297788 286846 117000 142972 325618 2073600 2073600 
[  783.259758] MESSAGE_B= 4 4 4 1 24 2 192 64 248 179 0 2227 2458 2403 2666 1815 1866 1915 2007 185 245 180 254 362 497 386 502 0 31 240 250 248 254 74 180 52 207 0 0 0 0 0 0 0 0 24 2 306477 728420 963908 1212584 1492206 1089466 1349480 1051968 867718 1053664 1183858 265514 32584 177764 226768 297788 286846 117000 142972 325618 2073600 2073600 
[  783.531758] MESSAGE_B= 0 4 4 1 25 2 192 64 248 179 0 2237 2466 2410 2676 1780 1843 1878 1978 190 246 190 253 299 493 313 517 0 31 238 252 244 254 35 155 15 182 0 0 0 0 0 0 0 0 25 2 67889 543875 963908 1212584 1492206 1089466 1349480 1051968 867718 1053664 1183858 265514 32584 177764 226768 297788 286846 117000 142972 325618 2073600 2073600 
[  783.803759] MESSAGE_B= 4 4 4 1 23 2 192 64 248 179 0 2245 2464 2421 2675 1831 1874 1936 2015 195 255 202 263 321 495 329 512 0 31 244 252 244 254 34 170 74 188 0 0 0 0 0 0 0 0 23 2 297094 721810 963908 1212584 1492206 1089466 1349480 1051968 867718 1053664 1183858 265514 32584 177764 226768 297788 286846 117000 142972 325618 2073600 2073600 
[  783.954759] MESSAGE_B= 0 4 4 1 25 2 192 64 248 179 0 2300 2463 2465 2681 1828 1891 1935 2036 131 248 177 261 307 496 320 507 0 31 225 252 244 254 6 180 41 193 0 0 0 0 0 0 0 0 25 2 67965 521406 963908 1212584 1492206 1089466 1349480 1051968 867718 1053664 1183858 265514 32584 177764 226768 297788 286846 117000 142972 325618 2073600 2073600 
[  784.226759] MESSAGE_B= 4 4 4 1 23 2 192 64 248 179 0 2332 2459 2523 2671 1853 1915 1958 2060 162 227 161 233 282 427 284 433 0 31 238 250 239 253 23 180 5 198 0 0 0 0 0 0 0 0 23 2 309835 746151 963908 1212584 1492206 1089466 1349480 1051968 867718 1053664 1183858 265514 32584 177764 226768 297788 286846 117000 142972 325618 2073600 2073600 
[  784.498761] MESSAGE_B= 0 4 4 1 24 1 192 64 248 179 0 2374 2467 2576 2675 1863 1960 1980 2110 151 238 163 248 312 427 314 431 0 31 240 251 244 253 19 176 18 176 0 0 0 0 0 0 0 0 24 1 68118 524349 1072726 1035514 1379780 1016576 1215158 1165476 1041628 1219364 1170000 338322 50704 291226 311600 346200 252162 87888 110872 348088 2073600 2073600 
[  784.770760] MESSAGE_B= 4 4 4 1 24 1 192 64 248 179 0 2449 2455 2647 2659 1856 1898 1966 2054 150 237 162 234 305 384 318 390 0 31 246 251 244 252 86 154 75 158 0 0 0 0 0 0 0 0 24 1 296190 807837 1072726 1035514 1379780 1016576 1215158 1165476 1041628 1219364 1170000 338322 50704 291226 311600 346200 252162 87888 110872 348088 2073600 2073600 
[  785.042761] MESSAGE_B= 0 4 4 1 24 1 192 64 248 179 0 2473 2456 2675 2661 1905 1938 2011 2084 174 227 189 227 309 388 320 398 0 31 247 250 244 254 129 148 112 158 0 0 0 0 0 0 0 0 24 1 85287 563178 1072726 1035514 1379780 1016576 1215158 1165476 1041628 1219364 1170000 338322 50704 291226 311600 346200 252162 87888 110872 348088 2073600 2073600 
[  785.314759] MESSAGE_B= 4 4 4 1 23 1 192 64 248 179 0 2509 2466 2710 2675 1917 1912 2035 2054 200 230 212 239 347 372 373 397 0 31 250 250 246 253 102 167 94 184 0 0 0 0 0 0 0 0 23 1 291534 796563 1072726 1035514 1379780 1016576 1215158 1165476 1041628 1219364 1170000 338322 50704 291226 311600 346200 252162 87888 110872 348088 2073600 2073600 
[  785.586763] MESSAGE_B= 0 4 4 1 24 1 192 64 248 179 0 2501 2482 2708 2696 1915 1874 2032 2013 189 248 208 266 331 396 347 419 0 31 249 251 248 253 99 191 91 206 0 0 0 0 0 0 0 0 24 1 75749 620804 1072726 1035514 1379780 1016576 1215158 1165476 1041628 1219364 1170000 338322 50704 291226 311600 346200 252162 87888 110872 348088 2073600 2073600 
[  785.858761] MESSAGE_B= 4 4 4 1 24 1 192 64 248 179 0 2512 2484 2715 2698 1931 1863 2050 2006 190 253 197 266 339 409 362 435 0 31 248 252 247 254 107 184 101 197 0 0 0 0 0 0 0 0 24 1 299295 809086 1072726 1035514 1379780 1016576 1215158 1165476 1041628 1219364 1170000 338322 50704 291226 311600 346200 252162 87888 110872 348088 2073600 2073600 
[  786.009763] MESSAGE_B= 0 4 4 1 25 1 192 64 248 179 0 2509 2487 2717 2702 1941 1837 2061 1973 179 247 200 262 338 417 362 446 0 31 248 251 247 253 99 174 94 193 0 0 0 0 0 0 0 0 25 1 74781 633741 1072726 1035514 1379780 1016576 1215158 1165476 1041628 1219364 1170000 338322 50704 291226 311600 346200 252162 87888 110872 348088 2073600 2073600 
[  786.281768] MESSAGE_B= 4 4 4 1 47 1 192 64 248 179 0 3099 2911 2999 2861 2893 1915 2788 1881 409 459 411 423 279 506 276 472 0 6 249 194 236 238 33 198 10 191 0 0 0 0 2 2 2 0 47 1 343742 826325 1072726 1035514 1379780 1016576 1215158 1165476 1041628 1219364 1170000 338322 50704 291226 311600 346200 252162 87888 110872 348088 2073600 2073600 
[  786.538758] MESSAGE_B= 4 4 4 0 46 1 192 64 248 179 0 3075 2725 2971 2875 2870 1971 2751 1988 411 506 387 469 312 490 319 399 0 6 251 152 238 217 37 165 50 145 0 0 0 0 2 0 2 0 46 1 202213 643592 1072726 1035514 1379780 1016576 1215158 1165476 1041628 1219364 1170000 338322 50704 291226 311600 346200 252162 87888 110872 348088 2073600 2073600 
[  786.689760] MESSAGE_B= 4 4 4 0 46 1 192 64 248 179 0 3041 2758 2941 2917 2875 1953 2762 1959 478 519 464 512 286 510 284 434 0 6 251 171 234 235 6 182 80 141 0 0 0 0 2 0 2 0 46 1 202213 643592 1072726 1035514 1379780 1016576 1215158 1165476 1041628 1219364 1170000 338322 50704 291226 311600 346200 252162 87888 110872 348088 2073600 2073600 
[  786.840764] MESSAGE_B= 4 4 4 0 48 1 192 64 248 179 0 3097 2831 2998 2901 2870 1928 2777 1910 405 460 389 477 265 538 269 465 0 6 251 177 232 233 40 187 9 148 0 0 0 0 2 2 2 0 48 1 202213 643592 875862 1238088 1641186 1074162 1325768 1188736 1073272 1377900 1016856 198354 38136 300228 317420 355662 263428 99876 138518 248220 2073600 2073600 
[  786.991760] MESSAGE_B= 0 4 4 0 46 1 192 64 248 179 0 3065 2775 2982 2875 2920 1884 2809 1951 433 505 391 463 302 502 307 417 0 6 252 167 238 231 22 228 33 166 0 0 0 0 2 2 2 2 46 1 169423 536116 875862 1238088 1641186 1074162 1325768 1188736 1073272 1377900 1016856 198354 38136 300228 317420 355662 263428 99876 138518 248220 2073600 2073600 
[  787.142759] MESSAGE_B= 0 4 4 0 40 1 192 64 248 179 0 3035 2843 2946 2916 2895 1967 2793 1969 411 473 408 477 288 507 290 465 0 6 250 183 236 235 14 188 6 162 0 0 0 0 2 0 2 2 40 1 169423 536116 875862 1238088 1641186 1074162 1325768 1188736 1073272 1377900 1016856 198354 38136 300228 317420 355662 263428 99876 138518 248220 2073600 2073600 
[  787.656762] MESSAGE_B= 4 4 4 0 43 1 192 64 248 179 0 3019 2781 2946 2649 2876 2021 2753 2038 439 576 433 533 291 491 295 413 0 6 250 239 239 230 12 205 69 210 0 0 0 0 2 2 2 2 43 1 211584 630274 875862 1238088 1641186 1074162 1325768 1188736 1073272 1377900 1016856 198354 38136 300228 317420 355662 263428 99876 138518 248220 2073600 2073600 
[  787.928762] MESSAGE_B= 0 4 4 0 45 1 192 64 248 179 0 2778 2675 2712 2593 2854 2052 2753 2028 637 578 606 489 275 480 263 456 0 6 251 229 232 236 109 220 89 229 0 0 0 0 2 2 2 0 45 1 170024 527303 875862 1238088 1641186 1074162 1325768 1188736 1073272 1377900 1016856 198354 38136 300228 317420 355662 263428 99876 138518 248220 2073600 2073600 
[  788.079759] MESSAGE_B= 4 4 4 0 39 1 192 64 248 179 0 2862 2699 2778 2656 2725 2120 2700 2096 536 555 503 473 282 504 278 441 0 6 247 233 193 233 98 234 37 211 0 0 0 0 2 2 2 0 39 1 222320 642188 875862 1238088 1641186 1074162 1325768 1188736 1073272 1377900 1016856 198354 38136 300228 317420 355662 263428 99876 138518 248220 2073600 2073600 
[  788.351763] MESSAGE_B= 0 4 4 0 33 1 192 64 248 179 0 2688 2765 2654 2684 2507 2117 2528 2057 626 588 599 505 160 475 218 455 0 6 249 228 174 238 71 220 57 213 0 2 0 0 2 2 2 0 33 1 164575 548104 875862 1238088 1641186 1074162 1325768 1188736 1073272 1377900 1016856 198354 38136 300228 317420 355662 263428 99876 138518 248220 2073600 2073600 
[  788.623759] MESSAGE_B= 4 4 4 1 41 2 192 64 248 179 0 2694 2721 2628 2674 2425 2152 2443 2103 603 610 559 517 419 473 334 431 0 6 250 235 225 232 192 234 104 223 0 2 0 0 2 2 2 2 41 2 206313 652018 875862 1238088 1641186 1074162 1325768 1188736 1073272 1377900 1016856 198354 38136 300228 317420 355662 263428 99876 138518 248220 2073600 2073600 
[  788.895760] MESSAGE_B= 0 4 4 0 38 2 192 64 248 179 0 2661 2886 2600 2712 2621 2192 2549 2095 567 480 549 462 477 465 484 456 0 6 251 237 240 231 87 211 127 212 0 0 0 0 2 2 2 0 38 2 148969 573166 875862 1238088 1641186 1074162 1325768 1188736 1073272 1377900 1016856 198354 38136 300228 317420 355662 263428 99876 138518 248220 2073600 2073600 
[  789.167760] MESSAGE_B= 4 4 4 1 35 1 192 64 248 179 0 2704 2890 2622 2762 2737 2171 2631 2060 609 468 589 445 258 426 293 436 0 6 251 245 224 236 21 222 40 221 0 2 0 0 2 2 2 0 35 1 205293 671876 866802 1174028 677274 824750 963930 931770 736414 775540 997594 194382 164126 140114 192458 280262 278638 161262 393324 275380 2073600 2073600 
[  789.439761] MESSAGE_B= 0 4 4 1 35 1 192 64 248 179 0 2636 2937 2581 2733 2771 2101 2684 2007 688 443 652 445 264 449 253 445 0 6 252 245 225 229 14 217 68 216 0 0 0 0 2 2 2 0 35 1 160122 575213 866802 1174028 677274 824750 963930 931770 736414 775540 997594 194382 164126 140114 192458 280262 278638 161262 393324 275380 2073600 2073600 
[  789.710762] MESSAGE_B= 4 4 4 0 39 1 192 64 248 179 0 2866 2992 2791 2790 2829 2200 2728 2111 577 425 531 436 286 437 301 413 0 6 241 245 231 232 2 196 22 216 2 0 0 0 2 2 2 0 39 1 225958 627494 866802 1174028 677274 824750 963930 931770 736414 775540 997594 194382 164126 140114 192458 280262 278638 161262 393324 275380 2073600 2073600 
[  789.981760] MESSAGE_B= 0 4 4 0 29 1 192 64 248 179 0 2849 2967 2803 2762 2820 2120 2722 2062 594 432 515 441 320 468 288 446 0 6 249 246 234 234 64 203 32 216 0 2 0 0 2 2 2 0 29 1 164025 586868 866802 1174028 677274 824750 963930 931770 736414 775540 997594 194382 164126 140114 192458 280262 278638 161262 393324 275380 2073600 2073600 
[  790.132761] MESSAGE_B= 4 4 4 0 33 1 192 64 248 179 0 2828 2887 2848 2693 2796 2164 2694 2100 593 480 521 468 293 511 301 460 0 6 237 244 221 237 52 211 10 215 0 2 0 0 2 2 2 0 33 1 209354 640127 866802 1174028 677274 824750 963930 931770 736414 775540 997594 194382 164126 140114 192458 280262 278638 161262 393324 275380 2073600 2073600 
[  790.403761] MESSAGE_B= 0 4 4 1 37 2 192 64 248 179 0 1882 1789 1815 1690 2552 1372 2527 1318 71 286 98 300 545 212 577 228 0 5 227 247 250 245 11 129 46 155 0 2 0 0 0 2 0 2 37 2 147008 582303 866802 1174028 677274 824750 963930 931770 736414 775540 997594 194382 164126 140114 192458 280262 278638 161262 393324 275380 2073600 2073600 
[  790.674767] MESSAGE_B= 4 4 4 0 38 1 192 64 248 179 0 1892 1745 1834 1644 2584 1376 2552 1319 104 260 111 281 529 222 568 248 0 5 233 247 250 244 110 122 78 144 0 2 0 0 0 2 0 2 38 1 127507 624823 866802 1174028 677274 824750 963930 931770 736414 775540 997594 194382 164126 140114 192458 280262 278638 161262 393324 275380 2073600 2073600 
[  790.946759] MESSAGE_B= 4 4 4 0 39 1 192 64 248 179 0 1902 1808 1842 1708 2513 1374 2478 1322 98 293 101 306 556 238 578 253 0 5 232 251 247 244 86 139 38 161 0 2 0 0 0 2 0 2 39 1 68818 687172 866802 1174028 677274 824750 963930 931770 736414 775540 997594 194382 164126 140114 192458 280262 278638 161262 393324 275380 2073600 2073600 
[  791.217759] MESSAGE_B= 4 4 4 0 38 1 192 64 248 179 0 1920 1835 1850 1725 2596 1390 2611 1341 88 308 95 324 515 221 507 245 0 5 226 252 249 244 68 134 34 166 0 0 0 0 0 2 0 2 38 1 114926 653580 866802 1174028 677274 824750 963930 931770 736414 775540 997594 194382 164126 140114 192458 280262 278638 161262 393324 275380 2073600 2073600 
[  791.488764] MESSAGE_B= 4 4 4 0 39 1 192 64 248 179 0 1916 1843 1849 1748 2589 1378 2555 1320 97 298 102 334 549 232 610 259 0 5 222 252 253 244 22 115 6 136 0 0 0 0 0 2 0 2 39 1 78521 687194 935414 1168666 678856 855722 994670 918086 1004774 370476 1057630 92264 157438 134346 171116 257228 293868 255126 283130 153526 2073600 2073600 
[  791.759769] MESSAGE_B= 4 4 4 0 41 1 192 64 248 179 0 1913 1811 1845 1703 2604 1381 2578 1329 84 277 102 291 551 221 585 248 0 5 224 252 252 245 7 147 12 170 0 0 0 0 0 2 0 2 41 1 114228 649697 935414 1168666 678856 855722 994670 918086 1004774 370476 1057630 92264 157438 134346 171116 257228 293868 255126 283130 153526 2073600 2073600 
[  792.030765] MESSAGE_B= 4 4 4 0 39 1 192 64 248 179 0 1912 1810 1845 1680 2613 1369 2567 1318 114 279 120 335 541 236 585 259 0 5 239 225 251 244 5 134 36 113 0 0 0 0 0 2 0 2 39 1 81422 679066 935414 1168666 678856 855722 994670 918086 1004774 370476 1057630 92264 157438 134346 171116 257228 293868 255126 283130 153526 2073600 2073600 
[  792.180766] MESSAGE_B= 4 4 4 0 39 2 192 64 248 179 0 1910 1814 1846 1698 2617 1372 2574 1318 106 268 128 301 567 228 608 252 0 5 238 233 252 244 15 117 44 122 0 0 0 0 0 2 0 2 39 2 115897 656054 935414 1168666 678856 855722 994670 918086 1004774 370476 1057630 92264 157438 134346 171116 257228 293868 255126 283130 153526 2073600 2073600 
[  792.452771] MESSAGE_B= 4 4 4 0 37 1 192 64 248 179 0 1921 1806 1853 1661 2606 1368 2581 1312 106 283 122 311 545 227 594 245 0 5 245 233 253 245 6 132 11 144 0 0 0 0 0 2 0 2 37 1 71461 669670 935414 1168666 678856 855722 994670 918086 1004774 370476 1057630 92264 157438 134346 171116 257228 293868 255126 283130 153526 2073600 2073600 
[  792.723771] MESSAGE_B= 4 4 4 0 38 1 192 64 248 179 0 1936 1812 1857 1719 2608 1367 2564 1306 116 273 135 322 559 221 599 247 0 5 243 245 253 245 11 130 46 147 0 0 0 0 0 2 0 2 38 1 116111 663283 935414 1168666 678856 855722 994670 918086 1004774 370476 1057630 92264 157438 134346 171116 257228 293868 255126 283130 153526 2073600 2073600 
[  792.995762] MESSAGE_B= 4 4 4 0 36 1 192 64 248 179 0 1931 1795 1861 1704 2561 1366 2534 1303 103 267 106 304 571 230 605 256 0 5 231 246 252 245 49 127 17 168 0 2 0 0 0 2 0 2 36 1 74456 661204 935414 1168666 678856 855722 994670 918086 1004774 370476 1057630 92264 157438 134346 171116 257228 293868 255126 283130 153526 2073600 2073600 
[  793.267762] MESSAGE_B= 4 4 4 0 37 1 192 64 248 179 0 1900 1737 1835 1654 2594 1361 2555 1305 118 281 124 326 553 223 599 247 0 5 246 253 252 245 128 124 82 143 0 2 0 0 0 2 0 2 37 1 112781 687992 935414 1168666 678856 855722 994670 918086 1004774 370476 1057630 92264 157438 134346 171116 257228 293868 255126 283130 153526 2073600 2073600 
[  793.539766] MESSAGE_B= 4 4 4 0 39 1 192 64 248 179 0 1899 1765 1835 1704 2576 1366 2534 1306 124 289 120 343 573 233 607 255 0 5 246 252 249 245 85 136 58 150 0 2 0 0 0 2 0 2 39 1 70745 672296 935414 1168666 678856 855722 994670 918086 1004774 370476 1057630 92264 157438 134346 171116 257228 293868 255126 283130 153526 2073600 2073600 
[  793.811126] MESSAGE_B= 4 4 4 0 37 1 192 64 248 179 0 1878 1786 1809 1708 2535 1372 2528 1320 85 289 103 350 560 223 586 253 0 5 232 252 249 243 53 136 1 160 0 2 0 0 0 2 0 2 37 1 122506 676446 954946 1055884 1012512 923784 1151240 858132 1008590 355772 1091304 96122 95602 127774 89902 139418 180710 230928 276986 136492 2073600 2073600 
[  794.082764] MESSAGE_B= 4 4 4 0 37 2 192 64 248 179 0 1883 1840 1819 1833 2549 1381 2540 1328 99 367 118 566 574 233 584 258 0 5 244 243 249 246 59 130 8 124 0 2 0 0 0 2 0 2 37 2 63378 690447 954946 1055884 1012512 923784 1151240 858132 1008590 355772 1091304 96122 95602 127774 89902 139418 180710 230928 276986 136492 2073600 2073600 
[  794.233766] MESSAGE_B= 4 4 4 0 34 2 192 64 248 179 0 1870 1893 1807 1878 2515 1376 2504 1320 95 426 109 592 555 231 563 253 0 5 237 250 249 243 66 116 19 109 0 0 0 0 0 2 0 2 34 2 114102 678219 954946 1055884 1012512 923784 1151240 858132 1008590 355772 1091304 96122 95602 127774 89902 139418 180710 230928 276986 136492 2073600 2073600 
[  794.505762] MESSAGE_B= 4 4 4 0 37 1 192 64 248 179 0 1887 1910 1821 1845 2490 1370 2493 1315 90 437 97 533 564 210 588 235 0 5 229 252 249 242 10 123 10 130 0 0 0 0 0 2 0 2 37 1 65486 669722 954946 1055884 1012512 923784 1151240 858132 1008590 355772 1091304 96122 95602 127774 89902 139418 180710 230928 276986 136492 2073600 2073600 
[  794.776775] MESSAGE_B= 4 4 4 0 39 1 192 64 248 179 0 1868 1907 1805 1871 2480 1378 2481 1323 86 497 107 621 599 239 631 260 0 5 233 254 250 245 34 113 6 111 0 0 0 0 0 2 0 2 39 1 116167 677752 954946 1055884 1012512 923784 1151240 858132 1008590 355772 1091304 96122 95602 127774 89902 139418 180710 230928 276986 136492 2073600 2073600 
[  795.047761] MESSAGE_B= 4 4 4 0 39 1 192 64 248 179 0 1895 1903 1828 1851 2448 1373 2442 1314 83 377 104 480 604 214 652 235 0 5 241 249 249 243 59 123 7 132 0 0 0 0 0 2 0 2 39 1 60830 638495 954946 1055884 1012512 923784 1151240 858132 1008590 355772 1091304 96122 95602 127774 89902 139418 180710 230928 276986 136492 2073600 2073600 
[  795.318769] MESSAGE_B= 4 4 4 0 40 2 192 64 248 179 0 1907 1922 1838 1862 2431 1380 2428 1323 97 387 102 507 621 221 644 248 0 5 233 251 248 243 32 148 20 154 0 0 0 0 0 2 0 2 40 2 115848 673882 954946 1055884 1012512 923784 1151240 858132 1008590 355772 1091304 96122 95602 127774 89902 139418 180710 230928 276986 136492 2073600 2073600 
[  795.590764] MESSAGE_B= 4 4 4 0 40 2 192 64 248 179 0 1890 1842 1823 1825 2425 1381 2447 1323 94 388 94 549 600 227 578 251 0 5 230 248 242 243 49 161 29 158 0 2 0 0 0 2 0 2 40 2 64593 639724 954946 1055884 1012512 923784 1151240 858132 1008590 355772 1091304 96122 95602 127774 89902 139418 180710 230928 276986 136492 2073600 2073600 
[  795.861768] MESSAGE_B= 4 4 4 0 44 1 192 64 248 179 0 1873 1812 1819 1784 2556 1387 2595 1345 76 354 78 501 561 225 538 246 0 5 222 248 244 244 97 191 33 216 0 2 0 0 0 2 0 2 44 1 132635 642225 954946 1055884 1012512 923784 1151240 858132 1008590 355772 1091304 96122 95602 127774 89902 139418 180710 230928 276986 136492 2073600 2073600 
[  796.132770] MESSAGE_B= 4 4 4 3 31 1 192 64 248 179 0 1668 1527 1892 1573 2267 1795 2457 1911 280 150 361 187 233 458 191 525 0 5 242 218 248 253 181 76 188 38 0 0 0 0 0 0 0 0 31 1 73617 654710 932864 1079278 1018460 931122 1137594 825872 1027402 336280 1018788 203070 90482 134616 79214 117370 166078 236310 279434 126724 2073600 2073600 
[  796.283765] MESSAGE_B= 4 4 4 4 30 1 192 64 248 179 0 1675 1523 1903 1567 2272 1799 2462 1916 276 144 363 175 226 457 187 525 0 5 244 211 245 253 181 72 184 24 0 0 0 0 0 0 0 0 30 1 186348 577135 932864 1079278 1018460 931122 1137594 825872 1027402 336280 1018788 203070 90482 134616 79214 117370 166078 236310 279434 126724 2073600 2073600 
[  796.555763] MESSAGE_B= 0 4 4 4 31 1 192 64 248 179 0 1679 1513 1902 1549 2265 1789 2456 1907 267 139 353 169 223 453 181 521 0 5 247 210 245 253 207 75 203 28 0 0 0 0 0 0 0 0 31 1 123074 268346 932864 1079278 1018460 931122 1137594 825872 1027402 336280 1018788 203070 90482 134616 79214 117370 166078 236310 279434 126724 2073600 2073600 
[  796.827768] MESSAGE_B= 4 4 4 4 30 1 192 64 248 179 0 1660 1501 1898 1539 2255 1779 2448 1895 266 138 354 177 232 447 179 519 0 5 245 216 251 253 183 77 210 22 0 0 0 0 0 0 0 0 30 1 186680 572496 932864 1079278 1018460 931122 1137594 825872 1027402 336280 1018788 203070 90482 134616 79214 117370 166078 236310 279434 126724 2073600 2073600 
[  797.099765] MESSAGE_B= 0 4 4 4 31 1 192 64 248 179 0 1916 1836 2072 1995 2244 1744 2438 1859 286 402 338 493 228 425 180 497 0 5 231 245 249 253 139 124 165 102 0 0 0 0 0 0 0 0 31 1 131254 252914 932864 1079278 1018460 931122 1137594 825872 1027402 336280 1018788 203070 90482 134616 79214 117370 166078 236310 279434 126724 2073600 2073600 

