[14104.471767] MESSAGE_B= 0 4 0 58 1 6 192 64 248 179 0 632 538 584 580 184 334 176 473 436 398 405 429 381 527 363 753 0 6 255 255 255 255 254 251 255 253 0 2 0 0 2 2 2 2 1 6 145214 920204 2 65898 2 2 2 2 209254 150550 2 2 25698 2 2 2 2 55372 261602 2 2073600 2073600 
[14104.736766] MESSAGE_B= 4 4 0 56 2 6 192 64 248 179 0 629 541 582 584 183 304 176 427 440 395 408 426 380 517 363 733 0 6 255 255 255 255 253 251 253 253 0 2 0 0 2 2 2 2 2 6 140087 975084 958450 198050 2 2 2 34 1094534 775692 1012494 60486 25698 2 2 40 12670 152224 268494 150690 2073600 2073600 
[14105.004762] MESSAGE_B= 0 4 0 58 2 4 192 64 248 179 0 636 537 587 579 119 348 114 491 440 397 406 428 311 530 295 755 0 6 255 255 255 255 253 251 254 252 0 2 0 0 2 2 2 2 2 4 139132 972667 958450 198050 2 2 2 34 1094534 775692 1012494 60486 25698 2 2 40 12670 152224 268494 150690 2073600 2073600 
[14105.272757] MESSAGE_B= 4 4 0 56 2 4 192 64 248 179 0 641 551 589 595 96 294 91 401 445 397 410 428 279 509 262 701 0 6 255 255 255 255 250 250 255 253 0 2 0 0 2 2 2 2 2 4 136688 973016 958450 198050 2 2 2 34 1094534 775692 1012494 60486 25698 2 2 40 12670 152224 268494 150690 2073600 2073600 
[14105.540765] MESSAGE_B= 0 0 0 58 2 4 192 64 248 179 0 648 524 592 567 16 222 16 281 449 398 409 432 0 458 0 583 0 6 255 255 0 255 0 251 255 254 2 2 0 0 2 2 2 2 2 4 154302 978409 958450 198050 2 2 2 34 1094534 775692 1012494 60486 25698 2 2 40 12670 152224 268494 150690 2073600 2073600 
[14105.782759] MESSAGE_B= 4 0 4 58 2 3 192 64 248 179 0 621 510 558 559 16 16 16 16 458 398 412 436 0 0 0 0 0 6 255 255 0 0 0 252 253 254 2 2 0 0 2 2 2 2 2 3 110947 976300 958450 198050 2 2 2 34 1094534 775692 1012494 60486 25698 2 2 40 12670 152224 268494 150690 2073600 2073600 
[14106.048756] MESSAGE_B= 0 0 4 58 2 3 192 64 248 179 0 375 356 341 398 16 16 16 16 431 387 391 434 0 0 0 0 0 6 255 255 0 0 0 0 253 0 2 2 0 0 1 2 2 2 2 3 190014 975045 958450 198050 2 2 2 34 1094534 775692 1012494 60486 25698 2 2 40 12670 152224 268494 150690 2073600 2073600 
[14106.314763] MESSAGE_B= 0 0 4 56 2 4 192 64 248 179 0 194 330 173 365 16 16 16 16 346 381 306 424 0 0 0 0 0 6 255 255 0 0 0 0 0 0 2 2 0 0 1 1 2 2 2 4 153916 980298 958450 198050 2 2 2 34 1094534 775692 1012494 60486 25698 2 2 40 12670 152224 268494 150690 2073600 2073600 
[14106.580762] MESSAGE_B= 0 0 0 58 2 4 192 64 248 179 0 16 223 16 222 16 148 16 141 0 367 0 365 0 397 0 375 0 6 0 255 0 255 0 0 0 0 2 0 0 0 1 2 2 2 2 4 196201 808955 958450 198050 2 2 2 34 1094534 775692 1012494 60486 25698 2 2 40 12670 152224 268494 150690 2073600 2073600 
[14106.846759] MESSAGE_B= 0 0 0 56 2 4 192 64 248 179 0 106 16 103 16 16 16 16 16 290 0 280 0 0 0 0 0 0 6 255 0 0 0 0 0 0 247 2 2 0 0 2 2 2 2 2 4 203130 930911 958450 198050 2 2 2 34 1094534 775692 1012494 60486 25698 2 2 40 12670 152224 268494 150690 2073600 2073600 
[14106.990762] MESSAGE_B= 0 0 0 58 2 5 192 64 248 179 0 471 43 451 42 16 16 16 16 498 162 477 157 0 0 0 0 0 6 255 255 0 0 0 0 0 233 2 2 0 0 2 2 2 2 2 5 314562 731891 502062 1096950 1268146 1207100 1109958 1066314 1227808 1090588 373736 378172 82008 37080 113070 179186 145520 76928 244398 146442 2073600 2073600 
[14107.259756] MESSAGE_B= 0 0 0 56 2 3 192 64 248 179 0 590 307 572 318 16 16 16 16 456 418 442 438 0 0 0 0 0 6 255 255 0 0 0 0 0 0 0 2 0 0 2 2 1 2 2 3 138397 912072 502062 1096950 1268146 1207100 1109958 1066314 1227808 1090588 373736 378172 82008 37080 113070 179186 145520 76928 244398 146442 2073600 2073600 
[14107.528758] MESSAGE_B= 0 0 0 58 2 3 192 64 248 179 0 498 78 478 107 16 16 16 16 461 236 443 347 0 0 0 0 0 6 255 255 0 0 0 0 0 0 0 2 0 0 1 1 1 2 2 3 91334 506137 502062 1096950 1268146 1207100 1109958 1066314 1227808 1090588 373736 378172 82008 37080 113070 179186 145520 76928 244398 146442 2073600 2073600 
[14107.797761] MESSAGE_B= 4 0 0 56 2 4 192 64 248 179 0 109 16 108 16 16 16 16 16 281 0 277 0 0 0 0 0 0 6 255 0 0 0 0 178 0 0 0 0 0 0 1 2 1 1 2 4 87880 895644 502062 1096950 1268146 1207100 1109958 1066314 1227808 1090588 373736 378172 82008 37080 113070 179186 145520 76928 244398 146442 2073600 2073600 
[14108.065759] MESSAGE_B= 0 0 0 56 2 4 192 64 248 179 0 16 16 16 16 16 16 16 16 0 0 0 0 0 0 0 0 0 6 0 0 0 0 0 0 0 0 0 0 0 0 1 2 1 1 2 4 170160 738678 502062 1096950 1268146 1207100 1109958 1066314 1227808 1090588 373736 378172 82008 37080 113070 179186 145520 76928 244398 146442 2073600 2073600 
[14108.333764] MESSAGE_B= 0 0 0 58 2 4 192 64 248 179 0 16 16 16 16 16 16 16 16 0 0 0 0 0 0 0 0 0 6 0 0 0 0 0 0 0 0 0 0 0 0 1 2 2 1 2 4 204484 608298 502062 1096950 1268146 1207100 1109958 1066314 1227808 1090588 373736 378172 82008 37080 113070 179186 145520 76928 244398 146442 2073600 2073600 
[14108.601765] MESSAGE_B= 0 4 0 56 2 4 192 64 248 179 0 28 16 32 16 28 114 28 115 104 0 139 0 78 191 78 193 0 6 255 0 255 255 0 0 0 13 0 2 0 0 2 1 2 2 2 4 212688 823498 502062 1096950 1268146 1207100 1109958 1066314 1227808 1090588 373736 378172 82008 37080 113070 179186 145520 76928 244398 146442 2073600 2073600 
[14108.870764] MESSAGE_B= 0 0 0 58 2 2 192 64 248 179 0 98 388 106 639 206 254 206 256 284 506 315 858 228 232 228 233 0 6 255 241 255 255 186 95 79 126 2 2 0 0 2 2 2 2 2 2 320288 677912 502062 1096950 1268146 1207100 1109958 1066314 1227808 1090588 373736 378172 82008 37080 113070 179186 145520 76928 244398 146442 2073600 2073600 
[14109.020761] MESSAGE_B= 0 0 0 56 1 3 192 64 248 179 0 133 389 146 601 250 275 246 275 333 537 370 854 233 229 230 228 0 6 255 245 255 255 207 30 145 86 2 2 0 0 2 2 2 2 1 3 61810 987954 502062 1096950 1268146 1207100 1109958 1066314 1227808 1090588 373736 378172 82008 37080 113070 179186 145520 76928 244398 146442 2073600 2073600 
[14109.291765] MESSAGE_B= 0 0 0 56 1 3 192 64 248 179 0 1034 1180 1189 1863 0 0 0 0 90 111 36 355 0 0 0 0 0 6 112 4 0 0 0 0 236 0 2 0 1 1 1 1 0 1 1 3 297936 828408 1383442 720452 575790 164652 635464 188216 337068 614740 1204210 257860 188758 291018 254020 233576 182130 155088 311464 301342 2073600 2073600 
[14109.560769] MESSAGE_B= 0 0 0 58 1 3 192 64 248 179 0 1085 1187 1179 1786 0 0 0 0 41 55 40 426 0 0 0 0 0 6 242 158 0 0 0 0 0 0 0 0 1 1 1 1 1 1 1 3 160266 935600 1383442 720452 575790 164652 635464 188216 337068 614740 1204210 257860 188758 291018 254020 233576 182130 155088 311464 301342 2073600 2073600 
[14109.829761] MESSAGE_B= 0 0 0 56 1 3 192 64 248 179 0 1088 1166 1180 1466 0 0 0 0 0 20 17 272 0 0 0 0 0 6 0 35 0 0 0 0 0 0 0 0 1 1 1 1 1 1 1 3 270572 949884 1383442 720452 575790 164652 635464 188216 337068 614740 1204210 257860 188758 291018 254020 233576 182130 155088 311464 301342 2073600 2073600 
[14110.097761] MESSAGE_B= 0 0 0 60 1 3 192 64 248 179 0 1096 1162 1168 1304 0 0 0 0 8 41 16 8 0 0 0 0 0 6 255 255 0 0 0 0 0 0 0 0 1 1 1 1 1 1 1 3 126000 930078 1383442 720452 575790 164652 635464 188216 337068 614740 1204210 257860 188758 291018 254020 233576 182130 155088 311464 301342 2073600 2073600 
[14110.365759] MESSAGE_B= 0 0 0 65 1 2 192 64 248 179 0 0 1157 0 1309 0 0 0 0 0 30 0 32 0 0 0 0 0 6 0 245 0 0 0 0 0 252 1 0 1 1 1 1 1 0 1 2 253506 956296 1383442 720452 575790 164652 635464 188216 337068 614740 1204210 257860 188758 291018 254020 233576 182130 155088 311464 301342 2073600 2073600 
[14110.633763] MESSAGE_B= 0 0 0 74 1 3 192 64 248 179 0 0 1160 0 1306 0 0 0 0 0 8 0 48 0 0 0 0 0 6 0 255 0 0 0 0 21 255 1 0 1 1 1 1 0 0 1 3 68187 908990 1383442 720452 575790 164652 635464 188216 337068 614740 1204210 257860 188758 291018 254020 233576 182130 155088 311464 301342 2073600 2073600 
[14110.901763] MESSAGE_B= 0 0 0 83 1 2 192 64 248 179 0 0 1145 0 1296 624 0 560 0 0 41 0 22 0 0 0 0 0 6 0 255 0 0 0 0 0 0 1 0 0 1 1 1 1 1 1 2 270358 970809 1383442 720452 575790 164652 635464 188216 337068 614740 1204210 257860 188758 291018 254020 233576 182130 155088 311464 301342 2073600 2073600 
[14111.048758] MESSAGE_B= 0 0 0 89 1 2 192 64 248 179 0 0 1152 0 1298 0 0 0 0 0 22 0 49 0 0 0 0 0 6 0 161 0 0 0 0 0 63 1 0 1 1 1 1 1 0 1 2 84149 917768 1383442 720452 575790 164652 635464 188216 337068 614740 1204210 257860 188758 291018 254020 233576 182130 155088 311464 301342 2073600 2073600 
[14111.316765] MESSAGE_B= 0 0 0 101 2 2 192 64 248 179 0 0 1160 0 1284 0 0 0 0 0 8 0 26 0 0 0 0 0 6 0 118 0 0 0 0 0 157 1 0 1 1 1 1 1 0 2 2 228031 977602 1383442 720452 575790 164652 635464 188216 337068 614740 1204210 257860 188758 291018 254020 233576 182130 155088 311464 301342 2073600 2073600 
[14111.584761] MESSAGE_B= 0 0 0 106 1 2 192 64 248 179 0 0 1158 0 1273 0 0 0 0 0 31 0 49 0 0 0 0 0 6 0 183 0 0 0 0 0 0 1 0 1 1 1 1 1 1 1 2 178227 898586 1099672 1079232 671826 1135300 1103052 1140796 1106878 1255440 1110756 261554 89756 77406 204686 314242 297280 329588 326290 282854 2073600 2073600 
[14111.852764] MESSAGE_B= 0 0 0 104 2 2 192 64 248 179 0 0 1154 0 1293 0 0 0 0 0 42 0 51 0 0 0 0 0 6 0 88 0 0 0 0 0 220 1 0 1 1 1 1 1 0 2 2 247992 985457 1099672 1079232 671826 1135300 1103052 1140796 1106878 1255440 1110756 261554 89756 77406 204686 314242 297280 329588 326290 282854 2073600 2073600 
[14112.120759] MESSAGE_B= 0 0 0 107 2 2 192 64 248 179 0 0 1157 0 1269 0 0 0 0 0 28 0 39 0 0 0 0 0 6 0 182 0 0 0 0 0 0 1 0 1 1 1 1 1 1 2 2 281534 939784 1099672 1079232 671826 1135300 1103052 1140796 1106878 1255440 1110756 261554 89756 77406 204686 314242 297280 329588 326290 282854 2073600 2073600 
[14112.388760] MESSAGE_B= 0 0 0 106 1 2 192 64 248 179 0 0 1170 0 1264 0 0 0 0 0 41 0 9 0 0 0 0 0 6 0 255 0 0 0 0 0 0 1 2 1 1 1 1 1 1 1 2 248368 985952 1099672 1079232 671826 1135300 1103052 1140796 1106878 1255440 1110756 261554 89756 77406 204686 314242 297280 329588 326290 282854 2073600 2073600 
[14112.656764] MESSAGE_B= 0 0 0 109 2 3 192 64 248 179 0 0 1220 0 1497 0 0 0 0 0 96 0 380 0 0 0 0 0 6 0 241 0 0 0 0 0 0 1 2 1 1 1 1 1 1 2 3 299262 905452 1099672 1079232 671826 1135300 1103052 1140796 1106878 1255440 1110756 261554 89756 77406 204686 314242 297280 329588 326290 282854 2073600 2073600 
[14112.924763] MESSAGE_B= 0 0 0 105 1 2 192 64 248 179 0 0 1252 0 1848 0 0 0 0 0 91 0 434 0 0 0 0 0 6 0 191 0 0 0 0 0 0 1 2 1 1 1 1 1 1 1 2 242618 985306 1099672 1079232 671826 1135300 1103052 1140796 1106878 1255440 1110756 261554 89756 77406 204686 314242 297280 329588 326290 282854 2073600 2073600 
[14113.071761] MESSAGE_B= 0 0 0 104 2 2 192 64 248 179 0 0 1250 0 1846 0 0 0 0 0 84 0 419 0 0 0 0 0 6 0 190 0 0 0 0 232 12 1 2 1 1 1 1 2 2 2 2 276684 880070 1099672 1079232 671826 1135300 1103052 1140796 1106878 1255440 1110756 261554 89756 77406 204686 314242 297280 329588 326290 282854 2073600 2073600 
[14113.339760] MESSAGE_B= 0 0 0 102 4 2 192 64 248 179 0 0 1248 0 1943 0 0 0 0 0 82 0 366 0 0 0 0 0 6 0 151 0 0 0 0 0 0 1 0 1 1 1 1 1 1 4 2 233462 975528 1099672 1079232 671826 1135300 1103052 1140796 1106878 1255440 1110756 261554 89756 77406 204686 314242 297280 329588 326290 282854 2073600 2073600 
[14113.607766] MESSAGE_B= 0 0 0 96 5 2 192 64 248 179 0 0 1259 0 1953 0 0 0 0 0 74 0 326 0 0 0 0 0 6 0 153 0 0 0 0 0 0 1 2 1 1 1 1 1 1 5 2 275608 902194 1099672 1079232 671826 1135300 1103052 1140796 1106878 1255440 1110756 261554 89756 77406 204686 314242 297280 329588 326290 282854 2073600 2073600 
[14113.875762] MESSAGE_B= 0 0 0 96 6 2 192 64 248 179 0 0 1299 0 1998 0 0 0 0 0 72 0 291 0 0 0 0 0 6 0 147 0 0 0 0 0 0 1 2 1 1 1 0 1 2 6 2 264760 952788 1060432 1168840 512212 1070548 1178906 1147432 763338 1037518 1151382 380460 98828 34226 477296 450356 210516 251376 530704 309158 2073600 2073600 
[14114.143763] MESSAGE_B= 0 0 0 91 4 2 192 64 248 179 0 0 1289 0 1960 0 0 0 0 0 118 0 275 0 0 0 0 0 6 0 181 0 0 0 0 0 0 1 2 1 1 1 1 1 1 4 2 293780 851866 1060432 1168840 512212 1070548 1178906 1147432 763338 1037518 1151382 380460 98828 34226 477296 450356 210516 251376 530704 309158 2073600 2073600 
[14114.411767] MESSAGE_B= 0 0 0 93 3 3 192 64 248 179 0 0 1297 0 1904 0 0 0 0 0 112 0 287 0 0 0 0 0 6 0 198 0 0 0 0 0 0 1 2 1 1 1 1 1 1 3 3 261248 935716 1060432 1168840 512212 1070548 1178906 1147432 763338 1037518 1151382 380460 98828 34226 477296 450356 210516 251376 530704 309158 2073600 2073600 
[14114.679764] MESSAGE_B= 0 0 0 99 3 2 192 64 248 179 0 0 1314 0 1855 0 0 0 0 0 93 0 263 0 0 0 0 0 6 0 207 0 0 0 0 0 0 1 2 1 1 1 1 1 1 3 2 324660 882224 1060432 1168840 512212 1070548 1178906 1147432 763338 1037518 1151382 380460 98828 34226 477296 450356 210516 251376 530704 309158 2073600 2073600 
[14114.947766] MESSAGE_B= 0 0 0 97 3 3 192 64 248 179 0 953 1281 2284 1792 0 0 0 0 49 90 148 224 0 0 0 0 0 6 97 231 0 0 0 0 0 0 0 2 1 1 1 1 1 1 3 3 280077 924291 1060432 1168840 512212 1070548 1178906 1147432 763338 1037518 1151382 380460 98828 34226 477296 450356 210516 251376 530704 309158 2073600 2073600 
[14115.095763] MESSAGE_B= 0 0 0 104 3 3 192 64 248 179 0 954 1233 2064 1745 0 0 0 0 57 89 320 208 0 0 0 0 0 6 143 234 0 0 0 0 0 0 0 2 1 1 1 1 1 1 3 3 281126 915258 1060432 1168840 512212 1070548 1178906 1147432 763338 1037518 1151382 380460 98828 34226 477296 450356 210516 251376 530704 309158 2073600 2073600 
[14115.364767] MESSAGE_B= 0 0 0 95 3 3 192 64 248 179 0 958 1212 2085 1841 1350 1048 924 1100 67 61 334 160 205 152 61 191 0 6 172 195 142 227 197 0 211 91 2 2 0 2 2 1 2 2 3 3 343359 922720 1060432 1168840 512212 1070548 1178906 1147432 763338 1037518 1151382 380460 98828 34226 477296 450356 210516 251376 530704 309158 2073600 2073600 
[14115.635776] MESSAGE_B= 0 0 0 82 4 2 192 64 248 179 0 1667 1062 1302 1516 631 755 1070 1208 462 109 109 252 75 127 172 248 0 31 131 193 187 34 181 164 26 65 0 0 2 0 2 2 2 2 4 2 317627 934302 1060432 1168840 512212 1070548 1178906 1147432 763338 1037518 1151382 380460 98828 34226 477296 450356 210516 251376 530704 309158 2073600 2073600 
[14115.906774] MESSAGE_B= 0 7 0 79 3 2 192 64 248 179 0 890 1105 1064 1116 567 623 803 863 539 667 642 723 458 470 554 570 0 31 253 230 234 237 231 196 189 183 0 0 0 0 0 0 0 0 3 2 238968 776674 1060432 1168840 512212 1070548 1178906 1147432 763338 1037518 1151382 380460 98828 34226 477296 450356 210516 251376 530704 309158 2073600 2073600 
[14116.178769] MESSAGE_B= 0 4 0 75 2 3 192 64 248 179 0 805 874 1240 1246 489 649 977 1242 488 529 752 796 392 490 651 764 0 31 253 247 233 223 225 227 184 183 0 0 0 0 0 0 0 0 2 3 371788 947722 696432 1276036 794356 1096750 1257862 1124986 990538 565300 1038926 757398 144256 91338 489792 456324 371742 265108 846024 367962 2073600 2073600 
[14116.450762] MESSAGE_B= 0 4 0 80 2 2 192 64 248 179 0 765 781 1275 1204 463 565 926 1035 458 477 779 752 394 450 670 759 0 31 252 255 246 248 232 234 218 232 0 0 0 0 0 0 0 0 2 2 481030 595277 696432 1276036 794356 1096750 1257862 1124986 990538 565300 1038926 757398 144256 91338 489792 456324 371742 265108 846024 367962 2073600 2073600 
[14116.722771] MESSAGE_B= 0 4 0 87 3 2 192 64 248 179 0 696 740 1227 1149 498 518 824 867 418 443 748 730 400 392 678 651 0 31 253 251 255 253 231 231 235 243 0 0 0 0 0 0 0 0 3 2 442114 828997 696432 1276036 794356 1096750 1257862 1124986 990538 565300 1038926 757398 144256 91338 489792 456324 371742 265108 846024 367962 2073600 2073600 
[14116.993770] MESSAGE_B= 0 4 0 81 4 2 192 64 248 179 0 880 939 1571 1437 867 865 1331 1365 117 46 220 238 220 206 528 350 0 12 211 23 247 235 99 26 59 91 0 0 0 0 2 2 2 2 4 2 575147 583406 696432 1276036 794356 1096750 1257862 1124986 990538 565300 1038926 757398 144256 91338 489792 456324 371742 265108 846024 367962 2073600 2073600 
[14117.143760] MESSAGE_B= 0 0 0 79 4 2 192 64 248 179 0 1111 0 1667 0 1077 1129 1621 1847 36 0 46 0 53 126 137 105 0 6 186 0 5 15 0 0 49 0 2 1 2 0 1 1 2 1 4 2 345542 917305 696432 1276036 794356 1096750 1257862 1124986 990538 565300 1038926 757398 144256 91338 489792 456324 371742 265108 846024 367962 2073600 2073600 
[14117.413759] MESSAGE_B= 0 0 4 77 4 2 192 64 248 179 0 297 30 480 37 399 353 516 730 478 120 791 186 403 319 536 805 0 6 255 255 251 209 255 116 238 249 2 0 2 2 2 2 0 2 4 2 593871 607457 696432 1276036 794356 1096750 1257862 1124986 990538 565300 1038926 757398 144256 91338 489792 456324 371742 265108 846024 367962 2073600 2073600 
[14117.684762] MESSAGE_B= 0 0 4 77 3 2 192 64 248 179 0 155 221 236 291 403 449 515 771 357 468 565 625 411 438 570 815 0 6 255 255 252 189 253 150 241 250 2 0 2 2 2 2 0 2 3 2 416263 944015 696432 1276036 794356 1096750 1257862 1124986 990538 565300 1038926 757398 144256 91338 489792 456324 371742 265108 846024 367962 2073600 2073600 
[14117.955758] MESSAGE_B= 0 0 4 76 2 1 192 64 248 179 0 16 183 16 251 431 603 560 756 0 415 0 576 427 567 596 801 0 6 0 254 252 240 0 226 244 249 2 0 2 2 2 2 0 2 2 1 547433 643896 696432 1276036 794356 1096750 1257862 1124986 990538 565300 1038926 757398 144256 91338 489792 456324 371742 265108 846024 367962 2073600 2073600 
[14118.225755] MESSAGE_B= 0 0 0 76 3 2 192 64 248 179 0 16 94 16 109 446 608 585 663 0 297 0 353 430 599 579 737 0 6 0 255 253 207 0 226 232 246 2 0 2 2 2 2 2 2 3 2 378555 946608 696432 1276036 794356 1096750 1257862 1124986 990538 565300 1038926 757398 144256 91338 489792 456324 371742 265108 846024 367962 2073600 2073600 
[14118.495759] MESSAGE_B= 0 0 0 75 3 1 192 64 248 179 0 16 16 16 16 444 763 573 649 0 0 0 0 435 693 555 726 0 6 0 0 254 232 0 220 226 0 2 0 2 2 2 2 2 2 3 1 371263 703291 511100 752450 481202 572224 772666 553478 553150 620716 699478 449354 473120 485938 901042 817524 658456 808284 669840 470018 2073600 2073600 
[14118.764780] MESSAGE_B= 0 0 0 74 4 1 192 64 248 179 0 16 16 16 16 407 654 521 514 0 0 0 0 434 641 539 649 0 6 0 0 239 216 0 238 200 0 2 0 2 2 1 2 2 2 4 1 264608 906392 511100 752450 481202 572224 772666 553478 553150 620716 699478 449354 473120 485938 901042 817524 658456 808284 669840 470018 2073600 2073600 
[14119.033757] MESSAGE_B= 0 0 0 75 3 2 192 64 248 179 0 16 16 16 16 394 663 558 462 0 0 0 0 433 669 545 617 0 6 0 0 218 208 0 240 156 0 2 2 2 2 2 2 2 2 3 2 262183 764856 511100 752450 481202 572224 772666 553478 553150 620716 699478 449354 473120 485938 901042 817524 658456 808284 669840 470018 2073600 2073600 
[14119.181754] MESSAGE_B= 0 0 0 75 2 2 192 64 248 179 0 16 16 16 16 405 667 593 455 0 0 0 0 440 677 552 616 0 6 0 0 208 209 0 235 109 0 2 2 2 2 2 2 2 2 2 2 190058 841966 511100 752450 481202 572224 772666 553478 553150 620716 699478 449354 473120 485938 901042 817524 658456 808284 669840 470018 2073600 2073600 
[14119.450758] MESSAGE_B= 0 0 0 78 2 1 192 64 248 179 0 16 16 16 16 374 624 588 416 0 0 0 0 428 637 545 590 0 6 0 0 191 214 0 230 24 131 2 2 2 2 2 2 2 2 2 1 254619 821923 511100 752450 481202 572224 772666 553478 553150 620716 699478 449354 473120 485938 901042 817524 658456 808284 669840 470018 2073600 2073600 
[14119.719761] MESSAGE_B= 0 0 0 79 2 1 192 64 248 179 0 16 28 16 28 514 550 633 399 0 78 0 75 552 602 564 584 0 6 0 255 176 228 0 243 49 26 2 2 2 2 2 2 2 2 2 1 128251 817011 511100 752450 481202 572224 772666 553478 553150 620716 699478 449354 473120 485938 901042 817524 658456 808284 669840 470018 2073600 2073600 
[14119.988757] MESSAGE_B= 0 0 0 80 2 1 192 64 248 179 0 16 64 16 62 600 501 667 364 0 145 0 139 630 573 542 558 0 6 0 255 184 232 0 228 24 66 2 2 2 2 2 2 2 2 2 1 308506 825357 511100 752450 481202 572224 772666 553478 553150 620716 699478 449354 473120 485938 901042 817524 658456 808284 669840 470018 2073600 2073600 
[14120.258755] MESSAGE_B= 0 0 0 83 2 1 192 64 248 179 0 16 88 16 56 652 429 675 311 0 283 0 130 658 510 557 534 0 6 0 216 179 230 0 209 17 80 2 2 0 2 2 2 2 2 2 1 174403 808090 511100 752450 481202 572224 772666 553478 553150 620716 699478 449354 473120 485938 901042 817524 658456 808284 669840 470018 2073600 2073600 
[14120.528755] MESSAGE_B= 0 0 0 84 2 1 192 64 248 179 0 33 303 31 121 725 361 687 259 146 614 134 197 668 429 583 472 0 6 255 227 196 228 124 196 55 23 2 2 0 2 2 2 2 2 2 1 390846 816578 511100 752450 481202 572224 772666 553478 553150 620716 699478 449354 473120 485938 901042 817524 658456 808284 669840 470018 2073600 2073600 
[14120.799767] MESSAGE_B= 0 4 0 85 2 1 192 64 248 179 0 615 713 852 457 662 796 781 611 365 436 570 288 516 576 581 495 0 31 224 250 241 242 167 194 153 165 0 0 0 0 0 0 0 0 2 1 198230 816842 740494 685514 309778 665952 820004 554942 491812 581206 849522 220048 201392 387198 302598 363364 253436 634130 641352 378530 2073600 2073600 
[14120.949757] MESSAGE_B= 0 7 0 86 3 1 192 64 248 179 0 616 718 816 450 660 785 756 598 368 442 542 282 524 578 571 490 0 31 226 250 243 241 170 201 166 165 0 0 0 0 0 0 0 0 3 1 426450 816505 740494 685514 309778 665952 820004 554942 491812 581206 849522 220048 201392 387198 302598 363364 253436 634130 641352 378530 2073600 2073600 
[14121.220759] MESSAGE_B= 0 4 0 88 3 1 192 64 248 179 0 620 722 759 440 657 754 712 583 370 446 498 277 539 582 556 484 0 12 228 250 245 243 179 211 184 166 0 0 0 0 0 0 0 0 3 1 213058 855106 740494 685514 309778 665952 820004 554942 491812 581206 849522 220048 201392 387198 302598 363364 253436 634130 641352 378530 2073600 2073600 
[14121.491760] MESSAGE_B= 0 0 0 89 3 1 192 64 248 179 0 843 1043 999 648 1167 1430 1327 1026 88 145 238 88 251 184 218 229 0 12 55 204 57 75 6 196 196 17 0 0 0 0 2 2 2 2 3 1 442976 795177 740494 685514 309778 665952 820004 554942 491812 581206 849522 220048 201392 387198 302598 363364 253436 634130 641352 378530 2073600 2073600 
[14121.761762] MESSAGE_B= 0 0 0 90 3 1 192 64 248 179 0 850 1043 952 647 1192 1433 1305 1025 96 177 219 89 235 200 225 225 0 12 77 209 79 82 17 180 191 7 0 0 0 0 2 2 2 2 3 1 232076 902374 740494 685514 309778 665952 820004 554942 491812 581206 849522 220048 201392 387198 302598 363364 253436 634130 641352 378530 2073600 2073600 
[14122.032760] MESSAGE_B= 0 0 0 90 2 2 192 64 248 179 0 1338 0 1370 0 1557 1461 1475 1656 42 0 138 0 194 302 298 343 0 6 44 0 25 221 0 114 193 0 2 1 0 2 1 2 2 1 2 2 433595 785420 740494 685514 309778 665952 820004 554942 491812 581206 849522 220048 201392 387198 302598 363364 253436 634130 641352 378530 2073600 2073600 
[14122.181761] MESSAGE_B= 0 0 0 90 2 2 192 64 248 179 0 1320 0 1192 0 1562 1428 1494 1606 8 0 88 0 182 318 319 356 0 6 255 0 38 141 0 211 126 0 2 1 0 2 1 2 2 1 2 2 247287 932302 740494 685514 309778 665952 820004 554942 491812 581206 849522 220048 201392 387198 302598 363364 253436 634130 641352 378530 2073600 2073600 
[14122.451759] MESSAGE_B= 0 0 0 90 2 2 192 64 248 179 0 1353 0 1158 0 1564 1316 1452 1682 36 0 101 0 225 281 294 291 0 6 19 0 10 243 0 214 0 0 2 1 2 2 1 2 2 1 2 2 426220 788037 740494 685514 309778 665952 820004 554942 491812 581206 849522 220048 201392 387198 302598 363364 253436 634130 641352 378530 2073600 2073600 
[14122.721763] MESSAGE_B= 0 0 0 91 2 2 192 64 248 179 0 1348 0 1272 0 1485 1292 1378 1578 84 0 148 0 315 323 387 427 0 6 39 0 140 89 0 18 47 0 2 1 0 2 1 2 2 1 2 2 248048 926031 740494 685514 309778 665952 820004 554942 491812 581206 849522 220048 201392 387198 302598 363364 253436 634130 641352 378530 2073600 2073600 
[14122.991759] MESSAGE_B= 0 0 0 90 2 1 192 64 248 179 0 1367 0 1360 0 1577 1426 1464 1664 103 0 179 0 201 256 336 376 0 6 163 0 28 249 0 9 8 0 2 1 2 2 1 2 2 1 2 1 418625 795097 749250 599338 274520 776722 896190 398808 770314 560072 859648 254156 288742 191062 338258 406344 432478 629240 645558 439950 2073600 2073600 
[14123.261760] MESSAGE_B= 0 0 0 89 2 2 192 64 248 179 0 1399 0 1353 0 1576 1456 1476 1744 105 0 212 0 201 126 340 278 0 6 160 0 43 233 0 63 84 0 2 1 2 2 1 2 2 1 2 2 289172 877882 749250 599338 274520 776722 896190 398808 770314 560072 859648 254156 288742 191062 338258 406344 432478 629240 645558 439950 2073600 2073600 
[14123.531768] MESSAGE_B= 0 0 0 91 2 2 192 64 248 179 0 1435 0 1327 0 1580 1478 1476 1673 122 0 177 0 204 66 331 622 0 6 78 0 39 8 0 136 6 0 2 1 2 2 1 2 2 1 2 2 426037 773269 749250 599338 274520 776722 896190 398808 770314 560072 859648 254156 288742 191062 338258 406344 432478 629240 645558 439950 2073600 2073600 
[14123.680759] MESSAGE_B= 0 0 0 91 2 3 192 64 248 179 0 1428 0 1293 0 1545 1500 1421 1756 134 0 168 0 247 111 400 400 0 6 29 0 108 165 0 64 93 0 2 1 2 2 1 2 2 1 2 3 316264 824156 749250 599338 274520 776722 896190 398808 770314 560072 859648 254156 288742 191062 338258 406344 432478 629240 645558 439950 2073600 2073600 
[14123.950759] MESSAGE_B= 0 0 0 92 2 2 192 64 248 179 0 1446 0 1341 0 1401 1504 1240 1764 155 0 144 0 347 139 496 338 0 6 33 0 186 246 0 89 149 0 2 1 2 2 1 2 2 1 2 2 440562 786032 749250 599338 274520 776722 896190 398808 770314 560072 859648 254156 288742 191062 338258 406344 432478 629240 645558 439950 2073600 2073600 
[14124.220754] MESSAGE_B= 0 0 0 93 2 2 192 64 248 179 0 1486 0 1303 0 1343 1560 1202 1624 155 0 183 0 385 108 500 679 0 6 100 0 187 227 0 93 6 0 2 1 2 2 1 2 2 1 2 2 320234 792804 749250 599338 274520 776722 896190 398808 770314 560072 859648 254156 288742 191062 338258 406344 432478 629240 645558 439950 2073600 2073600 
[14124.490756] MESSAGE_B= 0 0 0 93 2 2 192 64 248 179 0 1561 0 1301 0 1553 1568 1534 1780 130 0 214 0 219 103 328 484 0 6 169 0 24 159 0 0 34 0 2 1 2 2 1 1 2 1 2 2 410946 802302 749250 599338 274520 776722 896190 398808 770314 560072 859648 254156 288742 191062 338258 406344 432478 629240 645558 439950 2073600 2073600 
[14124.760757] MESSAGE_B= 0 0 0 95 2 1 192 64 248 179 0 1508 0 1481 0 1510 1621 1500 1845 170 0 149 0 204 72 362 330 0 6 40 0 78 240 0 0 67 0 2 1 2 2 1 1 2 1 2 1 261168 811865 749250 599338 274520 776722 896190 398808 770314 560072 859648 254156 288742 191062 338258 406344 432478 629240 645558 439950 2073600 2073600 
[14124.908755] MESSAGE_B= 0 0 0 96 2 1 192 64 248 179 0 1516 0 1433 0 1466 1608 1534 1984 136 0 147 0 149 40 367 576 0 6 69 0 80 255 0 0 78 0 2 1 2 2 1 1 2 1 2 1 351428 787618 749250 599338 274520 776722 896190 398808 770314 560072 859648 254156 288742 191062 338258 406344 432478 629240 645558 439950 2073600 2073600 
[14125.177755] MESSAGE_B= 0 0 0 97 2 1 192 64 248 179 0 1522 0 1364 0 1452 1648 1550 2184 162 0 172 0 154 64 367 264 0 6 63 0 67 255 0 0 32 0 2 1 2 2 1 1 2 1 2 1 220014 827733 689240 838160 145588 762116 844134 572270 866404 666520 749182 234252 139778 157810 419752 496002 573748 540794 724296 358800 2073600 2073600 
[14125.446756] MESSAGE_B= 0 0 0 97 2 1 192 64 248 179 0 1522 0 1346 0 1464 1584 1562 2032 180 0 158 0 169 32 348 416 0 6 44 0 48 255 0 155 0 0 0 1 2 2 1 2 2 1 2 1 321617 767483 689240 838160 145588 762116 844134 572270 866404 666520 749182 234252 139778 157810 419752 496002 573748 540794 724296 358800 2073600 2073600 
[14125.716758] MESSAGE_B= 0 0 0 96 2 1 192 64 248 179 0 1525 0 1349 0 1449 1560 1562 1912 121 0 162 0 142 56 349 168 0 6 143 0 81 255 0 32 0 0 0 1 2 2 1 2 1 1 2 1 196304 829590 689240 838160 145588 762116 844134 572270 866404 666520 749182 234252 139778 157810 419752 496002 573748 540794 724296 358800 2073600 2073600 
[14125.986758] MESSAGE_B= 0 0 0 96 2 1 192 64 248 179 0 1560 0 1319 0 1475 1568 1508 1960 142 0 182 0 160 16 388 408 0 6 120 0 97 255 0 91 0 0 0 1 2 2 1 2 1 1 2 1 316156 741432 689240 838160 145588 762116 844134 572270 866404 666520 749182 234252 139778 157810 419752 496002 573748 540794 724296 358800 2073600 2073600 
[14126.256756] MESSAGE_B= 0 0 0 96 2 1 192 64 248 179 0 1541 0 1331 0 1457 1560 1505 1856 137 0 183 0 151 40 399 448 0 6 120 0 107 255 0 0 0 0 0 1 2 2 1 1 1 1 2 1 190483 811230 689240 838160 145588 762116 844134 572270 866404 666520 749182 234252 139778 157810 419752 496002 573748 540794 724296 358800 2073600 2073600 
[14126.404755] MESSAGE_B= 0 0 0 96 2 1 192 64 248 179 0 1572 0 1355 0 1484 1536 1523 1880 171 0 178 0 178 16 375 440 0 6 75 0 83 255 0 0 0 0 0 1 2 2 1 1 1 1 2 1 310990 705515 689240 838160 145588 762116 844134 572270 866404 666520 749182 234252 139778 157810 419752 496002 573748 540794 724296 358800 2073600 2073600 
[14126.673761] MESSAGE_B= 0 0 0 97 2 1 192 64 248 179 0 1494 0 1324 0 1421 1418 1568 1456 117 0 177 0 130 84 316 621 0 6 137 0 124 222 0 0 0 0 0 1 2 2 1 1 1 1 2 1 184656 801829 689240 838160 145588 762116 844134 572270 866404 666520 749182 234252 139778 157810 419752 496002 573748 540794 724296 358800 2073600 2073600 
[14126.943756] MESSAGE_B= 0 0 0 100 2 1 192 64 248 179 0 783 1065 863 655 1033 1492 1351 919 181 205 182 75 127 142 86 114 0 12 249 223 73 28 53 178 195 0 0 2 2 2 2 2 2 1 2 1 310223 671661 689240 838160 145588 762116 844134 572270 866404 666520 749182 234252 139778 157810 419752 496002 573748 540794 724296 358800 2073600 2073600 
[14127.214759] MESSAGE_B= 0 0 0 99 2 1 192 64 248 179 0 780 1057 861 652 1020 1494 1346 911 177 211 185 71 129 144 104 118 0 12 249 234 4 11 68 186 193 0 0 2 2 2 2 2 2 1 2 1 177639 803355 689240 838160 145588 762116 844134 572270 866404 666520 749182 234252 139778 157810 419752 496002 573748 540794 724296 358800 2073600 2073600 
[14127.485757] MESSAGE_B= 0 0 0 101 2 1 192 64 248 179 0 777 1052 857 652 1010 1492 1333 907 176 215 184 75 130 135 120 110 0 12 250 225 38 46 20 178 200 0 0 2 2 2 2 2 2 1 2 1 301228 649232 633142 993962 98240 695190 764556 504244 891928 665844 660410 216416 138258 190660 282602 300970 430222 457502 492062 280160 2073600 2073600 
[14127.635762] MESSAGE_B= 0 0 0 100 2 1 192 64 248 179 0 775 1056 855 655 1009 1492 1336 904 175 215 186 69 130 136 116 115 0 12 250 232 24 25 7 163 202 0 0 2 2 2 2 2 2 1 2 1 175486 798147 633142 993962 98240 695190 764556 504244 891928 665844 660410 216416 138258 190660 282602 300970 430222 457502 492062 280160 2073600 2073600 
[14127.906756] MESSAGE_B= 0 0 0 100 2 1 192 64 248 179 0 777 1051 853 653 1014 1493 1345 908 176 220 186 73 122 137 97 109 0 12 249 227 33 39 14 163 195 0 0 2 2 2 2 2 2 1 2 1 294695 627820 633142 993962 98240 695190 764556 504244 891928 665844 660410 216416 138258 190660 282602 300970 430222 457502 492062 280160 2073600 2073600 
[14128.176755] MESSAGE_B= 0 0 0 100 2 1 192 64 248 179 0 776 1048 851 652 1014 1496 1349 906 177 219 185 71 128 133 99 117 0 12 251 231 26 22 21 172 188 0 0 2 2 2 2 2 2 1 2 1 173032 795617 633142 993962 98240 695190 764556 504244 891928 665844 660410 216416 138258 190660 282602 300970 430222 457502 492062 280160 2073600 2073600 
[14128.447757] MESSAGE_B= 0 0 0 101 2 1 192 64 248 179 0 777 1051 850 657 1011 1500 1350 906 177 215 190 69 131 134 89 114 0 12 251 227 51 30 0 180 189 0 0 2 2 2 2 2 2 1 2 1 310046 622425 633142 993962 98240 695190 764556 504244 891928 665844 660410 216416 138258 190660 282602 300970 430222 457502 492062 280160 2073600 2073600 
[14128.717761] MESSAGE_B= 0 0 0 100 2 1 192 64 248 179 0 777 1052 851 657 1015 1502 1356 907 176 218 188 68 124 132 95 112 0 12 251 236 77 39 0 185 192 0 0 2 2 2 2 2 2 1 2 1 166345 795904 633142 993962 98240 695190 764556 504244 891928 665844 660410 216416 138258 190660 282602 300970 430222 457502 492062 280160 2073600 2073600 
[14128.987755] MESSAGE_B= 0 0 0 100 2 1 192 64 248 179 0 777 1052 850 657 1014 1502 1353 905 178 217 186 69 125 129 93 116 0 12 250 230 73 28 19 189 182 0 0 2 2 2 2 2 2 1 2 1 299755 623584 633142 993962 98240 695190 764556 504244 891928 665844 660410 216416 138258 190660 282602 300970 430222 457502 492062 280160 2073600 2073600 
[14129.137759] MESSAGE_B= 0 0 0 101 2 1 192 64 248 179 0 775 1052 849 657 1014 1506 1351 904 178 218 190 66 127 127 94 114 0 12 251 238 60 37 32 209 167 0 0 2 2 2 2 2 2 1 2 1 165006 798668 633142 993962 98240 695190 764556 504244 891928 665844 660410 216416 138258 190660 282602 300970 430222 457502 492062 280160 2073600 2073600 
[14129.407756] MESSAGE_B= 0 0 0 100 2 1 192 64 248 179 0 778 1052 850 657 1010 1506 1356 905 174 217 188 73 132 119 99 112 0 12 252 226 80 66 7 201 155 0 0 2 2 2 2 2 2 1 2 1 303789 625473 633142 993962 98240 695190 764556 504244 891928 665844 660410 216416 138258 190660 282602 300970 430222 457502 492062 280160 2073600 2073600 
[14129.677760] MESSAGE_B= 0 0 0 101 2 1 192 64 248 179 0 777 1061 849 659 1009 1508 1356 905 175 214 190 69 131 118 95 111 0 12 250 225 95 74 0 180 167 0 0 2 2 2 2 2 2 1 2 1 162574 800810 675316 798490 212094 650434 687380 412852 910466 654676 662812 215494 160422 110972 221504 235614 411072 366778 431858 261104 2073600 2073600 
[14129.948761] MESSAGE_B= 0 0 0 101 2 1 192 64 248 179 0 776 1050 847 655 1011 1512 1360 905 176 220 188 73 131 115 100 112 0 12 251 229 108 73 3 185 149 0 0 2 2 2 2 2 2 1 2 1 302013 627471 675316 798490 212094 650434 687380 412852 910466 654676 662812 215494 160422 110972 221504 235614 411072 366778 431858 261104 2073600 2073600 
[14130.219759] MESSAGE_B= 0 0 0 101 1 1 192 64 248 179 0 777 1050 848 652 1010 1512 1361 905 175 219 187 72 133 115 102 111 0 12 250 229 108 74 7 197 146 0 0 2 2 2 2 2 2 1 1 1 160247 802588 675316 798490 212094 650434 687380 412852 910466 654676 662812 215494 160422 110972 221504 235614 411072 366778 431858 261104 2073600 2073600 
[14130.369756] MESSAGE_B= 0 0 0 101 1 1 192 64 248 179 0 776 1052 849 655 1011 1513 1362 904 177 218 191 69 132 127 101 117 0 12 250 231 133 35 9 205 157 0 0 2 2 2 2 2 2 1 1 1 306764 628994 675316 798490 212094 650434 687380 412852 910466 654676 662812 215494 160422 110972 221504 235614 411072 366778 431858 261104 2073600 2073600 
[14130.640761] MESSAGE_B= 0 0 0 101 1 1 192 64 248 179 0 774 1048 847 654 1009 1514 1360 905 175 219 188 69 126 117 105 118 0 12 251 230 132 61 1 183 145 0 0 2 2 2 2 2 2 1 1 1 158806 804629 675316 798490 212094 650434 687380 412852 910466 654676 662812 215494 160422 110972 221504 235614 411072 366778 431858 261104 2073600 2073600 
[14130.911759] MESSAGE_B= 0 0 0 101 1 1 192 64 248 179 0 777 1053 850 657 1013 1515 1362 906 176 221 190 74 130 123 110 113 0 12 251 228 113 60 16 182 155 0 0 2 2 2 2 2 2 1 1 1 310497 630209 675316 798490 212094 650434 687380 412852 910466 654676 662812 215494 160422 110972 221504 235614 411072 366778 431858 261104 2073600 2073600 
[14131.182757] MESSAGE_B= 0 0 0 101 1 1 192 64 248 179 0 776 1063 851 661 1012 1514 1362 907 177 218 189 70 130 124 109 114 0 12 250 229 124 53 12 211 144 0 0 2 2 2 2 2 2 1 1 1 159555 805493 675316 798490 212094 650434 687380 412852 910466 654676 662812 215494 160422 110972 221504 235614 411072 366778 431858 261104 2073600 2073600 
[14131.453757] MESSAGE_B= 0 0 0 102 1 1 192 64 248 179 0 775 1060 847 660 1010 1512 1361 904 175 217 185 68 132 128 109 110 0 12 252 228 114 67 67 174 141 0 0 2 2 2 2 2 2 1 1 1 307376 629544 675316 798490 212094 650434 687380 412852 910466 654676 662812 215494 160422 110972 221504 235614 411072 366778 431858 261104 2073600 2073600 
[14131.603760] MESSAGE_B= 0 0 0 101 1 1 192 64 248 179 0 773 1061 847 659 1010 1512 1362 903 176 219 187 72 127 122 104 113 0 12 250 227 148 66 13 185 156 0 0 2 2 2 2 2 2 1 1 1 158587 806362 675316 798490 212094 650434 687380 412852 910466 654676 662812 215494 160422 110972 221504 235614 411072 366778 431858 261104 2073600 2073600 
[14131.874759] MESSAGE_B= 0 0 0 102 1 1 192 64 248 179 0 775 1057 846 659 1009 1511 1360 904 173 220 189 73 132 118 112 113 0 12 250 223 95 73 6 198 152 0 0 2 2 2 2 2 2 1 1 1 307170 629986 685924 740466 237074 684674 718618 428220 910774 658618 679260 214928 154734 115206 207248 226808 411802 359416 429004 260094 2073600 2073600 
[14132.145756] MESSAGE_B= 0 0 0 101 1 1 192 64 248 179 0 774 1057 846 656 1010 1510 1362 906 174 217 187 70 124 123 108 114 0 12 251 224 132 50 15 185 147 0 0 2 2 2 2 2 2 1 1 1 159898 807397 685924 740466 237074 684674 718618 428220 910774 658618 679260 214928 154734 115206 207248 226808 411802 359416 429004 260094 2073600 2073600 
[14132.416758] MESSAGE_B= 0 0 0 102 1 1 192 64 248 179 0 776 1060 850 660 1012 1513 1362 905 177 218 190 71 132 127 112 117 0 12 250 228 112 43 7 172 150 0 0 2 2 2 2 2 2 1 1 1 310514 628079 685924 740466 237074 684674 718618 428220 910774 658618 679260 214928 154734 115206 207248 226808 411802 359416 429004 260094 2073600 2073600 
[14132.687767] MESSAGE_B= 0 0 0 101 1 1 192 64 248 179 0 773 1062 847 660 1007 1513 1361 903 175 217 188 69 128 123 106 110 0 12 249 223 130 77 12 131 121 0 0 2 2 2 2 2 2 1 1 1 157695 807255 685924 740466 237074 684674 718618 428220 910774 658618 679260 214928 154734 115206 207248 226808 411802 359416 429004 260094 2073600 2073600 
[14132.958758] MESSAGE_B= 0 0 0 100 1 2 192 64 248 179 0 649 0 604 0 678 814 807 625 72 0 44 0 100 83 107 132 0 12 168 0 20 201 0 69 81 0 0 1 2 2 1 2 2 1 1 2 313058 628115 685924 740466 237074 684674 718618 428220 910774 658618 679260 214928 154734 115206 207248 226808 411802 359416 429004 260094 2073600 2073600 
[14133.107759] MESSAGE_B= 0 0 0 162 1 2 192 64 248 179 0 0 90 0 58 0 264 0 219 0 0 0 0 0 0 0 0 1 12 0 0 2 0 0 0 0 0 1 0 0 0 0 0 0 1 1 2 150161 794704 685924 740466 237074 684674 718618 428220 910774 658618 679260 214928 154734 115206 207248 226808 411802 359416 429004 260094 2073600 2073600 
[14133.374756] MESSAGE_B= 0 7 0 134 2 2 192 64 248 179 0 0 0 0 0 0 0 0 0 0 0 0 0 0 0 0 0 1 12 0 0 0 0 0 0 0 0 1 1 1 1 1 1 1 1 2 2 149272 432536 685924 740466 237074 684674 718618 428220 910774 658618 679260 214928 154734 115206 207248 226808 411802 359416 429004 260094 2073600 2073600 
[14133.641758] MESSAGE_B= 4 7 0 70 2 2 192 64 248 179 0 0 0 0 0 0 0 0 0 0 0 0 0 0 0 0 0 1 12 0 0 0 0 0 0 0 0 1 1 1 1 1 1 1 1 2 2 5349 99698 685924 740466 237074 684674 718618 428220 910774 658618 679260 214928 154734 115206 207248 226808 411802 359416 429004 260094 2073600 2073600 
[14133.907759] MESSAGE_B= 4 7 0 67 2 2 192 64 248 179 0 0 0 0 0 0 0 0 0 0 0 0 0 0 0 0 0 1 12 0 0 0 0 0 0 0 0 1 1 1 1 1 1 1 1 2 2 0 5814 685924 740466 237074 684674 718618 428220 910774 658618 679260 214928 154734 115206 207248 226808 411802 359416 429004 260094 2073600 2073600 
[14134.173757] MESSAGE_B= 4 7 0 130 2 5 192 64 248 179 0 0 0 0 0 0 0 0 0 0 0 0 0 0 0 0 0 1 12 0 0 0 0 0 0 0 0 1 1 1 1 1 1 1 1 2 5 1470 23516 23604 730372 242114 683956 704220 259368 1091296 829044 23924 2664 155938 120458 212134 226982 171728 233792 116716 3208 2073600 2073600 
[14134.439757] MESSAGE_B= 4 7 0 127 2 5 192 64 248 179 0 0 0 0 0 0 0 0 0 0 0 0 0 0 0 0 0 1 12 0 0 0 0 0 0 0 0 1 1 1 1 1 1 1 1 2 5 0 18 23604 730372 242114 683956 704220 259368 1091296 829044 23924 2664 155938 120458 212134 226982 171728 233792 116716 3208 2073600 2073600 
[14134.583761] MESSAGE_B= 4 7 0 130 2 8 192 64 248 179 0 0 0 0 0 0 0 0 0 0 0 0 0 0 0 0 0 1 12 0 0 0 0 0 0 0 0 1 1 1 1 1 1 1 1 2 8 1481 23516 23604 730372 242114 683956 704220 259368 1091296 829044 23924 2664 155938 120458 212134 226982 171728 233792 116716 3208 2073600 2073600 
[14134.849759] MESSAGE_B= 4 7 0 131 1 5 192 64 248 179 0 0 0 0 0 0 0 0 0 0 0 0 0 0 0 0 0 1 12 0 0 0 0 0 0 0 0 1 1 1 1 1 1 1 1 1 5 0 17 23604 730372 242114 683956 704220 259368 1091296 829044 23924 2664 155938 120458 212134 226982 171728 233792 116716 3208 2073600 2073600 
[14135.114767] MESSAGE_B= 4 0 0 65 1 5 192 64 248 179 0 680 1062 1281 1552 1141 1537 1577 1268 145 286 526 506 442 392 694 531 0 12 150 106 218 221 99 53 193 85 2 0 0 2 2 2 2 2 1 5 0 0 23604 730372 242114 683956 704220 259368 1091296 829044 23924 2664 155938 120458 212134 226982 171728 233792 116716 3208 2073600 2073600 
[14135.384759] MESSAGE_B= 0 0 0 65 0 10 192 64 248 179 0 891 1009 1378 1293 1412 1520 1939 1408 286 305 564 467 703 765 1081 740 0 12 203 122 228 227 106 144 77 244 2 0 2 0 2 2 2 2 0 10 318936 618906 23604 730372 242114 683956 704220 259368 1091296 829044 23924 2664 155938 120458 212134 226982 171728 233792 116716 3208 2073600 2073600 
[14135.655767] MESSAGE_B= 0 0 0 66 1 4 192 64 248 179 0 1236 1401 2030 1210 1392 1506 1608 1354 348 767 958 402 718 714 1048 750 0 12 85 131 220 223 24 200 53 236 2 0 0 0 2 2 2 2 1 4 218050 747214 23604 730372 242114 683956 704220 259368 1091296 829044 23924 2664 155938 120458 212134 226982 171728 233792 116716 3208 2073600 2073600 
[14135.927762] MESSAGE_B= 0 0 0 67 1 4 192 64 248 179 0 1358 1101 1757 1230 1345 1470 1396 1331 440 483 419 373 627 599 651 716 0 12 120 119 223 230 212 153 62 21 0 0 0 0 2 2 2 2 1 4 301406 578158 23604 730372 242114 683956 704220 259368 1091296 829044 23924 2664 155938 120458 212134 226982 171728 233792 116716 3208 2073600 2073600 
[14136.077766] MESSAGE_B= 0 0 0 66 1 3 192 64 248 179 0 1243 1008 1666 1707 1315 1588 1453 1402 345 522 384 1039 609 625 593 776 0 12 188 33 244 242 69 136 135 197 0 0 2 2 2 2 2 2 1 3 204378 785396 23604 730372 242114 683956 704220 259368 1091296 829044 23924 2664 155938 120458 212134 226982 171728 233792 116716 3208 2073600 2073600 
[14136.348762] MESSAGE_B= 0 0 0 72 1 4 192 64 248 179 0 1213 1068 1214 1108 1305 1534 1356 1349 282 553 477 327 626 710 596 729 0 12 78 5 245 247 85 155 2 199 0 0 2 2 2 2 2 2 1 4 234622 628432 521982 629930 26178 24710 453074 525572 978264 730572 598784 183094 110318 3014 2 281670 370602 475526 185870 227016 2073600 2073600 
[14136.618765] MESSAGE_B= 0 0 0 81 1 3 192 64 248 179 0 1128 1237 1517 1147 1256 1708 1389 1391 245 507 428 255 606 719 510 671 0 12 158 162 224 242 30 2 165 164 0 0 0 2 2 2 2 2 1 3 132502 741322 521982 629930 26178 24710 453074 525572 978264 730572 598784 183094 110318 3014 2 281670 370602 475526 185870 227016 2073600 2073600 
[14136.888764] MESSAGE_B= 4 0 0 89 1 5 192 64 248 179 0 1209 1341 1529 1349 1187 1568 1363 1176 337 435 352 271 615 782 525 589 0 12 122 19 232 234 90 80 148 124 0 0 0 0 2 2 2 2 1 5 119158 575388 521982 629930 26178 24710 453074 525572 978264 730572 598784 183094 110318 3014 2 281670 370602 475526 185870 227016 2073600 2073600 
[14137.158765] MESSAGE_B= 0 4 0 96 2 2 192 64 248 179 0 1287 1360 1561 1581 1423 1696 1372 1250 378 456 314 400 746 768 517 643 0 12 212 76 247 238 62 54 157 131 0 0 0 0 2 2 2 2 2 2 153196 766326 521982 629930 26178 24710 453074 525572 978264 730572 598784 183094 110318 3014 2 281670 370602 475526 185870 227016 2073600 2073600 
[14137.307763] MESSAGE_B= 0 4 0 100 1 3 192 64 248 179 0 1272 1347 1448 1618 1517 1840 1354 1335 414 496 391 420 771 751 564 650 0 12 226 83 247 236 163 37 172 48 0 0 0 2 2 2 2 2 1 3 176382 631308 521982 629930 26178 24710 453074 525572 978264 730572 598784 183094 110318 3014 2 281670 370602 475526 185870 227016 2073600 2073600 
[14137.577770] MESSAGE_B= 0 4 0 107 0 4 192 64 248 179 0 1127 1204 1304 1562 1680 1878 1440 1370 399 563 580 418 905 728 596 605 0 12 210 114 249 235 43 6 114 22 0 0 0 0 2 2 2 2 0 4 203338 761642 521982 629930 26178 24710 453074 525572 978264 730572 598784 183094 110318 3014 2 281670 370602 475526 185870 227016 2073600 2073600 
[14137.847767] MESSAGE_B= 0 4 0 113 1 3 192 64 248 179 0 979 1183 1277 1347 1499 1759 1440 1306 401 590 610 460 768 758 605 598 0 12 158 206 248 230 195 51 48 61 0 0 0 0 2 2 2 2 1 3 129348 699532 521982 629930 26178 24710 453074 525572 978264 730572 598784 183094 110318 3014 2 281670 370602 475526 185870 227016 2073600 2073600 
[14138.117762] MESSAGE_B= 0 4 4 120 1 3 192 64 248 179 0 936 1297 1413 1390 1519 1652 1579 1323 324 535 456 416 701 752 705 626 0 12 176 230 243 232 39 51 86 32 0 0 0 0 2 2 2 2 1 3 176390 751214 521982 629930 26178 24710 453074 525572 978264 730572 598784 183094 110318 3014 2 281670 370602 475526 185870 227016 2073600 2073600 
[14138.387766] MESSAGE_B= 0 4 4 125 0 3 192 64 248 179 0 961 1520 1448 1584 1608 1839 1818 1485 347 446 450 502 636 775 803 651 0 12 165 186 236 220 102 38 29 57 0 0 0 0 2 2 2 2 0 3 137782 649794 521982 629930 26178 24710 453074 525572 978264 730572 598784 183094 110318 3014 2 281670 370602 475526 185870 227016 2073600 2073600 
[14138.658762] MESSAGE_B= 0 4 4 132 1 3 192 64 248 179 0 1195 1417 1922 1236 1682 1757 1904 1356 616 735 681 616 742 853 848 814 0 12 225 200 251 216 3 86 122 39 2 0 0 0 2 2 2 2 1 3 90386 719470 404406 272178 298108 455438 741670 533510 568598 350026 433034 131150 134974 172926 254078 188298 264556 348186 160348 128240 2073600 2073600 
[14138.808761] MESSAGE_B= 4 4 4 136 1 2 192 64 248 179 0 1788 1291 2141 1405 1744 1851 1795 1485 667 643 532 715 837 770 811 825 0 12 246 178 247 226 73 92 76 26 2 0 0 0 2 2 2 2 1 2 126616 671752 404406 272178 298108 455438 741670 533510 568598 350026 433034 131150 134974 172926 254078 188298 264556 348186 160348 128240 2073600 2073600 
[14139.079757] MESSAGE_B= 0 4 4 141 1 4 192 64 248 179 0 1636 1132 1819 1600 1980 1746 1904 1680 708 553 480 649 855 768 744 820 0 12 225 229 250 248 46 0 0 39 0 0 0 0 2 1 1 2 1 4 63786 663064 404406 272178 298108 455438 741670 533510 568598 350026 433034 131150 134974 172926 254078 188298 264556 348186 160348 128240 2073600 2073600 
[14139.350758] MESSAGE_B= 4 4 4 148 0 3 192 64 248 179 0 1411 855 1534 1350 1754 1628 1750 1499 649 458 525 515 937 828 776 877 0 12 243 164 251 252 0 0 0 0 0 0 0 0 2 2 2 2 0 3 122796 688710 404406 272178 298108 455438 741670 533510 568598 350026 433034 131150 134974 172926 254078 188298 264556 348186 160348 128240 2073600 2073600 
[14139.621760] MESSAGE_B= 0 0 4 152 0 4 192 64 248 179 0 1551 1021 1505 1246 1482 1624 1648 1665 750 591 520 495 849 850 763 921 0 12 215 173 204 239 0 0 0 0 0 2 2 2 1 1 1 1 0 4 73894 670488 404406 272178 298108 455438 741670 533510 568598 350026 433034 131150 134974 172926 254078 188298 264556 348186 160348 128240 2073600 2073600 
[14139.892755] MESSAGE_B= 4 0 4 159 0 4 192 64 248 179 0 1555 1783 1535 1409 1580 1800 1621 1759 708 926 510 497 889 880 813 937 0 12 222 45 241 246 0 0 0 0 2 2 2 2 1 1 1 1 0 4 78964 675520 404406 272178 298108 455438 741670 533510 568598 350026 433034 131150 134974 172926 254078 188298 264556 348186 160348 128240 2073600 2073600 
[14140.042757] MESSAGE_B= 4 0 4 162 0 4 192 64 248 179 0 1389 2500 1986 1311 1578 1806 1513 1692 627 567 460 392 854 873 804 937 0 12 80 19 252 247 0 0 0 0 2 2 2 2 1 1 1 1 0 4 74154 609640 404406 272178 298108 455438 741670 533510 568598 350026 433034 131150 134974 172926 254078 188298 264556 348186 160348 128240 2073600 2073600 
[14140.313755] MESSAGE_B= 4 0 4 169 1 5 192 64 248 179 0 1332 1563 1319 1028 1815 1831 1739 1720 581 506 332 179 835 924 827 947 0 12 20 134 254 243 0 0 0 0 2 2 2 2 1 1 1 1 1 5 93592 575862 404406 272178 298108 455438 741670 533510 568598 350026 433034 131150 134974 172926 254078 188298 264556 348186 160348 128240 2073600 2073600 
[14140.584760] MESSAGE_B= 4 0 0 171 1 5 192 64 248 179 0 0 116 0 825 1183 198 75 2382 0 0 0 0 0 0 0 0 1 12 10 0 0 0 0 0 0 0 0 0 0 0 0 0 0 0 1 5 40156 514310 404406 272178 298108 455438 741670 533510 568598 350026 433034 131150 134974 172926 254078 188298 264556 348186 160348 128240 2073600 2073600 
[14140.852759] MESSAGE_B= 0 0 0 177 0 3 192 64 248 179 0 1393 2080 1490 1228 2006 2226 2246 2135 329 410 579 398 746 939 861 945 0 12 106 81 246 252 0 0 0 0 2 2 2 2 1 1 1 1 0 3 38396 485506 192532 322876 10946 300684 253410 276456 475902 265930 176202 55932 43994 10896 177792 108546 167214 251008 76632 57004 2073600 2073600 
[14141.122757] MESSAGE_B= 4 0 0 180 1 3 192 64 248 179 0 1350 2232 2140 1237 1989 2312 3005 2017 354 434 616 403 756 880 701 981 0 12 178 93 229 252 0 0 0 0 2 2 2 2 1 1 1 1 1 3 44740 419604 192532 322876 10946 300684 253410 276456 475902 265930 176202 55932 43994 10896 177792 108546 167214 251008 76632 57004 2073600 2073600 
[14141.392756] MESSAGE_B= 0 0 0 181 0 3 192 64 248 179 0 1393 2073 1409 1232 2005 2344 1874 2264 327 405 497 400 744 880 690 878 0 12 102 78 239 251 0 0 0 0 2 2 2 2 1 1 1 1 0 3 77714 443696 192532 322876 10946 300684 253410 276456 475902 265930 176202 55932 43994 10896 177792 108546 167214 251008 76632 57004 2073600 2073600 
[14141.541757] MESSAGE_B= 4 0 0 178 0 3 192 64 248 179 0 0 94 0 854 1046 169 60 2157 0 0 0 0 0 0 0 0 1 12 8 0 2 2 0 0 0 0 0 0 0 0 0 0 0 0 0 3 73318 428636 192532 322876 10946 300684 253410 276456 475902 265930 176202 55932 43994 10896 177792 108546 167214 251008 76632 57004 2073600 2073600 
[14141.808763] MESSAGE_B= 0 0 0 176 1 3 192 64 248 179 0 0 88 0 902 940 161 65 2007 0 0 0 0 0 0 0 0 1 12 8 0 4 7 0 0 0 0 0 0 0 0 0 0 0 0 1 3 40954 443028 192532 322876 10946 300684 253410 276456 475902 265930 176202 55932 43994 10896 177792 108546 167214 251008 76632 57004 2073600 2073600 
[14142.075757] MESSAGE_B= 4 0 0 178 1 3 192 64 248 179 0 0 75 0 933 991 153 63 1835 0 0 0 0 0 0 0 0 1 12 7 0 0 0 0 0 0 0 0 0 0 0 0 0 0 0 1 3 55591 416523 192532 322876 10946 300684 253410 276456 475902 265930 176202 55932 43994 10896 177792 108546 167214 251008 76632 57004 2073600 2073600 
[14142.342757] MESSAGE_B= 0 0 0 175 1 3 192 64 248 179 0 0 66 0 803 874 138 57 1404 0 0 0 0 0 0 0 0 1 12 0 0 0 0 0 0 0 0 0 0 0 0 0 0 0 0 1 3 29798 442638 192532 322876 10946 300684 253410 276456 475902 265930 176202 55932 43994 10896 177792 108546 167214 251008 76632 57004 2073600 2073600 
[14142.609760] MESSAGE_B= 4 0 0 178 0 3 192 64 248 179 0 0 66 0 680 790 151 59 1417 0 0 0 0 0 0 0 0 1 12 0 0 0 0 0 0 0 0 0 0 0 0 0 0 0 0 0 3 51506 397728 192532 322876 10946 300684 253410 276456 475902 265930 176202 55932 43994 10896 177792 108546 167214 251008 76632 57004 2073600 2073600 
[14142.876755] MESSAGE_B= 0 0 0 177 0 3 192 64 248 179 0 0 28 0 408 646 190 25 2030 0 0 0 0 0 0 0 0 1 12 0 0 0 0 0 0 0 0 0 0 0 0 0 0 0 0 0 3 30636 441356 192532 322876 10946 300684 253410 276456 475902 265930 176202 55932 43994 10896 177792 108546 167214 251008 76632 57004 2073600 2073600 
[14143.022759] MESSAGE_B= 7 0 0 185 0 3 192 64 248 179 0 0 16 0 32 1712 202 160 2302 0 0 0 0 0 0 0 0 1 12 0 0 0 0 0 0 0 0 0 0 0 0 0 0 0 0 0 3 50524 342956 198182 265886 50170 176026 181998 147100 406630 170800 157918 51646 76148 156384 75964 61072 62388 229568 70530 67994 2073600 2073600 
[14143.289757] MESSAGE_B= 7 0 0 188 1 3 192 64 248 179 0 0 0 0 0 0 0 0 0 0 0 0 0 0 0 0 0 1 12 0 0 0 26 0 0 0 0 1 1 0 0 1 0 0 1 1 3 20380 422646 198182 265886 50170 176026 181998 147100 406630 170800 157918 51646 76148 156384 75964 61072 62388 229568 70530 67994 2073600 2073600 
[14143.555761] MESSAGE_B= 7 7 0 198 1 3 192 64 248 179 0 0 0 0 0 0 0 0 0 0 0 0 0 0 0 0 0 1 12 0 0 0 0 0 0 0 0 1 1 1 1 1 1 1 1 1 3 39986 152240 198182 265886 50170 176026 181998 147100 406630 170800 157918 51646 76148 156384 75964 61072 62388 229568 70530 67994 2073600 2073600 
[14143.821753] MESSAGE_B= 7 7 0 213 0 1 192 64 248 179 0 0 0 0 0 0 0 0 0 0 0 0 0 0 0 0 0 1 12 0 0 0 0 0 0 0 0 1 1 1 1 1 1 1 1 0 1 11248 154072 198182 265886 50170 176026 181998 147100 406630 170800 157918 51646 76148 156384 75964 61072 62388 229568 70530 67994 2073600 2073600 
[14144.087754] MESSAGE_B= 7 7 0 222 0 0 192 64 248 179 0 0 0 0 0 0 0 0 0 0 0 0 0 0 0 0 0 1 12 0 0 0 0 0 0 0 0 1 1 1 1 1 1 1 1 0 0 0 6604 198182 265886 50170 176026 181998 147100 406630 170800 157918 51646 76148 156384 75964 61072 62388 229568 70530 67994 2073600 2073600 
[14144.352754] MESSAGE_B= 7 7 0 226 0 0 192 64 248 179 0 0 0 0 0 0 0 0 0 0 0 0 0 0 0 0 0 1 12 0 0 0 0 0 0 0 0 1 1 1 1 1 1 1 1 0 0 0 0 198182 265886 50170 176026 181998 147100 406630 170800 157918 51646 76148 156384 75964 61072 62388 229568 70530 67994 2073600 2073600 
[14144.617760] MESSAGE_B= 7 7 0 222 0 0 192 64 248 179 0 0 0 0 0 0 0 0 0 0 0 0 0 0 0 0 0 1 12 0 0 0 0 0 0 0 0 1 1 1 1 1 1 1 1 0 0 0 0 198182 265886 50170 176026 181998 147100 406630 170800 157918 51646 76148 156384 75964 61072 62388 229568 70530 67994 2073600 2073600 
[14144.761760] MESSAGE_B= 7 7 0 226 0 0 192 64 248 179 0 0 0 0 0 0 0 0 0 0 0 0 0 0 0 0 0 1 12 0 0 0 0 0 0 0 0 1 1 1 1 1 1 1 1 0 0 0 0 198182 265886 50170 176026 181998 147100 406630 170800 157918 51646 76148 156384 75964 61072 62388 229568 70530 67994 2073600 2073600 
[14145.026756] MESSAGE_B= 7 7 0 222 1 0 192 64 248 179 0 0 0 0 0 0 0 0 0 0 0 0 0 0 0 0 0 1 12 0 0 0 0 0 0 0 0 1 1 1 1 1 1 1 1 1 0 0 0 198182 265886 50170 176026 181998 147100 406630 170800 157918 51646 76148 156384 75964 61072 62388 229568 70530 67994 2073600 2073600 
[14145.291753] MESSAGE_B= 7 7 0 252 1 5 192 64 248 179 0 0 0 0 0 0 0 0 0 0 0 0 0 0 0 0 0 1 12 0 0 0 0 0 0 0 0 1 1 1 1 1 1 1 1 1 5 0 0 2 163010 4072 105740 2 2 219650 46808 2 2 36326 1034 20248 2 2 203062 25308 2 2073600 2073600 
[14145.553757] MESSAGE_B= 7 7 0 253 1 3 192 64 248 179 0 0 0 0 0 0 0 0 0 0 0 0 0 0 0 0 0 1 12 0 0 0 0 0 0 0 0 1 1 1 1 1 1 1 1 1 3 0 0 2 163010 4072 105740 2 2 219650 46808 2 2 36326 1034 20248 2 2 203062 25308 2 2073600 2073600 
[14145.815756] MESSAGE_B= 7 7 0 252 1 3 192 64 248 179 0 0 0 0 0 0 0 0 0 0 0 0 0 0 0 0 0 1 12 0 0 0 0 0 0 0 0 1 1 1 1 1 1 1 1 1 3 0 0 2 163010 4072 105740 2 2 219650 46808 2 2 36326 1034 20248 2 2 203062 25308 2 2073600 2073600 
[14146.077756] MESSAGE_B= 7 7 0 252 1 3 192 64 248 179 0 0 0 0 0 0 0 0 0 0 0 0 0 0 0 0 0 1 12 0 0 0 0 0 0 0 0 1 1 1 1 1 1 1 1 1 3 0 0 2 163010 4072 105740 2 2 219650 46808 2 2 36326 1034 20248 2 2 203062 25308 2 2073600 2073600 
[14146.339760] MESSAGE_B= 7 7 0 252 1 3 192 64 248 179 0 0 0 0 0 0 0 0 0 0 0 0 0 0 0 0 0 1 12 0 0 0 0 0 0 0 0 1 1 1 1 1 1 1 1 1 3 0 0 2 163010 4072 105740 2 2 219650 46808 2 2 36326 1034 20248 2 2 203062 25308 2 2073600 2073600 
[14146.601759] MESSAGE_B= 7 7 0 252 1 3 192 64 248 179 0 0 0 0 0 0 0 0 0 0 0 0 0 0 0 0 0 1 12 0 0 0 0 0 0 0 0 1 1 1 1 1 1 1 1 1 3 0 0 2 163010 4072 105740 2 2 219650 46808 2 2 36326 1034 20248 2 2 203062 25308 2 2073600 2073600 
[14146.863763] MESSAGE_B= 7 7 0 252 1 3 192 64 248 179 0 0 0 0 0 0 0 0 0 0 0 0 0 0 0 0 0 1 12 0 0 0 0 0 0 0 0 1 1 1 1 1 1 1 1 1 3 0 0 2 163010 4072 105740 2 2 219650 46808 2 2 36326 1034 20248 2 2 203062 25308 2 2073600 2073600 
[14147.004759] MESSAGE_B= 7 7 0 252 1 3 192 64 248 179 0 0 0 0 0 0 0 0 0 0 0 0 0 0 0 0 0 1 12 0 0 0 0 0 0 0 0 1 1 1 1 1 1 1 1 1 3 0 0 2 163010 4072 105740 2 2 219650 46808 2 2 36326 1034 20248 2 2 203062 25308 2 2073600 2073600 
[14147.266773] MESSAGE_B= 7 7 0 252 1 3 192 64 248 179 0 0 0 0 0 0 0 0 0 0 0 0 0 0 0 0 0 1 12 0 0 0 0 0 0 0 0 1 1 1 1 1 1 1 1 1 3 0 0 2 163010 4072 105740 2 2 219650 46808 2 2 36326 1034 20248 2 2 203062 25308 2 2073600 2073600 
[14147.528758] MESSAGE_B= 7 7 0 252 1 3 192 64 248 179 0 0 0 0 0 0 0 0 0 0 0 0 0 0 0 0 0 1 12 0 0 0 0 0 0 0 0 1 1 1 1 1 1 1 1 1 3 0 0 2 119342 906 2 2 2 163970 29866 2 2 37878 130110 2 2 2 68834 1888 2 2073600 2073600 
[14147.789761] MESSAGE_B= 7 7 0 252 1 3 192 64 248 179 0 0 0 0 0 0 0 0 0 0 0 0 0 0 0 0 0 1 12 0 0 0 0 0 0 0 0 1 1 1 1 1 1 1 1 1 3 0 0 2 119342 906 2 2 2 163970 29866 2 2 37878 130110 2 2 2 68834 1888 2 2073600 2073600 
[14148.050756] MESSAGE_B= 7 7 0 252 1 3 192 64 248 179 0 0 0 0 0 0 0 0 0 0 0 0 0 0 0 0 0 1 12 0 0 0 0 0 0 0 0 1 1 1 1 1 1 1 1 1 3 0 0 2 119342 906 2 2 2 163970 29866 2 2 37878 130110 2 2 2 68834 1888 2 2073600 2073600 
[14148.311758] MESSAGE_B= 7 7 0 252 1 3 192 64 248 179 0 0 0 0 0 0 0 0 0 0 0 0 0 0 0 0 0 1 12 0 0 0 0 0 0 0 0 1 1 1 1 1 1 1 1 1 3 0 0 2 119342 906 2 2 2 163970 29866 2 2 37878 130110 2 2 2 68834 1888 2 2073600 2073600 
[14148.572768] MESSAGE_B= 7 0 0 252 1 1 192 64 248 179 0 1615 1536 1706 826 1101 1115 1215 628 966 927 1021 509 925 813 816 376 0 31 255 235 223 229 205 208 192 88 0 0 0 0 0 0 0 0 1 1 0 0 2 119342 906 2 2 2 163970 29866 2 2 37878 130110 2 2 2 68834 1888 2 2073600 2073600 
[14148.829763] MESSAGE_B= 5 0 0 70 1 1 192 64 248 179 0 1613 1537 1703 826 1121 1121 1226 633 965 929 1021 507 931 819 827 377 0 31 255 235 224 228 202 205 192 86 0 0 0 0 0 0 0 0 1 1 408878 0 2 119342 906 2 2 2 163970 29866 2 2 37878 130110 2 2 2 68834 1888 2 2073600 2073600 
[14149.095758] MESSAGE_B= 0 0 0 69 1 1 192 64 248 179 0 1607 1535 1692 825 1141 1135 1235 636 961 930 1013 510 938 828 836 379 0 31 255 233 225 227 197 201 194 79 0 0 0 0 0 0 0 0 1 1 330419 720100 2 119342 906 2 2 2 163970 29866 2 2 37878 130110 2 2 2 68834 1888 2 2073600 2073600 
[14149.361761] MESSAGE_B= 0 0 0 69 1 1 192 64 248 179 0 1605 1534 1687 832 1157 1153 1247 642 960 931 1010 516 945 837 845 384 0 31 255 230 226 227 194 198 195 73 0 0 0 0 0 0 0 0 1 1 416784 664600 2 119342 906 2 2 2 163970 29866 2 2 37878 130110 2 2 2 68834 1888 2 2073600 2073600 
[14149.506762] MESSAGE_B= 0 0 0 68 1 1 192 64 248 179 0 1607 1538 1683 836 1166 1164 1251 646 962 933 1008 519 951 839 849 385 0 31 255 229 227 228 192 197 194 73 0 0 0 0 0 0 0 0 1 1 358825 730692 2 119342 906 2 2 2 163970 29866 2 2 37878 130110 2 2 2 68834 1888 2 2073600 2073600 
[14149.772763] MESSAGE_B= 0 0 0 68 1 1 192 64 248 179 0 1610 1540 1673 838 1174 1175 1254 648 962 935 1000 520 954 845 848 387 0 31 255 228 227 228 191 195 194 71 0 0 0 0 0 0 0 0 1 1 432221 675003 675140 161050 2 2 2 620198 499866 472626 654922 700928 38574 2 2 2 670328 491908 435998 685096 2073600 2073600 
[14150.041758] MESSAGE_B= 0 0 0 67 1 1 192 64 248 179 0 1781 1260 1775 779 1447 630 1479 437 1067 994 1061 631 1210 827 1237 363 0 5 255 229 255 189 186 212 188 24 0 2 2 2 0 0 2 2 1 1 372836 737082 675140 161050 2 2 2 620198 499866 472626 654922 700928 38574 2 2 2 670328 491908 435998 685096 2073600 2073600 
[14150.310759] MESSAGE_B= 0 0 0 67 1 1 192 64 248 179 0 1783 1527 1745 730 1467 996 1501 534 1095 1101 1072 542 1202 965 1231 357 0 5 255 228 255 198 177 201 200 61 0 2 2 2 0 0 2 2 1 1 448012 695097 675140 161050 2 2 2 620198 499866 472626 654922 700928 38574 2 2 2 670328 491908 435998 685096 2073600 2073600 

