[  619.768770] MESSAGE_B= 4 4 0 121 22 1 192 64 248 179 0 2275 866 2281 862 2874 2438 2877 2447 636 204 642 190 262 457 249 461 0 12 255 255 254 255 95 213 100 223 0 0 0 0 2 2 2 2 22 1 7100 411242 2 142098 66058 85288 75862 2 86488 345572 2 2 129054 155666 144378 2 2 43682 109594 2 2073600 2073600 
[  620.036764] MESSAGE_B= 4 4 0 117 23 1 192 64 248 179 0 2388 863 2399 856 2984 2493 2989 2494 675 205 683 192 342 550 345 560 0 12 255 255 255 255 129 220 127 214 0 0 0 0 2 2 2 2 23 1 8036 434600 2 142098 66058 85288 75862 2 86488 345572 2 2 129054 155666 144378 2 2 43682 109594 2 2073600 2073600 
[  620.304767] MESSAGE_B= 4 4 0 120 23 1 192 64 248 179 0 2383 867 2390 863 3000 2498 2989 2502 675 211 679 201 309 536 310 541 0 12 255 255 255 255 112 219 116 227 0 0 0 0 2 2 2 2 23 1 12244 470090 776206 32078 2 2 2 2 594956 646576 776928 10694 10882 2 2 2 6372 26238 19276 10440 2073600 2073600 
[  620.572760] MESSAGE_B= 4 4 4 120 23 1 192 64 248 179 0 2382 868 2389 864 2999 2489 2994 2493 677 217 681 205 278 529 281 537 0 12 255 255 255 255 95 219 103 226 0 0 0 0 2 2 2 2 23 1 13302 440300 776206 32078 2 2 2 2 594956 646576 776928 10694 10882 2 2 2 6372 26238 19276 10440 2073600 2073600 
[  620.719771] MESSAGE_B= 4 4 4 120 24 1 192 64 248 179 0 2383 871 2384 866 3006 2495 2997 2504 677 217 681 207 251 511 248 511 0 12 255 255 254 255 80 218 88 222 0 0 0 0 2 2 2 2 24 1 8561 475224 776206 32078 2 2 2 2 594956 646576 776928 10694 10882 2 2 2 6372 26238 19276 10440 2073600 2073600 
[  620.987766] MESSAGE_B= 4 4 4 79 20 1 192 64 248 179 0 2312 865 2316 857 2969 2489 2958 2490 516 221 513 206 223 497 221 499 0 12 255 255 250 255 69 220 71 208 0 0 0 0 2 2 2 2 20 1 13814 439867 776206 32078 2 2 2 2 594956 646576 776928 10694 10882 2 2 2 6372 26238 19276 10440 2073600 2073600 
[  621.254771] MESSAGE_B= 4 4 4 60 17 1 192 64 248 179 0 1787 755 1782 753 2225 1893 2222 1887 455 124 442 115 140 372 126 379 0 12 254 251 244 255 130 219 97 192 0 0 0 0 2 2 2 2 17 1 7514 292248 776206 32078 2 2 2 2 594956 646576 776928 10694 10882 2 2 2 6372 26238 19276 10440 2073600 2073600 
[  621.521762] MESSAGE_B= 4 4 4 75 14 1 192 64 248 179 0 901 687 912 681 1480 1377 1494 1369 109 113 103 105 316 190 315 184 0 12 252 255 255 254 176 159 173 170 0 0 0 0 2 2 2 2 14 1 16143 457683 776206 32078 2 2 2 2 594956 646576 776928 10694 10882 2 2 2 6372 26238 19276 10440 2073600 2073600 
[  621.788768] MESSAGE_B= 4 4 4 61 12 1 192 64 248 179 0 839 648 868 649 980 1012 996 1018 125 147 122 160 202 147 223 151 0 12 187 249 241 228 181 101 176 76 0 2 0 0 2 2 2 2 12 1 18044 853390 776206 32078 2 2 2 2 594956 646576 776928 10694 10882 2 2 2 6372 26238 19276 10440 2073600 2073600 
[  622.055764] MESSAGE_B= 4 4 4 59 10 1 192 64 248 179 0 354 354 351 354 317 346 314 346 214 194 213 192 234 189 232 189 0 12 255 255 255 255 158 99 157 101 0 0 0 0 2 2 2 2 10 1 7950 739104 776206 32078 2 2 2 2 594956 646576 776928 10694 10882 2 2 2 6372 26238 19276 10440 2073600 2073600 
[  622.201764] MESSAGE_B= 4 4 4 58 5 1 192 64 248 179 0 382 387 380 389 298 394 303 395 214 217 213 217 267 241 271 244 0 6 255 255 255 255 175 157 188 162 0 0 0 0 2 2 2 2 5 1 7764 824452 776206 32078 2 2 2 2 594956 646576 776928 10694 10882 2 2 2 6372 26238 19276 10440 2073600 2073600 
[  622.468766] MESSAGE_B= 0 4 4 59 8 1 192 64 248 179 0 577 634 577 636 728 640 727 640 36 48 42 48 120 56 118 60 0 12 255 253 255 253 0 113 0 172 0 0 0 0 1 2 1 2 8 1 11682 502362 320372 640182 589678 790554 794974 791226 768136 773374 835318 3506 12266 5930 22994 11926 10690 46196 31964 12354 2073600 2073600 
[  622.737771] MESSAGE_B= 4 4 4 59 12 1 192 64 248 179 0 1479 1075 1494 1082 0 694 0 697 324 456 339 463 0 123 0 130 0 6 251 255 0 249 0 15 0 45 0 0 1 0 1 2 1 2 12 1 7738 479668 320372 640182 589678 790554 794974 791226 768136 773374 835318 3506 12266 5930 22994 11926 10690 46196 31964 12354 2073600 2073600 
[  623.006765] MESSAGE_B= 4 4 4 61 12 1 192 64 248 179 0 655 761 655 756 997 823 997 827 111 159 112 154 186 118 193 118 0 12 255 255 255 253 175 29 136 4 0 0 0 0 2 2 2 2 12 1 11622 556222 320372 640182 589678 790554 794974 791226 768136 773374 835318 3506 12266 5930 22994 11926 10690 46196 31964 12354 2073600 2073600 
[  623.276771] MESSAGE_B= 4 4 4 62 12 1 192 64 248 179 0 685 802 686 798 968 860 976 861 120 155 117 151 120 117 122 113 0 12 255 255 254 252 74 99 13 126 0 0 0 0 2 2 2 2 12 1 9624 608484 320372 640182 589678 790554 794974 791226 768136 773374 835318 3506 12266 5930 22994 11926 10690 46196 31964 12354 2073600 2073600 
[  623.546769] MESSAGE_B= 4 4 4 61 8 1 192 64 248 179 0 693 834 693 829 930 861 941 863 111 133 113 130 113 115 123 119 0 12 255 255 255 251 145 40 138 56 0 0 0 0 2 2 2 2 8 1 5169 694653 320372 640182 589678 790554 794974 791226 76
[  690.773772] MESSAGE_B= 4 4 0 85 74 1 192 64 248 179 0 2555 1612 2569 1634 1850 564 1915 555 1451 1073 1457 1088 1201 387 1217 383 0 2 255 255 255 255 116 88 111 87 0 0 0 0 2 2 2 2 74 1 12963 639955 739704 20466 2 2 2 2 86194 143194 2 17198 90946 2 2 2 2 108002 152644 17098 2073600 2073600 
[  690.919761] MESSAGE_B= 4 4 0 87 66 1 192 64 248 179 0 2562 1592 2579 1616 1901 561 1958 554 1454 1062 1463 1074 1216 383 1228 380 0 2 255 255 255 255 111 92 108 90 0 0 0 0 2 2 2 2 66 1 11247 685869 739704 20466 2 2 2 2 86194 143194 2 17198 90946 2 2 2 2 108002 152644 17098 2073600 2073600 
[  691.187769] MESSAGE_B= 4 4 0 84 55 1 192 64 248 179 0 2582 1149 2592 1176 2038 544 2093 535 1463 764 1467 786 1254 393 1272 390 0 2 255 255 255 255 104 43 103 39 0 0 0 0 0 2 0 2 55 1 17208 650374 739704 20466 2 2 2 2 86194 143194 2 17198 90946 2 2 2 2 108002 152644 17098 2073600 2073600 
[  691.454766] MESSAGE_B= 4 4 4 82 47 1 192 64 248 179 0 2494 1162 2512 1164 1594 808 1634 804 1416 722 1427 726 987 459 1008 458 0 31 255 255 255 255 139 8 139 15 0 0 0 0 0 0 0 0 47 1 10895 669500 739704 20466 2 2 2 2 86194 143194 2 17198 90946 2 2 2 2 108002 152644 17098 2073600 2073600 
[  691.721772] MESSAGE_B= 4 4 4 85 39 2 192 64 248 179 0 1475 854 1474 865 1061 560 1080 561 833 510 831 515 616 312 624 312 0 31 255 255 255 255 135 19 134 23 0 0 0 0 0 0 0 0 39 2 17645 677225 739704 20466 2 2 2 2 86194 143194 2 17198 90946 2 2 2 2 108002 152644 17098 2073600 2073600 
[  691.988762] MESSAGE_B= 4 4 4 75 20 1 192 64 248 179 0 757 1004 756 989 844 931 842 918 206 530 209 506 146 372 146 353 0 12 255 255 255 255 78 52 40 15 0 0 0 0 2 2 2 2 20 1 14388 679246 739704 20466 2 2 2 2 86194 143194 2 17198 90946 2 2 2 2 108002 152644 17098 2073600 2073600 
[  692.254773] MESSAGE_B= 4 4 4 62 12 1 192 64 248 179 0 0 380 0 376 1000 847 1008 862 0 0 0 0 0 0 0 0 1 12 204 252 247 255 10 0 6 0 0 0 0 0 0 0 0 0 12 1 10356 681412 739704 20466 2 2 2 2 86194 143194 2 17198 90946 2 2 2 2 108002 152644 17098 2073600 2073600 
[  692.518758] MESSAGE_B= 4 4 4 62 4 1 192 64 248 179 0 0 341 0 358 815 424 807 411 0 0 0 0 0 0 0 0 1 12 205 254 254 255 14 77 29 71 0 0 0 0 0 0 0 0 4 1 10912 457514 739704 20466 2 2 2 2 86194 143194 2 17198 90946 2 2 2 2 108002 152644 17098 2073600 2073600 
[  692.783762] MESSAGE_B= 4 4 4 76 14 1 192 64 248 179 0 648 999 644 1002 1299 1514 1297 1522 160 164 167 163 211 304 210 313 0 12 255 255 255 255 44 66 69 52 0 0 0 0 2 2 2 2 14 1 5364 667618 739704 20466 2 2 2 2 86194 143194 2 17198 90946 2 2 2 2 108002 152644 17098 2073600 2073600 
[  692.929765] MESSAGE_B= 4 4 4 77 13 1 192 64 248 179 0 592 992 585 993 1344 1512 1338 1517 35 159 35 159 340 328 337 336 0 12 247 255 255 255 69 64 32 52 0 0 0 0 2 2 2 2 13 1 9342 567776 425334 574928 640318 762310 624460 642814 351124 298370 141098 33566 50828 4584 17164 25362 9720 86192 21608 17022 2073600 2073600 
[  693.199763] MESSAGE_B= 4 4 4 77 16 1 192 64 248 179 0 1245 1007 1249 1003 1321 1518 1318 1521 234 162 238 160 244 344 237 352 0 12 254 255 254 255 60 71 59 55 0 0 0 0 2 2 2 2 16 1 34730 461830 425334 574928 640318 762310 624460 642814 351124 298370 141098 33566 50828 4584 17164 25362 9720 86192 21608 17022 2073600 2073600 
[  693.469770] MESSAGE_B= 4 4 4 78 14 1 192 64 248 179 0 925 1120 922 1117 1276 1511 1276 1514 350 115 358 114 220 350 216 361 0 12 255 252 255 255 34 95 37 94 0 0 0 0 2 2 2 2 14 1 11132 574689 425334 574928 640318 762310 624460 642814 351124 298370 141098 33566 50828 4584 17164 25362 9720 86192 21608 17022 2073600 2073600 
[  693.739760] MESSAGE_B= 4 4 4 78 15 1 192 64 248 179 0 920 1093 908 1089 1345 1512 1337 1513 317 215 317 213 197 350 192 362 0 12 255 255 254 255 131 50 134 66 0 0 0 0 2 2 2 2 15 1 29356 439970 425334 574928 640318 762310 624460 642814 351124 298370 141098 33566 50828 4584 17164 25362 9720 86192 21608 17022 2073600 2073600 
[  694.010764] MESSAGE_B= 4 4 4 78 14 1 192 64 248 179 0 1333 1006 1326 1004 1365 1516 1363 1519 466 158 468 153 256 352 249 363 0 12 255 255 255 255 39 29 37 11 0 0 0 0 2 2 2 2 14 1 10406 529302 425334 574928 640318 762310 624460 642814 351124 298370 141098 33566 50828 4584 17164 25362 9720 86192 21608 17022 2073600 2073600 
[  694.280769] MESSAGE_B= 4 4 4 78 12 1 192 64 248 179 0 1361 991 1366 991 1376 1530 1373 1532 510 156 514 155 271 349 260 360 0 12 255 255 255 255 15 16 10 5 0 0 0 0 2 2 2 2 12 1 31952 446538 425334 574928 640318 762310 624460 642814 351124 298370 141098 33566 50828 4584 17164 25362 9720 86192 21608 17022 2073600 2073600 
[  694.550765] MESSAGE_B= 4 4 4 78 15 1 192 64 248 179 0 1340 987 1344 986 1368 1536 1367 1537 492 162 496 160 271 348 274 359 0 12 255 255 254 255 17 21 17 21 0 0 0 0 2 2 2 2 15 1 10832 548945 425334 574928 640318 762310 624460 642814 351124 298370 141098 33566 50828 4584 17164 25362 9720 86192 21608 17022 2073600 2073600 
[  694.821768] MESSAGE_B= 4 4 4 78 14 1 192 64 248 179 0 1312 988 1313 985 1362 1540 1362 1543 478 158 481 157 264 346 263 354 0 12 255 255 254 255 23 18 20 18 0 0 0 0 2 2 2 2 14 1 30906 445438 425334 574928 640318 762310 624460 642814 351124 298370 141098 33566 50828 4584 17164 25362 9720 86192 21608 17022 2073600 2073600 
[  694.970763] MESSAGE_B= 4 4 4 79 14 1 192 64 248 179 0 1228 988 1234 986 1332 1540 1330 1541 409 157 414 157 236 345 232 353 0 12 255 255 255 255 62 13 53 22 0 0 0 0 2 2 2 2 14 1 11926 559695 425334 574928 640318 762310 624460 642814 351124 298370 141098 33566 50828 4584 17164 25362 9720 86192 21608 17022 2073600 2073600 
[  695.240759] MESSAGE_B= 4 4 4 79 15 1 192 64 248 179 0 1257 998 1261 995 1357 1536 1356 1538 442 165 443 158 222 336 219 351 0 12 255 255 254 255 100 6 108 12 0 0 0 0 2 2 2 2 15 1 31430 446078 446186 440008 356350 394448 380372 472322 93750 201256 495466 34586 71590 7476 31674 19500 32256 92512 51736 29834 2073600 2073600 
[  695.603761] MESSAGE_B= 4 4 4 78 17 1 192 64 248 179 0 1232 991 1224 990 1452 1541 1453 1544 454 158 454 155 204 335 208 350 0 12 255 255 253 255 119 13 130 11 0 0 0 0 2 2 2 2 17 1 11328 559054 446186 440008 356350 394448 380372 472322 93750 201256 495466 34586 71590 7476 31674 19500 32256 92512 51736 29834 2073600 2073600 
[  695.752759] MESSAGE_B= 4 4 4 78 19 1 192 64 248 179 0 1252 999 1251 996 1444 1547 1452 1551 453 157 460 158 207 340 213 355 0 12 255 255 254 255 117 11 120 4 0 0 0 0 2 2 2 2 19 1 32164 458732 446186 440008 356350 394448 380372 472322 93750 201256 495466 34586 71590 7476 31674 19500 32256 92512 51736 29834 2073600 2073600 
[  696.023759] MESSAGE_B= 4 4 4 78 18 1 192 64 248 179 0 1309 1011 1296 1011 1419 1547 1417 1551 453 166 442 164 223 344 220 357 0 12 254 255 254 255 123 36 128 21 0 0 0 0 2 2 2 2 18 1 8907 569096 446186 440008 356350 394448 380372 472322 93750 201256 495466 34586 71590 7476 31674 19500 32256 92512 51736 29834 2073600 2073600 
[  696.293766] MESSAGE_B= 4 4 4 78 20 1 192 64 248 179 0 1452 1023 1440 1021 1412 1545 1406 1550 517 163 509 158 236 341 237 353 0 12 255 255 254 255 96 10 95 1 0 0 0 0 2 2 2 2 20 1 30402 459513 446186 440008 356350 394448 380372 472322 93750 201256 495466 34586 71590 7476 31674 19500 32256 92512 51736 29834 2073600 2073600 
[  696.563762] MESSAGE_B= 4 4 4 78 15 1 192 64 248 179 0 1098 1067 1088 1064 1384 1542 1381 1547 354 203 356 198 194 343 189 356 0 12 255 255 253 255 77 104 95 109 0 0 0 0 2 2 2 2 15 1 10079 558094 446186 440008 356350 394448 380372 472322 93750 201256 495466 34586 71590 7476 31674 19500 32256 92512 51736 29834 2073600 2073600 
[  696.834762] MESSAGE_B= 4 4 4 79 15 1 192 64 248 179 0 1200 1068 1186 1064 1382 1535 1382 1539 358 184 357 179 199 325 204 338 0 12 254 255 254 255 12 58 17 66 0 0 0 0 2 2 2 2 15 1 31296 455894 446186 440008 356350 394448 380372 472322 93750 201256 495466 34586 71590 7476 31674 19500 32256 92512 51736 29834 2073600 2073600 
[  697.104760] MESSAGE_B= 4 4 4 78 17 1 192 64 248 179 0 986 1011 975 1006 1395 1525 1394 1530 324 167 324 168 210 318 216 328 0 12 255 255 254 255 108 68 92 92 0 0 0 0 2 2 2 2 17 1 10240 549818 446186 440008 356350 394448 380372 472322 93750 201256 495466 34586 71590 7476 31674 19500 32256 92512 51736 29834 2073600 2073600 
[  697.374764] MESSAGE_B= 4 4 4 78 15 1 192 64 248 179 0 1252 1013 1253 1010 1404 1519 1400 1524 534 201 537 196 208 324 201 337 0 12 255 255 254 255 23 19 10 0 0 0 0 0 2 2 2 2 15 1 30930 457604 446186 440008 356350 394448 380372 472322 93750 201256 495466 34586 71590 7476 31674 19500 32256 92512 51736 29834 2073600 2073600 
[  697.645764] MESSAGE_B= 4 4 4 79 18 1 192 64 248 179 0 1278 994 1274 991 1402 1513 1394 1515 503 179 505 173 210 324 200 337 0 12 255 255 254 255 27 2 36 10 0 0 0 0 2 2 2 2 18 1 11282 571989 442886 370396 413756 450950 402222 484910 95658 234560 486392 34788 70662 5496 37066 21126 30966 93192 55784 27572 2073600 2073600 
[  697.794763] MESSAGE_B= 4 4 4 79 17 1 192 64 248 179 0 1282 993 1274 990 1403 1510 1398 1512 487 177 492 175 203 326 201 332 0 12 255 255 255 255 16 15 23 8 0 0 0 0 2 2 2 2 17 1 30494 455819 442886 370396 413756 450950 402222 484910 95658 234560 486392 34788 70662 5496 37066 21126 30966 93192 55784 27572 2073600 2073600 
[  698.064763] MESSAGE_B= 4 4 4 79 17 1 192 64 248 179 0 1279 934 1280 932 1402 1491 1399 1495 471 126 477 128 206 266 209 274 0 12 254 255 254 255 3 37 6 14 0 0 0 0 2 2 2 2 17 1 10689 562194 442886 370396 413756 450950 402222 484910 95658 234560 486392 34788 70662 5496 37066 21126 30966 93192 55784 27572 2073600 2073600 
[  698.334764] MESSAGE_B= 4 4 4 79 18 1 192 64 248 179 0 1251 989 1254 992 1405 1459 1403 1464 482 189 486 187 208 327 205 336 0 12 255 255 255 255 11 83 3 60 0 0 0 0 2 2 2 2 18 1 32952 464305 442886 370396 413756 450950 402222 484910 95658 234560 486392 34788 70662 5496 37066 21126 30966 93192 55784 27572 2073600 2073600 
[  698.604815] MESSAGE_B= 4 4 4 76 21 1 192 64 248 179 0 1021 1462 1031 1463 1442 1789 1462 1796 131 530 135 536 309 190 305 186 0 12 255 255 255 255 163 36 158 39 0 0 0 0 2 2 2 2 21 1 10326 561156 442886 370396 413756 450950 402222 484910 95658 234560 486392 34788 70662 5496 37066 21126 30966 93192 55784 27572 2073600 2073600 
[  698.875767] MESSAGE_B= 4 4 4 77 24 1 192 64 248 179 0 1031 1479 1040 1476 1458 1803 1474 1813 134 539 135 540 292 189 285 193 0 12 255 255 255 255 167 49 172 42 0 0 0 0 2 2 2 2 24 1 6106 463104 442886 370396 413756 450950 402222 484910 95658 234560 486392 34788 70662 5496 37066 21126 30966 93192 55784 27572 2073600 2073600 
[  699.145761] MESSAGE_B= 4 4 4 77 23 1 192 64 248 179 0 1032 1503 1041 1500 1456 1788 1476 1798 128 542 131 544 292 184 287 184 0 12 255 255 255 255 177 9 167 10 0 0 0 0 2 2 2 2 23 1 6665 484996 442886 370396 413756 450950 402222 484910 95658 234560 486392 34788 70662 5496 37066 21126 30966 93192 55784 27572 2073600 2073600 
[  699.415762] MESSAGE_B= 4 4 4 77 25 1 192 64 248 179 0 1031 1511 1041 1506 1461 1820 1480 1828 130 493 132 489 279 201 273 204 0 12 255 255 255 255 179 17 182 19 0 0 0 0 2 2 2 2 25 1 5730 537452 442886 370396 413756 450950 402222 484910 95658 234560 486392 34788 70662 5496 37066 21126 30966 93192 55784 27572 2073600 2073600 
[  699.564756] MESSAGE_B= 4 4 4 77 25 1 192 64 248 179 0 1034 1514 1042 1511 1461 1808 1481 1818 128 508 131 507 281 190 272 192 0 12 255 255 255 255 183 3 179 6 0 0 0 0 2 2 2 2 25 1 7946 489480 442886 370396 413756 450950 402222 484910 95658 234560 486392 34788 70662 5496 37066 21126 30966 93192 55784 27572 2073600 2073600 
[  699.834760] MESSAGE_B= 4 4 4 76 24 1 192 64 248 179 0 1033 1452 1041 1460 1460 1739 1479 1746 127 567 138 571 283 140 278 134 0 12 255 255 255 254 169 55 167 56 0 0 0 0 2 2 2 2 24 1 6920 519944 528802 385322 396668 457144 380188 470180 703382 258636 466222 15176 73578 6544 38306 19834 18564 99138 27524 19598 2073600 2073600 
[  700.104757] MESSAGE_B= 4 4 4 77 25 1 192 64 248 179 0 1028 1442 1037 1447 1448 1730 1469 1737 128 568 130 571 292 123 282 134 0 12 255 255 255 255 172 53 172 55 0 0 0 0 2 2 2 2 25 1 6976 502678 528802 385322 396668 457144 380188 470180 703382 258636 466222 15176 73578 6544 38306 19834 18564 99138 27524 19598 2073600 2073600 
[  700.374760] MESSAGE_B= 4 4 4 75 8 1 192 64 248 179 0 1100 1297 1099 1298 869 913 864 919 274 311 268 320 194 364 197 367 0 12 255 255 255 255 133 67 140 101 0 0 0 0 2 2 2 2 8 1 6916 546128 528802 385322 396668 457144 380188 470180 703382 258636 466222 15176 73578 6544 38306 19834 18564 99138 27524 19598 2073600 2073600 
[  700.644758] MESSAGE_B= 4 4 4 76 9 1 192 64 248 179 0 1042 1292 1042 1294 876 911 870 915 216 300 213 307 240 370 241 371 0 12 255 255 255 255 161 78 148 91 0 0 0 0 2 2 2 2 9 1 3436 497616 528802 385322 396668 457144 380188 470180 703382 258636 466222 15176 73578 6544 38306 19834 18564 99138 27524 19598 2073600 2073600 
[  700.793761] MESSAGE_B= 4 4 4 75 9 1 192 64 248 179 0 1064 1305 1065 1309 862 919 858 924 235 318 230 323 243 386 243 387 0 12 255 255 255 255 139 85 141 93 0 0 0 0 2 2 2 2 9 1 7432 442747 528802 385322 396668 457144 380188 470180 703382 258636 466222 15176 73578 6544 38306 19834 18564 99138 27524 19598 2073600 2073600 
[  701.063759] MESSAGE_B= 4 4 4 75 8 1 192 64 248 179 0 1038 1275 1041 1279 851 912 847 918 215 277 215 286 233 363 231 363 0 12 255 255 255 255 154 108 156 102 0 0 0 0 2 2 2 2 8 1 3039 507177 528802 385322 396668 457144 380188 470180 703382 258636 466222 15176 73578 6544 38306 19834 18564 99138 27524 19598 2073600 2073600 
[  701.333759] MESSAGE_B= 4 4 4 74 9 1 192 64 248 179 0 1025 1325 1024 1328 852 919 849 924 198 311 195 317 233 388 232 390 0 12 255 255 255 255 169 108 156 106 0 0 0 0 2 2 2 2 9 1 8111 451258 528802 385322 396668 457144 380188 470180 703382 258636 466222 15176 73578 6544 38306 19834 18564 99138 27524 19598 2073600 2073600 
[  701.603761] MESSAGE_B= 4 4 4 76 8 1 192 64 248 179 0 1046 1291 1048 1294 864 918 858 923 209 269 206 280 238 371 237 369 0 12 255 255 255 255 155 90 159 94 0 0 0 0 2 2 2 2 8 1 4062 527184 528802 385322 396668 457144 380188 470180 703382 258636 466222 15176 73578 6544 38306 19834 18564 99138 27524 19598 2073600 2073600 
[  701.873756] MESSAGE_B= 7 7 4 244 26 2 192 64 248 179 0 0 0 0 0 0 0 0 0 0 0 0 0 0 0 0 0 1 12 0 0 0 0 0 0 0 0 1 1 1 1 1 1 1 1 26 2 5408 449417 528802 385322 396668 457144 380188 470180 703382 258636 466222 15176 73578 6544 38306 19834 18564 99138 27524 19598 2073600 2073600 
[  702.139756] MESSAGE_B= 4 7 4 156 44 2 192 64 248 179 0 0 0 0 0 0 0 0 0 0 0 0 0 0 0 0 0 1 12 0 0 0 0 0 0 0 0 1 1 1 1 1 1 1 1 44 2 443 508555 2 521234 418748 272772 189940 402116 187516 292086 393768 2 79360 4340 7456 6332 9876 87686 18138 2 2073600 2073600 
[  702.282755] MESSAGE_B= 7 7 4 246 44 2 192 64 248 179 0 0 0 0 0 0 0 0 0 0 0 0 0 0 0 0 0 1 12 0 0 0 0 0 0 0 0 1 1 1 1 1 1 1 1 44 2 0 0 2 521234 418748 272772 189940 402116 187516 292086 393768 2 79360 4340 7456 6332 9876 87686 18138 2 2073600 2073600 
[  702.546756] MESSAGE_B= 7 7 4 246 7 1 192 64 248 179 0 0 0 0 0 0 0 0 0 0 0 0 0 0 0 0 0 1 12 0 0 0 0 0 0 0 0 1 1 1 1 1 1 1 1 7 1 0 0 2 521234 418748 272772 189940 402116 187516 292086 393768 2 79360 4340 7456 6332 9876 87686 18138 2 2073600 2073600 
[  702.810761] MESSAGE_B= 5 4 4 114 8 1 192 64 248 179 0 834 874 829 876 1136 1222 1139 1215 100 46 108 60 107 182 113 175 0 0 255 255 255 255 117 78 100 76 0 0 0 0 2 2 2 2 8 1 8046 0 2 521234 418748 272772 189940 402116 187516 292086 393768 2 79360 4340 7456 6332 9876 87686 18138 2 2073600 2073600 
[  703.078760] MESSAGE_B= 4 4 4 100 9 0 192 64 248 179 0 767 694 825 646 1053 846 1094 800 844 874 909 811 791 712 818 675 0 0 255 255 254 255 46 120 48 115 0 0 0 0 2 2 2 2 9 0 7690 590146 2 521234 418748 272772 189940 402116 187516 292086 393768 2 79360 4340 7456 6332 9876 87686 18138 2 2073600 2073600 
[  703.346768] MESSAGE_B= 4 4 4 99 9 1 192 64 248 179 0 621 687 694 645 1072 826 1104 778 755 867 838 811 809 655 830 619 0 0 255 255 254 255 28 118 38 117 0 0 0 0 2 2 2 2 9 1 6250 572940 2 521234 418748 272772 189940 402116 187516 292086 393768 2 79360 4340 7456 6332 9876 87686 18138 2 2073600 2073600 
[  703.614769] MESSAGE_B= 4 4 4 101 9 1 192 64 248 179 0 587 695 639 653 1072 814 1096 772 770 868 839 811 826 638 838 607 0 0 255 255 254 255 33 102 49 117 0 0 0 0 2 2 2 2 9 1 6566 581726 2 521234 418748 272772 189940 402116 187516 292086 393768 2 79360 4340 7456 6332 9876 87686 18138 2 2073600 2073600 
[  703.883760] MESSAGE_B= 4 4 4 100 9 0 192 64 248 179 0 585 690 633 643 1066 794 1102 757 783 872 846 808 821 621 842 593 0 0 255 255 255 255 3 100 39 107 0 0 0 0 2 2 2 2 9 0 8125 553050 2 521234 418748 272772 189940 402116 187516 292086 393768 2 79360 4340 7456 6332 9876 87686 18138 2 2073600 2073600 
[  704.151764] MESSAGE_B= 4 4 4 101 9 0 192 64 248 179 0 585 698 630 655 1074 784 1106 745 787 872 849 812 826 628 851 600 0 0 255 255 255 255 15 92 58 102 0 0 0 0 2 2 2 2 9 0 6203 588612 2 521234 418748 272772 189940 402116 187516 292086 393768 2 79360 4340 7456 6332 9876 87686 18138 2 2073600 2073600 
[  704.419768] MESSAGE_B= 4 4 4 105 9 1 192 64 248 179 0 825 828 817 834 1094 1137 1098 1136 73 107 73 108 176 196 172 187 0 12 252 255 255 255 144 98 132 106 0 0 0 0 2 2 2 2 9 1 7665 549434 392208 38198 2 392014 439414 378484 439800 406632 412284 11756 76090 2 14244 14480 11254 92750 27264 12334 2073600 2073600 
[  704.567764] MESSAGE_B= 4 4 4 118 6 1 192 64 248 179 0 616 621 620 619 681 716 680 717 51 53 52 43 80 69 83 72 0 12 253 251 255 252 13 161 45 183 0 0 0 0 2 2 2 2 6 1 9663 602092 392208 38198 2 392014 439414 378484 439800 406632 412284 11756 76090 2 14244 14480 11254 92750 27264 12334 2073600 2073600 
[  704.835762] MESSAGE_B= 4 7 4 151 3 1 192 64 248 179 0 0 0 0 0 0 0 0 0 0 0 0 0 0 0 0 0 1 12 0 0 0 0 0 0 0 0 1 1 1 1 1 1 1 1 3 1 9004 512532 392208 38198 2 392014 439414 378484 439800 406632 412284 11756 76090 2 14244 14480 11254 92750 27264 12334 2073600 2073600 
[  705.100769] MESSAGE_B= 4 4 4 73 69 1 192 64 248 179 0 847 1285 851 1303 875 1215 873 1218 86 174 79 190 120 151 110 150 0 12 255 254 255 255 34 150 52 119 0 0 0 0 2 2 2 2 69 1 0 0 392208 38198 2 392014 439414 378484 439800 406632 412284 11756 76090 2 14244 14480 11254 92750 27264 12334 2073600 2073600 
[  705.368765] MESSAGE_B= 4 4 4 73 70 1 192 64 248 179 0 846 1257 848 1273 876 1266 874 1270 85 213 83 223 113 131 111 127 0 12 255 255 255 255 49 79 63 88 0 0 0 0 2 2 2 2 70 1 10003 553969 392208 38198 2 392014 439414 378484 439800 406632 412284 11756 76090 2 14244 14480 11254 92750 27264 12334 2073600 2073600 
[  705.637764] MESSAGE_B= 4 4 4 74 80 0 192 64 248 179 0 851 1244 857 1254 881 1284 879 1286 91 150 85 166 118 90 111 82 0 12 254 255 255 255 82 74 82 36 0 0 0 0 2 2 2 2 80 0 11784 585746 392208 38198 2 392014 439414 378484 439800 406632 412284 11756 76090 2 14244 14480 11254 92750 27264 12334 2073600 2073600 
[  705.906769] MESSAGE_B= 4 4 4 75 78 1 192 64 248 179 0 856 1271 860 1280 885 1270 885 1270 83 129 89 138 119 89 115 98 0 12 255 255 255 255 74 26 68 1 0 0 0 0 2 2 2 2 78 1 9824 534771 392208 38198 2 392014 439414 378484 439800 406632 412284 11756 76090 2 14244 14480 11254 92750 27264 12334 2073600 2073600 
[  706.175764] MESSAGE_B= 4 4 4 75 65 1 192 64 248 179 0 858 1279 862 1289 888 1264 886 1264 90 131 88 133 115 99 115 105 0 12 254 255 255 255 71 8 64 18 0 0 0 0 2 2 2 2 65 1 12784 568522 392208 38198 2 392014 439414 378484 439800 406632 412284 11756 76090 2 14244 14480 11254 92750 27264 12334 2073600 2073600 
[  706.444777] MESSAGE_B= 4 4 4 75 69 1 192 64 248 179 0 935 1218 937 1219 845 1171 844 1170 125 116 124 118 107 92 102 99 0 12 255 255 254 255 74 30 72 38 0 0 0 0 2 2 2 2 69 1 8006 528784 392208 38198 2 392014 439414 378484 439800 406632 412284 11756 76090 2 14244 14480 11254 92750 27264 12334 2073600 2073600 
[  706.592763] MESSAGE_B= 4 4 4 79 32 1 192 64 248 179 0 931 998 927 996 713 1019 711 1015 85 76 88 74 77 80 71 85 0 12 251 255 254 253 87 20 112 13 0 0 0 0 2 2 2 2 32 1 11276 539276 217612 499058 3056 2 190716 515240 835848 351958 377328 18840 73448 1234 24706 20870 27848 93096 43006 24134 2073600 2073600 
[  706.861768] MESSAGE_B= 4 7 4 128 8 1 192 64 248 179 0 0 0 0 0 26 16 26 21 0 0 0 0 0 0 0 0 1 12 0 0 0 0 0 0 0 0 1 1 1 1 1 1 1 1 8 1 10976 544344 217612 499058 3056 2 190716 515240 835848 351958 377328 18840 73448 1234 24706 20870 27848 93096 43006 24134 2073600 2073600 
[  707.127760] MESSAGE_B= 7 7 4 196 13 2 192 64 248 179 0 0 0 0 0 0 0 0 0 0 0 0 0 0 0 0 0 1 12 0 0 0 0 0 0 0 0 1 1 1 1 1 1 1 1 13 2 5372 537750 217612 499058 3056 2 190716 515240 835848 351958 377328 18840 73448 1234 24706 20870 27848 93096 43006 24134 2073600 2073600 
[  707.393759] MESSAGE_B= 7 7 4 213 19 2 192 64 248 179 0 0 0 0 0 0 0 0 0 0 0 0 0 0 0 0 0 1 12 0 0 0 0 0 0 0 0 1 1 1 1 1 1 1 1 19 2 0 0 217612 499058 3056 2 190716 515240 835848 351958 377328 18840 73448 1234 24706 20870 27848 93096 43006 24134 2073600 2073600 
[  707.658761] MESSAGE_B= 4 0 4 129 15 1 192 64 248 179 0 707 817 705 808 0 0 0 0 109 124 108 111 0 0 0 0 0 12 255 254 0 0 0 0 0 0 0 0 1 1 1 1 1 1 15 1 0 0 217612 499058 3056 2 190716 515240 835848 351958 377328 18840 73448 1234 24706 20870 27848 93096 43006 24134 2073600 2073600 
[  707.924767] MESSAGE_B= 4 4 4 75 12 0 192 64 248 179 0 1141 1232 1134 1215 635 651 634 636 245 307 239 294 57 53 51 43 0 12 255 255 255 250 175 187 201 63 0 0 0 0 2 2 2 2 12 0 8314 319508 217612 499058 3056 2 190716 515240 835848 351958 377328 18840 73448 1234 24706 20870 27848 93096 43006 24134 2073600 2073600 
[  708.194768] MESSAGE_B= 4 4 4 70 12 0 192 64 248 179 0 1741 1752 1727 1720 804 748 806 742 309 403 297 389 206 156 206 154 0 12 255 255 255 255 165 126 183 117 0 0 0 0 2 2 2 2 12 0 7744 721966 217612 499058 3056 2 190716 515240 835848 351958 377328 18840 73448 1234 24706 20870 27848 93096 43006 24134 2073600 2073600 
[  708.464771] MESSAGE_B= 4 4 4 69 12 0 192 64 248 179 0 1099 953 1238 887 385 342 472 274 733 707 807 678 328 253 404 189 0 0 254 254 253 245 103 97 156 20 0 0 0 0 2 2 2 2 12 0 12842 799168 217612 499058 3056 2 190716 515240 835848 351958 377328 18840 73448 1234 24706 20870 27848 93096 43006 24134 2073600 2073600 
[  708.612762] MESSAGE_B= 4 4 4 70 9 0 192 64 248 179 0 1111 961 1243 921 419 446 517 383 752 704 819 692 332 320 419 274 0 0 254 254 254 252 91 163 108 143 0 0 0 0 2 2 2 2 9 0 9188 722992 217612 499058 3056 2 190716 515240 835848 351958 377328 18840 73448 1234 24706 20870 27848 93096 43006 24134 2073600 2073600 
[  708.881768] MESSAGE_B= 4 4 4 70 6 0 192 64 248 179 0 1079 1019 1204 990 579 567 680 469 758 693 827 693 460 425 520 344 0 0 254 254 253 254 24 80 46 63 0 0 0 0 2 2 2 2 6 0 19216 824896 692934 136702 282 2 74 789236 291130 781542 770458 17950 77054 1494 2 10248 14082 103156 37884 17956 2073600 2073600 
[  709.149764] MESSAGE_B= 4 4 4 72 8 0 192 64 248 179 0 1129 1043 1188 1015 719 613 798 539 769 707 816 702 500 493 557 435 0 0 254 254 254 253 56 139 51 132 0 0 0 0 2 2 2 2 8 0 9939 612796 692934 136702 282 2 74 789236 291130 781542 770458 17950 77054 1494 2 10248 14082 103156 37884 17956 2073600 2073600 
[  709.418764] MESSAGE_B= 4 4 4 70 9 0 192 64 248 179 0 1182 1009 1240 1008 678 846 727 749 810 700 844 703 519 827 563 733 0 0 255 254 255 254 66 61 75 54 0 0 0 0 2 2 2 2 9 0 21705 792749 692934 136702 282 2 74 789236 291130 781542 770458 17950 77054 1494 2 10248 14082 103156 37884 17956 2073600 2073600 
[  709.687771] MESSAGE_B= 4 4 4 73 9 0 192 64 248 179 0 1201 1037 1234 1056 578 954 601 922 815 699 841 711 470 754 492 722 0 0 254 254 255 253 86 97 91 91 0 0 0 0 2 2 2 2 9 0 7824 515463 692934 136702 282 2 74 789236 291130 781542 770458 17950 77054 1494 2 10248 14082 103156 37884 17956 2073600 2073600 
[  709.955769] MESSAGE_B= 4 4 4 74 9 0 192 64 248 179 0 1205 1015 1231 1045 717 989 734 987 830 692 853 706 522 871 538 881 0 0 255 255 255 254 41 61 37 70 0 0 0 0 2 2 2 2 9 0 19563 751111 692934 136702 282 2 74 789236 291130 781542 770458 17950 77054 1494 2 10248 14082 103156 37884 17956 2073600 2073600 
[  710.224768] MESSAGE_B= 4 4 4 75 7 0 192 64 248 179 0 1011 1189 1010 1198 712 894 716 899 192 185 192 187 69 86 69 84 0 12 255 255 253 248 116 9 126 6 0 0 0 0 2 2 2 2 7 0 7985 525794 692934 136702 282 2 74 789236 291130 781542 770458 17950 77054 1494 2 10248 14082 103156 37884 17956 2073600 2073600 
[  710.493761] MESSAGE_B= 4 7 4 92 3 1 192 64 248 179 0 0 0 0 0 0 0 0 0 0 0 0 0 0 0 0 0 1 12 0 0 0 0 0 0 0 0 1 1 1 1 1 1 1 1 3 1 15449 732440 692934 136702 282 2 74 789236 291130 781542 770458 17950 77054 1494 2 10248 14082 103156 37884 17956 2073600 2073600 
[  710.636765] MESSAGE_B= 7 4 4 206 21 1 192 64 248 179 0 772 1005 769 1005 834 800 833 806 34 91 39 95 61 91 61 79 0 0 244 255 255 252 141 136 16 147 0 0 0 0 2 2 2 2 21 1 2668 506840 692934 136702 282 2 74 789236 291130 781542 770458 17950 77054 1494 2 10248 14082 103156 37884 17956 2073600 2073600 
[  710.904770] MESSAGE_B= 4 4 4 204 14 1 192 64 248 179 0 135 339 134 348 167 262 170 311 150 230 149 240 102 198 105 236 0 0 255 255 255 233 182 59 185 45 0 0 0 0 2 2 2 2 14 1 20018 66280 692934 136702 282 2 74 789236 291130 781542 770458 17950 77054 1494 2 10248 14082 103156 37884 17956 2073600 2073600 
[  711.173761] MESSAGE_B= 4 4 4 189 25 1 192 64 248 179 0 282 995 283 1026 318 2554 321 2549 212 899 213 895 233 1507 245 1521 0 0 255 253 255 255 45 19 31 14 0 0 0 0 2 0 2 0 25 1 33042 495182 368000 244014 212008 578110 522120 642792 309526 368248 361664 41030 80672 19794 17432 12450 23564 98880 22086 10530 2073600 2073600 
[  711.443767] MESSAGE_B= 4 4 4 172 34 1 192 64 248 179 0 399 2071 459 2039 250 242 252 295 335 1394 405 1368 137 142 138 222 0 0 253 254 255 211 68 2 52 78 0 0 0 0 2 2 2 2 34 1 35691 437000 368000 244014 212008 578110 522120 642792 309526 368248 361664 41030 80672 19794 17432 12450 23564 98880 22086 10530 2073600 2073600 
[  711.713771] MESSAGE_B= 4 4 4 153 46 1 192 64 248 179 0 1530 829 1677 821 406 1013 434 935 1338 790 1373 809 318 982 351 935 0 0 253 251 250 254 56 129 90 107 0 0 0 0 2 2 2 2 46 1 35096 546555 368000 244014 212008 578110 522120 642792 309526 368248 361664 41030 80672 19794 17432 12450 23564 98880 22086 10530 2073600 2073600 
[  711.983761] MESSAGE_B= 4 4 4 166 29 1 192 64 248 179 0 668 1468 883 1471 1204 1748 1145 1782 857 991 946 992 1111 1148 962 1162 0 0 244 254 249 254 140 145 178 110 0 0 0 0 2 2 2 2 29 1 18494 485287 368000 244014 212008 578110 522120 642792 309526 368248 361664 41030 80672 19794 17432 12450 23564 98880 22086 10530 2073600 2073600 
[  712.254763] MESSAGE_B= 4 4 4 176 17 2 192 64 248 179 0 1463 1658 1386 1738 1230 969 1165 1005 836 963 798 1016 715 592 681 611 0 31 255 255 255 254 162 82 157 86 0 0 0 0 0 0 0 0 17 2 23690 527690 368000 244014 212008 578110 522120 642792 309526 368248 361664 41030 80672 19794 17432 12450 23564 98880 22086 10530 2073600 2073600 
[  712.525757] MESSAGE_B= 0 4 4 210 22 1 192 64 248 179 0 1425 782 1634 710 1891 907 1950 702 1231 1051 1373 963 1341 810 1363 630 0 0 251 255 253 252 156 228 217 226 0 0 0 0 2 2 2 2 22 1 63234 555178 368000 244014 212008 578110 522120 642792 309526 368248 361664 41030 80672 19794 17432 12450 23564 98880 22086 10530 2073600 2073600 
[  712.675764] MESSAGE_B= 4 4 4 221 23 1 192 64 248 179 0 232 322 222 325 1985 632 1874 632 608 188 606 191 1324 542 1270 547 0 0 252 255 252 255 188 190 241 188 2 0 0 0 2 2 2 2 23 1 45230 688586 368000 244014 212008 578110 522120 642792 309526 368248 361664 41030 80672 19794 17432 12450 23564 98880 22086 10530 2073600 2073600 
[  712.945764] MESSAGE_B= 4 4 4 226 19 0 192 64 248 179 0 1124 2139 1184 2167 731 455 772 465 1392 1489 1471 1501 834 547 872 570 0 0 255 252 254 255 243 178 234 215 0 0 0 0 2 2 2 2 19 0 32204 581934 368000 244014 212008 578110 522120 642792 309526 368248 361664 41030 80672 19794 17432 12450 23564 98880 22086 10530 2073600 2073600 
[  713.216762] MESSAGE_B= 4 4 4 221 16 1 192 64 248 179 0 27 842 27 846 17 188 17 193 93 864 91 883 14 206 14 211 0 0 255 253 255 255 0 248 0 184 0 0 0 0 2 2 2 2 16 1 47816 531219 368000 244014 212008 578110 522120 642792 309526 368248 361664 41030 80672 19794 17432 12450 23564 98880 22086 10530 2073600 2073600 
[  713.485764] MESSAGE_B= 4 4 4 228 40 1 192 64 248 179 0 2653 727 2646 706 2968 18 2963 18 1825 774 1821 753 1680 24 1676 24 0 0 255 255 255 255 118 11 112 12 0 0 0 0 2 2 2 2 40 1 22740 583285 353856 421570 522580 321748 542350 596096 375124 198470 276664 37090 102272 12918 37002 22518 85700 148576 28572 30540 2073600 2073600 
[  713.755765] MESSAGE_B= 4 4 4 246 52 1 192 64 248 179 0 16 2431 16 2435 2163 2312 2157 2309 0 1906 0 1909 1912 1911 1908 1909 0 0 0 255 255 255 0 44 0 64 0 0 0 0 1 2 1 2 52 1 22481 571138 353856 421570 522580 321748 542350 596096 375124 198470 276664 37090 102272 12918 37002 22518 85700 148576 28572 30540 2073600 2073600 
[  714.025763] MESSAGE_B= 4 4 4 65 16 1 192 64 248 179 0 2594 2437 2600 2443 2846 2742 2845 2745 1473 1424 1474 1428 1615 1554 1613 1557 0 31 255 255 255 255 101 94 98 96 0 0 0 0 0 0 0 0 16 1 15474 570367 353856 421570 522580 321748 542350 596096 375124 198470 276664 37090 102272 12918 37002 22518 85700 148576 28572 30540 2073600 2073600 
[  714.296769] MESSAGE_B= 4 4 4 67 11 1 192 64 248 179 0 1338 1683 1344 1649 1567 1204 1591 1167 768 1348 769 1311 1024 1225 1032 1191 0 0 255 255 255 255 156 232 149 231 0 0 0 0 2 2 2 2 11 1 203232 441600 353856 421570 522580 321748 542350 596096 375124 198470 276664 37090 102272 12918 37002 22518 85700 148576 28572 30540 2073600 2073600 
[  714.567756] MESSAGE_B= 0 4 4 64 13 1 192 64 248 179 0 1243 1302 1248 1281 1121 1007 1155 988 708 1014 711 983 682 722 698 709 0 0 255 255 255 255 163 223 157 226 0 0 0 0 2 2 2 2 13 1 146223 663879 353856 421570 522580 321748 542350 596096 375124 198470 276664 37090 102272 12918 37002 22518 85700 148576 28572 30540 2073600 2073600 
[  714.717757] MESSAGE_B= 0 4 4 61 13 1 192 64 248 179 0 1217 1165 1223 1160 1112 1025 1135 1003 688 884 691 877 671 726 682 710 0 0 255 253 255 255 150 213 140 220 0 0 0 0 2 2 2 2 13 1 29262 535344 353856 421570 522580 321748 542350 596096 375124 198470 276664 37090 102272 12918 37002 22518 85700 148576 28572 30540 2073600 2073600 
[  714.988761] MESSAGE_B= 4 4 4 60 12 1 192 64 248 179 0 1219 1245 1225 1220 1117 1024 1149 993 689 948 692 907 665 716 680 696 0 0 255 255 255 255 148 218 141 221 0 0 0 0 2 2 2 2 12 1 8250 751594 353856 421570 522580 321748 542350 596096 375124 198470 276664 37090 102272 12918 37002 22518 85700 148576 28572 30540 2073600 2073600 
[  715.259760] MESSAGE_B= 4 4 4 60 14 1 192 64 248 179 0 1223 1275 1230 1255 1131 1027 1168 1002 693 951 697 923 669 725 683 711 0 0 255 255 255 255 149 229 139 229 0 0 0 0 2 2 2 2 14 1 6454 561724 353856 421570 522580 321748 542350 596096 375124 198470 276664 37090 102272 12918 37002 22518 85700 148576 28572 30540 2073600 2073600 
[  715.501758] MESSAGE_B= 4 4 4 61 448 1 192 64 248 179 0 2494 917 2491 911 3042 2633 3028 2652 693 231 693 213 299 492 287 486 0 12 255 254 253 255 108 239 101 231 0 0 0 0 2 2 2 2 448 1 7873 743342 353856 421570 522580 321748 542350 596096 375124 198470 276664 37090 102272 12918 37002 22518 85700 148576 28572 30540 2073600 2073600 
[  715.772770] MESSAGE_B= 4 4 4 103 486 1 192 64 248 179 0 2485 914 2452 909 3063 2630 3025 2645 717 232 706 213 248 470 241 464 0 12 255 254 252 254 67 239 89 232 0 0 0 0 2 2 2 2 486 1 17222 563414 786470 279328 97498 541756 529598 742690 553064 606430 429994 15310 103864 3992 16586 20884 10042 101208 28802 14008 2073600 2073600 
[  716.043764] MESSAGE_B= 4 4 4 99 213 1 192 64 248 179 0 2457 915 2451 910 3060 2615 3033 2633 716 234 718 214 204 458 203 445 0 12 255 255 248 255 29 231 45 229 0 0 0 0 2 2 2 2 213 1 20604 435468 786470 279328 97498 541756 529598 742690 553064 606430 429994 15310 103864 3992 16586 20884 10042 101208 28802 14008 2073600 2073600 
[  716.314764] MESSAGE_B= 4 4 4 97 10 0 192 64 248 179 0 2099 2078 2090 2109 1678 2244 1666 2308 205 222 202 254 148 153 159 169 0 0 248 255 251 253 157 114 131 100 0 0 0 0 2 2 2 2 10 0 15882 460262 786470 279328 97498 541756 529598 742690 553064 606430 429994 15310 103864 3992 16586 20884 10042 101208 28802 14008 2073600 2073600 
[  716.585761] MESSAGE_B= 4 4 4 69 9 0 192 64 248 179 0 1782 1487 1886 1124 758 1749 794 1443 1037 1417 1089 1061 594 1116 623 929 0 0 255 254 255 254 178 237 176 226 0 0 0 0 0 2 0 2 9 0 17492 432598 786470 279328 97498 541756 529598 742690 553064 606430 429994 15310 103864 3992 16586 20884 10042 101208 28802 14008 2073600 2073600 
[  716.856768] MESSAGE_B= 4 4 4 69 11 0 192 64 248 179 0 1880 1430 1974 1135 840 1855 880 1532 1084 1356 1137 1074 638 1171 665 974 0 0 255 254 255 254 178 235 181 232 0 0 0 0 0 2 0 2 11 0 36214 543614 786470 279328 97498 541756 529598 742690 553064 606430 429994 15310 103864 3992 16586 20884 10042 101208 28802 14008 2073600 2073600 
[  717.127763] MESSAGE_B= 4 4 4 71 10 1 192 64 248 179 0 1953 1509 2051 1228 897 1870 942 1579 1126 1243 1179 1018 681 1166 717 992 0 0 255 254 255 254 186 229 190 230 0 0 0 0 0 2 0 2 10 1 18843 447118 786470 279328 97498 541756 529598 742690 553064 606430 429994 15310 103864 3992 16586 20884 10042 101208 28802 14008 2073600 2073600 
[  717.277760] MESSAGE_B= 4 4 4 71 11 1 192 64 248 179 0 1981 1563 2105 1249 913 1864 964 1591 1149 1134 1212 948 705 1158 748 1000 0 0 255 253 255 253 185 207 193 224 0 0 0 0 0 2 0 2 11 1 41759 529257 786470 279328 97498 541756 529598 742690 553064 606430 429994 15310 103864 3992 16586 20884 10042 101208 28802 14008 2073600 2073600 
[  717.548763] MESSAGE_B= 4 4 4 70 11 1 192 64 248 179 0 2041 1652 2177 1336 893 1935 940 1657 1182 1163 1258 970 707 1186 737 1027 0 0 255 253 255 254 190 195 194 209 0 0 0 0 0 2 0 2 11 1 17840 451961 786470 279328 97498 541756 529598 742690 553064 606430 429994 15310 103864 3992 16586 20884 10042 101208 28802 14008 2073600 2073600 
[  717.819759] MESSAGE_B= 4 4 4 69 12 1 192 64 248 179 0 2008 1698 2162 1396 904 1974 973 1692 1183 1183 1269 991 729 1193 781 1036 0 0 255 254 255 254 188 184 192 201 0 0 0 0 0 2 0 2 12 1 37342 506261 786470 279328 97498 541756 529598 742690 553064 606430 429994 15310 103864 3992 16586 20884 10042 101208 28802 14008 2073600 2073600 
[  718.090759] MESSAGE_B= 0 4 4 68 8 0 192 64 248 179 0 1477 1303 1478 1257 1454 925 1500 866 999 800 1003 772 1512 822 1561 758 0 0 255 255 254 255 177 4 198 7 0 0 0 0 2 2 2 2 8 0 19845 460238 158974 549670 651074 332952 393102 341474 151300 332100 209622 14806 78740 9762 28068 20854 26816 106104 26322 14890 2073600 2073600 
[  718.360768] MESSAGE_B= 4 4 4 61 8 0 192 64 248 179 0 1439 1259 1450 1203 1121 668 1145 622 956 769 960 732 1332 607 1360 550 0 0 254 254 254 254 209 73 193 22 0 0 0 0 2 2 2 2 8 0 21735 487571 158974 549670 651074 332952 393102 341474 151300 332100 209622 14806 78740 9762 28068 20854 26816 106104 26322 14890 2073600 2073600 
[  718.630762] MESSAGE_B= 4 4 4 61 12 0 192 64 248 179 0 1388 1245 1418 1199 1174 539 1171 510 955 738 979 715 1175 483 1195 465 0 0 254 254 254 255 202 214 186 217 0 0 0 0 2 2 2 2 12 0 10987 512250 158974 549670 651074 332952 393102 341474 151300 332100 209622 14806 78740 9762 28068 20854 26816 106104 26322 14890 2073600 2073600 
[  718.901762] MESSAGE_B= 4 4 4 61 19 0 192 64 248 179 0 1340 1241 1344 1186 921 499 949 477 947 753 947 718 1007 563 1053 539 0 0 254 254 254 255 196 230 191 228 0 0 0 0 2 2 2 2 19 0 7809 546925 158974 549670 651074 332952 393102 341474 151300 332100 209622 14806 78740 9762 28068 20854 26816 106104 26322 14890 2073600 2073600 
[  719.172766] MESSAGE_B= 4 4 4 60 13 0 192 64 248 179 0 1224 1232 1235 1172 730 556 762 530 860 738 862 698 694 599 737 579 0 0 254 253 254 255 163 206 166 213 0 0 0 0 2 2 2 2 13 0 7321 534624 158974 549670 651074 332952 393102 341474 151300 332100 209622 14806 78740 9762 28068 20854 26816 106104 26322 14890 2073600 2073600 
[  719.321768] MESSAGE_B= 4 4 4 60 14 0 192 64 248 179 0 1117 1189 1145 1132 613 577 625 542 887 724 912 688 626 600 639 563 0 0 255 253 254 255 175 210 166 208 0 0 0 0 2 2 2 2 14 0 6124 565973 158974 549670 651074 332952 393102 341474 151300 332100 209622 14806 78740 9762 28068 20854 26816 106104 26322 14890 2073600 2073600 
[  719.591756] MESSAGE_B= 4 4 4 60 7 0 192 64 248 179 0 1205 1062 1236 1027 554 581 568 554 912 631 935 614 553 471 559 454 0 0 254 254 252 255 142 203 142 201 0 0 0 0 2 2 2 2 7 0 6784 508095 158974 549670 651074 332952 393102 341474 151300 332100 209622 14806 78740 9762 28068 20854 26816 106104 26322 14890 2073600 2073600 
[  719.861767] MESSAGE_B= 4 4 4 60 14 0 192 64 248 179 0 1155 967 1166 953 686 619 693 598 807 560 814 556 558 467 563 450 0 0 253 254 253 255 143 197 148 193 0 0 0 0 2 2 2 2 14 0 6117 596068 158974 549670 651074 332952 393102 341474 151300 332100 209622 14806 78740 9762 28068 20854 26816 106104 26322 14890 2073600 2073600 
[  720.131763] MESSAGE_B= 4 4 4 62 58 1 192 64 248 179 0 871 810 856 785 862 1164 807 1081 494 511 486 498 907 1128 841 1044 0 0 255 254 254 255 56 105 47 139 0 0 0 0 2 2 2 2 58 1 6219 523290 158974 549670 651074 332952 393102 341474 151300 332100 209622 14806 78740 9762 28068 20854 26816 106104 26322 14890 2073600 2073600 
[  720.401767] MESSAGE_B= 4 4 4 62 25 1 192 64 248 179 0 883 803 875 768 544 1517 565 1353 501 514 496 494 617 1078 643 963 0 0 255 254 255 253 247 24 247 0 0 0 0 0 2 2 2 2 25 1 6870 699705 572516 641224 557514 259850 630958 382470 724440 1018050 366530 18178 77114 5360 11270 13116 10552 97720 27222 16658 2073600 2073600 
[  720.671763] MESSAGE_B= 4 4 4 63 17 2 192 64 248 179 0 848 936 853 879 666 1004 676 888 520 587 521 552 812 1096 825 960 0 0 255 254 255 254 182 208 182 113 0 0 0 0 2 2 2 2 17 2 14264 552373 572516 641224 557514 259850 630958 382470 724440 1018050 366530 18178 77114 5360 11270 13116 10552 97720 27222 16658 2073600 2073600 
[  720.941762] MESSAGE_B= 4 4 4 61 7 1 192 64 248 179 0 837 1001 824 952 1051 1105 1032 951 479 572 472 548 981 960 978 832 0 0 255 255 255 254 34 41 27 68 0 0 0 0 2 2 2 2 7 1 14722 692108 572516 641224 557514 259850 630958 382470 724440 1018050 366530 18178 77114 5360 11270 13116 10552 97720 27222 16658 2073600 2073600 
[  721.211764] MESSAGE_B= 0 4 4 63 7 1 192 64 248 179 0 830 998 818 951 1083 1102 1055 966 475 570 469 546 1020 964 996 851 0 0 255 255 255 254 30 43 27 61 0 0 0 0 2 2 2 2 7 1 14919 558665 572516 641224 557514 259850 630958 382470 724440 1018050 366530 18178 77114 5360 11270 13116 10552 97720 27222 16658 2073600 2073600 
[  721.360764] MESSAGE_B= 4 4 4 63 7 1 192 64 248 179 0 836 1010 823 959 1061 1064 1050 931 481 579 474 554 1016 963 1008 847 0 0 255 255 255 255 23 39 25 61 0 0 0 0 2 2 2 2 7 1 9123 652363 572516 641224 557514 259850 630958 382470 724440 1018050 366530 18178 77114 5360 11270 13116 10552 97720 27222 16658 2073600 2073600 
[  721.630764] MESSAGE_B= 0 4 4 63 7 1 192 64 248 179 0 834 1005 823 955 1036 1077 1034 943 481 574 474 549 1004 967 1003 847 0 0 255 255 255 254 15 42 14 64 0 0 0 0 2 2 2 2 7 1 16672 515164 572516 641224 557514 259850 630958 382470 724440 1018050 366530 18178 77114 5360 11270 13116 10552 97720 27222 16658 2073600 2073600 

