
[ 2472.665762] MESSAGE_B= 4 4 0 27 16 1 192 64 248 179 0 1696 1852 1709 1836 1460 1376 1451 1376 156 151 165 148 464 305 457 305 0 31 243 245 255 255 1 39 1 48 0 0 0 0 0 0 0 0 16 1 17981 475145 2 29506 203990 185684 181932 311240 286622 247838 2 2 112540 119810 131010 128982 116664 142828 120158 2 2073600 2073600 
[ 2472.813760] MESSAGE_B= 4 4 0 27 13 1 192 64 248 179 0 1529 1747 1537 1727 1648 1415 1645 1412 126 230 132 218 369 289 361 294 0 31 247 252 255 255 23 67 25 51 0 0 0 0 0 0 0 0 13 1 16326 496950 2 29506 203990 185684 181932 311240 286622 247838 2 2 112540 119810 131010 128982 116664 142828 120158 2 2073600 2073600 
[ 2473.083764] MESSAGE_B= 4 4 4 28 12 1 192 64 248 179 0 1183 1553 1192 1530 1414 940 1411 941 126 219 123 225 359 356 355 347 0 31 250 255 255 255 17 13 20 19 0 0 0 0 0 0 0 0 12 1 19481 395940 2 29506 203990 185684 181932 311240 286622 247838 2 2 112540 119810 131010 128982 116664 142828 120158 2 2073600 2073600 
[ 2473.353773] MESSAGE_B= 4 4 4 29 13 1 192 64 248 179 0 1116 1510 1126 1485 1258 1270 1260 1257 128 262 136 263 346 306 338 287 0 31 250 255 254 255 28 129 16 139 0 0 0 0 0 0 0 0 13 1 13083 444699 2 29506 203990 185684 181932 311240 286622 247838 2 2 112540 119810 131010 128982 116664 142828 120158 2 2073600 2073600 
[ 2473.623766] MESSAGE_B= 4 4 4 41 12 1 192 64 248 179 0 1833 1488 1975 1382 1287 1134 1248 1141 184 143 253 187 380 296 430 282 0 31 247 232 234 246 139 183 207 182 0 0 0 0 0 0 0 0 12 1 12002 275170 574102 8810 2 2 857068 944404 676228 557998 589288 17538 1622 2 13960 24380 20552 30572 26378 12722 2073600 2073600 
[ 2473.892766] MESSAGE_B= 4 4 4 23 11 1 192 64 248 179 0 1215 1207 1217 1207 1065 889 1072 885 237 229 236 245 326 282 328 282 0 31 254 252 255 255 144 122 139 122 0 0 0 0 0 0 0 0 11 1 21558 493742 574102 8810 2 2 857068 944404 676228 557998 589288 17538 1622 2 13960 24380 20552 30572 26378 12722 2073600 2073600 
[ 2474.162761] MESSAGE_B= 4 4 4 21 16 1 192 64 248 179 0 1195 1410 1192 1406 1412 1450 1412 1438 176 167 182 172 321 232 319 228 0 31 253 249 255 255 79 22 84 20 0 0 0 0 0 0 0 0 16 1 23990 238376 574102 8810 2 2 857068 944404 676228 557998 589288 17538 1622 2 13960 24380 20552 30572 26378 12722 2073600 2073600 
[ 2474.431764] MESSAGE_B= 4 4 4 22 13 1 192 64 248 179 0 1302 1339 1303 1337 1441 1459 1445 1449 156 194 150 195 343 196 333 205 0 31 245 250 255 255 75 34 69 34 0 0 0 0 0 0 0 0 13 1 11912 286451 574102 8810 2 2 857068 944404 676228 557998 589288 17538 1622 2 13960 24380 20552 30572 26378 12722 2073600 2073600 
[ 2474.700763] MESSAGE_B= 4 4 4 21 11 1 192 64 248 179 0 1083 1253 1094 1261 1549 1357 1549 1351 235 203 227 187 365 153 355 156 0 31 252 251 255 255 231 7 228 0 0 0 0 0 0 0 0 0 11 1 17741 490215 574102 8810 2 2 857068 944404 676228 557998 589288 17538 1622 2 13960 24380 20552 30572 26378 12722 2073600 2073600 
[ 2474.848762] MESSAGE_B= 4 4 4 21 10 1 192 64 248 179 0 932 1180 942 1194 1538 1296 1542 1290 235 195 231 194 345 144 336 152 0 31 253 248 255 255 156 108 162 96 0 0 0 0 0 0 0 0 10 1 21922 332910 574102 8810 2 2 857068 944404 676228 557998 589288 17538 1622 2 13960 24380 20552 30572 26378 12722 2073600 2073600 
[ 2475.105763] MESSAGE_B= 4 4 4 19 11 1 192 64 248 179 0 1005 1183 1024 1184 1391 1227 1395 1222 181 185 194 156 387 155 381 154 0 31 252 251 255 254 150 36 144 29 0 0 0 0 0 0 0 0 11 1 11559 433522 574102 8810 2 2 857068 944404 676228 557998 589288 17538 1622 2 13960 24380 20552 30572 26378 12722 2073600 2073600 
[ 2475.375764] MESSAGE_B= 4 4 4 19 9 0 192 64 248 179 0 1068 1299 1077 1304 1250 1285 1261 1268 210 141 220 138 232 229 224 216 0 31 251 245 255 254 163 37 165 24 0 0 0 0 0 0 0 0 9 0 24586 367570 574102 8810 2 2 857068 944404 676228 557998 589288 17538 1622 2 13960 24380 20552 30572 26378 12722 2073600 2073600 
[ 2475.644763] MESSAGE_B= 4 4 4 16 10 1 192 64 248 179 0 1054 1344 1051 1349 1236 1462 1233 1450 144 184 147 162 179 210 179 203 0 31 252 248 255 254 76 135 77 112 0 0 0 0 0 0 0 0 10 1 16049 239623 574102 8810 2 2 857068 944404 676228 557998 589288 17538 1622 2 13960 24380 20552 30572 26378 12722 2073600 2073600 
[ 2475.913762] MESSAGE_B= 4 4 4 15 12 1 192 64 248 179 0 1246 1172 1257 1193 1291 1509 1293 1487 292 300 296 262 200 254 184 257 0 31 250 253 252 255 29 52 1 34 0 0 0 0 0 0 0 0 12 1 24837 490008 404016 436156 658592 588328 600212 659112 399136 299358 357156 28914 8910 10714 8904 16596 23018 16808 19974 22456 2073600 2073600 
[ 2476.183766] MESSAGE_B= 4 4 4 20 16 1 192 64 248 179 0 1398 665 1400 659 1273 1457 1273 1450 393 228 383 263 229 269 233 264 0 31 250 253 255 254 209 198 218 200 0 0 0 0 0 0 0 0 16 1 20468 312441 404016 436156 658592 588328 600212 659112 399136 299358 357156 28914 8910 10714 8904 16596 23018 16808 19974 22456 2073600 2073600 
[ 2476.453764] MESSAGE_B= 4 4 4 21 11 1 192 64 248 179 0 1635 895 1638 888 1138 1233 1153 1224 158 238 157 243 263 363 264 365 0 31 235 253 255 255 42 176 31 179 0 0 0 0 0 0 0 0 11 1 25271 531644 404016 436156 658592 588328 600212 659112 399136 299358 357156 28914 8910 10714 8904 16596 23018 16808 19974 22456 2073600 2073600 
[ 2476.723769] MESSAGE_B= 4 4 4 22 11 1 192 64 248 179 0 1620 1111 1615 1095 1250 1073 1267 1054 211 223 209 213 367 187 370 187 0 31 246 252 255 255 118 105 116 117 0 0 0 0 0 0 0 0 11 1 19904 378612 404016 436156 658592 588328 600212 659112 399136 299358 357156 28914 8910 10714 8904 16596 23018 16808 19974 22456 2073600 2073600 
[ 2476.994759] MESSAGE_B= 4 4 4 27 40 1 192 64 248 179 0 1506 1219 1507 1204 1182 998 1191 1000 106 375 106 375 442 279 442 283 0 31 238 255 255 255 92 80 86 91 0 0 0 0 0 0 0 0 40 1 18909 431056 404016 436156 658592 588328 600212 659112 399136 299358 357156 28914 8910 10714 8904 16596 23018 16808 19974 22456 2073600 2073600 
[ 2477.143760] MESSAGE_B= 4 4 4 255 964 0 192 64 248 179 0 1222 3377 1216 3370 864 0 866 0 102 42 99 66 258 0 254 0 0 22 252 255 255 0 72 0 95 0 0 0 0 1 0 1 0 1 964 0 15311 313757 404016 436156 658592 588328 600212 659112 399136 299358 357156 28914 8910 10714 8904 16596 23018 16808 19974 22456 2073600 2073600 
[ 2477.412762] MESSAGE_B= 4 4 4 48 51 0 192 64 248 179 0 0 825 0 794 576 920 616 879 0 0 0 0 0 0 0 0 1 12 255 255 255 254 30 19 28 21 0 0 0 0 0 0 0 0 51 0 44389 679129 404016 436156 658592 588328 600212 659112 399136 299358 357156 28914 8910 10714 8904 16596 23018 16808 19974 22456 2073600 2073600 
[ 2477.680763] MESSAGE_B= 4 4 4 61 17 0 192 64 248 179 0 0 819 0 769 673 650 722 613 0 0 0 0 0 0 0 0 1 12 253 253 255 255 3 0 13 0 0 0 0 0 0 0 0 0 17 0 7682 106875 404016 436156 658592 588328 600212 659112 399136 299358 357156 28914 8910 10714 8904 16596 23018 16808 19974 22456 2073600 2073600 
[ 2477.948763] MESSAGE_B= 4 4 4 19 59 1 192 64 248 179 0 1245 1747 1328 1682 941 1191 954 1158 392 354 411 351 376 308 367 304 0 31 253 254 254 255 213 202 225 196 0 0 0 0 0 0 0 0 59 1 3160 210616 404016 436156 658592 588328 600212 659112 399136 299358 357156 28914 8910 10714 8904 16596 23018 16808 19974 22456 2073600 2073600 
[ 2478.219761] MESSAGE_B= 4 4 4 135 11 0 192 64 248 179 0 0 609 0 578 667 779 717 728 0 0 0 0 0 0 0 0 1 12 247 255 255 255 32 2 32 1 0 0 0 0 0 0 0 0 11 0 23655 685394 360554 283038 429792 512926 531728 724398 482052 285660 97208 5060 16702 20472 23442 14618 301954 28604 26946 138552 2073600 2073600 
[ 2478.487764] MESSAGE_B= 4 4 4 139 13 0 192 64 248 179 0 0 606 0 560 491 781 504 730 0 0 0 0 0 0 0 0 1 12 255 253 255 251 0 53 0 26 0 0 0 0 0 0 0 0 13 0 2499 194906 360554 283038 429792 512926 531728 724398 482052 285660 97208 5060 16702 20472 23442 14618 301954 28604 26946 138552 2073600 2073600 
[ 2478.755763] MESSAGE_B= 4 4 4 140 13 0 192 64 248 179 0 0 760 0 710 664 783 713 732 0 0 0 0 0 0 0 0 1 12 255 255 255 253 0 0 0 0 0 0 0 0 0 0 0 0 13 0 2256 161316 360554 283038 429792 512926 531728 724398 482052 285660 97208 5060 16702 20472 23442 14618 301954 28604 26946 138552 2073600 2073600 
[ 2479.023761] MESSAGE_B= 4 4 4 139 13 0 192 64 248 179 0 0 886 0 828 772 917 831 857 0 0 0 0 0 0 0 0 1 12 253 255 254 252 0 0 0 0 0 0 0 0 0 0 0 0 13 0 2231 159468 360554 283038 429792 512926 531728 724398 482052 285660 97208 5060 16702 20472 23442 14618 301954 28604 26946 138552 2073600 2073600 
[ 2479.170758] MESSAGE_B= 4 4 4 137 27 0 192 64 248 179 0 0 954 0 891 826 987 889 925 0 0 0 0 0 0 0 0 1 12 252 254 252 252 5 3 5 5 0 0 0 0 0 0 0 0 27 0 3681 141847 360554 283038 429792 512926 531728 724398 482052 285660 97208 5060 16702 20472 23442 14618 301954 28604 26946 138552 2073600 2073600 
[ 2479.438760] MESSAGE_B= 4 4 4 140 27 0 192 64 248 179 0 0 1248 0 1185 841 1266 907 1210 0 0 0 0 0 0 0 0 1 12 254 253 255 255 2 0 2 0 0 0 0 0 0 0 0 0 27 0 4566 255953 360554 283038 429792 512926 531728 724398 482052 285660 97208 5060 16702 20472 23442 14618 301954 28604 26946 138552 2073600 2073600 
[ 2479.706756] MESSAGE_B= 4 4 4 151 27 0 192 64 248 179 0 0 1162 0 1101 1123 1221 1189 1155 0 0 0 0 0 0 0 0 1 12 254 250 255 254 0 0 0 0 0 0 0 0 0 0 0 0 27 0 39549 202199 360554 283038 429792 512926 531728 724398 482052 285660 97208 5060 16702 20472 23442 14618 301954 28604 26946 138552 2073600 2073600 
[ 2479.974757] MESSAGE_B= 4 4 4 151 27 1 192 64 248 179 0 0 1014 0 950 1074 1226 1142 1176 0 0 0 0 0 0 0 0 1 12 255 252 255 255 0 2 0 1 0 0 0 0 0 0 0 0 27 1 26151 312259 360554 283038 429792 512926 531728 724398 482052 285660 97208 5060 16702 20472 23442 14618 301954 28604 26946 138552 2073600 2073600 
[ 2480.242759] MESSAGE_B= 4 4 4 140 27 0 192 64 248 179 0 3481 3407 3475 3403 3325 2994 3328 2990 490 165 494 164 611 355 611 344 0 12 255 248 255 255 90 88 137 95 0 0 0 0 2 2 2 2 27 0 105869 258085 360554 283038 429792 512926 531728 724398 482052 285660 97208 5060 16702 20472 23442 14618 301954 28604 26946 138552 2073600 2073600 
[ 2480.513759] MESSAGE_B= 4 4 4 131 27 0 192 64 248 179 0 2486 1890 2492 1811 2602 2272 2633 2211 476 164 411 157 322 470 311 501 0 12 255 253 255 255 196 192 195 166 0 0 0 0 2 2 2 2 27 0 12140 277005 140008 100198 48192 64530 61128 98848 136126 430056 116874 7146 7726 1086 1808 1844 2966 11530 16256 6786 2073600 2073600 
[ 2480.783762] MESSAGE_B= 4 4 4 131 13 0 192 64 248 179 0 2472 1878 2483 1802 2588 2267 2621 2206 479 158 414 148 330 476 317 505 0 12 254 251 255 255 195 192 190 174 0 0 0 0 2 2 2 2 13 0 19944 339731 140008 100198 48192 64530 61128 98848 136126 430056 116874 7146 7726 1086 1808 1844 2966 11530 16256 6786 2073600 2073600 
[ 2481.053764] MESSAGE_B= 4 4 4 130 13 0 192 64 248 179 0 2479 1817 2475 1750 2601 2223 2624 2167 453 142 404 138 309 497 308 526 0 12 254 251 255 255 193 183 188 186 0 0 0 0 2 2 2 2 13 0 7453 327973 140008 100198 48192 64530 61128 98848 136126 430056 116874 7146 7726 1086 1808 1844 2966 11530 16256 6786 2073600 2073600 
[ 2481.202760] MESSAGE_B= 4 4 4 132 27 0 192 64 248 179 0 2308 1869 2310 1807 2543 2057 2538 2054 380 235 373 266 293 509 298 499 0 12 255 251 255 255 91 25 101 145 0 0 0 0 2 2 2 2 27 0 12531 340780 140008 100198 48192 64530 61128 98848 136126 430056 116874 7146 7726 1086 1808 1844 2966 11530 16256 6786 2073600 2073600 
[ 2481.472760] MESSAGE_B= 4 4 4 155 8 0 192 64 248 179 0 0 1455 0 1428 938 1818 937 1819 0 0 0 0 0 0 0 0 1 12 255 255 255 255 0 0 0 0 0 0 0 0 0 0 0 0 8 0 10786 321691 140008 100198 48192 64530 61128 98848 136126 430056 116874 7146 7726 1086 1808 1844 2966 11530 16256 6786 2073600 2073600 
[ 2481.739757] MESSAGE_B= 0 4 4 157 8 0 192 64 248 179 0 0 1219 0 1180 945 1524 946 1517 0 0 0 0 0 0 0 0 1 12 253 255 253 255 0 0 0 0 0 0 0 0 0 0 0 0 8 0 15545 278902 140008 100198 48192 64530 61128 98848 136126 430056 116874 7146 7726 1086 1808 1844 2966 11530 16256 6786 2073600 2073600 
[ 2482.006756] MESSAGE_B= 0 4 4 162 8 0 192 64 248 179 0 0 1209 0 1168 944 1513 944 1509 0 0 0 0 0 0 0 0 1 12 250 255 253 255 0 0 0 0 0 0 0 0 0 0 0 0 8 0 14178 178712 140008 100198 48192 64530 61128 98848 136126 430056 116874 7146 7726 1086 1808 1844 2966 11530 16256 6786 2073600 2073600 
[ 2482.273759] MESSAGE_B= 0 4 4 159 8 0 192 64 248 179 0 0 1213 0 1172 944 1512 944 1508 0 0 0 0 0 0 0 0 1 12 250 255 253 255 0 0 0 0 0 0 0 0 0 0 0 0 8 0 17432 128074 140008 100198 48192 64530 61128 98848 136126 430056 116874 7146 7726 1086 1808 1844 2966 11530 16256 6786 2073600 2073600 
[ 2482.540767] MESSAGE_B= 0 4 4 162 8 0 192 64 248 179 0 0 1215 0 1174 944 1510 944 1507 0 0 0 0 0 0 0 0 1 12 250 255 253 255 0 0 0 0 0 0 0 0 0 0 0 0 8 0 16206 156998 140008 100198 48192 64530 61128 98848 136126 430056 116874 7146 7726 1086 1808 1844 2966 11530 16256 6786 2073600 2073600 
[ 2482.807755] MESSAGE_B= 0 4 4 159 8 0 192 64 248 179 0 0 1217 0 1178 944 1512 944 1511 0 0 0 0 0 0 0 0 1 12 250 255 253 255 0 0 0 0 0 0 0 0 0 0 0 0 8 0 16995 128559 57948 159644 163284 154790 83640 70318 186412 228004 55594 3654 4060 2528 8034 3720 3408 18782 30188 4654 2073600 2073600 
[ 2483.074756] MESSAGE_B= 0 4 4 162 8 0 192 64 248 179 0 0 1214 0 1175 944 1514 944 1512 0 0 0 0 0 0 0 0 1 12 250 255 253 255 0 0 0 0 0 0 0 0 0 0 0 0 8 0 16497 156614 57948 159644 163284 154790 83640 70318 186412 228004 55594 3654 4060 2528 8034 3720 3408 18782 30188 4654 2073600 2073600 
[ 2483.220756] MESSAGE_B= 4 4 4 162 9 0 192 64 248 179 0 0 1215 0 1175 934 1513 934 1510 0 0 0 0 0 0 0 0 1 12 247 255 253 255 0 0 0 0 0 0 0 0 0 0 0 0 9 0 16942 128906 57948 159644 163284 154790 83640 70318 186412 228004 55594 3654 4060 2528 8034 3720 3408 18782 30188 4654 2073600 2073600 
[ 2483.488050] MESSAGE_B= 4 4 4 159 9 0 192 64 248 179 0 0 1218 0 1177 934 1514 934 1513 0 0 0 0 0 0 0 0 1 12 247 255 253 255 0 0 0 0 0 0 0 0 0 0 0 0 9 0 16414 156638 57948 159644 163284 154790 83640 70318 186412 228004 55594 3654 4060 2528 8034 3720 3408 18782 30188 4654 2073600 2073600 
[ 2483.754758] MESSAGE_B= 4 4 4 162 9 0 192 64 248 179 0 0 1218 0 1180 934 1517 934 1515 0 0 0 0 0 0 0 0 1 12 247 255 253 255 0 0 0 0 0 0 0 0 0 0 0 0 9 0 16547 129223 57948 159644 163284 154790 83640 70318 186412 228004 55594 3654 4060 2528 8034 3720 3408 18782 30188 4654 2073600 2073600 
[ 2484.021762] MESSAGE_B= 4 4 4 159 9 0 192 64 248 179 0 0 1218 0 1180 934 1518 934 1515 0 0 0 0 0 0 0 0 1 12 247 255 253 255 0 0 0 0 0 0 0 0 0 0 0 0 9 0 16481 156804 57948 159644 163284 154790 83640 70318 186412 228004 55594 3654 4060 2528 8034 3720 3408 18782 30188 4654 2073600 2073600 
[ 2484.288766] MESSAGE_B= 4 4 4 162 9 0 192 64 248 179 0 0 1218 0 1179 934 1518 934 1515 0 0 0 0 0 0 0 0 1 12 247 255 253 255 0 0 0 0 0 0 0 0 0 0 0 0 9 0 16238 129189 57948 159644 163284 154790 83640 70318 186412 228004 55594 3654 4060 2528 8034 3720 3408 18782 30188 4654 2073600 2073600 
[ 2484.555757] MESSAGE_B= 4 4 4 159 9 0 192 64 248 179 0 0 1218 0 1179 934 1518 934 1515 0 0 0 0 0 0 0 0 1 12 247 255 253 255 0 0 0 0 0 0 0 0 0 0 0 0 9 0 16699 157412 57948 159644 163284 154790 83640 70318 186412 228004 55594 3654 4060 2528 8034 3720 3408 18782 30188 4654 2073600 2073600 
[ 2484.822769] MESSAGE_B= 0 4 4 162 8 1 192 64 248 179 0 1781 2171 1763 2148 2185 2469 2177 2474 343 256 347 271 311 216 312 224 0 2 254 252 252 248 9 174 24 141 0 0 0 0 2 2 2 2 8 1 16262 129192 57948 159644 163284 154790 83640 70318 186412 228004 55594 3654 4060 2528 8034 3720 3408 18782 30188 4654 2073600 2073600 
[ 2485.092767] MESSAGE_B= 4 4 4 17 9 2 192 64 248 179 0 1790 2166 1770 2155 2094 2377 2094 2370 351 256 345 268 341 165 364 169 0 2 254 252 252 238 133 76 154 103 0 0 0 0 2 2 2 2 9 2 29372 157417 787468 24368 25062 54976 43688 47374 170668 241158 46824 42260 5388 1294 3524 3740 4178 18284 29910 3430 2073600 2073600 
[ 2485.240761] MESSAGE_B= 4 4 4 17 8 2 192 64 248 179 0 1819 2182 1795 2168 2166 2352 2141 2358 370 254 350 260 383 197 385 219 0 2 255 251 239 225 19 92 48 52 0 0 0 0 2 2 2 2 8 2 36501 427635 787468 24368 25062 54976 43688 47374 170668 241158 46824 42260 5388 1294 3524 3740 4178 18284 29910 3430 2073600 2073600 
[ 2485.509766] MESSAGE_B= 4 4 4 18 7 2 192 64 248 179 0 1859 2196 1835 2186 2320 2347 2194 2343 376 257 377 263 330 113 363 123 0 2 255 253 221 235 68 138 79 99 0 0 0 0 2 2 2 2 7 2 17127 604357 787468 24368 25062 54976 43688 47374 170668 241158 46824 42260 5388 1294 3524 3740 4178 18284 29910 3430 2073600 2073600 
[ 2485.778774] MESSAGE_B= 4 4 4 19 8 2 192 64 248 179 0 1905 2190 1871 2192 2341 2366 2300 2387 360 266 387 261 324 129 319 138 0 2 255 254 246 231 141 49 152 12 0 0 0 0 2 2 2 2 8 2 35216 503906 787468 24368 25062 54976 43688 47374 170668 241158 46824 42260 5388 1294 3524 3740 4178 18284 29910 3430 2073600 2073600 
[ 2486.048773] MESSAGE_B= 4 4 4 20 7 2 192 64 248 179 0 1902 2175 1874 2169 2564 2242 2536 2258 345 277 371 280 258 132 290 128 0 2 253 254 247 246 140 59 176 28 0 0 0 0 2 2 2 2 7 2 14775 608056 787468 24368 25062 54976 43688 47374 170668 241158 46824 42260 5388 1294 3524 3740 4178 18284 29910 3430 2073600 2073600 
[ 2486.317771] MESSAGE_B= 4 4 4 21 12 2 192 64 248 179 0 1122 1003 1122 1030 1802 1680 1805 1627 466 306 462 354 96 284 79 385 0 2 255 252 214 241 21 7 59 33 0 0 0 0 2 2 2 2 12 2 32828 548427 787468 24368 25062 54976 43688 47374 170668 241158 46824 42260 5388 1294 3524 3740 4178 18284 29910 3430 2073600 2073600 
[ 2486.586769] MESSAGE_B= 4 4 4 19 9 1 192 64 248 179 0 1111 1028 1107 1042 1799 1687 1808 1695 457 362 460 379 101 225 92 275 0 2 255 254 226 232 77 59 53 56 0 0 0 0 2 2 2 2 9 1 19018 617800 787468 24368 25062 54976 43688 47374 170668 241158 46824 42260 5388 1294 3524 3740 4178 18284 29910 3430 2073600 2073600 
[ 2486.856770] MESSAGE_B= 4 4 4 20 10 2 192 64 248 179 0 1108 1061 1102 1065 1800 1655 1808 1673 461 428 462 428 83 236 73 307 0 2 255 254 213 228 82 7 30 22 0 0 0 0 2 2 2 2 10 2 23171 428925 787468 24368 25062 54976 43688 47374 170668 241158 46824 42260 5388 1294 3524 3740 4178 18284 29910 3430 2073600 2073600 
[ 2487.113764] MESSAGE_B= 4 4 4 19 8 3 192 64 248 179 0 1089 1120 1102 1121 1805 1677 1808 1705 451 506 473 518 103 224 80 270 0 2 255 255 241 223 70 48 63 53 0 0 0 0 2 2 2 2 8 3 40619 697623 787468 24368 25062 54976 43688 47374 170668 241158 46824 42260 5388 1294 3524 3740 4178 18284 29910 3430 2073600 2073600 
[ 2487.382765] MESSAGE_B= 4 4 4 22 12 2 192 64 248 179 0 1152 1139 1134 1157 1827 1705 1824 1696 462 529 474 553 108 298 101 355 0 2 255 255 244 246 96 6 65 17 0 0 0 0 2 2 2 2 12 2 27928 429804 939078 1418982 1180752 990096 890814 815840 1670768 995862 724436 29864 24850 62722 50370 16662 35324 62026 41548 24706 2073600 2073600 
[ 2487.532760] MESSAGE_B= 4 4 4 19 12 3 192 64 248 179 0 1237 1072 1234 1091 1792 1744 1785 1703 411 471 428 518 167 270 174 313 0 2 255 253 238 249 171 105 170 65 0 0 0 0 2 2 2 2 12 3 24195 692244 939078 1418982 1180752 990096 890814 815840 1670768 995862 724436 29864 24850 62722 50370 16662 35324 62026 41548 24706 2073600 2073600 
[ 2487.803761] MESSAGE_B= 4 4 4 14 15 2 192 64 248 179 0 1599 1260 1591 1284 1734 1977 1730 1940 471 620 470 629 349 176 337 253 0 2 255 255 245 240 78 106 60 154 0 0 0 0 2 2 2 2 15 2 29162 410112 939078 1418982 1180752 990096 890814 815840 1670768 995862 724436 29864 24850 62722 50370 16662 35324 62026 41548 24706 2073600 2073600 
[ 2488.074762] MESSAGE_B= 4 4 4 6 5 3 192 64 248 179 0 2134 2242 2143 2244 1555 1683 1557 1690 208 188 196 186 117 259 120 267 0 2 255 254 254 252 128 138 144 144 0 0 0 0 2 2 2 2 5 3 27335 837653 939078 1418982 1180752 990096 890814 815840 1670768 995862 724436 29864 24850 62722 50370 16662 35324 62026 41548 24706 2073600 2073600 
[ 2488.345765] MESSAGE_B= 4 4 4 8 6 2 192 64 248 179 0 2196 2265 2153 2275 1581 1740 1584 1742 203 220 234 212 179 279 184 279 0 2 239 250 255 255 109 165 117 157 0 0 0 0 2 2 2 2 6 2 11283 704325 939078 1418982 1180752 990096 890814 815840 1670768 995862 724436 29864 24850 62722 50370 16662 35324 62026 41548 24706 2073600 2073600 
[ 2488.616766] MESSAGE_B= 4 4 4 8 10 2 192 64 248 179 0 2200 2089 2198 2110 1847 1664 1841 1700 133 285 120 270 333 222 350 219 0 2 252 254 255 249 20 96 27 84 0 0 0 0 2 2 2 2 10 2 35278 895920 939078 1418982 1180752 990096 890814 815840 1670768 995862 724436 29864 24850 62722 50370 16662 35324 62026 41548 24706 2073600 2073600 
[ 2488.887766] MESSAGE_B= 4 4 4 3 8 2 192 64 248 179 0 2199 1981 2203 2003 1987 1616 2006 1637 128 294 119 298 298 128 290 143 0 2 255 254 246 254 81 99 87 120 0 0 0 0 2 2 2 2 8 2 12396 644766 939078 1418982 1180752 990096 890814 815840 1670768 995862 724436 29864 24850 62722 50370 16662 35324 62026 41548 24706 2073600 2073600 
[ 2489.157761] MESSAGE_B= 4 4 4 3 14 2 192 64 248 179 0 2143 1977 2143 2023 1953 1576 1994 1581 198 352 194 341 271 141 272 135 0 2 255 249 250 255 111 31 103 23 0 0 0 0 2 0 2 0 14 2 33478 741076 939078 1418982 1180752 990096 890814 815840 1670768 995862 724436 29864 24850 62722 50370 16662 35324 62026 41548 24706 2073600 2073600 
[ 2489.428767] MESSAGE_B= 4 4 4 7 11 2 192 64 248 179 0 2158 1932 2175 1957 1713 1637 1714 1639 184 235 174 250 204 176 218 177 0 2 250 255 250 255 128 136 87 132 0 0 0 0 2 0 2 0 11 2 17316 613774 939078 1418982 1180752 990096 890814 815840 1670768 995862 724436 29864 24850 62722 50370 16662 35324 62026 41548 24706 2073600 2073600 
[ 2489.578766] MESSAGE_B= 4 4 4 15 11 1 192 64 248 179 0 2116 1889 2126 1918 1626 1630 1629 1628 232 194 220 215 165 182 169 174 0 2 253 252 255 255 130 154 135 150 0 0 0 0 2 0 2 0 11 1 28144 596768 918386 1448352 572424 858494 1247482 1362456 175892 834284 817090 29866 25018 19404 26876 18370 25896 7960 27426 27958 2073600 2073600 
[ 2489.849767] MESSAGE_B= 4 4 4 14 8 1 192 64 248 179 0 2016 1904 2029 1929 1555 1589 1558 1585 293 212 288 238 159 161 156 150 0 2 254 254 255 255 134 101 112 84 0 0 0 0 2 0 2 0 8 1 8657 665491 918386 1448352 572424 858494 1247482 1362456 175892 834284 817090 29866 25018 19404 26876 18370 25896 7960 27426 27958 2073600 2073600 
[ 2490.120767] MESSAGE_B= 4 4 4 13 9 1 192 64 248 179 0 2005 1903 2018 1930 1611 1570 1616 1567 315 212 309 240 198 144 201 139 0 2 254 253 254 252 118 93 111 64 0 0 0 0 2 0 2 0 9 1 32052 452110 918386 1448352 572424 858494 1247482 1362456 175892 834284 817090 29866 25018 19404 26876 18370 25896 7960 27426 27958 2073600 2073600 
[ 2490.391760] MESSAGE_B= 4 4 4 13 8 1 192 64 248 179 0 2008 1929 2026 1954 1858 1568 1880 1566 328 206 326 233 295 130 312 129 0 2 251 253 251 252 140 73 129 48 0 0 0 0 2 0 2 0 8 1 6334 570834 918386 1448352 572424 858494 1247482 1362456 175892 834284 817090 29866 25018 19404 26876 18370 25896 7960 27426 27958 2073600 2073600 
[ 2490.661759] MESSAGE_B= 0 4 4 13 8 1 192 64 248 179 0 2012 1935 2024 1960 1775 1547 1782 1546 305 169 311 196 265 115 249 114 0 2 252 246 251 252 137 45 137 28 0 0 0 0 2 0 2 0 8 1 27112 438092 918386 1448352 572424 858494 1247482 1362456 175892 834284 817090 29866 25018 19404 26876 18370 25896 7960 27426 27958 2073600 2073600 
[ 2490.932763] MESSAGE_B= 4 4 4 15 7 1 192 64 248 179 0 2032 1896 2082 1907 1682 1543 1679 1547 275 159 224 175 198 93 175 94 0 2 241 251 231 251 137 9 160 4 0 0 0 0 2 0 2 0 7 1 10834 547452 918386 1448352 572424 858494 1247482 1362456 175892 834284 817090 29866 25018 19404 26876 18370 25896 7960 27426 27958 2073600 2073600 
[ 2491.203762] MESSAGE_B= 0 4 4 15 7 1 192 64 248 179 0 2269 1898 2275 1942 0 1980 0 1992 301 160 321 159 0 377 0 412 0 2 244 243 0 247 0 65 0 33 0 0 1 0 1 2 1 2 7 1 24720 486262 918386 1448352 572424 858494 1247482 1362456 175892 834284 817090 29866 25018 19404 26876 18370 25896 7960 27426 27958 2073600 2073600 
[ 2491.472766] MESSAGE_B= 4 4 4 16 7 1 192 64 248 179 0 2266 1856 2289 1851 0 1936 0 1953 297 136 275 132 0 351 0 365 0 2 238 245 0 254 0 15 0 31 0 0 1 0 1 2 1 2 7 1 7507 456045 918386 1448352 572424 858494 1247482 1362456 175892 834284 817090 29866 25018 19404 26876 18370 25896 7960 27426 27958 2073600 2073600 
[ 2491.620758] MESSAGE_B= 0 4 4 17 8 1 192 64 248 179 0 2193 1877 2226 1872 0 1830 0 1850 301 114 276 119 0 427 0 427 0 2 213 238 0 253 0 134 0 133 0 0 1 0 2 2 1 2 8 1 30100 474548 918386 1448352 572424 858494 1247482 1362456 175892 834284 817090 29866 25018 19404 26876 18370 25896 7960 27426 27958 2073600 2073600 
[ 2491.889763] MESSAGE_B= 4 4 4 17 7 1 192 64 248 179 0 2235 1873 2238 1875 2389 1701 2395 1718 226 124 239 126 270 436 270 446 0 2 244 246 251 254 155 144 170 143 0 0 0 0 2 2 2 2 7 1 9534 469324 595472 432678 360812 769312 912572 800456 358470 988774 830450 27610 29398 13398 32106 22510 20260 21394 27186 26746 2073600 2073600 
[ 2492.159764] MESSAGE_B= 0 4 4 17 7 1 192 64 248 179 0 2333 1872 2341 1874 2414 1703 2438 1713 271 128 290 120 239 461 240 479 0 2 249 248 250 254 51 102 27 99 0 0 0 0 2 2 2 2 7 1 25943 438313 595472 432678 360812 769312 912572 800456 358470 988774 830450 27610 29398 13398 32106 22510 20260 21394 27186 26746 2073600 2073600 
[ 2492.430759] MESSAGE_B= 4 4 4 17 8 1 192 64 248 179 0 2308 1880 2278 1896 2454 1804 2467 1821 248 111 266 119 248 370 245 367 0 2 224 239 252 254 51 72 88 63 0 0 0 0 2 2 2 2 8 1 7181 410241 595472 432678 360812 769312 912572 800456 358470 988774 830450 27610 29398 13398 32106 22510 20260 21394 27186 26746 2073600 2073600 
[ 2492.700766] MESSAGE_B= 0 4 4 17 8 1 192 64 248 179 0 2263 1893 2273 1894 2448 1884 2453 1895 334 117 359 118 300 352 287 346 0 2 251 251 252 254 66 111 60 102 0 0 0 0 2 2 2 2 8 1 27412 438470 595472 432678 360812 769312 912572 800456 358470 988774 830450 27610 29398 13398 32106 22510 20260 21394 27186 26746 2073600 2073600 
[ 2492.970766] MESSAGE_B= 4 4 4 17 8 1 192 64 248 179 0 2188 1897 2204 1897 2518 1901 2534 1920 277 141 286 136 228 499 218 498 0 2 251 251 248 255 12 152 14 168 0 0 0 0 2 2 2 2 8 1 9065 470767 595472 432678 360812 769312 912572 800456 358470 988774 830450 27610 29398 13398 32106 22510 20260 21394 27186 26746 2073600 2073600 
[ 2493.241760] MESSAGE_B= 0 4 4 16 8 1 192 64 248 179 0 2236 1912 2242 1920 2524 1896 2541 1927 309 155 328 156 276 519 282 522 0 2 250 252 254 255 255 188 0 196 0 0 0 0 2 2 2 2 8 1 30122 431861 595472 432678 360812 769312 912572 800456 358470 988774 830450 27610 29398 13398 32106 22510 20260 21394 27186 26746 2073600 2073600 
[ 2493.511763] MESSAGE_B= 4 4 4 17 10 1 192 64 248 179 0 2228 1898 2225 1902 2758 1886 2739 1913 281 136 281 130 199 510 195 513 0 2 248 252 251 255 0 181 0 174 0 0 0 0 2 2 2 2 10 1 8529 461789 595472 432678 360812 769312 912572 800456 358470 988774 830450 27610 29398 13398 32106 22510 20260 21394 27186 26746 2073600 2073600 
[ 2493.660763] MESSAGE_B= 0 4 4 17 8 1 192 64 248 179 0 2198 1891 2200 1898 2279 1853 2280 1870 272 130 273 128 264 503 284 486 0 2 245 248 255 254 188 141 0 156 0 0 0 0 2 2 2 2 8 1 30522 439514 595472 432678 360812 769312 912572 800456 358470 988774 830450 27610 29398 13398 32106 22510 20260 21394 27186 26746 2073600 2073600 
[ 2493.931760] MESSAGE_B= 4 4 4 16 7 0 192 64 248 179 0 2279 2243 2222 2330 3058 2077 3105 2012 573 752 517 788 352 623 353 686 0 1 253 255 249 252 20 154 29 146 0 0 0 0 2 2 2 2 7 0 8494 469284 595472 432678 360812 769312 912572 800456 358470 988774 830450 27610 29398 13398 32106 22510 20260 21394 27186 26746 2073600 2073600 
[ 2494.201763] MESSAGE_B= 4 4 4 16 7 0 192 64 248 179 0 2289 2261 2233 2346 3061 2022 3121 1994 573 752 520 790 347 536 351 616 0 1 253 255 249 250 28 149 27 138 0 0 0 0 2 2 2 2 7 0 26662 678615 1273640 712444 480858 670536 882374 778284 645976 919844 800586 27194 28602 23556 36278 21102 23758 30424 34244 27356 2073600 2073600 
[ 2494.472763] MESSAGE_B= 4 4 4 16 7 0 192 64 248 179 0 2294 2258 2230 2348 3055 2057 3102 2063 575 752 516 786 347 551 371 596 0 1 253 255 252 251 33 143 40 145 0 0 0 0 2 2 2 2 7 0 23167 728967 1273640 712444 480858 670536 882374 778284 645976 919844 800586 27194 28602 23556 36278 21102 23758 30424 34244 27356 2073600 2073600 
[ 2494.743762] MESSAGE_B= 4 4 4 16 7 0 192 64 248 179 0 2293 2262 2233 2349 3044 2040 3109 1983 572 751 516 786 375 592 386 628 0 1 253 255 251 251 43 138 38 139 0 0 0 0 2 2 2 2 7 0 25494 683860 1273640 712444 480858 670536 882374 778284 645976 919844 800586 27194 28602 23556 36278 21102 23758 30424 34244 27356 2073600 2073600 
[ 2495.013759] MESSAGE_B= 4 4 4 16 7 1 192 64 248 179 0 2273 2248 2219 2337 2964 2082 3082 1965 572 752 517 789 387 580 402 605 0 1 253 255 241 240 45 158 39 143 0 0 0 0 2 2 2 2 7 1 23821 725744 1273640 712444 480858 670536 882374 778284 645976 919844 800586 27194 28602 23556 36278 21102 23758 30424 34244 27356 2073600 2073600 
[ 2495.283762] MESSAGE_B= 4 4 4 16 7 0 192 64 248 179 0 2290 2251 2221 2336 2913 2168 3052 2114 576 758 515 798 391 552 413 581 0 1 252 255 245 240 96 155 54 148 0 0 0 0 2 2 2 2 7 0 28893 680991 1273640 712444 480858 670536 882374 778284 645976 919844 800586 27194 28602 23556 36278 21102 23758 30424 34244 27356 2073600 2073600 
[ 2495.554758] MESSAGE_B= 4 4 4 16 7 1 192 64 248 179 0 2290 2247 2221 2336 2966 2155 3089 2102 576 757 511 793 409 564 425 595 0 1 253 255 237 237 75 154 53 144 0 0 0 0 2 2 2 2 7 1 22168 716506 1273640 712444 480858 670536 882374 778284 645976 919844 800586 27194 28602 23556 36278 21102 23758 30424 34244 27356 2073600 2073600 
[ 2495.704762] MESSAGE_B= 4 4 4 16 6 1 192 64 248 179 0 2305 2278 2246 2365 3060 2166 3134 2173 565 768 503 800 399 503 392 531 0 1 253 255 250 240 60 125 46 90 0 0 0 0 2 2 2 2 6 1 27903 680854 1273640 712444 480858 670536 882374 778284 645976 919844 800586 27194 28602 23556 36278 21102 23758 30424 34244 27356 2073600 2073600 
[ 2495.975762] MESSAGE_B= 4 4 4 14 7 1 192 64 248 179 0 2270 2412 2254 2484 3096 2086 3179 2099 464 816 417 856 360 532 330 550 0 1 251 255 246 250 22 127 1 134 0 0 0 0 2 2 2 2 7 1 33603 752969 1273640 712444 480858 670536 882374 778284 645976 919844 800586 27194 28602 23556 36278 21102 23758 30424 34244 27356 2073600 2073600 
[ 2496.245759] MESSAGE_B= 4 4 4 16 10 1 192 64 248 179 0 2235 2424 2226 2486 3027 2249 3107 2242 430 818 385 856 381 511 390 562 0 1 250 255 250 252 9 131 20 125 0 0 0 0 2 2 2 2 10 1 29126 662774 1273640 712444 480858 670536 882374 778284 645976 919844 800586 27194 28602 23556 36278 21102 23758 30424 34244 27356 2073600 2073600 
[ 2496.516764] MESSAGE_B= 4 4 4 17 10 0 192 64 248 179 0 2268 2427 2231 2490 2791 2496 2941 2431 389 825 349 859 405 561 443 702 0 1 247 255 241 251 32 107 4 108 0 0 0 0 2 2 2 2 10 0 29488 716005 1202950 1747970 638950 1255424 930064 1320232 1738426 1277410 1269116 40806 19008 16512 33024 29382 33476 44070 24978 39140 2073600 2073600 
[ 2496.788763] MESSAGE_B= 4 4 4 16 12 1 192 64 248 179 0 2713 2889 2418 2939 2628 1983 2545 1967 495 636 541 654 386 802 406 852 0 1 249 254 247 255 69 169 110 188 0 0 0 0 2 2 2 2 12 1 24093 676005 1202950 1747970 638950 1255424 930064 1320232 1738426 1277410 1269116 40806 19008 16512 33024 29382 33476 44070 24978 39140 2073600 2073600 
[ 2497.059764] MESSAGE_B= 4 7 4 20 9 4 192 64 248 179 0 2822 3058 2615 3113 2602 1669 2586 1425 429 469 472 431 544 661 617 467 0 31 251 253 251 235 60 157 84 98 0 0 0 0 2 2 2 2 9 4 157028 622918 1202950 1747970 638950 1255424 930064 1320232 1738426 1277410 1269116 40806 19008 16512 33024 29382 33476 44070 24978 39140 2073600 2073600 
[ 2497.330763] MESSAGE_B= 4 4 4 20 4 2 192 64 248 179 0 1986 1903 1997 1929 1789 1731 1801 1745 176 116 190 115 87 91 86 95 0 31 254 255 255 255 47 26 40 34 0 0 0 0 0 0 0 0 4 2 49441 626141 1202950 1747970 638950 1255424 930064 1320232 1738426 1277410 1269116 40806 19008 16512 33024 29382 33476 44070 24978 39140 2073600 2073600 
[ 2497.601758] MESSAGE_B= 4 4 4 1 4 3 192 64 248 179 0 1986 1884 1997 1908 1781 1719 1796 1734 173 114 183 115 93 100 84 96 0 31 255 255 255 255 81 40 73 35 0 0 0 0 0 0 0 0 4 3 49824 710779 1202950 1747970 638950 1255424 930064 1320232 1738426 1277410 1269116 40806 19008 16512 33024 29382 33476 44070 24978 39140 2073600 2073600 
[ 2497.751761] MESSAGE_B= 0 4 4 1 4 3 192 64 248 179 0 1980 1875 1992 1896 1774 1712 1789 1726 168 110 168 104 93 100 83 94 0 31 253 255 255 255 80 38 55 0 0 0 0 0 0 0 0 0 4 3 71400 510593 1202950 1747970 638950 1255424 930064 1320232 1738426 1277410 1269116 40806 19008 16512 33024 29382 33476 44070 24978 39140 2073600 2073600 
[ 2498.021765] MESSAGE_B= 4 4 4 1 4 2 192 64 248 179 0 1975 1866 1989 1885 1769 1708 1783 1723 151 83 157 107 96 93 86 91 0 31 252 255 255 255 80 0 64 12 0 0 0 0 0 0 0 0 4 2 54566 899768 1202950 1747970 638950 1255424 930064 1320232 1738426 1277410 1269116 40806 19008 16512 33024 29382 33476 44070 24978 39140 2073600 2073600 
[ 2498.292764] MESSAGE_B= 0 4 4 1 4 2 192 64 248 179 0 1973 1865 1988 1884 1767 1704 1779 1719 151 83 155 95 86 90 95 93 0 31 250 249 255 255 70 15 78 7 0 0 0 0 0 0 0 0 4 2 74912 503627 1202950 1747970 638950 1255424 930064 1320232 1738426 1277410 1269116 40806 19008 16512 33024 29382 33476 44070 24978 39140 2073600 2073600 
[ 2498.562759] MESSAGE_B= 4 4 4 1 5 2 192 64 248 179 0 1970 1856 1982 1876 1762 1700 1774 1714 146 67 156 83 85 90 97 104 0 31 250 254 255 255 64 20 96 25 0 0 0 0 0 0 0 0 5 2 50232 886298 1202950 1747970 638950 1255424 930064 1320232 1738426 1277410 1269116 40806 19008 16512 33024 29382 33476 44070 24978 39140 2073600 2073600 
[ 2498.832766] MESSAGE_B= 0 4 4 1 4 2 192 64 248 179 0 1968 1849 1981 1870 1764 1697 1776 1711 159 53 157 70 97 94 100 103 0 31 252 254 255 255 98 17 96 28 0 0 0 0 0 0 0 0 4 2 71122 497673 970684 1719536 538814 1008052 1379200 1160014 407622 1145146 1178566 75032 189876 80618 165562 25450 63528 101100 34328 59764 2073600 2073600 
[ 2499.103758] MESSAGE_B= 4 4 4 0 6 2 192 64 248 179 0 1963 1845 1977 1866 1769 1699 1779 1716 153 47 164 65 87 87 104 86 0 31 255 255 255 255 86 40 113 1 0 0 0 0 0 0 0 0 6 2 48940 883160 970684 1719536 538814 1008052 1379200 1160014 407622 1145146 1178566 75032 189876 80618 165562 25450 63528 101100 34328 59764 2073600 2073600 
[ 2499.374759] MESSAGE_B= 0 4 4 1 6 2 192 64 248 179 0 1957 1836 1974 1859 1777 1698 1788 1715 153 68 160 49 84 93 101 81 0 31 253 255 255 255 69 66 83 59 0 0 0 0 0 0 0 0 6 2 73926 470742 970684 1719536 538814 1008052 1379200 1160014 407622 1145146 1178566 75032 189876 80618 165562 25450 63528 101100 34328 59764 2073600 2073600 
[ 2499.645759] MESSAGE_B= 4 4 4 1 6 2 192 64 248 179 0 1948 1827 1965 1847 1781 1695 1794 1711 143 36 153 35 78 79 94 84 0 31 253 227 255 255 43 42 74 80 0 0 0 0 0 0 0 0 6 2 51120 873420 970684 1719536 538814 1008052 1379200 1160014 407622 1145146 1178566 75032 189876 80618 165562 25450 63528 101100 34328 59764 2073600 2073600 
[ 2499.795768] MESSAGE_B= 0 4 4 1 6 2 192 64 248 179 0 1934 1819 1953 1838 1775 1690 1791 1705 142 45 145 50 93 93 89 87 0 31 255 245 255 255 78 107 64 25 0 0 0 0 0 0 0 0 6 2 69266 453062 970684 1719536 538814 1008052 1379200 1160014 407622 1145146 1178566 75032 189876 80618 165562 25450 63528 101100 34328 59764 2073600 2073600 
[ 2500.066760] MESSAGE_B= 4 4 4 1 8 2 192 64 248 179 0 1916 1811 1936 1831 1777 1686 1790 1703 104 51 130 36 93 82 89 89 0 31 255 250 255 255 18 97 66 74 0 0 0 0 0 0 0 0 8 2 58574 783966 970684 1719536 538814 1008052 1379200 1160014 407622 1145146 1178566 75032 189876 80618 165562 25450 63528 101100 34328 59764 2073600 2073600 
[ 2500.337758] MESSAGE_B= 0 4 4 2 10 2 192 64 248 179 0 1889 1797 1908 1816 1771 1684 1785 1699 94 51 94 51 77 85 80 79 0 31 255 240 255 255 32 126 14 84 0 0 0 0 0 0 0 0 10 2 67434 432702 970684 1719536 538814 1008052 1379200 1160014 407622 1145146 1178566 75032 189876 80618 165562 25450 63528 101100 34328 59764 2073600 2073600 
[ 2500.608764] MESSAGE_B= 4 4 4 2 7 2 192 64 248 179 0 1877 1787 1895 1809 1769 1683 1784 1697 88 79 85 53 87 71 93 89 0 31 255 255 255 255 16 110 3 133 0 0 0 0 0 0 0 0 7 2 61130 713044 970684 1719536 538814 1008052 1379200 1160014 407622 1145146 1178566 75032 189876 80618 165562 25450 63528 101100 34328 59764 2073600 2073600 
[ 2500.878760] MESSAGE_B= 0 4 4 3 8 1 192 64 248 179 0 1869 1786 1888 1804 1772 1684 1786 1702 80 77 82 77 67 84 67 82 0 31 255 249 255 255 114 134 77 133 0 0 0 0 0 0 0 0 8 1 68060 420830 970684 1719536 538814 1008052 1379200 1160014 407622 1145146 1178566 75032 189876 80618 165562 25450 63528 101100 34328 59764 2073600 2073600 
[ 2501.120762] MESSAGE_B= 4 4 4 3 10 1 192 64 248 179 0 1862 1766 1881 1788 1780 1689 1794 1706 88 93 97 70 83 68 74 82 0 31 255 255 255 255 24 96 12 85 0 0 0 0 0 0 0 0 10 1 65606 613370 700086 545144 98490 988948 1202970 1001062 201476 916244 790604 103468 101568 4966 107064 33462 45260 135192 41116 80334 2073600 2073600 
[ 2501.390758] MESSAGE_B= 0 4 4 4 10 2 192 64 248 179 0 2120 1817 2145 1843 1964 2150 2002 2166 202 164 200 151 186 199 220 181 0 2 244 247 245 243 105 23 224 7 0 0 0 0 2 2 2 2 10 2 58228 442261 700086 545144 98490 988948 1202970 1001062 201476 916244 790604 103468 101568 4966 107064 33462 45260 135192 41116 80334 2073600 2073600 
[ 2501.661760] MESSAGE_B= 4 4 4 5 8 2 192 64 248 179 0 2070 1776 2067 1815 1980 1936 1990 1916 164 201 179 183 183 119 186 130 0 2 242 252 247 245 107 182 64 224 0 0 0 0 2 2 2 2 8 2 72546 508704 700086 545144 98490 988948 1202970 1001062 201476 916244 790604 103468 101568 4966 107064 33462 45260 135192 41116 80334 2073600 2073600 
[ 2501.932769] MESSAGE_B= 0 4 4 5 11 3 192 64 248 179 0 2091 1746 2086 1777 2021 1888 2034 1904 160 206 185 196 197 79 191 124 0 2 230 251 248 225 42 66 64 109 0 0 0 0 2 2 2 2 11 3 56738 439229 700086 545144 98490 988948 1202970 1001062 201476 916244 790604 103468 101568 4966 107064 33462 45260 135192 41116 80334 2073600 2073600 
[ 2502.203758] MESSAGE_B= 4 4 4 6 9 2 192 64 248 179 0 2059 1722 2054 1748 2031 2210 2052 2205 115 223 121 208 192 179 204 162 0 2 191 248 249 243 129 98 3 44 0 0 0 0 2 2 2 2 9 2 76784 486882 700086 545144 98490 988948 1202970 1001062 201476 916244 790604 103468 101568 4966 107064 33462 45260 135192 41116 80334 2073600 2073600 
[ 2502.352758] MESSAGE_B= 0 4 4 7 10 2 192 64 248 179 0 2054 1715 2054 1744 2060 2086 2078 2113 134 227 135 208 204 165 204 179 0 2 208 250 243 249 63 125 66 77 0 0 0 0 2 2 2 2 10 2 59922 492238 700086 545144 98490 988948 1202970 1001062 201476 916244 790604 103468 101568 4966 107064 33462 45260 135192 41116 80334 2073600 2073600 
[ 2502.623759] MESSAGE_B= 4 4 4 8 9 2 192 64 248 179 0 2073 1711 2078 1748 2148 2108 2215 2132 179 229 175 213 172 174 218 161 0 2 231 251 241 242 63 43 87 63 0 0 0 0 2 2 2 2 9 2 76638 388848 700086 545144 98490 988948 1202970 1001062 201476 916244 790604 103468 101568 4966 107064 33462 45260 135192 41116 80334 2073600 2073600 
[ 2502.893765] MESSAGE_B= 0 4 4 8 7 2 192 64 248 179 0 2053 1706 2057 1740 2181 2056 2251 2080 151 233 143 216 225 243 271 192 0 2 224 251 247 250 22 6 45 3 0 0 0 0 2 2 2 2 7 2 50770 526682 700086 545144 98490 988948 1202970 1001062 201476 916244 790604 103468 101568 4966 107064 33462 45260 135192 41116 80334 2073600 2073600 
[ 2503.163760] MESSAGE_B= 4 4 4 9 9 2 192 64 248 179 0 2041 1705 2036 1749 2150 2121 2214 2108 170 226 171 220 185 212 217 204 0 2 222 243 240 246 4 59 16 69 0 0 0 0 2 2 2 2 9 2 84898 357014 700086 545144 98490 988948 1202970 1001062 201476 916244 790604 103468 101568 4966 107064 33462 45260 135192 41116 80334 2073600 2073600 
[ 2503.434766] MESSAGE_B= 4 4 4 9 10 3 192 64 248 179 0 2004 1694 2023 1727 2100 2220 2140 2197 181 246 191 237 229 152 250 111 0 2 245 253 248 222 13 102 34 154 0 0 0 0 2 2 2 2 10 3 47042 575630 720000 510228 395958 602076 828100 657262 732750 990590 714970 101382 82600 18678 126806 36522 40688 208292 45110 77940 2073600 2073600 
[ 2503.705763] MESSAGE_B= 4 4 4 11 10 2 192 64 248 179 0 1897 1638 1925 1663 1984 1909 1996 1949 134 273 140 269 213 275 216 273 0 2 235 254 253 253 37 19 3 62 0 0 0 0 2 2 2 2 10 2 88624 357877 720000 510228 395958 602076 828100 657262 732750 990590 714970 101382 82600 18678 126806 36522 40688 208292 45110 77940 2073600 2073600 
[ 2503.976767] MESSAGE_B= 4 4 4 13 7 2 192 64 248 179 0 1889 1585 1896 1622 1963 1835 2000 1851 111 329 109 303 232 251 244 240 0 2 240 255 247 252 32 12 30 7 0 0 0 0 2 2 2 2 7 2 44594 589268 720000 510228 395958 602076 828100 657262 732750 990590 714970 101382 82600 18678 126806 36522 40688 208292 45110 77940 2073600 2073600 
[ 2504.247765] MESSAGE_B= 4 4 4 14 8 1 192 64 248 179 0 1866 1562 1889 1588 1935 1806 1957 1837 113 333 96 328 232 240 253 255 0 2 219 255 223 243 3 69 79 115 0 0 0 0 2 2 2 2 8 1 81946 380609 720000 510228 395958 602076 828100 657262 732750 990590 714970 101382 82600 18678 126806 36522 40688 208292 45110 77940 2073600 2073600 
[ 2504.396761] MESSAGE_B= 4 4 4 15 10 1 192 64 248 179 0 1846 1563 1883 1588 1900 1655 1895 1654 151 323 141 323 189 78 222 91 0 2 234 255 242 148 23 11 22 46 0 0 0 0 2 2 2 2 10 1 38670 686472 720000 510228 395958 602076 828100 657262 732750 990590 714970 101382 82600 18678 126806 36522 40688 208292 45110 77940 2073600 2073600 
[ 2504.667764] MESSAGE_B= 4 4 4 16 10 1 192 64 248 179 0 1836 1562 1871 1592 1880 1701 1897 1673 131 312 129 310 188 107 199 105 0 2 239 254 250 239 70 30 76 20 0 0 0 0 2 2 2 2 10 1 78922 451120 720000 510228 395958 602076 828100 657262 732750 990590 714970 101382 82600 18678 126806 36522 40688 208292 45110 77940 2073600 2073600 
[ 2504.938762] MESSAGE_B= 4 4 4 17 11 1 192 64 248 179 0 1819 1547 1851 1579 1865 1748 1874 1718 157 309 134 311 216 160 218 157 0 2 245 254 252 246 88 67 98 79 0 0 0 0 2 2 2 2 11 1 33602 695626 720000 510228 395958 602076 828100 657262 732750 990590 714970 101382 82600 18678 126806 36522 40688 208292 45110 77940 2073600 2073600 
[ 2505.209760] MESSAGE_B= 4 4 4 18 9 1 192 64 248 179 0 1806 1521 1836 1549 1923 1769 1931 1739 181 290 175 307 230 165 231 145 0 2 252 255 252 246 84 110 65 54 0 0 0 0 2 2 2 2 9 1 77114 529775 720000 510228 395958 602076 828100 657262 732750 990590 714970 101382 82600 18678 126806 36522 40688 208292 45110 77940 2073600 2073600 
[ 2505.480763] MESSAGE_B= 4 4 4 24 11 0 192 64 248 179 0 1742 1640 1692 1653 2140 1654 2169 1618 324 395 366 387 342 438 320 462 0 2 248 254 240 250 113 29 79 72 0 0 0 0 2 2 2 2 11 0 29320 683013 720000 510228 395958 602076 828100 657262 732750 990590 714970 101382 82600 18678 126806 36522 40688 208292 45110 77940 2073600 2073600 
[ 2505.751765] MESSAGE_B= 4 4 4 25 7 0 192 64 248 179 0 1691 1610 1696 1628 2036 1751 2045 1741 363 368 378 349 379 510 360 552 0 2 253 252 251 255 121 54 107 39 0 0 0 0 2 2 2 2 7 0 18438 763443 1096278 1004412 988650 1032744 949144 1119264 1420420 1246746 1125310 35498 44316 30310 106640 23232 25772 217940 51916 37872 2073600 2073600 
[ 2506.022761] MESSAGE_B= 0 4 4 27 7 0 192 64 248 179 0 1657 1616 1684 1654 2029 1704 2044 1756 386 354 410 362 234 553 234 526 0 2 252 251 247 246 91 23 102 5 0 0 0 0 2 2 2 2 7 0 19902 416060 1096278 1004412 988650 1032744 949144 1119264 1420420 1246746 1125310 35498 44316 30310 106640 23232 25772 217940 51916 37872 2073600 2073600 
[ 2506.293762] MESSAGE_B= 4 4 4 26 6 0 192 64 248 179 0 1662 1618 1702 1647 1908 1774 1965 1752 362 365 384 363 271 570 250 591 0 2 252 251 238 253 107 17 97 56 0 0 0 0 2 2 2 2 6 0 23334 723702 1096278 1004412 988650 1032744 949144 1119264 1420420 1246746 1125310 35498 44316 30310 106640 23232 25772 217940 51916 37872 2073600 2073600 
[ 2506.443769] MESSAGE_B= 4 4 4 25 10 0 192 64 248 179 0 1688 1616 1717 1643 1919 1828 1936 1845 334 385 353 374 219 576 222 577 0 2 250 253 245 255 134 11 125 28 0 0 0 0 2 2 2 2 10 0 18878 384749 1096278 1004412 988650 1032744 949144 1119264 1420420 1246746 1125310 35498 44316 30310 106640 23232 25772 217940 51916 37872 2073600 2073600 
[ 2506.714763] MESSAGE_B= 4 4 4 25 8 0 192 64 248 179 0 1687 1608 1695 1582 1924 1880 1932 1877 252 397 284 366 294 515 309 534 0 2 243 251 251 254 54 33 75 16 0 0 0 0 2 2 2 2 8 0 27462 741398 1096278 1004412 988650 1032744 949144 1119264 1420420 1246746 1125310 35498 44316 30310 106640 23232 25772 217940 51916 37872 2073600 2073600 
[ 2506.985769] MESSAGE_B= 0 4 4 24 8 0 192 64 248 179 0 1664 1607 1679 1585 1923 1865 1892 1882 310 393 331 357 241 555 251 521 0 2 251 251 238 250 57 73 74 114 0 0 0 0 2 2 2 2 8 0 29232 439844 1096278 1004412 988650 1032744 949144 1119264 1420420 1246746 1125310 35498 44316 30310 106640 23232 25772 217940 51916 37872 2073600 2073600 
[ 2507.256793] MESSAGE_B= 4 4 4 22 10 0 192 64 248 179 0 1668 1601 1683 1576 1794 2010 1804 2034 310 346 314 306 267 582 292 614 0 2 248 252 251 255 40 129 21 167 0 0 0 0 2 2 2 2 10 0 20742 772924 1096278 1004412 988650 1032744 949144 1119264 1420420 1246746 1125310 35498 44316 30310 106640 23232 25772 217940 51916 37872 2073600 2073600 
[ 2507.527769] MESSAGE_B= 4 4 4 23 9 0 192 64 248 179 0 1683 1590 1702 1597 1832 1956 1811 1969 320 307 347 318 285 375 284 525 0 2 250 253 251 252 14 168 2 193 0 0 0 0 2 2 2 2 9 0 20785 488474 1096278 1004412 988650 1032744 949144 1119264 1420420 1246746 1125310 35498 44316 30310 106640 23232 25772 217940 51916 37872 2073600 2073600 
[ 2507.799764] MESSAGE_B= 4 4 4 22 9 0 192 64 248 179 0 1718 1647 1729 1612 1865 1903 1885 1930 332 328 336 294 247 263 243 391 0 2 250 250 251 246 20 84 15 162 0 0 0 0 2 2 2 2 9 0 19822 784560 1096278 1004412 988650 1032744 949144 1119264 1420420 1246746 1125310 35498 44316 30310 106640 23232 25772 217940 51916 37872 2073600 2073600 
[ 2508.070764] MESSAGE_B= 0 4 4 20 7 1 192 64 248 179 0 1716 1639 1741 1621 1910 1990 1929 1998 309 292 313 258 272 369 275 404 0 2 251 249 253 250 40 95 42 46 0 0 0 0 2 2 2 2 7 1 14424 487953 1175410 1339812 1197248 1071634 826482 1182372 1433360 1114218 1036532 34430 15662 41486 25728 24544 28730 16724 19948 21852 2073600 2073600 
[ 2508.341764] MESSAGE_B= 4 4 4 19 6 0 192 64 248 179 0 1738 1641 1781 1649 1880 1802 1886 1797 298 274 278 270 293 345 305 331 0 2 251 249 255 254 61 75 40 83 0 0 0 0 2 2 2 2 6 0 24660 817238 1175410 1339812 1197248 1071634 826482 1182372 1433360 1114218 1036532 34430 15662 41486 25728 24544 28730 16724 19948 21852 2073600 2073600 
[ 2508.491763] MESSAGE_B= 0 4 4 19 8 0 192 64 248 179 0 1746 1637 1784 1642 1844 1787 1842 1790 289 280 267 268 350 361 357 368 0 2 250 250 254 254 47 87 33 92 0 0 0 0 2 2 2 2 8 0 14708 450075 1175410 1339812 1197248 1071634 826482 1182372 1433360 1114218 1036532 34430 15662 41486 25728 24544 28730 16724 19948 21852 2073600 2073600 
[ 2508.762768] MESSAGE_B= 4 4 4 20 6 0 192 64 248 179 0 1768 1669 1819 1702 1910 1824 1900 1826 302 303 292 294 338 302 342 309 0 2 251 253 253 253 69 81 51 67 0 0 0 0 2 2 2 2 6 0 21870 735442 1175410 1339812 1197248 1071634 826482 1182372 1433360 1114218 1036532 34430 15662 41486 25728 24544 28730 16724 19948 21852 2073600 2073600 
[ 2509.033767] MESSAGE_B= 4 4 4 19 11 1 192 64 248 179 0 1872 1734 1874 1772 1778 1921 1797 1907 226 275 233 231 333 244 341 261 0 2 244 239 254 254 38 93 29 116 0 0 0 0 2 2 2 2 11 1 27728 484879 1175410 1339812 1197248 1071634 826482 1182372 1433360 1114218 1036532 34430 15662 41486 25728 24544 28730 16724 19948 21852 2073600 2073600 

