[14252.051762] MESSAGE_B= 0 0 0 52 1 3 192 64 248 179 0 741 962 833 669 1432 1069 667 1428 429 715 538 427 943 833 424 852 0 31 241 237 159 145 2 232 198 133 0 0 0 0 0 0 0 0 1 3 245016 813840 846038 1035228 811774 885030 879750 789420 1167902 864654 912288 356900 161978 115034 403392 296792 394652 358746 479724 360410 2073600 2073600 
[14252.201761] MESSAGE_B= 0 0 0 53 1 3 192 64 248 179 0 738 962 834 670 1430 1068 668 1425 427 715 538 426 943 831 425 850 0 31 241 236 159 144 3 233 198 134 0 0 0 0 0 0 0 0 1 3 200703 792404 846038 1035228 811774 885030 879750 789420 1167902 864654 912288 356900 161978 115034 403392 296792 394652 358746 479724 360410 2073600 2073600 
[14252.472767] MESSAGE_B= 0 0 0 53 1 3 192 64 248 179 0 733 958 833 666 1426 1064 666 1419 425 712 537 424 939 827 423 848 0 31 241 237 159 143 2 232 199 131 0 0 0 0 0 0 0 0 1 3 241220 809988 846038 1035228 811774 885030 879750 789420 1167902 864654 912288 356900 161978 115034 403392 296792 394652 358746 479724 360410 2073600 2073600 
[14252.743760] MESSAGE_B= 0 0 0 52 1 3 192 64 248 179 0 739 962 835 668 1431 1068 668 1422 428 716 540 426 943 831 424 849 0 31 241 237 159 143 3 233 199 133 0 0 0 0 0 0 0 0 1 3 198092 795094 846038 1035228 811774 885030 879750 789420 1167902 864654 912288 356900 161978 115034 403392 296792 394652 358746 479724 360410 2073600 2073600 
[14253.014760] MESSAGE_B= 0 0 0 52 1 3 192 64 248 179 0 738 961 831 673 1429 1066 665 1417 427 713 538 425 941 829 422 847 0 31 241 236 159 142 3 233 201 131 0 0 0 0 0 0 0 0 1 3 229200 807538 846038 1035228 811774 885030 879750 789420 1167902 864654 912288 356900 161978 115034 403392 296792 394652 358746 479724 360410 2073600 2073600 
[14253.285759] MESSAGE_B= 0 0 0 52 1 3 192 64 248 179 0 737 966 828 676 1431 1068 667 1421 427 715 540 428 944 832 424 849 0 31 240 237 159 142 2 231 201 129 0 0 0 0 0 0 0 0 1 3 197352 797238 846038 1035228 811774 885030 879750 789420 1167902 864654 912288 356900 161978 115034 403392 296792 394652 358746 479724 360410 2073600 2073600 
[14253.556763] MESSAGE_B= 0 0 0 52 1 3 192 64 248 179 0 736 967 827 677 1429 1068 667 1410 426 715 540 428 943 830 424 845 0 31 240 237 159 141 3 232 202 129 0 0 0 0 0 0 0 0 1 3 233576 810916 843088 1011898 771020 879200 870434 777224 1160138 879636 904662 332644 136554 125934 361636 267790 357312 376682 439410 337692 2073600 2073600 
[14253.827766] MESSAGE_B= 0 0 0 52 1 3 192 64 248 179 0 735 964 825 675 1424 1067 667 1408 425 714 540 430 941 831 424 844 0 31 240 237 158 140 1 232 203 130 0 0 0 0 0 0 0 0 1 3 193723 800728 843088 1011898 771020 879200 870434 777224 1160138 879636 904662 332644 136554 125934 361636 267790 357312 376682 439410 337692 2073600 2073600 
[14254.098757] MESSAGE_B= 0 0 0 52 1 3 192 64 248 179 0 731 963 824 681 1424 1070 667 1416 423 714 538 432 943 833 423 850 0 31 240 237 159 140 2 232 201 128 0 0 0 0 0 0 0 0 1 3 233948 807434 843088 1011898 771020 879200 870434 777224 1160138 879636 904662 332644 136554 125934 361636 267790 357312 376682 439410 337692 2073600 2073600 
[14254.248758] MESSAGE_B= 0 0 0 52 1 3 192 64 248 179 0 733 967 829 686 1428 1072 667 1425 426 718 539 435 945 835 425 855 0 31 241 237 159 139 1 232 202 129 0 0 0 0 0 0 0 0 1 3 191402 803564 843088 1011898 771020 879200 870434 777224 1160138 879636 904662 332644 136554 125934 361636 267790 357312 376682 439410 337692 2073600 2073600 
[14254.519762] MESSAGE_B= 0 0 0 52 1 3 192 64 248 179 0 725 967 824 682 1414 1060 662 1410 419 715 536 431 935 826 421 845 0 31 241 237 158 139 3 232 202 129 0 0 0 0 0 0 0 0 1 3 235872 807255 843088 1011898 771020 879200 870434 777224 1160138 879636 904662 332644 136554 125934 361636 267790 357312 376682 439410 337692 2073600 2073600 
[14254.790759] MESSAGE_B= 0 0 0 52 1 3 192 64 248 179 0 620 812 700 591 1138 862 555 1130 354 571 439 360 738 655 348 673 0 31 242 237 166 146 1 230 195 115 0 0 0 0 0 0 0 0 1 3 194020 805810 843088 1011898 771020 879200 870434 777224 1160138 879636 904662 332644 136554 125934 361636 267790 357312 376682 439410 337692 2073600 2073600 
[14255.061760] MESSAGE_B= 0 0 0 53 1 3 192 64 248 179 0 566 1207 1073 627 966 988 809 952 92 73 159 121 258 219 123 115 0 12 2 66 169 154 119 32 54 135 2 0 0 0 2 2 2 2 1 3 242408 813422 843088 1011898 771020 879200 870434 777224 1160138 879636 904662 332644 136554 125934 361636 267790 357312 376682 439410 337692 2073600 2073600 
[14255.332757] MESSAGE_B= 0 0 0 53 1 4 192 64 248 179 0 0 0 0 0 602 643 578 596 0 0 0 0 63 49 27 52 0 12 0 0 162 22 0 217 208 0 1 1 2 2 1 2 2 1 1 4 202244 802364 843088 1011898 771020 879200 870434 777224 1160138 879636 904662 332644 136554 125934 361636 267790 357312 376682 439410 337692 2073600 2073600 
[14255.601759] MESSAGE_B= 0 7 0 75 1 6 192 64 248 179 0 0 0 0 0 0 0 0 0 0 0 0 0 0 0 0 0 1 12 0 0 0 0 0 0 0 0 1 1 1 1 1 1 1 1 1 6 206372 752658 843088 1011898 771020 879200 870434 777224 1160138 879636 904662 332644 136554 125934 361636 267790 357312 376682 439410 337692 2073600 2073600 
[14255.868760] MESSAGE_B= 0 7 0 79 1 7 192 64 248 179 0 0 0 0 0 0 0 0 0 0 0 0 0 0 0 0 0 1 12 0 0 0 0 0 0 0 0 1 1 1 1 1 1 1 1 1 7 91176 618924 2 1012782 764270 863366 858268 777640 1161256 396276 783134 2 140652 122416 344004 277704 363514 298602 349996 145084 2073600 2073600 
[14256.134755] MESSAGE_B= 0 7 0 76 1 7 192 64 248 179 0 0 0 0 0 0 0 0 0 0 0 0 0 0 0 0 0 1 12 0 0 0 0 0 0 0 0 1 1 1 1 1 1 1 1 1 7 25738 444280 2 1012782 764270 863366 858268 777640 1161256 396276 783134 2 140652 122416 344004 277704 363514 298602 349996 145084 2073600 2073600 
[14256.279760] MESSAGE_B= 4 7 0 77 1 7 192 64 248 179 0 0 0 0 0 0 0 0 0 0 0 0 0 0 0 0 0 1 12 0 0 0 0 0 0 0 0 1 1 1 1 1 1 1 1 1 7 1364 445746 2 1012782 764270 863366 858268 777640 1161256 396276 783134 2 140652 122416 344004 277704 363514 298602 349996 145084 2073600 2073600 
[14256.545760] MESSAGE_B= 0 7 0 77 1 7 192 64 248 179 0 0 0 0 0 0 0 0 0 0 0 0 0 0 0 0 0 1 12 0 0 0 0 0 0 0 0 1 1 1 1 1 1 1 1 1 7 28614 517578 2 1012782 764270 863366 858268 777640 1161256 396276 783134 2 140652 122416 344004 277704 363514 298602 349996 145084 2073600 2073600 
[14256.811754] MESSAGE_B= 4 7 0 76 1 7 192 64 248 179 0 0 0 0 0 0 0 0 0 0 0 0 0 0 0 0 0 1 12 0 0 0 0 0 0 0 0 1 1 1 1 1 1 1 1 1 7 4834 445746 2 1012782 764270 863366 858268 777640 1161256 396276 783134 2 140652 122416 344004 277704 363514 298602 349996 145084 2073600 2073600 
[14257.077757] MESSAGE_B= 0 0 0 82 2 0 192 64 248 179 0 0 0 0 0 0 0 0 0 0 0 0 0 0 0 0 0 1 12 0 0 0 0 0 0 0 0 0 0 0 0 1 0 0 1 2 0 19280 492240 2 1012782 764270 863366 858268 777640 1161256 396276 783134 2 140652 122416 344004 277704 363514 298602 349996 145084 2073600 2073600 
[14257.343758] MESSAGE_B= 4 0 0 88 2 0 192 64 248 179 0 0 0 0 0 0 0 0 0 0 0 0 0 0 0 0 0 1 12 0 0 0 0 0 0 0 0 0 0 0 0 1 0 0 1 2 0 4082 441600 2 1012782 764270 863366 858268 777640 1161256 396276 783134 2 140652 122416 344004 277704 363514 298602 349996 145084 2073600 2073600 
[14257.609754] MESSAGE_B= 0 0 0 88 2 0 192 64 248 179 0 0 0 0 0 0 0 0 0 0 0 0 0 0 0 0 0 1 12 0 0 0 0 0 0 0 0 0 0 0 0 1 0 0 1 2 0 68866 448436 2 1012782 764270 863366 858268 777640 1161256 396276 783134 2 140652 122416 344004 277704 363514 298602 349996 145084 2073600 2073600 
[14257.875757] MESSAGE_B= 4 0 0 88 2 0 192 64 248 179 0 0 40 0 343 0 0 0 0 0 0 0 0 0 0 0 0 1 12 0 0 0 0 0 0 0 0 0 0 0 0 1 0 0 1 2 0 4954 412671 2 1012782 764270 863366 858268 777640 1161256 396276 783134 2 140652 122416 344004 277704 363514 298602 349996 145084 2073600 2073600 
[14258.141756] MESSAGE_B= 0 0 0 88 2 0 192 64 248 179 0 0 108 0 400 0 0 0 0 0 0 0 0 0 0 0 0 1 12 0 0 0 0 0 0 0 0 0 0 0 0 1 0 0 1 2 0 66313 450380 16882 4694 614 128 444 38564 748462 871612 18890 28824 87446 382 72 872 38428 132038 102876 15176 2073600 2073600 
[14258.284755] MESSAGE_B= 4 0 0 87 2 0 192 64 248 179 0 0 182 0 621 0 57 0 1128 0 0 0 0 0 0 0 0 1 12 0 0 0 0 0 0 0 0 0 0 0 0 0 0 0 1 2 0 29273 413699 16882 4694 614 128 444 38564 748462 871612 18890 28824 87446 382 72 872 38428 132038 102876 15176 2073600 2073600 
[14258.549759] MESSAGE_B= 0 0 0 87 2 0 192 64 248 179 0 0 48 0 1154 2106 0 77 0 0 0 0 0 0 0 0 0 1 12 0 0 0 0 0 0 0 0 0 0 0 0 1 0 0 1 2 0 72011 484473 16882 4694 614 128 444 38564 748462 871612 18890 28824 87446 382 72 872 38428 132038 102876 15176 2073600 2073600 
[14258.814754] MESSAGE_B= 4 0 0 87 2 1 192 64 248 179 0 0 0 0 0 2611 0 100 0 0 0 0 0 0 0 0 0 1 12 0 0 0 0 0 0 0 0 0 0 0 0 1 0 0 1 2 1 43280 417417 16882 4694 614 128 444 38564 748462 871612 18890 28824 87446 382 72 872 38428 132038 102876 15176 2073600 2073600 
[14259.079755] MESSAGE_B= 0 0 0 87 2 1 192 64 248 179 0 0 0 0 0 0 0 0 0 0 0 0 0 0 0 0 0 1 12 0 0 0 0 0 0 0 0 0 0 0 0 1 0 0 1 2 1 61559 506376 16882 4694 614 128 444 38564 748462 871612 18890 28824 87446 382 72 872 38428 132038 102876 15176 2073600 2073600 
[14259.343754] MESSAGE_B= 4 0 0 84 2 1 192 64 248 179 0 0 0 0 0 0 0 0 0 0 0 0 0 0 0 0 0 1 12 0 0 0 0 0 0 0 0 0 0 0 0 1 0 0 1 2 1 77612 429107 16882 4694 614 128 444 38564 748462 871612 18890 28824 87446 382 72 872 38428 132038 102876 15176 2073600 2073600 
[14259.608101] MESSAGE_B= 0 0 0 86 2 1 192 64 248 179 0 0 39 0 2830 0 39 0 2696 0 0 0 0 0 0 0 0 1 12 0 0 0 0 0 0 0 0 0 0 0 0 1 0 0 1 2 1 71187 529786 16882 4694 614 128 444 38564 748462 871612 18890 28824 87446 382 72 872 38428 132038 102876 15176 2073600 2073600 
[14259.872760] MESSAGE_B= 4 0 0 86 1 1 192 64 248 179 0 0 127 0 3568 0 140 0 3537 0 0 0 0 0 0 0 0 1 12 0 0 0 0 0 0 0 0 0 0 0 0 0 0 0 1 1 1 41226 439746 16882 4694 614 128 444 38564 748462 871612 18890 28824 87446 382 72 872 38428 132038 102876 15176 2073600 2073600 
[14260.137756] MESSAGE_B= 0 0 0 83 1 1 192 64 248 179 0 0 103 0 3304 0 99 0 3196 0 0 0 0 0 0 0 0 1 12 0 0 0 0 0 0 0 0 0 0 0 0 1 0 0 1 1 1 68462 545592 16882 4694 614 128 444 38564 748462 871612 18890 28824 87446 382 72 872 38428 132038 102876 15176 2073600 2073600 
[14260.281762] MESSAGE_B= 4 0 0 87 1 1 192 64 248 179 0 0 236 0 2134 0 117 0 2318 0 0 0 0 0 0 0 0 1 12 3 0 0 0 0 0 0 0 0 0 0 0 0 0 0 1 1 1 60367 455560 112060 15330 35142 68566 63070 178988 744624 847578 87674 43044 74364 50914 28460 67426 137668 218678 203328 115900 2073600 2073600 
[14260.548760] MESSAGE_B= 0 0 0 87 1 1 192 64 248 179 0 0 147 0 1755 0 0 0 0 0 0 0 0 0 0 0 0 1 12 0 0 0 0 0 0 0 0 0 0 0 0 0 0 0 1 1 1 104646 528204 112060 15330 35142 68566 63070 178988 744624 847578 87674 43044 74364 50914 28460 67426 137668 218678 203328 115900 2073600 2073600 
[14260.814759] MESSAGE_B= 4 0 0 90 1 1 192 64 248 179 0 0 0 0 0 1873 0 111 0 0 0 0 0 0 0 0 0 1 12 0 0 0 0 0 0 0 0 0 0 0 0 1 0 0 1 1 1 79176 442864 112060 15330 35142 68566 63070 178988 744624 847578 87674 43044 74364 50914 28460 67426 137668 218678 203328 115900 2073600 2073600 
[14261.080762] MESSAGE_B= 0 0 0 91 1 1 192 64 248 179 0 0 0 0 0 1003 0 956 0 0 0 0 0 0 0 0 0 1 12 0 72 0 71 0 0 0 0 0 0 0 0 1 0 0 0 1 1 28438 502876 112060 15330 35142 68566 63070 178988 744624 847578 87674 43044 74364 50914 28460 67426 137668 218678 203328 115900 2073600 2073600 
[14261.346763] MESSAGE_B= 4 0 0 91 1 1 192 64 248 179 0 0 0 0 0 894 0 211 0 0 0 0 0 0 0 0 0 1 12 0 0 0 0 0 0 0 0 0 0 0 0 1 0 0 0 1 1 71553 438386 112060 15330 35142 68566 63070 178988 744624 847578 87674 43044 74364 50914 28460 67426 137668 218678 203328 115900 2073600 2073600 
[14261.612761] MESSAGE_B= 0 0 0 84 1 1 192 64 248 179 0 0 0 0 0 0 0 0 0 0 0 0 0 0 0 0 0 1 12 0 0 0 0 0 0 0 0 0 0 0 0 1 0 0 1 1 1 145292 484778 112060 15330 35142 68566 63070 178988 744624 847578 87674 43044 74364 50914 28460 67426 137668 218678 203328 115900 2073600 2073600 
[14261.878757] MESSAGE_B= 0 0 0 76 1 1 192 64 248 179 0 0 0 0 0 0 0 0 0 0 0 0 0 0 0 0 0 1 12 0 0 0 0 0 0 0 0 0 0 0 0 1 0 0 1 1 1 22934 436790 112060 15330 35142 68566 63070 178988 744624 847578 87674 43044 74364 50914 28460 67426 137668 218678 203328 115900 2073600 2073600 
[14262.144760] MESSAGE_B= 0 0 0 76 1 1 192 64 248 179 0 0 0 0 0 0 0 0 0 0 0 0 0 0 0 0 0 1 12 0 0 0 0 0 0 0 0 0 0 0 0 1 0 0 1 1 1 73094 474757 112060 15330 35142 68566 63070 178988 744624 847578 87674 43044 74364 50914 28460 67426 137668 218678 203328 115900 2073600 2073600 
[14262.289761] MESSAGE_B= 4 0 0 76 1 1 192 64 248 179 0 0 0 0 0 0 0 0 0 0 0 0 0 0 0 0 0 1 12 0 0 0 0 0 0 0 0 0 0 0 0 1 0 0 1 1 1 27009 433814 112060 15330 35142 68566 63070 178988 744624 847578 87674 43044 74364 50914 28460 67426 137668 218678 203328 115900 2073600 2073600 
[14262.555763] MESSAGE_B= 0 0 0 77 1 1 192 64 248 179 0 0 0 0 0 0 0 0 0 0 0 0 0 0 0 0 0 1 12 0 0 0 0 0 0 0 0 0 0 0 0 1 0 0 1 1 1 70962 474463 62524 68974 10116 102770 188076 143106 494796 689032 62646 51498 93914 19872 147904 196636 79528 208020 157934 53678 2073600 2073600 
[14262.821760] MESSAGE_B= 4 0 0 78 1 1 192 64 248 179 0 0 0 0 0 0 0 0 0 0 0 0 0 0 0 0 0 1 12 0 0 0 0 0 0 0 0 0 0 0 0 1 0 0 1 1 1 27500 432797 62524 68974 10116 102770 188076 143106 494796 689032 62646 51498 93914 19872 147904 196636 79528 208020 157934 53678 2073600 2073600 
[14263.087756] MESSAGE_B= 0 0 0 80 1 1 192 64 248 179 0 0 0 0 0 0 0 0 0 0 0 0 0 0 0 0 0 1 12 0 0 0 0 0 0 0 0 0 0 0 0 1 0 0 1 1 1 65460 474868 62524 68974 10116 102770 188076 143106 494796 689032 62646 51498 93914 19872 147904 196636 79528 208020 157934 53678 2073600 2073600 
[14263.353773] MESSAGE_B= 4 0 0 79 1 1 192 64 248 179 0 0 0 0 0 0 0 0 0 0 0 0 0 0 0 0 0 1 12 0 0 0 0 0 0 0 0 0 0 0 0 1 0 0 1 1 1 26619 432929 62524 68974 10116 102770 188076 143106 494796 689032 62646 51498 93914 19872 147904 196636 79528 208020 157934 53678 2073600 2073600 
[14263.619758] MESSAGE_B= 0 0 0 77 1 1 192 64 248 179 0 0 0 0 0 0 0 0 0 0 0 0 0 0 0 0 0 1 12 0 0 0 0 0 0 0 0 0 0 0 0 1 0 0 1 1 1 66834 476333 62524 68974 10116 102770 188076 143106 494796 689032 62646 51498 93914 19872 147904 196636 79528 208020 157934 53678 2073600 2073600 
[14263.885760] MESSAGE_B= 4 0 0 76 1 1 192 64 248 179 0 0 0 0 0 0 0 0 0 0 0 0 0 0 0 0 0 1 12 0 0 0 0 0 0 0 0 0 0 0 0 1 0 0 1 1 1 26764 439582 62524 68974 10116 102770 188076 143106 494796 689032 62646 51498 93914 19872 147904 196636 79528 208020 157934 53678 2073600 2073600 
[14264.151758] MESSAGE_B= 0 0 0 76 1 1 192 64 248 179 0 0 0 0 0 0 0 0 0 0 0 0 0 0 0 0 0 1 12 0 0 0 0 0 0 0 0 0 1 0 1 1 0 0 1 1 1 58662 480710 62524 68974 10116 102770 188076 143106 494796 689032 62646 51498 93914 19872 147904 196636 79528 208020 157934 53678 2073600 2073600 
[14264.296761] MESSAGE_B= 4 7 0 76 1 1 192 64 248 179 0 0 0 0 0 0 0 0 0 0 0 0 0 0 0 0 0 1 12 0 0 0 0 0 0 0 0 1 1 1 1 1 1 1 1 1 1 13520 441594 62524 68974 10116 102770 188076 143106 494796 689032 62646 51498 93914 19872 147904 196636 79528 208020 157934 53678 2073600 2073600 
[14264.562760] MESSAGE_B= 0 7 0 76 1 3 192 64 248 179 0 0 0 0 0 0 0 0 0 0 0 0 0 0 0 0 0 1 12 0 0 0 0 0 0 0 0 1 1 1 1 1 1 1 1 1 3 49148 455570 62524 68974 10116 102770 188076 143106 494796 689032 62646 51498 93914 19872 147904 196636 79528 208020 157934 53678 2073600 2073600 
[14264.828770] MESSAGE_B= 4 7 0 76 1 3 192 64 248 179 0 0 0 0 0 0 0 0 0 0 0 0 0 0 0 0 0 1 12 0 0 0 0 0 0 0 0 1 1 1 1 1 1 1 1 1 3 4248 441600 2 70646 56496 63260 49066 104336 501172 686788 47880 2 115518 36200 50872 30526 72304 202368 131660 31714 2073600 2073600 
[14265.093759] MESSAGE_B= 0 7 0 75 1 3 192 64 248 179 0 0 0 0 0 0 0 0 0 0 0 0 0 0 0 0 0 1 12 0 0 0 0 0 0 0 0 1 1 1 1 1 1 1 1 1 3 46800 461020 2 70646 56496 63260 49066 104336 501172 686788 47880 2 115518 36200 50872 30526 72304 202368 131660 31714 2073600 2073600 
[14265.358760] MESSAGE_B= 4 7 0 76 1 3 192 64 248 179 0 0 0 0 0 0 0 0 0 0 0 0 0 0 0 0 0 1 12 0 0 0 0 0 0 0 0 1 1 1 1 1 1 1 1 1 3 2386 446094 2 70646 56496 63260 49066 104336 501172 686788 47880 2 115518 36200 50872 30526 72304 202368 131660 31714 2073600 2073600 
[14265.623764] MESSAGE_B= 0 7 0 75 1 3 192 64 248 179 0 0 0 0 0 0 0 0 0 0 0 0 0 0 0 0 0 1 12 0 0 0 0 0 0 0 0 1 1 1 1 1 1 1 1 1 3 38386 461020 2 70646 56496 63260 49066 104336 501172 686788 47880 2 115518 36200 50872 30526 72304 202368 131660 31714 2073600 2073600 
[14265.888766] MESSAGE_B= 4 7 0 76 1 3 192 64 248 179 0 0 0 0 0 0 0 0 0 0 0 0 0 0 0 0 0 1 12 0 0 0 0 0 0 0 0 1 1 1 1 1 1 1 1 1 3 2386 446122 2 70646 56496 63260 49066 104336 501172 686788 47880 2 115518 36200 50872 30526 72304 202368 131660 31714 2073600 2073600 
[14266.153761] MESSAGE_B= 0 7 0 76 1 3 192 64 248 179 0 0 0 0 0 0 0 0 0 0 0 0 0 0 0 0 0 1 12 0 0 0 0 0 0 0 0 1 1 1 1 1 1 1 1 1 3 38532 461004 2 70646 56496 63260 49066 104336 501172 686788 47880 2 115518 36200 50872 30526 72304 202368 131660 31714 2073600 2073600 
[14266.297761] MESSAGE_B= 4 7 0 76 1 3 192 64 248 179 0 0 0 0 0 0 0 0 0 0 0 0 0 0 0 0 0 1 12 0 0 0 0 0 0 0 0 1 1 1 1 1 1 1 1 1 3 7276 446282 2 70646 56496 63260 49066 104336 501172 686788 47880 2 115518 36200 50872 30526 72304 202368 131660 31714 2073600 2073600 
[14266.562759] MESSAGE_B= 0 7 0 75 1 3 192 64 248 179 0 0 0 0 0 0 0 0 0 0 0 0 0 0 0 0 0 1 12 0 0 0 0 0 0 0 0 1 1 1 1 1 1 1 1 1 3 46898 461004 2 70646 56496 63260 49066 104336 501172 686788 47880 2 115518 36200 50872 30526 72304 202368 131660 31714 2073600 2073600 
[14266.827761] MESSAGE_B= 4 7 0 76 1 3 192 64 248 179 0 0 0 0 0 0 0 0 0 0 0 0 0 0 0 0 0 1 12 0 0 0 0 0 0 0 0 1 1 1 1 1 1 1 1 1 3 2456 446282 2 70646 56496 63260 49066 104336 501172 686788 47880 2 115518 36200 50872 30526 72304 202368 131660 31714 2073600 2073600 
[14267.092756] MESSAGE_B= 0 0 0 73 3 3 192 64 248 179 0 0 400 0 1009 959 0 279 0 0 0 0 0 0 0 0 0 1 12 20 0 0 0 0 17 32 0 0 0 0 0 0 0 0 0 3 3 38532 461004 2 10602 50 22 332 75800 445440 632404 2 19380 68570 50 106 2 40452 195340 115334 2 2073600 2073600 
[14267.356761] MESSAGE_B= 4 0 0 73 3 3 192 64 248 179 0 0 451 0 1148 1123 0 320 0 0 0 0 0 0 0 0 0 1 12 37 0 0 0 0 20 41 0 0 0 0 0 0 0 0 0 3 3 21940 441600 2 10602 50 22 332 75800 445440 632404 2 19380 68570 50 106 2 40452 195340 115334 2 2073600 2073600 
[14267.621072] MESSAGE_B= 0 0 0 74 3 3 192 64 248 179 0 0 454 0 1149 1124 0 320 0 0 0 0 0 0 0 0 0 1 12 37 0 0 0 0 20 36 0 0 0 0 0 0 0 0 0 3 3 70396 437414 2 10602 50 22 332 75800 445440 632404 2 19380 68570 50 106 2 40452 195340 115334 2 2073600 2073600 
[14267.884766] MESSAGE_B= 4 0 0 73 3 3 192 64 248 179 0 0 452 0 1151 1121 0 322 0 0 0 0 0 0 0 0 0 1 12 37 0 0 0 0 20 41 0 0 0 0 0 0 0 0 0 3 3 41649 392949 2 10602 50 22 332 75800 445440 632404 2 19380 68570 50 106 2 40452 195340 115334 2 2073600 2073600 
[14268.148767] MESSAGE_B= 0 0 0 73 3 3 192 64 248 179 0 0 453 0 1152 1121 0 322 0 0 0 0 0 0 0 0 0 1 12 37 0 0 0 0 20 41 0 0 0 0 0 0 0 0 0 3 3 71116 444098 2 10602 50 22 332 75800 445440 632404 2 19380 68570 50 106 2 40452 195340 115334 2 2073600 2073600 
[14268.291758] MESSAGE_B= 4 0 0 74 3 3 192 64 248 179 0 0 453 0 1152 1119 0 322 0 0 0 0 0 0 0 0 0 1 12 37 0 0 0 0 20 41 0 0 0 0 0 0 0 0 0 3 3 41768 392326 2 10602 50 22 332 75800 445440 632404 2 19380 68570 50 106 2 40452 195340 115334 2 2073600 2073600 
[14268.555761] MESSAGE_B= 0 0 0 73 3 3 192 64 248 179 0 0 454 0 1147 1121 0 322 0 0 0 0 0 0 0 0 0 1 12 37 0 0 0 0 20 41 0 0 0 0 0 0 0 0 0 3 3 71592 444386 2 10602 50 22 332 75800 445440 632404 2 19380 68570 50 106 2 40452 195340 115334 2 2073600 2073600 
[14268.819761] MESSAGE_B= 4 0 0 74 3 3 192 64 248 179 0 0 455 0 1149 1124 0 322 0 0 0 0 0 0 0 0 0 1 12 37 0 0 0 0 20 41 0 0 0 0 0 0 0 0 0 3 3 41843 392118 2 10602 50 22 332 75800 445440 632404 2 19380 68570 50 106 2 40452 195340 115334 2 2073600 2073600 
[14269.083765] MESSAGE_B= 0 0 0 73 3 3 192 64 248 179 0 0 453 0 1146 1122 0 320 0 0 0 0 0 0 0 0 0 1 12 37 0 0 0 0 20 41 0 0 0 0 0 0 0 0 0 3 3 71324 444200 2 10602 50 22 332 75800 445440 632404 2 19380 68570 50 106 2 40452 195340 115334 2 2073600 2073600 
[14269.347758] MESSAGE_B= 4 0 0 74 3 3 192 64 248 179 0 0 452 0 1150 1121 0 320 0 0 0 0 0 0 0 0 0 1 12 37 0 0 0 0 20 41 0 0 0 0 0 0 0 0 0 3 3 41860 392070 71644 6182 42582 86164 80412 268730 541104 561486 86018 24208 17944 38960 32302 29518 83958 135534 119612 30452 2073600 2073600 
[14269.613757] MESSAGE_B= 0 0 0 73 3 3 192 64 248 179 0 0 453 0 1148 1120 0 320 0 0 0 0 0 0 0 0 0 1 12 37 0 0 0 0 20 41 0 0 0 0 0 0 0 0 0 3 3 70644 444470 71644 6182 42582 86164 80412 268730 541104 561486 86018 24208 17944 38960 32302 29518 83958 135534 119612 30452 2073600 2073600 
[14269.880760] MESSAGE_B= 4 0 0 74 3 3 192 64 248 179 0 0 451 0 1148 1124 0 320 0 0 0 0 0 0 0 0 0 1 12 37 0 0 0 0 20 41 0 0 0 0 0 0 0 0 0 3 3 41978 392091 71644 6182 42582 86164 80412 268730 541104 561486 86018 24208 17944 38960 32302 29518 83958 135534 119612 30452 2073600 2073600 
[14270.146758] MESSAGE_B= 0 0 0 73 3 3 192 64 248 179 0 0 452 0 1147 1122 0 320 0 0 0 0 0 0 0 0 0 1 12 37 0 0 0 0 20 41 0 0 0 0 0 0 0 0 0 3 3 71310 443992 71644 6182 42582 86164 80412 268730 541104 561486 86018 24208 17944 38960 32302 29518 83958 135534 119612 30452 2073600 2073600 
[14270.291756] MESSAGE_B= 4 0 0 74 3 3 192 64 248 179 0 0 453 0 1146 1121 0 320 0 0 0 0 0 0 0 0 0 1 12 37 0 0 0 0 20 41 0 0 0 0 0 0 0 0 0 3 3 42017 391945 71644 6182 42582 86164 80412 268730 541104 561486 86018 24208 17944 38960 32302 29518 83958 135534 119612 30452 2073600 2073600 
[14270.557759] MESSAGE_B= 0 0 0 73 3 3 192 64 248 179 0 0 453 0 1149 1121 0 320 0 0 0 0 0 0 0 0 0 1 12 37 0 0 0 0 20 41 0 0 0 0 0 0 0 0 0 3 3 71432 450164 71644 6182 42582 86164 80412 268730 541104 561486 86018 24208 17944 38960 32302 29518 83958 135534 119612 30452 2073600 2073600 
[14270.823760] MESSAGE_B= 4 0 0 74 3 3 192 64 248 179 0 0 453 0 1145 1121 0 321 0 0 0 0 0 0 0 0 0 1 12 37 0 0 0 0 20 41 0 0 0 0 0 0 0 0 0 3 3 41942 392010 71644 6182 42582 86164 80412 268730 541104 561486 86018 24208 17944 38960 32302 29518 83958 135534 119612 30452 2073600 2073600 

