[ 4185.234015] MESSAGE_B= 0 4 0 230 2 1 192 0 248 179 0 1385 1412 1475 1465 1121 1199 1031 1315 518 537 309 573 601 673 610 775 0 15 66 246 243 248 71 103 120 105 0 0 0 0 2 2 2 2 2 1 78826 32686 76074 104186 119266 2 2 2 260802 113124 2 207946 198386 2 2 2 2 233954 322152 127450 2073600 2073600 1 15 402122 990720 993600 103441 95737 103450 99494 15 15 15 15 72 4 4 4 4 1920 1080 
[ 4185.511993] MESSAGE_B= 0 0 0 232 3 1 192 0 248 179 0 1478 1304 1536 1401 1333 962 873 1292 561 539 445 459 770 587 651 726 0 15 89 142 109 165 105 49 138 69 0 0 0 0 2 2 2 2 3 1 94662 115844 76074 104186 119266 2 2 2 260802 113124 2 207946 198386 2 2 2 2 233954 322152 127450 2073600 2073600 2 15 403406 994560 993600 99070 101086 101428 101822 15 15 15 15 72 4 0 0 0 1920 1080 
[ 4185.793233] MESSAGE_B= 0 0 0 230 3 1 192 0 248 179 0 1468 1354 1744 1318 1321 1075 1012 1128 587 546 438 327 783 587 604 623 0 15 6 116 193 252 107 74 133 24 0 0 0 0 2 2 2 2 3 1 53438 26072 76074 104186 119266 2 2 2 260802 113124 2 207946 198386 2 2 2 2 233954 322152 127450 2073600 2073600 1 15 402596 990720 993600 94812 104818 98586 104380 15 15 15 15 73 4 0 0 0 1920 1080 
[ 4185.953764] MESSAGE_B= 0 4 0 232 1 1 192 0 248 179 0 1458 1384 1400 1475 1320 1146 1159 974 531 493 516 320 765 602 628 594 0 15 232 31 239 224 93 63 89 136 0 0 0 0 2 2 2 2 1 1 135448 116518 76074 104186 119266 2 2 2 260802 113124 2 207946 198386 2 2 2 2 233954 322152 127450 2073600 2073600 1 15 403877 994560 993600 96588 103842 96950 106497 15 15 15 15 73 4 4 4 4 1920 1080 
[ 4186.229999] MESSAGE_B= 0 0 0 231 2 1 192 0 248 179 0 1369 1470 1289 1578 1288 1321 952 837 454 580 566 481 751 775 602 644 0 15 137 80 173 109 56 109 59 133 0 0 0 0 2 2 2 2 2 1 92664 36182 76074 104186 119266 2 2 2 260802 113124 2 207946 198386 2 2 2 2 233954 322152 127450 2073600 2073600 1 15 402043 990720 993600 97474 101787 98493 104289 15 15 15 15 73 4 0 0 0 1920 1080 
[ 4186.509236] MESSAGE_B= 0 4 0 232 1 1 192 0 248 179 0 1453 1480 1367 1530 1084 1325 1110 1165 259 566 486 404 588 761 573 623 0 15 84 225 252 238 101 102 48 117 0 0 0 0 2 2 2 2 1 1 80728 112398 76074 104186 119266 2 2 2 260802 113124 2 207946 198386 2 2 2 2 233954 322152 127450 2073600 2073600 1 15 404221 994560 993600 96253 104365 98923 104680 15 15 15 15 72 4 4 4 4 1920 1080 
[ 4186.784995] MESSAGE_B= 0 0 0 231 8 1 192 0 248 179 0 1534 1420 1448 1317 938 1308 1277 990 368 472 537 527 609 746 719 577 0 15 54 161 164 179 144 69 103 50 0 0 0 0 2 2 2 2 8 1 51320 30498 76074 104186 119266 2 2 2 260802 113124 2 207946 198386 2 2 2 2 233954 322152 127450 2073600 2073600 1 15 403474 990720 993600 100420 99758 101440 101856 15 15 15 15 74 4 0 0 0 1920 1080 
[ 4187.060009] MESSAGE_B= 0 0 0 231 1 1 192 0 248 179 0 1743 1282 1472 1341 824 1203 1316 1056 634 390 581 540 688 654 783 578 0 15 88 134 100 238 135 32 108 68 0 0 0 0 2 2 2 2 1 1 71234 121914 106296 98514 106342 78920 103968 106836 321140 102708 111442 137198 176284 92520 58328 146624 168982 199690 107544 63334 2073600 2073600 1 15 402149 994560 993600 104588 94667 104095 98799 15 15 15 15 75 4 0 0 0 1920 1080 
[ 4187.339998] MESSAGE_B= 0 4 0 231 4 2 192 0 248 179 0 1354 1504 1446 1409 1055 962 1322 1193 517 339 512 500 579 596 764 638 0 15 206 1 212 206 68 138 116 78 0 0 0 0 2 2 2 2 4 2 62966 31268 106296 98514 106342 78920 103968 106836 321140 102708 111442 137198 176284 92520 58328 146624 168982 199690 107544 63334 2073600 2073600 1 15 403822 990720 993600 103378 97045 105828 97571 15 15 15 15 75 4 4 4 4 1920 1080 
[ 4187.617995] MESSAGE_B= 0 0 0 232 1 1 192 0 248 179 0 1285 1608 1357 1459 951 845 1284 1319 531 480 432 556 574 624 723 765 0 15 114 107 165 105 50 135 36 101 0 0 0 0 2 2 2 2 1 1 95814 113794 106296 98514 106342 78920 103968 106836 321140 102708 111442 137198 176284 92520 58328 146624 168982 199690 107544 63334 2073600 2073600 1 15 403448 994560 993600 102365 97753 104754 98576 15 15 15 15 71 4 0 0 0 1920 1080 
[ 4187.897239] MESSAGE_B= 0 4 0 232 3 1 192 0 248 179 0 1385 1411 1476 1464 1121 1203 1032 1316 518 537 305 574 601 678 609 778 0 15 66 246 244 248 71 103 121 103 0 0 0 0 2 2 2 2 3 1 77632 28160 106296 98514 106342 78920 103968 106836 321140 102708 111442 137198 176284 92520 58328 146624 168982 199690 107544 63334 2073600 2073600 1 15 402169 990720 993600 103406 95764 103489 99510 15 15 15 15 72 4 4 4 4 1920 1080 
[ 4188.178997] MESSAGE_B= 0 0 0 232 3 1 192 0 248 179 0 1480 1300 1539 1402 1332 958 874 1289 561 537 445 454 772 588 652 725 0 15 89 143 111 166 105 47 141 73 0 0 0 0 2 2 2 2 3 1 94010 110326 106296 98514 106342 78920 103968 106836 321140 102708 111442 137198 176284 92520 58328 146624 168982 199690 107544 63334 2073600 2073600 2 15 403463 994560 993600 99071 101085 101497 101810 15 15 15 15 72 4 0 0 0 1920 1080 
[ 4188.336996] MESSAGE_B= 0 0 0 231 6 1 192 0 248 179 0 1474 1310 1658 1315 1326 1005 840 1255 585 553 558 416 783 586 689 711 0 15 96 129 103 205 105 72 142 14 0 0 0 0 2 2 2 2 6 1 53636 28548 106296 98514 106342 78920 103968 106836 321140 102708 111442 137198 176284 92520 58328 146624 168982 199690 107544 63334 2073600 2073600 1 15 402032 990720 993600 95046 104087 99488 103411 15 15 15 15 72 4 0 0 0 1920 1080 
[ 4188.620993] MESSAGE_B= 0 4 0 232 1 1 192 0 248 179 0 1446 1370 1387 1472 1314 1136 1149 965 528 486 512 324 755 594 613 583 0 15 231 26 238 222 90 59 91 137 0 0 0 0 2 2 2 2 1 1 134444 112976 106296 98514 106342 78920 103968 106836 321140 102708 111442 137198 176284 92520 58328 146624 168982 199690 107544 63334 2073600 2073600 1 15 403669 994560 993600 96507 103807 96925 106430 15 15 15 15 73 4 4 4 4 1920 1080 
[ 4188.908770] MESSAGE_B= 0 0 0 231 3 1 192 0 248 179 0 1376 1471 1299 1586 1295 1330 961 857 436 558 543 468 730 765 589 634 0 15 128 101 167 106 47 103 51 143 0 0 0 0 2 2 2 2 3 1 88466 29994 106296 98514 106342 78920 103968 106836 321140 102708 111442 137198 176284 92520 58328 146624 168982 199690 107544 63334 2073600 2073600 1 15 403575 990720 993600 97951 102348 98665 104611 15 15 15 15 73 4 0 0 0 1920 1080 
[ 4189.197217] MESSAGE_B= 0 4 0 231 1 1 192 0 248 179 0 1480 1466 1378 1424 1052 1319 1110 1194 289 585 516 526 607 780 598 669 0 15 82 246 250 249 115 108 75 107 0 0 0 0 2 2 2 2 1 1 78668 112474 106296 98514 106342 78920 103968 106836 321140 102708 111442 137198 176284 92520 58328 146624 168982 199690 107544 63334 2073600 2073600 1 15 402389 994560 993600 95420 103977 98960 104032 15 15 15 15 72 4 4 4 4 1920 1080 
[ 4189.357079] MESSAGE_B= 0 4 0 232 2 1 192 0 248 179 0 1491 1440 1413 1345 953 1327 1197 1033 344 529 532 529 617 774 670 573 0 15 5 205 205 209 134 125 93 70 0 0 0 0 2 2 2 2 2 1 52792 26720 99108 94842 99808 80752 105412 110628 346112 123906 111892 120000 179810 149126 127430 119750 119028 223838 170740 174372 2073600 2073600 1 15 402205 990720 993600 98276 100934 101216 101779 15 15 15 15 74 4 4 4 4 1920 1080 
[ 4189.636010] MESSAGE_B= 0 0 0 231 4 1 192 0 248 179 0 1595 1339 1465 1280 859 1269 1329 955 496 433 578 552 660 734 778 582 0 15 93 128 110 181 139 43 106 63 0 0 0 0 2 2 2 2 4 1 71096 118670 99108 94842 99808 80752 105412 110628 346112 123906 111892 120000 179810 149126 127430 119750 119028 223838 170740 174372 2073600 2073600 2 15 401934 994560 993600 103303 95690 103439 99502 15 15 15 15 75 4 0 0 0 1920 1080 
[ 4189.914003] MESSAGE_B= 0 4 4 232 1 1 192 0 248 179 0 1418 1479 1465 1385 1215 1013 1324 1131 528 293 545 489 654 585 758 592 0 15 243 55 247 238 105 122 95 59 0 0 0 0 2 2 2 2 1 1 58716 28212 99108 94842 99808 80752 105412 110628 346112 123906 111892 120000 179810 149126 127430 119750 119028 223838 170740 174372 2073600 2073600 1 15 403801 990720 993600 104209 96165 106118 97309 15 15 15 15 75 4 4 4 4 1920 1080 
[ 4190.201619] MESSAGE_B= 0 0 4 231 1 1 192 0 248 179 0 1287 1538 1384 1473 949 832 1288 1316 564 465 467 582 598 646 754 781 0 15 146 76 171 108 58 123 70 108 0 0 0 0 2 2 2 2 1 1 113102 114722 99108 94842 99808 80752 105412 110628 346112 123906 111892 120000 179810 149126 127430 119750 119028 223838 170740 174372 2073600 2073600 1 15 402177 994560 993600 102121 97168 104645 98243 15 15 15 15 72 4 0 0 0 1920 1080 
[ 4190.487220] MESSAGE_B= 0 0 4 232 2 1 192 0 248 179 0 1350 1698 1369 1483 1097 1071 1118 1328 497 374 271 563 573 590 586 768 0 15 109 64 254 206 42 158 24 101 0 0 0 0 2 2 2 2 2 1 81676 28412 99108 94842 99808 80752 105412 110628 346112 123906 111892 120000 179810 149126 127430 119750 119028 223838 170740 174372 2073600 2073600 1 15 403912 990720 993600 103517 96862 104231 99302 15 15 15 15 71 4 0 0 0 1920 1080 
[ 4190.652907] MESSAGE_B= 0 0 0 230 3 1 192 0 248 179 0 1391 1379 1485 1452 1165 1092 961 1316 490 516 336 517 620 588 593 760 0 15 13 220 214 225 71 82 138 120 0 0 0 2 2 2 2 2 3 1 89220 114922 99108 94842 99808 80752 105412 110628 346112 123906 111892 120000 179810 149126 127430 119750 119028 223838 170740 174372 2073600 2073600 2 15 403766 994560 993600 102247 98058 102416 101045 15 15 15 15 71 4 0 0 0 1920 1080 
[ 4190.932008] MESSAGE_B= 0 0 0 231 3 1 192 0 248 179 0 1470 1294 1582 1365 1321 947 833 1283 580 570 477 452 783 595 644 749 0 15 86 131 111 172 104 59 129 54 0 0 0 0 2 2 2 2 3 1 50338 33358 99108 94842 99808 80752 105412 110628 346112 123906 111892 120000 179810 149126 127430 119750 119028 223838 170740 174372 2073600 2073600 1 15 402301 990720 993600 96803 102564 100044 102890 15 15 15 15 71 4 0 0 0 1920 1080 
[ 4191.209999] MESSAGE_B= 0 4 0 230 4 1 192 0 248 179 0 1476 1374 1424 1478 1325 1122 1213 1051 557 490 531 274 762 580 651 582 0 15 245 66 248 246 99 57 103 115 0 0 0 0 2 2 2 2 4 1 117034 114648 99108 94842 99808 80752 105412 110628 346112 123906 111892 120000 179810 149126 127430 119750 119028 223838 170740 174372 2073600 2073600 2 15 403633 994560 993600 95906 104409 97987 105331 15 15 15 15 72 4 4 4 4 1920 1080 
[ 4191.490156] MESSAGE_B= 0 0 0 232 9 1 192 0 248 179 0 1399 1471 1302 1516 1294 1336 954 888 476 582 563 444 757 775 608 652 0 15 151 74 172 119 74 112 55 134 0 0 0 0 2 2 2 2 9 1 83998 27562 99108 94842 99808 80752 105412 110628 346112 123906 111892 120000 179810 149126 127430 119750 119028 223838 170740 174372 2073600 2073600 1 15 402316 990720 993600 97052 102251 98933 104080 15 15 15 15 73 4 0 0 0 1920 1080 
[ 4191.768998] MESSAGE_B= 0 0 0 230 8 1 192 0 248 179 0 1254 1471 1350 1775 1165 1322 1065 921 388 584 542 553 634 783 584 642 0 15 123 58 245 148 52 107 70 146 0 0 0 0 2 2 2 2 8 1 75410 104988 96322 87798 100536 79522 107516 106130 368500 121314 109448 156316 87556 167328 150668 125946 130106 125540 218642 155122 2073600 2073600 2 15 402301 994560 993600 97454 101816 98604 104427 15 15 15 15 73 4 0 0 0 1920 1080 
[ 4192.051005] MESSAGE_B= 0 0 0 232 1 1 192 0 248 179 0 1504 1436 1418 1342 962 1304 1219 1031 331 500 512 517 596 748 657 581 0 15 14 191 195 198 142 98 84 66 0 0 0 0 2 2 2 2 1 1 55030 27362 96322 87798 100536 79522 107516 106130 368500 121314 109448 156316 87556 167328 150668 125946 130106 125540 218642 155122 2073600 2073600 1 15 403726 990720 993600 99315 101022 101365 102024 15 15 15 15 74 4 0 0 0 1920 1080 
[ 4192.307997] MESSAGE_B= 0 0 0 232 1 1 192 0 248 179 0 1634 1346 1477 1308 853 1272 1329 987 514 413 560 528 658 705 778 572 0 15 108 128 104 190 150 22 100 52 0 0 0 0 2 2 2 2 1 1 79016 117162 96322 87798 100536 79522 107516 106130 368500 121314 109448 156316 87556 167328 150668 125946 130106 125540 218642 155122 2073600 2073600 1 15 403721 994560 993600 104384 95882 103670 99785 15 15 15 15 75 4 0 0 0 1920 1080 
[ 4192.589000] MESSAGE_B= 0 4 0 232 1 1 192 0 248 179 0 1402 1469 1459 1372 1172 977 1311 1115 531 326 561 522 652 605 779 601 0 15 241 44 245 232 101 130 103 77 0 0 0 0 2 2 2 2 1 1 59798 29668 96322 87798 100536 79522 107516 106130 368500 121314 109448 156316 87556 167328 150668 125946 130106 125540 218642 155122 2073600 2073600 1 15 403716 990720 993600 104220 96060 106095 97341 15 15 15 15 75 4 4 4 4 1920 1080 
[ 4192.871911] MESSAGE_B= 0 0 0 231 1 1 192 0 248 179 0 1288 1536 1383 1472 953 831 1289 1315 567 460 469 580 604 646 754 781 0 15 147 78 172 108 56 120 68 110 0 0 0 0 2 2 2 2 1 1 113352 114554 96322 87798 100536 79522 107516 106130 368500 121314 109448 156316 87556 167328 150668 125946 130106 125540 218642 155122 2073600 2073600 1 15 402255 994560 993600 102143 97157 104666 98289 15 15 15 15 73 4 0 0 0 1920 1080 
[ 4193.154050] MESSAGE_B= 0 0 0 230 2 1 192 0 248 179 0 1358 1685 1364 1476 1090 1064 1114 1321 491 375 262 558 570 585 582 762 0 15 117 66 254 207 43 154 22 102 0 0 0 0 2 2 2 2 2 1 80918 33512 96322 87798 100536 79522 107516 106130 368500 121314 109448 156316 87556 167328 150668 125946 130106 125540 218642 155122 2073600 2073600 1 15 403963 990720 993600 103498 96896 104267 99302 15 15 15 15 71 4 0 0 0 1920 1080 
[ 4193.311326] MESSAGE_B= 0 0 0 231 3 1 192 0 248 179 0 1398 1380 1476 1455 1170 1094 963 1320 498 518 330 525 625 589 597 763 0 15 19 220 215 225 68 77 137 121 0 0 0 2 2 2 2 2 3 1 89540 117030 96322 87798 100536 79522 107516 106130 368500 121314 109448 156316 87556 167328 150668 125946 130106 125540 218642 155122 2073600 2073600 2 15 403791 994560 993600 102261 98082 102415 101033 15 15 15 15 71 4 0 0 0 1920 1080 
[ 4193.590001] MESSAGE_B= 0 0 0 232 3 1 192 0 248 179 0 1465 1289 1582 1362 1324 943 836 1279 576 566 476 448 781 589 643 746 0 15 88 131 111 172 106 58 135 54 0 0 0 0 2 2 2 2 3 1 50340 33150 96322 87798 100536 79522 107516 106130 368500 121314 109448 156316 87556 167328 150668 125946 130106 125540 218642 155122 2073600 2073600 1 15 402179 990720 993600 96713 102601 100028 102837 15 15 15 15 71 4 0 0 0 1920 1080 
[ 4193.868996] MESSAGE_B= 0 4 0 232 3 1 192 0 248 179 0 1467 1371 1423 1482 1321 1110 1197 1054 586 524 529 289 780 599 669 609 0 15 246 77 249 250 108 76 104 115 0 0 0 0 2 2 2 2 3 1 108144 110364 96322 87798 100536 79522 107516 106130 368500 121314 109448 156316 87556 167328 150668 125946 130106 125540 218642 155122 2073600 2073600 2 15 402388 994560 993600 95717 103625 97965 105081 15 15 15 15 73 4 4 4 4 1920 1080 
[ 4194.147999] MESSAGE_B= 0 0 0 232 2 1 192 0 248 179 0 1408 1461 1301 1525 1296 1322 961 903 456 555 531 413 733 749 581 621 0 15 149 76 169 129 74 103 47 143 0 0 0 0 2 2 2 2 2 1 84170 32478 105860 89264 95310 77262 106662 104508 366106 120932 112390 184004 94760 72356 178908 146090 146316 143344 75826 166492 2073600 2073600 1 15 403751 990720 993600 97790 102488 99057 104416 15 15 15 15 73 4 0 0 0 1920 1080 
[ 4194.425996] MESSAGE_B= 0 0 0 232 7 1 192 0 248 179 0 1253 1473 1346 1780 1166 1320 1068 923 391 587 543 553 635 784 585 643 0 15 125 58 246 148 53 105 70 144 0 0 0 0 2 2 2 2 7 1 76896 108048 105860 89264 95310 77262 106662 104508 366106 120932 112390 184004 94760 72356 178908 146090 146316 143344 75826 166492 2073600 2073600 2 15 402459 994560 993600 97529 101870 98595 104465 15 15 15 15 73 4 0 0 0 1920 1080 
[ 4194.704995] MESSAGE_B= 0 4 0 230 2 1 192 0 248 179 0 1492 1442 1414 1344 953 1324 1195 1032 348 527 529 528 617 775 669 572 0 15 5 205 204 210 130 125 95 70 0 0 0 0 2 2 2 2 2 1 58648 27134 105860 89264 95310 77262 106662 104508 366106 120932 112390 184004 94760 72356 178908 146090 146316 143344 75826 166492 2073600 2073600 1 15 402106 990720 993600 98258 100968 101156 101724 15 15 15 15 74 4 4 4 4 1920 1080 
[ 4194.984076] MESSAGE_B= 0 0 0 232 1 1 192 0 248 179 0 1636 1348 1476 1306 853 1274 1330 986 515 411 559 526 658 710 780 573 0 15 107 126 105 191 152 23 97 50 0 0 0 0 2 2 2 2 1 1 77584 116320 105860 89264 95310 77262 106662 104508 366106 120932 112390 184004 94760 72356 178908 146090 146316 143344 75826 166492 2073600 2073600 1 15 403672 994560 993600 104367 95854 103694 99757 15 15 15 15 75 4 0 0 0 1920 1080 
[ 4195.264821] MESSAGE_B= 0 4 0 230 2 1 192 0 248 179 0 1403 1471 1461 1379 1174 983 1317 1121 532 318 564 527 658 611 783 606 0 15 241 48 245 233 98 127 102 83 0 0 0 0 2 2 2 2 2 1 60530 30840 105860 89264 95310 77262 106662 104508 366106 120932 112390 184004 94760 72356 178908 146090 146316 143344 75826 166492 2073600 2073600 1 15 402349 990720 993600 103536 95844 106119 96850 15 15 15 15 75 4 4 4 4 1920 1080 
[ 4195.543005] MESSAGE_B= 0 0 0 232 2 1 192 0 248 179 0 1290 1563 1388 1475 961 855 1297 1329 539 460 449 557 581 632 730 766 0 15 135 97 166 106 52 142 59 101 0 0 0 0 2 2 2 2 2 1 113522 118528 105860 89264 95310 77262 106662 104508 366106 120932 112390 184004 94760 72356 178908 146090 146316 143344 75826 166492 2073600 2073600 2 15 403784 994560 993600 102297 98042 104732 98713 15 15 15 15 72 4 0 0 0 1920 1080 
[ 4195.821262] MESSAGE_B= 0 0 0 231 2 1 192 0 248 179 0 1360 1698 1371 1480 1093 1071 1117 1325 494 373 272 562 576 587 582 767 0 15 111 66 254 207 40 163 20 100 0 0 0 0 2 2 2 2 2 1 80392 33718 105860 89264 95310 77262 106662 104508 366106 120932 112390 184004 94760 72356 178908 146090 146316 143344 75826 166492 2073600 2073600 1 15 403976 990720 993600 103565 96886 104222 99303 15 15 15 15 71 4 0 0 0 1920 1080 
[ 4196.101001] MESSAGE_B= 0 4 0 231 2 1 192 0 248 179 0 1437 1300 1513 1416 1254 992 945 1302 552 540 361 497 712 584 621 766 0 15 27 179 179 188 106 61 132 87 0 0 0 0 2 2 2 2 2 1 87004 115346 105860 89264 95310 77262 106662 104508 366106 120932 112390 184004 94760 72356 178908 146090 146316 143344 75826 166492 2073600 2073600 2 15 401865 994560 993600 99736 99363 101541 101225 15 15 15 15 71 4 4 4 4 1920 1080 
[ 4196.258141] MESSAGE_B= 0 0 0 232 3 1 192 0 248 179 0 1468 1293 1584 1364 1324 946 832 1283 580 567 479 452 786 596 647 751 0 15 86 130 112 173 104 58 125 52 0 0 0 0 2 2 2 2 3 1 52124 31516 105860 89264 95310 77262 106662 104508 366106 120932 112390 184004 94760 72356 178908 146090 146316 143344 75826 166492 2073600 2073600 1 15 402277 990720 993600 96807 102587 100051 102832 15 15 15 15 71 4 0 0 0 1920 1080 
[ 4196.543656] MESSAGE_B= 0 4 0 231 4 1 192 0 248 179 0 1473 1371 1421 1480 1324 1120 1211 1045 561 488 532 275 761 578 650 580 0 15 244 68 247 246 99 59 103 117 0 0 0 0 2 2 2 2 4 1 123398 115886 103714 90154 98448 80252 104746 106948 351062 102494 108466 205436 153642 76886 60098 184910 145228 176988 58992 58874 2073600 2073600 2 15 403628 994560 993600 95927 104465 97933 105303 15 15 15 15 72 4 4 4 4 1920 1080 
[ 4196.823995] MESSAGE_B= 0 0 0 231 8 1 192 0 248 179 0 1398 1471 1303 1514 1291 1334 953 886 474 583 563 437 755 775 607 650 0 15 153 72 173 120 76 112 54 133 0 0 0 0 2 2 2 2 8 1 85928 33624 103714 90154 98448 80252 104746 106948 351062 102494 108466 205436 153642 76886 60098 184910 145228 176988 58992 58874 2073600 2073600 1 15 402150 990720 993600 96998 102253 98852 104047 15 15 15 15 73 4 0 0 0 1920 1080 
[ 4197.104008] MESSAGE_B= 0 0 0 232 8 1 192 0 248 179 0 1256 1467 1352 1776 1161 1318 1061 919 385 580 542 550 628 779 579 637 0 15 123 60 245 147 55 106 73 141 0 0 0 0 2 2 2 2 8 1 70988 107712 103714 90154 98448 80252 104746 106948 351062 102494 108466 205436 153642 76886 60098 184910 145228 176988 58992 58874 2073600 2073600 2 15 402326 994560 993600 97489 101820 98616 104401 15 15 15 15 73 4 0 0 0 1920 1080 
[ 4197.382999] MESSAGE_B= 0 0 0 231 1 1 192 0 248 179 0 1512 1438 1418 1346 966 1304 1221 1026 335 501 510 515 601 753 661 585 0 15 17 192 196 199 144 100 84 62 0 0 0 0 2 2 2 2 1 1 52980 32214 103714 90154 98448 80252 104746 106948 351062 102494 108466 205436 153642 76886 60098 184910 145228 176988 58992 58874 2073600 2073600 1 15 403859 990720 993600 99389 100998 101385 102087 15 15 15 15 74 4 0 0 0 1920 1080 
[ 4197.663049] MESSAGE_B= 0 0 0 231 3 1 192 0 248 179 0 1657 1312 1468 1306 844 1253 1333 999 557 410 582 547 688 707 776 580 0 15 100 128 100 205 141 16 106 74 0 0 0 0 2 2 2 2 3 1 73140 118778 103714 90154 98448 80252 104746 106948 351062 102494 108466 205436 153642 76886 60098 184910 145228 176988 58992 58874 2073600 2073600 2 15 401954 994560 993600 104125 94984 103397 99448 15 15 15 15 75 4 0 0 0 1920 1080 
[ 4197.945743] MESSAGE_B= 0 4 0 232 2 1 192 0 248 179 0 1399 1481 1459 1384 1159 975 1323 1146 517 325 531 491 625 595 763 602 0 15 232 29 238 224 89 138 90 63 0 0 0 0 2 2 2 2 2 1 62620 29484 103714 90154 98448 80252 104746 106948 351062 102494 108466 205436 153642 76886 60098 184910 145228 176988 58992 58874 2073600 2073600 1 15 403847 990720 993600 103847 96592 106491 96917 15 15 15 15 75 4 4 4 4 1920 1080 
[ 4198.223997] MESSAGE_B= 0 0 0 230 1 1 192 0 248 179 0 1288 1578 1369 1471 951 838 1289 1321 566 482 453 578 603 643 752 775 0 15 136 82 173 109 58 136 57 108 0 0 0 0 2 2 2 2 1 1 113090 114756 103714 90154 98448 80252 104746 106948 351062 102494 108466 205436 153642 76886 60098 184910 145228 176988 58992 58874 2073600 2073600 1 15 402059 994560 993600 101792 97460 104298 98509 15 15 15 15 71 4 0 0 0 1920 1080 
[ 4198.502996] MESSAGE_B= 0 0 0 231 1 1 192 0 248 179 0 1363 1606 1431 1476 1093 1093 1092 1320 539 366 321 587 595 613 611 783 0 15 95 154 254 225 79 142 92 105 0 0 0 0 2 2 2 2 1 1 78646 28700 103714 90154 98448 80252 104746 106948 351062 102494 108466 205436 153642 76886 60098 184910 145228 176988 58992 58874 2073600 2073600 1 15 402648 990720 993600 103644 95881 104223 98900 15 15 15 15 72 4 0 0 0 1920 1080 
[ 4198.662996] MESSAGE_B= 0 4 0 231 3 1 192 0 248 179 0 1401 1356 1477 1443 1165 1073 951 1320 525 525 342 536 644 585 616 771 0 15 16 217 212 220 86 76 128 129 0 0 0 0 2 2 2 2 3 1 86194 113468 103714 90154 98448 80252 104746 106948 351062 102494 108466 205436 153642 76886 60098 184910 145228 176988 58992 58874 2073600 2073600 2 15 401953 994560 993600 101418 97718 102160 100657 15 15 15 15 72 4 4 4 4 1920 1080 
[ 4198.949130] MESSAGE_B= 0 0 0 231 4 1 192 0 248 179 0 1477 1295 1614 1368 1344 964 868 1292 562 541 483 436 765 584 642 730 0 15 103 116 107 167 101 50 144 41 0 0 0 0 2 2 2 2 4 1 52678 33614 103464 94134 102744 82612 111340 111122 358276 109040 110202 117318 191848 115374 90540 120076 180276 223334 111198 104472 2073600 2073600 1 15 403784 990720 993600 96666 103571 100082 103465 15 15 15 15 72 4 0 0 0 1920 1080 
[ 4199.236203] MESSAGE_B= 0 4 0 230 2 1 192 0 248 179 0 1464 1384 1413 1475 1314 1121 1199 1031 572 519 536 307 774 603 673 610 0 15 246 67 248 243 104 71 103 120 0 0 0 0 2 2 2 2 2 1 119140 111708 103464 94134 102744 82612 111340 111122 358276 109040 110202 117318 191848 115374 90540 120076 180276 223334 111198 104472 2073600 2073600 2 15 402325 994560 993600 95413 103943 97522 105447 15 15 15 15 73 4 4 4 4 1920 1080 
[ 4199.519009] MESSAGE_B= 0 0 0 232 3 1 192 0 248 179 0 1401 1477 1305 1538 1292 1333 963 874 455 564 538 445 727 772 584 653 0 15 143 89 164 109 69 105 49 140 0 0 0 0 2 2 2 2 3 1 87722 31282 103464 94134 102744 82612 111340 111122 358276 109040 110202 117318 191848 115374 90540 120076 180276 223334 111198 104472 2073600 2073600 1 15 403526 990720 993600 97544 102658 98798 104526 15 15 15 15 73 4 0 0 0 1920 1080 
[ 4199.799005] MESSAGE_B= 0 0 0 231 1 1 192 0 248 179 0 1318 1468 1355 1744 1129 1322 1075 1011 328 588 545 439 623 783 588 606 0 15 114 7 252 193 24 107 75 134 0 0 0 0 2 2 2 2 1 1 70264 107884 103464 94134 102744 82612 111340 111122 358276 109040 110202 117318 191848 115374 90540 120076 180276 223334 111198 104472 2073600 2073600 1 15 402435 994560 993600 96791 102633 98821 104190 15 15 15 15 73 4 0 0 0 1920 1080 
[ 4200.085001] MESSAGE_B= 0 0 0 231 2 1 192 0 248 179 0 1531 1428 1428 1324 954 1309 1247 1007 343 488 519 519 595 748 690 558 0 15 32 176 187 191 142 64 92 60 0 0 0 0 2 2 2 2 2 1 57134 32622 103464 94134 102744 82612 111340 111122 358276 109040 110202 117318 191848 115374 90540 120076 180276 223334 111198 104472 2073600 2073600 1 15 403745 990720 993600 99871 100339 101318 102217 15 15 15 15 75 4 0 0 0 1920 1080 
[ 4200.245837] MESSAGE_B= 0 0 0 231 2 1 192 0 248 179 0 1589 1378 1469 1298 859 1294 1332 960 472 438 559 540 636 731 766 588 0 15 102 127 107 168 142 52 102 50 0 0 0 0 2 2 2 2 2 1 78404 112944 103464 94134 102744 82612 111340 111122 358276 109040 110202 117318 191848 115374 90540 120076 180276 223334 111198 104472 2073600 2073600 2 15 403968 994560 993600 102933 97461 103004 100570 15 15 15 15 75 4 0 0 0 1920 1080 
[ 4200.525998] MESSAGE_B= 0 4 0 232 4 1 192 0 248 179 0 1422 1484 1469 1372 1195 1053 1320 1112 527 293 585 527 669 608 777 597 0 15 246 77 248 250 104 116 109 77 0 0 0 0 2 2 2 2 4 1 62106 29694 103464 94134 102744 82612 111340 111122 358276 109040 110202 117318 191848 115374 90540 120076 180276 223334 111198 104472 2073600 2073600 1 15 402367 990720 993600 103612 95717 105082 97956 15 15 15 15 75 4 4 4 4 1920 1080 
[ 4200.807994] MESSAGE_B= 0 0 0 231 1 1 192 0 248 179 0 1310 1528 1413 1466 965 903 1298 1314 537 409 460 557 583 627 736 757 0 15 148 76 169 132 49 146 73 102 0 0 0 0 2 2 2 2 1 1 117724 114482 103464 94134 102744 82612 111340 111122 358276 109040 110202 117318 191848 115374 90540 120076 180276 223334 111198 104472 2073600 2073600 1 15 403771 994560 993600 102519 97797 104398 99057 15 15 15 15 73 4 0 0 0 1920 1080 
[ 4201.086004] MESSAGE_B= 0 0 0 231 3 1 192 0 248 179 0 1337 1821 1264 1474 1069 872 1195 1318 499 627 373 561 563 640 621 768 0 15 123 93 241 113 44 154 90 99 0 0 0 0 2 2 2 2 3 1 80826 33564 103464 94134 102744 82612 111340 111122 358276 109040 110202 117318 191848 115374 90540 120076 180276 223334 111198 104472 2073600 2073600 1 15 403928 990720 993600 102368 97941 104542 99077 15 15 15 15 71 4 0 0 0 1920 1080 
[ 4201.370012] MESSAGE_B= 0 4 0 231 3 1 192 0 248 179 0 1414 1344 1495 1443 1196 1032 955 1326 535 530 349 528 669 573 618 776 0 15 4 206 204 209 94 71 131 127 0 0 0 0 2 2 2 2 3 1 89540 117386 106258 86690 99706 77378 116240 105122 342376 103488 110868 143210 154492 172608 129140 135470 102568 218862 206228 161106 2073600 2073600 2 15 402218 994560 993600 100931 98335 101761 101191 15 15 15 15 71 4 4 4 4 1920 1080 
[ 4201.649994] MESSAGE_B= 0 0 0 232 1 1 192 0 248 179 0 1472 1306 1637 1344 1337 980 854 1268 555 526 519 410 772 565 653 704 0 15 108 127 103 190 99 51 153 22 0 0 0 0 2 2 2 2 1 1 50588 32918 106258 86690 99706 77378 116240 105122 342376 103488 110868 143210 154492 172608 129140 135470 102568 218862 206228 161106 2073600 2073600 1 15 403658 990720 993600 95879 104366 99780 103633 15 15 15 15 71 4 0 0 0 1920 1080 
[ 4201.929000] MESSAGE_B= 0 4 0 231 3 1 192 0 248 179 0 1462 1382 1402 1471 1318 1117 1175 981 564 529 534 322 783 605 655 610 0 15 241 51 245 233 102 85 98 132 0 0 0 0 2 2 2 2 3 1 120634 112730 106258 86690 99706 77378 116240 105122 342376 103488 110868 143210 154492 172608 129140 135470 102568 218862 206228 161106 2073600 2073600 2 15 402393 994560 993600 95838 103525 96890 106140 15 15 15 15 73 4 4 4 4 1920 1080 
[ 4202.208005] MESSAGE_B= 0 0 0 231 3 1 192 0 248 179 0 1390 1474 1293 1571 1297 1339 957 861 447 557 540 464 731 767 584 632 0 15 137 95 167 105 60 101 46 139 0 0 0 0 2 2 2 2 3 1 87288 32288 106258 86690 99706 77378 116240 105122 342376 103488 110868 143210 154492 172608 129140 135470 102568 218862 206228 161106 2073600 2073600 1 15 403815 990720 993600 97988 102313 98770 104744 15 15 15 15 73 4 0 0 0 1920 1080 
[ 4202.369760] MESSAGE_B= 0 0 0 232 3 1 192 0 248 179 0 1313 1470 1329 1750 1236 1326 1039 808 408 584 543 655 687 789 586 690 0 15 144 105 225 92 3 107 62 150 0 0 0 0 2 2 2 2 3 1 76234 108580 106258 86690 99706 77378 116240 105122 342376 103488 110868 143210 154492 172608 129140 135470 102568 218862 206228 161106 2073600 2073600 2 15 402378 994560 993600 96845 102395 98305 104833 15 15 15 15 73 4 0 0 0 1920 1080 
[ 4202.650999] MESSAGE_B= 0 0 0 231 2 1 192 0 248 179 0 1479 1452 1393 1379 962 1315 1164 1091 327 519 493 515 594 761 621 589 0 15 16 220 214 225 136 121 70 83 0 0 0 2 2 2 2 2 2 1 60220 26952 106258 86690 99706 77378 116240 105122 342376 103488 110868 143210 154492 172608 129140 135470 102568 218862 206228 161106 2073600 2073600 1 15 403790 990720 993600 98078 102233 101054 102425 15 15 15 15 72 4 0 0 0 1920 1080 
[ 4202.931226] MESSAGE_B= 0 0 0 232 2 1 192 0 248 179 0 1582 1365 1469 1292 831 1285 1322 946 476 453 580 571 645 749 785 593 0 15 87 132 112 173 129 52 104 59 0 0 0 0 2 2 2 2 2 1 81358 110326 106258 86690 99706 77378 116240 105122 342376 103488 110868 143210 154492 172608 129140 135470 102568 218862 206228 161106 2073600 2073600 2 15 402269 994560 993600 102573 96792 102859 100045 15 15 15 15 75 4 0 0 0 1920 1080 
[ 4203.210005] MESSAGE_B= 0 4 0 231 3 1 192 0 248 179 0 1423 1477 1476 1371 1212 1047 1324 1118 533 272 557 494 652 583 762 580 0 15 244 67 248 246 102 116 98 52 0 0 0 0 2 2 2 2 3 1 58468 32684 106258 86690 99706 77378 116240 105122 342376 103488 110868 143210 154492 172608 129140 135470 102568 218862 206228 161106 2073600 2073600 1 15 403696 990720 993600 104441 95913 105341 98001 15 15 15 15 75 4 4 4 4 1920 1080 
[ 4203.492746] MESSAGE_B= 0 0 0 232 2 1 192 0 248 179 0 1300 1516 1398 1472 953 886 1295 1334 564 441 476 581 609 653 757 777 0 15 151 75 173 120 57 136 74 111 0 0 0 0 2 2 2 2 2 1 120248 117984 106258 86690 99706 77378 116240 105122 342376 103488 110868 143210 154492 172608 129140 135470 102568 218862 206228 161106 2073600 2073600 2 15 402330 994560 993600 102273 97049 104066 98942 15 15 15 15 73 4 0 0 0 1920 1080 
[ 4203.772992] MESSAGE_B= 0 0 0 230 4 1 192 0 248 179 0 1357 1811 1275 1473 1083 979 1160 1327 512 505 348 559 576 592 607 765 0 15 131 47 249 166 39 149 83 101 0 0 0 0 2 2 2 2 4 1 82078 33864 106094 91300 114062 79938 120516 102758 349166 113546 111880 156752 77566 162968 161988 134832 126958 125458 227772 155108 2073600 2073600 1 15 404124 990720 993600 102548 98014 104752 98810 15 15 15 15 71 4 0 0 0 1920 1080 
[ 4204.052996] MESSAGE_B= 0 4 0 232 3 1 192 0 248 179 0 1420 1344 1505 1436 1218 1032 964 1303 509 517 332 499 657 582 596 748 0 15 16 191 194 198 84 64 142 99 0 0 0 0 2 2 2 2 3 1 90788 115742 106094 91300 114062 79938 120516 102758 349166 113546 111880 156752 77566 162968 161988 134832 126958 125458 227772 155108 2073600 2073600 2 15 403724 994560 993600 101007 99322 102023 101372 15 15 15 15 71 4 4 4 4 1920 1080 
[ 4204.211009] MESSAGE_B= 0 0 0 230 2 1 192 0 248 179 0 1473 1293 1572 1392 1339 958 860 1296 556 539 464 445 765 584 633 733 0 15 97 136 106 167 101 47 140 61 0 0 0 0 2 2 2 2 2 1 50026 31460 106094 91300 114062 79938 120516 102758 349166 113546 111880 156752 77566 162968 161988 134832 126958 125458 227772 155108 2073600 2073600 1 15 403770 990720 993600 98505 101761 101102 102402 15 15 15 15 71 4 0 0 0 1920 1080 
[ 4204.492001] MESSAGE_B= 0 0 0 232 3 1 192 0 248 179 0 1477 1364 1605 1432 1319 1094 1091 1092 587 538 366 318 783 595 614 609 0 15 154 94 226 254 107 80 141 92 0 0 0 0 2 2 2 2 3 1 111252 113392 106094 91300 114062 79938 120516 102758 349166 113546 111880 156752 77566 162968 161988 134832 126958 125458 227772 155108 2073600 2073600 2 15 402563 994560 993600 95234 104142 98522 104665 15 15 15 15 73 4 0 0 0 1920 1080 
[ 4204.773009] MESSAGE_B= 0 0 0 232 2 1 192 0 248 179 0 1420 1448 1319 1535 1306 1278 990 938 470 538 527 369 745 718 578 612 0 15 160 53 179 165 70 102 52 144 0 0 0 0 2 2 2 2 2 1 83888 27968 106094 91300 114062 79938 120516 102758 349166 113546 111880 156752 77566 162968 161988 134832 126958 125458 227772 155108 2073600 2073600 1 15 403848 990720 993600 97819 102572 98664 104793 15 15 15 15 73 4 0 0 0 1920 1080 
[ 4205.054029] MESSAGE_B= 0 0 0 231 2 1 192 0 248 179 0 1299 1479 1330 1772 1226 1325 1060 826 380 562 504 656 643 764 563 690 0 15 137 117 229 83 41 101 40 154 0 0 0 0 2 2 2 2 2 1 77414 109576 106094 91300 114062 79938 120516 102758 349166 113546 111880 156752 77566 162968 161988 134832 126958 125458 227772 155108 2073600 2073600 2 15 403709 994560 993600 97712 102644 98730 104623 15 15 15 15 72 4 0 0 0 1920 1080 
[ 4205.334001] MESSAGE_B= 0 0 0 232 9 1 192 0 248 179 0 1476 1446 1405 1359 956 1323 1166 1076 344 538 528 530 621 769 645 589 0 15 21 218 213 220 132 130 87 74 0 0 0 2 2 2 2 2 9 1 62416 30732 106094 91300 114062 79938 120516 102758 349166 113546 111880 156752 77566 162968 161988 134832 126958 125458 227772 155108 2073600 2073600 1 15 402133 990720 993600 97701 101456 100739 102237 15 15 15 15 73 4 0 0 0 1920 1080 
[ 4205.612000] MESSAGE_B= 0 0 0 232 3 1 192 0 248 179 0 1608 1357 1459 1284 845 1284 1319 951 479 432 556 534 624 723 764 574 0 15 108 115 105 165 137 36 101 49 0 0 0 0 2 2 2 2 3 1 82760 100752 106094 91300 114062 79938 120516 102758 349166 113546 111880 156752 77566 162968 161988 134832 126958 125458 227772 155108 2073600 2073600 2 15 403621 994560 993600 103583 96579 103434 100025 15 15 15 15 75 4 0 0 0 1920 1080 
[ 4205.893995] MESSAGE_B= 0 4 0 232 1 1 192 0 248 179 0 1411 1477 1465 1384 1203 1033 1315 1120 539 305 573 517 676 608 777 603 0 15 245 66 248 243 104 120 105 73 0 0 0 0 2 2 2 2 1 1 60012 26054 106094 91300 114062 79938 120516 102758 349166 113546 111880 156752 77566 162968 161988 134832 126958 125458 227772 155108 2073600 2073600 1 15 402417 990720 993600 103949 95445 105496 97527 15 15 15 15 75 4 4 4 4 1920 1080 
[ 4206.176009] MESSAGE_B= 0 0 0 232 2 1 192 0 248 179 0 1300 1540 1403 1474 958 874 1288 1332 536 449 454 562 587 653 726 771 0 15 142 89 166 110 42 141 69 104 0 0 0 0 2 2 2 2 2 1 120388 112308 99120 93478 106308 78970 98140 107506 367294 96288 112018 183968 93810 70568 165438 155568 143916 143494 70360 166996 2073600 2073600 2 15 403682 994560 993600 102742 97534 104570 98836 15 15 15 15 72 4 0 0 0 1920 1080 
[ 4206.332999] MESSAGE_B= 0 0 0 231 1 1 192 0 248 179 0 1310 1659 1316 1475 1007 841 1256 1327 552 558 413 583 586 690 710 785 0 15 128 97 205 104 73 141 11 105 0 0 0 0 2 2 2 2 1 1 75872 33482 99120 93478 106308 78970 98140 107506 367294 96288 112018 183968 93810 70568 165438 155568 143916 143494 70360 166996 2073600 2073600 1 15 402428 990720 993600 101638 97754 104308 98728 15 15 15 15 72 4 0 0 0 1920 1080 
[ 4206.618919] MESSAGE_B= 0 4 0 232 3 1 192 0 248 179 0 1370 1387 1471 1446 1136 1149 965 1314 487 513 327 528 594 613 584 754 0 15 28 231 222 238 61 91 137 91 0 0 0 0 2 2 2 2 3 1 80704 111534 99120 93478 106308 78970 98140 107506 367294 96288 112018 183968 93810 70568 165438 155568 143916 143494 70360 166996 2073600 2073600 2 15 403736 994560 993600 102512 97762 102761 100701 15 15 15 15 72 4 4 4 4 1920 1080 
[ 4206.898995] MESSAGE_B= 0 0 0 231 1 1 192 0 248 179 0 1470 1287 1575 1370 1327 954 833 1291 579 567 480 455 775 607 642 753 0 15 82 135 106 173 110 59 128 54 0 0 0 0 2 2 2 2 1 1 49898 30110 99120 93478 106308 78970 98140 107506 367294 96288 112018 183968 93810 70568 165438 155568 143916 143494 70360 166996 2073600 2073600 1 15 402349 990720 993600 97470 101741 100603 102535 15 15 15 15 72 4 0 0 0 1920 1080 
[ 4207.177998] MESSAGE_B= 0 4 0 231 1 1 192 0 248 179 0 1480 1364 1534 1452 1322 1111 1165 1087 562 486 402 261 758 574 624 591 0 15 224 85 238 252 103 47 116 102 0 0 0 0 2 2 2 2 1 1 97224 111200 99120 93478 106308 78970 98140 107506 367294 96288 112018 183968 93810 70568 165438 155568 143916 143494 70360 166996 2073600 2073600 1 15 403720 994560 993600 95978 104208 98451 105083 15 15 15 15 72 4 4 4 4 1920 1080 
[ 4207.480907] MESSAGE_B= 0 0 0 231 2 1 192 0 248 179 0 1412 1465 1309 1521 1301 1318 969 903 463 559 536 412 737 754 585 631 0 15 148 77 169 132 75 103 43 145 0 0 0 0 2 2 2 2 2 1 75950 33460 99120 93478 106308 78970 98140 107506 367294 96288 112018 183968 93810 70568 165438 155568 143916 143494 70360 166996 2073600 2073600 1 15 403780 990720 993600 97842 102504 99020 104414 15 15 15 15 72 4 0 0 0 1920 1080 
[ 4207.641840] MESSAGE_B= 0 0 0 230 2 1 192 0 248 179 0 1344 1472 1305 1636 1268 1337 981 854 409 556 527 519 704 772 564 654 0 15 127 107 190 103 21 98 51 153 0 0 0 0 2 2 2 2 2 1 77824 108762 99120 93478 106308 78970 98140 107506 367294 96288 112018 183968 93810 70568 165438 155568 143916 143494 70360 166996 2073600 2073600 2 15 404048 994560 993600 98617 101854 98895 104682 15 15 15 15 72 4 0 0 0 1920 1080 
[ 4207.928999] MESSAGE_B= 0 4 0 231 1 1 192 0 248 179 0 1471 1462 1380 1402 981 1318 1118 1175 317 563 528 535 613 782 604 654 0 15 50 241 233 245 134 102 84 100 0 0 0 0 2 2 2 2 1 1 69556 34882 99120 93478 106308 78970 98140 107506 367294 96288 112018 183968 93810 70568 165438 155568 143916 143494 70360 166996 2073600 2073600 1 15 402325 990720 993600 96694 102607 99918 103106 15 15 15 15 72 4 4 4 4 1920 1080 
[ 4208.210994] MESSAGE_B= 0 0 0 230 3 1 192 0 248 179 0 1573 1391 1474 1293 861 1296 1340 958 462 446 556 540 634 732 766 582 0 15 97 136 106 167 138 60 100 46 0 0 0 0 2 2 2 2 3 1 90612 98400 99120 93478 106308 78970 98140 107506 367294 96288 112018 183968 93810 70568 165438 155568 143916 143494 70360 166996 2073600 2073600 2 15 403738 994560 993600 101774 98466 102414 101084 15 15 15 15 75 4 0 0 0 1920 1080 
[ 4208.489996] MESSAGE_B= 0 0 0 232 2 1 192 0 248 179 0 1602 1431 1476 1362 1093 1092 1319 1094 361 321 587 539 613 609 784 595 0 15 155 95 226 254 142 90 106 78 0 0 0 0 2 2 2 2 2 1 59728 32584 106590 91052 97576 82846 111096 114070 363388 121452 111656 172870 162850 87018 48894 165078 174748 187742 81170 44418 2073600 2073600 1 15 402537 990720 993600 104145 95239 104640 98513 15 15 15 15 75 4 0 0 0 1920 1080 
[ 4208.777995] MESSAGE_B= 0 0 0 230 2 2 192 0 248 179 0 1318 1535 1421 1449 991 938 1307 1277 526 371 471 539 576 611 745 719 0 15 161 51 179 164 54 144 69 103 0 0 0 0 2 2 2 2 2 2 128560 115570 106590 91052 97576 82846 111096 114070 363388 121452 111656 172870 162850 87018 48894 165078 174748 187742 81170 44418 2073600 2073600 1 15 403828 994560 993600 102543 97854 104772 98659 15 15 15 15 73 4 0 0 0 1920 1080 
[ 4209.061001] MESSAGE_B= 0 0 0 232 3 1 192 0 248 179 0 1342 1743 1282 1471 1056 825 1204 1316 540 635 390 583 581 688 654 782 0 15 134 86 237 99 68 137 32 107 0 0 0 0 2 2 2 2 3 1 81212 28772 106590 91052 97576 82846 111096 114070 363388 121452 111656 172870 162850 87018 48894 165078 174748 187742 81170 44418 2073600 2073600 1 15 402393 990720 993600 101875 97519 104145 98854 15 15 15 15 71 4 0 0 0 1920 1080 
[ 4209.321994] MESSAGE_B= 0 0 0 231 3 1 192 0 248 179 0 1407 1359 1478 1447 1166 1076 957 1323 527 530 347 537 644 588 620 771 0 15 21 218 213 220 88 76 131 129 0 0 0 2 2 2 2 2 3 1 82404 109434 106590 91052 97576 82846 111096 114070 363388 121452 111656 172870 162850 87018 48894 165078 174748 187742 81170 44418 2073600 2073600 2 15 402043 994560 993600 101466 97709 102200 100668 15 15 15 15 72 4 0 0 0 1920 1080 
[ 4209.599999] MESSAGE_B= 0 0 0 231 3 1 192 0 248 179 0 1465 1289 1582 1362 1324 943 836 1279 576 566 476 448 781 589 643 746 0 15 88 131 111 172 106 58 135 54 0 0 0 0 2 2 2 2 3 1 51504 34192 106590 91052 97576 82846 111096 114070 363388 121452 111656 172870 162850 87018 48894 165078 174748 187742 81170 44418 2073600 2073600 1 15 402179 990720 993600 96713 102601 100028 102837 15 15 15 15 72 4 0 0 0 1920 1080 
[ 4209.765930] MESSAGE_B= 0 0 0 231 3 1 192 0 248 179 0 1471 1347 1776 1252 1321 1065 923 1165 585 543 554 388 783 585 642 635 0 15 57 124 147 245 108 71 146 53 0 0 0 0 2 2 2 2 3 1 93110 110978 106590 91052 97576 82846 111096 114070 363388 121452 111656 172870 162850 87018 48894 165078 174748 187742 81170 44418 2073600 2073600 2 15 402354 994560 993600 94699 104697 98571 104387 15 15 15 15 72 4 0 0 0 1920 1080 
[ 4210.056699] MESSAGE_B= 0 0 0 232 1 1 192 0 248 179 0 1425 1423 1332 1511 1296 1217 1016 960 509 537 541 352 768 680 597 621 0 15 188 13 199 192 87 102 65 133 0 0 0 0 2 2 2 2 1 1 72636 31242 106590 91052 97576 82846 111096 114070 363388 121452 111656 172870 162850 87018 48894 165078 174748 187742 81170 44418 2073600 2073600 1 15 402150 990720 993600 96510 102741 97891 105008 15 15 15 15 73 4 0 0 0 1920 1080 
[ 4210.335000] MESSAGE_B= 0 0 0 231 3 1 192 0 248 179 0 1315 1474 1310 1659 1256 1327 1004 841 415 586 551 559 709 784 585 689 0 15 128 95 205 103 12 105 72 141 0 0 0 0 2 2 2 2 3 1 80100 107222 106590 91052 97576 82846 111096 114070 363388 121452 111656 172870 162850 87018 48894 165078 174748 187742 81170 44418 2073600 2073600 2 15 402482 994560 993600 97787 101622 98778 104295 15 15 15 15 73 4 0 0 0 1920 1080 
[ 4210.619998] MESSAGE_B= 0 4 0 232 1 1 192 0 248 179 0 1471 1447 1370 1387 965 1314 1136 1148 326 526 486 513 584 754 594 614 0 15 27 231 222 239 137 91 59 92 0 0 0 0 2 2 2 2 1 1 69510 34312 106590 91052 97576 82846 111096 114070 363388 121452 111656 172870 162850 87018 48894 165078 174748 187742 81170 44418 2073600 2073600 1 15 403717 990720 993600 97766 102516 100702 102733 15 15 15 15 72 4 4 4 4 1920 1080 
[ 4210.901011] MESSAGE_B= 0 0 0 231 3 1 192 0 248 179 0 1576 1370 1470 1288 836 1293 1320 953 479 457 579 567 646 754 778 606 0 15 82 135 109 173 127 53 108 59 0 0 0 0 2 2 2 2 3 1 91884 97366 106284 83700 106088 77362 109318 107498 347056 98576 112920 99880 190240 143656 124856 101494 167692 239684 137770 132984 2073600 2073600 2 15 402397 994560 993600 101756 97477 102550 100614 15 15 15 15 75 4 0 0 0 1920 1080 
[ 4211.179006] MESSAGE_B= 0 4 0 231 2 1 192 0 248 179 0 1532 1452 1480 1364 1167 1087 1323 1111 405 262 563 486 625 589 758 574 0 15 224 85 239 252 114 101 102 46 0 0 0 0 2 2 2 2 2 1 59968 30054 106284 83700 106088 77362 109318 107498 347056 98576 112920 99880 190240 143656 124856 101494 167692 239684 137770 132984 2073600 2073600 1 15 403743 990720 993600 104223 96000 105051 98469 15 15 15 15 75 4 4 4 4 1920 1080 
[ 4211.461000] MESSAGE_B= 0 0 0 232 1 2 192 0 248 179 0 1300 1519 1409 1456 968 917 1305 1298 550 395 489 570 593 635 767 743 0 15 161 51 181 151 57 134 79 110 0 0 0 0 2 2 2 2 1 2 128340 118716 106284 83700 106088 77362 109318 107498 347056 98576 112920 99880 190240 143656 124856 101494 167692 239684 137770 132984 2073600 2073600 3 15 402539 994560 993600 102122 97305 104474 98638 15 15 15 15 73 4 0 0 0 1920 1080 
[ 4211.741032] MESSAGE_B= 0 0 0 231 3 1 192 0 248 179 0 1342 1830 1264 1476 1075 878 1199 1320 504 629 375 563 571 646 627 772 0 15 122 94 241 116 43 155 89 102 0 0 0 0 2 2 2 2 3 1 76010 28520 106284 83700 106088 77362 109318 107498 347056 98576 112920 99880 190240 143656 124856 101494 167692 239684 137770 132984 2073600 2073600 1 15 403991 990720 993600 102414 98016 104513 99048 15 15 15 15 71 4 0 0 0 1920 1080 
[ 4211.898058] MESSAGE_B= 0 4 0 231 3 1 192 0 248 179 0 1385 1411 1476 1464 1121 1203 1032 1316 518 537 305 574 601 678 609 778 0 15 66 246 244 247 71 103 121 103 0 0 0 0 2 2 2 2 3 1 82064 114022 106284 83700 106088 77362 109318 107498 347056 98576 112920 99880 190240 143656 124856 101494 167692 239684 137770 132984 2073600 2073600 2 15 402169 994560 993600 103406 95764 103489 99510 15 15 15 15 72 4 4 4 4 1920 1080 
[ 4212.177004] MESSAGE_B= 0 0 0 230 3 1 192 0 248 179 0 1480 1300 1539 1402 1332 958 874 1289 561 537 445 454 772 588 652 725 0 15 89 143 111 166 105 47 141 73 0 0 0 0 2 2 2 2 3 1 51486 32214 106284 83700 106088 77362 109318 107498 347056 98576 112920 99880 190240 143656 124856 101494 167692 239684 137770 132984 2073600 2073600 1 15 403464 990720 993600 99071 101086 101497 101810 15 15 15 15 72 4 0 0 0 1920 1080 
[ 4212.456370] MESSAGE_B= 0 0 0 232 3 1 192 0 248 179 0 1469 1360 1743 1317 1324 1074 1012 1132 588 547 438 328 784 587 607 623 0 15 7 115 193 252 107 75 130 22 0 0 0 0 2 2 2 2 3 1 93228 114014 106284 83700 106088 77362 109318 107498 347056 98576 112920 99880 190240 143656 124856 101494 167692 239684 137770 132984 2073600 2073600 2 15 402636 994560 993600 94771 104842 98606 104417 15 15 15 15 73 4 0 0 0 1920 1080 
[ 4212.737029] MESSAGE_B= 0 0 0 230 1 1 192 0 248 179 0 1423 1426 1334 1509 1305 1220 1024 958 511 540 542 351 769 682 598 622 0 15 189 10 200 193 85 102 65 135 0 0 0 0 2 2 2 2 1 1 72022 31562 106284 83700 106088 77362 109318 107498 347056 98576 112920 99880 190240 143656 124856 101494 167692 239684 137770 132984 2073600 2073600 1 15 402246 990720 993600 96503 102781 97944 105018 15 15 15 15 73 4 0 0 0 1920 1080 
[ 4213.017442] MESSAGE_B= 0 0 0 232 1 1 192 0 248 179 0 1325 1475 1332 1713 1257 1325 1036 834 398 563 519 597 671 773 571 676 0 15 132 118 212 92 14 98 32 155 0 0 0 0 2 2 2 2 1 1 77670 112418 106284 83700 106088 77362 109318 107498 347056 98576 112920 99880 190240 143656 124856 101494 167692 239684 137770 132984 2073600 2073600 1 15 403801 994560 993600 97744 102632 98695 104730 15 15 15 15 73 4 0 0 0 1920 1080 
[ 4213.298390] MESSAGE_B= 0 4 0 231 2 1 192 0 248 179 0 1463 1456 1391 1380 953 1313 1144 1115 342 548 521 528 611 779 630 624 0 15 32 230 220 234 133 115 81 84 0 0 0 0 2 2 2 2 2 1 68716 33372 106258 88302 107544 78020 100256 108404 366272 100990 110604 138938 138352 188668 122418 134416 98822 194834 241814 139562 2073600 2073600 1 15 402622 990720 993600 97476 101922 100945 102279 15 15 15 15 72 4 4 4 4 1920 1080 
[ 4213.577996] MESSAGE_B= 0 0 0 232 2 1 192 0 248 179 0 1593 1375 1467 1297 855 1291 1326 956 474 439 554 542 633 724 763 585 0 15 100 126 105 167 141 50 102 51 0 0 0 0 2 2 2 2 2 1 95222 94860 106258 88302 107544 78020 100256 108404 366272 100990 110604 138938 138352 188668 122418 134416 98822 194834 241814 139562 2073600 2073600 2 15 403852 994560 993600 102949 97359 102943 100601 15 15 15 15 75 4 0 0 0 1920 1080 
[ 4213.857995] MESSAGE_B= 0 4 0 232 4 1 192 0 248 179 0 1424 1482 1467 1372 1197 1053 1320 1111 526 288 585 525 671 611 779 600 0 15 246 77 248 250 103 113 108 75 0 0 0 0 2 2 2 2 4 1 59448 27828 106258 88302 107544 78020 100256 108404 366272 100990 110604 138938 138352 188668 122418 134416 98822 194834 241814 139562 2073600 2073600 1 15 402404 990720 993600 103605 95733 105123 97943 15 15 15 15 75 4 4 4 4 1920 1080 
[ 4214.144472] MESSAGE_B= 0 0 0 231 2 1 192 0 248 179 0 1304 1525 1412 1463 962 903 1294 1322 535 411 458 554 580 621 733 748 0 15 149 78 169 129 47 143 72 106 0 0 0 0 2 2 2 2 2 1 130680 116014 106258 88302 107544 78020 100256 108404 366272 100990 110604 138938 138352 188668 122418 134416 98822 194834 241814 139562 2073600 2073600 2 15 403795 994560 993600 102511 97814 104411 99059 15 15 15 15 73 4 0 0 0 1920 1080 
[ 4214.304878] MESSAGE_B= 0 0 0 231 0 1 192 0 248 179 0 1309 1633 1346 1476 985 852 1271 1328 528 517 415 559 571 655 705 778 0 15 128 108 190 104 46 150 23 99 0 0 0 0 2 2 2 2 0 1 79092 29816 106258 88302 107544 78020 100256 108404 366272 100990 110604 138938 138352 188668 122418 134416 98822 194834 241814 139562 2073600 2073600 3 15 404115 990720 993600 101892 98647 104728 98848 15 15 15 15 71 4 0 0 0 1920 1080 
[ 4214.583003] MESSAGE_B= 0 4 0 232 3 1 192 0 248 179 0 1381 1416 1487 1464 1119 1212 1003 1318 483 524 297 544 588 653 581 756 0 15 47 244 238 247 67 107 128 94 0 0 0 0 2 2 2 2 3 1 83024 111276 106258 88302 107544 78020 100256 108404 366272 100990 110604 138938 138352 188668 122418 134416 98822 194834 241814 139562 2073600 2073600 2 15 403686 994560 993600 103351 96875 103789 99671 15 15 15 15 71 4 4 4 4 1920 1080 
[ 4214.862004] MESSAGE_B= 0 0 0 232 2 1 192 0 248 179 0 1472 1287 1537 1383 1315 951 832 1289 581 565 458 469 781 599 647 754 0 15 78 147 108 172 109 57 120 69 0 0 0 0 2 2 2 2 2 1 50260 29200 106258 88302 107544 78020 100256 108404 366272 100990 110604 138938 138352 188668 122418 134416 98822 194834 241814 139562 2073600 2073600 1 15 402094 990720 993600 98480 100785 101017 101812 15 15 15 15 71 4 0 0 0 1920 1080 
[ 4215.142005] MESSAGE_B= 0 0 0 232 5 1 192 0 248 179 0 1474 1357 1686 1363 1322 1089 1064 1114 558 491 374 265 763 570 586 582 0 15 64 118 207 254 101 42 151 22 0 0 0 0 2 2 2 2 5 1 92356 108124 106258 88302 107544 78020 100256 108404 366272 100990 110604 138938 138352 188668 122418 134416 98822 194834 241814 139562 2073600 2073600 2 15 403625 994560 993600 95288 104914 98643 104780 15 15 15 15 72 4 0 0 0 1920 1080 
[ 4215.428912] MESSAGE_B= 0 0 0 232 5 1 192 0 248 179 0 1423 1444 1305 1514 1308 1258 998 949 502 556 544 366 772 718 593 625 0 15 180 24 188 181 85 102 58 130 0 0 0 0 2 2 2 2 5 1 72132 32968 106258 88302 107544 78020 100256 108404 366272 100990 110604 138938 138352 188668 122418 134416 98822 194834 241814 139562 2073600 2073600 1 15 402254 990720 993600 97105 102197 98387 104565 15 15 15 15 73 4 0 0 0 1920 1080 
[ 4215.707010] MESSAGE_B= 0 0 0 231 2 1 192 0 248 179 0 1301 1480 1334 1772 1227 1323 1064 815 381 562 507 656 644 773 568 690 0 15 138 119 229 83 39 101 41 157 0 0 0 0 2 2 2 2 2 1 77956 107080 96160 91538 97166 77130 106976 105560 356204 103858 113836 136076 67368 133164 185376 121860 116586 116714 169882 166438 2073600 2073600 2 15 403880 994560 993600 97805 102610 98817 104648 15 15 15 15 73 4 0 0 0 1920 1080 
[ 4215.987998] MESSAGE_B= 0 4 0 232 9 1 192 0 248 179 0 1476 1449 1405 1356 955 1325 1167 1076 343 537 529 528 621 774 648 591 0 15 20 217 212 220 133 130 85 75 0 0 0 0 2 2 2 2 9 1 72760 30890 96160 91538 97166 77130 106976 105560 356204 103858 113836 136076 67368 133164 185376 121860 116586 116714 169882 166438 2073600 2073600 1 15 402256 990720 993600 97702 101512 100781 102261 15 15 15 15 73 4 4 4 4 1920 1080 
[ 4216.150257] MESSAGE_B= 0 0 0 231 5 1 192 0 248 179 0 1508 1411 1432 1295 949 1298 1257 988 362 498 548 533 612 766 706 580 0 15 29 179 178 188 133 86 104 60 0 0 0 0 2 2 2 2 5 1 95340 93868 96160 91538 97166 77130 106976 105560 356204 103858 113836 136076 67368 133164 185376 121860 116586 116714 169882 166438 2073600 2073600 2 15 401665 994560 993600 99359 99615 101177 101514 15 15 15 15 73 4 0 0 0 1920 1080 

