[ 9153.548001] MESSAGE_B= 0 4 0 115 1 2 192 0 248 179 0 1610 1512 1468 1428 1774 1932 1498 1250 1015 955 922 909 1366 1338 1129 1107 0 1 251 255 229 186 196 190 201 215 0 0 0 0 2 2 2 2 1 2 130004 966812 2 223362 129786 108110 2 2 123486 51102 2 204890 232946 35270 44 2 2 241146 229480 2 2073600 2073600 3 1 168320 990720 993600 35607 42667 84569 76682 19 16 1 1 7 4 4 4 4 1920 1080 
[ 9153.825005] MESSAGE_B= 0 4 0 112 1 3 192 0 248 179 0 1609 1512 1467 1427 1763 1918 1475 1248 1014 954 922 907 1350 1327 1118 1103 0 1 251 255 232 189 197 193 203 217 0 0 0 0 2 2 2 2 1 3 161238 870720 2 223362 129786 108110 2 2 123486 51102 2 204890 232946 35270 44 2 2 241146 229480 2 2073600 2073600 3 1 167716 994560 993600 36047 42582 84261 76395 19 16 1 1 7 4 4 4 4 1920 1080 
[ 9154.108190] MESSAGE_B= 0 4 4 113 1 3 192 0 248 179 0 1609 1512 1467 1427 1763 1918 1475 1248 1014 954 922 907 1350 1327 1118 1103 0 1 251 255 232 189 197 193 203 217 0 0 0 0 2 2 2 2 1 3 126292 972124 2 223362 129786 108110 2 2 123486 51102 2 204890 232946 35270 44 2 2 241146 229480 2 2073600 2073600 3 1 167716 990720 993600 36047 42582 84261 76395 19 16 1 1 7 4 4 4 4 1920 1080 
[ 9154.389004] MESSAGE_B= 0 4 4 113 1 2 192 0 248 179 0 1528 1362 1609 1600 1494 1493 1598 1573 873 811 933 914 848 857 922 887 0 31 251 241 247 246 118 3 153 88 0 0 0 0 0 0 0 0 1 2 163008 868878 2 223362 129786 108110 2 2 123486 51102 2 204890 232946 35270 44 2 2 241146 229480 2 2073600 2073600 3 0 154984 994560 993600 50628 56672 65459 48917 1 0 1 0 57 4 4 4 4 1920 1080 
[ 9154.664005] MESSAGE_B= 0 4 4 25 1 2 192 0 248 179 0 1533 1373 1599 1599 1519 1485 1584 1571 878 821 928 914 861 852 917 886 0 31 250 241 247 245 118 4 155 87 0 0 0 0 0 0 0 0 1 2 383710 968964 2 223362 129786 108110 2 2 123486 51102 2 204890 232946 35270 44 2 2 241146 229480 2 2073600 2073600 3 0 154327 990720 993600 49411 56145 64311 48054 1 0 1 0 64 4 4 4 4 1920 1080 
[ 9154.822588] MESSAGE_B= 0 4 4 25 1 2 192 0 248 179 0 1548 1383 1607 1618 1534 1485 1586 1584 887 828 930 924 867 852 918 893 0 31 250 240 247 245 117 3 156 89 0 0 0 0 0 0 0 0 1 2 236010 454934 2 223362 129786 108110 2 2 123486 51102 2 204890 232946 35270 44 2 2 241146 229480 2 2073600 2073600 3 0 166540 994560 993600 48340 57714 63120 54277 1 0 1 0 64 4 4 4 4 1920 1080 
[ 9155.098997] MESSAGE_B= 0 4 4 25 1 2 192 0 248 179 0 1567 1400 1599 1633 1558 1485 1576 1590 897 843 929 933 880 851 912 896 0 31 249 240 247 245 113 3 158 90 0 0 0 0 0 0 0 0 1 2 364954 458324 2 223362 129786 108110 2 2 123486 51102 2 204890 232946 35270 44 2 2 241146 229480 2 2073600 2073600 3 0 167139 990720 993600 46364 57926 61352 52702 1 0 1 0 64 4 4 4 4 1920 1080 
[ 9155.382221] MESSAGE_B= 0 4 4 25 1 2 192 0 248 179 0 1592 1408 1591 1661 1583 1488 1566 1589 913 851 924 949 897 852 908 897 0 31 248 241 246 246 110 1 160 88 0 0 0 0 0 0 0 0 1 2 222506 457874 2 223362 129786 108110 2 2 123486 51102 2 204890 232946 35270 44 2 2 241146 229480 2 2073600 2073600 3 0 173923 994560 993600 43991 59668 60961 54234 1 0 1 0 71 4 4 4 4 1920 1080 
[ 9155.659037] MESSAGE_B= 0 4 4 25 1 2 192 0 248 179 0 1612 1409 1576 1671 1598 1482 1554 1576 924 851 917 955 908 848 905 889 0 31 246 242 244 246 109 1 161 90 0 0 0 0 0 0 0 0 1 2 351208 459228 82750 1385638 659762 782992 1370362 99518 528680 282668 108186 402916 285080 90158 223396 252460 478140 782412 682880 471292 2073600 2073600 3 0 172740 990720 993600 43199 59887 61863 52809 1 0 1 0 71 4 4 4 4 1920 1080 
[ 9155.938996] MESSAGE_B= 0 4 4 25 1 3 192 0 248 179 0 1652 1415 1565 1695 1634 1483 1555 1576 948 852 913 969 932 847 905 889 0 31 244 242 242 246 107 2 162 93 0 0 0 0 0 0 0 0 1 3 207224 458468 82750 1385638 659762 782992 1370362 99518 528680 282668 108186 402916 285080 90158 223396 252460 478140 782412 682880 471292 2073600 2073600 3 0 174866 994560 993600 41361 59973 59992 51182 1 0 1 0 62 4 4 4 4 1920 1080 
[ 9156.219008] MESSAGE_B= 0 4 4 25 1 3 192 0 248 179 0 1671 1416 1555 1701 1648 1480 1549 1563 959 850 910 973 944 843 902 883 0 31 243 243 240 246 108 3 163 95 0 0 0 0 0 0 0 0 1 3 334220 462968 82750 1385638 659762 782992 1370362 99518 528680 282668 108186 402916 285080 90158 223396 252460 478140 782412 682880 471292 2073600 2073600 3 0 173243 990720 993600 41324 59723 59696 50230 1 0 1 0 62 4 4 4 4 1920 1080 
[ 9156.497253] MESSAGE_B= 0 4 4 25 1 3 192 0 248 179 0 1700 1424 1556 1714 1680 1477 1545 1565 975 856 910 979 964 840 901 885 0 31 243 244 238 246 105 2 164 96 0 0 0 0 0 0 0 0 1 3 197108 459186 82750 1385638 659762 782992 1370362 99518 528680 282668 108186 402916 285080 90158 223396 252460 478140 782412 682880 471292 2073600 2073600 3 0 179270 994560 993600 42090 60689 58446 52361 0 0 1 0 62 4 4 4 4 1920 1080 
[ 9156.777002] MESSAGE_B= 0 4 4 25 1 3 192 0 248 179 0 1708 1427 1551 1722 1708 1469 1539 1555 979 856 908 988 986 836 896 880 0 31 242 245 236 245 101 2 164 96 0 0 0 0 0 0 0 0 1 3 323624 466124 82750 1385638 659762 782992 1370362 99518 528680 282668 108186 402916 285080 90158 223396 252460 478140 782412 682880 471292 2073600 2073600 3 0 182249 990720 993600 42751 61878 58991 52951 0 0 1 0 72 4 4 4 4 1920 1080 
[ 9156.934995] MESSAGE_B= 0 4 4 25 1 3 192 0 248 179 0 1713 1437 1556 1738 1730 1472 1540 1555 984 861 909 996 1000 835 897 880 0 31 243 245 234 245 97 3 165 96 0 0 0 0 0 0 0 0 1 3 184140 459786 82750 1385638 659762 782992 1370362 99518 528680 282668 108186 402916 285080 90158 223396 252460 478140 782412 682880 471292 2073600 2073600 3 0 182112 994560 993600 43050 61438 58111 52242 0 0 1 0 72 4 4 4 4 1920 1080 
[ 9157.222156] MESSAGE_B= 0 4 4 25 1 3 192 0 248 179 0 1699 1441 1549 1751 1756 1469 1532 1547 976 865 906 1009 1017 834 891 878 0 31 243 245 231 245 89 4 164 96 0 0 0 0 0 0 0 0 1 3 310692 468728 82750 1385638 659762 782992 1370362 99518 528680 282668 108186 402916 285080 90158 223396 252460 478140 782412 682880 471292 2073600 2073600 3 0 180799 990720 993600 42972 60717 57002 51383 0 0 1 0 72 4 4 4 4 1920 1080 
[ 9157.509765] MESSAGE_B= 0 4 4 25 1 3 192 0 248 179 0 1699 1451 1548 1779 1784 1470 1531 1559 978 867 904 1026 1033 835 892 885 0 31 243 245 230 245 81 4 162 95 0 0 0 0 0 0 0 0 1 3 177166 462926 82750 1385638 659762 782992 1370362 99518 528680 282668 108186 402916 285080 90158 223396 252460 478140 782412 682880 471292 2073600 2073600 3 0 179902 994560 993600 43652 59994 57296 51285 0 0 1 0 65 4 4 4 4 1920 1080 
[ 9157.792995] MESSAGE_B= 0 4 4 25 1 3 192 0 248 179 0 1623 1434 1621 1731 1910 1534 1604 1596 936 833 938 1004 1096 868 915 899 0 31 246 249 239 251 79 35 135 69 0 0 0 0 0 0 0 0 1 3 305030 475172 82750 1385638 659762 782992 1370362 99518 528680 282668 108186 402916 285080 90158 223396 252460 478140 782412 682880 471292 2073600 2073600 3 0 180694 990720 993600 46010 60177 53178 46231 0 0 1 0 64 4 4 4 4 1920 1080 
[ 9158.080750] MESSAGE_B= 0 4 4 24 1 3 192 0 248 179 0 1525 1407 1708 1663 2050 1609 1717 1632 886 805 994 964 1167 910 968 930 0 31 244 248 247 253 88 77 108 48 0 0 0 0 0 0 0 0 1 3 215776 464442 88198 242410 317408 84210 126024 131246 671964 239206 131054 413540 519670 202164 363414 456570 380018 606820 602066 419130 2073600 2073600 3 0 174480 994560 993600 47243 57908 50984 43261 0 0 1 0 62 4 4 4 4 1920 1080 
[ 9158.359197] MESSAGE_B= 0 0 4 24 1 3 192 0 248 179 0 1427 1379 1789 1575 2204 1695 1838 1652 845 811 1054 921 1249 957 1040 972 0 31 235 232 252 249 107 126 87 19 0 0 0 0 0 0 0 0 1 3 273942 480948 88198 242410 317408 84210 126024 131246 671964 239206 131054 413540 519670 202164 363414 456570 380018 606820 602066 419130 2073600 2073600 3 0 145669 990720 993600 50555 46029 47000 31548 0 0 1 12 62 4 4 0 0 1920 1080 
[ 9158.517002] MESSAGE_B= 0 0 4 23 1 3 192 0 248 179 0 1381 1357 1842 1553 2308 1753 1910 1689 837 832 1097 919 1305 989 1087 1012 0 31 228 213 253 244 121 155 75 7 0 0 0 0 0 0 0 0 1 3 244928 510644 88198 242410 317408 84210 126024 131246 671964 239206 131054 413540 519670 202164 363414 456570 380018 606820 602066 419130 2073600 2073600 3 0 144294 994560 993600 51676 44671 43533 31548 0 0 1 12 59 4 4 0 0 1920 1080 
[ 9158.795017] MESSAGE_B= 0 0 4 24 1 3 192 0 248 179 0 1306 1301 1926 1528 2482 1868 2026 1683 838 867 1183 921 1399 1055 1171 1055 0 31 210 173 251 233 149 186 61 36 0 0 0 0 0 0 0 0 1 3 152864 564802 88198 242410 317408 84210 126024 131246 671964 239206 131054 413540 519670 202164 363414 456570 380018 606820 602066 419130 2073600 2073600 3 1 138597 990720 993600 53073 35507 35194 43241 0 1 1 1 51 4 4 0 0 1920 1080 
[ 9159.074997] MESSAGE_B= 0 0 0 29 1 3 192 0 248 179 0 1250 1258 1980 1562 2641 1965 2169 1732 869 954 1267 943 1488 1111 1269 1153 0 31 201 146 248 218 172 213 66 45 0 0 0 0 0 0 0 0 1 3 286536 652908 88198 242410 317408 84210 126024 131246 671964 239206 131054 413540 519670 202164 363414 456570 380018 606820 602066 419130 2073600 2073600 3 1 137612 994560 993600 54105 38430 31812 44628 0 1 1 1 49 4 4 0 0 1920 1080 
[ 9159.354000] MESSAGE_B= 0 0 0 42 1 4 192 0 248 179 0 1227 1179 2003 1588 2813 2131 2292 1707 947 1008 1368 981 1583 1207 1357 1144 0 31 193 114 244 213 199 230 70 58 0 0 0 0 0 0 0 0 1 4 230502 586036 88198 242410 317408 84210 126024 131246 671964 239206 131054 413540 519670 202164 363414 456570 380018 606820 602066 419130 2073600 2073600 3 1 131464 990720 993600 59144 44206 36311 46979 0 1 25 1 48 4 4 0 0 1920 1080 
[ 9159.634011] MESSAGE_B= 0 7 0 55 1 4 192 0 248 179 0 1273 1139 1938 1709 2943 2247 2408 1756 1094 1047 1476 1081 1658 1274 1425 1252 0 31 198 78 243 196 218 233 94 94 0 0 0 0 0 0 0 0 1 4 329804 738728 88198 242410 317408 84210 126024 131246 671964 239206 131054 413540 519670 202164 363414 456570 380018 606820 602066 419130 2073600 2073600 3 12 135713 994560 993600 56338 43921 46380 51704 0 1 25 1 51 4 4 20 20 1920 1080 
[ 9159.914999] MESSAGE_B= 0 7 0 61 1 4 192 0 248 179 0 1383 1134 1765 1899 2971 2308 2409 1674 1227 1008 1458 1155 1674 1310 1424 1240 0 31 223 99 242 196 226 226 126 87 0 0 0 0 0 0 0 0 1 4 264154 568282 88198 242410 317408 84210 126024 131246 671964 239206 131054 413540 519670 202164 363414 456570 380018 606820 602066 419130 2073600 2073600 3 12 137530 990720 993600 53768 39949 49783 58878 0 1 25 1 51 4 4 20 20 1920 1080 
[ 9160.195168] MESSAGE_B= 0 7 0 60 0 3 192 0 248 179 0 1535 1140 1611 1996 2986 2381 2353 1696 1353 984 1380 1235 1683 1351 1390 1188 0 31 246 120 241 205 224 223 159 61 0 0 0 0 0 0 0 0 0 3 300590 792052 88198 242410 317408 84210 126024 131246 671964 239206 131054 413540 519670 202164 363414 456570 380018 606820 602066 419130 2073600 2073600 3 12 137003 994560 993600 50594 37804 52589 61447 0 12 25 1 44 4 4 20 20 1920 1080 
[ 9160.475913] MESSAGE_B= 0 7 0 61 1 3 192 0 248 179 0 1714 1131 1459 2070 2980 2465 2280 1803 1458 941 1312 1346 1683 1400 1342 1149 0 31 250 136 240 223 215 217 185 27 0 0 0 0 0 0 0 0 1 3 321992 529832 677268 219790 234484 566406 610066 690388 349536 673554 680562 330708 366170 191054 314426 356144 369664 772808 521410 328916 2073600 2073600 3 12 138091 990720 993600 46311 39351 52108 63635 0 12 25 1 44 4 4 20 20 1920 1080 
[ 9160.758000] MESSAGE_B= 0 7 0 65 1 3 192 0 248 179 0 1974 1146 1314 2071 2968 2549 2318 2004 1520 943 1263 1410 1676 1443 1365 1195 0 31 231 160 239 237 198 214 208 42 0 0 0 0 0 0 0 0 1 3 256724 827484 677268 219790 234484 566406 610066 690388 349536 673554 680562 330708 366170 191054 314426 356144 369664 772808 521410 328916 2073600 2073600 3 12 137968 994560 993600 44401 40343 52178 64693 0 12 25 1 45 4 4 20 20 1920 1080 
[ 9161.048001] MESSAGE_B= 0 7 0 67 1 4 192 0 248 179 0 2294 1183 1180 1981 2931 2658 2239 2146 1548 988 1157 1541 1657 1502 1318 1287 0 31 202 190 239 236 176 214 222 108 0 0 0 0 0 0 0 0 1 4 414082 507614 677268 219790 234484 566406 610066 690388 349536 673554 680562 330708 366170 191054 314426 356144 369664 772808 521410 328916 2073600 2073600 3 12 137059 990720 993600 39700 39828 54216 72128 0 12 25 1 45 4 4 20 20 1920 1080 
[ 9161.329998] MESSAGE_B= 0 7 0 70 1 3 192 0 248 179 0 2486 1277 1049 1763 2902 2738 2195 2258 1556 1049 998 1515 1641 1544 1284 1337 0 31 189 225 244 239 159 216 222 176 0 0 0 0 0 0 0 0 1 3 194810 897314 677268 219790 234484 566406 610066 690388 349536 673554 680562 330708 366170 191054 314426 356144 369664 772808 521410 328916 2073600 2073600 3 12 137132 994560 993600 37623 45649 56911 75353 25 0 25 1 43 4 4 20 20 1920 1080 
[ 9161.616021] MESSAGE_B= 0 7 0 73 1 3 192 0 248 179 0 2633 1336 949 1485 2871 2807 2199 2328 1577 1112 837 1361 1624 1584 1285 1365 0 31 182 251 247 243 143 220 214 220 0 0 0 0 0 0 0 0 1 3 479010 637998 677268 219790 234484 566406 610066 690388 349536 673554 680562 330708 366170 191054 314426 356144 369664 772808 521410 328916 2073600 2073600 3 12 138656 990720 993600 42035 51376 59826 75654 25 0 25 1 42 4 4 20 20 1920 1080 
[ 9161.775015] MESSAGE_B= 0 7 0 72 0 3 192 0 248 179 0 2681 1359 898 1361 2846 2831 2206 2363 1585 1151 733 1277 1611 1597 1288 1382 0 31 188 252 249 243 138 223 208 222 0 0 0 0 0 0 0 0 0 3 281782 905556 677268 219790 234484 566406 610066 690388 349536 673554 680562 330708 366170 191054 314426 356144 369664 772808 521410 328916 2073600 2073600 3 12 139432 994560 993600 43600 53319 60245 71681 25 0 25 1 41 4 4 20 20 1920 1080 
[ 9162.055007] MESSAGE_B= 0 7 0 70 1 3 192 0 248 179 0 2768 1421 863 1153 2795 2882 2223 2347 1606 1229 647 1128 1583 1624 1284 1363 0 31 196 236 251 246 128 226 185 220 0 0 0 0 0 0 0 0 1 3 509986 710232 677268 219790 234484 566406 610066 690388 349536 673554 680562 330708 366170 191054 314426 356144 369664 772808 521410 328916 2073600 2073600 3 12 139654 990720 993600 45694 59228 60963 69978 25 0 25 1 38 4 4 20 20 1920 1080 
[ 9162.335001] MESSAGE_B= 0 7 0 69 1 2 192 0 248 179 0 2824 1492 852 1010 2743 2921 2261 2302 1626 1299 603 936 1552 1647 1309 1340 0 31 204 220 250 246 116 226 160 214 0 0 0 0 0 0 0 0 1 2 394612 894740 677268 219790 234484 566406 610066 690388 349536 673554 680562 330708 366170 191054 314426 356144 369664 772808 521410 328916 2073600 2073600 3 12 138079 994560 993600 45538 65776 63202 63743 25 0 25 1 36 4 4 20 20 1920 1080 
[ 9162.615003] MESSAGE_B= 0 0 0 69 1 3 192 0 248 179 0 2838 1591 851 816 2672 2943 2256 2272 1627 1342 569 729 1512 1660 1304 1325 0 31 216 177 249 248 108 224 139 161 0 0 0 0 0 0 0 0 1 3 516452 746326 677268 219790 234484 566406 610066 690388 349536 673554 680562 330708 366170 191054 314426 356144 369664 772808 521410 328916 2073600 2073600 3 12 138563 990720 993600 43860 69527 64856 59935 25 0 25 1 34 4 4 0 0 1920 1080 
[ 9162.895997] MESSAGE_B= 0 0 0 69 1 3 192 0 248 179 0 2788 1722 858 672 2593 2965 2292 2259 1598 1358 548 469 1465 1673 1327 1316 0 31 226 156 247 249 107 219 117 114 0 0 0 0 0 0 0 0 1 3 512866 868356 941654 216078 198894 805644 838618 857332 688978 835776 927248 843532 394138 296570 413198 669740 747778 441252 870922 869460 2073600 2073600 3 12 137960 994560 993600 42794 73693 63884 54930 25 0 25 1 33 4 4 0 0 1920 1080 
[ 9163.184849] MESSAGE_B= 0 0 0 67 1 3 192 0 248 179 0 2704 1896 862 642 2480 2970 2335 2201 1552 1377 536 378 1403 1676 1346 1303 0 31 233 167 246 246 105 211 96 81 0 0 0 0 0 0 0 0 1 3 487328 737602 941654 216078 198894 805644 838618 857332 688978 835776 927248 843532 394138 296570 413198 669740 747778 441252 870922 869460 2073600 2073600 3 0 141278 990720 993600 41235 75451 60005 48038 25 0 25 1 33 4 4 0 0 1920 1080 
[ 9163.466000] MESSAGE_B= 0 0 0 62 1 3 192 0 248 179 0 2448 2023 962 778 2196 2752 2253 2044 1404 1376 577 441 1242 1560 1288 1236 0 31 243 203 249 238 98 208 101 83 0 0 0 0 0 0 0 0 1 3 595158 839306 941654 216078 198894 805644 838618 857332 688978 835776 927248 843532 394138 296570 413198 669740 747778 441252 870922 869460 2073600 2073600 3 0 133107 994560 993600 36289 59450 41968 45658 0 0 24 1 35 4 4 0 0 1920 1080 
[ 9163.625998] MESSAGE_B= 0 0 0 45 1 2 192 0 248 179 0 2326 2076 1029 858 2057 2624 2223 1981 1332 1378 608 486 1162 1496 1266 1204 0 31 246 215 250 232 95 207 110 79 0 0 0 0 0 0 0 0 1 2 381946 725154 941654 216078 198894 805644 838618 857332 688978 835776 927248 843532 394138 296570 413198 669740 747778 441252 870922 869460 2073600 2073600 3 12 128209 990720 993600 33220 50800 36720 41314 0 0 23 1 35 4 4 0 0 1920 1080 
[ 9163.905002] MESSAGE_B= 0 0 0 40 1 3 192 0 248 179 0 2100 2112 1154 1013 1815 2368 2138 1895 1202 1368 673 574 1024 1375 1213 1144 0 31 248 224 252 220 87 208 120 65 0 0 0 0 0 0 0 0 1 3 647832 804552 941654 216078 198894 805644 838618 857332 688978 835776 927248 843532 394138 296570 413198 669740 747778 441252 870922 869460 2073600 2073600 3 12 128974 994560 993600 33493 60753 31548 33595 12 1 12 1 35 4 4 0 0 1920 1080 
[ 9164.184797] MESSAGE_B= 0 0 0 36 1 3 192 0 248 179 0 1898 2106 1262 1148 1611 2138 2046 1765 1087 1348 734 651 906 1278 1160 1042 0 31 245 226 253 207 72 211 126 47 0 0 0 0 0 0 0 0 1 3 207850 644598 941654 216078 198894 805644 838618 857332 688978 835776 927248 843532 394138 296570 413198 669740 747778 441252 870922 869460 2073600 2073600 3 1 132718 990720 993600 33321 71204 31548 36334 12 1 12 21 32 4 4 0 0 1920 1080 
[ 9164.466005] MESSAGE_B= 0 0 0 37 1 2 192 0 248 179 0 1720 2056 1354 1280 1470 1910 1918 1688 991 1316 786 728 826 1196 1088 982 0 31 242 223 254 196 66 217 128 40 0 0 0 0 0 0 0 0 1 2 645452 720072 941654 216078 198894 805644 838618 857332 688978 835776 927248 843532 394138 296570 413198 669740 747778 441252 870922 869460 2073600 2073600 3 12 128786 994560 993600 33356 45990 31548 43764 12 1 12 20 27 4 4 0 0 1920 1080 
[ 9164.746394] MESSAGE_B= 0 0 0 39 1 2 192 0 248 179 0 1568 1975 1444 1421 1339 1699 1787 1628 914 1282 830 809 752 1133 1014 936 0 31 240 217 254 187 48 221 121 40 0 0 0 0 0 0 0 0 1 2 346996 576826 941654 216078 198894 805644 838618 857332 688978 835776 927248 843532 394138 296570 413198 669740 747778 441252 870922 869460 2073600 2073600 3 18 133761 990720 993600 40235 61269 31548 53357 19 17 12 19 22 4 4 0 0 1920 1080 
[ 9165.027104] MESSAGE_B= 0 0 0 47 1 2 192 0 248 179 0 1476 1859 1532 1571 1235 1482 1635 1561 870 1252 873 896 698 1088 931 889 0 31 241 207 253 178 47 220 109 54 0 0 0 0 0 0 0 0 1 2 553858 558664 941654 216078 198894 805644 838618 857332 688978 835776 927248 843532 394138 296570 413198 669740 747778 441252 870922 869460 2073600 2073600 3 18 191697 994560 993600 37717 68241 35381 63747 19 18 12 18 20 4 4 0 0 1920 1080 
[ 9165.314297] MESSAGE_B= 0 7 0 67 1 2 192 0 248 179 0 1416 1779 1585 1664 1180 1366 1537 1527 855 1235 902 950 666 1079 878 866 0 31 240 200 253 171 29 215 99 64 0 0 0 0 0 0 0 0 1 2 493152 541494 477478 354802 191704 840248 794396 708836 347092 550984 411612 679704 314298 146624 711602 705218 585314 773036 638266 506452 2073600 2073600 3 18 193223 990720 993600 38786 61482 38870 72833 12 18 12 18 20 4 4 20 20 1920 1080 
[ 9165.594995] MESSAGE_B= 0 7 0 73 1 2 192 0 248 179 0 1422 1778 1584 1664 1179 1364 1537 1526 853 1233 902 948 663 1078 876 865 0 31 241 200 253 171 33 216 99 65 0 0 0 0 0 0 0 0 1 2 304192 511760 477478 354802 191704 840248 794396 708836 347092 550984 411612 679704 314298 146624 711602 705218 585314 773036 638266 506452 2073600 2073600 3 18 191824 994560 993600 38248 61031 38922 72435 12 18 12 18 16 4 4 20 20 1920 1080 
[ 9165.877000] MESSAGE_B= 0 7 0 74 1 2 192 0 248 179 0 1409 1777 1583 1662 1204 1368 1536 1523 853 1233 901 949 677 1079 877 865 0 31 239 200 253 171 24 216 99 64 0 0 0 0 0 0 0 0 1 2 486214 611164 477478 354802 191704 840248 794396 708836 347092 550984 411612 679704 314298 146624 711602 705218 585314 773036 638266 506452 2073600 2073600 3 18 194895 990720 993600 38271 62371 38894 72423 12 18 12 18 7 4 4 20 20 1920 1080 
[ 9166.156998] MESSAGE_B= 0 0 0 70 1 2 192 0 248 179 0 1076 1223 1440 1376 985 1323 1424 1283 749 1105 966 923 588 1029 886 793 0 18 239 164 240 204 25 218 131 51 0 2 2 2 2 0 2 2 1 2 309766 512980 477478 354802 191704 840248 794396 708836 347092 550984 411612 679704 314298 146624 711602 705218 585314 773036 638266 506452 2073600 2073600 3 18 200643 994560 993600 40600 72164 36376 68312 18 18 12 18 16 0 0 0 0 1920 1080 
[ 9166.436004] MESSAGE_B= 0 7 0 57 1 2 192 0 248 179 0 1258 1699 1568 1356 1119 1365 1524 1342 751 1151 894 772 629 893 870 764 0 31 242 213 250 218 8 225 93 97 0 0 0 0 0 0 0 0 1 2 494096 601864 477478 354802 191704 840248 794396 708836 347092 550984 411612 679704 314298 146624 711602 705218 585314 773036 638266 506452 2073600 2073600 3 17 185344 990720 993600 43648 60372 34730 53415 17 17 16 17 16 4 4 20 20 1920 1080 
[ 9166.596311] MESSAGE_B= 0 7 0 51 1 2 192 0 248 179 0 1207 1677 1573 1253 1102 1359 1522 1287 722 1125 898 712 623 850 869 734 0 31 241 218 247 232 1 224 90 110 0 0 0 0 0 0 0 0 1 2 251996 473946 477478 354802 191704 840248 794396 708836 347092 550984 411612 679704 314298 146624 711602 705218 585314 773036 638266 506452 2073600 2073600 3 17 166841 994560 993600 42805 49735 37522 49165 17 17 16 17 17 4 4 20 20 1920 1080 

