[ 9573.641518] MESSAGE_B= 0 4 4 85 1 1 192 0 248 179 0 1837 1714 1282 2015 1241 1300 826 1887 1078 1000 743 1166 889 803 610 1101 0 31 248 253 247 246 132 156 144 99 0 0 0 0 0 0 0 0 1 1 311524 553574 453070 287890 329314 452530 391236 437948 670480 615250 406774 369862 571930 613934 390624 513036 201902 1075538 474252 520684 2073600 2073600 1 12 178247 994560 993600 53453 53554 55523 54031 20 20 12 12 2 4 4 4 4 1920 1080 
[ 9573.920997] MESSAGE_B= 0 4 4 85 1 1 192 0 248 179 0 1837 1716 1282 2016 1237 1296 822 1884 1078 1000 744 1165 890 804 609 1101 0 31 248 253 247 246 132 156 144 100 0 0 0 0 0 0 0 0 1 1 321036 742490 453070 287890 329314 452530 391236 437948 670480 615250 406774 369862 571930 613934 390624 513036 201902 1075538 474252 520684 2073600 2073600 1 12 178538 990720 993600 53391 53537 55680 54199 20 20 12 12 2 4 4 4 4 1920 1080 
[ 9574.204997] MESSAGE_B= 0 4 4 85 1 1 192 0 248 179 0 1837 1714 1282 2015 1241 1300 826 1887 1078 1000 743 1166 889 803 610 1101 0 31 248 253 247 246 132 156 144 99 0 0 0 0 0 0 0 0 1 1 311524 553574 453070 287890 329314 452530 391236 437948 670480 615250 406774 369862 571930 613934 390624 513036 201902 1075538 474252 520684 2073600 2073600 1 12 178247 994560 993600 53453 53554 55523 54031 20 20 12 12 2 4 4 4 4 1920 1080 
[ 9574.485003] MESSAGE_B= 0 4 4 85 1 1 192 0 248 179 0 1837 1714 1282 2015 1241 1300 826 1887 1078 1000 743 1166 889 803 610 1101 0 31 248 253 247 246 132 156 144 99 0 0 0 0 0 0 0 0 1 1 321036 742490 453070 287890 329314 452530 391236 437948 670480 615250 406774 369862 571930 613934 390624 513036 201902 1075538 474252 520684 2073600 2073600 1 12 178247 990720 993600 53453 53554 55523 54031 20 20 12 12 2 4 4 4 4 1920 1080 
[ 9574.769997] MESSAGE_B= 0 4 4 85 1 1 192 0 248 179 0 1837 1716 1282 2016 1237 1296 822 1884 1078 1000 744 1165 890 804 609 1101 0 31 248 253 247 246 132 156 144 100 0 0 0 0 0 0 0 0 1 1 311524 553574 453070 287890 329314 452530 391236 437948 670480 615250 406774 369862 571930 613934 390624 513036 201902 1075538 474252 520684 2073600 2073600 1 12 178538 994560 993600 53391 53537 55680 54199 20 20 12 12 2 4 4 4 4 1920 1080 
[ 9575.051185] MESSAGE_B= 0 4 4 85 1 1 192 0 248 179 0 1837 1714 1282 2015 1241 1300 826 1887 1078 1000 743 1166 889 803 610 1101 0 31 248 253 247 246 132 156 144 99 0 0 0 0 0 0 0 0 1 1 321036 742490 453070 287890 329314 452530 391236 437948 670480 615250 406774 369862 571930 613934 390624 513036 201902 1075538 474252 520684 2073600 2073600 1 12 178247 990720 993600 53453 53554 55523 54031 20 20 12 12 2 4 4 4 4 1920 1080 
[ 9575.331021] MESSAGE_B= 0 4 4 85 1 1 192 0 248 179 0 1837 1716 1282 2016 1237 1296 822 1884 1078 1000 744 1165 890 804 609 1101 0 31 248 253 247 246 132 156 144 100 0 0 0 0 0 0 0 0 1 1 311524 553574 453070 287890 329314 452530 391236 437948 670480 615250 406774 369862 571930 613934 390624 513036 201902 1075538 474252 520684 2073600 2073600 1 12 178538 994560 993600 53391 53537 55680 54199 20 20 12 12 2 4 4 4 4 1920 1080 
[ 9575.489994] MESSAGE_B= 0 4 4 85 1 1 192 0 248 179 0 1837 1716 1282 2016 1237 1296 822 1884 1078 1000 744 1165 890 804 609 1101 0 31 248 253 247 246 132 156 144 100 0 0 0 0 0 0 0 0 1 1 321036 742490 453070 287890 329314 452530 391236 437948 670480 615250 406774 369862 571930 613934 390624 513036 201902 1075538 474252 520684 2073600 2073600 1 12 178538 990720 993600 53391 53537 55680 54199 20 20 12 12 2 4 4 4 4 1920 1080 
[ 9575.776384] MESSAGE_B= 0 4 4 85 1 1 192 0 248 179 0 1837 1714 1282 2015 1241 1300 826 1887 1078 1000 743 1166 889 803 610 1101 0 31 248 253 247 246 132 156 144 99 0 0 0 0 0 0 0 0 1 1 311524 553574 453070 287890 329314 452530 391236 437948 670480 615250 406774 369862 571930 613934 390624 513036 201902 1075538 474252 520684 2073600 2073600 1 12 178247 994560 993600 53453 53554 55523 54031 20 20 12 12 2 4 4 4 4 1920 1080 
[ 9576.055002] MESSAGE_B= 0 4 4 85 1 1 192 0 248 179 0 1837 1716 1282 2016 1237 1296 822 1884 1078 1000 744 1165 890 804 609 1101 0 31 248 253 247 246 132 156 144 100 0 0 0 0 0 0 0 0 1 1 321036 742490 453070 287890 329314 452530 391236 437948 670480 615250 406774 369862 571930 613934 390624 513036 201902 1075538 474252 520684 2073600 2073600 1 12 178538 990720 993600 53391 53537 55680 54199 20 20 12 12 2 4 4 4 4 1920 1080 
[ 9576.333998] MESSAGE_B= 0 4 4 85 1 1 192 0 248 179 0 1837 1716 1282 2016 1237 1296 822 1884 1078 1000 744 1165 890 804 609 1101 0 31 248 253 247 246 132 156 144 100 0 0 0 0 0 0 0 0 1 1 311524 553574 453070 287890 329314 452530 391236 437948 670480 615250 406774 369862 571930 613934 390624 513036 201902 1075538 474252 520684 2073600 2073600 1 12 178538 994560 993600 53391 53537 55680 54199 20 20 12 12 2 4 4 4 4 1920 1080 
[ 9576.614005] MESSAGE_B= 0 4 4 85 1 1 192 0 248 179 0 1837 1714 1282 2015 1241 1300 826 1887 1078 1000 743 1166 889 803 610 1101 0 31 248 253 247 246 132 156 144 99 0 0 0 0 0 0 0 0 1 1 321036 742490 453070 287890 329314 452530 391236 437948 670480 615250 406774 369862 571930 613934 390624 513036 201902 1075538 474252 520684 2073600 2073600 1 12 178247 990720 993600 53453 53554 55523 54031 20 20 12 12 2 4 4 4 4 1920 1080 
[ 9576.894002] MESSAGE_B= 0 4 4 85 1 1 192 0 248 179 0 1837 1716 1282 2016 1237 1296 822 1884 1078 1000 744 1165 890 804 609 1101 0 31 248 253 247 246 132 156 144 100 0 0 0 0 0 0 0 0 1 1 311524 553574 453070 287890 329314 452530 391236 437948 670480 615250 406774 369862 571930 613934 390624 513036 201902 1075538 474252 520684 2073600 2073600 1 12 178538 994560 993600 53391 53537 55680 54199 20 20 12 12 2 4 4 4 4 1920 1080 
[ 9577.175994] MESSAGE_B= 0 4 4 85 1 1 192 0 248 179 0 1837 1714 1282 2015 1241 1300 826 1887 1078 1000 743 1166 889 803 610 1101 0 31 248 253 247 246 132 156 144 99 0 0 0 0 0 0 0 0 1 1 321036 742490 453070 287890 329314 452530 391236 437948 670480 615250 406774 369862 571930 613934 390624 513036 201902 1075538 474252 520684 2073600 2073600 1 12 178247 990720 993600 53453 53554 55523 54031 20 20 12 12 2 4 4 4 4 1920 1080 
[ 9577.334156] MESSAGE_B= 0 4 4 85 1 1 192 0 248 179 0 1837 1716 1282 2016 1237 1296 822 1884 1078 1000 744 1165 890 804 609 1101 0 31 248 253 247 246 132 156 144 100 0 0 0 0 0 0 0 0 1 1 311524 553574 453070 287890 329314 452530 391236 437948 670480 615250 406774 369862 571930 613934 390624 513036 201902 1075538 474252 520684 2073600 2073600 1 12 178538 994560 993600 53391 53537 55680 54199 20 20 12 12 2 4 4 4 4 1920 1080 
[ 9577.615007] MESSAGE_B= 0 4 4 85 1 1 192 0 248 179 0 1837 1714 1282 2015 1241 1300 826 1887 1078 1000 743 1166 889 803 610 1101 0 31 248 253 247 246 132 156 144 99 0 0 0 0 0 0 0 0 1 1 321036 742490 453070 287890 329314 452530 391236 437948 670480 615250 406774 369862 571930 613934 390624 513036 201902 1075538 474252 520684 2073600 2073600 1 12 178247 990720 993600 53453 53554 55523 54031 20 20 12 12 2 4 4 4 4 1920 1080 
[ 9577.904160] MESSAGE_B= 0 4 4 85 1 1 192 0 248 179 0 1837 1714 1282 2015 1241 1300 826 1887 1078 1000 743 1166 889 803 610 1101 0 31 248 253 247 246 132 156 144 99 0 0 0 0 0 0 0 0 1 1 311524 553574 453070 287890 329314 452530 391236 437948 670480 615250 406774 369862 571930 613934 390624 513036 201902 1075538 474252 520684 2073600 2073600 1 12 178247 994560 993600 53453 53554 55523 54031 20 20 12 12 2 4 4 4 4 1920 1080 
[ 9578.183001] MESSAGE_B= 0 4 4 85 1 1 192 0 248 179 0 1837 1714 1282 2015 1241 1300 826 1887 1078 1000 743 1166 889 803 610 1101 0 31 248 253 247 246 132 156 144 99 0 0 0 0 0 0 0 0 1 1 321036 742490 453070 287890 329314 452530 391236 437948 670480 615250 406774 369862 571930 613934 390624 513036 201902 1075538 474252 520684 2073600 2073600 1 12 178247 990720 993600 53453 53554 55523 54031 20 20 12 12 2 4 4 4 4 1920 1080 
[ 9578.463362] MESSAGE_B= 0 4 4 85 1 1 192 0 248 179 0 1837 1716 1282 2016 1237 1296 822 1884 1078 1000 744 1165 890 804 609 1101 0 31 248 253 247 246 132 156 144 100 0 0 0 0 0 0 0 0 1 1 311524 553574 453070 287890 329314 452530 391236 437948 670480 615250 406774 369862 571930 613934 390624 513036 201902 1075538 474252 520684 2073600 2073600 1 12 178538 994560 993600 53391 53537 55680 54199 20 20 12 12 2 4 4 4 4 1920 1080 
[ 9578.743001] MESSAGE_B= 0 4 4 85 1 1 192 0 248 179 0 1837 1714 1282 2015 1241 1300 826 1887 1078 1000 743 1166 889 803 610 1101 0 31 248 253 247 246 132 156 144 99 0 0 0 0 0 0 0 0 1 1 321036 742490 453070 287890 329314 452530 391236 437948 670480 615250 406774 369862 571930 613934 390624 513036 201902 1075538 474252 520684 2073600 2073600 1 12 178247 990720 993600 53453 53554 55523 54031 20 20 12 12 2 4 4 4 4 1920 1080 
[ 9579.024812] MESSAGE_B= 0 4 4 85 1 1 192 0 248 179 0 1837 1716 1282 2016 1237 1296 822 1884 1078 1000 744 1165 890 804 609 1101 0 31 248 253 247 246 132 156 144 100 0 0 0 0 0 0 0 0 1 1 311524 553574 453070 287890 329314 452530 391236 437948 670480 615250 406774 369862 571930 613934 390624 513036 201902 1075538 474252 520684 2073600 2073600 1 12 178538 994560 993600 53391 53537 55680 54199 20 20 12 12 2 4 4 4 4 1920 1080 

